11368.01 9892.95
11355.67 9883.15
11341.89 9872.21
11326.26 9859.49
11309.38 9845.05
11292.03 9829.02
11273.83 9810.74
11254.79 9790.95
11237.67 9766.97
11220.42 9741.21
11200.25 9715.04
11181.94 9687.83
11164.17 9659.45
11147.85 9630.75
11131.72 9601.16
11117.72 9570.42
11104.91 9539.64
11093.10 9508.11
11082.57 9476.20
11073.23 9444.19
11064.62 9411.76
11058.75 9378.46
11054.06 9344.94
11050.46 9312.12
11047.61 9278.61
11046.64 9244.56
11045.83 9210.72
11046.08 9177.02
11047.40 9144.46
11049.52 9110.67
11051.62 9077.11
11053.72 9043.65
11055.87 9009.35
11057.97 8975.09
11060.05 8941.32
11061.72 8907.58
11063.02 8874.04
11064.30 8840.84
11063.87 8807.05
11062.84 8773.65
11060.65 8740.36
11056.86 8707.14
11052.33 8674.03
11047.11 8641.34
11041.31 8608.63
11033.89 8575.94
11024.78 8543.00
11015.11 8510.74
11004.76 8478.59
10993.18 8446.32
10981.15 8414.51
10968.98 8382.38
10956.99 8350.76
10945.11 8319.86
10932.56 8288.77
10920.06 8257.82
10907.21 8225.99
10894.78 8195.21
10882.90 8163.43
10871.56 8131.95
10860.59 8100.69
10849.78 8068.67
10841.51 8035.39
10833.49 8003.12
10825.37 7970.43
10817.14 7937.29
10811.02 7904.66
10805.46 7871.15
10800.45 7837.58
10796.95 7804.38
10793.41 7771.00
10792.58 7737.20
10792.52 7703.49
10792.56 7669.64
10793.71 7635.54
10794.86 7601.34
10795.98 7568.21
10797.11 7534.76
10797.50 7501.59
10797.25 7468.32
10795.51 7435.01
10792.86 7401.86
10789.61 7368.16
10784.95 7334.61
10779.39 7301.67
10773.62 7268.50
10764.82 7235.60
10755.53 7203.02
10744.90 7171.09
10733.62 7139.14
10721.15 7108.19
10708.07 7077.07
10694.60 7046.60
10678.91 7017.15
10662.60 6987.82
10645.75 6958.85
10626.93 6930.88
10604.27 6904.26
10584.08 6876.68
10564.15 6849.48
10544.32 6822.40
10524.41 6795.23
10504.64 6767.60
10486.41 6738.92
10468.50 6710.73
10452.89 6680.54
10437.29 6650.22
10422.69 6619.85
10408.26 6589.12
10396.10 6557.12
10384.48 6525.56
10374.55 6493.24
10364.88 6461.15
10356.99 6428.93
10349.12 6396.74
10343.95 6362.81
10339.31 6329.36
10335.95 6295.61
10334.45 6262.37
10333.87 6228.21
10332.87 6194.43
10331.89 6160.98
10332.66 6126.77
10333.51 6092.89
10334.38 6058.64
10335.23 6024.58
10334.87 5991.47
10334.09 5957.42
10333.33 5924.02
10332.55 5889.98
10330.23 5856.69
10326.39 5822.60
10322.59 5788.97
10318.80 5755.44
10313.63 5721.97
10306.78 5688.66
10299.94 5655.41
10289.12 5624.79
10281.09 5591.89
10272.42 5559.47
10262.46 5527.02
10252.28 5495.41
10240.46 5464.28
10228.27 5432.19
10214.92 5400.77
10201.45 5369.33
10188.17 5338.33
10173.52 5308.55
10157.93 5279.00
10142.15 5249.38
10125.07 5219.82
10108.32 5190.86
10089.67 5162.15
10071.28 5134.67
10052.25 5106.64
10033.35 5079.29
10013.83 5051.03
9993.32 5023.88
9972.87 4997.16
9952.06 4969.98
9931.13 4944.01
9909.70 4918.12
9887.95 4891.87
9866.44 4865.89
9844.56 4839.47
9822.91 4813.32
9800.73 4787.25
9778.46 4761.55
9756.93 4736.22
9735.10 4710.44
9712.99 4684.34
9691.15 4658.55
9669.17 4632.59
9647.46 4606.95
9625.67 4581.23
9603.94 4555.53
9582.78 4529.06
9561.93 4503.00
9540.91 4476.72
9519.78 4449.87
9499.07 4422.71
9478.92 4395.54
9458.97 4368.13
9439.72 4339.94
9421.11 4312.55
9401.82 4284.16
9383.02 4255.54
9364.75 4227.18
9346.65 4199.10
9328.74 4170.68
9311.93 4141.90
9295.25 4113.34
9278.09 4083.97
9261.18 4055.01
9244.39 4025.69
9227.45 3995.95
9210.85 3966.80
9194.05 3937.29
9177.04 3907.93
9160.08 3879.50
9142.71 3850.38
9125.27 3821.15
9107.77 3791.80
9090.56 3762.95
9072.89 3734.33
9053.72 3706.20
9034.56 3678.09
9015.70 3650.42
8996.59 3622.80
8976.36 3596.66
8955.96 3570.30
8935.43 3544.13
8913.46 3517.94
8891.53 3492.48
8868.95 3468.12
8846.35 3443.74
8822.37 3419.57
8798.39 3396.08
8774.32 3372.82
8749.41 3350.53
8724.69 3328.43
8698.92 3307.48
8672.18 3286.26
8646.09 3265.63
8618.99 3245.71
8591.53 3225.53
8564.58 3206.21
8536.94 3188.09
8508.89 3170.41
8479.90 3152.84
8450.64 3136.40
8420.77 3119.61
8391.30 3104.42
8360.68 3088.92
8330.47 3073.75
8299.98 3059.40
8269.31 3046.23
8238.56 3033.75
8207.17 3021.01
8175.62 3009.53
8143.90 2998.48
8111.52 2987.67
8079.20 2977.93
8047.05 2969.12
8014.40 2960.63
7981.06 2952.69
7948.75 2945.66
7915.79 2938.93
7882.45 2932.87
7848.73 2927.45
7815.52 2923.49
7782.30 2919.57
7748.97 2917.18
7715.51 2914.78
7682.10 2913.90
7647.82 2913.31
7614.33 2913.57
7580.78 2914.44
7547.66 2916.28
7513.49 2918.80
7480.43 2921.72
7447.50 2926.04
7414.48 2931.09
7381.95 2936.45
7348.41 2942.64
7314.95 2949.40
7282.36 2957.02
7249.50 2965.69
7217.37 2974.91
7184.80 2984.96
7153.11 2995.03
7121.70 3005.53
7090.21 3017.02
7058.85 3028.59
7027.77 3040.06
6996.41 3051.96
6965.49 3063.83
6934.17 3075.94
6902.47 3088.11
6870.46 3100.45
6839.49 3112.39
6808.23 3124.43
6777.33 3136.34
6746.05 3148.40
6714.91 3159.83
6682.99 3171.43
6650.76 3182.96
6618.51 3194.30
6586.72 3205.08
6554.85 3215.42
6522.05 3225.74
6489.94 3234.98
6457.08 3244.27
6424.18 3253.14
6391.56 3261.68
6358.32 3269.80
6326.01 3277.32
6293.45 3284.56
6260.98 3291.56
6227.73 3297.94
6194.46 3304.00
6161.02 3309.68
6127.33 3315.40
6093.67 3320.73
6060.79 3325.36
6026.94 3330.13
5993.70 3334.63
5960.73 3338.94
5927.56 3343.14
5897.28 3346.82
5866.76 3350.54
5837.03 3354.15
5807.13 3357.79
5776.66 3361.50
5744.94 3365.36
5713.28 3369.22
5680.80 3373.17
5648.80 3377.45
5615.90 3385.69
5582.49 3390.66
5549.48 3392.19
5516.49 3397.25
5482.98 3402.92
5450.42 3408.63
5417.63 3414.90
5385.22 3421.37
5352.33 3428.63
5318.85 3436.03
5285.88 3444.97
5253.71 3453.75
5221.57 3463.28
5188.90 3473.12
5156.96 3483.10
5124.73 3493.93
5093.36 3505.15
5062.10 3516.41
5030.26 3528.63
4998.82 3541.26
4967.90 3553.83
4937.15 3567.16
4906.74 3580.77
4875.88 3594.98
4845.83 3609.90
4816.18 3624.62
4787.04 3640.17
4757.33 3656.11
4727.74 3672.88
4699.08 3689.68
4670.48 3706.43
4642.19 3724.45
4613.28 3742.93
4585.63 3761.39
4557.86 3780.17
4530.34 3799.69
4503.25 3819.28
4476.40 3839.51
4450.23 3859.79
4423.30 3880.68
4397.44 3901.86
4372.01 3923.43
4346.64 3945.64
4321.55 3968.85
4297.04 3991.79
4273.08 4014.88
4249.03 4038.67
4224.95 4062.50
4200.78 4086.63
4177.92 4111.36
4155.31 4136.96
4133.39 4162.22
4111.21 4188.05
4089.73 4213.80
4069.07 4239.66
4051.05 4268.35
4032.73 4292.02
4017.28 4313.29
4005.34 4331.57
3996.87 4346.79
3988.31 4362.32
3978.87 4377.65
3969.00 4393.10
3959.05 4408.67
3949.45 4423.69
3939.90 4438.64
3932.30 4454.03
3927.33 4470.75
3928.01 4487.93
3935.76 4504.18
3949.47 4515.71
3966.43 4520.45
3984.17 4517.81
3998.72 4507.95
4007.83 4493.10
4011.37 4475.65
4009.95 4457.35
4005.20 4440.33
3999.86 4422.67
3994.75 4406.05
3989.35 4388.45
3984.00 4371.34
3978.00 4354.56
3971.96 4337.63
3965.88 4320.62
3960.40 4303.15
3956.10 4286.13
3952.59 4268.16
3951.53 4250.20
3951.21 4232.01
3951.55 4214.48
3952.90 4196.20
3955.59 4179.10
3959.07 4162.18
3963.07 4144.31
3967.13 4126.92
3971.08 4110.03
3975.21 4092.41
3979.31 4074.87
3983.33 4057.67
3987.33 4040.55
3991.38 4023.22
3995.54 4005.47
3999.66 3987.85
4003.75 3969.85
4005.28 3951.75
4006.75 3934.37
4007.26 3916.61
4007.70 3898.22
4008.13 3879.85
4008.51 3861.65
4008.87 3844.04
4009.96 3826.81
4011.70 3809.37
4013.44 3792.01
4015.28 3773.61
4016.92 3755.89
4018.01 3737.77
4019.10 3719.56
4021.14 3701.98
4023.58 3684.23
4025.93 3667.12
4028.30 3649.86
4030.81 3631.61
4032.21 3613.95
4033.28 3594.51
4034.45 3573.16
4035.76 3549.47
4040.48 3524.81
4041.98 3497.71
4043.58 3468.71
4045.28 3437.96
4047.11 3404.77
4048.99 3370.72
4050.84 3337.29
4052.70 3303.50
4054.54 3270.27
4054.74 3236.35
4054.70 3202.76
4054.66 3169.21
4054.12 3135.66
4053.46 3102.56
4052.80 3068.86
4051.53 3035.43
4049.99 3002.02
4047.58 2968.05
4045.08 2934.31
4042.59 2900.63
4040.11 2867.14
4036.50 2833.47
4031.45 2799.78
4026.51 2766.81
4021.60 2734.06
4015.27 2701.73
4008.41 2669.23
4001.43 2636.22
3993.97 2604.04
3985.83 2571.72
3977.04 2539.88
3967.19 2507.14
3956.76 2475.35
3945.40 2443.76
3933.04 2411.95
3920.09 2381.08
3906.33 2350.08
3891.77 2320.42
3876.69 2290.96
3860.78 2261.79
3843.71 2233.00
3826.04 2203.96
3807.86 2176.09
3789.27 2148.26
3769.45 2121.57
3748.38 2095.05
3726.65 2068.65
3704.79 2043.70
3681.76 2018.78
3658.61 1994.82
3634.45 1971.84
3609.67 1949.62
3583.96 1928.21
3557.30 1907.07
3530.63 1886.48
3503.40 1867.06
3475.06 1848.30
3446.62 1830.48
3418.32 1813.20
3389.65 1796.70
3359.92 1780.47
3329.64 1765.71
3300.69 1749.20
