1794.40 9297.13
1810.74 9297.22
1828.54 9297.32
1848.38 9297.44
1869.66 9297.56
1893.37 9297.70
1919.28 9297.85
1946.82 9298.00
1975.98 9298.17
2007.94 9298.36
2040.10 9298.54
2072.40 9298.73
2104.91 9298.90
2137.89 9298.58
2170.81 9298.25
2203.28 9297.79
2236.38 9296.62
2268.38 9295.49
2300.56 9294.03
2333.33 9292.07
2365.02 9289.27
2397.91 9285.83
2430.14 9282.25
2462.82 9278.03
2494.58 9273.33
2526.53 9267.88
2558.41 9262.28
2590.85 9255.89
2623.28 9249.30
2655.44 9241.98
2686.80 9234.53
2717.71 9226.23
2749.06 9217.19
2780.45 9207.42
2810.87 9197.44
2841.07 9187.04
2871.23 9176.56
2901.50 9165.44
2932.10 9152.93
2962.19 9140.23
2992.63 9127.32
3022.13 9114.12
3051.83 9100.56
3081.29 9086.03
3110.70 9071.03
3138.86 9056.13
3167.20 9040.34
3195.94 9024.15
3223.67 9007.69
3252.74 8993.45
3280.55 8976.05
3307.86 8958.21
3335.10 8939.73
3361.40 8920.54
3387.24 8901.02
3413.03 8880.94
3438.14 8860.93
3463.10 8840.27
3485.52 8816.55
3509.50 8795.50
3532.86 8774.00
3555.92 8751.62
3578.88 8728.04
3600.74 8705.40
3622.94 8681.23
3644.23 8656.27
3665.09 8631.02
3684.03 8605.34
3703.22 8578.59
3721.70 8552.35
3739.08 8524.26
3756.13 8496.18
3771.27 8468.20
3786.58 8438.87
3800.80 8410.44
3813.39 8380.39
3824.10 8349.64
3834.57 8318.70
3844.76 8287.76
3853.33 8256.86
3861.31 8226.03
3868.82 8194.25
3874.05 8162.62
3879.23 8131.34
3882.06 8098.49
3883.88 8066.48
3884.73 8034.72
3885.60 8001.66
3885.53 7969.34
3884.60 7937.44
3883.65 7904.99
3882.27 7872.59
3880.05 7840.88
3876.10 7809.35
3871.70 7777.26
3867.28 7744.95
3866.35 7713.60
3860.63 7681.31
3854.93 7649.11
3849.23 7616.87
3843.66 7585.39
3838.00 7553.42
3832.26 7521.00
3826.52 7488.54
3817.59 7457.04
3811.90 7424.85
3806.31 7393.25
3800.70 7361.55
3795.06 7329.72
3789.35 7297.47
3783.62 7265.04
3778.07 7233.71
3772.39 7201.63
3766.73 7169.61
3761.08 7137.71
3755.36 7105.39
3749.80 7073.95
3744.12 7041.87
3738.42 7009.64
3732.71 6977.69
3727.07 6945.78
3721.41 6913.84
3715.85 6882.08
3710.22 6850.35
3704.64 6818.94
3699.10 6787.67
3693.33 6755.17
3687.73 6723.61
3682.17 6692.27
3676.56 6660.66
3670.89 6628.73
3665.26 6596.97
3659.69 6565.57
3653.98 6533.42
3648.40 6501.96
3642.86 6470.73
3637.30 6439.38
3631.16 6406.41
3625.67 6374.56
3620.65 6342.42
3619.16 6311.11
3614.22 6279.48
3609.23 6247.47
3604.28 6215.75
3599.17 6183.00
3594.58 6150.24
3587.51 6117.71
3583.78 6085.37
3580.11 6053.54
3576.42 6021.57
3573.00 5988.55
3570.32 5955.82
3567.66 5923.33
3565.02 5891.10
3562.31 5858.08
3560.16 5826.26
3558.81 5794.00
3557.46 5761.76
3556.14 5729.43
3556.11 5697.47
3556.08 5665.41
3556.05 5633.49
3556.01 5600.95
3557.21 5567.88
3559.00 5536.02
3561.42 5503.44
3563.79 5471.42
3567.24 5438.82
3570.71 5405.99
3574.07 5374.22
3578.55 5341.76
3583.33 5309.44
3588.79 5277.16
3594.62 5244.92
3600.52 5212.90
3607.24 5180.90
3613.83 5149.58
3621.03 5117.91
3628.99 5086.76
3637.15 5054.85
3646.53 5023.27
3655.85 4992.16
3665.57 4960.98
3676.02 4930.60
3686.71 4899.49
3697.70 4869.10
3709.29 4838.38
3721.14 4807.97
3733.42 4777.32
3745.75 4746.54
3759.05 4716.42
3772.58 4686.61
3786.21 4657.45
3800.96 4627.71
3812.66 4598.12
3827.10 4570.52
3839.45 4546.91
3850.31 4527.64
3859.05 4512.38
3866.57 4496.84
3874.10 4481.30
3883.10 4466.15
3892.43 4451.36
3901.86 4436.43
3911.17 4421.68
3919.83 4407.39
3928.31 4391.76
3936.41 4376.84
3944.44 4362.05
3952.71 4346.82
3960.77 4331.97
3968.29 4316.60
3975.03 4301.03
3981.56 4284.59
3987.29 4268.48
3992.98 4252.47
3996.79 4235.85
4000.55 4219.14
4003.37 4201.53
4005.84 4183.88
4007.37 4166.24
4008.87 4149.00
4009.78 4132.42
4010.56 4115.25
4010.60 4097.49
4010.43 4080.81
4010.53 4064.28
4011.07 4047.29
4011.62 4030.12
4012.18 4012.50
4012.72 3995.65
4013.26 3978.70
4013.79 3962.22
4014.39 3945.10
4015.67 3928.36
4016.98 3911.16
4018.29 3893.99
4019.55 3877.42
4021.02 3860.31
4022.53 3842.60
4023.41 3822.62
4024.32 3800.69
4025.32 3776.49
4026.39 3750.60
4030.84 3724.10
4032.05 3694.96
4033.33 3664.10
4034.65 3632.12
4036.30 3599.73
4038.09 3567.16
4039.91 3534.26
4045.01 3502.43
4046.77 3470.59
4048.53 3438.79
4050.34 3406.10
4052.16 3373.17
4053.97 3340.43
4055.75 3308.20
4057.53 3275.95
4058.05 3244.15
4058.01 3211.15
4057.97 3178.02
4057.61 3145.12
4056.96 3112.50
4056.33 3080.25
4052.13 3048.27
4050.61 3015.38
4048.68 2982.92
4046.34 2951.24
4043.93 2918.72
4041.56 2886.75
4039.17 2854.47
4034.91 2822.85
4030.04 2790.33
4025.23 2758.29
4020.34 2725.62
4013.78 2694.66
4007.13 2663.21
4000.31 2630.90
3992.83 2599.53
3984.90 2568.34
3976.36 2537.43
3967.12 2506.92
3957.19 2476.65
3946.27 2446.12
3934.81 2416.26
3922.25 2385.94
3909.31 2356.80
3895.06 2327.05
3880.37 2297.69
3865.05 2269.62
3848.80 2241.35
3832.06 2213.85
3814.64 2186.24
3796.84 2159.60
3778.02 2132.56
3758.22 2107.18
3737.48 2081.81
3716.67 2056.91
3694.65 2032.42
3672.15 2008.84
3649.03 1985.41
3625.42 1963.43
3600.74 1942.18
3575.41 1921.08
3549.94 1901.40
3524.30 1881.90
3498.43 1863.53
3471.11 1845.83
3443.54 1828.55
3415.64 1811.65
3387.23 1795.36
3358.33 1779.60
3328.73 1765.28
3301.47 1749.55
