1794.90 9297.13
1810.85 9297.22
1828.26 9297.32
1847.33 9297.43
1867.95 9297.55
1890.22 9297.68
1914.80 9297.82
1941.57 9297.97
1969.95 9298.14
2000.01 9298.31
2032.15 9298.50
2066.23 9298.69
2100.51 9298.89
2134.40 9298.61
2168.05 9298.28
2202.52 9297.82
2236.80 9296.61
2270.71 9295.41
2304.01 9293.84
2338.09 9291.65
2371.11 9288.74
2405.26 9285.01
2438.34 9281.22
2472.13 9276.67
2505.44 9271.59
2538.56 9265.77
2572.30 9259.65
2605.14 9252.98
2638.26 9246.07
2671.09 9238.26
2703.59 9230.26
2736.64 9220.81
2769.66 9210.78
2801.79 9200.53
2834.29 9189.40
2865.80 9178.45
2897.99 9166.73
2928.91 9154.27
2959.81 9141.24
2991.23 9127.91
3021.80 9114.26
3052.43 9100.26
3082.28 9085.54
3112.52 9070.07
3142.08 9054.43
3171.33 9038.01
3201.03 9021.29
3230.02 9003.72
3259.94 8988.94
3288.78 8970.83
3316.86 8952.26
3345.12 8932.73
3372.07 8912.48
3398.72 8892.34
3425.26 8871.19
3452.21 8849.64
3478.01 8827.43
3503.18 8805.45
3528.25 8782.84
3550.19 8757.51
3573.93 8733.13
3597.40 8708.97
3619.86 8684.58
3641.63 8659.38
3663.24 8633.44
3683.01 8606.72
3702.65 8579.40
3721.83 8552.17
3739.80 8523.08
3757.10 8494.59
3772.82 8465.29
3788.65 8434.73
3803.87 8404.30
3816.08 8372.67
3827.16 8340.86
3837.85 8308.74
3847.94 8276.54
3856.73 8244.46
3864.76 8211.45
3871.41 8178.56
3876.91 8145.32
3881.22 8111.31
3883.48 8076.88
3884.51 8042.97
3885.40 8009.51
3885.70 7975.05
3884.72 7941.62
3883.72 7907.31
3882.30 7872.92
3879.88 7838.59
3875.59 7805.66
3871.03 7772.31
3866.45 7738.91
3864.87 7705.23
3858.84 7671.17
3852.94 7637.85
3846.98 7604.15
3840.95 7570.10
3835.03 7536.63
3829.17 7503.51
3823.20 7469.79
3817.29 7436.38
3808.06 7403.17
3802.11 7369.56
3796.26 7336.47
3790.24 7302.47
3784.37 7269.33
3778.37 7235.39
3772.40 7201.68
3766.49 7168.26
3760.61 7135.03
3754.73 7101.84
3748.70 7067.76
3742.72 7033.98
3736.78 7000.41
3730.82 6966.97
3724.92 6933.63
3719.11 6900.83
3713.17 6866.98
3707.24 6833.56
3701.42 6800.75
3695.54 6767.65
3689.62 6734.25
3683.64 6700.58
3677.76 6667.40
3671.93 6634.58
3666.07 6601.56
3660.07 6567.74
3654.06 6533.83
3648.20 6500.83
3642.28 6467.43
3636.43 6434.49
3629.81 6399.83
3624.42 6366.57
3619.13 6332.70
3617.34 6299.49
3612.14 6266.13
3606.88 6232.37
3601.63 6198.71
3596.48 6165.72
3592.54 6132.51
3588.62 6098.58
3584.78 6065.26
3580.95 6032.13
3573.79 5998.21
3571.05 5964.69
3568.22 5930.19
3565.47 5896.59
3562.68 5862.56
3560.23 5828.10
3558.80 5793.76
3557.40 5760.40
3556.14 5726.17
3556.10 5692.64
3556.07 5658.65
3556.04 5624.03
3556.25 5590.45
3557.70 5556.54
3559.97 5522.87
3562.53 5488.44
3565.52 5455.16
3569.08 5421.42
3572.62 5387.93
3576.70 5354.23
3581.64 5320.85
3587.06 5286.73
3593.19 5252.83
3599.35 5218.74
3606.20 5185.89
3613.29 5152.15
3620.88 5118.51
3629.40 5085.17
3637.98 5051.85
3647.82 5018.96
3657.47 4986.74
3667.82 4954.46
3678.96 4922.04
3690.09 4889.65
3702.19 4857.20
3714.34 4825.01
3726.76 4793.93
3739.48 4762.20
3752.37 4731.16
3766.39 4700.25
3780.27 4669.64
3795.07 4639.32
3810.51 4609.46
3826.11 4579.53
3841.92 4549.31
3858.50 4520.21
3875.87 4491.17
3893.08 4462.34
3910.69 4432.87
3928.74 4403.55
3947.41 4374.69
3966.10 4346.47
3985.84 4319.10
4005.90 4291.28
4026.31 4264.44
4046.65 4237.87
4068.20 4211.01
4090.24 4184.65
4112.65 4158.94
4135.59 4132.98
4158.34 4107.24
4181.49 4082.37
4204.86 4058.31
4228.83 4034.32
4253.40 4009.99
4277.41 3986.82
4301.99 3963.65
4327.17 3940.88
4353.02 3918.00
4378.49 3896.46
4403.96 3874.93
4430.20 3853.55
4457.44 3832.82
4484.22 3812.59
4512.90 3795.72
4540.52 3775.50
4568.96 3756.34
4597.39 3737.19
4626.08 3718.93
4654.64 3700.83
4683.32 3683.54
4713.14 3666.08
4742.57 3649.05
4772.29 3633.12
4802.17 3617.11
4832.62 3601.82
4862.66 3586.96
4892.87 3572.57
4923.43 3558.70
4954.43 3544.72
4986.00 3531.89
5017.76 3518.98
5049.82 3506.46
5081.74 3494.76
5113.95 3483.37
5146.61 3472.34
5179.25 3462.04
5211.84 3452.09
5244.38 3442.15
5277.35 3433.36
5310.15 3424.66
5343.61 3416.78
5376.14 3409.29
5409.20 3402.24
5441.92 3395.78
5475.30 3389.62
5509.24 3383.72
5543.20 3378.46
5575.84 3373.69
5609.67 3368.80
5643.56 3363.90
5677.36 3359.44
5711.49 3355.32
5744.64 3348.00
5777.86 3344.00
5811.32 3339.97
5845.03 3335.91
5878.87 3331.83
5913.05 3327.72
5946.86 3323.59
5980.00 3319.24
6013.67 3314.78
6046.95 3310.02
6080.40 3305.19
6113.94 3300.26
6147.25 3295.07
6181.11 3289.28
6215.15 3283.21
6247.85 3276.74
6281.58 3269.68
6314.16 3262.48
6347.31 3254.90
6380.33 3246.47
6412.66 3237.89
6444.87 3228.95
6477.79 3219.44
6509.83 3209.78
6541.78 3199.78
6574.09 3189.29
6606.79 3178.39
6638.31 3167.25
6670.15 3155.90
6702.39 3144.24
6734.27 3132.71
6765.88 3120.49
6797.95 3108.07
6829.50 3095.85
6861.04 3083.64
6893.05 3071.24
6924.60 3059.02
6956.81 3046.55
6988.85 3034.24
7020.50 3022.36
7052.18 3011.07
7083.76 2999.82
7115.47 2988.53
7147.52 2977.50
7180.11 2966.84
7212.21 2957.15
7244.70 2947.55
7278.10 2938.71
7311.47 2930.88
7344.96 2923.42
7378.30 2917.20
7411.26 2911.97
7444.48 2910.48
7478.84 2906.55
7512.25 2899.81
7546.75 2897.26
7580.91 2895.49
7615.47 2894.30
7649.25 2894.02
7682.79 2895.00
7716.25 2896.14
7749.88 2898.49
7783.40 2900.84
7817.32 2904.77
7851.24 2908.81
7884.17 2913.98
7917.97 2920.08
7951.12 2927.10
7983.74 2934.32
8016.92 2942.08
8050.45 2950.48
8083.19 2959.56
8115.67 2969.36
8148.22 2980.10
8180.17 2990.87
8211.71 3001.75
8244.10 3013.47
8275.57 3026.06
8307.39 3039.04
8337.75 3054.18
8367.75 3069.48
8398.02 3085.23
8428.17 3100.97
8458.30 3117.47
8488.06 3134.05
8517.06 3151.06
8545.54 3168.51
8573.60 3186.71
8601.27 3206.36
8629.33 3226.64
8657.02 3246.64
8683.33 3267.41
8709.62 3288.45
8736.03 3310.71
8761.71 3332.70
8786.61 3355.51
8811.42 3378.82
8835.43 3402.17
8859.44 3426.47
8882.13 3451.33
8904.98 3476.37
8927.18 3502.54
8948.66 3528.72
8969.64 3556.10
8990.32 3583.74
9011.05 3611.45
9030.26 3638.82
9049.63 3666.57
9068.96 3694.28
9088.50 3722.27
9106.16 3751.12
9123.26 3780.05
9140.46 3809.18
9157.97 3838.80
9175.09 3867.78
9192.69 3897.57
9209.66 3927.07
9226.08 3956.13
9242.90 3985.90
9259.61 4015.47
9276.71 4045.35
9293.82 4074.23
9311.16 4103.51
9328.40 4132.61
9345.65 4161.73
9363.87 4190.40
9382.30 4219.22
9400.78 4248.11
9419.92 4276.94
9439.08 4305.04
9458.27 4333.19
9477.62 4361.07
9497.36 4388.36
9517.62 4415.55
9538.43 4443.06
9559.87 4470.14
9581.26 4497.10
9602.70 4524.12
9624.30 4550.80
9645.91 4576.22
9667.68 4601.82
9689.55 4627.55
9711.62 4653.51
9733.83 4679.63
9756.20 4705.94
9778.14 4731.74
9800.47 4758.01
9822.46 4783.89
9844.34 4810.07
9866.14 4836.31
9887.52 4862.04
9909.42 4888.40
9931.51 4914.98
9952.82 4940.63
9973.95 4967.75
9994.47 4994.79
10014.71 5021.47
10034.60 5048.45
10054.31 5076.18
10073.88 5103.70
10092.73 5132.03
10111.05 5160.00
10128.67 5188.55
10145.77 5217.50
10163.05 5247.34
10178.63 5277.81
10194.16 5308.18
10208.63 5339.53
10222.37 5370.26
10236.07 5400.91
10249.58 5432.63
10261.11 5464.14
10272.94 5496.64
10282.49 5529.12
10292.06 5561.71
10300.32 5594.34
10308.39 5627.10
10316.16 5660.06
10323.14 5693.05
10330.12 5726.08
10334.81 5759.39
10338.93 5793.70
10342.95 5827.26
10346.99 5860.97
10348.81 5895.50
10349.46 5929.15
10350.12 5963.64
10350.78 5998.16
10350.83 6031.63
10350.19 6065.45
10349.55 6099.41
10348.92 6133.16
10348.61 6167.07
10349.40 6201.29
10350.18 6235.42
10350.95 6268.88
10353.30 6302.33
10356.71 6335.93
10362.48 6369.75
10368.67 6403.08
10375.83 6436.62
10383.85 6469.41
10393.36 6502.07
10403.84 6534.62
10415.82 6565.78
10429.04 6597.24
10443.19 6628.03
10458.60 6658.08
10474.38 6688.05
10491.74 6717.86
10510.13 6746.89
10529.53 6775.50
10549.63 6802.97
10569.49 6830.11
10589.32 6857.22
10609.32 6884.55
10628.54 6911.84
10648.25 6940.28
10665.60 6968.76
10682.87 6998.03
10698.55 7028.29
10712.98 7058.05
10727.23 7089.19
10739.75 7120.92
10751.67 7152.89
10762.53 7185.44
10772.71 7217.95
10781.59 7251.14
10789.12 7284.82
10794.92 7318.43
10800.15 7352.48
10804.29 7386.28
10807.12 7420.18
10808.86 7454.06
10809.60 7488.68
10809.94 7522.12
10808.81 7556.39
10807.70 7590.10
10806.55 7624.65
10805.42 7659.08
10804.31 7693.28
10805.40 7726.91
10807.40 7761.08
10806.00 7794.46
10807.96 7827.94
10811.35 7861.80
10816.34 7896.00
10821.48 7929.15
10830.17 7962.23
10838.82 7995.11
10847.49 8028.09
10856.01 8060.46
10866.30 8092.38
10877.31 8124.36
10889.55 8156.45
10901.71 8188.22
10914.51 8220.12
10927.08 8251.45
10942.93 8282.12
10955.45 8313.33
10967.50 8344.53
10979.57 8376.28
10991.54 8407.75
11003.54 8439.31
11015.45 8471.51
11025.97 8503.35
11035.45 8536.18
11044.19 8569.38
11051.82 8602.52
11058.33 8636.38
11064.26 8669.27
11068.50 8702.57
11072.50 8736.42
11074.42 8770.53
11075.58 8803.98
11076.58 8837.85
11075.97 8871.99
11074.33 8905.37
11072.20 8939.42
11070.09 8973.17
11068.01 9006.37
11065.93 9039.59
11063.79 9073.79
11061.89 9107.95
11060.05 9141.44
11058.71 9175.24
11058.75 9209.61
11058.79 9243.45
11059.56 9277.50
11062.53 9311.32
11066.21 9344.86
11070.87 9378.14
11077.38 9411.54
11085.76 9444.73
11095.15 9476.77
11105.96 9509.09
11118.20 9540.52
11132.23 9572.02
11147.19 9602.85
11163.22 9632.61
11180.04 9661.43
11195.60 9690.57
11215.74 9717.86
11236.76 9744.58
11258.55 9770.56
11281.14 9795.37
11304.16 9819.41
11329.68 9842.37
11355.57 9863.46
