6943.84 1860.14
6939.73 1875.86
6935.17 1893.25
6930.20 1912.21
6924.82 1932.74
6918.98 1955.05
6912.46 1979.72
6905.36 2006.58
6897.50 2034.80
6887.87 2064.34
6877.72 2095.48
6866.79 2128.28
6854.39 2162.95
6844.48 2198.12
6833.25 2228.40
6823.76 2254.52
6818.63 2277.23
6813.78 2298.78
6807.27 2319.99
6800.51 2341.22
6793.45 2363.43
6786.77 2384.42
6779.79 2406.37
6772.93 2427.92
6766.16 2449.21
6759.71 2471.57
6753.57 2493.00
6747.44 2514.85
6741.52 2536.73
6735.63 2558.51
6730.87 2581.29
6726.23 2603.91
6722.21 2626.77
6718.58 2649.30
6715.49 2672.05
6712.87 2694.03
6712.00 2717.21
6712.42 2739.08
6716.28 2761.55
6722.11 2782.89
6730.30 2804.38
6739.91 2825.35
6751.12 2845.62
6763.89 2863.66
6777.36 2881.09
6792.39 2898.86
6808.01 2915.72
6824.09 2932.40
6841.88 2944.21
6859.87 2957.31
6878.43 2969.02
6898.22 2978.71
6919.01 2986.49
6940.93 2993.08
6962.83 2996.86
6985.10 2999.31
7007.53 2999.43
7030.20 2997.55
7052.21 2993.72
7074.39 2986.96
7095.83 2981.10
7118.43 2977.62
7140.83 2972.78
7161.93 2965.73
7184.00 2958.36
7205.22 2951.99
7227.17 2946.25
7249.30 2940.47
7270.75 2934.86
7293.53 2930.23
7316.08 2926.17
7338.68 2921.27
7363.30 2916.39
7390.83 2911.87
7419.84 2907.26
7450.53 2906.46
7483.42 2902.76
7518.68 2899.15
7555.74 2896.75
7594.42 2894.98
7634.78 2894.10
7676.60 2894.82
7718.61 2896.30
7761.92 2899.34
7804.55 2903.26
7847.01 2908.30
7889.06 2914.77
7931.03 2922.85
7972.93 2931.90
8014.55 2941.50
8056.04 2952.03
8097.13 2963.54
8137.78 2976.58
8178.01 2990.14
8218.36 3004.15
8258.51 3019.16
8297.62 3034.98
8336.65 3053.63
8374.54 3072.97
8412.10 3092.58
8449.81 3112.74
8487.26 3133.61
8523.75 3155.01
8559.48 3177.53
8595.03 3201.86
8629.37 3226.66
8663.87 3251.83
8697.16 3278.49
8730.40 3305.93
8763.14 3334.01
8794.82 3363.14
8825.72 3392.40
8855.98 3422.85
8884.87 3454.34
8913.30 3485.62
8938.51 3516.35
8961.73 3551.03
8986.88 3584.64
9012.27 3618.80
9036.46 3653.46
9061.25 3688.99
9085.90 3724.32
9108.04 3760.79
9129.95 3797.88
9151.71 3834.71
9173.10 3870.91
9194.76 3907.56
9215.99 3944.97
9237.09 3982.32
9258.05 4019.42
9279.27 4056.14
9300.71 4092.35
9322.47 4129.08
9344.00 4165.42
9367.06 4201.51
9390.40 4238.00
9414.03 4274.16
9438.28 4309.73
9462.05 4344.58
9486.38 4378.81
9511.54 4412.97
9537.27 4446.97
9563.79 4480.38
9592.07 4510.73
9618.51 4543.99
9646.41 4576.80
9674.00 4609.25
9702.12 4642.33
9729.60 4674.65
9756.84 4706.69
9784.18 4738.86
9811.47 4770.96
9839.31 4804.03
9866.26 4836.45
9893.46 4869.19
9920.80 4902.10
9947.67 4934.43
9973.96 4967.76
9999.96 5002.02
10025.62 5035.84
10050.58 5070.93
10075.30 5105.69
10098.84 5141.35
10122.26 5177.69
10144.08 5214.65
10165.53 5252.18
10184.97 5290.21
10203.90 5328.95
10221.40 5368.10
10238.58 5406.54
10254.52 5446.13
10269.16 5486.15
10281.79 5526.77
10293.75 5567.63
10304.02 5609.36
10314.09 5650.26
10323.04 5692.61
10331.85 5734.61
10336.95 5777.19
10342.10 5820.22
10347.11 5861.94
10348.98 5904.37
10349.80 5946.87
10350.61 5989.51
10350.81 6032.23
10350.00 6075.47
10349.20 6118.22
10348.47 6160.74
10349.44 6203.30
10350.42 6245.92
10351.96 6288.97
10356.27 6331.85
10363.13 6373.55
10371.33 6415.51
10380.27 6457.10
10392.23 6498.21
10405.53 6539.02
10420.71 6578.51
10438.24 6617.26
10456.94 6654.94
10476.63 6692.31
10498.69 6728.83
10522.11 6765.35
10547.08 6799.49
10572.56 6834.32
10597.57 6868.50
10622.32 6902.87
10646.60 6937.89
10669.10 6974.63
10690.09 7011.95
10709.07 7049.70
10726.80 7088.11
10742.23 7127.21
10756.46 7167.25
10770.09 7208.18
10781.30 7250.07
10790.58 7292.46
10797.50 7335.20
10803.28 7378.00
10807.17 7421.22
10809.29 7464.04
10809.83 7507.12
10809.03 7549.80
10807.61 7592.82
10806.17 7636.27
10804.81 7678.59
10805.08 7721.47
10807.60 7764.46
10806.72 7806.72
10809.57 7849.62
10815.69 7891.56
10822.64 7933.57
10833.44 7974.66
10844.30 8015.93
10855.19 8057.36
10868.44 8098.58
10882.75 8138.62
10898.17 8179.05
10914.09 8219.09
10929.85 8258.38
10945.85 8298.23
10961.43 8337.84
10976.47 8377.39
10991.46 8416.80
11006.47 8456.28
11020.18 8496.06
11032.21 8536.86
11043.01 8578.65
11051.92 8620.51
11059.88 8661.60
11065.33 8703.79
11070.02 8746.27
11071.75 8788.52
11073.20 8830.50
11072.65 8873.06
11070.36 8915.96
11067.69 8958.68
11065.04 9001.00
11062.36 9043.88
11059.76 9086.86
11057.38 9129.86
11055.41 9172.06
11055.45 9214.66
11055.51 9256.70
11058.21 9299.79
11062.42 9340.83
11067.82 9379.75
11075.21 9416.38
11083.88 9450.73
11096.60 9481.56
11107.26 9512.78
11119.87 9544.37
11133.41 9574.51
11147.05 9602.59
11161.87 9630.11
11177.61 9657.68
11193.35 9684.24
11209.78 9709.78
11228.37 9734.49
11247.75 9757.81
11267.60 9780.51
11288.37 9803.31
11309.16 9824.10
11332.02 9844.37
11356.01 9863.80
