3293.69 1730.05
3308.82 1736.60
3326.46 1744.23
3345.66 1753.21
3366.93 1763.75
3389.26 1775.56
3412.75 1788.56
3438.47 1803.50
3465.61 1820.30
3494.73 1838.40
3524.12 1858.83
3552.77 1880.19
3580.84 1901.78
3608.27 1924.61
3634.49 1947.15
3660.40 1970.75
3684.73 1995.10
3708.84 2020.32
3732.55 2046.66
3755.08 2073.88
3777.03 2101.20
3798.29 2128.99
3818.40 2158.48
3838.06 2187.33
3856.21 2217.31
3874.31 2247.56
3890.95 2278.25
3907.11 2310.31
3922.37 2342.49
3937.18 2374.47
3950.53 2406.36
3963.29 2439.40
3975.29 2472.80
3986.07 2505.78
3996.25 2539.45
4005.67 2572.72
4014.21 2607.44
4021.76 2641.09
4028.98 2674.77
4036.40 2709.39
4042.16 2744.47
4047.05 2779.60
4051.99 2815.05
4056.87 2850.24
4060.22 2885.38
4062.85 2920.22
4062.11 2955.07
4064.71 2989.57
4066.51 3023.96
4068.27 3058.85
4068.63 3093.86
4069.00 3129.51
4069.33 3165.32
4069.11 3201.06
4068.88 3236.26
4068.52 3271.38
4070.47 3306.76
4069.12 3342.06
4067.76 3377.56
4066.42 3412.49
4065.06 3447.89
4063.70 3483.49
4062.37 3518.26
4061.06 3552.60
4062.90 3587.75
4060.89 3619.09
4059.09 3647.20
4057.58 3670.81
4056.82 3689.95
4057.46 3708.77
4058.11 3727.70
4058.03 3745.62
4057.57 3764.41
4057.12 3782.92
4056.66 3801.38
4055.60 3819.83
4054.49 3837.95
4053.59 3855.90
4055.79 3873.88
4058.27 3892.14
4060.66 3910.11
4063.96 3928.21
4068.18 3945.81
4075.79 3963.02
4084.75 3979.03
4098.19 3990.75
4114.44 3999.40
4132.66 4004.37
4151.74 4005.46
4170.47 4003.91
4189.30 4001.67
4208.15 3998.15
4226.11 3993.97
4243.76 3989.66
4260.23 3982.23
4275.69 3971.47
4290.43 3960.63
4305.69 3948.99
4320.64 3937.30
4335.00 3925.44
4349.23 3913.69
4363.06 3902.27
4377.33 3890.49
4391.58 3878.75
4406.46 3867.45
4420.74 3856.59
4437.23 3844.05
4455.12 3830.44
4474.29 3815.85
4495.41 3800.30
4519.20 3787.02
4543.70 3769.38
4570.47 3751.35
4599.23 3732.03
4629.05 3713.14
4658.51 3694.47
4688.49 3676.68
4719.33 3658.64
4750.47 3641.07
4782.04 3624.16
4812.62 3608.04
4843.81 3592.61
4875.42 3576.97
4907.36 3562.37
4938.78 3548.11
4971.21 3534.34
5003.46 3521.22
5036.81 3508.00
5069.41 3495.62
5102.51 3483.91
5136.16 3472.24
5169.80 3461.47
5202.90 3451.37
5236.25 3441.19
5270.55 3431.75
5305.01 3422.61
5338.91 3414.48
5372.97 3406.63
5407.72 3399.17
5441.80 3392.45
5476.15 3386.13
5510.86 3380.09
5545.15 3374.84
5579.74 3369.79
5613.99 3364.84
5648.55 3359.84
5683.97 3355.31
5718.51 3351.15
5752.88 3347.01
5787.34 3342.86
5821.62 3338.73
5857.08 3334.46
5891.26 3330.34
5926.68 3326.07
5962.09 3321.59
5996.76 3317.04
6031.49 3312.23
6065.94 3307.25
6099.99 3302.40
6134.28 3297.05
6168.92 3291.37
6203.02 3285.54
6238.06 3278.68
6272.58 3271.68
6306.35 3264.21
6340.73 3256.58
6374.67 3247.91
6408.58 3239.02
6443.00 3229.47
6476.83 3219.73
6511.09 3209.40
6544.99 3198.74
6578.12 3187.98
6612.00 3176.55
6645.68 3164.65
6678.63 3152.84
6711.80 3140.84
6744.78 3128.67
6777.40 3116.03
6810.52 3103.20
6843.45 3090.45
6876.15 3077.78
6909.14 3065.01
6942.27 3052.18
6975.30 3039.38
7007.90 3027.09
7041.43 3014.90
7074.55 3003.10
7107.86 2991.24
7141.60 2979.44
7175.55 2968.33
7208.39 2958.28
7242.17 2948.30
7276.03 2939.24
7310.43 2931.13
7344.53 2923.50
7378.48 2917.18
7412.96 2911.70
7448.18 2910.05
7483.28 2906.09
7518.10 2902.53
7552.62 2896.93
7587.91 2895.23
7623.24 2894.22
7658.67 2894.30
7693.47 2895.31
7728.11 2896.97
7762.59 2899.38
7797.42 2902.41
7832.06 2906.53
7866.43 2911.12
7901.54 2916.79
7935.59 2923.81
7970.29 2931.31
8004.41 2939.03
8038.93 2947.45
8073.33 2956.83
8107.36 2966.75
8140.79 2977.59
8174.26 2988.88
8207.71 3000.30
8240.66 3012.23
8273.24 3025.12
8306.25 3038.47
8337.06 3053.83
8368.21 3069.72
8399.05 3085.77
8430.03 3101.94
8460.68 3118.80
8491.13 3135.77
8521.92 3153.93
8551.67 3172.48
8580.98 3191.91
8609.79 3212.52
8637.70 3232.68
8665.51 3253.15
8692.44 3274.70
8719.32 3296.55
8745.64 3318.84
8772.20 3342.30
8798.38 3366.50
8824.06 3390.77
8848.51 3415.33
8872.11 3440.36
8895.39 3465.86
8919.11 3492.71
8941.64 3520.16
8963.78 3548.25
8985.06 3576.71
9006.33 3605.13
9026.88 3633.99
9047.18 3663.07
9067.68 3692.44
9088.02 3721.58
9106.18 3751.15
9123.76 3780.91
9141.58 3811.07
9159.50 3841.39
9177.18 3871.32
9194.69 3900.94
9212.20 3931.56
9229.30 3961.82
9246.27 3991.86
9263.46 4022.27
9281.06 4052.69
9299.19 4083.29
9316.81 4113.05
9335.07 4143.88
9353.58 4174.32
9372.84 4204.43
9391.91 4234.24
9411.20 4264.15
9430.84 4292.96
9450.30 4321.49
9470.29 4350.81
9490.60 4379.01
9511.64 4407.63
9533.26 4436.22
9554.83 4463.79
9576.44 4491.02
9598.05 4518.27
9620.35 4546.16
9643.50 4573.38
9666.66 4600.63
9689.00 4626.90
9712.10 4654.07
9734.52 4680.44
9757.67 4707.67
9780.61 4734.65
9803.61 4761.71
9826.48 4788.62
9848.93 4815.60
9871.79 4843.12
9894.42 4870.34
9916.71 4897.17
9939.44 4924.53
9961.49 4951.32
9982.77 4979.36
10003.73 5007.00
10025.01 5035.05
10045.43 5063.69
10065.99 5092.59
10085.75 5121.37
10104.89 5150.60
10123.64 5180.03
10141.28 5209.90
10158.97 5239.87
10174.97 5270.65
10190.99 5302.00
10205.94 5333.51
10220.01 5364.99
10234.17 5396.66
10248.10 5428.57
10260.32 5461.99
10272.42 5495.06
10282.40 5528.85
10292.27 5562.41
10300.93 5596.79
10309.49 5631.55
10317.51 5666.43
10324.74 5700.63
10331.89 5734.97
10336.12 5770.25
10340.34 5805.48
10344.51 5840.27
10348.43 5875.42
10349.09 5910.19
10349.75 5944.68
10350.41 5979.12
10351.08 6013.79
10350.49 6049.27
10349.83 6084.64
10349.17 6119.75
10348.51 6155.10
10349.13 6189.81
10349.94 6224.82
10350.74 6259.60
10352.59 6295.29
10356.16 6330.72
10361.66 6364.93
10367.79 6398.95
10375.27 6434.01
10383.52 6468.28
10393.16 6501.38
10403.89 6534.74
10416.73 6568.14
10430.47 6600.36
10444.95 6631.85
10461.16 6662.95
10477.30 6693.58
10495.43 6723.69
10514.19 6753.29
10534.19 6781.86
10554.94 6810.23
10575.27 6838.02
10595.60 6865.80
10616.66 6894.71
10636.49 6923.31
10655.66 6952.10
10673.55 6982.08
10690.52 7012.79
10706.57 7044.38
10721.02 7075.33
10734.29 7107.09
10747.38 7140.38
10758.47 7173.27
10769.47 7206.23
10778.82 7240.81
10787.28 7275.21
10793.66 7310.22
10799.02 7345.11
10803.52 7380.00
10806.80 7414.79
10808.61 7449.19
10809.54 7484.03
10809.98 7518.74
10808.91 7553.35
10807.75 7588.48
10806.59 7623.61
10805.44 7658.52
10804.29 7693.60
10805.51 7728.75
10807.52 7762.99
10806.17 7797.34
10808.20 7832.09
10812.16 7867.35
10817.33 7902.80
10823.46 7936.69
10832.55 7971.27
10841.53 8005.41
10850.34 8038.91
10859.51 8072.64
10870.86 8105.62
10882.70 8138.50
10895.04 8170.85
10907.60 8202.91
10920.55 8235.19
10933.88 8268.42
10946.87 8300.80
10959.73 8333.38
10975.47 8365.48
10987.95 8398.32
11000.21 8430.55
11012.43 8462.68
11023.77 8496.39
11033.81 8530.18
11042.94 8564.17
11051.04 8598.46
11057.60 8632.58
11063.95 8666.77
11068.41 8701.83
11072.51 8736.55
11074.44 8771.20
11075.67 8806.39
11076.52 8841.28
11075.89 8876.54
11073.94 8911.64
11071.76 8946.44
11069.56 8981.58
11067.37 9016.54
11065.18 9051.51
11063.10 9086.09
11061.16 9121.28
11059.25 9155.94
11058.73 9190.35
11058.77 9225.01
11058.82 9260.53
11061.19 9296.08
11064.66 9331.56
11068.65 9365.71
11075.03 9399.94
11083.02 9433.86
11092.42 9467.75
11103.24 9501.37
11115.45 9534.18
11129.70 9566.66
11145.00 9598.76
11161.91 9630.17
11179.61 9660.77
11196.47 9691.75
11217.12 9719.73
11239.35 9747.70
11262.18 9774.55
11285.63 9800.30
11310.58 9825.43
11337.04 9848.63
11364.46 9870.44
