6943.84 1860.14
6939.70 1875.96
6935.11 1893.47
6929.96 1913.13
6924.14 1935.36
6917.81 1959.50
6910.91 1985.58
6903.39 2014.04
6894.38 2044.37
6883.93 2076.42
6872.70 2110.90
6859.90 2146.86
6850.60 2181.48
6839.75 2210.86
6830.44 2236.00
6823.16 2257.06
6818.30 2278.69
6813.47 2300.18
6806.77 2321.56
6800.14 2342.41
6793.37 2363.68
6786.58 2385.03
6779.98 2405.75
6773.58 2425.89
6767.05 2446.39
6760.88 2467.46
6754.87 2488.46
6748.84 2509.69
6743.17 2530.64
6737.39 2552.03
6732.62 2572.76
6728.26 2594.01
6724.05 2615.89
6720.50 2636.90
6717.34 2658.48
6714.40 2680.13
6712.59 2701.57
6711.79 2723.07
6713.37 2744.59
6717.25 2766.49
6723.27 2786.83
6731.23 2806.54
6740.26 2826.07
6750.71 2845.04
6763.14 2862.61
6776.59 2880.11
6790.34 2896.59
6804.87 2912.46
6820.19 2928.35
6837.14 2940.76
6854.72 2953.56
6872.85 2965.75
6892.70 2976.12
6912.69 2984.22
6933.10 2990.79
6953.80 2995.54
6974.73 2998.61
6996.45 2999.71
7017.90 2998.68
7038.88 2996.75
7059.81 2991.40
7079.95 2985.26
7101.12 2980.30
7122.22 2977.00
7143.46 2971.90
7163.98 2965.04
7184.27 2958.27
7205.12 2952.01
7225.84 2946.60
7247.49 2940.94
7268.24 2935.52
7289.21 2930.94
7310.45 2927.42
7331.11 2922.84
7352.83 2918.48
7376.66 2914.12
7402.57 2910.00
7430.91 2907.21
7461.97 2908.48
7495.37 2904.85
7531.16 2901.45
7568.93 2899.31
7608.13 2897.77
7649.71 2897.34
7691.04 2898.54
7731.81 2900.54
7773.17 2903.44
7813.51 2907.65
7853.73 2912.43
7894.23 2918.95
7934.70 2927.00
7975.21 2935.79
8015.51 2945.13
8055.86 2955.40
8095.47 2966.47
8134.25 2978.87
8173.08 2991.96
8212.30 3005.47
8251.17 3019.75
8289.40 3031.66
8326.53 3048.58
8363.45 3067.28
8400.33 3086.44
8436.50 3105.32
8471.86 3125.03
8507.12 3145.19
8542.32 3166.43
8576.88 3189.02
8610.54 3213.06
8644.09 3237.30
8676.91 3262.28
8708.47 3287.53
8740.07 3314.12
8770.91 3341.12
8800.57 3368.57
8830.11 3396.82
8859.07 3426.06
8886.83 3456.48
8914.65 3487.28
8940.25 3518.47
8966.03 3551.26
8990.84 3584.43
9015.42 3617.57
9038.90 3651.21
9062.18 3684.56
9085.66 3718.19
9107.34 3753.11
9128.30 3788.58
9149.47 3824.41
9170.06 3859.27
9190.58 3894.00
9211.25 3929.88
9231.52 3965.75
9251.85 4001.73
9271.90 4037.21
9292.86 4072.60
9313.44 4107.35
9334.40 4142.75
9355.62 4177.51
9377.62 4211.90
9399.45 4246.04
9422.15 4280.22
9444.97 4313.68
9467.93 4347.35
9491.83 4380.71
9515.93 4413.32
9541.03 4446.40
9566.43 4478.41
9591.77 4510.35
9617.19 4542.39
9643.74 4573.66
9670.44 4605.07
9697.01 4636.32
9723.74 4667.76
9750.17 4698.84
9776.48 4729.80
9802.97 4760.96
9829.59 4792.32
9855.39 4823.38
9881.31 4854.57
9907.45 4886.03
9933.65 4917.56
9959.56 4948.78
9984.62 4981.80
10009.27 5014.30
10034.05 5047.69
10057.51 5080.68
10081.33 5114.62
10103.61 5148.63
10125.58 5183.31
10146.09 5218.05
10166.46 5254.01
10184.88 5290.05
10203.15 5327.28
10220.11 5365.20
10236.82 5402.60
10252.49 5440.58
10266.49 5478.85
10279.04 5517.39
10290.18 5555.29
10299.67 5591.67
10305.83 5630.52
10314.65 5668.87
10323.26 5709.58
10330.32 5749.65
10335.27 5790.95
10340.23 5832.34
10345.08 5873.19
10345.87 5914.26
10346.64 5954.55
10347.43 5995.75
10347.42 6037.15
10346.66 6077.48
10345.90 6117.95
10345.14 6159.44
10346.09 6201.10
10347.03 6242.22
10348.05 6283.15
10352.22 6324.52
10358.42 6365.59
10368.87 6404.01
10377.30 6443.49
10387.76 6482.85
10399.28 6522.44
10413.96 6560.94
10429.82 6598.94
10446.91 6635.90
10466.32 6672.75
10486.31 6709.29
10508.56 6744.41
10531.58 6778.30
10555.80 6811.40
10580.42 6845.05
10604.23 6877.60
10628.20 6911.34
10651.42 6945.00
10672.50 6980.32
10692.52 7016.66
10710.51 7052.73
10727.79 7090.62
10742.94 7129.02
10756.82 7168.32
10769.63 7206.70
10780.31 7246.36
10789.50 7286.84
10796.30 7327.40
10802.08 7368.16
10806.33 7408.76
10808.61 7449.33
10809.62 7490.58
10809.63 7531.45
10808.26 7572.91
10806.92 7613.59
10805.54 7655.24
10804.19 7696.75
10806.05 7737.95
10805.09 7778.83
10807.46 7819.42
10811.16 7860.53
10817.15 7901.55
10824.66 7941.24
10835.19 7981.29
10845.57 8020.79
10855.93 8060.18
10868.63 8099.13
10882.18 8137.12
10897.00 8175.99
10912.05 8214.01
10927.22 8251.80
10942.51 8289.93
10957.75 8328.18
10972.57 8367.14
10987.01 8405.12
11001.81 8444.02
11015.71 8482.72
11028.11 8522.45
11038.80 8561.43
11048.15 8600.92
11055.83 8640.85
11062.34 8680.30
11067.47 8720.58
11071.28 8761.99
11072.25 8803.06
11073.16 8844.48
11072.27 8885.53
11069.71 8926.33
11067.20 8966.57
11064.65 9007.23
11062.06 9048.71
11059.64 9089.01
11057.38 9129.83
11055.41 9170.68
11055.45 9211.57
11055.51 9253.04
11060.89 9292.60
11064.85 9333.19
11069.98 9373.49
11077.92 9413.67
11088.10 9453.42
11099.91 9491.92
11113.55 9529.78
11130.20 9567.71
11148.30 9604.91
11167.68 9640.89
11189.07 9675.39
11209.77 9709.77
11235.21 9742.73
11261.81 9774.14
11289.87 9804.96
11318.82 9833.14
11350.71 9859.65
