11368.40 9893.26
11355.56 9883.07
11340.52 9871.13
11324.06 9857.61
11306.38 9842.33
11287.82 9825.12
11268.55 9805.26
11248.16 9784.13
11227.25 9759.65
11205.70 9732.97
11183.36 9703.88
11163.73 9671.34
11147.00 9635.94
11131.57 9600.82
11115.66 9565.58
11101.02 9530.27
11088.16 9494.26
11076.71 9456.79
11066.46 9418.70
11059.19 9380.95
11053.76 9342.63
11049.91 9304.43
11047.25 9266.08
11046.15 9227.08
11045.99 9188.87
11046.98 9151.25
11049.44 9111.98
11051.84 9073.60
11054.26 9035.05
11056.66 8996.50
11059.03 8957.93
11061.27 8919.12
11062.79 8879.95
11064.30 8840.74
11063.76 8802.41
11062.13 8762.84
11059.20 8724.22
11053.90 8685.54
11048.08 8646.82
11041.33 8608.73
11032.49 8570.32
11021.92 8532.99
11010.20 8495.19
10997.51 8458.08
10983.93 8421.83
10970.10 8385.36
10956.38 8349.14
10942.08 8312.35
10927.35 8275.87
10912.95 8240.20
10898.56 8204.58
10884.81 8168.71
10871.88 8132.85
10859.68 8098.09
10848.07 8061.82
10838.92 8024.98
10830.18 7989.81
10821.54 7955.02
10813.55 7919.97
10807.67 7884.47
10801.81 7849.13
10797.93 7813.76
10794.17 7778.12
10792.59 7743.79
10792.53 7708.72
10792.47 7674.07
10793.55 7640.25
10794.74 7604.92
10795.89 7570.97
10797.00 7537.77
10797.51 7503.01
10797.26 7468.99
10795.53 7435.27
10792.77 7400.93
10789.46 7366.52
10784.48 7331.84
10778.80 7298.25
10772.86 7265.55
10763.76 7231.68
10753.97 7198.34
10743.38 7166.52
10731.74 7134.46
10719.31 7103.64
10706.27 7073.01
10692.67 7042.98
10676.43 7012.48
10660.02 6983.37
10642.69 6953.60
10623.45 6925.91
10602.44 6896.17
10579.81 6865.28
10556.39 6833.30
10533.16 6801.58
10510.11 6770.05
10489.58 6737.74
10469.03 6704.69
10451.20 6670.05
10433.81 6635.69
10417.25 6600.58
10402.36 6564.32
10388.73 6528.16
10374.50 6493.10
10363.40 6455.11
10354.01 6416.72
10346.38 6378.81
10340.63 6340.93
10336.62 6302.31
10334.46 6263.36
10333.76 6224.63
10332.60 6185.25
10332.16 6146.58
10329.79 6109.67
10330.76 6071.33
10331.73 6032.76
10331.62 5993.47
10330.74 5955.09
10329.86 5916.79
10328.99 5878.58
10324.96 5839.42
10320.56 5800.42
10316.21 5761.85
10310.51 5723.15
10302.58 5684.60
10294.51 5646.87
10285.42 5609.63
10276.05 5571.28
10264.62 5534.06
10252.73 5496.57
10239.13 5460.76
10225.21 5424.78
10210.01 5389.30
10194.70 5353.58
10178.69 5318.34
10160.37 5283.62
10141.98 5249.07
10122.46 5215.32
10102.85 5181.84
10081.49 5149.93
10060.03 5117.91
10037.78 5085.70
10015.99 5054.16
9992.72 5023.10
9969.41 4992.64
9945.43 4961.32
9920.96 4931.73
9896.34 4901.99
9871.65 4872.18
9846.96 4842.36
9822.57 4812.92
9797.02 4782.96
9771.19 4753.05
9745.84 4723.13
9720.46 4693.16
9695.20 4663.33
9669.78 4633.31
9644.59 4603.57
9619.46 4573.90
9594.82 4544.13
9570.90 4514.22
9546.33 4483.49
9521.82 4452.56
9498.55 4422.03
9475.84 4391.30
9453.29 4359.92
9431.27 4327.52
9409.79 4295.89
9387.86 4263.05
9366.46 4229.83
9345.61 4197.48
9325.05 4164.35
9305.43 4130.77
9285.71 4097.00
9265.89 4063.09
9246.48 4029.36
9226.89 3994.97
9207.80 3961.44
9188.86 3928.16
9169.35 3895.04
9149.13 3861.15
9128.86 3827.15
9109.09 3794.01
9089.04 3760.39
9068.23 3727.49
9046.01 3694.89
9024.02 3662.62
9001.85 3630.09
8978.19 3599.03
8954.81 3568.81
8930.31 3538.02
8905.63 3508.61
8879.45 3479.45
8852.80 3450.69
8826.16 3423.33
8798.74 3396.41
8770.49 3369.38
8741.92 3343.84
8712.63 3318.36
8682.44 3294.40
8652.49 3270.63
8621.68 3247.69
8590.10 3224.48
8558.54 3202.08
8526.21 3181.13
8493.51 3161.01
8459.42 3141.33
8425.64 3122.34
8390.83 3104.18
8355.67 3086.41
8320.31 3068.95
8285.18 3052.66
8249.48 3038.18
8213.54 3023.60
8177.10 3010.06
8140.31 2997.26
8103.90 2985.30
8066.34 2974.41
8028.18 2964.15
7990.43 2954.74
7952.07 2946.34
7914.27 2938.62
7875.76 2931.76
7837.52 2926.11
7798.30 2921.44
7760.18 2917.98
7721.46 2915.20
7682.11 2913.90
7643.65 2913.33
7604.43 2913.77
7564.95 2915.15
7525.58 2917.73
7486.72 2921.17
7447.74 2926.01
7409.69 2931.87
7372.02 2938.07
7333.51 2945.54
7295.13 2954.03
7257.10 2963.51
7219.52 2974.29
7182.70 2985.61
7145.37 2997.61
7108.14 3010.40
7071.73 3023.83
7035.16 3037.33
6999.46 3050.80
6962.79 3064.87
6926.55 3078.83
6889.95 3092.94
6854.04 3106.78
6817.14 3121.00
6781.16 3134.87
6744.40 3149.04
6707.77 3162.43
6671.59 3175.57
6635.11 3188.47
6598.13 3201.37
6561.21 3213.36
6523.50 3225.32
6486.49 3235.98
6449.62 3246.28
6411.77 3256.49
6374.10 3265.94
6335.63 3275.18
6297.59 3283.64
6259.55 3291.83
6221.93 3299.05
6183.67 3305.83
6144.85 3312.42
6106.51 3318.92
6068.37 3324.30
6029.80 3329.73
5990.88 3335.00
5951.79 3340.10
5912.63 3344.95
5874.14 3349.64
5834.86 3354.42
5796.70 3359.06
5758.58 3363.70
5720.32 3368.36
5681.01 3373.14
5643.04 3378.31
5604.89 3383.99
5566.48 3389.71
5528.73 3391.94
5490.92 3398.23
5453.21 3404.73
5414.58 3412.12
5375.85 3420.06
5337.47 3428.54
5301.02 3437.42
5265.26 3447.18
5229.73 3457.37
5194.06 3468.12
5156.64 3479.74
5120.39 3491.98
5083.71 3505.10
5046.95 3518.69
5010.57 3532.92
4973.99 3547.78
4937.96 3563.18
4901.96 3579.29
4866.32 3596.04
4831.71 3613.23
4796.71 3631.24
4762.62 3649.53
4729.16 3668.22
4695.63 3687.87
4662.40 3707.62
4629.33 3728.75
4596.73 3749.91
4564.64 3771.60
4533.03 3793.68
4502.05 3816.08
4471.44 3839.18
4441.23 3862.58
4410.81 3886.22
4380.97 3911.50
4351.04 3937.04
4322.29 3963.68
4295.82 3992.96
4268.30 4019.61
4240.62 4046.99
4213.01 4074.31
4186.02 4102.60
4160.38 4131.12
4135.17 4160.16
4109.60 4189.97
4084.54 4220.04
4062.64 4250.78
4043.10 4278.62
4024.95 4302.07
4010.93 4322.97
4000.22 4340.71
3990.07 4359.12
3979.54 4376.60
3968.66 4393.63
3957.91 4410.46
3946.48 4428.34
3935.72 4445.65
3928.27 4464.46
3927.32 4484.73
3934.92 4503.00
3950.73 4516.48
3970.80 4520.65
3990.11 4514.56
4004.43 4500.76
4010.68 4481.97
4010.38 4460.94
4005.38 4440.98
3999.32 4420.92
3993.12 4400.74
3986.89 4380.45
3980.46 4361.43
3973.45 4341.81
3966.29 4321.75
3960.25 4302.56
3955.03 4281.90
3952.04 4261.45
3951.37 4240.74
3951.15 4219.83
3952.70 4198.94
3955.83 4177.92
3959.92 4158.02
3964.54 4138.00
3968.94 4119.19
3973.32 4100.49
3977.48 4082.68
3981.63 4064.92
3985.79 4047.15
3989.93 4029.44
3993.97 4012.19
3998.13 3994.40
4002.11 3977.37
4004.61 3959.71
4006.11 3941.91
4007.06 3925.19
4007.47 3908.09
4007.85 3892.10
4008.25 3874.33
4008.61 3856.84
4008.97 3839.58
4010.31 3823.27
4011.95 3806.88
4013.68 3789.67
4015.43 3772.11
4017.00 3754.54
4018.01 3737.69
4019.01 3721.01
4020.98 3703.14
4023.26 3686.51
4025.71 3668.69
4028.18 3650.73
4030.49 3633.95
4032.13 3615.44
4033.28 3594.55
4034.56 3571.20
4035.91 3546.84
4040.69 3521.06
4042.28 3492.19
4044.01 3460.93
4049.18 3427.06
4051.17 3391.07
4053.25 3353.36
4055.40 3314.52
4057.53 3275.99
4058.04 3237.17
4057.99 3197.77
4057.88 3159.20
4057.12 3120.33
4056.36 3082.03
4055.20 3043.16
4053.40 3004.35
4050.69 2965.38
4047.86 2927.12
4044.97 2888.13
4042.11 2849.42
4036.39 2810.47
4030.63 2772.02
4024.80 2733.15
4017.17 2694.77
4009.16 2656.85
4001.08 2618.82
3991.43 2580.43
3981.14 2542.32
3969.79 2504.46
3957.38 2466.92
3944.23 2430.92
3929.46 2394.56
3913.89 2358.98
3897.38 2324.31
3879.47 2289.16
3860.65 2254.66
3840.28 2221.01
3820.00 2188.33
3798.42 2156.01
3775.43 2123.87
3751.17 2093.24
3726.80 2063.64
3700.96 2034.50
3674.39 2006.41
3644.14 1980.86
3615.10 1954.15
3585.14 1929.18
3554.67 1905.04
3523.31 1881.20
3491.99 1858.95
3458.72 1838.06
3425.30 1817.25
3391.44 1797.68
3356.89 1778.81
3322.24 1762.28
3288.17 1743.74
