1794.40 9297.13
1809.84 9297.22
1827.14 9297.31
1846.73 9297.43
1868.48 9297.55
1891.96 9297.69
1917.95 9297.84
1945.42 9298.00
1974.59 9298.16
2006.11 9298.35
2039.10 9298.54
2073.80 9298.74
2110.44 9298.85
2147.86 9298.48
2186.24 9298.10
2223.64 9297.07
2261.59 9295.73
2299.24 9294.10
2336.88 9291.76
2374.12 9288.47
2411.87 9284.28
2449.36 9279.79
2486.67 9274.51
2524.72 9268.20
2562.06 9261.64
2599.66 9254.10
2636.40 9246.51
2672.72 9237.88
2709.40 9228.60
2746.43 9218.01
2783.09 9206.60
2818.75 9194.76
2855.13 9182.16
2891.02 9169.29
2926.12 9155.44
2960.54 9140.93
2995.66 9125.98
3030.10 9110.54
3064.20 9094.46
3097.59 9077.97
3130.47 9060.57
3163.74 9042.28
3196.33 9023.94
3228.73 9004.52
3263.51 8990.61
3295.27 8970.50
3327.04 8949.38
3358.13 8927.15
3388.60 8904.13
3419.07 8880.35
3448.47 8856.92
3477.29 8832.41
3506.00 8807.37
3533.86 8782.11
3561.27 8755.59
3588.13 8728.02
3613.94 8700.78
3639.44 8672.28
3663.45 8643.58
3686.74 8612.79
3709.15 8581.63
3731.06 8550.19
3750.67 8517.90
3769.50 8485.50
3787.46 8451.85
3804.23 8418.34
3819.52 8382.86
3832.18 8346.55
3844.39 8309.98
3855.43 8274.20
3865.42 8237.38
3874.09 8200.71
3880.65 8163.15
3886.89 8125.43
3889.39 8087.63
3890.95 8049.15
3891.94 8011.82
3892.28 7974.33
3891.17 7936.23
3890.04 7897.62
3887.97 7859.53
3884.50 7822.07
3879.34 7784.36
3874.16 7746.56
3869.00 7709.66
3862.41 7672.42
3855.88 7635.50
3849.34 7598.56
3842.77 7561.42
3836.04 7523.41
3829.52 7486.57
3822.96 7449.47
3816.38 7412.28
3809.68 7374.45
3802.95 7336.40
3796.22 7298.42
3789.68 7261.41
3782.99 7223.62
3776.43 7186.57
3769.84 7149.33
3763.19 7111.76
3756.47 7073.76
3749.90 7036.63
3743.34 6999.55
3736.80 6962.90
3730.25 6925.86
3723.62 6888.44
3717.08 6851.23
3710.54 6814.37
3703.87 6776.78
3697.31 6739.83
3690.59 6701.95
3684.00 6664.81
3677.46 6627.92
3670.77 6590.24
3664.23 6553.37
3657.57 6515.84
3650.86 6478.02
3644.20 6440.49
3637.54 6404.68
3631.15 6366.93
3625.31 6329.46
3619.67 6292.97
3613.73 6254.94
3607.95 6217.85
3602.12 6180.48
3597.13 6143.54
3592.80 6106.07
3588.40 6067.92
3584.10 6030.62
3579.93 5992.41
3576.85 5954.77
3573.75 5916.99
3570.65 5879.13
3567.59 5841.83
3565.84 5804.42
3564.25 5766.26
3562.74 5728.30
3562.70 5690.85
3562.67 5653.31
3562.63 5615.99
3563.39 5577.82
3565.29 5540.31
3568.14 5502.08
3571.13 5464.83
3575.15 5426.84
3579.11 5389.29
3583.72 5351.88
3589.22 5314.71
3595.50 5277.20
3602.30 5239.58
3609.61 5201.73
3617.51 5164.11
3625.62 5126.56
3634.98 5089.96
3644.48 5053.13
3655.22 5017.24
3666.11 4980.87
3678.01 4945.10
3690.22 4909.57
3703.08 4873.54
3716.56 4837.83
3730.39 4802.64
3744.56 4767.27
3759.34 4731.79
3775.18 4696.87
3791.05 4662.59
3808.07 4628.35
3825.14 4595.62
3842.45 4562.52
3860.43 4529.96
3880.02 4497.07
3899.69 4464.14
3919.37 4431.18
3939.39 4399.23
3960.25 4366.99
3981.50 4336.40
4003.78 4305.51
4026.69 4274.82
4049.70 4244.61
4072.95 4215.65
4096.94 4186.93
4121.50 4158.90
4146.78 4130.29
4172.10 4102.12
4198.02 4074.47
4224.60 4047.88
4251.87 4020.63
4278.95 3994.50
4306.23 3968.71
4334.05 3943.55
4362.41 3918.69
4391.40 3894.19
4420.86 3869.28
4450.69 3846.25
4480.77 3823.37
4510.34 3801.68
4541.03 3779.21
4572.34 3758.04
4603.67 3737.03
4635.78 3716.69
4667.77 3696.46
4700.19 3677.49
4733.03 3658.27
4765.75 3640.37
4798.98 3622.56
4832.31 3605.65
4866.11 3588.93
4900.27 3572.83
4934.93 3557.09
4969.41 3542.19
5005.00 3527.73
5039.88 3513.88
5075.12 3500.59
5111.01 3487.91
5145.17 3472.81
5181.19 3461.45
5216.90 3450.54
5252.66 3439.91
5289.07 3430.25
5325.49 3420.95
5362.67 3412.39
5400.13 3404.03
5437.53 3396.65
5475.23 3389.63
5513.12 3383.05
5551.19 3377.30
5588.83 3371.81
5626.16 3366.41
5663.98 3361.05
5701.47 3356.53
5739.60 3351.94
5777.68 3347.35
5814.99 3342.85
5851.54 3335.13
5889.63 3330.54
5927.67 3325.96
5965.76 3321.10
6003.82 3316.11
6041.73 3310.77
6078.74 3305.43
6115.88 3299.95
6153.92 3293.93
6191.18 3287.56
6228.51 3280.56
6265.81 3273.17
6303.30 3264.88
6340.41 3256.67
6377.35 3247.23
6413.49 3237.66
6449.60 3227.64
6485.88 3217.00
6521.95 3206.13
6557.87 3194.55
6594.40 3182.69
6630.53 3170.00
6666.77 3157.12
6702.19 3144.31
6737.71 3131.40
6773.52 3117.54
6808.95 3103.81
6843.80 3090.31
6879.28 3076.57
6914.87 3062.79
6950.43 3049.02
6985.20 3035.61
7021.37 3022.04
7057.45 3009.19
7093.11 2996.49
7129.20 2983.64
7165.08 2971.76
7201.26 2960.39
7237.54 2949.66
7274.19 2939.71
7310.76 2931.05
7348.34 2922.74
7386.13 2915.96
7423.11 2910.08
7460.66 2908.62
7498.07 2904.58
7535.44 2901.21
7574.19 2902.35
7611.42 2900.95
7648.71 2900.61
7687.12 2901.73
7725.32 2903.40
7762.68 2906.01
7800.80 2909.46
7838.32 2913.92
7876.17 2919.38
7913.84 2925.96
7950.65 2933.74
7987.77 2941.97
8025.09 2950.85
8062.38 2960.63
8098.18 2970.78
8133.77 2982.20
8169.64 2994.29
8205.39 3006.49
8240.67 3019.25
8275.61 3033.20
8310.53 3047.99
8343.82 3064.66
8377.38 3081.90
8411.49 3099.70
8445.46 3117.87
8478.51 3136.28
8510.85 3155.06
8543.21 3174.87
8574.51 3195.44
8605.37 3217.48
8635.61 3239.32
8666.01 3262.01
8695.17 3285.35
8724.41 3309.52
8753.57 3334.21
8782.00 3360.25
8809.22 3385.82
8836.40 3412.51
8862.97 3440.14
8888.85 3468.50
8914.10 3497.02
8938.06 3526.22
8961.28 3555.94
8984.20 3586.56
9007.32 3617.47
9028.89 3648.38
9050.81 3679.80
9072.70 3711.18
9093.70 3743.02
9112.92 3775.54
9132.12 3808.04
9151.25 3840.42
9170.75 3873.42
9190.00 3906.00
9208.97 3939.27
9227.93 3972.82
9246.30 4005.33
9264.69 4037.87
9284.01 4070.62
9303.45 4103.43
9322.48 4135.57
9341.82 4168.17
9362.37 4200.30
9382.54 4231.84
9403.17 4264.09
9424.64 4295.58
9446.03 4326.95
9467.24 4358.00
9489.29 4388.45
9512.30 4419.44
9534.91 4449.30
9558.44 4478.95
9581.97 4508.61
9605.53 4538.31
9629.60 4567.22
9654.31 4596.28
9678.57 4624.82
9703.58 4654.23
9728.22 4683.21
9752.90 4712.24
9777.34 4740.99
9801.74 4769.70
9825.89 4798.20
9850.04 4827.26
9874.59 4856.80
9898.87 4886.02
9923.14 4915.23
9947.15 4944.11
9970.58 4974.21
9993.65 5004.62
10016.78 5035.11
10039.08 5066.14
10060.77 5096.66
10082.38 5128.27
10103.25 5160.12
10123.42 5192.63
10142.83 5225.49
10161.33 5258.47
10178.48 5292.02
10195.50 5326.34
10210.78 5360.52
10226.46 5395.60
10241.64 5430.12
10254.71 5465.88
10267.46 5501.44
10278.06 5537.50
10288.63 5574.50
10297.68 5611.24
10306.91 5648.72
10314.86 5685.84
10322.59 5722.37
10328.28 5760.39
10332.82 5798.24
10337.36 5836.16
10341.78 5873.25
10342.51 5911.54
10343.24 5949.48
10343.97 5987.56
10344.33 6025.83
10343.63 6063.40
10342.90 6101.98
10342.19 6140.13
10342.27 6178.61
10343.15 6216.67
10344.01 6254.52
10345.73 6293.01
10349.48 6330.20
10355.45 6367.75
10362.44 6405.48
10370.36 6442.58
10379.81 6479.12
10390.57 6516.11
10403.60 6552.37
10417.35 6587.60
10433.28 6622.27
10449.91 6655.76
10467.67 6689.45
10486.59 6722.07
10506.95 6754.20
10528.30 6784.99
10550.57 6815.43
10572.55 6845.47
10594.90 6876.02
10617.21 6907.08
10639.18 6938.79
10658.99 6970.56
10678.21 7003.38
10695.97 7037.65
10711.95 7071.49
10726.96 7106.49
10740.74 7141.45
10752.71 7176.87
10764.52 7212.89
10774.39 7249.76
10782.88 7287.34
10789.29 7325.23
10794.71 7362.22
10798.98 7399.24
10801.36 7436.72
10802.82 7474.82
10803.30 7512.50
10802.41 7550.34
10801.14 7588.71
10799.91 7626.00
10798.68 7663.31
10797.44 7701.16
10799.48 7738.59
10801.61 7776.05
10803.87 7814.60
10806.61 7852.25
10812.16 7890.27
10817.79 7928.12
10827.39 7964.63
10836.95 8000.98
10846.50 8037.28
10856.63 8074.40
10868.79 8109.74
10881.67 8145.06
10895.27 8180.71
10909.16 8215.66
10923.10 8250.39
10937.31 8285.82
10951.66 8321.59
10965.18 8356.97
10978.82 8392.86
10992.45 8428.68
11006.10 8464.60
11018.43 8501.21
11029.08 8537.92
11038.65 8574.59
11046.80 8611.40
11053.97 8648.62
11059.76 8686.18
11064.50 8723.37
11067.88 8760.33
11068.77 8797.83
11070.02 8835.58
11069.34 8873.52
11067.32 8911.71
11064.94 8949.85
11062.60 8987.21
11060.26 9024.56
11057.86 9062.99
11055.68 9100.91
11053.61 9138.37
11052.11 9176.21
11052.15 9213.75
11052.20 9251.95
11053.99 9289.54
11057.49 9327.03
11061.93 9365.00
11068.68 9401.79
11077.39 9438.49
11087.70 9474.94
11099.63 9510.97
11113.79 9546.95
11129.17 9580.99
11146.14 9614.81
11164.50 9648.89
11184.90 9681.08
11206.87 9711.39
11229.59 9741.14
11254.34 9770.84
11280.36 9799.42
11306.69 9826.31
11335.72 9851.85
11365.57 9875.51
