1794.40 9297.13
1809.83 9297.22
1827.52 9297.32
1847.31 9297.43
1868.78 9297.55
1891.69 9297.69
1916.57 9297.83
1943.00 9297.98
1971.83 9298.15
2002.60 9298.33
2035.63 9298.52
2069.71 9298.71
2104.38 9298.91
2139.71 9298.56
2173.81 9298.22
2209.06 9297.59
2244.13 9296.35
2278.75 9295.13
2312.98 9293.33
2347.15 9290.87
2381.57 9287.64
2416.53 9283.76
2451.01 9279.58
2485.69 9274.65
2519.62 9269.10
2553.37 9263.17
2586.82 9256.71
2620.41 9249.88
2654.48 9242.21
2687.70 9234.31
2720.90 9225.31
2753.98 9215.66
2786.72 9205.47
2819.52 9194.50
2852.05 9183.23
2884.25 9171.77
2916.65 9159.40
2948.35 9146.10
2980.33 9132.54
3011.89 9118.71
3043.56 9104.51
3074.40 9089.43
3105.77 9073.64
3136.85 9057.19
3167.56 9040.13
3197.54 9023.25
3227.18 9005.49
3258.34 8989.95
3287.40 8971.73
3316.89 8952.24
3345.17 8932.70
3372.63 8912.06
3400.60 8890.85
3427.98 8869.03
3455.48 8846.83
3481.53 8824.40
3508.16 8801.08
3533.92 8777.54
3559.28 8752.91
3581.09 8725.78
3604.86 8700.91
3628.01 8675.67
3650.57 8648.70
3672.07 8621.56
3692.29 8594.10
3712.10 8565.97
3731.13 8537.36
3749.13 8507.70
3766.30 8477.47
3782.55 8446.92
3798.29 8415.46
3812.31 8383.48
3823.70 8350.79
3834.66 8318.41
3845.36 8285.94
3854.35 8253.13
3862.70 8220.15
3870.12 8186.39
3875.72 8152.54
3880.78 8118.07
3883.03 8083.71
3884.36 8048.54
3885.28 8013.99
3885.81 7978.78
3884.79 7943.79
3883.78 7909.27
3882.41 7874.51
3879.97 7839.77
3875.57 7805.52
3870.84 7770.92
3866.95 7736.27
3864.41 7702.66
3858.30 7668.11
3852.29 7634.14
3846.34 7600.55
3840.24 7566.05
3834.15 7531.68
3828.17 7497.86
3822.06 7463.34
3816.03 7429.26
3809.88 7394.53
3803.90 7360.71
3797.79 7326.18
3791.83 7292.50
3785.69 7257.82
3776.43 7224.42
3770.42 7190.50
3764.44 7156.69
3758.48 7122.99
3752.42 7088.76
3746.46 7055.09
3740.49 7021.37
3734.34 6986.59
3728.38 6953.22
3722.30 6918.85
3716.22 6884.17
3710.16 6850.04
3704.11 6815.93
3698.05 6781.80
3691.89 6747.05
3685.79 6712.65
3679.67 6678.17
3673.53 6643.59
3667.48 6609.47
3661.53 6575.94
3655.48 6541.83
3649.30 6507.02
3643.19 6472.59
3637.17 6438.67
3630.57 6403.54
3624.79 6368.93
3619.35 6334.06
3617.48 6300.35
3612.16 6266.26
3606.70 6231.27
3601.45 6197.57
3596.02 6162.69
3592.00 6127.90
3587.95 6092.78
3583.92 6057.83
3579.97 6023.58
3576.30 5988.51
3573.43 5953.42
3570.59 5918.81
3567.77 5884.40
3564.93 5849.72
3562.98 5814.90
3561.50 5779.49
3560.03 5744.16
3559.42 5709.89
3559.39 5675.74
3559.35 5641.42
3559.32 5606.22
3560.36 5571.35
3562.28 5536.31
3564.86 5501.68
3567.54 5467.38
3571.19 5432.88
3574.87 5398.01
3578.68 5363.35
3583.70 5329.48
3588.80 5295.67
3595.05 5261.13
3601.25 5226.78
3608.16 5192.58
3615.34 5158.40
3622.72 5124.61
3631.29 5091.10
3639.83 5057.69
3649.76 5023.98
3659.55 4991.31
3670.10 4957.95
3681.19 4925.69
3692.39 4893.09
3701.30 4859.58
3713.43 4827.41
3726.19 4795.36
3738.95 4763.51
3752.37 4731.15
3766.97 4698.97
3781.32 4667.45
3796.41 4636.58
3812.51 4605.63
3824.22 4576.03
3836.98 4551.63
3848.44 4530.83
3858.22 4514.01
3866.00 4498.02
3874.14 4481.21
3883.44 4465.61
3893.46 4449.73
3903.17 4434.35
3913.06 4418.70
3922.00 4403.39
3930.53 4387.67
3939.48 4371.19
3948.40 4354.77
3957.14 4338.65
3965.53 4322.97
3972.74 4306.31
3979.69 4289.86
3986.02 4272.04
3992.02 4255.18
3996.39 4237.62
4000.45 4219.76
4003.26 4202.19
4005.77 4184.59
4007.35 4166.50
4008.91 4148.63
4009.85 4130.82
4010.70 4112.23
4010.56 4093.58
4010.38 4075.26
4010.77 4056.83
4011.36 4038.10
4011.97 4019.27
4012.53 4001.52
4013.12 3983.20
4013.73 3964.12
4014.38 3945.32
4015.74 3927.46
4017.13 3909.24
4018.49 3891.31
4019.88 3873.47
4021.45 3855.27
4022.80 3837.51
4023.64 3817.06
4024.55 3795.00
4025.56 3770.68
4026.64 3744.46
4031.13 3717.18
4032.38 3686.93
4033.71 3654.85
4035.18 3620.23
4037.05 3585.95
4039.00 3550.65
4044.21 3517.04
4046.09 3482.98
4048.01 3448.29
4049.89 3414.14
4051.78 3379.92
4053.67 3345.73
4055.56 3311.62
4057.47 3276.94
4058.05 3242.53
4058.01 3207.72
4057.96 3172.36
4057.47 3138.12
4056.77 3102.99
4056.10 3068.83
4054.75 3033.53
4053.18 2999.45
4050.67 2965.13
4048.05 2929.78
4042.26 2896.10
4039.67 2861.12
4035.53 2826.98
4030.46 2793.13
4025.26 2758.49
4020.06 2724.20
4012.92 2690.62
4005.74 2656.62
3998.47 2622.26
3990.05 2588.47
3981.35 2555.49
3971.99 2521.75
3961.06 2488.46
3949.62 2455.29
3937.49 2422.79
3924.35 2390.81
3910.13 2358.65
3895.20 2327.34
3879.64 2296.35
3863.17 2266.17
3845.72 2236.30
3827.74 2206.76
3809.09 2177.93
3790.05 2149.42
3769.84 2122.07
3747.88 2094.44
3725.66 2067.44
3702.85 2041.54
3679.58 2016.53
3655.81 1991.92
3630.51 1968.18
3604.53 1945.34
3577.99 1923.23
3550.62 1901.92
3522.89 1880.90
3494.17 1860.50
3465.31 1842.19
3436.08 1823.87
3406.35 1806.27
3376.39 1789.45
3345.61 1773.28
3313.76 1758.57
3283.39 1741.65
