11368.40 9893.26
11355.97 9883.39
11342.30 9872.53
11327.48 9860.53
11311.18 9846.59
11294.12 9830.96
11275.79 9812.78
11256.18 9792.39
11236.09 9770.21
11217.10 9747.51
11198.96 9724.20
11180.85 9700.62
11166.00 9674.94
11150.53 9648.82
11135.59 9622.54
11121.68 9595.02
11109.22 9567.29
11097.74 9539.59
11087.00 9510.68
11077.41 9481.96
11068.76 9453.12
11061.05 9424.08
11054.92 9394.86
11049.93 9364.85
11046.19 9335.44
11043.30 9304.66
11040.92 9275.36
11040.06 9245.02
11039.20 9214.24
11039.43 9183.96
11043.48 9154.28
11045.39 9123.83
11047.24 9094.31
11049.09 9064.85
11051.00 9034.33
11052.86 9004.62
11054.70 8974.51
11056.53 8944.82
11058.14 8914.74
11059.28 8885.25
11060.44 8855.30
11061.01 8825.29
11060.29 8795.52
11058.95 8764.84
11056.97 8734.82
11053.19 8704.69
11049.02 8674.18
11044.31 8644.43
11039.08 8614.96
11032.73 8585.00
11024.94 8555.56
11016.39 8526.02
11007.46 8497.40
10997.77 8468.34
10987.46 8440.45
10976.65 8411.94
10965.73 8383.12
10954.92 8354.59
10944.23 8326.47
10933.12 8298.96
10921.59 8270.41
10910.27 8242.38
10898.86 8214.13
10887.79 8186.71
10877.64 8158.56
10867.62 8130.75
10857.82 8102.76
10847.74 8073.93
10840.52 8045.09
10833.18 8015.57
10825.76 7985.68
10818.58 7956.77
10811.39 7927.05
10806.49 7897.54
10801.65 7868.34
10797.29 7839.09
10794.09 7808.73
10790.88 7778.31
10789.29 7748.05
10789.24 7718.02
10789.20 7687.90
10789.69 7657.11
10790.69 7627.43
10791.71 7597.02
10792.71 7567.23
10793.70 7537.83
10794.24 7507.41
10794.01 7476.96
10792.93 7446.47
10790.98 7416.44
10788.07 7386.68
10785.41 7358.84
10778.12 7333.78
10773.64 7307.12
10769.08 7280.91
10763.00 7254.32
10756.13 7228.70
10748.49 7202.75
10739.72 7176.44
10731.18 7150.90
10717.84 7126.47
10706.86 7099.23
10694.98 7071.99
10686.04 7044.57
10672.23 7018.63
10657.89 6992.84
10643.22 6967.62
10627.57 6943.29
10611.45 6920.26
10594.43 6896.39
10577.27 6872.97
10563.08 6848.01
10545.40 6823.88
10527.23 6799.07
10509.37 6774.69
10492.83 6749.02
10476.72 6723.66
10461.38 6697.03
10447.89 6670.83
10433.82 6643.44
10420.85 6615.95
10408.04 6588.55
10397.14 6559.85
10386.43 6531.65
10377.65 6503.34
10368.88 6474.79
10361.06 6445.56
10353.94 6416.45
10347.56 6386.52
10342.96 6356.28
10339.04 6326.60
10336.07 6296.81
10334.52 6266.83
10334.07 6236.22
10333.24 6206.79
10332.36 6177.06
10332.16 6146.59
10332.90 6117.08
10333.67 6086.82
10334.43 6056.57
10335.20 6025.93
10334.96 5995.32
10334.26 5964.55
10333.58 5935.04
10332.91 5905.44
10332.23 5875.84
10329.01 5845.87
10325.58 5815.42
10322.22 5785.70
10318.88 5756.12
10314.49 5726.12
10308.50 5697.04
10302.57 5668.19
10295.88 5638.57
10288.72 5609.24
10281.51 5579.70
10273.38 5551.37
10264.70 5523.07
10255.53 5494.66
10245.02 5467.00
10234.28 5438.70
10222.89 5411.00
10210.79 5382.75
10198.80 5354.76
10186.94 5327.08
10172.72 5299.97
10158.72 5273.43
10144.21 5246.33
10128.93 5219.91
10113.74 5193.64
10097.39 5167.75
10080.80 5142.95
10063.84 5117.60
10046.56 5092.61
10029.31 5067.63
10011.99 5042.84
9993.48 5018.66
9975.00 4994.51
9956.34 4970.15
9937.61 4946.65
9918.59 4923.69
9899.13 4900.19
9879.98 4877.06
9860.93 4854.06
9841.35 4830.43
9822.55 4807.72
9802.72 4784.51
9782.93 4761.66
9763.19 4738.50
9743.44 4715.18
9724.22 4692.49
9705.20 4670.03
9685.98 4647.33
9666.30 4624.10
9647.26 4601.61
9627.52 4578.30
9607.75 4554.96
9588.91 4531.45
9568.01 4510.60
9548.81 4486.59
9530.43 4463.62
9511.68 4439.25
9493.51 4415.42
9475.79 4391.24
9458.04 4366.86
9441.23 4342.17
9424.02 4316.84
9406.91 4291.66
9389.95 4266.28
9373.45 4240.68
9357.08 4215.27
9340.58 4189.68
9324.56 4163.52
9309.08 4137.02
9293.74 4110.76
9278.57 4084.78
9263.13 4058.36
9247.91 4031.87
9233.11 4005.89
9218.47 3980.18
9203.32 3953.57
9188.69 3927.87
9173.45 3901.91
9157.76 3875.62
9142.18 3849.49
9126.46 3823.13
9110.92 3797.08
9095.55 3771.30
9080.05 3745.31
9063.32 3720.29
9046.37 3695.41
9029.50 3670.67
9012.48 3645.69
8995.09 3620.86
8976.57 3596.93
8958.03 3572.97
8939.87 3549.51
8920.16 3525.93
8901.00 3503.10
8880.44 3480.51
8859.66 3458.09
8839.17 3436.23
8818.19 3415.42
8797.67 3395.38
8776.28 3374.71
8754.32 3354.92
8732.34 3335.27
8708.89 3315.40
8685.40 3296.75
8662.24 3278.37
8638.40 3259.97
8614.43 3242.36
8589.85 3224.30
8565.23 3206.67
8540.64 3190.48
8515.37 3174.38
8489.27 3158.41
8462.70 3143.17
8436.18 3128.27
8410.37 3114.09
8383.37 3100.39
8355.96 3086.55
8329.67 3073.34
8302.31 3060.50
8274.15 3048.19
8245.88 3036.72
8217.48 3025.20
8188.94 3014.33
8161.16 3004.34
8132.98 2994.77
8104.36 2985.44
8076.15 2977.10
8047.53 2969.25
8018.50 2961.68
7989.42 2954.52
7959.42 2947.93
7930.42 2941.92
7901.18 2935.98
7871.10 2930.98
7840.70 2926.49
7810.32 2922.87
7779.81 2919.39
7749.52 2917.21
7719.28 2915.05
7689.59 2914.03
7659.34 2913.51
7628.63 2913.45
7597.91 2913.95
7568.13 2914.94
7538.34 2916.88
7508.31 2919.26
7478.88 2921.93
7449.66 2925.76
7419.61 2930.25
7390.39 2935.02
7361.14 2943.52
7331.92 2949.21
7307.21 2954.60
7286.80 2959.37
7271.21 2964.22
7256.79 2969.89
7241.40 2975.89
7225.63 2980.45
7210.83 2984.12
7195.94 2988.90
7180.57 2994.19
7165.01 2999.55
7149.92 3004.67
7135.44 3009.47
7120.10 3014.55
7105.40 3019.43
7091.18 3024.83
7075.81 3030.66
7061.17 3037.11
7047.43 3045.57
7034.21 3055.13
7021.69 3065.72
7009.53 3076.21
6998.00 3086.97
6987.31 3098.26
6977.51 3111.44
6968.38 3124.54
6960.57 3138.08
6952.70 3151.72
6944.91 3165.23
6936.66 3179.52
6928.49 3193.68
6920.85 3206.87
6912.05 3220.23
6903.17 3233.72
6892.97 3245.48
6881.51 3257.34
6869.24 3268.28
6856.79 3277.40
6843.89 3286.07
6829.70 3294.47
6815.02 3301.80
6800.22 3308.55
6786.08 3314.44
6770.54 3319.56
6754.88 3323.99
6738.84 3327.68
6723.41 3330.24
6707.07 3331.28
6691.09 3331.70
6674.69 3331.84
6659.03 3331.55
6643.69 3330.25
6628.37 3328.63
6612.43 3325.83
6596.50 3322.70
6580.82 3319.11
6565.09 3314.22
6549.48 3308.61
6535.35 3301.80
6521.62 3294.08
6508.79 3284.94
6497.35 3274.91
6486.25 3263.10
6476.49 3249.88
6468.42 3235.60
6462.01 3220.67
6457.54 3205.13
6454.89 3189.41
6454.14 3173.14
6455.20 3156.77
6457.00 3140.96
6459.71 3125.15
6463.26 3110.34
6468.15 3095.54
6473.18 3080.34
6479.89 3065.29
6486.82 3051.00
6494.66 3036.62
6502.88 3023.55
6511.00 3010.65
6519.28 2997.49
6527.47 2984.47
6535.70 2971.38
6544.38 2957.58
6552.65 2944.44
6561.34 2930.63
6569.87 2917.06
6578.21 2903.81
6586.87 2890.04
6595.01 2877.11
6603.53 2863.56
6612.31 2849.60
6620.04 2836.33
6627.58 2823.04
6633.41 2808.80
6639.04 2793.60
6644.74 2778.21
6648.92 2763.55
6653.21 2748.08
6657.48 2732.69
6661.36 2717.38
6665.20 2701.36
6668.88 2685.97
6672.54 2670.69
6676.45 2655.35
6681.41 2638.50
6686.54 2619.61
6691.66 2597.88
6697.19 2574.39
6703.05 2549.52
6711.67 2523.51
6722.29 2495.61
6730.81 2466.63
6739.21 2438.08
6747.79 2409.53
6757.40 2380.94
6767.23 2351.71
6777.08 2322.94
6787.13 2294.57
6797.04 2266.63
6807.34 2237.56
6817.43 2209.08
6827.53 2180.29
6837.62 2151.29
6847.23 2123.34
6859.34 2096.15
6868.88 2068.26
6878.02 2039.98
6887.18 2010.65
6896.21 1981.70
6905.05 1953.41
6913.32 1923.86
6920.77 1894.73
6928.26 1865.44
