6943.84 1860.14
6939.58 1876.42
6934.65 1895.22
6929.22 1915.95
6923.38 1938.26
6917.13 1962.08
6910.36 1987.68
6903.16 2014.91
6894.69 2043.41
6884.67 2074.16
6874.13 2106.50
6863.13 2138.13
6853.30 2169.42
6843.90 2199.66
6834.46 2225.14
6826.58 2246.40
6821.64 2263.86
6817.67 2281.51
6813.70 2299.15
6808.69 2315.51
6803.47 2331.92
6798.31 2348.15
6793.16 2364.35
6787.99 2380.58
6782.78 2396.97
6777.61 2413.21
6772.04 2430.71
6766.50 2448.14
6761.40 2465.66
6756.62 2482.35
6751.74 2499.39
6746.90 2516.86
6742.47 2533.22
6737.98 2549.82
6733.81 2566.96
6730.20 2584.57
6726.61 2602.08
6723.39 2619.79
6720.42 2637.33
6717.93 2654.07
6715.46 2672.28
6713.00 2690.41
6712.36 2707.60
6711.71 2725.01
6713.04 2742.69
6716.14 2760.72
6720.50 2777.47
6726.04 2794.49
6732.89 2810.38
6740.28 2826.11
6748.04 2841.26
6758.22 2855.65
6768.44 2869.76
6779.66 2884.01
6791.47 2897.84
6803.14 2910.66
6815.59 2923.57
6827.60 2936.04
6839.80 2948.88
6851.53 2961.15
6863.89 2974.09
6875.99 2986.75
6887.41 2999.94
6897.67 3013.42
6907.56 3028.08
6915.94 3044.03
6923.12 3059.76
6928.56 3076.24
6932.60 3093.06
6934.27 3111.33
6934.54 3129.64
6932.97 3146.59
6929.12 3164.32
6923.67 3181.37
6916.49 3196.90
6908.53 3211.85
6899.90 3227.61
6887.52 3241.02
6874.78 3254.26
6861.69 3265.00
6847.87 3274.94
6833.19 3284.01
6817.18 3292.62
6801.93 3300.38
6786.05 3307.20
6769.17 3312.75
6752.80 3317.41
6735.30 3321.33
6717.48 3322.90
6700.37 3322.91
6682.41 3320.26
6665.45 3316.27
6648.25 3310.73
6632.67 3302.54
6618.11 3294.70
6603.46 3286.17
6587.94 3277.12
6573.11 3268.51
6557.30 3260.80
6541.77 3255.95
6525.91 3252.69
6508.44 3250.00
6491.88 3249.59
6475.68 3250.68
6458.86 3253.86
6443.92 3257.59
6428.27 3261.50
6412.65 3265.41
6396.51 3269.44
6380.23 3273.22
6363.59 3276.97
6347.22 3280.66
6331.36 3284.23
6314.81 3287.96
6298.34 3291.66
6281.53 3294.94
6264.40 3298.29
6250.75 3300.96
6240.20 3303.02
6233.82 3304.27
6227.49 3305.50
6219.21 3307.51
6208.71 3309.19
6195.49 3311.28
6179.79 3313.77
6162.29 3316.53
6145.13 3319.25
6127.57 3322.02
6110.78 3324.68
6093.83 3327.18
6078.12 3329.39
6061.04 3331.80
6044.56 3334.13
6028.01 3336.46
6011.40 3338.80
5995.78 3341.00
5978.57 3343.43
5962.41 3345.66
5945.81 3347.78
5929.09 3349.92
5912.27 3352.07
5897.26 3353.98
5880.85 3356.08
5863.30 3358.32
5846.81 3360.43
5830.75 3362.48
5813.20 3364.72
5796.20 3366.89
5780.18 3368.94
5763.58 3371.06
5746.78 3373.20
5731.29 3375.18
5714.52 3377.32
5699.13 3378.14
5682.70 3378.46
5665.88 3378.80
5647.62 3380.96
5627.76 3383.92
5606.58 3387.07
5583.45 3390.52
5558.64 3390.82
5531.14 3394.92
5500.75 3396.57
5470.00 3405.12
5436.92 3411.21
5405.68 3417.18
5375.28 3423.56
5344.49 3430.36
5313.45 3437.44
5283.05 3445.74
5253.12 3453.91
5222.82 3462.90
5192.09 3472.16
5161.21 3478.24
5133.10 3490.93
5102.12 3502.01
5071.98 3512.79
5042.43 3523.96
5012.95 3535.51
4984.04 3547.27
4954.47 3559.41
4926.51 3571.92
4897.34 3584.97
4868.61 3598.59
4841.06 3612.27
4813.45 3625.99
4786.35 3640.54
4759.04 3655.20
4731.41 3670.73
4704.25 3686.64
4676.62 3702.83
4650.48 3719.15
4623.52 3736.38
4596.97 3753.72
4571.44 3770.98
4545.31 3788.87
4520.40 3806.88
4495.41 3824.95
4470.17 3844.34
4444.89 3863.92
4419.98 3883.26
4396.28 3902.84
4371.95 3923.48
4348.95 3943.51
4326.04 3964.70
4303.06 3986.03
4280.68 4007.46
4257.95 4029.85
4235.76 4051.80
4212.96 4074.35
4191.17 4097.02
4170.23 4119.77
4149.59 4143.55
4129.39 4166.83
4109.59 4189.99
4090.09 4213.37
4069.88 4238.61
4052.94 4265.91
4035.05 4289.02
4018.92 4310.79
4006.51 4329.71
3997.54 4345.57
3988.69 4361.63
3979.71 4376.32
3970.08 4391.41
3960.21 4406.86
3950.32 4422.34
3940.65 4437.47
3932.67 4453.14
3927.55 4469.30
3927.92 4487.52
3935.23 4503.43
3947.91 4514.75
3964.52 4520.36
3981.53 4518.85
3996.21 4510.22
4006.63 4496.13
4011.07 4479.15
4010.45 4462.03
4006.54 4445.14
4001.57 4428.23
3996.34 4411.21
3991.14 4394.29
3985.91 4377.26
3980.12 4360.48
3974.12 4343.69
3968.07 4326.75
3962.16 4310.08
3957.75 4292.66
3953.41 4275.50
3951.74 4257.93
3951.37 4240.93
3951.06 4223.04
3952.25 4205.05
3953.90 4187.30
3957.49 4169.86
3961.12 4152.64
3965.04 4135.86
3968.99 4118.98
3973.16 4101.16
3977.32 4083.36
3981.19 4066.80
3985.17 4049.81
3989.11 4032.95
3993.04 4016.15
3997.11 3998.76
4001.20 3981.27
4004.23 3964.13
4005.67 3947.10
4006.95 3929.62
4007.39 3911.46
4007.79 3894.42
4008.20 3876.58
4008.56 3859.10
4008.94 3840.70
4010.24 3824.06
4012.06 3805.80
4013.78 3788.67
4015.47 3771.72
4016.90 3756.13
4017.90 3739.45
4018.99 3721.36
4020.83 3704.19
4023.03 3688.20
4025.42 3670.80
4027.70 3654.26
4029.91 3638.14
4031.84 3620.74
4032.95 3600.56
4034.15 3578.64
4035.45 3555.08
4036.88 3529.27
4041.70 3502.65
4046.60 3473.70
4048.36 3441.92
4050.23 3408.02
4052.06 3374.86
4053.90 3341.65
4055.78 3307.53
4057.59 3274.83
4058.05 3240.76
4058.01 3207.50
4057.96 3174.14
4057.52 3140.95
4056.86 3107.19
4056.20 3074.01
4055.09 3040.85
4053.56 3007.84
4051.35 2974.27
4048.89 2941.07
4046.44 2907.98
4043.97 2874.62
4041.02 2841.38
4036.03 2808.06
4031.11 2775.22
4026.19 2742.41
4020.38 2709.98
4013.31 2676.50
4006.45 2644.01
3999.19 2611.30
3990.97 2578.61
3982.41 2546.94
3973.36 2515.37
3963.03 2483.87
3951.92 2451.96
3939.96 2420.11
3927.45 2389.66
3914.18 2359.64
3899.68 2328.94
3885.05 2299.45
3866.19 2271.71
3849.87 2243.12
3832.19 2214.07
3814.49 2186.02
3795.61 2157.75
3776.70 2130.86
3756.22 2104.62
3735.45 2079.34
3713.81 2053.72
3691.81 2029.26
3669.04 2005.62
3645.61 1982.24
3621.15 1959.46
3595.64 1937.94
3569.94 1916.83
3543.66 1896.54
3516.30 1876.22
3488.78 1856.90
3459.91 1838.80
3431.07 1820.74
3402.62 1804.10
3372.95 1787.57
3342.76 1771.94
3312.94 1758.21
3284.66 1742.20
