6943.46 1861.60
6939.43 1877.00
6935.02 1893.82
6930.08 1912.69
6924.55 1933.80
6918.44 1957.10
6911.79 1982.26
6904.55 2009.67
6896.24 2038.65
6886.09 2069.82
6875.28 2102.98
6863.50 2137.15
6853.03 2171.36
6843.08 2201.89
6833.44 2227.89
6825.37 2249.67
6820.63 2268.32
6816.45 2286.95
6811.80 2305.75
6806.03 2323.89
6800.40 2341.58
6794.70 2359.50
6788.77 2378.14
6783.16 2395.78
6777.40 2413.88
6771.69 2431.82
6765.77 2450.41
6760.57 2468.56
6755.12 2487.58
6749.69 2506.57
6744.55 2525.54
6739.52 2544.14
6734.80 2562.17
6731.05 2580.43
6727.21 2599.12
6723.67 2618.16
6720.54 2636.61
6717.79 2655.16
6715.29 2673.52
6712.93 2692.37
6712.24 2710.99
6711.52 2730.12
6714.22 2749.52
6717.73 2768.10
6723.30 2786.93
6730.26 2804.29
6738.02 2821.44
6746.31 2838.57
6757.18 2854.19
6768.56 2869.91
6780.48 2885.06
6792.94 2899.47
6806.35 2913.99
6819.37 2927.49
6832.67 2941.39
6845.60 2954.95
6859.20 2969.18
6872.42 2983.02
6885.04 2996.81
6896.27 3011.58
6907.01 3027.08
6916.17 3044.53
6924.34 3062.43
6929.51 3080.19
6933.43 3098.53
6934.66 3117.26
6933.94 3136.14
6931.46 3155.28
6926.65 3173.90
6918.89 3191.71
6910.41 3208.41
6901.30 3225.05
6888.84 3239.65
6875.73 3253.27
6860.64 3265.76
6844.57 3277.31
6828.31 3286.63
6811.15 3295.86
6793.56 3303.98
6775.57 3310.78
6756.86 3316.38
6738.44 3320.92
6718.76 3322.90
6700.17 3322.91
6680.77 3319.96
6662.89 3315.44
6644.71 3308.87
6627.96 3300.07
6611.84 3291.05
6595.86 3281.74
6578.98 3271.90
6561.89 3263.04
6544.44 3256.75
6526.19 3252.74
6507.76 3249.99
6489.01 3249.52
6470.13 3251.21
6452.12 3255.54
6433.90 3260.10
6415.29 3264.75
6396.61 3269.42
6377.40 3273.86
6358.32 3278.15
6339.98 3282.29
6321.28 3286.50
6302.54 3290.73
6284.00 3294.46
6265.11 3298.15
6248.47 3301.40
6236.25 3303.79
6228.20 3305.37
6218.06 3307.71
6206.44 3309.55
6192.63 3311.74
6176.83 3314.23
6159.00 3317.05
6140.74 3319.94
6122.20 3322.87
6102.81 3325.91
6084.26 3328.53
6065.84 3331.13
6046.89 3333.80
6027.69 3336.50
6009.24 3339.11
5990.33 3341.77
5971.10 3344.48
5952.51 3346.93
5933.13 3349.40
5914.49 3351.78
5895.39 3354.22
5876.43 3356.64
5856.86 3359.14
5838.05 3361.55
5819.41 3363.93
5800.34 3366.36
5781.43 3368.78
5762.05 3371.25
5742.42 3373.76
5723.90 3376.12
5704.95 3378.03
5686.07 3378.40
5666.61 3378.78
5647.01 3381.05
5625.64 3384.23
5602.47 3387.69
5577.90 3391.35
5551.62 3391.87
5523.29 3396.10
5494.18 3397.68
5466.01 3402.44
5437.04 3407.82
5407.39 3413.49
5378.78 3419.41
5346.81 3423.10
5314.25 3430.39
5280.29 3439.66
5245.46 3449.19
5211.15 3459.52
5176.70 3469.90
5142.48 3480.90
5108.27 3492.81
5074.67 3504.83
5041.18 3517.38
5007.09 3530.77
4973.91 3544.25
4940.59 3558.38
4907.97 3572.98
4875.29 3587.89
4842.89 3603.99
4810.19 3620.26
4778.45 3637.29
4746.42 3654.47
4715.60 3672.34
4684.48 3690.59
4653.58 3709.35
4623.64 3728.48
4593.71 3747.97
4563.77 3768.21
4533.99 3788.92
4504.46 3810.27
4475.07 3832.19
4446.98 3853.96
4418.10 3876.36
4390.38 3899.20
4362.47 3922.87
4335.83 3946.66
4309.71 3970.82
4283.67 3995.45
4257.35 4021.15
4231.38 4046.86
4205.75 4072.22
4180.48 4098.87
4156.23 4125.83
4132.51 4153.17
4109.03 4180.38
4086.18 4207.76
4063.38 4236.21
4041.64 4264.34
4019.31 4293.19
3999.18 4322.83
3978.56 4352.18
3957.50 4381.99
3936.73 4411.41
3917.29 4441.19
3898.19 4471.77
3879.73 4503.21
3861.94 4534.20
3844.85 4565.63
3827.99 4598.03
3811.51 4629.72
3795.67 4661.98
3780.21 4694.95
3764.97 4727.91
3750.50 4760.67
3736.71 4794.47
3723.83 4827.74
3710.78 4861.94
3698.37 4896.40
3686.56 4931.22
3674.99 4965.32
3664.69 4998.61
3654.47 5033.06
3644.47 5068.20
3635.52 5103.10
3626.69 5138.33
3619.11 5173.71
3611.48 5209.33
3604.61 5245.07
3598.13 5280.40
3592.32 5316.05
3587.40 5351.87
3583.00 5387.14
3578.81 5423.48
3574.66 5459.48
3571.68 5494.93
3569.33 5530.37
3567.40 5566.21
3566.24 5602.11
3566.22 5637.68
3566.19 5674.29
3566.17 5710.91
3566.75 5747.18
3568.32 5783.70
3569.90 5820.34
3572.30 5856.47
3575.30 5892.22
3578.30 5927.85
3581.30 5963.43
3584.34 5999.61
3588.70 6034.84
3593.11 6070.44
3597.48 6105.70
3601.88 6141.20
3606.72 6176.39
3612.43 6212.61
3618.14 6248.91
3623.75 6284.53
3629.32 6319.59
3634.92 6355.20
3640.54 6390.91
3646.84 6426.14
3652.95 6461.71
3658.98 6496.82
3665.02 6531.94
3671.22 6568.03
3677.34 6603.70
3683.36 6638.73
3689.63 6674.25
3696.01 6710.01
3702.47 6746.16
3708.89 6782.17
3715.18 6817.45
3721.60 6853.39
3728.06 6889.59
3734.32 6924.69
3740.56 6959.68
3746.84 6994.85
3753.17 7030.07
3759.63 7066.25
3766.04 7102.12
3772.12 7136.45
3778.45 7171.91
3784.76 7207.26
3791.02 7242.27
3797.35 7277.73
3803.74 7313.54
3810.01 7348.65
3816.47 7384.82
3822.93 7420.99
3829.35 7456.92
3835.60 7491.92
3842.06 7528.10
3848.29 7563.00
3854.57 7598.19
3860.89 7633.57
3867.13 7668.50
3873.37 7703.43
3878.11 7739.56
3882.27 7775.09
3887.26 7811.18
3892.19 7846.53
3894.00 7883.20
3895.00 7918.90
3896.00 7954.22
3896.89 7990.35
3895.68 8026.21
3894.45 8062.74
3891.95 8098.03
3888.36 8133.80
3882.62 8169.72
3876.39 8204.64
3868.47 8239.47
3858.91 8274.66
3848.39 8309.06
3836.92 8343.22
3824.20 8376.93
3811.38 8410.16
3795.36 8442.71
3778.68 8474.70
3760.87 8506.40
3742.27 8536.92
3722.78 8567.92
3702.37 8597.55
3681.22 8625.99
3658.70 8654.66
3635.25 8682.46
3611.25 8709.39
3586.76 8735.29
3561.42 8761.51
3535.16 8786.44
3508.65 8810.17
3481.91 8833.51
3454.46 8856.79
3426.62 8878.74
3398.49 8900.83
3369.52 8922.93
3340.50 8944.64
3310.26 8965.09
3279.63 8984.66
3249.05 9003.79
3218.82 9022.70
3187.29 9040.85
3156.10 9058.58
3124.75 9075.08
3092.95 9091.40
3061.29 9107.48
3028.61 9122.73
2995.24 9137.74
2962.48 9151.71
2929.63 9165.28
2895.95 9178.42
2862.73 9190.56
2829.32 9202.10
2796.81 9212.71
2763.66 9223.02
2731.51 9232.55
2699.06 9241.77
2667.50 9249.60
2635.62 9257.52
2602.72 9264.25
2569.89 9270.84
2538.09 9276.55
2507.15 9282.00
2475.94 9286.68
2443.82 9291.25
2411.86 9294.99
2380.49 9298.39
2349.25 9301.19
2317.91 9303.50
2286.93 9305.25
2255.10 9306.53
2222.95 9307.83
2191.54 9308.97
2160.22 9308.97
2128.61 9308.96
2097.15 9308.92
2066.44 9308.70
2035.29 9308.53
2003.76 9308.36
1972.54 9308.18
1941.35 9308.01
1909.73 9307.83
1877.80 9307.66
1847.00 9307.48
1814.78 9307.31
