6943.46 1861.60
6939.54 1876.58
6934.95 1894.10
6929.80 1913.75
6924.05 1935.67
6917.88 1959.23
6911.31 1984.09
6904.21 2010.95
6896.09 2039.12
6886.48 2068.60
6876.34 2099.73
6865.27 2132.36
6853.67 2166.69
6844.03 2199.31
6833.76 2227.02
6825.03 2250.59
6820.10 2270.67
6815.66 2290.43
6810.51 2309.80
6804.29 2329.36
6798.04 2348.99
6791.67 2369.02
6785.63 2388.00
6779.49 2407.31
6773.35 2426.59
6767.12 2446.18
6761.37 2465.77
6755.84 2485.06
6750.25 2504.61
6744.97 2524.00
6739.52 2544.13
6734.44 2563.91
6730.36 2583.78
6726.28 2603.66
6722.68 2623.97
6719.23 2644.55
6716.55 2664.28
6713.81 2684.48
6712.48 2704.42
6711.71 2725.09
6713.41 2744.81
6716.76 2764.35
6722.58 2784.48
6729.80 2803.21
6737.98 2821.38
6747.32 2840.25
6759.10 2856.90
6771.46 2873.60
6783.77 2889.24
6797.81 2904.88
6811.62 2919.46
6826.22 2934.61
6840.27 2949.37
6854.23 2963.98
6868.72 2979.14
6883.07 2994.23
6895.19 3010.16
6906.66 3026.45
6915.93 3044.01
6924.71 3063.24
6930.25 3083.29
6933.71 3102.81
6935.08 3123.52
6933.20 3144.14
6929.27 3163.74
6922.79 3183.26
6914.22 3201.45
6904.46 3219.28
6892.44 3235.91
6877.93 3250.99
6862.83 3264.18
6846.35 3276.03
6828.67 3286.44
6810.08 3296.44
6791.25 3304.97
6772.12 3311.84
6752.96 3317.37
6732.34 3321.71
6711.78 3322.90
6691.53 3321.90
6670.97 3318.04
6651.61 3311.82
6633.61 3303.04
6615.83 3293.38
6598.36 3283.19
6580.81 3272.97
6563.08 3263.62
6544.43 3256.75
6524.70 3252.48
6504.01 3249.89
6483.20 3249.97
6463.25 3252.76
6443.42 3257.72
6424.11 3262.54
6404.27 3267.50
6384.31 3272.30
6364.53 3276.76
6344.52 3281.27
6324.09 3285.87
6304.05 3290.39
6284.54 3294.35
6264.13 3298.34
6247.80 3301.53
6235.55 3303.93
6227.70 3305.46
6217.96 3307.73
6205.83 3309.65
6191.96 3311.84
6175.93 3314.38
6157.39 3317.31
6136.79 3320.57
6116.83 3323.72
6096.47 3326.81
6076.65 3329.60
6056.96 3332.38
6036.66 3335.24
6016.17 3338.13
5995.67 3341.02
5975.90 3343.80
5956.08 3346.47
5935.83 3349.06
5915.01 3351.71
5894.78 3354.30
5874.64 3356.87
5853.97 3359.51
5834.25 3362.03
5813.58 3364.67
5793.04 3367.29
5772.12 3369.97
5752.31 3372.50
5732.15 3375.07
5712.42 3377.59
5692.61 3378.27
5671.80 3378.68
5651.54 3380.38
5629.01 3383.73
5604.65 3387.36
5578.70 3391.23
5550.36 3392.05
5520.30 3396.60
5488.93 3401.91
5455.08 3407.74
5418.99 3414.63
5381.79 3422.12
5343.66 3430.55
5306.55 3439.33
5269.93 3449.32
5233.03 3459.82
5195.60 3471.10
5159.20 3482.37
5122.10 3494.87
5085.71 3507.88
5049.19 3521.37
5012.76 3535.59
4976.66 3550.27
4940.99 3565.45
4905.27 3581.43
4869.95 3597.92
4834.84 3615.35
4800.42 3632.99
4766.45 3651.22
4732.59 3670.04
4699.72 3689.30
4666.04 3709.21
4633.35 3730.10
4601.28 3750.82
4569.62 3772.21
4537.95 3794.19
4506.34 3817.05
4475.86 3839.93
4445.11 3863.76
4414.81 3887.28
4385.00 3912.41
4355.33 3937.58
4327.58 3963.27
4299.20 3989.72
4271.16 4016.78
4244.20 4043.45
4217.04 4070.32
4190.65 4097.59
4165.05 4125.73
4139.56 4155.10
4114.56 4184.06
4089.54 4214.03
4065.55 4244.19
4047.59 4272.82
4029.55 4296.13
4014.88 4316.94
4003.56 4334.63
3993.92 4352.15
3983.44 4370.49
3972.75 4387.23
3961.64 4404.62
3950.44 4422.15
3939.52 4439.24
3930.79 4457.73
3926.90 4477.58
3931.69 4497.66
3944.55 4512.68
3963.32 4520.19
3983.74 4517.98
4000.15 4506.16
4009.49 4488.86
4010.92 4469.05
4007.58 4448.88
4001.89 4429.28
3995.89 4409.75
3989.91 4390.28
3983.71 4370.54
3976.69 4350.90
3969.80 4331.60
3962.88 4312.20
3957.68 4292.38
3952.91 4271.98
3951.55 4250.98
3951.20 4230.94
3951.86 4210.22
3953.44 4189.55
3957.61 4169.29
3961.64 4150.40
3966.16 4131.08
3970.52 4112.45
3974.65 4094.77
3978.62 4077.81
3982.83 4059.82
3987.09 4041.61
3991.36 4023.32
3995.21 4006.87
3999.15 3990.02
4003.14 3972.95
4004.98 3955.32
4006.50 3937.29
4007.18 3919.93
4007.60 3902.42
4008.00 3885.78
4008.37 3868.10
4008.72 3851.53
4009.23 3834.09
4010.88 3817.61
4012.53 3801.13
4014.21 3784.35
4015.98 3766.64
4017.32 3749.18
4018.36 3731.91
4019.33 3715.75
4021.67 3698.13
4024.10 3680.42
4026.41 3663.63
4028.76 3646.50
4030.99 3630.28
4032.27 3612.93
4033.32 3593.78
4034.47 3572.79
4039.02 3550.32
4042.27 3526.51
4045.08 3501.17
4046.60 3473.75
4048.22 3444.37
4049.93 3413.54
4051.74 3380.75
4053.68 3345.61
4055.75 3308.21
4057.88 3269.62
4058.04 3230.66
4057.99 3192.57
4057.77 3153.34
4057.02 3115.34
4056.26 3076.91
4054.99 3038.80
4053.20 3000.05
4050.36 2961.01
4047.49 2922.11
4044.65 2883.73
4041.50 2844.57
4035.87 2806.99
4030.15 2768.81
4024.37 2730.25
4016.61 2692.15
4008.72 2654.77
4000.51 2616.53
3991.09 2579.09
3981.11 2542.22
3969.83 2504.61
3957.54 2467.34
3944.06 2430.45
3929.35 2394.29
3914.08 2359.40
3897.41 2324.36
3879.89 2289.93
3861.40 2256.05
3841.20 2222.53
3821.08 2189.95
3799.29 2157.31
3776.61 2125.39
3752.59 2094.96
3727.70 2064.73
3701.71 2035.34
3675.26 2007.31
3645.96 1982.55
3617.95 1956.52
3588.40 1931.91
3558.22 1907.79
3527.98 1884.51
3496.91 1862.44
3464.37 1841.60
3431.80 1821.19
3398.81 1801.90
3365.43 1783.47
3331.50 1766.59
3297.70 1747.90
