6943.72 1860.63
6939.78 1875.66
6935.30 1892.75
6930.27 1911.95
6924.85 1932.63
6919.09 1954.61
6912.78 1978.54
6906.03 2004.04
6898.44 2031.91
6888.92 2061.11
6878.70 2092.48
6868.64 2123.28
6857.49 2153.35
6849.47 2184.66
6839.73 2210.92
6831.08 2234.26
6823.68 2254.81
6819.87 2271.72
6816.01 2288.87
6811.97 2305.21
6806.84 2321.33
6801.66 2337.62
6796.60 2353.52
6791.31 2370.16
6786.04 2386.70
6781.00 2402.56
6775.77 2418.98
6770.59 2435.27
6765.57 2451.09
6760.94 2467.28
6756.22 2483.75
6751.43 2500.49
6746.89 2516.90
6742.57 2532.87
6738.05 2549.57
6733.99 2566.10
6730.45 2583.33
6726.97 2600.28
6723.82 2617.26
6721.04 2633.69
6718.35 2650.99
6716.11 2667.53
6713.79 2684.58
6712.60 2701.18
6711.97 2718.01
6711.80 2735.43
6714.65 2752.04
6718.03 2769.13
6723.07 2786.14
6729.40 2802.29
6736.20 2817.70
6743.87 2833.53
6752.82 2848.03
6762.43 2861.60
6772.44 2874.84
6782.85 2888.06
6793.95 2900.59
6805.41 2913.02
6816.97 2925.01
6828.67 2937.14
6840.81 2949.93
6852.70 2962.38
6864.72 2974.96
6876.38 2987.16
6887.55 3000.12
6897.65 3013.39
6907.18 3027.38
6915.19 3042.40
6922.46 3058.31
6928.04 3074.08
6932.16 3091.22
6934.04 3107.81
6935.02 3124.40
6933.40 3141.99
6930.68 3158.29
6926.45 3174.65
6919.38 3190.65
6911.57 3206.30
6903.06 3221.83
6892.84 3235.50
6880.91 3247.90
6868.98 3259.76
6854.89 3269.89
6841.24 3279.68
6826.42 3287.65
6811.67 3295.58
6796.43 3302.75
6781.06 3309.08
6764.87 3314.09
6748.90 3318.41
6731.92 3321.76
6714.76 3322.90
6698.04 3322.91
6681.45 3320.08
6665.16 3316.17
6648.49 3310.82
6633.00 3302.72
6617.59 3294.40
6602.52 3285.62
6588.06 3277.19
6573.69 3268.82
6557.84 3261.07
6541.97 3256.02
6525.12 3252.56
6508.24 3250.00
6490.94 3249.57
6473.66 3250.87
6456.36 3254.48
6440.27 3258.50
6423.51 3262.69
6407.11 3266.79
6390.55 3270.89
6373.85 3274.66
6356.59 3278.55
6340.16 3282.25
6323.01 3286.12
6306.20 3289.90
6289.69 3293.35
6273.13 3296.58
6256.10 3299.91
6241.95 3302.68
6232.22 3304.58
6226.91 3305.62
6219.22 3307.51
6209.71 3309.03
6197.76 3310.92
6183.62 3313.16
6168.20 3315.60
6151.66 3318.21
6134.20 3320.98
6116.85 3323.72
6100.15 3326.29
6083.09 3328.69
6066.52 3331.03
6050.11 3333.34
6033.66 3335.66
6016.29 3338.11
5998.96 3340.55
5981.76 3342.98
5964.96 3345.33
5948.40 3347.45
5930.84 3349.69
5913.92 3351.85
5896.31 3354.10
5879.02 3356.31
5861.33 3358.57
5844.10 3360.77
5826.91 3362.97
5809.99 3365.13
5792.96 3367.30
5776.32 3369.43
5759.44 3371.59
5742.47 3373.75
5725.95 3375.86
5709.45 3377.94
5691.95 3378.28
5674.90 3378.62
5658.15 3379.39
5639.56 3382.16
5618.85 3385.25
5596.53 3388.57
5571.76 3392.26
5545.67 3392.75
5517.38 3397.10
5486.70 3402.29
5454.66 3407.81
5423.05 3413.86
5391.11 3420.06
5358.98 3427.16
5326.89 3434.25
5295.75 3442.27
5264.63 3450.77
5234.00 3459.53
5202.85 3468.92
5171.27 3478.43
5140.48 3488.49
5110.38 3499.06
5079.87 3509.97
5049.96 3521.07
5019.51 3532.85
4989.22 3545.16
4958.69 3557.58
4928.75 3570.92
4898.59 3584.41
4868.96 3598.41
4839.79 3612.89
4810.92 3627.35
4782.70 3642.50
4754.21 3657.79
4725.56 3674.16
4697.78 3690.43
4669.36 3707.09
4641.70 3724.76
4613.85 3742.57
4586.55 3760.77
4559.15 3779.29
4533.11 3797.69
4506.83 3816.69
4481.25 3835.75
4456.04 3855.29
4430.36 3875.18
4404.87 3895.55
4380.11 3916.56
4355.78 3937.20
4331.99 3959.20
4307.68 3981.68
4284.14 4004.14
4261.13 4026.70
4237.74 4049.84
4214.39 4072.94
4192.07 4096.04
4170.49 4119.47
4149.26 4143.93
4127.60 4168.89
4106.66 4193.49
4085.69 4218.65
4065.36 4244.44
4045.57 4270.03
4025.50 4295.96
4006.89 4323.11
3988.42 4349.67
3969.40 4376.59
3950.32 4403.62
3931.55 4430.82
3914.38 4458.31
3897.08 4486.26
3880.83 4514.55
3864.44 4543.10
3849.15 4571.68
3834.46 4599.90
3819.25 4629.15
3805.05 4657.72
3791.31 4686.63
3777.79 4715.90
3764.36 4744.98
3751.94 4774.33
3739.86 4804.60
3728.27 4834.58
3716.76 4864.78
3705.66 4895.46
3695.06 4926.69
3684.71 4957.20
3672.57 4987.27
3662.53 5017.47
3653.19 5048.96
3644.77 5080.33
3636.60 5112.16
3629.03 5143.13
3622.18 5175.14
3615.37 5206.91
3612.26 5239.93
3606.34 5272.23
3600.64 5303.98
3596.13 5336.73
3591.67 5369.41
3587.91 5402.11
3584.23 5434.05
3580.52 5466.32
3578.09 5498.12
3575.96 5530.14
3574.15 5562.56
3572.90 5594.53
3572.82 5627.00
3572.80 5659.22
3572.78 5691.49
3572.77 5724.31
3573.78 5756.95
3575.15 5789.03
3576.57 5822.05
3578.74 5854.48
3581.43 5886.37
3584.12 5918.37
3586.86 5950.83
3589.57 5983.06
3592.86 6014.72
3596.81 6046.65
3600.77 6078.56
3604.81 6111.20
3608.85 6143.77
3613.27 6175.50
3618.37 6207.92
3623.35 6239.52
3628.42 6271.74
3633.39 6303.30
3638.46 6335.26
3643.51 6367.32
3648.75 6399.04
3654.41 6431.21
3659.80 6462.60
3665.24 6494.24
3670.72 6526.15
3676.13 6557.68
3681.71 6590.13
3687.11 6621.58
3692.70 6653.87
3698.38 6685.69
3703.99 6717.13
3709.75 6749.41
3715.37 6780.88
3721.12 6813.14
3726.73 6844.59
3732.42 6876.44
3738.09 6908.26
3743.77 6940.07
3749.37 6971.47
3754.99 7002.94
3760.67 7034.47
3766.46 7066.93
3772.21 7099.12
3774.44 7130.65
3780.16 7162.71
3785.86 7194.63
3791.57 7226.59
3797.29 7258.64
3803.01 7290.64
3808.68 7322.41
3814.35 7354.18
3823.42 7386.17
3829.05 7417.67
3834.76 7449.67
3840.49 7481.73
3846.23 7513.92
3851.92 7545.75
3857.73 7578.30
3863.45 7610.30
3869.22 7642.63
3874.91 7674.50
3880.59 7706.28
3884.67 7738.79
3888.33 7770.68
3892.70 7802.31
3897.09 7834.10
3900.10 7865.53
3901.02 7898.18
3901.96 7931.35
3902.86 7963.67
3903.32 7995.61
3902.22 8027.90
3901.14 8060.01
3899.07 8093.04
3895.87 8125.05
3891.20 8157.80
3886.01 8190.36
3879.06 8222.67
3871.42 8254.55
3862.74 8285.41
3852.98 8316.10
3842.38 8347.54
3830.65 8378.53
3819.09 8409.08
3804.90 8438.27
3790.31 8467.39
3774.33 8496.03
3758.11 8523.61
3740.89 8551.88
3723.31 8578.79
3704.89 8605.53
3685.23 8631.65
3665.27 8657.12
3644.27 8682.00
3622.49 8706.76
3598.96 8727.42
3576.76 8750.39
3553.68 8774.09
3529.77 8795.78
3505.44 8817.38
3481.35 8838.32
3456.14 8859.70
3430.96 8879.51
3406.19 8899.04
3380.54 8918.68
3354.97 8938.18
3328.08 8957.39
3301.30 8974.80
3273.37 8992.47
3245.91 9009.65
3218.40 9026.85
3190.50 9042.82
3163.99 9061.68
3135.74 9076.84
3107.07 9091.62
3077.96 9106.42
3048.78 9120.85
3019.45 9134.13
2989.54 9147.34
2959.80 9160.03
2929.15 9172.60
2898.34 9184.57
2867.68 9195.83
2837.14 9206.40
2806.49 9216.50
2774.88 9226.43
2743.81 9235.90
2712.25 9244.90
2680.59 9253.15
2648.69 9261.08
2617.52 9268.00
2585.08 9274.52
2552.55 9280.70
2520.24 9286.39
2488.01 9291.63
2455.21 9296.29
2422.94 9300.42
2390.73 9303.91
2358.48 9307.02
2325.63 9309.67
2292.88 9311.53
2260.99 9312.90
2228.76 9314.20
2195.73 9315.51
2163.40 9315.57
2131.35 9315.56
2099.38 9315.54
2067.23 9312.01
2034.34 9311.83
2002.26 9311.65
1969.68 9311.47
1937.61 9311.29
1905.25 9311.11
1873.27 9310.93
1840.32 9310.75
1808.47 9310.57
