11368.40 9893.26
11356.35 9883.69
11342.67 9872.83
11327.61 9860.64
11311.30 9846.69
11293.62 9830.49
11275.61 9812.59
11257.10 9793.35
11238.89 9773.56
11221.88 9753.24
11204.88 9731.90
11188.20 9710.18
11174.43 9688.31
11159.73 9665.01
11146.48 9641.70
11132.88 9617.76
11121.10 9593.76
11109.68 9568.41
11099.45 9543.72
11089.95 9518.96
11080.81 9493.23
11072.76 9466.57
11065.30 9440.08
11058.25 9413.53
11053.46 9386.47
11049.36 9360.31
11045.89 9333.08
11043.42 9306.26
11041.03 9279.06
11040.27 9252.55
11039.49 9225.05
11039.32 9197.75
11039.81 9170.68
11044.11 9144.26
11042.52 9116.91
11044.21 9089.91
11045.94 9062.37
11047.60 9035.81
11049.33 9008.21
11050.95 8981.91
11052.59 8955.09
11054.26 8927.82
11055.36 8901.21
11056.42 8873.76
11057.47 8846.76
11057.59 8820.36
11056.93 8793.29
11055.75 8766.51
11054.00 8740.04
11050.99 8712.94
11047.29 8685.91
11043.50 8658.74
11038.69 8631.65
11033.94 8604.88
11027.68 8578.36
11020.70 8552.72
11013.25 8527.01
11005.15 8500.95
10996.62 8474.98
10987.27 8449.38
10977.97 8424.73
10968.28 8399.15
10958.76 8374.03
10949.23 8348.89
10939.30 8323.08
10929.04 8297.67
10918.99 8272.78
10908.99 8248.01
10898.94 8223.12
10888.71 8197.79
10879.34 8172.99
10870.01 8147.11
10860.89 8121.54
10851.82 8095.62
10843.37 8070.29
10836.88 8044.17
10830.23 8017.36
10823.56 7990.50
10817.01 7964.12
10810.42 7937.60
10805.42 7911.22
10800.90 7883.97
10796.38 7856.70
10792.96 7829.48
10790.10 7802.40
10787.32 7776.04
10786.00 7749.07
10785.95 7722.17
10785.91 7694.86
10786.04 7667.37
10786.93 7640.85
10787.85 7613.66
10788.77 7586.27
10789.65 7559.97
10790.54 7533.53
10790.94 7506.46
10790.74 7479.98
10790.07 7453.45
10788.37 7426.64
10786.02 7399.68
10783.41 7372.56
10780.06 7345.30
10775.53 7318.39
10770.86 7291.15
10765.76 7264.57
10758.68 7238.20
10751.73 7212.49
10743.37 7187.39
10734.99 7162.22
10725.83 7137.46
10715.55 7111.94
10705.31 7087.12
10694.51 7062.78
10686.45 7038.32
10670.77 7015.90
10657.53 6992.23
10643.69 6968.44
10629.26 6945.70
10613.89 6923.75
10598.23 6901.59
10581.86 6879.23
10566.08 6857.69
10549.87 6835.56
10534.01 6813.92
10518.38 6792.58
10502.80 6770.88
10488.19 6747.88
10473.93 6725.43
10460.58 6702.70
10448.29 6678.82
10436.10 6655.12
10424.45 6631.31
10413.07 6607.18
10402.35 6582.87
10392.65 6557.33
10383.30 6532.69
10375.30 6506.93
10367.22 6480.63
10359.88 6454.60
10353.40 6428.14
10346.86 6401.41
10342.37 6374.36
10338.40 6348.22
10335.19 6321.28
10332.51 6294.44
10331.21 6266.90
10330.82 6239.76
10330.12 6213.17
10329.32 6185.88
10328.55 6159.55
10329.22 6132.32
10329.92 6104.73
10330.61 6077.28
10331.29 6050.01
10331.98 6022.87
10331.67 5995.67
10331.06 5969.13
10330.43 5941.49
10329.82 5914.85
10329.21 5888.24
10327.50 5861.88
10324.46 5834.95
10321.43 5808.16
10318.37 5781.02
10315.26 5753.49
10311.18 5726.41
10305.68 5699.67
10300.31 5673.56
10294.64 5647.42
10288.28 5621.37
10281.75 5594.61
10274.98 5567.82
10267.08 5542.06
10259.14 5516.20
10250.64 5491.07
10241.21 5466.24
10231.83 5441.55
10221.87 5416.99
10210.95 5391.51
10200.31 5366.66
10189.89 5342.33
10178.22 5317.45
10165.87 5294.05
10152.98 5269.63
10140.30 5246.16
10126.54 5222.37
10113.06 5199.05
10098.56 5175.44
10083.37 5152.73
10068.29 5130.20
10052.84 5107.49
10037.78 5085.70
10022.32 5063.32
10006.27 5040.78
9990.05 5019.60
9973.81 4998.40
9957.03 4976.47
9940.12 4954.86
9922.46 4933.53
9904.99 4912.44
9887.50 4891.33
9870.65 4870.97
9853.23 4849.94
9836.05 4829.20
9818.46 4807.95
9801.22 4787.82
9783.09 4766.88
9765.43 4746.25
9748.30 4726.03
9731.23 4705.88
9713.97 4685.49
9696.07 4664.35
9678.47 4643.58
9661.22 4623.21
9644.03 4602.91
9626.95 4582.74
9609.04 4561.60
9591.83 4540.39
9574.83 4519.13
9558.07 4498.17
9541.20 4477.09
9524.72 4456.36
9508.21 4434.70
9491.75 4413.10
9475.41 4390.72
9459.32 4368.61
9444.29 4346.67
9429.35 4324.69
9414.08 4302.20
9399.18 4280.28
9384.38 4257.63
9369.99 4235.31
9355.13 4212.26
9340.22 4189.12
9326.02 4166.01
9312.35 4142.62
9298.65 4119.16
9284.82 4095.48
9270.85 4071.57
9257.12 4048.06
9243.86 4024.76
9230.43 4001.18
9216.88 3977.39
9203.73 3954.29
9190.27 3930.65
9176.72 3907.40
9163.18 3884.70
9149.68 3862.06
9135.90 3838.95
9122.00 3815.65
9108.05 3792.26
9093.89 3768.53
9079.85 3744.99
9064.65 3722.24
9049.17 3699.52
9033.58 3676.65
9018.30 3654.23
9002.77 3631.44
8986.36 3609.59
8969.83 3588.22
8953.60 3567.25
8937.38 3546.45
8920.20 3525.98
8903.19 3505.71
8885.57 3486.05
8867.16 3466.19
8848.59 3446.16
8830.17 3427.30
8811.12 3408.42
8791.97 3389.87
8772.84 3371.48
8752.77 3353.54
8733.07 3335.93
8713.03 3318.68
8691.75 3301.80
8670.87 3285.22
8649.78 3268.49
8627.92 3252.27
8605.72 3235.96
8584.19 3220.13
8561.87 3204.30
8539.07 3189.47
8516.35 3174.98
8493.03 3160.71
8469.10 3146.77
8445.20 3133.34
8421.32 3119.92
8397.21 3107.42
8373.09 3095.18
8348.52 3082.82
8323.86 3070.62
8299.49 3059.18
8274.21 3048.22
8248.82 3037.91
8223.32 3027.57
8198.82 3017.89
8173.42 3008.73
8147.63 2999.75
8122.12 2991.08
8096.42 2982.97
8069.95 2975.40
8044.09 2968.31
8018.12 2961.58
7991.31 2954.94
7964.59 2949.07
7938.40 2943.55
7911.85 2938.13
7885.20 2933.32
7858.31 2928.86
7831.34 2925.38
7804.32 2922.16
7777.11 2919.19
7749.59 2917.22
7722.25 2915.26
7695.47 2914.13
7668.22 2913.66
7640.99 2913.35
7614.66 2913.57
7588.22 2914.23
7561.18 2915.40
7533.87 2917.18
7507.37 2919.34
7480.07 2921.77
7453.70 2925.23
7427.39 2928.98
7401.35 2933.23
7374.76 2937.63
7348.42 2942.63
7322.23 2947.73
7296.44 2953.73
7270.72 2960.00
7244.37 2967.16
7217.81 2974.78
7191.93 2982.76
7166.11 2990.74
7140.59 2999.21
7115.45 3007.70
7090.51 3016.91
7064.87 3026.37
7038.91 3035.95
7013.69 3045.43
6988.34 3055.01
6963.49 3064.60
6938.58 3074.24
6913.21 3083.97
6888.26 3093.59
6862.80 3103.40
6838.01 3112.96
6812.13 3122.93
6786.54 3132.79
6761.39 3142.49
6736.30 3152.06
6711.03 3161.24
6684.95 3170.72
6659.69 3179.82
6634.50 3188.68
6608.78 3197.72
6583.17 3206.23
6557.60 3214.53
6531.20 3223.10
6505.25 3230.57
6479.42 3238.01
6453.09 3245.34
6427.57 3252.23
6400.77 3259.43
6374.62 3265.82
6348.83 3272.11
6322.55 3278.09
6296.21 3283.94
6270.00 3289.77
6243.72 3294.87
6217.56 3299.89
6190.88 3304.61
6164.05 3309.16
6136.92 3313.77
6109.99 3318.34
6083.07 3322.22
6056.27 3326.00
6029.13 3329.83
6002.08 3333.53
5974.58 3337.13
5947.14 3340.71
5920.37 3344.01
5894.09 3347.21
5867.36 3350.46
5840.22 3353.77
5813.38 3357.03
5786.47 3360.31
5759.97 3363.53
5732.67 3366.86
5705.24 3370.19
5678.12 3373.49
5650.72 3377.17
5623.99 3381.15
5597.88 3385.03
5570.54 3389.10
5543.41 3389.76
5517.36 3393.75
5491.52 3401.48
5465.33 3405.91
5438.23 3410.96
5411.06 3416.15
5384.26 3421.58
5357.94 3427.39
5331.20 3433.30
5305.59 3439.59
5278.89 3446.88
5252.29 3454.14
5226.36 3461.83
5200.05 3469.76
5174.56 3477.44
5149.15 3485.66
5122.98 3494.55
5096.94 3503.87
5071.91 3512.82
5046.39 3522.44
5021.45 3532.06
4997.02 3541.99
4972.45 3551.98
4948.06 3562.29
4923.64 3573.21
4899.61 3583.96
4875.42 3595.21
4850.78 3607.44
4826.62 3619.43
4803.03 3631.58
4778.63 3644.68
4754.80 3657.47
4731.74 3670.54
4708.18 3684.34
4685.21 3697.80
4662.17 3711.68
4639.87 3725.94
4617.15 3740.46
4594.56 3755.36
4572.06 3770.56
4549.83 3785.60
4527.48 3801.76
4505.09 3817.95
4483.56 3833.96
4461.87 3850.77
4440.87 3867.04
4419.92 3883.30
4399.40 3900.19
4378.53 3917.90
4357.75 3935.52
4337.91 3953.72
4317.76 3972.36
4298.20 3990.68
4278.96 4009.11
4259.49 4028.33
4240.41 4047.20
4221.29 4066.11
4202.32 4084.96
4183.85 4104.94
4166.08 4124.55
4147.97 4145.41
4130.11 4166.00
4112.67 4186.31
4094.95 4207.54
4078.04 4228.10
4062.37 4249.33
4048.34 4271.85
4032.15 4292.77
4018.53 4311.38
4007.93 4327.54
4000.40 4340.37
3993.70 4352.53
3987.15 4364.44
3979.78 4376.22
3971.94 4388.50
3964.52 4400.10
3957.08 4411.76
3949.56 4423.53
3942.20 4435.05
3935.25 4446.81
3929.78 4460.20
3926.91 4474.66
3928.29 4489.21
3934.62 4502.58
3944.93 4512.92
3957.91 4519.43
3972.68 4520.51
3986.39 4516.93
3997.78 4509.11
4005.92 4497.94
4010.42 4483.86
4010.94 4469.30
4009.17 4454.58
4005.19 4440.30
4000.99 4426.35
3996.90 4413.05
3992.56 4398.90
3988.54 4385.83
3984.41 4372.51
3979.83 4359.67
3975.19 4346.70
3970.61 4333.85
3965.81 4320.41
3961.39 4307.05
3957.98 4293.58
3954.39 4279.38
3952.41 4266.01
3951.55 4251.28
3951.31 4237.31
3951.06 4223.40
3951.97 4208.78
3953.00 4194.84
3955.30 4180.52
3958.19 4166.44
3961.01 4153.12
3964.16 4139.63
3967.50 4125.36
3970.68 4111.77
3973.83 4098.27
3977.08 4084.39
3980.30 4070.64
3983.69 4056.13
3986.79 4042.85
3989.97 4029.27
3993.11 4015.87
3996.22 4002.57
3999.30 3989.38
4002.44 3975.94
4004.40 3962.13
4005.56 3948.49
4006.78 3934.01
4007.19 3919.69
4007.52 3905.75
4007.85 3891.96
4008.17 3878.09
4008.46 3864.00
4008.74 3850.29
4009.04 3836.08
4010.47 3821.68
4011.94 3806.98
4013.37 3792.77
4014.72 3779.25
4016.08 3765.67
4017.17 3751.73
4017.99 3737.97
4018.82 3724.29
4020.02 3710.15
4021.88 3696.57
4023.84 3682.29
4025.71 3668.72
4027.68 3654.38
4029.56 3640.71
4031.51 3625.95
4032.51 3608.48
4033.58 3589.12
4034.78 3567.33
4036.08 3543.62
4040.81 3518.77
4042.30 3491.75
4043.79 3464.80
4045.29 3437.62
4046.77 3410.88
4048.29 3383.42
4049.76 3356.73
4051.22 3330.31
4052.72 3303.24
4054.24 3275.71
4054.76 3248.51
4054.72 3221.13
4054.69 3194.71
4054.66 3168.31
4054.24 3141.57
4053.69 3114.22
4053.15 3086.90
4052.63 3060.39
4051.47 3033.93
4050.23 3007.21
4048.49 2980.35
4046.54 2954.00
4044.56 2927.21
4042.61 2900.91
4040.67 2874.66
4038.65 2847.80
4034.64 2821.02
4030.69 2794.67
4026.58 2767.29
4022.52 2740.18
4017.78 2713.60
4012.11 2686.75
4006.65 2660.90
4001.14 2634.84
3995.01 2608.20
3988.38 2581.84
3981.39 2555.62
3974.14 2529.37
3965.99 2503.48
3957.62 2477.98
3948.39 2451.91
3939.26 2427.09
3928.77 2401.55
3918.12 2376.65
3907.06 2351.73
3895.56 2328.06
3883.80 2304.36
3871.12 2280.75
3858.53 2257.67
3844.37 2234.08
3830.14 2210.70
3815.52 2187.57
3800.83 2165.56
3786.11 2143.53
3770.02 2122.31
3753.41 2101.16
3736.46 2080.57
3719.34 2059.87
3701.75 2040.32
3683.52 2020.61
3664.83 2001.26
3645.81 1982.42
3625.98 1963.96
3606.10 1946.65
3585.83 1929.77
3565.28 1913.24
3544.41 1897.12
3522.62 1880.71
3500.58 1865.05
3478.52 1850.47
3455.84 1836.26
3432.84 1821.84
3410.10 1808.44
3386.98 1795.23
3363.29 1782.30
3339.14 1770.22
3315.18 1759.19
3292.87 1745.79
