11368.40 9893.26
11355.22 9882.80
11340.67 9871.25
11324.09 9857.63
11306.23 9842.20
11287.03 9824.39
11266.96 9803.60
11246.03 9781.91
11225.33 9757.36
11204.03 9730.80
11181.51 9701.47
11161.85 9668.36
11142.44 9634.59
11123.88 9599.86
11107.70 9563.62
11092.86 9527.11
11080.01 9490.57
11068.63 9452.64
11058.69 9415.16
11051.79 9376.92
11046.41 9337.18
11042.84 9298.08
11040.46 9259.16
11039.36 9220.40
11039.45 9180.94
11044.18 9143.15
11046.66 9103.57
11049.14 9064.03
11051.57 9025.13
11053.98 8986.27
11056.39 8947.05
11058.39 8908.13
11059.89 8869.53
11061.13 8830.26
11060.20 8791.61
11058.18 8753.10
11054.44 8713.83
11049.18 8675.38
11043.03 8637.24
11036.21 8599.06
11026.60 8561.35
11015.46 8523.01
11003.45 8485.20
10990.12 8447.56
10976.44 8411.38
10962.64 8374.98
10948.76 8338.36
10934.33 8301.96
10919.80 8265.99
10905.37 8230.24
10890.51 8193.45
10876.88 8156.43
10863.72 8119.62
10847.35 8082.82
10837.04 8044.79
10827.76 8007.42
10818.14 7968.68
10808.65 7930.49
10802.24 7892.05
10795.72 7852.72
10791.35 7814.23
10787.17 7774.62
10785.97 7736.07
10785.91 7696.33
10786.41 7656.26
10787.73 7617.27
10789.04 7578.23
10790.35 7539.39
10790.89 7500.69
10790.60 7461.95
10788.11 7422.52
10784.42 7383.08
10779.96 7344.71
10773.42 7305.82
10766.52 7267.41
10756.42 7229.80
10745.20 7192.87
10732.74 7155.48
10718.28 7118.72
10703.38 7082.77
10690.38 7045.71
10672.21 7011.57
10652.86 6977.64
10631.94 6943.78
10609.05 6911.10
10586.05 6879.38
10562.95 6847.84
10539.91 6816.38
10516.76 6784.77
10494.83 6752.17
10474.09 6719.52
10455.28 6685.18
10437.24 6650.12
10420.15 6614.45
10404.01 6577.94
10390.00 6541.06
10377.90 6504.16
10366.18 6466.03
10356.85 6428.34
10348.00 6389.43
10342.11 6350.70
10337.52 6311.38
10334.60 6272.66
10334.04 6233.97
10332.90 6195.43
10331.91 6156.59
10332.91 6116.73
10333.89 6078.09
10334.89 6038.13
10335.03 5998.38
10334.13 5958.84
10333.24 5920.15
10332.36 5881.59
10328.67 5842.80
10324.19 5803.11
10319.84 5764.65
10314.36 5725.52
10306.58 5687.70
10298.65 5649.94
10289.21 5611.28
10279.93 5573.25
10268.66 5535.96
10256.99 5498.51
10242.89 5461.37
10228.87 5424.95
10213.46 5388.97
10198.15 5353.25
10182.20 5317.92
10163.78 5283.01
10145.45 5248.48
10125.91 5214.69
10106.31 5181.09
10082.17 5150.94
10060.66 5118.82
10038.16 5086.26
10016.05 5054.25
9992.35 5022.61
9968.92 4992.00
9944.69 4960.37
9919.78 4930.30
9894.42 4899.67
9869.53 4869.62
9844.61 4839.53
9819.92 4809.72
9794.57 4780.14
9769.33 4750.86
9744.09 4721.06
9718.32 4690.63
9692.92 4660.63
9667.84 4631.02
9642.92 4601.59
9617.46 4571.53
9592.76 4541.54
9568.34 4511.01
9543.70 4480.21
9519.31 4449.26
9495.47 4417.98
9471.87 4385.86
9449.11 4353.77
9427.04 4321.28
9404.86 4288.64
9383.36 4256.06
9361.95 4222.84
9340.38 4189.37
9320.11 4155.90
9300.44 4122.23
9280.45 4088.01
9260.81 4054.39
9241.62 4020.83
9221.87 3986.14
9202.82 3952.69
9183.32 3918.48
9163.23 3884.78
9143.08 3850.99
9123.15 3817.58
9102.75 3783.37
9082.45 3749.34
9060.45 3716.07
9038.78 3684.28
9017.07 3652.42
8994.84 3620.54
8970.43 3588.99
8945.99 3557.41
8921.27 3527.26
8896.30 3497.63
8869.53 3468.75
8842.37 3439.44
8814.33 3411.59
8785.89 3384.00
8757.29 3357.58
8728.22 3331.59
8698.43 3307.10
8667.79 3282.78
8636.26 3258.40
8604.77 3235.26
8572.97 3212.14
8539.84 3189.97
8506.99 3169.25
8473.36 3149.16
8438.60 3129.63
8403.95 3110.83
8369.57 3093.40
8334.69 3075.87
8299.02 3058.95
8263.25 3043.77
8227.37 3029.21
8191.37 3015.20
8155.10 3002.29
8117.35 2989.49
8079.10 2977.91
8040.79 2967.41
8003.50 2957.86
7965.33 2949.23
7926.29 2941.08
7888.29 2933.84
7850.17 2927.62
7810.88 2922.94
7772.56 2918.87
7733.65 2916.08
7693.79 2914.10
7654.26 2913.43
7615.75 2913.56
7576.50 2914.57
7536.82 2916.98
7497.95 2920.17
7459.45 2924.47
7420.27 2930.14
7381.81 2936.48
7342.90 2943.71
7305.26 2951.67
7266.71 2961.00
7229.12 2971.54
7192.28 2982.65
7154.46 2994.58
7116.85 3007.19
7080.28 3020.68
7043.35 3034.31
7007.32 3047.83
6970.03 3062.08
6933.98 3076.02
6897.35 3090.09
6860.16 3104.42
6822.99 3118.75
6787.01 3132.61
6750.19 3146.80
6713.29 3160.42
6676.67 3173.73
6639.91 3186.78
6602.26 3200.01
6565.53 3211.96
6527.92 3224.05
6490.13 3234.93
6451.63 3245.74
6414.20 3255.84
6376.59 3265.34
6337.88 3274.68
6300.20 3283.06
6261.92 3291.38
6223.04 3298.84
6184.51 3305.69
6146.43 3312.15
6107.33 3318.79
6068.60 3324.26
6029.08 3329.83
5990.04 3335.11
5951.37 3340.16
5911.73 3345.06
5872.42 3349.85
5833.67 3354.56
5794.46 3359.34
5755.28 3364.10
5716.12 3368.87
5676.41 3373.70
5637.33 3379.16
5598.09 3385.00
5559.86 3387.31
5520.79 3393.17
5482.06 3399.73
5443.79 3406.53
5404.85 3413.98
5367.15 3421.98
5328.81 3430.45
5290.73 3440.23
5252.50 3450.66
5215.02 3461.80
5177.99 3472.96
5141.06 3484.83
5104.16 3497.78
5067.38 3510.94
5031.75 3528.06
4995.88 3542.45
4959.36 3557.30
4923.37 3573.33
4887.16 3589.53
4852.38 3606.65
4816.76 3624.33
4782.27 3642.73
4748.20 3661.01
4713.69 3681.11
4680.43 3700.60
4646.86 3721.46
4613.83 3742.58
4581.74 3764.02
4549.49 3785.84
4517.97 3808.64
4485.91 3832.14
4455.19 3855.94
4424.20 3879.97
4393.49 3905.20
4363.64 3930.53
4335.29 3956.15
4306.05 3983.19
4277.32 4010.70
4249.26 4038.44
4221.86 4065.55
4194.74 4093.16
4168.25 4122.05
4142.45 4151.78
4116.35 4181.91
4091.20 4212.04
4066.53 4242.93
4042.80 4273.61
4018.66 4305.16
3996.49 4338.23
3973.63 4370.61
3950.97 4402.69
3928.85 4435.14
3908.09 4468.37
3888.01 4502.05
3868.56 4535.93
3850.16 4569.74
3832.34 4603.98
3814.43 4638.41
3797.48 4673.43
3780.74 4709.50
3764.00 4745.74
3748.59 4782.33
3734.46 4818.57
3720.17 4855.57
3706.87 4891.93
3694.24 4929.12
3681.82 4965.74
3667.11 5002.04
3656.04 5039.37
3645.47 5077.58
3635.61 5116.00
3626.75 5153.78
3618.51 5192.25
3610.67 5230.34
3603.51 5269.38
3596.68 5308.55
3591.42 5346.79
3586.43 5386.12
3581.93 5425.17
3577.50 5463.71
3574.42 5503.44
3571.81 5542.85
3570.08 5582.23
3569.53 5621.12
3569.50 5659.68
3569.48 5699.02
3569.70 5738.84
3571.37 5777.73
3573.08 5817.67
3575.66 5857.17
3582.26 5896.28
3585.60 5935.88
3588.86 5974.62
3592.71 6013.56
3597.52 6052.38
3602.26 6090.64
3607.13 6129.92
3612.17 6168.54
3618.21 6206.87
3624.34 6245.85
3630.44 6284.55
3636.51 6322.85
3642.63 6361.71
3649.07 6400.73
3655.82 6439.40
3662.49 6478.26
3669.15 6517.00
3675.85 6556.03
3682.45 6594.44
3689.00 6632.59
3695.71 6670.71
3702.70 6709.91
3709.55 6748.29
3716.52 6787.38
3723.48 6826.34
3730.45 6865.40
3737.36 6904.14
3744.15 6942.20
3750.92 6980.12
3757.88 7018.90
3764.78 7057.52
3771.79 7096.79
3775.34 7135.68
3782.23 7174.31
3789.26 7213.65
3796.06 7251.76
3803.08 7291.05
3809.88 7329.10
3816.87 7368.27
3823.65 7406.24
3830.45 7444.29
3837.47 7483.65
3844.40 7522.41
3851.25 7560.77
3858.15 7599.40
3864.98 7637.67
3871.78 7675.75
3878.64 7714.91
3883.11 7754.29
3884.80 7793.40
3890.12 7831.88
3893.64 7870.41
3894.72 7908.96
3895.81 7947.58
3896.93 7987.28
3895.66 8026.94
3894.34 8065.86
3891.33 8104.24
3886.99 8142.39
3880.89 8180.54
3873.22 8218.58
3863.81 8257.24
3853.18 8294.80
3840.70 8331.96
3827.53 8368.13
3814.04 8403.77
3797.57 8438.24
3780.42 8471.59
3761.78 8504.91
3742.42 8536.68
3722.77 8567.94
3702.64 8597.16
3681.60 8625.49
3659.36 8653.88
3635.89 8681.71
3612.92 8707.54
3589.03 8732.94
3563.98 8758.87
3538.91 8783.04
3513.39 8806.01
3487.66 8828.60
3460.97 8851.27
3433.79 8873.10
3407.54 8893.78
3380.22 8914.76
3353.57 8935.10
3325.42 8955.22
3296.72 8973.82
3268.32 8991.74
3239.14 9009.99
3210.71 9027.54
3181.93 9043.90
3152.20 9060.80
3121.58 9076.71
3090.21 9092.79
3059.93 9108.17
3028.48 9122.79
2996.71 9137.11
2965.64 9150.37
2934.60 9163.28
2903.31 9175.65
2872.04 9187.34
2840.71 9198.18
2808.12 9209.03
2775.52 9219.33
2743.04 9229.26
2710.02 9238.67
2676.70 9247.32
2643.54 9255.55
2610.85 9262.61
2576.61 9269.49
2543.83 9275.54
2511.28 9281.27
2477.40 9286.47
2443.78 9291.25
2410.39 9295.15
2377.46 9298.72
2343.53 9301.68
2310.17 9303.94
2276.81 9305.66
2242.59 9307.04
2208.29 9308.42
2174.35 9308.97
2140.48 9308.96
2106.76 9308.96
2073.94 9308.75
2040.09 9308.56
2006.54 9308.37
1973.29 9308.19
1940.41 9308.00
1905.94 9307.81
1872.38 9307.63
1837.13 9307.43
1803.10 9307.24
