3294.15 1730.25
3308.53 1736.47
3324.28 1743.29
3341.12 1751.03
3359.85 1760.03
3379.53 1770.41
3401.12 1781.86
3423.47 1794.74
3447.70 1809.23
3472.54 1824.61
3499.29 1841.24
3526.76 1860.71
3555.84 1882.55
3586.07 1905.94
3615.48 1930.67
3644.11 1955.92
3671.95 1982.05
3698.31 2008.98
3724.05 2037.22
3748.66 2066.11
3772.29 2095.01
3795.04 2124.74
3816.51 2155.70
3837.76 2186.89
3857.63 2219.67
3877.00 2252.52
3894.97 2285.66
3911.69 2319.94
3928.01 2354.67
3943.38 2388.86
3957.40 2423.35
3970.48 2458.99
3982.49 2494.84
3993.66 2530.51
4004.17 2566.83
4013.28 2603.68
4021.52 2639.96
4029.37 2676.59
4037.16 2712.97
4042.94 2750.08
4048.08 2786.98
4053.24 2824.04
4058.24 2861.49
4061.29 2899.64
4064.14 2937.36
4063.54 2973.99
4065.92 3012.20
4067.80 3049.42
4068.56 3086.68
4068.95 3124.62
4069.35 3162.57
4069.12 3199.85
4072.18 3237.30
4071.68 3274.97
4070.26 3312.12
4068.84 3349.34
4067.46 3385.22
4066.09 3421.04
4064.73 3456.66
4063.34 3493.06
4061.95 3529.13
4060.66 3562.85
4062.51 3593.84
4060.77 3620.97
4059.21 3645.33
4057.88 3666.10
4056.71 3686.60
4057.37 3706.12
4058.03 3725.28
4058.05 3744.81
4057.55 3765.26
4057.05 3785.59
4056.59 3803.55
4055.48 3821.67
4054.40 3839.34
4053.36 3858.47
4052.69 3878.80
4052.09 3898.44
4051.46 3918.79
4050.84 3938.98
4050.22 3959.31
4049.60 3979.40
4048.96 4000.01
4048.33 4020.63
4048.14 4039.71
4048.83 4058.98
4049.42 4076.91
4049.98 4093.67
4050.73 4111.22
4052.80 4127.84
4056.59 4144.02
4061.60 4160.13
4067.14 4174.67
4073.62 4189.45
4081.13 4203.20
4088.76 4217.18
4096.15 4230.70
4104.01 4245.10
4111.37 4258.58
4118.61 4272.62
4125.06 4287.00
4128.85 4301.99
4131.95 4316.89
4133.40 4332.19
4133.22 4347.32
4132.40 4363.56
4130.05 4378.66
4126.38 4393.43
4121.49 4408.90
4114.95 4422.84
4108.08 4436.72
4099.54 4450.49
4090.71 4462.61
4080.51 4474.02
4068.96 4485.47
4057.09 4495.00
4045.25 4503.91
4032.08 4511.92
4018.79 4519.36
4004.54 4526.98
3990.20 4533.70
3976.19 4539.87
3961.41 4546.39
3947.46 4552.53
3932.53 4559.80
3918.83 4567.32
3904.74 4575.75
3892.34 4584.55
3883.80 4590.96
3879.49 4595.43
3875.57 4599.48
3870.25 4605.17
3863.75 4612.22
3855.98 4620.65
3846.75 4630.68
3836.50 4642.04
3825.51 4654.99
3814.92 4669.60
3806.06 4683.79
3797.84 4696.97
3789.77 4710.37
3781.43 4724.22
3774.68 4738.85
3767.99 4753.38
3761.97 4767.22
3755.49 4782.43
3749.89 4796.20
3743.92 4811.96
3738.35 4826.67
3732.33 4842.19
3726.27 4857.50
3720.17 4870.87
3713.85 4884.70
3707.48 4900.33
3701.38 4918.34
3694.59 4938.36
3687.39 4959.58
3679.91 4982.31
3669.61 5005.24
3661.78 5031.61
3653.40 5059.97
3645.90 5089.18
3635.48 5116.51
3628.19 5147.06
3621.07 5180.28
3613.67 5214.86
3606.83 5251.28
3599.96 5288.75
3594.28 5326.02
3589.06 5363.97
3584.62 5401.87
3580.36 5438.81
3576.19 5476.87
3573.65 5515.03
3571.25 5552.41
3569.75 5590.56
3569.52 5628.00
3569.50 5665.87
3569.48 5703.94
3569.82 5741.69
3571.43 5779.27
3573.06 5817.06
3575.47 5854.86
3578.62 5892.31
3581.76 5929.63
3584.90 5966.86
3588.27 6004.50
3592.90 6041.90
3597.50 6078.99
3602.08 6116.00
3606.73 6153.56
3612.32 6190.67
3618.10 6227.42
3623.95 6264.59
3629.83 6301.90
3638.89 6337.95
3644.85 6375.84
3651.34 6413.34
3657.75 6450.63
3664.20 6488.22
3670.55 6525.18
3676.86 6561.89
3683.16 6598.60
3689.46 6635.30
3695.91 6671.88
3702.62 6709.45
3709.17 6746.17
3715.79 6783.27
3722.43 6820.48
3729.02 6857.42
3735.68 6894.74
3742.40 6932.41
3749.01 6969.44
3755.68 7006.81
3762.36 7043.96
3769.01 7081.18
3772.11 7117.61
3778.68 7154.44
3785.23 7191.09
3791.87 7228.27
3798.44 7265.07
3805.18 7302.80
3811.84 7340.13
3818.49 7377.36
3825.06 7414.13
3831.60 7450.75
3838.23 7487.89
3844.89 7525.15
3851.49 7562.15
3858.12 7599.28
3864.70 7636.09
3871.34 7673.27
3877.98 7710.45
3879.12 7748.53
3883.66 7785.12
3888.88 7822.86
3893.36 7860.69
3894.41 7897.73
3895.47 7935.43
3896.54 7973.49
3896.21 8010.58
3894.94 8048.18
3893.11 8086.37
3889.36 8123.84
3884.12 8160.34
3878.23 8196.53
3870.09 8232.35
3860.81 8267.92
3850.52 8302.70
3839.14 8336.60
3826.95 8369.66
3814.67 8402.11
3799.52 8434.27
3783.32 8466.39
3766.33 8496.84
3748.63 8526.49
3730.88 8555.62
3711.34 8584.53
3691.86 8611.90
3671.19 8639.28
3649.39 8665.70
3627.02 8691.88
3604.13 8717.31
3580.60 8741.66
3555.98 8767.14
3530.72 8790.47
3505.58 8812.87
3479.51 8835.55
3453.25 8857.81
3426.23 8879.06
3399.56 8900.01
3372.71 8920.50
3345.55 8941.10
3316.81 8960.86
3288.16 8979.32
3259.08 8997.52
3230.86 9015.17
3201.97 9032.51
3171.58 9049.78
3141.12 9066.65
3111.26 9082.03
3081.14 9097.40
3049.72 9113.17
3019.00 9127.08
2988.00 9140.83
2956.06 9154.45
2925.21 9167.06
2893.74 9179.25
2861.69 9190.92
2829.69 9201.98
2797.53 9212.48
2765.91 9222.32
2733.12 9232.09
2700.55 9241.37
2667.19 9249.68
2634.77 9257.73
2602.08 9264.38
2567.52 9271.32
2533.10 9277.43
2500.55 9283.16
2466.89 9287.97
2433.53 9292.64
2399.21 9296.36
2365.56 9299.80
2331.86 9302.67
2297.43 9304.65
2264.17 9306.17
2230.23 9307.54
2195.89 9308.91
2162.74 9308.97
2128.23 9308.96
2095.04 9308.87
2060.21 9308.67
2025.13 9308.47
1990.75 9308.28
1957.10 9308.10
1923.08 9307.91
1889.27 9307.72
1854.68 9307.53
1821.75 9307.34
