3293.69 1730.05
3308.18 1736.32
3324.38 1743.33
3341.77 1751.34
3361.18 1760.71
3382.72 1772.10
3406.71 1785.08
3431.79 1799.54
3458.20 1815.70
3484.83 1832.25
3510.53 1849.13
3535.89 1867.26
3560.54 1886.17
3585.59 1905.54
3609.48 1925.62
3633.60 1946.34
3656.55 1967.25
3679.31 1989.57
3700.84 2011.57
3721.57 2034.46
3742.03 2058.09
3761.77 2081.96
3780.74 2106.05
3799.42 2130.63
3816.67 2155.93
3834.06 2181.46
3850.93 2208.58
3867.41 2235.85
3883.03 2263.65
3898.19 2291.60
3911.78 2320.15
3925.00 2348.17
3938.04 2376.34
3949.98 2405.01
3961.60 2434.78
3972.16 2463.58
3981.98 2493.26
3991.59 2523.35
4000.26 2553.33
4008.38 2583.73
4016.02 2614.83
4022.73 2645.63
4029.21 2675.84
4035.70 2706.15
4041.21 2737.59
4045.54 2768.71
4049.84 2799.61
4054.21 2831.01
4058.39 2862.73
4060.91 2894.60
4063.29 2926.12
4062.25 2956.84
4064.60 2988.06
4066.30 3019.65
4067.89 3051.10
4068.52 3082.82
4072.14 3113.75
4072.47 3145.19
4072.57 3176.03
4072.37 3207.16
4072.17 3237.82
4071.92 3268.89
4070.71 3300.48
4069.50 3332.04
4068.29 3363.74
4067.11 3394.50
4065.91 3425.75
4064.73 3456.74
4063.52 3488.32
4062.29 3520.33
4061.12 3550.92
4059.88 3582.69
4061.21 3614.13
4059.45 3641.53
4057.90 3665.81
4056.72 3685.88
4057.27 3703.10
4057.84 3719.76
4058.25 3736.53
4057.85 3753.03
4057.45 3769.47
4057.03 3786.21
4056.63 3802.74
4055.60 3819.80
4054.62 3835.73
4053.61 3852.36
4055.01 3868.69
4057.33 3885.07
4059.42 3900.84
4061.50 3916.48
4065.09 3932.93
4069.59 3949.30
4076.40 3964.38
4084.83 3979.16
4096.64 3989.68
4111.41 3998.10
4126.48 4004.01
4143.22 4004.98
4160.00 4004.78
4176.48 4003.42
4193.54 4001.07
4210.07 3997.71
4225.59 3994.10
4242.25 3990.03
4257.12 3984.04
4271.11 3974.65
4284.24 3965.35
4297.60 3955.16
4310.22 3945.54
4323.36 3935.05
4336.05 3924.58
4348.71 3914.12
4361.96 3903.18
4375.21 3892.24
4387.52 3882.08
4400.65 3871.86
4413.44 3862.14
4428.02 3851.06
4444.02 3838.89
4461.72 3825.42
4481.84 3810.24
4505.16 3797.30
4528.56 3780.16
4553.94 3762.48
4580.31 3744.72
4606.17 3727.64
4632.51 3710.94
4659.03 3694.14
4686.24 3678.00
4712.73 3662.50
4739.37 3647.02
4766.92 3632.26
4794.24 3617.62
4821.66 3603.57
4849.97 3589.56
4877.47 3575.96
4906.46 3562.78
4934.59 3550.01
4963.74 3537.38
4993.16 3525.41
5022.82 3513.46
5051.53 3502.25
5080.83 3491.58
5109.95 3481.28
5139.47 3471.17
5169.76 3461.48
5199.27 3452.48
5229.94 3443.11
5259.85 3434.59
5289.43 3426.75
5319.82 3418.87
5350.86 3411.72
5380.79 3404.83
5411.91 3398.34
5442.69 3392.27
5473.67 3386.56
5505.09 3381.09
5535.85 3376.18
5566.73 3368.34
5596.61 3364.02
5622.31 3360.30
5644.34 3357.12
5662.04 3354.43
5678.27 3350.71
5694.10 3347.08
5710.99 3343.77
5727.55 3341.84
5744.29 3339.89
5761.13 3337.93
5777.24 3336.06
5792.89 3334.24
5809.85 3332.26
5826.28 3330.35
5841.98 3328.52
5857.87 3326.67
5874.35 3324.76
5890.80 3322.84
5907.24 3320.93
5923.41 3319.05
5939.16 3317.21
5956.20 3314.97
5972.77 3312.52
5988.84 3310.14
6005.64 3306.93
6021.60 3303.75
6038.36 3300.40
6053.89 3297.29
6070.33 3294.01
6087.05 3290.66
6103.28 3287.42
6119.20 3284.24
6135.87 3280.91
6152.53 3277.58
6168.69 3274.35
6184.63 3271.16
6200.88 3267.15
6216.79 3262.59
6232.48 3258.09
6248.77 3253.42
6264.96 3248.77
6280.35 3244.50
6296.67 3240.02
6312.33 3234.45
6326.48 3225.63
6339.79 3215.93
6353.05 3206.14
6365.22 3195.15
6377.55 3183.37
6388.74 3170.90
6399.61 3157.79
6409.08 3145.19
6418.67 3132.45
6427.52 3118.25
6435.53 3104.44
6443.44 3090.81
6451.59 3076.77
6459.88 3062.48
6468.28 3048.01
6476.78 3033.36
6485.24 3018.78
6493.80 3004.04
6502.17 2989.34
6509.72 2974.98
6517.39 2960.40
6525.10 2945.72
6532.69 2931.28
6540.05 2917.29
6547.40 2903.30
6555.15 2888.55
6562.71 2874.17
6570.21 2859.91
6577.74 2845.58
6585.72 2830.39
6593.35 2815.88
6600.71 2800.99
6607.46 2786.29
6614.24 2771.52
6620.96 2756.75
6627.93 2741.37
6634.46 2726.96
6641.41 2711.63
6648.35 2696.77
6655.69 2681.35
6662.76 2666.47
6668.79 2651.66
6673.28 2635.45
6677.79 2619.22
6682.24 2603.18
6686.46 2587.95
6690.85 2572.12
6695.02 2556.15
6699.26 2539.83
6703.39 2523.96
6707.60 2508.74
6712.67 2492.38
6717.45 2476.96
6722.58 2460.73
6727.74 2444.52
6732.61 2429.23
6737.41 2414.12
6742.54 2398.02
6747.77 2381.59
6752.82 2365.70
6757.95 2349.57
6762.80 2334.49
6768.05 2318.18
6773.19 2302.22
6778.48 2286.69
6783.97 2270.80
6789.12 2255.91
6794.72 2239.72
6800.75 2224.71
6808.73 2210.15
6816.32 2196.29
6823.60 2181.56
6829.96 2163.25
6837.00 2143.00
6844.89 2119.89
6856.11 2095.35
6865.51 2067.93
6875.02 2038.50
6884.37 2008.57
6893.62 1978.93
6903.01 1948.68
6911.09 1919.24
6918.92 1888.62
6926.61 1858.55
