11368.01 9892.95
11356.05 9883.45
11342.73 9872.88
11327.78 9860.79
11311.99 9847.29
11295.53 9832.27
11277.88 9814.96
11259.83 9796.19
11240.80 9775.85
11221.46 9752.73
11201.86 9727.97
11181.58 9701.57
11164.37 9672.36
11145.58 9640.12
11126.70 9606.04
11110.51 9570.41
11095.48 9534.15
11082.37 9497.68
11070.95 9460.57
11060.54 9422.12
11052.90 9383.30
11047.29 9344.09
11043.32 9304.94
11040.64 9265.55
11039.53 9226.31
11039.41 9186.68
11043.85 9148.43
11046.27 9109.81
11048.70 9071.02
11051.15 9031.83
11053.63 8992.06
11056.03 8952.93
11058.17 8913.96
11059.68 8874.85
11061.19 8835.99
11060.31 8796.19
11058.42 8756.82
11054.92 8717.34
11049.54 8678.03
11043.44 8639.52
11036.62 8601.12
11027.03 8562.86
11016.21 8525.42
11004.35 8487.94
10991.54 8451.41
10977.80 8414.97
10963.82 8378.09
10949.89 8341.32
10935.43 8304.69
10920.96 8268.86
10906.16 8232.19
10891.45 8195.76
10877.64 8158.55
10864.29 8121.26
10851.17 8083.74
10840.74 8046.00
10831.34 8008.16
10822.04 7970.71
10812.57 7932.59
10805.90 7893.93
10799.58 7855.81
10794.94 7816.79
10790.87 7778.25
10785.98 7739.92
10785.92 7700.23
10786.26 7660.94
10787.57 7621.80
10788.91 7582.12
10790.23 7542.85
10790.92 7503.79
10790.62 7464.74
10788.29 7425.40
10784.69 7385.98
10780.44 7347.56
10774.05 7309.58
10767.39 7271.24
10757.37 7233.32
10746.37 7196.40
10734.09 7159.52
10720.19 7123.46
10705.51 7087.57
10692.78 7050.62
10674.28 7015.48
10657.90 6979.73
10637.31 6945.69
10614.75 6913.48
10591.88 6881.76
10568.62 6850.00
10545.50 6818.43
10522.41 6786.90
10500.33 6754.67
10479.26 6721.51
10460.11 6687.35
10442.37 6652.89
10425.18 6617.38
10409.08 6582.00
10395.06 6545.09
10382.32 6507.29
10370.61 6469.21
10361.05 6431.63
10351.96 6393.57
10346.06 6354.69
10341.26 6315.61
10337.96 6276.46
10337.39 6237.37
10336.29 6198.22
10335.15 6158.85
10336.13 6120.00
10337.11 6081.13
10338.10 6041.87
10338.43 6002.77
10337.54 5963.83
10336.66 5924.96
10335.76 5885.86
10332.47 5847.06
10327.99 5807.41
10323.63 5768.74
10318.60 5729.74
10310.64 5691.05
10299.85 5654.97
10290.44 5616.29
10281.15 5578.24
10269.96 5540.22
10258.59 5503.16
10244.74 5466.26
10230.70 5429.26
10215.12 5392.86
10199.62 5356.67
10183.52 5320.43
10165.06 5285.44
10144.25 5253.07
10124.85 5219.46
10105.03 5185.17
10083.30 5152.63
10061.72 5120.38
10039.40 5088.05
10016.89 5055.46
9993.56 5024.19
9970.03 4993.46
9946.51 4962.73
9921.50 4932.38
9896.58 4902.29
9871.95 4872.54
9846.73 4842.09
9821.86 4812.06
9796.36 4782.21
9770.91 4752.72
9745.83 4723.11
9720.35 4693.02
9694.62 4662.64
9669.54 4633.03
9644.47 4603.43
9619.36 4573.78
9594.49 4543.72
9569.99 4513.08
9545.31 4482.22
9520.90 4451.35
9496.81 4419.74
9473.35 4387.88
9450.91 4356.42
9428.56 4323.52
9406.28 4290.73
9384.37 4257.62
9363.00 4224.47
9341.46 4191.05
9321.38 4158.08
9301.82 4124.58
9282.34 4091.25
9262.25 4056.85
9243.05 4023.34
9223.79 3989.51
9204.40 3955.47
9184.99 3921.37
9164.89 3887.56
9145.06 3854.32
9124.97 3820.63
9105.18 3787.45
9085.14 3753.85
9063.68 3720.81
9041.34 3688.04
9019.02 3655.28
8996.44 3622.61
8972.78 3592.03
8948.80 3561.04
8924.30 3530.86
8899.49 3501.29
8873.18 3472.68
8846.57 3443.97
8818.59 3415.82
8790.50 3388.45
8761.91 3361.71
8733.13 3335.98
8703.40 3311.04
8672.39 3286.43
8641.09 3261.95
8609.06 3238.41
8577.65 3215.44
8545.56 3193.67
8512.95 3172.89
8479.61 3152.68
8445.64 3133.58
8411.21 3114.52
8376.29 3096.80
8341.47 3079.27
8305.73 3062.11
8269.83 3046.44
8233.26 3031.60
8196.54 3017.07
8160.01 3003.95
8123.11 2991.41
8086.27 2979.87
8048.80 2969.60
8011.43 2959.88
7973.26 2950.97
7934.80 2942.81
7896.21 2935.16
7857.42 2928.71
7818.15 2923.81
7779.29 2919.35
7740.68 2916.58
7701.04 2914.23
7661.99 2913.56
7622.91 2913.50
7584.24 2914.35
7544.91 2916.46
7505.81 2919.48
7466.77 2923.52
7428.28 2928.84
7390.21 2935.05
7355.18 2944.68
7323.77 2950.79
7296.30 2957.15
7273.14 2962.90
7254.23 2970.89
7234.48 2978.26
7214.86 2983.12
7194.91 2989.26
7175.23 2996.03
7155.92 3002.67
7136.01 3009.28
7116.47 3015.75
7097.13 3022.57
7077.78 3029.91
7059.35 3038.23
7042.04 3049.47
7025.53 3062.40
7009.31 3076.40
6994.61 3090.55
6981.40 3106.04
6969.27 3123.01
6958.97 3140.86
6948.54 3158.93
6938.01 3177.19
6927.71 3195.04
6916.80 3213.02
6905.49 3230.20
6892.52 3245.95
6877.91 3261.07
6861.82 3273.71
6844.84 3285.51
6827.10 3295.77
6808.19 3305.20
6788.91 3313.26
6769.22 3319.99
6749.26 3325.35
6728.48 3329.40
6707.69 3331.25
6686.52 3331.74
6665.97 3331.92
6644.63 3330.33
6623.96 3327.85
6603.58 3324.28
6583.64 3319.75
6563.20 3313.54
6543.75 3306.17
6525.72 3296.78
6508.77 3284.93
6493.03 3270.52
6479.63 3254.84
6469.02 3236.73
6460.93 3217.53
6455.86 3196.75
6454.30 3176.57
6455.30 3155.52
6457.78 3135.26
6462.11 3114.80
6468.37 3094.89
6474.94 3075.47
6484.24 3056.32
6493.95 3037.75
6504.88 3020.38
6515.91 3002.84
6527.16 2984.96
6538.52 2966.90
6549.38 2949.63
6560.24 2932.37
6571.13 2915.06
6581.93 2897.89
6593.12 2880.10
6604.19 2862.50
6615.38 2844.56
6625.88 2826.04
6634.30 2806.41
6641.40 2787.24
6647.95 2767.05
6653.64 2746.52
6659.16 2726.54
6664.08 2706.01
6668.94 2685.73
6673.74 2665.70
6679.45 2645.14
6685.88 2622.41
6691.77 2597.43
6698.25 2569.92
6705.71 2540.07
6717.77 2510.38
6727.35 2478.38
6736.76 2446.41
6746.40 2413.66
6756.79 2382.77
6767.14 2351.99
6777.78 2320.98
6788.60 2290.44
6799.09 2260.82
6809.80 2230.61
6820.47 2200.49
6830.47 2171.85
6840.40 2143.30
6849.96 2115.04
6862.92 2086.37
6872.18 2058.22
6881.28 2029.54
6890.06 2001.42
6898.84 1973.29
6907.81 1943.95
6915.62 1914.87
6922.93 1886.27
6930.23 1857.72
