1795.90 9297.14
1811.54 9297.23
1829.56 9297.33
1849.85 9297.45
1872.01 9297.57
1896.46 9297.71
1922.34 9297.86
1950.62 9298.03
1979.22 9298.19
2008.84 9298.36
2037.87 9298.53
2067.37 9298.70
2096.42 9298.87
2125.64 9298.70
2154.20 9298.42
2184.00 9298.12
2213.26 9297.44
2242.61 9296.40
2271.50 9295.38
2301.35 9293.99
2331.12 9292.26
2360.21 9289.72
2388.56 9286.87
2417.18 9283.69
2446.45 9280.17
2474.97 9276.25
2504.26 9271.80
2532.37 9266.86
2560.97 9261.83
2589.32 9256.20
2618.35 9250.30
2646.63 9244.08
2675.30 9237.26
2703.91 9230.17
2732.54 9221.98
2760.10 9213.76
2788.60 9204.88
2815.87 9195.74
2842.92 9186.40
2870.49 9176.82
2897.29 9166.99
2924.61 9156.07
2951.84 9144.62
2979.06 9133.08
3005.30 9121.66
3031.61 9109.87
3058.16 9097.44
3084.43 9084.48
3110.46 9071.15
3135.97 9057.66
3161.98 9043.27
3187.35 9028.99
3212.45 9014.70
3238.59 9002.30
3263.54 8986.69
3287.88 8971.42
3312.69 8955.01
3336.33 8938.87
3358.12 8918.89
3381.86 8900.95
3405.29 8882.89
3428.16 8864.67
3451.11 8846.24
3472.75 8827.61
3494.47 8808.70
3515.93 8789.82
3537.45 8769.72
3558.14 8749.35
3578.57 8728.36
3599.08 8707.20
3618.73 8685.82
3637.62 8664.18
3656.75 8641.30
3674.05 8618.87
3691.19 8595.63
3707.95 8571.87
3724.68 8547.99
3739.85 8522.99
3754.73 8498.49
3768.75 8472.91
3782.49 8447.03
3795.78 8420.47
3808.49 8394.43
3818.16 8366.70
3827.60 8339.59
3836.92 8311.55
3846.04 8283.52
3853.79 8255.20
3861.16 8226.70
3867.96 8197.91
3872.88 8169.68
3877.75 8140.28
3881.19 8111.80
3883.09 8082.88
3884.23 8053.46
3885.00 8024.33
3885.77 7995.37
3885.45 7966.44
3884.60 7937.58
3883.73 7907.85
3882.72 7878.91
3880.63 7849.18
3877.52 7819.70
3873.49 7790.30
3869.61 7762.00
3869.10 7733.47
3864.75 7704.56
3859.57 7675.30
3854.37 7645.93
3849.31 7617.30
3840.84 7588.41
3835.85 7560.19
3830.72 7531.21
3825.72 7502.98
3820.58 7473.89
3815.57 7445.58
3810.48 7416.85
3805.46 7388.48
3800.38 7359.77
3795.22 7330.64
3790.11 7301.74
3785.00 7272.87
3779.84 7243.68
3774.68 7214.55
3769.63 7186.00
3764.65 7157.85
3759.56 7129.11
3754.44 7100.20
3749.24 7070.79
3744.23 7042.46
3739.19 7013.99
3734.18 6985.73
3729.16 6957.63
3724.02 6928.57
3718.94 6899.87
3714.01 6871.71
3708.81 6842.41
3703.63 6813.22
3698.54 6784.56
3693.50 6756.16
3688.51 6728.02
3683.31 6698.71
3678.22 6670.01
3673.02 6640.72
3667.85 6611.56
3662.67 6582.38
3657.48 6553.12
3652.37 6524.31
3647.33 6495.93
3642.27 6467.39
3637.20 6438.85
3631.73 6409.20
3626.63 6380.71
3622.17 6352.18
3617.69 6323.47
3616.65 6295.03
3612.14 6266.10
3604.38 6237.81
3599.93 6209.27
3595.32 6179.69
3591.30 6150.60
3587.91 6121.15
3584.54 6091.98
3581.16 6062.69
3577.86 6034.10
3574.48 6004.81
3571.96 5975.83
3569.60 5947.08
3567.26 5918.48
3564.86 5889.13
3562.47 5859.99
3560.37 5831.30
3559.16 5802.52
3557.93 5772.90
3556.70 5743.70
3556.12 5714.31
3556.10 5684.45
3556.07 5654.55
3556.04 5625.12
3556.02 5595.83
3557.28 5566.31
3558.96 5536.57
3561.16 5506.85
3563.35 5477.36
3566.22 5448.47
3569.30 5419.38
3572.34 5390.64
3575.54 5362.06
3579.85 5332.92
3584.18 5303.70
3589.23 5274.74
3594.42 5246.01
3599.67 5216.98
3605.67 5188.39
3611.76 5159.43
3617.73 5131.02
3624.89 5102.83
3632.06 5074.76
3639.41 5047.05
3647.86 5018.85
3656.22 4990.93
3664.94 4962.82
3674.26 4935.71
3683.77 4908.06
3693.20 4881.05
3703.66 4853.30
3714.06 4825.73
3725.13 4797.99
3736.26 4770.21
3747.25 4742.80
3759.00 4716.52
3770.94 4690.22
3782.92 4664.16
3795.69 4638.06
3809.08 4612.19
3822.58 4586.27
3836.09 4560.44
3849.96 4534.76
3864.64 4509.96
3879.76 4484.65
3894.73 4459.58
3909.94 4434.11
3925.17 4409.07
3941.26 4384.20
3957.46 4359.15
3974.47 4334.87
3991.96 4310.62
4009.16 4286.91
4027.14 4263.35
4044.25 4240.86
4062.34 4218.31
4081.27 4195.38
4100.06 4173.21
4119.29 4151.43
4138.78 4129.38
4157.90 4107.74
4177.60 4086.55
4197.45 4065.72
4217.68 4045.49
4238.53 4024.63
4259.07 4004.52
4279.72 3984.59
4300.92 3964.62
4322.66 3944.96
4344.66 3925.07
4366.76 3906.38
4389.44 3887.20
4411.90 3868.21
4435.03 3849.87
4458.79 3831.80
4482.01 3814.21
4507.26 3799.85
4530.62 3782.74
4554.85 3765.85
4579.65 3749.14
4603.75 3733.08
4626.86 3714.53
4652.14 3698.51
4677.21 3683.28
4702.19 3668.67
4727.93 3653.61
4753.48 3639.46
4779.14 3625.71
4804.81 3611.96
4830.63 3599.13
4856.49 3586.34
4882.33 3573.74
4908.99 3561.63
4935.92 3549.40
4962.73 3537.79
4990.30 3526.58
5017.21 3515.65
5043.89 3505.23
5071.57 3494.85
5099.42 3485.01
5126.67 3475.37
5153.99 3466.49
5181.94 3457.77
5210.17 3449.15
5238.47 3440.51
5266.45 3432.84
5294.38 3425.43
5322.23 3418.32
5350.62 3411.78
5378.78 3405.29
5407.49 3399.21
5436.51 3393.49
5465.15 3388.04
5493.35 3383.13
5522.39 3378.13
5551.28 3373.95
5580.44 3369.69
5609.67 3365.46
5638.78 3361.25
5667.99 3357.24
5696.44 3353.81
5725.61 3350.30
5754.60 3346.81
5783.88 3343.28
5813.15 3339.75
5841.65 3336.32
5870.06 3332.89
5899.32 3329.37
5928.45 3325.86
5957.66 3322.17
5986.15 3318.43
6014.74 3314.62
6043.20 3310.56
6071.69 3306.43
6100.19 3302.37
6129.45 3297.81
6158.29 3293.18
6187.76 3288.15
6216.35 3282.97
6245.22 3277.26
6273.66 3271.44
6301.95 3265.18
6330.62 3258.84
6358.53 3252.04
6386.60 3244.87
6414.88 3237.27
6443.19 3229.42
6470.79 3221.55
6499.20 3212.99
6527.67 3204.36
6556.00 3195.16
6583.65 3186.18
6611.55 3176.71
6638.66 3167.12
6665.76 3157.49
6692.91 3147.67
6720.21 3137.79
6747.24 3127.71
6774.77 3117.05
6802.29 3106.39
6829.26 3095.95
6856.73 3085.31
6883.71 3074.86
6910.75 3064.38
6938.31 3053.71
6965.39 3043.22
6993.00 3032.68
7020.60 3022.32
7048.01 3012.55
7075.83 3002.64
7103.52 2992.78
7130.97 2983.01
7159.25 2973.67
7187.04 2964.59
7214.73 2956.41
7242.69 2948.14
7271.14 2940.50
7299.18 2933.76
7327.69 2927.09
7356.02 2921.21
7384.49 2916.22
7413.92 2911.54
7442.69 2910.68
7471.63 2907.37
7500.14 2901.05
7528.66 2898.29
7558.09 2896.62
7587.57 2895.24
7617.24 2894.28
7646.49 2893.98
7676.27 2894.81
7705.16 2895.65
7734.37 2897.41
7763.97 2899.48
7792.60 2901.84
7821.96 2905.33
7851.08 2908.79
7879.91 2913.29
7908.92 2918.17
7937.55 2924.23
7966.21 2930.40
7994.34 2936.68
8023.15 2943.60
8051.68 2950.82
8079.89 2958.65
8107.71 2966.86
8135.86 2975.93
8163.46 2985.23
8191.09 2994.55
8219.05 3004.41
8245.95 3014.14
8272.53 3024.83
8299.59 3035.78
8326.26 3048.45
8352.83 3061.85
8378.93 3075.26
8404.57 3088.65
8430.74 3102.31
8456.18 3116.29
8482.23 3130.81
8507.22 3145.25
8531.92 3159.83
8556.48 3175.59
8580.71 3191.72
8604.67 3208.82
8628.74 3226.21
8652.45 3243.34
8675.72 3261.32
8698.53 3279.58
8721.17 3298.12
8743.32 3316.87
8765.23 3335.92
8787.04 3355.90
8808.55 3376.11
8829.56 3396.27
8850.56 3417.39
8870.87 3439.00
8890.26 3460.24
8909.69 3481.54
8928.83 3504.55
8947.47 3527.27
8965.22 3550.19
8982.93 3573.85
9000.73 3597.64
9017.95 3621.18
9034.88 3645.44
9051.95 3669.91
9068.74 3693.96
9085.50 3717.97
9101.38 3743.02
9116.23 3768.16
9131.40 3793.84
9146.11 3818.73
9160.85 3843.69
9175.98 3869.28
9190.71 3894.22
9205.08 3918.97
9219.27 3944.08
9233.49 3969.24
9247.77 3994.51
9261.95 4019.61
9276.63 4045.21
9291.35 4070.06
9306.44 4095.53
9321.30 4120.62
9336.33 4146.00
9351.41 4170.93
9367.13 4195.50
9382.54 4219.59
9398.13 4243.97
9414.28 4268.68
9430.79 4292.89
9447.36 4317.19
9463.61 4341.02
9480.77 4365.43
9497.92 4389.12
9515.31 4412.49
9533.04 4435.94
9550.78 4458.68
9569.07 4481.73
9587.23 4504.62
9605.79 4528.02
9624.18 4550.66
9643.44 4573.31
9662.76 4596.04
9682.14 4618.84
9700.74 4640.71
9719.49 4662.76
9738.62 4685.26
9757.64 4707.63
9776.94 4730.34
9795.67 4752.37
9814.66 4774.71
9833.96 4797.58
9852.28 4819.63
9870.62 4841.70
9889.02 4863.84
9907.84 4886.50
9926.55 4909.01
9945.47 4931.78
9963.96 4954.58
9982.04 4978.40
9999.74 5001.74
10017.70 5025.41
10035.27 5049.40
10052.56 5073.71
10069.29 5097.25
10085.53 5121.03
10101.32 5145.14
10117.00 5169.08
10132.08 5194.32
10146.69 5219.07
10161.20 5243.72
10174.80 5270.32
10187.85 5295.84
10200.96 5322.37
10212.89 5349.06
10224.61 5375.27
10236.60 5402.10
10248.42 5429.45
10258.24 5456.31
10268.33 5483.88
10277.50 5512.17
10285.92 5540.82
10294.10 5569.07
10301.15 5597.71
10308.16 5626.16
10315.12 5655.15
10321.23 5684.03
10327.26 5712.55
10332.62 5741.06
10336.03 5769.53
10339.48 5798.29
10342.93 5827.08
10346.46 5856.54
10348.62 5885.69
10349.18 5914.86
10349.75 5944.24
10350.30 5973.44
10350.87 6002.72
10350.83 6031.36
10350.29 6060.21
10349.75 6088.80
10349.20 6118.16
10348.66 6146.98
10348.83 6176.76
10349.51 6206.33
10350.19 6235.69
10350.87 6265.36
10352.53 6294.68
10355.42 6323.43
10359.43 6351.87
10364.26 6380.21
10369.82 6408.45
10375.97 6437.28
10382.65 6465.29
10390.92 6493.69
10399.05 6521.62
10409.60 6549.58
10420.32 6577.49
10432.34 6604.41
10444.55 6630.98
10457.80 6656.57
10471.62 6682.80
10485.52 6708.05
10501.19 6732.77
10517.19 6758.02
10534.35 6782.08
10551.34 6805.31
10568.92 6829.33
10586.30 6853.10
10603.23 6876.23
10620.47 6900.20
10637.42 6924.65
10653.59 6948.64
10668.86 6974.23
10683.38 6999.02
10696.86 7025.03
10709.44 7050.45
10721.57 7076.51
10732.86 7103.46
10743.60 7130.70
10753.38 7158.03
10762.55 7185.49
10771.47 7213.31
10779.16 7242.06
10786.40 7270.63
10792.00 7299.92
10796.44 7328.31
10800.68 7356.63
10804.17 7385.37
10806.74 7414.05
10808.32 7443.57
10809.39 7472.51
10809.77 7501.82
10809.66 7530.57
10808.70 7559.78
10807.71 7589.58
10806.76 7618.51
10805.78 7648.01
10804.85 7677.54
10804.24 7707.18
10805.94 7736.15
10807.63 7764.88
10805.93 7793.21
10807.65 7822.72
10809.81 7851.29
10814.02 7880.12
10818.20 7908.73
10823.75 7937.80
10831.29 7966.46
10842.12 7994.68
10849.39 8022.33
10856.85 8050.68
10865.00 8078.45
10874.63 8106.43
10884.66 8134.37
10894.97 8161.41
10905.32 8188.36
10916.41 8216.02
10927.22 8242.96
10938.13 8270.16
10948.88 8296.95
10959.82 8324.33
10970.05 8351.24
10980.55 8378.85
10990.89 8406.05
11001.24 8433.25
11011.67 8460.69
11021.09 8488.41
11029.91 8516.84
11037.85 8545.12
11045.11 8573.20
11051.54 8601.07
11056.98 8629.33
11062.47 8657.64
11066.53 8687.10
11070.30 8716.74
11073.28 8745.72
11074.57 8774.82
11075.59 8804.25
11076.60 8833.41
11076.14 8862.59
11075.20 8891.54
11073.37 8920.69
11071.55 8949.81
11069.76 8978.37
11067.93 9007.61
11066.13 9036.40
11064.29 9065.86
11062.62 9094.70
11061.02 9123.85
11059.42 9152.76
11058.72 9181.80
11058.75 9210.57
11058.79 9239.81
11058.88 9269.67
11061.41 9298.54
11064.12 9326.96
11067.50 9355.85
11072.09 9384.53
11077.67 9412.68
11084.68 9440.45
11092.71 9468.68
11101.38 9496.10
11111.12 9523.75
11122.30 9550.01
11134.37 9576.54
11147.03 9602.55
11161.06 9628.60
11175.42 9654.30
11191.46 9679.07
11205.30 9703.71
11222.29 9726.72
11240.88 9749.55
11260.04 9772.20
11279.33 9793.38
11299.34 9814.89
11320.51 9834.58
11343.17 9853.72
11366.11 9871.73
