3294.15 1730.25
3308.67 1736.53
3325.10 1743.64
3343.31 1752.08
3362.74 1761.53
3383.55 1772.54
3406.55 1784.99
3430.56 1798.83
3455.52 1814.03
3482.52 1830.81
3510.96 1849.44
3540.19 1870.50
3570.06 1893.49
3600.70 1918.24
3630.48 1943.50
3658.94 1969.43
3686.15 1996.56
3712.65 2024.55
3737.89 2053.08
3762.06 2082.32
3784.72 2111.25
3805.78 2139.95
3825.99 2169.62
3845.03 2198.83
3863.30 2229.05
3880.00 2258.06
3896.00 2287.56
3910.68 2317.82
3925.47 2349.19
3939.52 2379.52
3952.24 2410.54
3964.00 2441.35
3975.12 2472.27
3985.09 2502.78
3994.46 2533.28
4003.37 2564.05
4011.27 2595.49
4018.85 2627.50
4025.59 2658.97
4032.54 2691.41
4039.17 2722.99
4043.67 2755.30
4048.08 2787.01
4052.58 2819.30
4056.95 2850.85
4060.07 2883.39
4062.45 2914.92
4064.30 2945.77
4063.78 2977.25
4065.74 3008.73
4067.40 3041.50
4068.42 3073.31
4068.75 3104.58
4069.09 3137.46
4069.29 3172.37
4069.08 3205.34
4072.18 3236.33
4071.94 3268.22
4070.77 3298.79
4069.60 3329.50
4068.43 3359.89
4067.21 3391.85
4066.03 3422.79
4064.84 3453.86
4063.67 3484.37
4062.45 3516.18
4061.22 3548.46
4060.00 3580.16
4061.46 3610.21
4059.73 3637.15
4058.29 3659.61
4057.14 3677.58
4056.96 3693.99
4057.52 3710.37
4058.09 3727.05
4058.04 3745.05
4057.62 3762.51
4057.19 3779.87
4056.80 3795.82
4056.07 3812.03
4055.01 3829.42
4053.97 3846.49
4054.27 3863.50
4057.00 3882.63
4059.71 3903.02
4062.65 3922.76
4067.45 3942.73
4075.00 3961.27
4084.73 3978.99
4100.44 3992.31
4118.89 4001.31
4139.26 4004.75
4160.38 4004.75
4181.50 4002.77
4201.88 3999.58
4221.85 3995.01
4241.80 3990.14
4260.27 3982.20
4277.06 3970.52
4293.59 3958.22
4309.68 3945.94
4325.64 3933.17
4341.41 3920.15
4356.87 3907.38
4373.18 3893.92
4389.42 3880.51
4406.00 3867.80
4422.11 3855.55
4439.97 3841.96
4459.51 3827.10
4480.30 3811.37
4504.57 3797.73
4528.77 3780.01
4554.90 3761.84
4582.88 3742.99
4613.29 3723.13
4645.26 3702.86
4678.25 3682.68
4711.77 3663.06
4745.82 3643.57
4780.00 3625.25
4813.87 3607.42
4848.31 3590.38
4883.42 3573.24
4918.97 3557.10
4954.88 3540.98
4990.95 3526.31
5027.64 3511.58
5064.23 3497.45
5100.78 3484.53
5138.12 3471.61
5174.69 3459.98
5211.47 3448.75
5248.36 3437.64
5285.47 3427.79
5323.69 3417.98
5361.53 3409.27
5398.92 3400.90
5437.09 3393.38
5475.96 3386.16
5514.22 3379.51
5552.70 3373.75
5585.88 3365.57
5615.43 3361.30
5640.53 3357.67
5661.60 3354.50
5681.48 3349.97
5701.80 3345.31
5721.64 3342.53
5742.16 3340.14
5762.15 3337.82
5783.17 3335.37
5803.92 3332.95
5824.27 3330.58
5844.66 3328.21
5865.22 3325.82
5885.10 3323.51
5905.47 3321.13
5926.33 3318.71
5947.02 3316.30
5967.93 3313.23
5988.37 3310.21
6009.05 3306.25
6028.77 3302.31
6049.08 3298.25
6069.53 3294.17
6089.80 3290.11
6110.11 3286.06
6129.84 3282.11
6150.09 3278.07
6170.67 3273.95
6190.41 3270.01
6210.73 3264.33
6230.84 3258.56
6251.04 3252.77
6270.38 3247.25
6289.76 3241.92
6309.80 3236.04
6327.08 3225.25
6344.05 3212.79
6360.36 3199.68
6375.23 3185.82
6389.03 3170.57
6402.06 3154.52
6414.58 3137.88
6426.20 3120.51
6436.47 3102.82
6446.58 3085.41
6456.73 3067.91
6466.94 3050.31
6477.53 3032.07
6487.66 3014.62
6497.85 2997.05
6507.67 2978.88
6517.51 2960.16
6527.17 2941.79
6537.04 2923.01
6546.64 2904.75
6556.33 2886.32
6565.95 2868.01
6575.49 2849.87
6585.30 2831.21
6594.93 2812.88
6603.66 2794.58
6612.31 2775.73
6620.93 2756.82
6629.35 2738.23
6637.72 2719.78
6646.38 2700.90
6655.49 2681.76
6664.13 2663.60
6670.71 2644.74
6676.09 2625.32
6681.52 2605.76
6686.91 2586.33
6692.30 2566.60
6697.49 2546.66
6702.57 2527.12
6708.05 2507.27
6714.26 2487.25
6720.34 2467.78
6726.76 2447.59
6732.95 2428.15
6739.25 2408.34
6745.35 2389.18
6751.72 2369.15
6757.92 2349.68
6764.25 2330.00
6770.63 2310.18
6776.91 2291.23
6783.63 2271.79
6790.49 2251.94
6797.20 2232.53
6806.78 2213.70
6816.68 2195.63
6825.33 2176.57
6832.64 2155.55
6840.61 2132.64
6849.45 2107.52
6861.24 2080.90
6870.91 2051.53
6880.67 2020.43
6890.94 1987.53
6901.82 1952.68
6912.13 1915.19
6921.79 1877.41
