6943.72 1860.63
6939.74 1875.79
6935.24 1892.98
6930.14 1912.43
6924.52 1933.88
6918.52 1956.81
6911.82 1982.15
6904.54 2009.70
6896.27 2038.57
6886.40 2068.84
6875.74 2101.57
6863.99 2135.81
6852.96 2171.90
6842.49 2203.47
6832.50 2230.43
6824.07 2253.49
6819.56 2273.08
6815.11 2292.87
6809.83 2311.94
6803.88 2330.64
6797.93 2349.34
6791.95 2368.13
6786.03 2386.75
6780.03 2405.59
6773.99 2424.59
6767.82 2443.98
6762.32 2462.44
6757.06 2480.83
6752.30 2497.42
6747.56 2514.43
6743.25 2530.37
6738.74 2547.04
6735.00 2561.16
6731.93 2576.13
6728.88 2591.02
6726.07 2604.70
6723.49 2619.23
6721.07 2633.53
6718.82 2647.52
6716.81 2662.34
6715.04 2675.41
6713.00 2690.48
6712.48 2704.45
6711.93 2719.12
6711.67 2734.66
6713.92 2747.81
6716.33 2761.83
6720.02 2775.87
6723.94 2789.08
6729.19 2801.81
6735.24 2815.71
6741.40 2828.43
6747.95 2841.14
6755.83 2852.28
6764.33 2864.29
6773.31 2875.95
6781.89 2886.84
6791.84 2898.25
6801.01 2908.43
6810.47 2918.27
6820.47 2928.63
6831.51 2939.58
6846.77 2947.77
6861.82 2958.73
6876.27 2967.75
6890.69 2975.17
6905.55 2981.66
6920.21 2986.92
6935.84 2991.59
6950.50 2995.06
6965.23 2997.21
6979.45 2998.94
6994.27 2999.77
7008.86 2999.40
7024.16 2998.10
7039.14 2996.72
7052.08 2993.76
7065.62 2989.63
7079.64 2985.35
7093.13 2981.51
7106.89 2979.43
7121.34 2977.14
7135.66 2974.51
7149.09 2970.02
7162.36 2965.59
7176.02 2961.02
7190.34 2956.24
7203.77 2952.37
7218.22 2948.59
7232.04 2944.98
7245.95 2941.34
7260.20 2937.62
7273.89 2934.04
7287.76 2931.18
7301.66 2928.88
7314.70 2926.48
7328.65 2923.38
7344.03 2920.24
7360.88 2916.88
7380.11 2913.57
7401.12 2910.24
7424.34 2906.55
7449.09 2906.63
7474.96 2903.67
7502.23 2900.83
7529.94 2898.22
7557.20 2896.67
7585.09 2895.33
7612.00 2894.34
7638.58 2894.06
7665.67 2894.50
7693.87 2895.32
7720.96 2896.47
7747.66 2898.34
7775.11 2900.26
7801.99 2902.95
7828.16 2906.06
7855.27 2909.31
7882.65 2913.74
7909.55 2918.30
7935.83 2923.86
7962.80 2929.64
7988.81 2935.45
8014.99 2941.61
8041.03 2947.96
8067.35 2955.17
8093.46 2965.84
8120.85 2974.44
8149.93 2984.16
8180.91 2994.60
8213.55 3005.93
8247.51 3018.27
8281.59 3032.06
8315.04 3046.55
8348.63 3063.41
8380.70 3079.91
8414.05 3097.32
8445.68 3114.21
8476.81 3131.56
8509.25 3150.28
8539.78 3168.72
8571.35 3189.17
8601.34 3210.49
8630.08 3231.26
8660.21 3253.13
8689.00 3276.18
8717.44 3299.29
8744.50 3322.20
8772.11 3346.70
8799.10 3371.72
8825.30 3396.66
8850.70 3422.22
8875.74 3449.23
8901.16 3477.08
8924.96 3505.04
8948.59 3533.84
8970.99 3563.41
8993.09 3592.94
9014.55 3622.07
9034.99 3651.37
9056.53 3682.24
9077.13 3711.75
9097.80 3743.46
9116.55 3775.20
9135.24 3806.83
9153.92 3838.45
9172.61 3870.08
9190.77 3900.80
9209.49 3933.47
9227.23 3964.87
9245.24 3996.74
9264.68 4024.44
9283.47 4056.75
9302.57 4089.00
9321.51 4120.98
9340.45 4152.96
9360.04 4184.41
9379.99 4215.61
9400.03 4246.94
9420.52 4277.82
9441.37 4308.41
9462.22 4338.97
9483.72 4369.51
9505.44 4399.45
9527.55 4428.68
9550.49 4458.32
9573.59 4487.43
9596.58 4516.42
9620.19 4545.96
9644.35 4574.39
9668.51 4602.80
9692.58 4631.12
9716.80 4659.60
9740.76 4687.78
9764.76 4716.00
9788.95 4744.46
9813.45 4773.29
9837.46 4801.79
9861.04 4830.17
9884.58 4858.51
9908.00 4886.69
9931.71 4915.22
9955.82 4944.24
9978.76 4974.08
10001.41 5003.94
10023.75 5033.38
10045.24 5063.42
10067.02 5094.05
10088.23 5125.16
10108.34 5155.85
10128.11 5187.61
10147.37 5220.22
10165.75 5252.62
10182.89 5286.14
10199.70 5319.54
10214.72 5353.15
10230.10 5387.57
10245.29 5421.54
10258.21 5456.22
10271.22 5491.77
10281.87 5527.05
10292.56 5563.41
10301.48 5599.04
10310.29 5634.81
10318.61 5671.62
10326.22 5707.65
10333.05 5744.63
10337.50 5781.81
10341.91 5818.55
10346.28 5855.07
10348.74 5891.82
10349.45 5929.09
10350.17 5966.29
10350.87 6002.99
10350.67 6039.80
10349.98 6076.90
10349.28 6114.11
10348.58 6151.26
10349.10 6188.13
10349.95 6225.13
10350.81 6262.93
10353.10 6300.35
10356.87 6336.84
10363.08 6373.28
10370.22 6410.32
10378.12 6447.35
10388.02 6483.74
10398.34 6519.20
10411.25 6553.88
10424.93 6588.30
10440.35 6621.84
10457.03 6655.10
10474.23 6687.77
10493.12 6720.05
10513.05 6751.49
10534.42 6782.19
10556.33 6812.13
10578.65 6842.63
10600.71 6872.79
10622.72 6903.45
10643.94 6934.05
10663.68 6965.54
10682.90 6998.08
10700.12 7031.31
10716.15 7064.87
10731.25 7099.38
10745.07 7134.43
10757.26 7169.65
10768.94 7204.63
10778.82 7240.80
10787.74 7277.61
10794.25 7314.06
10799.87 7350.70
10804.44 7387.56
10807.34 7424.57
10809.25 7461.63
10809.73 7498.64
10809.49 7535.76
10808.27 7572.81
10807.04 7610.06
10805.82 7647.05
10804.61 7684.41
10805.09 7721.64
10807.28 7758.91
10806.09 7796.07
10808.04 7829.31
10811.40 7862.19
10816.24 7895.34
10821.35 7928.68
10830.00 7961.57
10839.00 7995.79
10847.87 8029.53
10856.67 8063.00
10867.56 8096.03
10879.07 8128.97
10891.83 8162.44
10904.86 8196.08
10917.96 8228.73
10931.18 8261.68
10944.58 8295.08
10957.83 8328.37
10970.83 8362.57
10983.77 8396.58
10996.86 8431.02
11009.60 8464.52
11021.23 8499.18
11031.46 8534.06
11040.65 8568.76
11048.83 8604.46
11055.69 8640.14
11061.81 8676.14
11066.38 8712.00
11070.17 8748.10
11071.63 8785.14
11072.91 8822.13
11072.90 8859.06
11071.63 8895.64
11069.35 8932.08
11067.09 8968.30
11064.79 9005.08
11062.53 9041.13
11060.24 9078.05
11058.24 9114.24
11056.21 9151.12
11055.42 9187.80
11055.46 9223.89
11055.52 9261.02
11058.00 9297.45
11061.60 9333.83
11066.08 9370.61
11073.00 9406.88
11081.80 9442.52
11092.14 9478.22
11106.89 9511.74
11120.65 9546.18
11136.09 9580.20
11152.93 9613.50
11170.56 9646.22
11190.37 9677.39
11208.99 9708.70
11231.42 9738.16
11254.68 9766.14
11279.42 9793.48
11304.76 9819.97
11331.66 9844.06
11359.78 9866.76
