1794.90 9297.13
1808.63 9297.21
1824.56 9297.30
1841.86 9297.40
1861.11 9297.51
1882.60 9297.63
1906.67 9297.77
1932.60 9297.92
1960.21 9298.08
1989.48 9298.25
2021.22 9298.43
2055.26 9298.63
2091.47 9302.14
2127.20 9301.98
2163.25 9301.63
2198.79 9301.25
2234.74 9299.98
2270.16 9298.73
2305.95 9297.03
2341.13 9294.70
2375.67 9291.61
2411.27 9287.66
2446.19 9283.53
2482.69 9281.77
2517.66 9276.15
2552.62 9270.00
2587.74 9263.25
2622.14 9256.26
2656.99 9248.40
2691.29 9240.24
2725.56 9230.84
2760.00 9220.70
2794.66 9209.91
2828.02 9198.56
2861.20 9187.04
2894.92 9174.89
2928.10 9161.76
2960.82 9147.98
2994.17 9133.84
3027.28 9119.05
3059.94 9103.93
3092.44 9087.90
3124.01 9071.45
3155.79 9054.33
3186.64 9036.97
3217.69 9019.22
3246.91 9000.99
3277.11 8982.10
3307.52 8962.39
3337.43 8942.12
3366.46 8920.86
3395.09 8899.23
3423.18 8877.08
3451.25 8854.70
3478.53 8831.34
3505.43 8807.87
3532.10 8783.76
3557.69 8759.27
3582.98 8733.30
3607.85 8707.41
3632.27 8680.83
3655.61 8652.95
3678.02 8624.62
3698.97 8596.08
3719.50 8566.94
3738.79 8537.46
3757.24 8507.09
3774.76 8475.66
3791.39 8443.99
3807.13 8412.56
3820.57 8379.87
3832.53 8345.55
3843.69 8312.11
3854.23 8278.56
3863.79 8243.69
3872.20 8208.70
3878.90 8173.75
3884.66 8138.94
3888.39 8102.82
3890.47 8067.08
3891.43 8031.00
3892.38 7995.28
3891.86 7959.89
3890.80 7923.59
3889.74 7887.20
3887.44 7851.89
3883.64 7815.76
3878.75 7780.06
3873.93 7744.88
3869.14 7710.43
3862.90 7675.16
3856.69 7640.12
3850.51 7605.19
3844.33 7570.25
3838.22 7535.71
3832.08 7501.00
3825.82 7465.65
3819.61 7430.58
3813.37 7395.31
3807.19 7360.36
3800.92 7324.94
3794.76 7290.13
3788.51 7254.81
3782.18 7219.05
3775.85 7183.30
3769.70 7148.53
3763.54 7113.73
3757.21 7077.96
3750.89 7042.23
3744.60 7006.67
3738.43 6972.10
3732.30 6937.50
3726.04 6902.13
3719.98 6867.57
3713.65 6831.89
3707.42 6796.80
3701.14 6761.42
3694.98 6726.70
3688.74 6691.51
3682.60 6656.89
3676.27 6621.21
3670.12 6586.55
3660.79 6552.88
3654.53 6517.55
3648.90 6485.84
3643.80 6457.11
3639.05 6430.31
3631.10 6406.16
3627.16 6384.11
3623.33 6359.58
3619.14 6332.72
3617.99 6303.64
3613.11 6272.34
3608.14 6240.47
3603.23 6209.01
3598.37 6177.85
3594.19 6146.88
3590.68 6116.39
3587.05 6084.98
3583.65 6055.47
3580.17 6025.31
3576.90 5995.77
3574.47 5966.12
3572.06 5936.66
3569.56 5906.17
3567.14 5876.67
3564.71 5846.98
3563.08 5817.36
3561.88 5788.52
3560.60 5757.83
3559.43 5724.87
3559.40 5690.26
3559.37 5654.72
3559.33 5619.15
3559.86 5583.24
3561.41 5547.99
3564.09 5512.02
3566.74 5476.40
3570.40 5440.36
3574.19 5404.49
3577.98 5368.61
3583.19 5332.93
3588.38 5298.02
3594.77 5262.64
3601.14 5227.43
3608.24 5192.21
3615.61 5157.14
3623.41 5121.91
3632.16 5087.71
3640.99 5053.28
3651.11 5019.50
3661.32 4985.37
3672.17 4951.93
3683.69 4918.41
3692.30 4883.42
3705.05 4849.62
3717.91 4816.03
3731.36 4782.46
3744.57 4749.50
3759.11 4716.29
3773.65 4684.23
3789.05 4651.64
3804.91 4620.17
3817.95 4588.01
3832.06 4561.03
3845.08 4536.55
3856.87 4516.46
3865.41 4499.25
3873.65 4482.22
3883.11 4466.13
3893.24 4450.08
3903.52 4433.80
3913.29 4418.32
3922.98 4401.58
3931.75 4385.43
3940.57 4369.18
3949.82 4352.15
3958.92 4335.38
3967.45 4318.54
3974.79 4301.58
3981.89 4283.65
3988.38 4265.42
3994.17 4247.33
3998.27 4229.39
4001.95 4210.43
4004.92 4191.81
4006.82 4172.61
4008.49 4153.38
4009.66 4135.06
4010.53 4115.85
4010.60 4097.40
4010.42 4079.02
4010.67 4059.86
4011.25 4041.64
4011.87 4022.30
4012.47 4003.51
4013.06 3985.03
4013.64 3966.76
4014.20 3949.20
4015.48 3930.82
4016.81 3913.45
4018.17 3895.48
4019.51 3877.98
4021.04 3860.03
4022.55 3842.32
4023.42 3822.40
4027.63 3800.53
4028.64 3776.02
4029.75 3749.17
4037.58 3721.00
4038.86 3689.97
4040.22 3657.13
4041.67 3622.43
4043.63 3586.54
4045.60 3550.82
4047.60 3515.51
4049.55 3480.30
4051.50 3444.93
4053.45 3409.64
4055.43 3373.86
4057.40 3338.07
4059.34 3302.94
4061.33 3266.93
4061.34 3230.86
4061.29 3194.62
4061.18 3159.08
4060.48 3123.32
4059.78 3087.96
4058.93 3052.55
4057.28 3016.90
4055.15 2981.01
4052.51 2945.39
4049.88 2909.74
4047.24 2874.09
4043.85 2837.97
4038.49 2802.22
4033.11 2766.30
4027.74 2730.46
4020.70 2695.53
4013.38 2660.83
4006.12 2626.45
3997.48 2590.98
3988.57 2556.83
3979.02 2522.27
3967.74 2487.64
3956.31 2454.37
3943.78 2420.73
3930.41 2388.19
3915.72 2354.97
3900.39 2322.96
3883.97 2290.51
3866.83 2259.10
3848.80 2228.67
3830.24 2198.18
3810.82 2168.65
3790.66 2138.44
3768.93 2110.18
3746.65 2082.56
3723.90 2055.08
3700.22 2028.75
3675.19 2002.49
3650.12 1977.41
3624.08 1953.17
3596.17 1929.80
3567.97 1907.00
3539.36 1884.90
3510.05 1863.69
3480.00 1843.61
3449.90 1824.74
3419.31 1806.14
3388.60 1788.59
3357.33 1771.54
3324.86 1756.22
3293.04 1742.27
