6943.72 1860.63
6939.57 1876.44
6935.03 1893.77
6930.06 1912.74
6924.47 1934.09
6918.37 1957.36
6911.84 1982.08
6904.70 2009.07
6896.53 2037.77
6886.58 2068.29
6876.08 2100.52
6864.50 2134.44
6853.83 2165.46
6846.40 2192.94
6837.15 2217.87
6829.47 2238.59
6823.01 2257.76
6818.67 2277.03
6814.34 2296.30
6809.12 2314.17
6803.28 2332.51
6797.50 2350.70
6791.66 2369.06
6786.41 2385.54
6780.67 2403.61
6775.21 2420.75
6769.59 2438.41
6764.28 2455.59
6759.42 2472.57
6754.48 2489.83
6749.62 2506.81
6745.05 2523.70
6740.43 2540.76
6735.86 2557.67
6732.18 2574.94
6728.80 2591.38
6725.33 2608.32
6722.31 2626.19
6719.26 2644.33
6716.94 2661.37
6714.65 2678.26
6712.77 2696.54
6712.15 2713.27
6711.50 2730.68
6713.89 2747.64
6716.99 2765.62
6721.99 2782.50
6727.81 2798.60
6734.89 2814.98
6742.45 2830.59
6750.85 2845.23
6760.73 2859.20
6771.58 2873.75
6782.87 2888.10
6793.78 2900.41
6805.91 2913.54
6817.59 2925.65
6830.13 2938.66
6842.23 2951.42
6854.48 2964.25
6866.28 2976.59
6879.12 2990.03
6890.63 3004.17
6901.28 3018.17
6910.28 3033.00
6917.82 3048.14
6925.14 3064.19
6929.74 3081.15
6933.33 3097.14
6934.42 3113.59
6934.40 3131.14
6932.78 3148.64
6928.78 3165.66
6923.20 3182.38
6915.82 3198.36
6907.48 3213.76
6899.21 3228.87
6886.71 3241.86
6874.13 3254.93
6860.98 3265.51
6847.07 3275.52
6833.02 3284.10
6817.08 3292.67
6801.01 3300.78
6785.31 3307.52
6768.54 3312.95
6751.74 3317.68
6735.13 3321.35
6717.61 3322.90
6700.88 3322.91
6684.25 3320.59
6667.10 3316.80
6649.70 3311.21
6634.40 3303.45
6617.95 3294.61
6602.73 3285.74
6587.62 3276.94
6572.76 3268.34
6557.38 3260.84
6539.81 3255.37
6522.34 3252.08
6505.76 3249.94
6488.80 3249.52
6472.00 3251.03
6453.91 3255.09
6436.80 3259.37
6419.14 3263.79
6401.84 3268.11
6384.76 3272.20
6367.57 3276.07
6351.00 3279.81
6333.02 3283.86
6316.50 3287.58
6298.45 3291.63
6282.42 3294.77
6266.05 3297.97
6252.02 3300.71
6241.52 3302.76
6234.08 3304.22
6227.39 3305.52
6218.70 3307.61
6208.54 3309.22
6197.00 3311.05
6183.84 3313.13
6168.77 3315.51
6152.09 3318.15
6133.69 3321.06
6113.61 3324.23
6094.10 3327.14
6075.87 3329.71
6057.14 3332.35
6038.96 3334.92
6021.32 3337.40
6003.33 3339.94
5985.03 3342.52
5968.49 3344.85
5951.25 3347.09
5934.16 3349.27
5916.86 3351.48
5898.44 3353.83
5879.83 3356.21
5862.92 3358.37
5845.23 3360.63
5828.23 3362.80
5811.81 3364.90
5794.51 3367.11
5776.94 3369.35
5758.81 3371.67
5742.13 3373.80
5724.51 3376.05
5706.88 3377.99
5689.26 3378.34
5671.81 3378.68
5651.86 3380.33
5630.46 3383.52
5606.56 3387.08
5581.10 3390.87
5554.39 3391.45
5525.74 3395.72
5494.98 3400.89
5461.73 3406.52
5429.01 3412.72
5396.06 3415.66
5361.66 3423.19
5324.81 3431.34
5287.39 3441.14
5249.92 3451.36
5213.05 3462.40
5176.73 3473.34
5139.83 3485.23
5103.34 3498.08
5067.19 3511.01
5030.69 3524.93
4994.73 3539.36
4959.39 3553.72
4924.64 3569.14
4889.08 3585.04
4854.27 3602.03
4819.49 3619.29
4785.20 3637.41
4751.30 3655.60
4718.48 3674.48
4684.75 3694.25
4651.75 3714.43
4619.47 3735.06
4587.04 3756.46
4554.74 3778.29
4523.79 3800.36
4492.16 3823.23
4461.85 3846.61
4431.10 3870.43
4401.00 3894.51
4372.12 3919.00
4343.74 3943.84
4315.87 3969.61
4289.65 3994.30
4265.21 4018.03
4244.73 4042.92
4221.16 4066.25
4197.92 4089.72
4175.55 4113.93
4153.52 4139.02
4131.43 4164.48
4110.02 4189.47
4089.65 4213.90
4069.13 4239.58
4052.05 4267.06
4034.72 4289.45
4020.41 4308.51
4009.57 4325.04
4000.22 4340.71
3992.02 4355.59
3983.47 4370.45
3973.73 4385.70
3964.55 4400.06
3954.98 4415.04
3945.57 4429.77
3936.00 4444.97
3929.07 4461.96
3926.89 4479.80
3931.13 4496.55
3942.16 4510.79
3956.72 4518.95
3974.02 4520.30
3989.86 4514.73
4002.04 4503.77
4009.64 4488.50
4011.12 4471.99
4009.01 4454.01
4004.11 4436.50
3998.83 4419.33
3993.39 4401.60
3988.18 4384.64
3983.03 4368.64
3977.02 4351.81
3970.68 4334.07
3964.58 4316.99
3959.58 4299.91
3955.24 4282.73
3952.34 4265.14
3951.48 4247.12
3951.17 4229.27
3951.73 4212.04
3953.05 4194.16
3956.19 4176.16
3959.79 4158.65
3963.73 4141.49
3967.70 4124.51
3971.42 4108.60
3975.43 4091.46
3979.33 4074.76
3983.41 4057.32
3987.30 4040.68
3991.30 4023.57
3995.27 4006.59
3999.16 3989.96
4003.49 3971.47
4005.08 3954.09
4006.56 3936.64
4007.21 3918.86
4007.63 3901.39
4008.03 3884.37
4008.39 3867.42
4008.75 3849.88
4009.42 3832.17
4011.16 3814.77
4012.92 3797.20
4014.69 3779.56
4016.55 3760.94
4017.66 3743.55
4018.70 3726.19
4020.38 3707.47
4022.81 3689.81
4025.24 3672.12
4027.69 3654.29
4030.02 3637.32
4031.89 3619.94
4032.95 3600.59
4034.09 3579.82
4038.61 3557.68
4039.99 3532.89
4044.77 3506.92
4046.37 3477.91
4048.05 3447.47
4049.82 3415.50
4051.70 3381.40
4053.59 3347.22
4055.50 3312.75
4057.38 3278.65
4058.05 3244.66
4058.01 3210.37
4057.97 3175.53
4057.55 3142.01
4056.88 3108.17
4056.21 3074.53
4055.04 3039.71
4053.46 3005.55
4051.12 2971.28
4048.63 2937.58
4046.21 2904.84
4043.75 2871.60
4040.28 2836.43
4034.83 2800.05
4029.05 2761.48
4023.37 2723.90
4015.32 2686.03
4007.31 2648.07
3999.01 2610.57
3989.70 2573.57
3979.60 2536.76
3968.30 2499.94
3956.25 2463.81
3943.22 2428.16
3928.69 2392.68
3913.40 2357.89
3897.04 2323.62
3879.73 2289.63
3861.37 2255.98
3841.25 2222.60
3821.28 2190.25
3800.00 2158.38
3778.12 2127.32
3754.06 2096.75
3729.92 2067.43
3704.13 2038.03
3677.80 2009.94
3648.25 1984.69
3620.22 1958.59
3590.38 1933.55
3560.02 1909.17
3529.56 1885.66
3498.62 1863.66
3466.43 1842.89
3433.90 1822.51
3401.32 1803.35
3368.16 1784.96
3333.70 1767.64
3300.25 1749.01
