3293.69 1730.05
3309.09 1736.71
3326.91 1744.42
3346.03 1753.39
3366.32 1763.43
3387.90 1774.84
3411.23 1787.69
3435.93 1801.93
3462.31 1818.25
3491.11 1836.16
3521.16 1856.71
3551.65 1879.33
3580.63 1901.62
3608.60 1924.88
3636.77 1949.23
3663.90 1973.94
3689.97 2000.46
3714.86 2027.00
3739.44 2054.96
3762.99 2083.44
3785.88 2112.77
3807.36 2142.28
3828.39 2173.14
3848.14 2203.98
3867.11 2235.35
3885.06 2267.38
3902.01 2299.58
3918.25 2333.75
3933.64 2366.83
3948.28 2400.84
3961.70 2435.07
3974.34 2469.89
3985.77 2504.88
3996.52 2540.40
4006.48 2576.04
4015.40 2612.30
4023.42 2648.84
4031.28 2685.49
4039.00 2721.75
4044.07 2758.16
4049.09 2794.26
4054.14 2830.53
4058.91 2868.07
4061.76 2905.75
4064.58 2943.17
4063.92 2979.04
4066.08 3015.42
4067.89 3051.16
4068.56 3086.75
4068.94 3123.36
4069.32 3159.77
4069.14 3196.72
4068.91 3231.73
4072.00 3264.78
4070.78 3298.58
4069.55 3330.66
4068.31 3363.01
4067.07 3395.51
4065.87 3426.81
4064.66 3458.52
4063.41 3491.13
4062.19 3523.06
4060.99 3554.40
4062.88 3588.10
4060.89 3619.13
4059.03 3648.12
4057.46 3672.62
4056.91 3692.64
4057.57 3711.89
4058.24 3731.55
4057.88 3751.73
4057.42 3770.58
4056.97 3788.78
4056.30 3808.34
4055.13 3827.47
4053.96 3846.63
4054.48 3865.20
4057.09 3883.31
4059.56 3901.84
4062.31 3921.33
4066.93 3940.59
4073.98 3959.02
4082.32 3975.00
4094.96 3988.53
4111.25 3998.03
4129.04 4004.16
4148.00 4005.26
4166.43 4004.25
4186.13 4002.12
4204.96 3998.88
4223.74 3994.55
4243.31 3989.77
4260.59 3981.97
4275.72 3971.45
4290.94 3960.24
4305.43 3949.19
4320.42 3937.48
4335.74 3924.83
4350.01 3913.05
4364.29 3901.26
4379.41 3888.77
4394.66 3876.41
4409.91 3864.83
4425.73 3852.80
4443.03 3839.64
4461.76 3825.39
4482.51 3809.75
4507.21 3795.80
4532.92 3776.97
4560.66 3757.96
4590.01 3738.18
4620.12 3718.80
4651.00 3699.23
4682.39 3680.25
4714.79 3661.29
4746.67 3643.11
4779.21 3625.67
4811.62 3608.53
4844.13 3592.45
4877.24 3576.07
4910.99 3560.72
4944.56 3545.48
4979.04 3534.72
5013.09 3520.87
5047.86 3507.22
5082.07 3494.64
5117.70 3482.05
5152.25 3470.52
5187.03 3459.66
5221.84 3449.04
5256.98 3438.76
5292.74 3429.28
5328.22 3420.32
5364.48 3411.97
5400.66 3403.92
5437.59 3396.64
5473.73 3389.89
5510.05 3383.58
5546.15 3378.03
5581.86 3372.82
5618.62 3367.50
5654.63 3362.30
5691.12 3357.78
5727.27 3353.42
5764.79 3348.90
5801.63 3344.46
5838.90 3339.97
5876.32 3335.46
5912.84 3331.06
5950.25 3326.47
5986.28 3321.74
6022.98 3316.78
6058.58 3311.64
6094.63 3306.49
6131.81 3300.78
6168.90 3294.72
6205.68 3288.44
6241.32 3281.40
6277.86 3273.89
6313.84 3265.93
6349.68 3257.71
6385.18 3248.63
6420.46 3239.15
6456.49 3229.15
6491.82 3218.66
6526.58 3208.18
6561.76 3196.77
6596.85 3185.37
6631.25 3173.25
6665.66 3161.04
6699.88 3148.66
6735.37 3135.82
6769.53 3122.62
6803.74 3109.37
6838.61 3095.86
6873.42 3082.38
6907.90 3069.03
6942.01 3055.81
6977.17 3042.20
7011.32 3029.33
7046.42 3016.62
7079.75 3004.75
7111.25 2993.53
7140.96 2983.12
7168.41 2970.67
7198.76 2961.13
7227.30 2952.69
7258.69 2943.69
7289.22 2936.09
7319.55 2928.99
7350.46 2922.32
7383.88 2916.32
7416.37 2911.15
7448.61 2910.00
7481.69 2909.57
7515.85 2906.08
7551.85 2903.59
7588.53 2901.81
7625.11 2900.80
7662.09 2901.00
7699.73 2902.10
7736.82 2904.20
7773.92 2906.80
7810.28 2910.59
7846.56 2914.90
7882.54 2920.41
7919.47 2927.15
7955.52 2934.77
7991.55 2942.81
8027.67 2951.48
8063.97 2961.07
8099.37 2971.15
8134.71 2982.51
8169.43 2994.22
8204.96 3006.33
8240.02 3019.01
8274.75 3032.85
8308.92 3047.18
8341.47 3063.46
8374.08 3080.18
8407.17 3097.45
8439.37 3114.47
8471.76 3132.52
8503.62 3150.78
8534.83 3169.45
8566.18 3189.74
8596.96 3211.40
8627.25 3233.29
8657.32 3255.05
8686.47 3278.39
8715.53 3302.00
8743.66 3325.81
8771.38 3350.52
8798.40 3375.60
8824.96 3401.00
8851.35 3427.55
8876.87 3455.37
8901.71 3482.60
8925.30 3510.67
8948.71 3539.20
8970.76 3568.60
8993.29 3598.71
9015.27 3628.86
9036.54 3659.34
9057.73 3689.71
9079.22 3720.52
9099.15 3752.24
9117.64 3783.54
9136.70 3815.80
9155.62 3847.81
9174.35 3879.52
9193.41 3911.77
9211.81 3944.29
9229.73 3976.01
9247.87 4008.12
9265.84 4039.91
9284.74 4071.86
9303.34 4103.25
9322.51 4135.62
9341.06 4166.93
9360.78 4197.81
9380.43 4228.55
9400.44 4259.82
9421.37 4290.79
9442.30 4321.48
9463.03 4351.88
9484.91 4382.40
9506.71 4412.05
9528.92 4441.44
9552.02 4470.86
9574.98 4499.79
9597.96 4528.77
9621.25 4557.40
9645.64 4586.08
9669.20 4613.79
9693.11 4641.92
9717.23 4670.29
9741.30 4698.60
9765.40 4726.95
9789.00 4754.71
9812.94 4782.88
9836.76 4811.28
9860.00 4839.25
9883.29 4867.28
9907.32 4896.19
9930.80 4924.44
9954.55 4953.07
9976.52 4982.03
9998.64 5011.20
10021.41 5041.28
10043.19 5071.92
10064.84 5102.38
10085.84 5133.55
10106.01 5164.33
10125.60 5196.32
10144.22 5227.85
10162.03 5259.83
10179.15 5293.34
10195.80 5327.02
10211.16 5361.37
10226.55 5395.81
10241.51 5429.79
10254.46 5465.18
10267.22 5500.63
10277.66 5536.12
10287.82 5571.20
10296.54 5606.63
10305.44 5642.74
10313.46 5679.21
10321.20 5715.81
10327.35 5752.58
10331.80 5789.74
10336.21 5826.56
10340.53 5862.64
10342.29 5899.91
10343.01 5937.27
10343.72 5974.22
10344.43 6011.51
10343.91 6048.18
10343.22 6085.36
10342.53 6121.78
10341.83 6159.37
10342.70 6197.02
10343.53 6233.32
10344.39 6270.80
10347.22 6307.87
10351.60 6345.20
10357.72 6381.11
10364.84 6416.71
10372.68 6453.46
10382.78 6489.34
10393.28 6525.42
10406.38 6559.60
10420.02 6593.39
10435.48 6627.05
10452.20 6660.09
10469.70 6693.32
10488.20 6724.60
10508.18 6756.14
10529.77 6787.01
10551.39 6816.55
10573.06 6846.17
10594.64 6875.67
10616.22 6905.65
10637.22 6935.95
10657.04 6967.31
10676.16 6999.42
10693.20 7032.30
10709.20 7065.57
10723.88 7098.67
10737.64 7133.54
10749.91 7168.47
10761.73 7203.86
10771.67 7239.63
10780.55 7275.15
10787.16 7311.34
10792.76 7347.83
10797.50 7385.14
10800.58 7421.42
10802.44 7457.77
10803.07 7494.67
10803.02 7531.85
10801.81 7568.39
10800.58 7605.79
10799.35 7643.04
10798.18 7679.49
10798.21 7716.99
10800.40 7754.47
10802.47 7790.64
10804.59 7826.97
10808.29 7863.76
10813.69 7900.73
10820.13 7937.00
10829.39 7972.24
10838.80 8008.01
10848.18 8043.67
10858.16 8078.86
10869.98 8113.21
10883.04 8148.64
10896.26 8183.29
10910.06 8217.88
10924.12 8252.94
10937.39 8286.02
10950.79 8319.41
10963.15 8351.64
10975.13 8383.13
10986.96 8414.26
10998.68 8445.09
11010.12 8476.43
11020.23 8507.25
11028.92 8537.34
11037.12 8568.20
11044.28 8598.30
11050.23 8629.23
11055.98 8658.86
11059.99 8687.94
11063.90 8718.65
11066.88 8748.33
11068.07 8777.78
11069.10 8807.35
11070.00 8836.52
11069.47 8865.98
11068.31 8895.92
11066.50 8924.85
11064.70 8953.62
11062.85 8983.23
11061.01 9012.65
11059.23 9041.13
11057.41 9070.21
11055.73 9099.98
11054.07 9130.04
11052.41 9160.02
11052.12 9189.42
11052.16 9218.82
11052.20 9248.68
11052.96 9277.76
11055.61 9307.93
11058.69 9337.31
11062.13 9366.69
11067.52 9395.73
11073.53 9423.20
11080.93 9452.52
11089.38 9480.53
11098.70 9508.35
11109.15 9536.20
11120.87 9563.33
11133.64 9590.47
11146.72 9615.88
11161.22 9642.80
11176.52 9668.14
11192.80 9692.33
11209.88 9715.47
11227.69 9738.85
11246.14 9761.04
11265.06 9782.62
11284.46 9803.92
11305.01 9824.73
11326.72 9844.19
11349.41 9862.83
11374.15 9882.25
