11368.40 9893.26
11355.87 9883.32
11341.25 9871.71
11325.31 9858.68
11308.06 9843.89
11289.50 9826.68
11270.50 9807.28
11250.72 9786.79
11230.56 9763.61
11209.37 9737.74
11188.42 9710.48
11171.24 9683.24
11153.69 9654.37
11137.31 9625.57
11121.94 9595.60
11108.37 9565.25
11095.29 9533.69
11083.90 9501.98
11073.81 9470.03
11064.78 9438.10
11056.66 9404.89
11050.87 9371.63
11046.57 9338.40
11043.35 9305.26
11040.80 9271.16
11039.84 9237.22
11039.28 9203.21
11040.90 9169.71
11044.56 9137.15
11046.66 9103.49
11045.48 9069.73
11047.58 9036.08
11049.69 9002.37
11051.71 8969.43
11053.77 8935.78
11055.31 8902.42
11056.61 8868.93
11057.89 8835.76
11057.15 8802.21
11055.88 8768.39
11053.65 8734.74
11049.37 8701.13
11044.75 8667.33
11039.12 8634.05
11033.23 8600.91
11025.05 8567.96
11015.89 8535.87
11005.97 8503.50
10995.23 8470.98
10983.25 8438.67
10971.40 8407.38
10959.61 8376.27
10947.77 8345.04
10935.42 8313.46
10922.98 8282.67
10910.21 8251.05
10897.84 8220.40
10884.94 8188.46
10873.70 8157.36
10862.23 8125.38
10851.00 8093.25
10840.93 8060.45
10832.72 8027.40
10824.50 7994.30
10816.27 7961.17
10808.37 7929.00
10802.79 7895.35
10797.29 7862.20
10792.90 7828.89
10789.36 7795.35
10786.02 7762.25
10785.96 7728.28
10785.91 7694.15
10786.27 7660.44
10787.40 7626.99
10788.51 7593.84
10789.64 7560.27
10790.75 7527.37
10790.84 7493.45
10790.48 7459.96
10788.34 7426.14
10785.36 7392.89
10782.22 7360.10
10776.89 7326.44
10771.30 7293.65
10764.64 7260.42
10755.90 7227.83
10745.96 7195.17
10735.55 7163.89
10723.77 7132.35
10711.22 7101.20
10697.70 7069.97
10686.97 7039.30
10673.97 7007.87
10656.99 6978.18
10639.45 6948.75
10619.79 6920.68
10600.18 6893.09
10579.91 6865.41
10559.52 6837.58
10539.96 6810.86
10519.92 6783.50
10498.11 6757.34
10480.39 6729.45
10462.99 6700.16
10447.51 6670.09
10432.28 6640.17
10418.14 6610.20
10404.42 6579.02
10392.54 6547.75
10381.65 6516.35
10371.77 6484.22
10362.52 6451.50
10354.57 6419.02
10347.57 6386.62
10342.57 6353.68
10338.46 6320.81
10335.15 6287.61
10334.33 6254.21
10333.65 6220.71
10332.67 6187.41
10332.00 6153.08
10332.86 6118.72
10333.73 6084.43
10334.57 6051.14
10335.41 6017.73
10334.70 5983.94
10330.70 5953.22
10329.93 5919.57
10329.14 5885.32
10326.40 5852.22
10322.67 5819.13
10318.85 5785.24
10315.06 5751.70
10309.48 5718.17
10302.60 5684.71
10295.79 5652.11
10287.77 5619.26
10279.76 5586.45
10270.74 5554.00
10260.86 5521.79
10250.27 5490.11
10238.52 5459.16
10226.30 5427.32
10213.03 5396.35
10199.54 5364.86
10186.50 5334.42
10171.00 5303.77
10154.95 5273.34
10139.11 5244.12
10122.33 5215.09
10105.38 5185.78
10086.78 5157.83
10067.96 5129.69
10049.46 5102.60
10030.75 5075.53
10011.42 5047.54
9991.17 5021.06
9970.86 4994.54
9950.69 4968.19
9929.15 4941.62
9907.36 4915.30
9885.96 4889.46
9864.83 4863.95
9843.77 4838.51
9821.80 4811.99
9800.29 4786.74
9778.64 4761.75
9756.51 4735.72
9735.07 4710.40
9713.51 4684.95
9692.18 4659.76
9670.67 4634.37
9649.14 4608.94
9627.11 4582.93
9605.57 4557.50
9584.41 4531.11
9562.95 4504.28
9541.95 4478.02
9520.65 4451.02
9500.43 4424.50
9480.09 4397.15
9460.37 4370.06
9441.35 4342.35
9422.00 4313.87
9402.94 4285.81
9384.53 4257.88
9366.57 4230.00
9348.31 4201.67
9329.96 4172.77
9312.68 4143.19
9296.05 4114.71
9279.40 4086.21
9262.32 4056.97
9245.60 4027.83
9228.82 3998.36
9212.15 3969.07
9195.23 3939.35
9178.68 3910.70
9161.48 3881.85
9144.42 3853.25
9127.54 3824.95
9110.25 3795.95
9093.12 3767.23
9075.62 3738.33
9056.92 3710.89
9037.73 3682.74
9019.08 3655.37
8999.72 3626.97
8979.29 3600.45
8958.85 3574.04
8938.19 3547.42
8916.88 3522.02
8894.87 3496.09
8871.84 3471.24
8848.61 3446.18
8825.30 3422.47
8800.82 3398.43
8776.06 3374.50
8750.56 3351.56
8725.38 3329.05
8698.90 3307.47
8672.34 3286.39
8645.81 3265.42
8618.64 3245.45
8590.91 3225.07
8562.92 3205.05
8535.32 3187.04
8507.36 3169.48
8478.78 3152.21
8449.69 3135.86
8419.75 3119.03
8389.14 3103.32
8359.55 3088.35
8329.89 3073.45
8300.05 3059.44
8268.91 3046.06
8237.95 3033.50
8206.38 3020.69
8175.14 3009.35
8143.42 2998.32
8111.50 2987.66
8079.37 2977.98
8046.93 2969.09
8014.12 2960.56
7981.91 2952.87
7949.13 2945.74
7915.95 2938.97
7883.08 2932.97
7850.33 2927.64
7816.83 2923.65
7783.30 2919.66
7750.00 2917.25
7716.75 2914.86
7682.80 2913.91
7648.60 2913.33
7614.71 2913.57
7581.45 2914.43
7548.24 2916.24
7515.07 2918.66
7481.08 2921.67
7448.26 2925.94
7414.71 2931.05
7382.47 2936.37
7349.15 2942.49
7315.67 2949.24
7282.38 2957.01
7250.31 2965.46
7217.50 2974.87
7185.53 2984.74
7152.94 2995.08
7121.49 3005.60
7089.62 3017.23
7057.70 3029.01
7025.88 3040.77
6994.38 3052.72
6962.36 3065.04
6930.45 3077.38
6898.51 3089.64
6867.11 3101.74
6835.57 3113.90
6804.60 3125.84
6772.62 3138.16
6741.21 3150.27
6709.12 3161.93
6677.86 3173.29
6645.80 3184.71
6613.39 3196.10
6581.73 3206.70
6549.52 3217.15
6517.60 3227.02
6484.68 3236.50
6452.33 3245.55
6420.31 3254.19
6388.05 3262.54
6355.63 3270.45
6323.25 3277.93
6290.73 3285.16
6258.14 3292.10
6225.31 3298.40
6191.66 3304.48
6158.57 3310.09
6126.02 3315.62
6092.31 3320.92
6059.45 3325.55
6025.75 3330.30
5991.83 3334.87
5958.49 3339.23
5925.20 3343.42
5892.07 3347.46
5859.25 3351.45
5825.16 3355.60
5791.19 3359.73
5758.42 3363.72
5724.62 3367.84
5690.56 3371.98
5656.98 3376.23
5624.03 3381.14
5590.99 3386.06
5558.15 3387.56
5525.02 3392.49
5491.36 3398.15
5458.22 3403.77
5425.58 3410.01
5391.75 3416.55
5359.33 3423.71
5326.36 3430.99
5294.40 3439.23
5261.68 3448.16
5229.77 3457.36
5197.02 3467.23
5165.25 3476.91
5133.58 3487.28
5101.93 3498.58
5069.89 3510.04
5038.66 3521.87
5007.94 3533.99
4976.89 3546.61
4945.47 3559.82
4915.09 3573.41
4884.33 3587.17
4854.61 3601.85
4823.94 3617.08
4794.69 3632.32
4764.91 3648.30
4735.22 3664.67
4706.75 3681.36
4678.15 3698.12
4649.42 3715.92
4620.61 3734.33
4592.15 3753.00
4563.94 3772.07
4536.57 3791.12
4508.76 3811.23
4483.21 3834.23
4456.48 3854.94
4429.58 3875.79
4403.12 3897.03
4377.77 3918.54
4352.83 3939.90
4328.27 3962.64
4303.90 3985.23
4279.71 4008.40
4256.25 4031.53
4232.27 4055.25
4208.82 4078.45
4186.10 4102.51
4163.84 4127.13
4141.30 4153.10
4118.82 4179.01
4096.87 4205.23
4075.67 4231.16
4057.70 4259.76
4038.37 4284.73
4021.90 4306.25
4009.49 4325.16
4000.18 4340.77
3991.37 4356.77
3982.14 4372.52
3972.74 4387.24
3963.29 4402.04
3954.00 4416.57
3944.02 4432.20
3934.88 4447.71
3928.29 4464.30
3926.88 4481.32
3931.72 4497.73
3943.36 4511.85
3959.56 4519.67
3976.63 4519.89
3992.88 4512.59
4005.20 4499.75
4010.52 4483.13
4010.65 4464.96
4007.39 4448.19
4002.60 4431.59
3997.32 4414.40
3992.27 4397.96
3987.26 4381.65
3981.80 4365.19
3975.71 4348.14
3969.93 4331.97
3963.74 4314.63
3959.10 4298.01
3954.70 4280.60
3952.17 4263.02
3951.43 4244.51
3951.12 4226.56
3951.98 4208.62
3953.28 4191.07
3956.67 4173.84
3960.32 4156.10
3964.40 4138.59
3968.43 4121.39
3972.47 4104.11
3976.50 4086.88
3980.72 4068.82
3984.81 4051.34
3988.79 4034.32
3992.68 4017.68
3996.67 4000.64
4000.76 3983.16
4004.13 3965.31
4005.69 3946.92
4006.96 3929.31
4007.37 3912.11
4007.80 3894.27
4008.21 3876.19
4008.59 3857.68
4008.97 3839.27
4010.48 3821.59
4012.24 3804.04
4013.94 3787.01
4015.70 3769.42
4017.19 3751.39
4018.22 3734.26
4019.27 3716.73
4021.49 3699.42
4023.95 3681.53
4026.44 3663.37
4028.84 3645.95
4031.25 3628.38
4032.36 3611.26
4033.40 3592.31
4034.55 3571.43
4035.79 3549.03
4040.46 3525.08
4041.98 3497.71
4043.63 3467.75
4045.40 3435.70
4047.22 3402.70
4049.07 3369.30
4050.96 3335.12
4052.80 3301.77
4054.64 3268.35
4054.74 3234.85
4054.70 3200.70
4054.65 3166.42
4054.06 3132.87
4053.40 3099.40
4052.72 3065.00
4051.37 3031.90
4049.79 2997.91
4047.31 2964.39
4044.80 2930.43
4042.30 2896.72
4039.77 2862.58
4035.84 2829.02
4030.91 2796.18
4025.83 2762.30
4020.94 2729.65
4014.32 2697.24
4007.45 2664.71
4000.41 2631.38
3992.71 2599.05
3984.24 2565.95
3975.39 2533.89
3965.29 2501.34
3954.87 2469.65
3943.36 2438.16
3931.20 2407.48
3917.89 2376.12
3904.31 2345.71
3889.23 2315.31
3873.84 2285.73
3857.39 2255.58
3839.58 2226.21
3821.90 2197.15
3803.31 2169.27
3785.03 2141.91
3764.41 2115.12
3743.75 2089.43
3722.66 2063.80
3700.07 2038.45
3676.89 2013.75
3653.81 1989.86
3629.63 1967.35
3604.89 1945.64
3578.90 1923.99
3552.53 1903.39
3525.83 1882.99
3497.96 1863.19
3470.29 1845.32
3441.21 1827.09
3412.68 1809.93
3383.41 1793.28
3353.44 1777.00
3323.55 1762.84
3294.60 1746.54
