3294.15 1730.25
3308.68 1736.53
3324.78 1743.50
3343.05 1751.96
3362.55 1761.43
3383.58 1772.56
3406.09 1784.72
3429.50 1798.22
3454.36 1813.32
3480.97 1829.85
3509.09 1848.10
3536.66 1867.82
3564.13 1888.92
3591.06 1910.14
3617.28 1932.18
3642.37 1954.33
3667.28 1977.28
3690.81 2001.32
3713.84 2025.88
3736.78 2051.74
3758.24 2077.70
3779.48 2104.40
3800.16 2131.71
3819.15 2159.57
3838.06 2187.33
3855.87 2216.77
3873.68 2246.40
3889.85 2276.23
3905.20 2306.30
3919.59 2336.56
3933.90 2367.40
3947.39 2398.66
3960.13 2430.80
3971.69 2462.29
3982.54 2494.98
3992.69 2527.15
4002.02 2559.40
4010.46 2592.22
4018.46 2625.68
4025.54 2658.71
4032.61 2691.71
4039.54 2725.59
4044.20 2759.10
4048.84 2792.45
4053.59 2826.59
4058.09 2860.26
4060.90 2894.40
4063.42 2927.82
4062.58 2961.22
4065.04 2994.83
4066.79 3029.36
4068.32 3063.67
4068.68 3097.93
4069.03 3132.51
4069.32 3166.94
4069.11 3200.42
4072.21 3232.79
4071.98 3267.19
4070.69 3300.85
4069.44 3333.49
4068.18 3366.55
4066.87 3400.60
4065.67 3432.00
4064.44 3464.31
4063.16 3497.76
4061.93 3529.71
4060.75 3560.69
4062.81 3589.12
4061.24 3613.69
4059.92 3634.29
4058.63 3654.45
4057.37 3674.04
4056.89 3692.04
4057.47 3708.85
4058.05 3725.84
4058.09 3743.05
4057.66 3760.64
4057.25 3777.25
4056.83 3794.66
4056.10 3811.64
4055.14 3827.34
4054.20 3842.66
4053.84 3859.94
4056.40 3878.10
4058.78 3895.99
4061.11 3913.56
4064.53 3930.57
4068.87 3947.70
4076.50 3964.59
4085.15 3979.69
4098.37 3990.88
4114.20 3999.30
4131.12 4004.28
4148.88 4005.31
4167.12 4004.19
4184.94 4002.29
4202.85 3999.36
4220.67 3995.28
4238.64 3990.91
4255.90 3984.64
4271.46 3974.41
4286.52 3963.61
4300.56 3952.90
4314.44 3942.31
4328.63 3930.70
4342.71 3919.07
4356.00 3908.11
4369.24 3897.17
4381.53 3887.02
4394.75 3876.34
4408.41 3865.97
4421.87 3855.74
4437.30 3844.00
4454.41 3830.98
4473.04 3816.81
4493.87 3801.43
4517.53 3788.24
4541.98 3770.53
4567.57 3753.30
4593.28 3735.98
4619.28 3719.33
4645.47 3702.73
4670.28 3687.34
4696.93 3671.74
4722.75 3656.63
4749.66 3641.51
4776.42 3627.17
4803.44 3612.69
4830.99 3598.95
4858.04 3585.57
4885.60 3572.25
4914.73 3559.02
4942.81 3546.28
4971.45 3534.24
4998.14 3523.39
5026.86 3511.88
5054.88 3500.94
5083.78 3490.54
5112.08 3480.53
5140.73 3470.77
5169.71 3461.50
5198.33 3452.76
5227.35 3443.90
5255.97 3435.62
5284.67 3428.01
5314.16 3420.19
5344.57 3413.17
5375.36 3406.08
5404.32 3399.84
5433.72 3394.04
5464.08 3388.22
5495.69 3382.73
5526.40 3377.55
5556.72 3373.17
5585.37 3365.65
5611.48 3361.87
5633.76 3358.65
5651.92 3356.02
5668.62 3352.93
5685.92 3348.95
5701.90 3345.28
5718.78 3342.86
5736.39 3340.81
5752.42 3338.95
5769.63 3336.94
5786.53 3334.98
5801.80 3333.20
5818.25 3331.29
5834.80 3329.36
5851.07 3327.47
5867.56 3325.55
5884.00 3323.63
5900.68 3321.69
5916.15 3319.89
5931.97 3318.05
5948.09 3316.17
5964.52 3313.74
5980.74 3311.34
5997.39 3308.58
6013.14 3305.44
6029.39 3302.19
6045.17 3299.03
6061.86 3295.70
6078.43 3292.39
6093.42 3289.39
6109.52 3286.17
6126.82 3282.72
6142.93 3279.50
6158.20 3276.44
6174.24 3273.24
6190.82 3269.93
6207.40 3265.28
6223.57 3260.64
6239.66 3256.03
6255.80 3251.40
6270.21 3247.30
6286.73 3242.75
6302.66 3238.37
6318.17 3230.81
6331.72 3221.87
6345.67 3211.59
6358.57 3201.34
6370.09 3190.61
6381.48 3178.99
6391.94 3167.33
6402.20 3154.33
6412.41 3140.77
6422.16 3127.48
6430.88 3112.45
6439.02 3098.43
6447.57 3083.69
6455.63 3069.80
6464.44 3054.62
6472.42 3040.87
6481.26 3025.63
6489.66 3011.17
6498.00 2996.80
6505.83 2982.39
6513.59 2967.62
6521.11 2953.33
6528.84 2938.61
6536.59 2923.86
6544.27 2909.25
6551.65 2895.22
6558.96 2881.31
6566.77 2866.45
6574.81 2851.15
6582.42 2836.68
6590.29 2821.70
6597.99 2806.92
6605.25 2791.10
6612.71 2774.86
6619.49 2759.99
6626.58 2744.34
6633.73 2728.58
6640.40 2713.86
6647.22 2699.14
6654.71 2683.40
6661.78 2668.54
6668.44 2652.91
6672.82 2637.13
6677.00 2622.07
6681.29 2606.61
6685.71 2590.67
6690.27 2574.24
6694.38 2558.59
6698.62 2542.29
6702.87 2525.95
6707.48 2509.13
6712.37 2493.35
6717.26 2477.59
6722.47 2461.09
6727.25 2446.05
6732.29 2430.22
6737.02 2415.36
6742.11 2399.37
6747.04 2383.87
6752.06 2368.10
6756.85 2353.05
6761.72 2337.86
6767.07 2321.24
6771.73 2306.76
6777.06 2290.80
6782.56 2274.88
6787.93 2259.35
6793.35 2243.67
6799.16 2227.61
6807.31 2212.74
6815.24 2198.26
6823.11 2182.94
6829.42 2164.82
6836.37 2144.81
6843.77 2123.28
6853.50 2100.49
6863.01 2075.52
6871.86 2048.64
6881.02 2019.30
6890.25 1989.72
6899.56 1959.92
6908.25 1930.35
6915.92 1900.37
6923.79 1869.58
