3294.15 1730.25
3308.96 1736.66
3325.24 1743.70
3343.56 1752.20
3363.74 1762.06
3385.69 1773.67
3408.75 1786.26
3433.72 1800.65
3459.78 1816.68
3487.91 1834.16
3515.93 1852.98
3544.65 1873.93
3574.38 1896.81
3603.64 1920.72
3632.39 1945.24
3659.76 1970.18
3686.16 1996.57
3711.97 2023.79
3736.59 2051.51
3760.38 2080.28
3783.68 2109.89
3805.40 2139.40
3825.93 2169.53
3846.47 2201.21
3865.61 2232.86
3883.75 2264.97
3900.87 2297.19
3916.81 2330.71
3932.65 2364.70
3947.25 2398.31
3961.00 2433.15
3973.52 2467.36
3985.10 2502.84
3996.10 2538.95
4006.01 2574.10
4014.80 2609.84
4022.57 2644.84
4030.23 2680.62
4038.11 2717.40
4043.44 2753.63
4048.57 2790.51
4053.67 2827.14
4058.55 2864.02
4061.38 2900.82
4064.17 2937.77
4066.77 2972.99
4069.09 3009.68
4070.94 3046.07
4071.82 3082.62
4072.20 3119.09
4072.58 3156.16
4072.46 3192.38
4072.23 3228.56
4072.00 3264.79
4070.68 3301.23
4069.29 3337.60
4067.91 3373.63
4066.51 3410.22
4065.11 3446.67
4063.76 3482.07
4062.33 3519.34
4060.92 3556.12
4062.59 3592.67
4060.44 3626.06
4058.58 3655.12
4057.01 3679.69
4057.16 3699.80
4057.84 3719.75
4058.19 3739.22
4057.72 3758.28
4057.25 3777.44
4056.78 3796.63
4055.80 3816.58
4054.56 3836.71
4053.62 3856.68
4056.18 3876.43
4058.83 3896.38
4061.41 3915.75
4065.59 3934.99
4071.68 3953.93
4080.10 3971.32
4091.71 3986.28
4108.76 3996.96
4126.65 4004.02
4146.93 4005.20
4166.54 4004.24
4186.39 4002.08
4206.03 3998.63
4224.86 3994.28
4244.60 3989.45
4262.21 3980.85
4278.44 3969.56
4294.56 3957.48
4310.01 3945.69
4325.13 3933.59
4340.41 3920.98
4355.92 3908.17
4371.08 3895.65
4385.90 3883.42
4401.47 3871.24
4417.27 3859.23
4434.98 3845.76
4454.25 3831.10
4474.77 3815.49
4497.65 3799.60
4522.39 3784.68
4547.77 3766.63
4575.49 3747.96
4604.79 3728.51
4636.19 3708.61
4667.89 3688.74
4700.55 3669.63
4732.55 3650.90
4765.24 3633.16
4798.21 3615.49
4831.54 3598.68
4865.26 3582.00
4899.48 3565.95
4933.70 3550.41
4968.06 3535.62
5002.63 3521.56
5036.86 3507.98
5071.55 3494.86
5106.52 3482.50
5142.05 3470.34
5177.10 3459.24
5212.23 3448.52
5248.46 3437.61
5283.96 3428.20
5319.77 3418.88
5355.95 3410.55
5392.66 3402.14
5429.40 3394.89
5466.53 3387.80
5503.11 3381.44
5539.85 3375.61
5576.18 3370.30
5613.18 3364.95
5650.44 3359.56
5688.03 3354.82
5724.44 3350.44
5760.84 3346.05
5797.29 3341.66
5834.24 3337.21
5871.27 3332.75
5907.57 3328.38
5944.47 3323.90
5981.58 3319.03
6018.88 3314.03
6054.85 3308.84
6091.39 3303.62
6127.86 3298.06
6164.07 3292.19
6200.14 3286.03
6236.35 3279.01
6272.88 3271.61
6309.30 3263.55
6345.55 3255.35
6381.49 3246.17
6417.14 3236.65
6453.08 3226.67
6488.71 3216.15
6524.09 3205.48
6559.90 3193.89
6595.05 3182.48
6630.03 3170.18
6664.88 3157.81
6700.25 3145.01
6734.69 3132.56
6769.06 3119.26
6803.99 3105.74
6838.21 3092.48
6872.90 3079.04
6907.74 3065.55
6942.37 3052.14
6976.72 3038.83
7011.26 3025.83
7046.75 3013.00
7081.29 3000.70
7116.45 2988.18
7151.66 2976.15
7186.96 2964.61
7222.02 2954.25
7257.45 2944.02
7293.08 2935.19
7329.52 2926.66
7365.37 2919.35
7402.66 2913.33
7439.49 2911.05
7476.88 2906.77
7514.22 2902.93
7551.46 2900.30
7588.35 2898.51
7625.35 2897.50
7662.09 2897.70
7699.59 2898.79
7737.06 2900.91
7773.75 2903.48
7810.74 2903.99
7847.64 2908.38
7884.97 2914.11
7920.93 2920.71
7957.09 2928.37
7993.34 2936.46
8029.52 2945.15
8065.23 2954.58
8101.39 2964.88
8136.96 2976.30
8171.91 2988.08
8207.37 3000.18
8242.84 3013.01
8276.99 3026.64
8310.97 3040.83
8344.44 3057.55
8377.26 3074.39
8410.39 3091.69
8443.07 3108.98
8475.31 3126.95
8507.47 3145.40
8539.31 3164.48
8570.25 3184.50
8600.24 3205.62
8630.58 3227.54
8660.94 3249.49
8690.41 3273.08
8719.53 3296.73
8748.18 3320.99
8775.64 3345.45
8802.85 3370.73
8829.54 3396.25
8855.41 3422.27
8880.65 3449.71
8905.85 3477.32
8929.91 3505.87
8953.84 3535.03
8976.36 3565.07
8998.88 3595.18
9021.12 3625.72
9042.14 3655.84
9063.76 3686.82
9085.39 3717.81
9105.28 3749.63
9124.39 3781.97
9143.36 3814.07
9162.12 3845.83
9180.93 3877.66
9199.88 3909.75
9218.07 3941.94
9236.54 3974.64
9255.01 4007.32
9273.48 4039.89
9292.45 4071.92
9311.36 4103.84
9330.10 4135.49
9348.97 4167.11
9368.88 4198.24
9388.66 4229.17
9408.90 4260.79
9429.59 4291.12
9450.29 4321.48
9471.58 4352.70
9493.11 4382.48
9515.38 4412.58
9537.91 4442.38
9560.86 4471.39
9583.96 4500.51
9607.02 4529.57
9630.96 4558.63
9654.90 4586.80
9679.27 4615.46
9703.03 4643.41
9727.44 4672.11
9751.39 4700.29
9775.47 4728.61
9799.84 4757.28
9823.76 4785.43
9847.40 4813.76
9871.28 4842.50
9895.16 4871.24
9919.04 4899.98
9942.54 4928.26
9965.62 4956.77
9987.90 4986.13
10010.35 5015.73
10032.58 5045.61
10054.17 5075.98
10075.57 5106.07
10095.96 5136.95
10116.01 5167.57
10135.35 5199.87
10154.14 5231.68
10171.87 5264.60
10188.72 5297.55
10205.09 5331.59
10220.30 5365.63
10235.22 5399.01
10249.77 5433.15
10262.35 5467.54
10274.82 5503.03
10285.36 5538.91
10295.43 5574.47
10304.40 5610.88
10313.29 5646.98
10321.01 5683.01
10328.74 5719.56
10334.48 5756.63
10338.90 5793.49
10343.28 5830.06
10347.76 5867.43
10348.98 5904.43
10349.69 5941.25
10350.41 5978.85
10351.12 6016.07
10350.44 6052.09
10349.76 6088.45
10349.10 6123.26
10345.17 6161.00
10346.02 6197.95
10346.86 6234.79
10347.71 6271.67
10350.64 6308.87
10354.97 6345.32
10361.30 6382.43
10368.57 6418.41
10376.21 6454.20
10386.41 6490.02
10396.98 6525.96
10410.27 6560.53
10424.17 6594.53
10439.77 6628.48
10456.78 6661.72
10473.99 6694.38
10493.09 6726.15
10512.70 6757.11
10534.22 6787.50
10556.07 6817.36
10577.92 6847.22
10600.15 6877.60
10621.66 6907.71
10642.99 6938.49
10662.72 6970.37
10681.57 7002.68
10698.58 7035.52
10711.13 7069.73
10725.95 7103.93
10739.36 7137.89
10751.48 7173.16
10763.27 7208.50
10772.77 7243.72
10781.43 7279.77
10787.91 7316.20
10793.63 7353.49
10798.10 7390.04
10800.88 7427.28
10802.69 7464.61
10803.16 7501.18
10802.82 7537.68
10801.60 7574.69
10800.39 7611.52
10799.17 7648.40
10797.95 7686.06
10798.55 7722.80
10800.77 7760.72
10802.85 7797.13
10805.01 7834.09
10809.30 7870.67
10814.64 7907.25
10822.03 7944.25
10831.55 7980.43
10841.04 8016.53
10850.46 8052.35
10861.23 8087.77
10873.52 8123.48
10886.74 8158.33
10900.10 8193.06
10914.13 8228.02
10927.87 8262.28
10941.73 8296.82
10955.29 8330.98
10968.29 8365.17
10981.44 8399.73
10994.54 8434.18
11007.85 8469.47
11019.49 8504.71
11029.88 8540.89
11039.05 8576.29
11047.12 8613.06
11054.18 8649.75
11059.74 8686.01
11064.34 8722.16
11067.75 8758.80
11068.69 8795.46
11070.00 8833.24
11069.39 8870.97
11067.58 8907.63
11065.24 8945.06
11062.89 8982.53
11060.55 9019.94
11058.23 9057.05
11056.04 9094.43
11053.95 9132.15
11052.10 9169.05
11052.14 9206.34
11052.19 9244.22
11053.23 9280.81
11056.50 9318.09
11060.82 9355.48
11066.75 9391.69
11074.77 9428.14
11084.51 9464.38
11095.62 9499.60
11108.26 9534.16
11123.38 9568.75
11139.51 9602.50
11157.41 9635.73
11176.63 9668.31
11197.00 9698.01
11219.47 9728.47
11243.30 9757.62
11267.70 9785.51
11292.51 9812.76
11319.30 9837.88
11348.08 9861.78
11377.75 9885.08
