1794.90 9297.13
1810.29 9297.22
1827.99 9297.32
1847.19 9297.43
1868.65 9297.55
1892.69 9297.69
1918.88 9297.84
1946.57 9298.00
1976.75 9298.18
2008.69 9298.36
2041.35 9298.55
2074.27 9298.74
2107.18 9298.88
2140.81 9298.55
2174.07 9298.22
2207.53 9297.64
2241.37 9296.45
2274.08 9295.29
2307.58 9293.64
2341.20 9291.38
2374.54 9288.42
2407.23 9284.79
2440.65 9280.92
2473.87 9276.41
2506.89 9271.33
2540.10 9265.50
2572.68 9259.58
2605.21 9252.97
2638.10 9246.11
2670.59 9238.38
2702.97 9230.44
2734.90 9221.31
2766.81 9211.67
2797.85 9201.88
2829.52 9191.06
2861.26 9180.03
2892.44 9168.77
2923.09 9156.71
2953.33 9143.99
2984.12 9130.93
3014.08 9117.73
3044.70 9103.99
3074.90 9089.18
3104.35 9074.39
3133.68 9058.87
3162.71 9042.86
3191.89 9026.44
3220.59 9009.61
3252.01 8997.80
3280.70 8979.85
3308.92 8961.47
3336.82 8942.55
3363.60 8923.02
3389.66 8903.33
3416.05 8882.76
3442.31 8861.83
3468.05 8840.36
3493.36 8818.46
3518.11 8796.74
3542.22 8774.31
3566.07 8750.66
3589.40 8726.71
3612.46 8702.40
3634.94 8677.66
3656.10 8652.37
3677.13 8625.83
3696.65 8599.35
3715.80 8572.18
3734.54 8544.46
3751.65 8516.29
3768.43 8487.51
3783.99 8458.41
3799.16 8428.47
3813.80 8399.22
3824.99 8367.17
3835.92 8335.69
3846.32 8304.11
3856.11 8271.72
3864.81 8239.94
3872.41 8207.80
3878.75 8174.67
3884.17 8141.90
3888.02 8108.48
3890.18 8075.58
3891.11 8042.89
3892.00 8009.42
3892.32 7975.68
3891.33 7941.89
3890.35 7908.21
3889.03 7874.53
3886.68 7841.24
3882.53 7807.65
3877.96 7774.26
3873.40 7741.00
3868.86 7708.89
3862.98 7675.63
3857.08 7642.27
3851.31 7609.69
3845.63 7577.58
3839.86 7545.00
3834.13 7512.59
3828.27 7479.49
3822.48 7446.76
3816.66 7413.86
3810.83 7380.93
3804.94 7347.67
3799.07 7314.48
3793.20 7281.34
3787.48 7248.98
3781.72 7216.44
3775.88 7183.47
3770.20 7151.33
3764.41 7118.66
3758.65 7086.07
3752.96 7053.95
3747.27 7021.81
3741.55 6989.49
3735.77 6957.11
3730.09 6924.97
3724.36 6892.64
3718.57 6859.61
3712.73 6826.70
3706.80 6793.28
3701.05 6760.92
3695.33 6728.67
3689.58 6696.25
3683.77 6663.52
3678.03 6631.13
3672.23 6598.47
3666.43 6565.76
3660.56 6532.72
3654.71 6499.70
3648.90 6466.98
3643.11 6434.35
3637.09 6402.49
3631.51 6369.26
3626.48 6336.98
3621.58 6305.21
3616.44 6272.28
3611.36 6239.71
3606.34 6207.51
3601.27 6175.04
3596.91 6141.65
3593.14 6108.96
3589.37 6076.34
3585.59 6043.52
3581.72 6010.03
3578.70 5977.38
3576.04 5944.94
3573.29 5911.31
3570.63 5878.86
3567.87 5845.25
3566.17 5812.34
3564.79 5779.24
3563.43 5746.62
3562.72 5713.26
3562.69 5680.12
3562.66 5646.95
3562.63 5613.76
3563.30 5579.98
3564.77 5547.22
3567.24 5514.15
3569.70 5481.03
3572.89 5448.20
3576.44 5414.61
3579.89 5381.92
3584.14 5349.00
3589.00 5316.21
3594.29 5283.91
3600.21 5251.14
3606.17 5218.13
3613.04 5185.40
3619.96 5152.46
3627.16 5120.56
3635.26 5088.88
3643.57 5056.39
3653.19 5024.03
3662.74 4992.15
3672.56 4960.96
3683.14 4930.17
3694.10 4898.28
3705.63 4866.77
3717.53 4835.27
3729.87 4803.94
3742.33 4772.85
3754.91 4741.55
3768.56 4711.47
3782.23 4681.34
3796.54 4651.33
3811.69 4621.44
3826.89 4592.27
3842.20 4563.00
3858.04 4534.02
3875.01 4505.47
3892.15 4476.77
3908.93 4448.67
3925.88 4420.28
3943.77 4392.46
3961.59 4364.92
3980.63 4337.61
4000.31 4310.32
4020.15 4283.39
4039.96 4257.43
4060.08 4231.68
4080.91 4206.11
4102.45 4180.52
4124.51 4155.49
4146.74 4130.34
4168.43 4106.05
4191.02 4081.82
4213.92 4058.57
4237.79 4034.69
4261.45 4011.38
4285.39 3988.28
4309.58 3965.67
4334.17 3943.44
4359.26 3921.35
4384.27 3900.21
4409.37 3878.99
4435.06 3858.14
4461.59 3837.96
4488.33 3817.76
4514.27 3798.80
4540.90 3779.30
4568.10 3760.90
4595.85 3742.21
4624.29 3723.97
4651.94 3706.45
4680.78 3688.85
4708.90 3672.39
4737.38 3655.72
4767.06 3639.67
4796.88 3623.69
4825.94 3608.80
4854.20 3591.14
4883.64 3576.76
4914.42 3562.79
4944.36 3549.19
4974.53 3536.55
5005.91 3523.79
5036.27 3511.75
5067.82 3499.68
5099.10 3488.62
5130.64 3477.49
5161.77 3467.45
5193.25 3457.76
5225.46 3447.93
5256.91 3438.78
5289.15 3430.23
5321.92 3421.77
5353.93 3414.40
5386.53 3406.89
5419.06 3400.29
5451.62 3393.87
5484.63 3388.00
5517.12 3382.35
5549.49 3377.55
5582.61 3372.71
5615.89 3367.90
5649.30 3363.07
5681.70 3358.91
5715.33 3354.86
5748.30 3350.89
5781.14 3346.93
5813.93 3342.98
5846.43 3339.06
5878.44 3331.89
5911.93 3327.85
5944.52 3323.89
5977.89 3319.51
6011.28 3315.12
6044.48 3310.37
6077.11 3305.66
6110.33 3300.83
6143.50 3295.66
6176.58 3290.06
6208.86 3284.45
6241.92 3277.91
6274.02 3271.36
6306.30 3264.22
6338.55 3257.08
6370.74 3248.92
6402.86 3240.61
6435.16 3231.64
6466.92 3222.72
6498.64 3213.15
6530.25 3203.53
6562.19 3193.15
6594.03 3182.81
6625.98 3171.61
6657.27 3160.55
6687.98 3149.45
6718.93 3138.26
6749.90 3126.68
6780.84 3114.70
6811.40 3102.87
6842.66 3090.76
6873.69 3078.74
6904.84 3066.67
6936.13 3054.55
6967.13 3042.55
6998.43 3030.64
7029.31 3019.21
7060.36 3008.15
7091.34 2997.12
7123.13 2985.80
7154.87 2975.10
7185.94 2964.94
7217.91 2955.47
7250.09 2945.96
7282.32 2937.71
7314.55 2930.16
7346.47 2923.12
7378.87 2917.11
7412.13 2911.83
7444.70 2910.45
7478.01 2906.64
7510.63 2903.29
7544.11 2900.72
7577.60 2898.92
7611.28 2897.66
7643.90 2897.31
7677.12 2898.14
7710.00 2899.10
7742.89 2901.31
7776.17 2903.65
7809.58 2907.18
7842.40 2911.08
7875.92 2915.99
7908.91 2921.54
7941.95 2928.53
7974.61 2935.66
8006.98 2943.05
8039.03 2950.86
8071.25 2959.67
8102.75 2968.76
8134.66 2979.01
8166.25 2989.66
8197.25 3000.11
8228.27 3011.25
8259.44 3023.10
8290.74 3035.76
8321.04 3049.54
8350.24 3064.24
8379.67 3079.38
8409.10 3094.74
8438.56 3110.24
8467.52 3126.39
8496.62 3142.82
8524.99 3159.58
8553.00 3177.27
8580.43 3195.56
8607.65 3215.05
8634.18 3234.21
8660.81 3253.62
8686.86 3274.47
8712.54 3295.14
8737.59 3316.35
8762.29 3337.71
8786.74 3360.11
8811.35 3383.30
8834.98 3406.40
8857.97 3429.76
8880.38 3454.31
8903.00 3479.10
8924.59 3504.59
8945.46 3530.03
8965.95 3556.67
8986.06 3583.55
9005.78 3609.90
9025.12 3637.23
9044.51 3665.01
9063.83 3692.68
9082.95 3720.08
9100.33 3747.74
9117.00 3775.96
9133.92 3804.60
9150.74 3833.06
9167.88 3862.07
9184.55 3890.27
9201.29 3918.96
9217.50 3947.64
9234.02 3976.89
9250.14 4005.42
9266.51 4034.38
9283.31 4062.97
9300.15 4091.40
9316.87 4119.63
9334.09 4148.70
9351.71 4177.51
9369.96 4206.05
9387.59 4233.61
9405.66 4261.86
9424.15 4289.01
9442.93 4316.54
9461.44 4343.69
9480.74 4371.01
9500.09 4397.74
9520.42 4424.72
9540.27 4450.74
9561.19 4477.10
9581.60 4502.83
9602.05 4528.61
9622.91 4554.26
9644.61 4579.78
9665.94 4604.86
9687.61 4630.36
9708.85 4655.34
9730.54 4680.85
9752.20 4706.33
9773.79 4731.72
9795.19 4756.90
9816.64 4782.14
9838.29 4807.95
9859.71 4833.73
9880.76 4859.07
9902.16 4884.82
9923.04 4909.94
9944.53 4935.81
9965.03 4961.44
9984.94 4987.69
10004.87 5013.96
10026.71 5037.36
10046.25 5064.84
10065.85 5092.41
10084.90 5120.07
10103.07 5147.81
10120.90 5175.40
10137.74 5203.91
10154.93 5233.02
10170.74 5262.38
10185.71 5291.66
10200.58 5321.52
10214.09 5351.74
10227.71 5382.22
10241.45 5412.96
10253.53 5443.44
10264.76 5474.13
10275.52 5505.41
10284.77 5536.89
10294.07 5568.96
10302.00 5601.17
10309.93 5633.37
10317.38 5665.80
10324.18 5697.98
10331.09 5730.64
10335.39 5764.17
10339.31 5796.86
10343.19 5829.29
10347.19 5862.64
10348.82 5895.98
10349.45 5928.65
10350.08 5961.57
10350.71 5994.59
10350.91 6027.25
10350.28 6060.73
10349.65 6094.15
10349.02 6127.59
10348.46 6160.50
10349.23 6194.08
10349.99 6227.16
10350.75 6260.36
10352.46 6293.96
10355.73 6326.50
10360.79 6359.85
10366.37 6392.27
10373.35 6424.98
10380.34 6457.35
10389.57 6489.05
10398.74 6520.56
10410.46 6551.82
10422.50 6583.01
10436.19 6612.79
10450.38 6642.48
10465.64 6671.45
10481.03 6700.67
10499.01 6729.34
10516.90 6757.57
10536.39 6784.88
10555.91 6811.56
10575.25 6837.99
10594.62 6864.46
10614.55 6891.71
10633.43 6918.89
10652.21 6946.32
10669.28 6974.92
10685.60 7003.30
10700.64 7032.32
10714.99 7062.36
10728.61 7092.68
10740.98 7124.05
10752.61 7155.73
10762.96 7186.73
10773.02 7219.11
10781.59 7251.16
10788.81 7283.21
10794.56 7316.04
10799.68 7349.42
10803.88 7382.93
10806.88 7415.78
10808.63 7449.69
10809.53 7483.54
10809.95 7516.33
10809.04 7549.41
10807.92 7583.22
10806.83 7616.22
10805.75 7649.12
10804.66 7682.87
10804.80 7716.64
10806.72 7749.37
10805.24 7781.54
10807.22 7815.36
10809.48 7849.02
10814.27 7881.83
10819.00 7914.25
10826.13 7946.85
10834.45 7978.49
10842.82 8010.32
10851.25 8042.38
10859.92 8073.83
10870.80 8105.46
10881.97 8136.58
10893.93 8167.93
10906.20 8199.43
10921.82 8229.51
10934.24 8260.45
10946.79 8291.73
10958.95 8322.04
10970.63 8352.77
10982.22 8383.24
10994.25 8414.86
11005.90 8445.52
11017.12 8476.58
11027.54 8508.74
11036.67 8540.75
11045.10 8573.18
11052.48 8605.92
11058.74 8638.51
11064.42 8670.53
11068.69 8704.09
11072.58 8737.34
11074.45 8771.22
11075.58 8804.04
11076.59 8837.43
11076.00 8870.28
11074.46 8903.41
11072.40 8936.19
11070.37 8968.74
11068.27 9002.16
11066.22 9034.92
11064.16 9067.79
11062.25 9101.45
11060.46 9134.02
11058.70 9166.53
11058.74 9199.75
11058.78 9232.72
11058.82 9265.44
11061.43 9298.84
11064.67 9331.67
11068.48 9364.22
11074.33 9396.25
11081.62 9428.32
11090.25 9460.54
11099.84 9491.71
11110.86 9523.02
11124.03 9554.00
11137.97 9584.16
11152.75 9613.16
11168.25 9641.95
11185.94 9670.54
11201.72 9698.86
11221.08 9725.08
11241.62 9750.43
11262.85 9775.29
11284.99 9799.60
11308.38 9823.37
11333.38 9845.52
11359.47 9866.52
