11368.01 9892.95
11355.68 9883.16
11341.35 9871.78
11326.04 9859.30
11309.18 9844.88
11295.19 9827.45
11277.79 9810.10
11259.82 9791.41
11243.39 9768.65
11224.07 9745.56
11204.31 9720.32
11183.35 9693.04
11165.12 9661.13
11146.84 9628.98
11129.74 9596.80
11114.65 9563.14
11100.79 9529.70
11088.38 9494.86
11077.75 9460.24
11068.00 9424.50
11060.53 9388.65
11054.95 9352.03
11050.74 9316.12
11047.66 9280.40
11046.60 9243.04
11045.86 9206.32
11046.15 9169.88
11048.11 9133.14
11050.42 9096.31
11052.72 9059.55
11055.05 9022.34
11057.33 8985.49
11059.56 8949.24
11061.56 8911.80
11063.00 8874.38
11064.41 8837.87
11063.73 8801.12
11062.20 8763.88
11059.54 8726.69
11054.52 8690.07
11049.19 8653.03
11042.71 8616.51
11035.02 8580.53
11025.42 8545.23
11014.70 8509.42
11003.50 8474.74
10991.08 8440.70
10978.01 8406.22
10964.82 8371.42
10951.67 8336.72
10937.87 8301.92
10924.04 8267.67
10910.46 8234.05
10896.65 8199.85
10883.47 8165.01
10870.87 8130.03
10858.48 8094.64
10847.62 8060.01
10838.78 8024.41
10829.86 7988.51
10821.08 7953.18
10813.13 7917.41
10807.16 7881.39
10801.25 7845.22
10797.44 7809.11
10793.60 7772.63
10792.58 7736.96
10792.51 7699.81
10792.79 7662.70
10794.05 7625.31
10795.29 7588.59
10796.53 7551.97
10797.60 7514.65
10797.32 7477.88
10795.89 7440.93
10793.05 7403.79
10789.45 7366.49
10784.27 7330.56
10778.07 7294.06
10770.88 7258.18
10761.41 7222.91
10750.39 7187.59
10738.56 7152.07
10725.13 7118.08
10710.99 7083.64
10696.60 7051.09
10679.28 7017.84
10661.09 6985.23
10642.56 6953.36
10621.36 6922.92
10600.12 6893.00
10578.04 6862.86
10556.58 6833.56
10534.89 6803.95
10510.09 6775.68
10490.03 6744.62
10470.49 6713.86
10453.12 6680.98
10436.35 6648.41
10420.25 6614.68
10405.13 6580.88
10391.99 6546.28
10380.01 6511.00
10369.28 6476.11
10359.94 6440.99
10351.32 6405.74
10345.05 6370.02
10339.74 6333.64
10336.04 6296.52
10334.41 6259.81
10333.72 6223.28
10332.64 6186.55
10332.07 6150.33
10333.00 6113.38
10333.91 6077.10
10334.85 6039.70
10335.12 6002.28
10334.27 5965.00
10333.43 5928.15
10332.60 5891.80
10330.10 5855.53
10322.85 5820.68
10318.73 5784.23
10314.54 5747.10
10307.89 5710.40
10300.58 5674.90
10292.73 5639.57
10283.97 5603.69
10275.11 5568.23
10264.17 5532.57
10253.06 5497.45
10240.02 5463.11
10226.92 5428.78
10212.67 5395.52
10198.40 5362.20
10183.73 5327.97
10166.81 5295.83
10149.60 5263.22
10131.49 5230.93
10113.34 5199.55
10093.64 5168.07
10073.28 5137.64
10052.70 5107.29
10031.50 5076.60
10010.79 5046.70
9988.58 5017.68
9965.90 4988.06
9943.47 4958.91
9920.29 4930.92
9897.11 4902.92
9873.76 4874.73
9850.18 4846.26
9826.49 4817.65
9803.01 4789.88
9779.19 4762.39
9755.44 4734.46
9731.77 4706.51
9708.25 4678.74
9684.59 4650.80
9660.90 4622.82
9637.35 4595.02
9613.78 4567.18
9590.27 4538.43
9567.36 4509.79
9544.36 4481.03
9521.89 4452.64
9499.74 4423.58
9478.00 4394.28
9456.19 4364.19
9435.36 4333.52
9414.51 4302.84
9393.95 4272.50
9374.26 4241.93
9354.37 4211.08
9334.22 4179.80
9315.35 4147.75
9296.65 4115.74
9278.09 4083.96
9259.70 4052.48
9241.52 4020.66
9223.13 3988.36
9204.71 3956.00
9186.36 3923.78
9167.32 3891.63
9148.67 3860.37
9129.91 3828.91
9111.36 3797.82
9092.23 3765.74
9073.02 3734.52
9052.49 3704.40
9031.51 3673.61
9010.62 3642.97
8988.87 3612.83
8966.65 3584.12
8944.00 3554.85
8920.27 3526.07
8896.98 3498.36
8872.27 3471.70
8847.09 3444.53
8820.73 3417.94
8794.35 3392.17
8767.70 3366.89
8740.43 3342.50
8712.84 3318.53
8683.71 3295.41
8654.41 3272.15
8624.54 3249.79
8594.46 3227.69
8564.43 3206.11
8533.49 3185.85
8501.82 3166.09
8469.89 3147.21
8437.66 3129.10
8405.65 3111.70
8372.86 3095.06
8340.19 3078.63
8306.71 3062.57
8272.78 3047.64
8238.16 3033.59
8204.24 3019.84
8169.19 3007.21
8134.04 2995.13
8099.42 2983.90
8064.56 2973.92
8031.17 2964.91
7998.27 2953.12
7962.90 2945.32
7927.05 2937.86
7890.63 2930.88
7854.63 2924.90
7818.07 2920.47
7782.03 2916.23
7745.68 2913.63
7709.01 2911.06
7672.62 2910.44
7636.29 2910.09
7599.15 2910.62
7562.37 2912.01
7525.14 2914.46
7488.65 2917.68
7452.52 2922.05
7416.27 2927.45
7379.68 2933.48
7343.36 2940.26
7307.76 2947.70
7271.75 2956.27
7235.99 2966.13
7201.13 2976.47
7165.98 2987.33
7131.61 2998.74
7097.30 3010.89
7063.33 3023.42
7028.17 3036.39
6993.95 3049.36
6959.78 3062.50
6925.26 3075.79
6890.52 3089.18
6855.99 3102.49
6821.31 3115.86
6786.62 3129.23
6752.54 3142.36
6718.12 3155.16
6683.08 3167.88
6648.32 3180.32
6613.87 3192.43
6579.47 3203.96
6544.55 3215.29
6509.24 3225.99
6474.07 3236.11
6438.78 3245.79
6403.01 3255.43
6367.21 3264.23
6331.66 3272.69
6295.13 3280.81
6258.50 3288.67
6221.82 3295.71
6185.17 3302.23
6148.76 3308.41
6112.73 3314.53
6076.81 3319.78
6040.13 3324.94
6003.70 3333.32
5967.55 3338.05
5930.82 3342.74
5894.01 3347.22
5856.81 3351.75
5820.76 3356.13
5784.01 3360.61
5747.72 3365.02
5710.53 3369.55
5674.14 3373.98
5637.20 3379.18
5601.31 3384.52
5564.92 3389.94
5528.33 3392.00
5491.65 3398.10
5454.89 3404.41
5419.12 3411.25
5383.15 3418.45
5347.64 3426.29
5312.13 3434.39
5277.11 3443.94
5241.45 3453.84
5206.64 3464.33
5171.08 3475.04
5135.65 3486.60
5100.43 3499.12
5066.16 3511.37
5032.23 3524.34
4997.60 3538.19
4963.47 3552.06
4929.76 3566.85
4895.85 3582.02
4862.59 3597.89
4829.72 3614.21
4797.32 3630.91
4764.87 3648.32
4732.53 3666.24
4700.60 3684.96
4668.25 3703.92
4637.35 3723.63
4606.19 3743.54
4575.87 3764.01
4545.41 3784.73
4515.25 3806.54
4485.41 3828.35
4455.85 3851.25
4426.26 3874.19
4398.06 3897.00
4369.91 3920.88
4344.30 3947.81
4317.13 3972.94
4290.53 3998.03
4264.71 4023.16
4240.64 4046.97
4215.86 4071.49
4192.14 4095.97
4168.89 4121.31
4147.36 4146.12
4127.04 4169.54
4105.70 4194.63
4085.11 4219.35
4064.43 4245.64
4049.53 4270.32
4034.05 4290.31
4020.13 4308.95
4008.87 4326.11
3998.85 4343.20
3989.55 4360.07
3980.15 4375.63
3969.93 4391.64
3960.78 4405.96
3951.73 4420.13
3942.10 4435.21
3933.98 4449.91
3928.15 4465.29
3926.88 4480.96
3931.04 4496.36
3939.28 4508.28
3951.10 4516.66
3966.83 4520.47
3980.61 4519.21
3994.56 4511.39
4005.05 4499.97
4010.20 4485.42
4010.95 4469.46
4008.78 4453.17
4004.76 4438.75
4000.39 4424.41
3995.76 4409.34
3991.13 4394.26
3986.62 4379.57
3982.18 4366.26
3977.12 4352.08
3971.78 4337.13
3966.13 4321.32
3961.31 4306.73
3957.55 4291.86
3954.09 4278.21
3952.22 4263.62
3951.50 4248.50
3951.24 4233.30
3951.33 4217.39
3952.40 4202.94
3953.70 4188.27
3956.71 4173.66
3959.80 4158.61
3963.24 4143.57
3966.91 4127.87
3970.58 4112.21
3974.35 4096.08
3977.49 4082.63
3981.14 4067.03
3984.73 4051.68
3988.01 4037.67
3991.53 4022.58
3994.75 4008.84
3998.46 3992.98
4001.75 3978.91
4004.31 3963.19
4005.54 3948.63
4006.89 3932.33
4007.28 3915.81
4007.62 3901.54
4008.00 3885.82
4008.36 3868.90
4008.68 3853.54
4008.97 3839.37
4010.17 3824.75
4011.60 3810.43
4013.23 3794.16
4014.74 3779.05
4016.32 3763.23
4017.39 3747.98
4018.32 3732.53
4019.16 3718.49
4021.05 3702.61
4023.28 3686.42
4025.28 3671.81
4027.40 3656.44
4029.40 3641.86
4031.57 3625.29
4032.58 3607.23
4036.97 3587.40
4038.18 3565.42
4039.53 3541.05
4044.25 3516.27
4049.11 3488.14
4050.77 3458.11
4052.57 3425.51
4054.47 3391.17
4056.48 3354.78
4058.54 3317.43
4060.56 3280.86
4061.35 3244.51
4061.31 3207.94
4061.26 3170.95
4060.68 3133.68
4059.95 3096.45
4059.22 3059.75
4057.58 3023.40
4055.56 2986.60
4052.84 2949.80
4050.15 2913.39
4047.45 2876.87
4044.26 2840.72
4038.89 2804.89
4033.48 2768.75
4027.98 2732.04
4020.82 2696.09
4013.08 2659.41
4005.48 2623.41
3996.51 2587.12
3987.06 2551.37
3976.78 2515.22
3965.31 2480.23
3953.06 2445.46
3939.62 2410.61
3925.44 2376.88
3910.68 2343.68
3894.07 2310.22
3877.09 2277.90
3859.43 2246.13
3839.94 2214.12
3820.59 2183.28
3800.39 2153.03
3778.58 2122.54
3755.95 2093.86
3732.79 2065.73
3708.30 2037.73
3683.07 2010.65
3656.99 1983.81
3630.27 1958.93
3601.92 1934.59
3573.14 1910.98
3543.70 1888.25
3513.41 1866.07
3482.36 1845.09
3451.33 1825.64
3420.29 1806.71
3388.32 1788.43
3355.43 1770.64
3321.82 1754.89
3288.77 1740.40
