6943.46 1861.60
6939.56 1876.48
6935.21 1893.08
6930.47 1911.18
6925.37 1930.66
6919.68 1952.37
6913.35 1976.36
6906.76 2001.29
6900.76 2023.98
6894.28 2044.68
6887.68 2064.94
6881.15 2084.96
6875.03 2103.73
6869.20 2121.63
6862.58 2139.63
6855.70 2158.49
6851.94 2176.91
6846.20 2193.48
6839.60 2211.27
6833.45 2227.88
6827.10 2245.00
6822.39 2260.50
6818.92 2275.95
6815.20 2292.49
6810.92 2308.51
6806.13 2323.58
6800.97 2339.80
6795.89 2355.74
6790.86 2371.55
6786.37 2385.67
6781.56 2400.80
6776.49 2416.72
6771.60 2432.10
6766.75 2447.36
6762.30 2462.51
6758.13 2477.08
6753.89 2491.87
6749.48 2507.32
6745.24 2523.01
6740.92 2538.95
6736.45 2555.47
6732.99 2570.98
6729.61 2587.42
6726.29 2603.60
6723.41 2619.71
6720.73 2635.51
6718.29 2651.47
6716.13 2667.37
6713.86 2684.07
6712.64 2700.06
6712.02 2716.77
6711.43 2733.28
6714.22 2749.55
6716.89 2765.11
6721.50 2780.85
6726.95 2796.61
6733.54 2811.89
6740.31 2826.18
6747.76 2840.87
6757.44 2854.55
6767.36 2868.39
6777.40 2881.15
6787.52 2893.46
6798.28 2905.39
6809.17 2916.92
6820.76 2928.95
6832.19 2940.86
6843.77 2953.04
6855.58 2965.39
6866.84 2977.17
6878.40 2989.28
6888.56 3001.45
6898.39 3014.37
6907.48 3027.92
6915.46 3042.99
6922.14 3057.61
6927.63 3072.35
6931.57 3088.76
6933.89 3105.50
6934.97 3121.86
6933.73 3138.38
6931.61 3154.71
6927.51 3170.58
6921.83 3185.34
6914.67 3200.64
6907.04 3214.57
6899.10 3229.00
6888.00 3240.53
6876.63 3252.34
6864.30 3263.13
6851.23 3272.53
6837.49 3281.70
6822.78 3289.61
6807.82 3297.65
6793.18 3304.14
6778.10 3309.99
6761.88 3315.01
6745.42 3319.30
6729.44 3322.08
6712.93 3322.90
6696.03 3322.72
6680.32 3319.88
6665.03 3316.13
6649.39 3311.11
6634.44 3303.47
6620.07 3295.84
6605.33 3287.25
6591.00 3278.91
6576.96 3270.73
6562.30 3263.24
6547.01 3257.52
6530.44 3253.47
6513.93 3250.63
6498.18 3249.75
6481.58 3250.12
6465.92 3252.09
6449.41 3256.22
6433.90 3260.10
6418.48 3263.95
6401.98 3268.07
6385.60 3272.01
6370.12 3275.50
6353.83 3279.17
6337.51 3282.85
6321.75 3286.40
6305.32 3290.10
6288.77 3293.53
6272.75 3296.66
6256.73 3299.79
6244.71 3302.14
6236.15 3303.81
6231.62 3304.70
6230.69 3304.88
6230.42 3304.93
6228.32 3305.34
6223.99 3306.19
6223.98 3306.19
6223.98 3306.19
6223.98 3306.19
6221.40 3306.90
6216.36 3307.98
6208.94 3309.16
6200.15 3310.55
6189.47 3312.24
6176.70 3314.25
6162.53 3316.50
6146.06 3319.10
6129.76 3321.68
6114.12 3324.15
6097.27 3326.70
6081.01 3328.99
6064.49 3331.32
6047.56 3333.70
6031.43 3335.98
6015.24 3338.26
5998.37 3340.64
5982.47 3342.88
5966.76 3345.09
5950.76 3347.15
5933.96 3349.29
5917.09 3351.45
5900.60 3353.56
5884.62 3355.60
5868.05 3357.71
5851.45 3359.83
5834.65 3361.98
5818.11 3364.09
5801.62 3366.20
5785.52 3368.25
5768.69 3370.40
5752.82 3372.43
5735.94 3374.59
5719.96 3376.63
5703.35 3378.06
5687.47 3378.37
5671.29 3378.69
5654.71 3379.90
5636.22 3382.66
5616.25 3385.63
5593.95 3388.96
5570.09 3392.51
5544.77 3392.89
5517.28 3397.12
5488.80 3401.94
5459.70 3406.86
5430.66 3412.40
5402.32 3417.82
5373.97 3423.85
5345.52 3430.14
5317.42 3436.36
5288.58 3444.23
5259.86 3452.07
5231.26 3460.36
5203.38 3468.76
5175.16 3477.26
5147.02 3486.35
5118.72 3496.08
5091.03 3505.98
5063.01 3516.06
5036.03 3526.42
5008.46 3537.34
4981.04 3548.49
4953.98 3559.64
4931.35 3569.76
4908.57 3579.95
4884.77 3590.60
4860.59 3602.57
4837.29 3614.14
4812.82 3626.33
4788.19 3639.55
4765.14 3651.92
4740.49 3665.41
4716.02 3679.75
4691.36 3694.20
4666.87 3708.68
4643.70 3723.49
4619.29 3739.09
4595.44 3754.76
4571.41 3771.00
4546.93 3787.69
4523.01 3804.99
4498.78 3822.52
4476.16 3839.69
4453.26 3857.43
4429.64 3875.74
4406.69 3894.00
4384.94 3912.46
4362.41 3931.57
4341.38 3950.52
4320.18 3970.12
4298.11 3990.77
4277.52 4010.51
4257.34 4030.45
4236.45 4051.12
4215.18 4072.16
4194.81 4093.09
4175.56 4113.92
4155.43 4136.83
4136.34 4158.82
4117.23 4180.86
4098.60 4203.15
4079.63 4226.06
4063.00 4252.77
4044.29 4277.08
4028.12 4297.98
4015.25 4316.37
4004.82 4332.43
3996.56 4347.34
3988.43 4362.11
3979.80 4376.19
3971.26 4389.55
3962.71 4402.94
3953.87 4416.79
3944.83 4430.93
3936.16 4444.58
3929.77 4460.23
3926.90 4476.84
3929.40 4493.08
3938.29 4507.41
3951.45 4516.80
3967.63 4520.51
3983.85 4517.93
3997.73 4509.15
4006.79 4495.73
4010.95 4480.01
4010.57 4463.74
4007.33 4447.96
4003.18 4433.47
3998.60 4418.56
3994.33 4404.69
3989.80 4389.91
3985.65 4376.42
3980.94 4362.78
3976.14 4349.33
3970.84 4334.50
3965.89 4320.63
3961.05 4305.70
3957.61 4292.12
3954.17 4278.50
3952.22 4263.65
3951.51 4248.82
3951.25 4234.31
3951.12 4220.23
3952.08 4207.29
3953.19 4192.29
3955.97 4177.25
3958.87 4163.15
3961.65 4150.37
3964.94 4136.30
3968.48 4121.14
3971.85 4106.77
3974.79 4094.20
3978.24 4079.42
3981.57 4065.19
3984.74 4051.64
3987.85 4038.32
3991.23 4023.90
3994.57 4009.61
3997.86 3995.53
4000.85 3982.74
4003.83 3968.88
4005.13 3953.50
4006.37 3938.90
4007.09 3923.93
4007.43 3909.40
4007.78 3894.82
4008.11 3880.94
4008.43 3865.33
4008.74 3850.66
4009.02 3836.89
4010.36 3822.81
4011.88 3807.58
4013.25 3793.95
4014.61 3780.30
4016.06 3765.81
4017.21 3751.00
4018.05 3737.01
4018.99 3721.45
4020.53 3706.43
4022.64 3691.07
4024.51 3677.46
4026.63 3662.02
4028.56 3647.96
4030.54 3633.56
4031.90 3619.57
4032.79 3603.40
4033.82 3584.58
4034.94 3564.27
4036.19 3541.65
4040.78 3519.34
4042.14 3494.70
4043.58 3468.58
4045.16 3440.10
4046.81 3410.22
4048.56 3378.54
4050.24 3348.07
4051.94 3317.26
4053.68 3285.80
4054.77 3254.83
4054.73 3224.23
4054.69 3194.47
4054.65 3165.36
4054.14 3136.93
4053.57 3107.66
4052.99 3078.63
4052.18 3049.48
4050.82 3019.90
4049.32 2991.62
4047.23 2963.37
4045.11 2934.74
4043.08 2907.28
4040.99 2879.02
4039.02 2852.42
4035.31 2825.52
4031.34 2799.05
4027.34 2772.31
4023.16 2744.48
4018.68 2717.85
4013.11 2691.50
4007.35 2664.22
4001.48 2636.43
3995.48 2610.08
3988.81 2583.55
3981.77 2557.01
3974.44 2530.47
3965.99 2503.47
3957.31 2477.03
3948.31 2451.69
3939.22 2427.01
3928.86 2401.78
3917.81 2375.95
3906.42 2350.28
3894.14 2325.21
3882.14 2301.02
3869.00 2276.86
3855.94 2253.10
3841.13 2228.76
3826.80 2205.20
3812.20 2182.59
3796.89 2159.66
3780.81 2136.13
3763.26 2113.64
3746.72 2093.03
3729.05 2071.56
3711.36 2051.00
3693.13 2030.73
3674.91 2011.69
3655.29 1991.39
3635.66 1972.97
3615.18 1954.21
3593.52 1936.17
3572.28 1918.64
3550.95 1902.18
3529.09 1885.31
3506.82 1869.48
3483.13 1853.36
3460.27 1839.03
3437.19 1824.57
3414.47 1810.97
3390.48 1797.16
3366.95 1784.30
3343.20 1772.14
3318.20 1760.51
3294.98 1746.71
