11367.22 9892.33
11354.66 9882.35
11340.05 9870.75
11324.51 9857.99
11307.29 9843.18
11289.09 9826.29
11270.78 9807.58
11251.44 9787.51
11231.60 9764.85
11211.32 9740.28
11190.43 9713.09
11171.05 9682.95
11151.56 9650.63
11135.94 9616.47
11122.82 9581.62
11108.26 9547.72
11094.73 9512.71
11083.06 9477.82
11072.77 9442.48
11063.70 9406.78
11057.33 9370.28
11052.63 9333.65
11049.40 9297.30
11047.11 9260.92
11046.07 9224.26
11046.00 9187.68
11047.01 9150.77
11049.37 9113.00
11051.69 9075.98
11054.02 9038.86
11056.32 9001.92
11058.58 8965.19
11060.87 8927.97
11062.36 8890.95
11063.83 8853.07
11064.07 8815.22
11063.14 8778.18
11060.65 8740.44
11056.35 8703.41
11051.29 8666.42
11045.01 8629.49
11038.18 8593.26
11028.98 8557.69
11018.44 8521.49
11007.38 8486.58
10994.92 8451.04
10981.75 8416.09
10968.54 8381.22
10955.38 8346.52
10941.91 8311.93
10927.97 8277.41
10913.90 8242.55
10899.91 8207.91
10886.23 8172.67
10873.50 8137.35
10861.02 8101.91
10849.31 8066.79
10840.38 8030.84
10831.32 7994.40
10822.39 7958.44
10813.81 7921.53
10807.82 7885.39
10801.71 7848.53
10797.68 7811.39
10793.80 7774.53
10792.58 7737.34
10792.52 7700.17
10792.76 7663.81
10794.00 7626.95
10795.26 7589.48
10796.51 7552.38
10797.60 7515.46
10797.32 7477.58
10795.86 7440.41
10792.96 7402.88
10789.37 7365.58
10783.96 7328.71
10777.94 7293.32
10771.05 7258.82
10762.08 7225.40
10752.30 7193.33
10742.29 7163.27
10731.01 7132.66
10718.86 7102.52
10706.36 7073.20
10693.93 7045.33
10678.87 7017.07
10663.90 6990.05
10647.68 6962.16
10630.31 6935.70
10612.50 6910.27
10593.26 6883.63
10574.64 6858.22
10556.11 6832.92
10537.24 6807.16
10519.60 6783.08
10502.03 6757.34
10484.49 6729.74
10466.86 6700.47
10450.53 6668.74
10434.69 6637.55
10419.80 6605.98
10406.08 6574.11
10393.51 6541.00
10381.92 6506.01
10371.46 6471.99
10362.44 6437.33
10354.08 6403.14
10348.11 6368.20
10342.99 6332.92
10339.40 6296.95
10337.74 6261.20
10337.09 6225.60
10335.98 6187.90
10335.38 6149.97
10336.30 6113.11
10337.25 6075.41
10338.20 6038.05
10338.38 6000.62
10337.54 5963.55
10336.69 5926.46
10335.86 5889.82
10333.07 5852.39
10328.82 5814.77
10324.67 5777.97
10320.52 5741.29
10313.32 5704.06
10305.68 5666.94
10297.36 5630.74
10288.39 5593.97
10279.02 5558.48
10268.21 5523.26
10256.58 5488.16
10243.37 5453.35
10229.71 5418.53
10215.18 5384.62
10197.88 5352.61
10182.82 5319.10
10165.49 5286.25
10148.26 5253.59
10129.52 5220.92
10110.52 5188.06
10090.13 5156.89
10069.36 5125.85
10048.40 5095.26
10027.49 5065.00
10005.61 5034.50
9982.99 5004.95
9960.55 4975.64
9937.30 4946.28
9913.88 4918.00
9890.29 4889.51
9866.35 4860.61
9842.75 4832.11
9819.14 4803.60
9794.37 4774.87
9770.00 4746.54
9745.83 4718.00
9721.99 4689.85
9698.24 4661.80
9674.55 4633.84
9650.63 4605.59
9626.93 4577.60
9602.60 4548.57
9579.72 4519.96
9556.70 4491.18
9533.14 4461.73
9510.64 4432.44
9488.03 4402.46
9466.36 4372.68
9445.10 4341.99
9424.32 4311.40
9403.07 4280.14
9382.87 4249.21
9362.55 4217.68
9342.45 4186.50
9323.14 4154.54
9304.14 4122.02
9285.20 4089.59
9266.41 4057.43
9247.97 4025.31
9229.83 3993.45
9211.64 3961.51
9193.13 3929.00
9174.07 3896.51
9155.07 3864.66
9135.86 3832.46
9116.44 3799.89
9097.58 3768.27
9078.59 3736.84
9057.35 3705.68
9036.49 3675.06
9015.34 3644.03
8993.88 3613.90
8971.37 3584.82
8948.53 3555.31
8924.79 3526.32
8901.26 3498.27
8876.36 3471.26
8850.56 3443.43
8824.79 3417.32
8798.18 3391.28
8770.99 3365.39
8743.63 3340.94
8715.61 3316.52
8685.75 3297.03
8656.48 3273.80
8626.82 3251.46
8597.06 3229.59
8566.82 3207.80
8536.26 3187.65
8504.97 3168.02
8472.52 3148.69
8439.47 3130.12
8407.05 3112.41
8373.66 3095.47
8339.86 3078.46
8306.50 3062.47
8272.78 3047.63
8237.99 3033.52
8203.66 3019.63
8168.33 3006.90
8132.78 2994.70
8097.80 2983.40
8062.17 2973.27
8025.57 2963.48
7988.91 2954.41
7952.61 2946.45
7915.49 2938.87
7879.34 2932.35
7842.40 2926.69
7805.08 2922.25
7767.81 2918.53
7730.74 2915.87
7693.97 2914.11
7656.66 2913.47
7619.34 2913.53
7582.58 2914.39
7545.73 2916.40
7508.67 2919.23
7471.52 2922.89
7435.05 2927.73
7397.66 2933.83
7361.28 2940.13
7324.99 2947.19
7289.03 2955.46
7253.37 2964.58
7217.12 2974.98
7181.91 2985.86
7146.15 2997.35
7111.32 3009.23
7076.47 3022.09
7041.17 3035.11
7006.21 3048.26
6971.28 3061.59
6936.37 3075.10
6901.11 3088.64
6865.73 3102.28
6830.99 3115.66
6795.78 3129.23
6760.65 3142.78
6725.91 3155.84
6690.99 3168.52
6656.27 3181.03
6621.00 3193.43
6586.26 3205.23
6550.93 3216.69
6515.43 3227.64
6480.23 3237.78
6444.89 3247.56
6409.45 3257.12
6373.19 3266.17
6337.53 3274.76
6300.69 3282.95
6263.65 3291.05
6226.89 3298.10
6190.55 3304.67
6153.93 3310.88
6117.32 3317.09
6079.95 3322.66
6042.38 3327.96
6004.89 3333.17
5967.53 3338.05
5930.88 3342.73
5894.03 3347.22
5857.62 3351.65
5820.06 3356.22
5782.90 3360.74
5745.25 3365.32
5707.98 3369.86
5671.54 3374.30
5635.37 3379.45
5598.15 3384.99
5561.87 3388.66
5525.60 3392.41
5488.28 3398.67
5452.18 3404.93
5415.37 3411.97
5379.06 3419.35
5343.16 3427.28
5307.23 3435.73
5271.68 3445.43
5236.24 3455.41
5201.14 3465.99
5165.32 3476.89
5130.11 3488.50
5095.42 3500.91
5059.73 3513.79
5024.89 3527.16
4990.80 3540.95
4955.96 3555.13
4921.37 3570.60
4886.73 3586.10
4855.34 3605.18
4821.41 3622.02
4788.62 3639.32
4755.77 3656.95
4723.50 3675.37
4691.04 3694.39
4658.77 3713.86
4626.94 3734.20
4595.88 3754.46
4564.49 3775.68
4534.11 3796.97
4504.02 3818.73
4474.03 3841.34
4445.09 3863.76
4415.22 3886.96
4386.75 3910.93
4357.92 3935.38
4331.03 3960.09
4303.50 3985.61
4276.58 4011.41
4249.93 4037.78
4223.22 4064.21
4197.26 4090.44
4172.12 4117.64
4147.42 4146.05
4122.71 4174.52
4098.77 4202.96
4075.53 4231.34
4057.75 4259.69
4039.91 4282.74
4023.46 4303.99
4009.92 4324.51
3999.61 4341.82
3990.12 4359.03
3980.26 4375.47
3969.79 4391.86
3958.99 4408.77
3948.39 4425.35
3937.86 4441.85
3930.07 4459.49
3926.89 4478.18
3931.16 4496.61
3942.52 4511.11
3958.57 4519.53
3975.91 4520.00
3991.74 4513.40
4004.81 4500.28
4010.26 4484.98
4010.87 4468.23
4008.15 4450.92
4003.40 4434.19
3998.50 4418.25
3993.78 4402.89
3989.01 4387.34
3984.25 4372.07
3978.34 4355.52
3972.89 4340.24
3967.02 4323.80
3961.51 4307.54
3957.36 4291.12
3953.27 4274.94
3951.84 4259.11
3951.41 4243.25
3951.13 4226.97
3951.85 4210.42
3953.11 4193.40
3956.01 4177.05
3959.48 4160.18
3963.01 4144.55
3967.04 4127.32
3971.04 4110.20
3974.60 4094.99
3978.25 4079.38
3981.66 4064.82
3985.63 4047.83
3989.44 4031.55
3993.26 4015.19
3996.98 3999.30
4000.60 3983.82
4003.96 3967.33
4005.31 3951.43
4006.77 3934.12
4007.22 3918.26
4007.64 3900.77
4008.02 3885.03
4008.37 3868.58
4008.72 3851.29
4009.03 3836.31
4010.70 3819.43
4012.37 3802.72
4014.03 3786.10
4015.65 3769.93
4017.08 3753.22
4018.08 3736.55
4019.13 3719.00
4021.00 3702.99
4023.22 3686.80
4025.48 3670.42
4027.63 3654.71
4029.92 3638.08
4031.89 3619.84
4033.00 3599.66
4034.18 3578.11
4035.49 3554.43
4036.87 3529.41
4041.69 3502.85
4043.26 3474.38
4044.89 3445.02
4046.60 3414.02
4048.39 3381.50
4053.55 3348.02
4055.54 3312.04
4057.50 3276.45
4058.05 3241.11
4058.00 3205.84
4057.96 3170.98
4057.41 3135.19
4056.69 3098.88
4056.01 3064.05
4054.53 3028.69
4052.71 2992.70
4050.07 2957.01
4047.47 2921.90
4044.81 2885.90
4042.23 2851.08
4037.25 2816.22
4032.07 2781.66
4026.75 2746.16
4020.72 2711.59
4013.48 2677.29
4005.96 2641.69
3998.11 2607.01
3989.35 2572.15
3979.88 2537.77
3969.39 2503.26
3957.93 2468.42
3945.60 2434.68
3932.65 2402.33
3919.03 2370.57
3904.10 2337.85
3888.61 2306.63
3871.31 2274.21
3853.79 2243.21
3835.49 2213.15
3816.77 2183.49
3796.90 2153.73
3776.15 2124.80
3754.55 2097.35
3732.10 2070.07
3709.40 2043.89
3684.11 2016.47
3658.61 1990.07
3631.21 1964.32
3602.16 1943.37
3574.68 1920.50
3546.98 1899.11
3518.71 1877.93
3489.89 1857.59
3460.45 1839.14
3430.95 1820.66
3400.97 1803.14
3369.92 1785.92
3339.00 1770.15
3307.93 1756.03
