3295.07 1730.65
3309.60 1736.93
3326.38 1744.20
3344.54 1752.67
3364.10 1762.26
3385.67 1773.66
3409.27 1786.55
3434.01 1800.82
3460.11 1816.88
3488.42 1834.49
3516.43 1853.34
3543.89 1873.35
3570.78 1894.04
3596.91 1915.05
3621.30 1935.56
3645.39 1957.08
3668.64 1978.67
3691.74 2002.27
3714.20 2026.27
3735.13 2049.75
3754.22 2072.83
3773.10 2096.06
3791.27 2119.81
3807.65 2142.70
3823.81 2166.42
3839.75 2190.11
3853.97 2213.63
3868.24 2237.21
3881.53 2260.88
3893.95 2283.78
3904.97 2305.82
3916.47 2330.01
3927.15 2352.83
3937.61 2375.39
3947.99 2400.14
3957.36 2423.25
3966.05 2446.93
3974.60 2470.69
3982.64 2495.29
3990.33 2519.01
3997.75 2544.64
4004.50 2567.99
4010.41 2592.02
4016.67 2617.46
4021.86 2641.53
4027.27 2666.81
4032.55 2691.44
4037.83 2716.07
4041.67 2740.93
4044.87 2763.92
4048.39 2789.20
4051.86 2814.16
4055.65 2841.40
4062.27 2868.59
4064.47 2897.78
4066.69 2927.31
4065.51 2956.22
4067.73 2985.77
4069.34 3014.50
4070.92 3045.75
4071.73 3074.45
4072.05 3104.95
4072.35 3134.01
4072.65 3162.80
4072.47 3190.87
4072.30 3218.28
4072.13 3245.53
4071.79 3272.10
4070.78 3298.46
4069.80 3324.27
4068.77 3351.07
4067.78 3376.86
4066.84 3401.56
4065.89 3426.25
4064.92 3451.57
4063.94 3477.35
4062.95 3503.11
4062.00 3528.03
4061.04 3552.97
4060.10 3577.64
4061.92 3603.05
4060.57 3624.11
4059.51 3640.68
4058.35 3658.69
4057.49 3672.20
4056.91 3681.22
4056.73 3685.75
4056.92 3692.86
4057.22 3701.56
4057.59 3712.49
4058.03 3725.27
4058.18 3739.61
4057.79 3755.39
4057.40 3771.39
4057.01 3787.22
4056.65 3801.90
4055.83 3815.98
4054.93 3830.72
4054.08 3844.64
4053.38 3857.79
4052.94 3871.09
4052.46 3886.35
4051.92 3903.96
4051.38 3921.34
4050.84 3939.10
4050.31 3956.18
4049.77 3973.81
4049.23 3991.36
4048.70 4008.65
4048.16 4025.95
4048.27 4043.20
4048.91 4061.47
4049.52 4079.74
4050.09 4097.11
4051.16 4114.65
4053.66 4131.69
4058.07 4148.86
4063.35 4165.73
4070.15 4181.54
4077.92 4197.33
4086.33 4212.73
4094.86 4228.35
4103.14 4243.50
4111.85 4259.48
4120.04 4275.42
4126.43 4292.44
4130.93 4310.22
4133.38 4328.08
4133.33 4345.16
4132.45 4362.55
4129.73 4380.46
4125.19 4397.21
4119.57 4413.50
4111.69 4429.41
4103.07 4444.88
4093.52 4459.07
4081.53 4472.95
4068.93 4485.49
4054.96 4496.71
4040.73 4506.66
4025.63 4515.70
4009.42 4524.37
3993.24 4532.36
3977.10 4539.47
3960.29 4546.88
3944.66 4553.76
3928.59 4561.96
3912.95 4570.55
3898.61 4580.10
3888.21 4587.48
3881.55 4593.29
3876.70 4598.31
3870.86 4604.50
3863.63 4612.35
3854.65 4622.10
3844.35 4633.28
3833.55 4645.51
3823.59 4657.25
3814.09 4670.93
3805.49 4684.69
3796.76 4698.77
3789.10 4711.48
3781.11 4724.92
3774.87 4738.46
3768.13 4753.06
3761.88 4767.44
3755.86 4781.55
3749.98 4795.95
3744.89 4809.40
3739.42 4823.83
3733.80 4838.47
3728.02 4853.09
3721.57 4867.80
3715.10 4881.98
3708.57 4897.14
3702.89 4913.89
3696.70 4932.13
3689.80 4952.48
3682.28 4974.65
3672.12 4996.79
3664.50 5022.47
3656.40 5049.74
3645.40 5077.87
3637.55 5108.47
3629.58 5140.55
3622.64 5172.98
3615.76 5205.11
3609.37 5237.39
3603.39 5270.02
3597.35 5303.61
3592.83 5336.56
3588.26 5370.20
3584.45 5403.32
3580.63 5436.53
3576.81 5469.68
3574.43 5503.30
3572.22 5536.69
3570.57 5569.63
3569.54 5603.34
3569.52 5636.40
3569.50 5669.88
3569.48 5703.68
3569.62 5736.96
3571.06 5770.61
3572.47 5803.43
3573.96 5836.91
3576.77 5870.35
3579.61 5904.08
3582.40 5937.19
3585.17 5970.09
3588.13 6003.34
3592.28 6036.91
3596.38 6069.95
3600.53 6103.46
3604.62 6136.50
3609.01 6169.69
3614.18 6202.53
3619.32 6235.17
3624.45 6267.73
3629.74 6301.33
3635.02 6334.61
3636.92 6367.90
3642.34 6400.63
3648.20 6434.06
3653.90 6467.21
3659.67 6500.81
3665.32 6533.70
3671.04 6566.99
3676.65 6599.66
3682.36 6632.91
3688.08 6665.55
3693.88 6698.04
3699.74 6730.87
3705.71 6764.34
3711.68 6797.81
3717.45 6830.17
3723.29 6862.88
3729.06 6895.22
3734.87 6927.80
3740.77 6960.83
3746.66 6993.87
3752.50 7026.29
3758.42 7059.47
3764.34 7092.62
3770.16 7125.46
3776.04 7158.42
3781.84 7190.90
3787.65 7223.40
3793.62 7256.83
3799.59 7290.28
3805.46 7323.17
3811.42 7356.56
3817.32 7389.56
3823.12 7422.06
3829.04 7455.23
3835.00 7488.56
3840.94 7521.83
3846.78 7554.53
3852.55 7586.87
3858.44 7619.84
3864.34 7652.86
3870.19 7685.64
3875.71 7718.41
3879.42 7751.17
3883.56 7784.40
3888.05 7816.90
3892.78 7850.19
3894.01 7883.49
3894.93 7916.26
3895.88 7950.19
3896.84 7984.04
3895.96 8018.08
3894.83 8051.37
3893.25 8085.04
3889.86 8118.86
3885.49 8151.76
3880.15 8185.18
3873.39 8217.84
3865.77 8250.28
3856.69 8282.58
3846.72 8314.03
3835.89 8346.04
3823.99 8377.47
3812.12 8408.65
3797.40 8438.58
3782.09 8468.60
3765.74 8497.89
3748.34 8526.98
3730.67 8555.97
3711.85 8583.78
3692.53 8611.01
3672.12 8638.05
3651.22 8663.54
3629.22 8689.44
3606.85 8714.29
3583.98 8738.16
3560.64 8762.31
3536.01 8785.67
3511.55 8807.63
3486.90 8829.26
3461.26 8851.02
3435.74 8871.57
3410.13 8891.74
3383.76 8912.07
3356.67 8932.74
3330.00 8952.01
3302.27 8970.24
3274.42 8987.92
3246.62 9005.31
3217.80 9023.34
3188.29 9040.28
3159.59 9056.60
3129.62 9072.57
3099.75 9087.95
3069.64 9103.24
3039.44 9117.83
3009.27 9131.49
2978.73 9144.78
2948.21 9157.79
2917.71 9170.08
2886.31 9182.04
2854.33 9193.47
2822.13 9204.45
2789.89 9214.86
2757.96 9224.79
2726.39 9234.00
2694.65 9242.86
2662.48 9250.85
2629.97 9258.77
2596.80 9265.44
2563.88 9272.01
2530.33 9277.92
2497.51 9283.61
2464.48 9288.31
2431.55 9292.86
2398.59 9296.43
2365.98 9299.77
2332.77 9302.59
2299.38 9304.54
2266.62 9306.07
2233.18 9307.42
2199.21 9308.79
2165.58 9308.97
2132.14 9308.96
2099.07 9308.94
2066.18 9308.70
2032.82 9308.52
1999.44 9308.33
1965.77 9308.14
1931.87 9307.96
1898.44 9307.77
1864.68 9307.58
1830.89 9307.39
1797.65 9307.21
