3293.69 1730.05
3305.89 1735.33
3320.63 1741.71
3336.88 1748.99
3355.10 1757.75
3374.53 1767.77
3395.51 1778.87
3417.86 1791.51
3441.85 1805.60
3466.64 1820.94
3493.34 1837.54
3520.93 1856.55
3549.26 1877.48
3576.80 1898.68
3602.95 1920.13
3628.63 1941.81
3653.83 1964.77
3677.84 1988.07
3700.93 2011.66
3723.50 2036.60
3745.54 2062.33
3766.74 2087.98
3787.49 2114.87
3807.06 2141.83
3825.81 2169.35
3844.16 2197.39
3861.07 2225.37
3877.92 2254.21
3894.23 2284.30
3908.85 2313.97
3923.45 2344.82
3937.37 2374.87
3950.39 2406.01
3962.10 2436.15
3973.32 2466.76
3983.47 2497.85
3993.23 2529.04
4002.18 2559.96
4010.29 2591.49
4018.19 2624.43
4024.99 2656.14
4031.75 2687.71
4038.81 2720.67
4043.37 2753.17
4047.92 2785.84
4052.67 2819.96
4057.09 2852.05
4063.36 2883.16
4065.89 2916.68
4064.96 2948.99
4067.41 2981.55
4069.35 3014.67
4071.03 3047.98
4071.81 3081.98
4072.16 3115.56
4072.51 3149.26
4072.52 3183.04
4072.31 3216.42
4072.12 3246.89
4071.66 3275.66
4070.62 3302.74
4069.58 3329.94
4068.54 3357.17
4067.44 3385.75
4066.37 3413.88
4065.26 3442.76
4064.17 3471.34
4063.12 3498.73
4062.03 3527.08
4060.90 3556.77
4062.96 3586.83
4061.16 3614.91
4059.50 3640.79
4058.13 3662.19
4057.05 3679.09
4056.98 3694.58
4057.55 3711.29
4058.11 3727.83
4058.06 3744.25
4057.65 3761.08
4057.22 3778.68
4056.83 3794.75
4056.08 3811.97
4055.06 3828.61
4054.00 3845.90
4054.22 3863.07
4056.37 3877.87
4058.53 3894.09
4060.55 3909.31
4063.39 3925.82
4067.31 3942.18
4073.51 3957.97
4081.28 3973.28
4090.75 3985.61
4104.36 3995.01
4119.88 4001.74
4136.84 4004.61
4153.55 4005.31
4169.55 4003.99
4185.62 4002.19
4201.23 3999.73
4217.22 3996.07
4234.00 3992.04
4249.68 3987.74
4264.61 3979.18
4278.47 3969.53
4292.84 3958.79
4306.46 3948.40
4319.81 3937.99
4332.82 3927.24
4345.14 3917.07
4357.88 3906.55
4370.29 3896.30
4383.82 3885.14
4396.19 3875.25
4410.35 3864.49
4425.76 3852.78
4443.34 3839.40
4460.07 3826.67
4480.33 3815.44
4500.65 3802.48
4521.37 3789.52
4542.41 3774.23
4563.81 3759.81
4586.75 3744.36
4608.95 3729.78
4632.92 3714.59
4657.21 3699.20
4681.16 3684.80
4705.59 3670.50
4730.10 3656.16
4754.14 3642.85
4779.12 3629.46
4804.70 3615.75
4830.59 3602.83
4856.34 3590.08
4881.80 3577.60
4909.18 3565.17
4936.16 3552.91
4963.59 3541.00
4989.42 3530.50
5015.93 3519.72
5043.30 3509.00
5070.41 3498.76
5097.10 3489.33
5124.26 3479.73
5152.43 3470.47
5181.23 3461.44
5209.25 3452.88
5238.07 3444.08
5265.85 3436.41
5293.18 3425.75
5324.30 3417.84
5353.04 3411.22
5381.70 3404.62
5410.65 3398.59
5440.26 3392.75
5468.92 3387.38
5497.75 3382.37
5527.45 3377.40
5557.25 3373.09
5585.16 3365.68
5611.02 3361.94
5635.58 3358.38
5659.60 3354.83
5678.91 3350.56
5698.00 3346.18
5717.29 3343.04
5736.18 3340.84
5755.31 3338.61
5773.84 3336.45
5792.75 3334.25
5811.54 3332.07
5829.28 3330.00
5846.58 3327.99
5864.52 3325.90
5881.42 3323.93
5898.02 3322.00
5914.69 3320.06
5932.49 3317.99
5949.03 3316.03
5965.63 3313.57
5983.22 3310.97
6000.38 3307.98
6017.23 3304.62
6032.50 3301.57
6048.16 3298.44
6064.93 3295.08
6080.83 3291.91
6097.24 3288.63
6113.51 3285.38
6128.95 3282.29
6145.25 3279.03
6162.78 3275.53
6178.25 3272.44
6193.55 3269.25
6209.36 3264.72
6225.41 3260.12
6241.56 3255.48
6257.98 3250.78
6273.57 3246.37
6289.76 3241.92
6305.53 3237.58
6320.83 3229.16
6334.19 3220.05
6347.80 3210.01
6360.03 3199.99
6372.94 3187.95
6384.46 3175.67
6395.45 3163.31
6405.18 3150.38
6414.93 3137.43
6424.45 3123.53
6432.83 3109.08
6441.10 3094.84
6449.11 3081.04
6457.56 3066.48
6466.11 3051.74
6474.98 3036.46
6483.10 3022.47
6491.55 3007.91
6499.89 2993.54
6507.88 2978.49
6515.16 2964.63
6522.67 2950.34
6530.39 2935.66
6538.10 2921.00
6545.60 2906.72
6553.01 2892.63
6560.63 2878.13
6568.57 2863.03
6576.74 2847.49
6584.52 2832.68
6591.83 2818.78
6599.02 2804.67
6605.96 2789.57
6612.36 2775.62
6618.88 2761.34
6624.70 2748.50
6630.66 2735.35
6637.08 2721.17
6643.77 2706.43
6649.61 2694.11
6655.28 2682.21
6661.65 2668.80
6667.68 2655.67
6672.00 2640.10
6675.75 2626.56
6679.52 2612.96
6683.24 2599.57
6687.41 2584.56
6691.61 2569.24
6695.43 2554.58
6698.94 2541.06
6702.33 2528.02
6706.48 2512.33
6710.98 2497.84
6715.53 2483.17
6720.02 2468.80
6724.30 2455.32
6728.80 2441.19
6733.52 2426.35
6737.89 2412.61
6742.30 2398.77
6746.83 2384.54
6751.38 2370.24
6755.85 2356.19
6760.50 2341.64
6764.76 2328.42
6768.91 2315.51
6773.23 2302.11
6777.83 2288.58
6782.76 2274.32
6787.42 2260.83
6792.35 2246.57
6797.05 2232.97
6803.99 2218.80
6810.93 2206.13
6818.55 2192.21
6825.15 2177.10
6831.26 2159.51
6837.86 2140.55
6845.11 2119.22
6855.24 2097.49
6863.95 2072.66
6872.55 2046.42
6881.08 2019.10
6889.60 1991.83
6898.26 1964.07
6906.44 1936.74
6913.38 1910.31
6920.42 1882.75
6928.01 1853.07
