6943.59 1861.11
6939.48 1876.80
6934.77 1894.77
6929.57 1914.61
6923.95 1936.06
6917.85 1959.33
6911.37 1983.86
6904.30 2010.58
6895.99 2039.42
6887.04 2066.90
6877.83 2095.15
6868.58 2123.44
6858.25 2151.31
6850.99 2180.15
6841.08 2207.29
6831.64 2232.76
6823.66 2254.88
6819.48 2273.43
6815.36 2291.80
6810.70 2309.19
6805.22 2326.41
6799.59 2344.13
6793.81 2362.30
6788.27 2379.71
6782.80 2396.88
6777.03 2415.04
6771.28 2433.09
6765.75 2450.49
6760.63 2468.34
6755.60 2485.90
6750.35 2504.24
6745.36 2522.57
6740.61 2540.12
6735.75 2558.07
6731.92 2576.16
6728.16 2594.49
6724.64 2612.41
6721.45 2631.27
6718.49 2650.00
6715.92 2668.94
6713.40 2687.52
6712.40 2706.61
6711.72 2724.81
6713.14 2743.27
6716.20 2761.11
6720.97 2779.05
6726.82 2796.31
6734.07 2813.11
6741.92 2829.50
6750.85 2845.24
6761.29 2859.99
6772.70 2875.17
6784.58 2890.20
6796.64 2903.58
6809.50 2917.26
6822.44 2930.69
6836.84 2940.55
6852.30 2951.80
6866.95 2962.30
6883.41 2971.76
6900.09 2979.58
6917.72 2986.03
6934.97 2991.34
6953.33 2995.47
6971.86 2998.19
6989.86 2999.63
7008.64 2999.41
7027.54 2997.79
7045.49 2995.77
7062.78 2990.50
7080.11 2985.21
7098.24 2980.74
7117.17 2977.83
7135.37 2974.61
7152.99 2968.72
7170.98 2962.71
7188.33 2956.91
7206.31 2951.70
7224.37 2946.98
7242.88 2942.15
7261.29 2937.34
7278.96 2932.72
7297.03 2929.65
7314.90 2926.43
7332.89 2922.44
7351.14 2918.82
7370.72 2915.07
7391.71 2911.73
7414.56 2908.10
7439.08 2907.77
7466.09 2904.68
7494.44 2901.63
7523.29 2898.68
7552.09 2896.96
7581.97 2895.45
7611.21 2894.36
7641.15 2894.04
7670.21 2894.63
7699.87 2895.50
7729.57 2897.07
7759.05 2899.14
7788.75 2901.38
7818.21 2904.88
7847.47 2908.36
7876.02 2912.66
7904.56 2917.27
7933.24 2923.32
7962.17 2929.50
7990.44 2935.81
8018.92 2942.56
8047.82 2949.75
8076.48 2957.70
8104.49 2965.85
8132.26 2974.72
8160.52 2984.24
8188.94 2993.83
8216.38 3003.44
8244.03 3013.44
8270.96 3024.20
8298.77 3035.45
8324.90 3047.77
8351.07 3060.95
8377.36 3074.45
8403.03 3087.84
8428.80 3101.30
8454.27 3115.23
8480.05 3129.59
8506.00 3144.53
8531.00 3159.29
8555.73 3175.10
8580.14 3191.31
8604.35 3208.59
8627.85 3225.57
8651.66 3242.76
8674.74 3260.54
8697.43 3278.70
8719.98 3297.12
8742.01 3315.77
8764.14 3334.92
8785.58 3354.57
8807.28 3374.91
8828.69 3395.40
8849.26 3416.09
8869.49 3437.48
8889.14 3459.02
8908.63 3480.38
8927.64 3503.11
8945.98 3525.45
8963.75 3548.22
8981.73 3572.25
8999.08 3595.44
9016.47 3619.07
9033.15 3642.97
9050.26 3667.48
9067.34 3691.95
9084.19 3716.09
9100.36 3741.30
9115.05 3766.17
9129.88 3791.27
9144.59 3816.16
9159.47 3841.34
9174.61 3866.98
9189.80 3892.67
9204.71 3918.31
9219.15 3943.86
9233.47 3969.21
9247.86 3994.66
9262.48 4020.55
9277.17 4046.13
9291.93 4071.04
9306.82 4096.17
9321.87 4121.58
9336.58 4146.42
9352.00 4171.84
9368.04 4196.92
9383.69 4221.40
9399.57 4246.22
9415.47 4270.42
9431.99 4294.64
9448.54 4318.92
9464.83 4342.81
9482.02 4367.15
9499.27 4390.99
9517.07 4414.82
9534.76 4438.22
9553.01 4461.49
9571.17 4484.38
9589.54 4507.53
9608.16 4531.01
9626.63 4553.54
9645.52 4575.76
9664.89 4598.54
9683.99 4621.01
9703.02 4643.39
9722.06 4665.78
9740.75 4687.77
9759.63 4709.97
9778.85 4732.59
9798.11 4755.24
9817.48 4778.03
9836.47 4800.61
9855.16 4823.10
9873.89 4845.64
9892.83 4868.43
9911.90 4891.38
9930.99 4914.36
9950.04 4937.28
9968.55 4960.63
9986.14 4983.81
10004.19 5007.61
10021.95 5031.01
10039.11 5054.79
10056.24 5078.89
10073.21 5102.75
10089.75 5127.47
10105.56 5151.61
10121.76 5176.85
10137.02 5202.69
10151.79 5227.71
10165.94 5252.99
10179.56 5279.63
10192.98 5305.88
10205.45 5332.40
10217.37 5359.07
10229.49 5386.18
10241.34 5412.72
10252.10 5439.53
10262.15 5466.98
10272.20 5494.46
10280.56 5522.58
10288.73 5550.37
10296.61 5579.24
10303.75 5608.25
10310.79 5636.84
10317.39 5665.86
10323.44 5694.48
10329.45 5722.89
10333.99 5752.49
10337.44 5781.29
10340.98 5810.81
10344.44 5839.69
10347.91 5868.62
10348.87 5898.43
10349.42 5927.52
10350.00 5957.43
10350.57 5987.03
10351.12 6016.10
10350.57 6045.50
10350.02 6074.43
10349.47 6104.00
10348.91 6133.55
10348.52 6163.18
10349.20 6192.90
10349.88 6222.15
10350.57 6252.14
10351.23 6281.26
10354.18 6311.11
10357.46 6340.33
10362.50 6369.88
10367.76 6398.79
10373.80 6427.10
10379.97 6456.02
10388.02 6483.73
10396.27 6512.09
10405.98 6540.18
10416.51 6567.57
10427.99 6594.96
10440.38 6621.91
10453.70 6648.79
10467.58 6675.13
10481.36 6701.30
10496.76 6725.79
10512.24 6750.21
10528.53 6774.13
10545.68 6797.57
10563.38 6821.76
10580.67 6845.40
10597.79 6868.79
10614.84 6892.10
10631.66 6916.34
10648.39 6940.48
10663.69 6965.56
10678.72 6990.73
10692.52 7016.66
10706.10 7043.36
10718.44 7069.78
10730.32 7097.02
10741.21 7124.63
10751.47 7152.32
10760.79 7180.22
10770.13 7208.31
10777.81 7237.01
10785.51 7265.96
10790.96 7294.46
10795.62 7322.99
10800.02 7351.65
10803.57 7380.39
10806.40 7409.57
10808.06 7438.63
10809.34 7467.99
10809.71 7497.21
10809.80 7526.32
10808.85 7555.17
10807.87 7584.92
10806.89 7614.60
10805.91 7644.06
10804.95 7673.24
10804.00 7702.23
10805.64 7731.06
10807.36 7760.40
10805.69 7789.22
10807.42 7818.77
10809.38 7848.34
10813.57 7877.06
10817.78 7905.89
10822.87 7934.47
10830.47 7963.34
10838.04 7992.14
10848.85 8020.29
10856.36 8048.82
10864.68 8077.52
10874.41 8105.80
10884.41 8133.73
10895.02 8161.53
10905.35 8188.44
10916.18 8215.44
10927.19 8242.89
10938.20 8270.32
10949.28 8297.95
10960.34 8325.70
10970.69 8352.91
10981.05 8380.16
10991.32 8407.18
11001.59 8434.17
11012.12 8461.86
11021.58 8489.87
11030.10 8517.47
11037.90 8545.33
11045.11 8573.20
11051.70 8601.90
11057.34 8631.24
11062.84 8659.56
11066.79 8689.15
11070.52 8718.43
11073.43 8747.48
11074.64 8776.72
11075.66 8806.25
11076.61 8835.95
11076.09 8865.54
11074.99 8894.91
11073.15 8924.20
11071.34 8953.21
11069.48 8982.90
11067.62 9012.62
11065.79 9041.85
11063.92 9071.64
11062.30 9100.64
11060.69 9129.73
11059.09 9158.91
11058.72 9188.67
11058.76 9218.35
11058.80 9248.03
11059.51 9276.97
11062.09 9306.35
11065.14 9335.70
11068.57 9365.03
11073.93 9394.16
11080.28 9423.01
11087.40 9451.11
11095.76 9478.80
11105.14 9506.78
11115.32 9533.87
11127.02 9560.90
11139.63 9587.67
11153.16 9613.94
11167.01 9639.64
11182.35 9665.01
11195.63 9690.60
11213.34 9714.61
11231.60 9738.38
11250.21 9760.76
11269.55 9782.64
11289.05 9804.06
11310.19 9825.06
11332.50 9844.78
11355.19 9863.16
11378.32 9881.32
