1794.40 9297.13
1811.01 9297.22
1829.91 9297.33
1850.33 9297.45
1872.29 9297.57
1896.58 9297.71
1923.52 9297.87
1952.48 9298.04
1983.67 9298.22
2015.53 9298.40
2047.19 9298.58
2078.10 9298.76
2109.38 9298.86
2141.67 9298.54
2173.52 9298.23
2204.92 9297.73
2237.02 9299.90
2268.41 9298.80
2299.74 9297.38
2331.47 9295.54
2363.27 9292.73
2395.31 9289.43
2426.44 9285.98
2457.73 9282.03
2488.90 9277.51
2520.83 9272.24
2552.33 9266.70
2583.02 9260.84
2615.18 9257.67
2646.40 9250.91
2676.97 9243.65
2707.57 9235.99
2738.59 9227.11
2769.58 9217.71
2800.07 9208.09
2830.23 9197.79
2860.36 9187.33
2890.48 9176.52
2919.77 9165.25
2949.17 9152.92
2978.85 9140.34
3007.31 9128.00
3036.16 9115.07
3064.98 9101.44
3093.61 9087.32
3121.13 9072.98
3148.90 9058.20
3176.51 9042.67
3204.05 9027.17
3230.90 9010.94
3257.28 8994.50
3283.58 8978.05
3310.54 8960.40
3336.88 8942.51
3362.27 8924.02
3387.39 8905.05
3412.58 8885.52
3437.50 8865.66
3461.64 8845.88
3485.77 8825.11
3509.46 8804.33
3532.75 8783.15
3556.22 8760.79
3578.72 8737.68
3600.40 8715.41
3621.82 8692.20
3643.15 8667.85
3663.31 8643.75
3682.63 8618.37
3701.23 8592.88
3719.77 8566.56
3737.31 8539.89
3753.68 8512.94
3769.62 8485.28
3784.31 8457.82
3798.58 8429.64
3812.94 8400.94
3823.77 8370.67
3833.97 8341.40
3843.88 8311.54
3853.66 8280.65
3862.22 8249.40
3869.72 8219.18
3876.45 8188.56
3881.72 8156.73
3886.92 8125.20
3888.98 8093.93
3890.58 8062.87
3891.41 8031.66
3892.24 8000.29
3892.11 7968.56
3891.17 7936.23
3890.24 7904.51
3888.95 7873.35
3886.73 7841.88
3882.94 7810.63
3878.70 7779.68
3874.38 7748.11
3870.19 7717.14
3864.75 7685.62
3859.20 7654.26
3853.76 7623.55
3848.19 7592.04
3842.63 7560.64
3837.11 7529.47
3831.48 7497.62
3825.91 7466.16
3820.31 7434.51
3814.75 7403.09
3809.13 7371.34
3803.74 7340.86
3798.27 7309.97
3792.72 7278.63
3787.15 7247.13
3781.64 7216.01
3776.21 7185.32
3770.63 7153.81
3765.13 7122.70
3759.62 7091.59
3754.12 7060.46
3748.51 7028.77
3742.90 6997.10
3737.36 6966.07
3731.72 6934.19
3726.13 6902.64
3720.76 6871.98
3715.33 6841.38
3709.83 6810.38
3704.18 6778.51
3698.72 6747.76
3693.31 6717.26
3687.88 6686.66
3682.42 6655.91
3676.94 6625.03
3671.38 6593.67
3665.83 6562.38
3660.38 6531.66
3654.84 6500.44
3649.29 6469.16
3643.78 6438.09
3638.10 6407.42
3632.55 6375.88
3627.65 6344.50
3622.94 6313.94
3618.06 6282.64
3613.13 6251.07
3608.26 6219.81
3603.45 6189.03
3598.83 6158.29
3595.14 6126.32
3591.58 6095.47
3587.95 6064.01
3584.38 6033.04
3580.74 6001.57
3578.05 5969.50
3575.44 5937.64
3572.86 5906.12
3566.92 5873.99
3564.33 5842.41
3562.79 5810.28
3561.47 5778.66
3560.16 5747.35
3559.43 5716.36
3559.40 5685.24
3559.37 5653.40
3559.33 5621.30
3559.55 5590.37
3560.89 5559.00
3562.99 5526.79
3565.29 5495.82
3567.91 5463.96
3567.95 5432.17
3571.21 5401.25
3574.51 5370.09
3579.05 5338.32
3583.64 5307.33
3589.07 5275.61
3594.71 5244.41
3600.55 5212.75
3607.07 5181.73
3613.68 5150.30
3620.75 5119.02
3628.64 5088.16
3636.45 5057.59
3645.31 5027.35
3654.32 4997.28
3663.34 4967.49
3673.73 4937.24
3684.24 4906.68
3694.90 4876.53
3705.91 4847.35
3717.21 4817.78
3729.07 4788.18
3741.07 4758.21
3753.07 4729.60
3765.93 4701.27
3779.05 4672.34
3792.93 4643.71
3807.60 4615.01
3818.88 4586.22
3833.19 4558.87
3845.62 4535.63
3856.68 4516.79
3864.40 4501.33
3871.82 4486.01
3879.85 4471.29
3888.58 4457.47
3897.88 4442.74
3906.79 4428.62
3915.47 4414.87
3923.93 4399.84
3931.90 4385.16
3939.98 4370.27
3947.62 4356.20
3955.79 4341.15
3963.93 4326.16
3970.81 4310.77
3977.24 4295.91
3982.88 4280.87
3988.61 4264.77
3993.97 4248.21
3997.61 4232.30
4001.04 4216.10
4003.76 4199.08
4005.99 4182.14
4007.39 4165.99
4008.90 4148.66
4009.79 4132.25
4010.53 4115.98
4010.62 4099.83
4010.46 4083.27
4010.47 4066.20
4011.01 4049.04
4011.56 4031.88
4012.09 4015.47
4012.60 3999.31
4013.12 3983.12
4013.64 3966.90
4014.18 3949.89
4015.28 3933.39
4016.58 3916.40
4017.81 3900.28
4019.05 3884.01
4020.45 3866.89
4021.94 3849.67
4022.98 3833.00
4023.76 3814.16
4024.63 3793.07
4025.61 3769.39
4026.80 3742.99
4031.18 3715.87
4032.46 3685.03
4033.75 3654.00
4035.04 3622.69
4036.78 3590.99
4038.51 3559.43
4040.23 3528.49
4045.26 3498.08
4046.98 3466.92
4048.74 3434.93
4050.52 3402.73
4052.28 3370.90
4054.06 3338.68
4055.84 3306.47
4057.60 3274.70
4058.05 3243.06
4058.01 3211.79
4057.97 3180.02
4057.67 3148.53
4053.74 3116.56
4053.11 3084.76
4052.34 3052.78
4050.86 3020.73
4049.15 2989.27
4046.80 2957.51
4044.49 2926.23
4042.15 2894.68
4039.77 2862.58
4036.21 2831.51
4031.52 2800.22
4026.77 2768.52
4022.16 2737.80
4016.43 2707.23
4009.83 2675.98
4003.25 2644.84
3996.41 2613.77
3988.89 2583.85
3980.88 2553.79
3972.60 2523.79
3962.64 2493.28
3952.56 2463.34
3941.92 2434.22
3930.33 2405.35
3917.68 2375.65
3904.66 2346.40
3890.39 2317.64
3875.94 2289.58
3860.53 2261.33
3844.22 2233.84
3827.57 2206.47
3810.13 2179.49
3792.91 2153.70
3774.61 2128.18
3755.26 2103.40
3735.23 2079.07
3714.65 2054.66
3693.60 2031.25
3671.78 2008.45
3649.17 1985.55
3625.72 1963.71
3601.69 1942.97
3577.08 1922.47
3552.57 1903.42
3527.54 1884.21
3502.31 1866.28
3476.42 1849.15
3449.07 1832.01
3421.77 1815.21
3394.15 1799.19
3366.17 1783.87
3337.77 1769.56
3309.56 1756.74
