3293.69 1730.05
3308.87 1736.62
3326.80 1744.38
3341.37 1754.81
3357.48 1762.55
3374.05 1774.99
3394.19 1785.64
3415.46 1797.74
3438.31 1811.16
3463.02 1826.46
3490.53 1843.57
3518.72 1863.08
3547.86 1884.73
3577.91 1907.86
3607.26 1932.37
3635.35 1956.86
3662.91 1982.26
3689.68 2009.61
3715.36 2037.44
3740.21 2066.25
3764.27 2095.36
3786.93 2125.00
3808.31 2155.39
3829.70 2186.78
3849.17 2218.43
3868.83 2251.28
3886.56 2283.99
3903.06 2317.17
3918.93 2350.79
3934.80 2385.33
3949.29 2420.76
3962.24 2455.69
3974.50 2491.61
3985.82 2527.12
3996.28 2563.31
4005.46 2599.54
4014.10 2636.85
4022.12 2674.27
4030.11 2711.55
4036.02 2748.16
4041.19 2785.36
4046.39 2822.75
4054.72 2859.83
4060.78 2892.80
4062.96 2921.69
4061.91 2952.36
4064.42 2985.70
4066.41 3022.00
4068.28 3059.43
4068.66 3096.57
4069.05 3133.98
4069.30 3171.29
4072.35 3209.43
4072.11 3247.55
4071.28 3285.52
4069.82 3323.68
4068.35 3362.11
4066.91 3399.74
4065.48 3437.12
4064.03 3474.79
4062.62 3511.65
4061.21 3548.63
4059.83 3583.46
4061.24 3613.60
4059.58 3639.63
4058.18 3661.36
4056.86 3682.04
4057.23 3702.04
4057.89 3721.40
4058.16 3740.43
4057.70 3758.93
4057.27 3776.71
4056.84 3794.08
4056.08 3811.99
4054.98 3829.96
4053.89 3847.79
4053.15 3864.90
4052.52 3884.54
4051.88 3905.21
4051.25 3925.71
4050.65 3945.26
4050.02 3965.54
4049.40 3985.91
4048.79 4005.54
4048.19 4025.11
4048.34 4045.19
4049.04 4065.47
4049.72 4085.99
4050.39 4106.01
4052.50 4125.42
4056.97 4145.37
4062.93 4164.37
4070.92 4183.29
4080.27 4201.63
4090.13 4219.69
4099.97 4237.70
4109.38 4254.93
4118.36 4272.15
4125.83 4290.03
4130.75 4309.51
4133.39 4329.78
4133.08 4350.11
4131.60 4369.94
4127.74 4389.13
4121.89 4407.66
4113.30 4426.17
4104.08 4443.27
4092.81 4459.96
4079.90 4474.67
4065.10 4488.57
4049.82 4500.84
4032.25 4511.82
4014.60 4521.60
3996.67 4530.85
3977.83 4539.15
3959.04 4547.43
3941.28 4555.25
3923.78 4564.60
3906.96 4574.17
3893.53 4583.71
3883.74 4591.02
3878.01 4596.95
3874.31 4600.78
3868.93 4606.60
3862.52 4613.55
3854.74 4622.00
3845.16 4632.41
3833.99 4645.00
3821.80 4659.36
3811.21 4675.54
3800.90 4692.04
3790.54 4709.10
3780.48 4726.27
3771.98 4744.72
3763.89 4762.73
3756.32 4780.49
3748.55 4799.73
3741.36 4818.70
3734.15 4837.60
3726.71 4856.39
3718.46 4874.61
3709.98 4893.36
3702.39 4915.36
3694.39 4938.95
3685.64 4964.74
3670.42 4990.89
3661.36 5021.44
3651.74 5053.84
3642.61 5088.75
3633.18 5125.49
3624.82 5162.78
3616.79 5200.28
3609.25 5238.05
3602.35 5275.72
3596.20 5312.00
3591.22 5348.26
3586.78 5383.10
3582.66 5418.85
3578.66 5453.58
3575.45 5487.94
3572.99 5525.00
3570.82 5563.20
3569.54 5601.33
3569.51 5639.62
3569.49 5676.92
3569.47 5715.47
3570.30 5752.87
3571.90 5790.22
3573.54 5828.23
3576.42 5866.17
3579.61 5904.08
3582.79 5941.87
3585.97 5979.62
3589.81 6016.90
3594.50 6054.82
3599.22 6092.90
3603.97 6131.22
3608.78 6168.22
3614.74 6206.05
3620.60 6243.29
3626.60 6281.43
3629.32 6319.59
3635.25 6357.29
3641.15 6394.25
3647.74 6431.35
3654.13 6468.54
3660.47 6505.48
3666.81 6542.39
3673.32 6580.28
3679.83 6618.19
3686.31 6655.61
3693.03 6693.29
3699.64 6730.35
3706.39 6768.16
3713.09 6805.73
3719.67 6842.59
3726.30 6879.72
3733.03 6917.47
3739.78 6955.26
3746.51 6992.99
3753.32 7030.88
3759.98 7068.19
3766.54 7104.92
3773.00 7141.39
3779.68 7178.79
3786.21 7215.38
3792.72 7251.81
3799.33 7288.84
3805.66 7324.28
3811.97 7359.60
3818.36 7395.40
3824.85 7431.75
3831.19 7467.27
3837.56 7502.91
3843.96 7538.78
3850.14 7573.39
3856.57 7609.37
3862.80 7644.26
3869.35 7680.93
3875.39 7715.56
3879.51 7751.98
3883.82 7786.32
3888.68 7821.46
3893.26 7856.94
3894.27 7892.98
3895.28 7928.65
3896.30 7964.83
3896.58 7999.68
3895.37 8035.34
3894.22 8069.56
3891.22 8105.32
3887.40 8139.79
3881.73 8175.31
3875.41 8208.93
3867.53 8243.58
3858.04 8277.75
3847.61 8311.38
3835.50 8347.05
3821.90 8383.00
3807.49 8418.07
3790.79 8452.01
3773.16 8484.60
3754.45 8516.95
3735.07 8548.75
3713.96 8580.72
3692.29 8611.33
3669.60 8641.38
3645.90 8669.83
3621.40 8698.12
3596.95 8724.75
3570.77 8751.83
3543.83 8778.57
3516.29 8803.46
3488.35 8827.99
3460.71 8851.50
3432.50 8874.11
3403.20 8897.19
3374.06 8919.46
3345.13 8941.39
3316.01 8961.38
3286.47 8980.38
3256.43 8999.17
3224.91 9018.89
3194.01 9037.03
3162.28 9055.07
3130.91 9071.91
3099.85 9087.90
3067.77 9104.18
3036.23 9119.28
3003.04 9134.32
2969.94 9148.53
2936.18 9162.64
2902.36 9176.01
2869.87 9188.09
2836.07 9199.79
2801.85 9211.08
2769.15 9221.31
2735.68 9231.36
2700.93 9241.26
2666.92 9249.75
2632.93 9258.18
2598.30 9265.14
2563.61 9272.06
2528.05 9278.32
2493.23 9284.22
2458.33 9289.18
2422.90 9293.79
2387.77 9297.60
2352.05 9300.95
2316.40 9303.59
2280.92 9305.49
2244.55 9306.96
2208.95 9308.39
2173.84 9308.97
2138.40 9308.96
2103.12 9308.96
2067.24 9308.71
2032.38 9308.51
1996.56 9308.32
1960.34 9308.11
1925.01 9307.92
1890.00 9307.72
1854.01 9307.52
1818.82 9307.33
