11368.40 9893.26
11357.54 9884.64
11344.53 9874.31
11331.59 9859.70
11315.42 9845.87
11300.17 9827.57
11281.53 9809.23
11262.10 9789.02
11242.56 9767.66
11222.80 9744.04
11203.63 9719.44
11184.02 9693.91
11168.70 9666.85
11152.44 9638.82
11136.44 9610.68
11122.51 9580.94
11109.96 9551.84
11098.19 9522.40
11087.54 9492.51
11078.35 9462.22
11069.64 9430.69
11062.42 9399.43
11056.89 9367.34
11052.76 9334.75
11049.80 9302.99
11047.41 9271.44
11046.47 9238.56
11045.86 9206.54
11046.09 9174.67
11047.48 9143.30
11049.50 9110.93
11051.55 9078.34
11053.53 9046.70
11055.54 9014.62
11057.49 8983.00
11059.43 8951.39
11061.27 8919.28
11062.51 8887.09
11063.74 8855.29
11064.27 8823.52
11063.50 8791.57
11061.86 8758.78
11059.45 8726.08
11055.03 8693.74
11050.66 8661.87
11045.05 8629.74
11039.36 8598.06
11031.54 8566.62
11022.77 8535.97
11013.47 8505.45
11003.64 8475.16
10992.71 8445.05
10981.17 8414.55
10969.58 8383.98
10958.16 8353.84
10946.77 8323.96
10934.45 8293.45
10922.13 8262.93
10910.16 8233.30
10897.87 8202.86
10886.03 8172.11
10874.93 8141.30
10864.11 8110.76
10853.22 8079.61
10844.82 8048.74
10836.90 8016.84
10829.18 7985.76
10821.31 7954.08
10814.01 7922.70
10808.77 7891.11
10803.45 7859.01
10799.38 7827.44
10796.03 7795.70
10792.62 7763.38
10792.57 7730.91
10792.51 7699.21
10792.66 7666.58
10793.76 7634.16
10794.83 7602.14
10795.91 7570.31
10796.98 7538.53
10797.53 7505.53
10797.29 7473.20
10795.90 7441.15
10793.53 7408.61
10790.41 7376.52
10786.63 7344.63
10781.27 7312.73
10775.80 7281.03
10768.41 7248.98
10759.96 7217.53
10749.97 7186.33
10739.83 7155.87
10728.09 7125.41
10716.13 7095.73
10703.35 7066.42
10690.01 7037.98
10674.81 7009.44
10659.01 6981.65
10642.66 6953.54
10621.58 6928.99
10603.06 6902.59
10583.68 6876.13
10564.70 6850.23
10545.48 6823.99
10526.56 6798.16
10507.24 6771.71
10489.65 6744.02
10472.62 6717.21
10457.46 6689.42
10442.95 6661.23
10428.84 6632.87
10414.92 6603.36
10402.44 6573.81
10391.07 6543.86
10380.55 6512.78
10370.96 6481.58
10362.24 6450.39
10354.71 6419.58
10347.87 6388.56
10343.06 6356.92
10338.84 6324.55
10335.69 6292.98
10334.42 6260.47
10333.84 6227.47
10332.88 6194.81
10331.92 6161.92
10332.58 6130.10
10333.37 6098.47
10334.18 6066.44
10334.98 6034.70
10335.14 6003.08
10334.41 5971.33
10333.67 5938.74
10332.93 5906.23
10332.13 5873.47
10328.48 5841.18
10324.85 5809.01
10321.19 5776.59
10317.61 5744.83
10311.71 5712.63
10305.11 5680.52
10298.29 5648.46
10290.73 5617.50
10283.15 5586.43
10274.48 5554.92
10265.10 5524.36
10255.05 5493.42
10243.66 5463.41
10232.22 5433.29
10219.91 5404.02
10206.99 5373.87
10194.31 5344.28
10180.70 5315.08
10165.81 5286.87
10151.04 5258.87
10135.49 5231.26
10119.02 5202.78
10102.24 5175.00
10084.14 5147.94
10065.84 5120.60
10047.26 5093.62
10028.68 5066.72
10010.38 5040.72
9990.56 5014.84
9971.13 4989.45
9951.33 4963.60
9930.82 4938.45
9909.81 4913.09
9889.31 4888.33
9868.88 4863.66
9848.23 4838.73
9827.81 4814.07
9807.31 4789.80
9786.35 4765.60
9765.14 4740.80
9743.96 4715.79
9722.96 4691.00
9702.19 4666.46
9681.28 4641.78
9660.26 4616.96
9639.54 4592.49
9618.40 4567.53
9597.56 4542.27
9576.95 4516.50
9556.96 4491.50
9537.13 4466.71
9517.25 4441.12
9498.05 4415.93
9479.20 4390.32
9460.21 4364.22
9442.23 4337.77
9424.27 4311.34
9406.41 4285.06
9388.59 4258.09
9371.11 4230.96
9353.78 4204.07
9336.16 4176.73
9319.87 4148.94
9303.88 4121.57
9287.83 4094.10
9271.71 4066.50
9255.73 4038.94
9239.80 4010.95
9223.89 3983.03
9208.10 3955.30
9192.24 3927.44
9175.92 3899.63
9159.18 3871.56
9142.28 3843.23
9125.67 3815.37
9109.25 3787.84
9093.01 3760.61
9076.24 3733.38
9058.11 3706.78
9039.85 3679.99
9021.76 3653.44
9003.59 3626.79
8983.81 3600.90
8964.17 3575.51
8944.53 3550.14
8923.99 3525.36
8902.76 3500.06
8881.37 3476.66
8859.44 3453.01
8836.71 3429.15
8813.33 3405.96
8789.66 3383.05
8765.58 3360.56
8741.82 3339.32
8717.83 3318.28
8692.03 3297.81
8667.15 3278.06
8641.65 3258.27
8616.02 3239.43
8590.31 3220.54
8564.13 3201.87
8537.34 3184.42
8510.37 3167.45
8483.36 3150.99
8455.77 3135.49
8427.61 3119.67
8399.43 3104.84
8370.17 3089.99
8341.10 3075.39
8312.26 3061.53
8282.85 3048.16
8252.68 3035.92
8222.92 3023.84
8193.00 3012.29
8162.48 3001.31
8132.38 2991.08
8101.45 2981.08
8070.48 2972.12
8038.89 2963.47
8007.11 2955.38
7975.61 2948.11
7943.86 2941.29
7912.75 2934.94
7881.47 2929.36
7849.73 2924.24
7817.78 2920.43
7785.83 2916.63
7753.18 2914.17
7721.50 2911.89
7689.87 2910.73
7656.93 2910.17
7625.93 2910.18
7596.89 2910.68
7569.79 2911.52
7544.68 2913.16
7520.03 2918.22
7492.61 2920.65
7465.50 2923.68
7438.72 2927.19
7410.56 2931.73
7383.95 2939.47
7355.45 2944.63
7327.82 2950.01
7304.74 2955.18
7286.07 2959.54
7271.23 2964.20
7257.71 2969.53
7243.31 2975.14
7228.68 2979.70
7213.95 2983.35
7200.85 2987.21
7186.95 2992.00
7173.21 2996.72
7159.12 3001.57
7145.53 3006.12
7130.59 3011.07
7116.36 3015.79
7101.41 3020.94
7088.24 3025.94
7074.30 3031.23
7060.34 3037.63
7046.95 3045.92
7034.32 3055.05
7022.75 3064.80
7010.86 3075.07
7000.11 3084.75
6990.30 3095.10
6980.72 3106.99
6971.90 3119.24
6964.23 3131.75
6956.43 3145.26
6948.42 3159.15
6940.67 3172.58
6933.35 3185.26
6925.80 3198.35
6917.49 3211.96
6908.76 3225.23
6900.47 3237.72
6889.43 3249.14
6879.44 3259.48
6868.16 3269.08
6854.97 3278.73
6841.60 3287.43
6828.26 3295.20
6814.61 3302.00
6801.19 3308.15
6786.81 3314.14
6772.63 3318.87
6757.44 3323.37
6742.59 3326.96
6727.01 3329.64
6711.86 3331.01
6697.06 3331.65
6681.54 3331.78
6665.50 3331.92
6650.48 3330.83
6635.34 3329.55
6620.32 3327.22
6604.16 3324.38
6588.61 3320.89
6574.16 3317.47
6559.61 3312.25
6544.55 3306.59
6531.05 3299.56
6518.06 3291.54
6505.00 3281.72
6493.72 3271.28
6483.10 3259.44
6474.79 3247.10
6467.56 3233.82
6461.65 3219.64
6457.32 3204.10
6454.84 3188.33
6454.16 3173.54
6455.18 3157.00
6456.90 3141.71
6459.40 3126.45
6462.76 3111.98
6467.63 3097.12
6472.82 3081.43
6479.17 3066.76
6485.67 3053.38
6492.74 3039.67
6501.25 3026.15
6509.69 3012.73
6517.46 3000.39
6525.74 2987.22
6533.46 2974.95
6542.05 2961.30
6550.25 2948.25
6558.06 2935.84
6566.35 2922.66
6574.31 2910.00
6582.14 2897.55
6590.16 2884.81
6598.37 2871.76
6606.14 2859.40
6613.98 2846.94
6621.81 2833.22
6629.17 2820.23
6634.51 2805.83
6639.90 2791.29
6645.22 2776.88
6649.49 2761.49
6653.52 2746.96
6657.57 2732.35
6661.53 2716.67
6665.17 2701.47
6668.64 2687.00
6672.24 2671.97
6675.62 2658.15
6680.25 2642.46
6685.40 2624.46
6690.19 2604.13
6695.31 2582.37
6700.76 2559.25
6707.54 2533.85
6718.64 2507.99
6727.09 2479.29
6735.59 2450.37
6743.89 2422.16
6753.17 2393.54
6762.63 2365.40
6772.16 2337.07
6781.74 2309.78
6791.69 2281.71
6801.33 2254.50
6811.40 2226.10
6821.12 2198.65
6830.80 2170.90
6840.67 2142.53
6850.00 2114.93
6862.17 2088.66
6871.10 2061.49
6879.83 2034.16
6888.42 2006.67
6896.97 1979.28
6905.75 1951.11
6913.56 1922.92
6920.67 1895.11
6927.97 1866.57
