1794.40 9297.13
1809.94 9297.22
1827.43 9300.62
1846.97 9304.03
1868.05 9304.15
1891.07 9304.28
1915.67 9304.42
1942.17 9304.58
1970.70 9304.74
2001.25 9304.92
2033.33 9305.10
2066.96 9305.30
2102.35 9305.50
2140.42 9305.15
2179.99 9304.76
2221.98 9303.74
2263.60 9302.27
2304.76 9300.41
2346.00 9297.59
2387.27 9293.65
2429.21 9288.99
2470.22 9283.63
2511.43 9277.24
2552.98 9269.93
2594.38 9261.90
2635.74 9253.45
2676.48 9243.76
2716.82 9233.34
2757.13 9221.59
2795.83 9209.54
2833.45 9196.67
2871.22 9183.56
2907.65 9170.21
2944.43 9154.92
2979.51 9140.06
3012.91 9125.49
3042.29 9112.32
3067.23 9100.33
3091.60 9088.31
3116.22 9075.57
3140.74 9062.60
3165.49 9048.87
3189.99 9035.08
3214.73 9021.06
3238.26 9006.40
3263.23 8990.78
3287.12 8975.84
3311.89 8959.51
3336.56 8942.73
3360.69 8925.22
3383.96 8907.64
3407.40 8889.65
3429.87 8871.74
3452.96 8853.35
3475.54 8833.92
3498.26 8814.17
3520.34 8794.74
3542.16 8774.36
3563.68 8753.12
3585.19 8731.03
3605.15 8710.35
3625.45 8688.25
3645.36 8665.21
3664.10 8642.81
3682.37 8618.72
3700.36 8594.11
3717.34 8570.00
3734.01 8545.34
3749.59 8519.68
3765.10 8493.74
3779.04 8467.68
3792.82 8441.15
3806.26 8414.29
3818.32 8386.32
3828.57 8356.90
3838.56 8327.69
3848.13 8298.64
3856.74 8269.43
3864.57 8240.83
3871.34 8212.35
3877.24 8183.79
3882.24 8153.54
3887.02 8123.78
3888.91 8094.96
3890.53 8065.06
3891.31 8035.47
3892.12 8005.07
3892.29 7974.82
3891.40 7944.23
3890.52 7913.91
3889.65 7884.07
3887.60 7854.16
3884.89 7824.88
3880.80 7795.04
3876.71 7765.17
3872.86 7737.04
3868.76 7708.27
3863.58 7679.01
3858.33 7649.34
3853.12 7619.93
3847.84 7590.09
3842.61 7560.55
3837.43 7531.26
3832.23 7501.86
3826.91 7471.83
3821.67 7442.21
3816.39 7412.38
3811.24 7383.24
3806.06 7354.01
3800.88 7324.71
3795.75 7295.75
3790.47 7265.92
3785.41 7237.29
3780.19 7207.79
3775.16 7179.38
3769.99 7150.15
3764.71 7120.33
3759.39 7090.29
3754.32 7061.64
3749.10 7032.11
3743.83 7002.37
3738.82 6974.33
3733.67 6945.24
3728.47 6915.82
3723.23 6886.22
3717.99 6856.36
3712.83 6827.31
3707.62 6797.94
3702.31 6768.01
3696.94 6737.74
3691.89 6709.25
3686.73 6680.17
3681.59 6651.22
3676.24 6621.06
3670.90 6590.96
3665.49 6560.50
3660.19 6530.61
3655.08 6501.81
3649.96 6472.95
3644.79 6443.83
3639.59 6414.52
3634.07 6385.67
3629.58 6356.89
3625.00 6327.47
3620.46 6298.05
3615.87 6268.63
3611.30 6239.32
3606.72 6210.00
3602.00 6179.70
3597.88 6150.05
3594.44 6120.22
3591.01 6090.51
3587.64 6061.30
3584.19 6031.42
3580.83 6002.31
3578.31 5972.62
3575.91 5943.38
3573.46 5913.42
3571.02 5883.62
3568.54 5853.38
3566.65 5823.80
3565.38 5793.22
3564.10 5762.68
3562.87 5733.15
3562.71 5703.22
3562.68 5672.21
3562.66 5642.80
3562.63 5612.93
3563.11 5584.35
3564.38 5554.52
3566.48 5524.34
3568.63 5495.47
3571.05 5465.67
3574.12 5436.55
3577.19 5407.44
3580.47 5376.41
3584.35 5347.59
3588.79 5317.65
3593.41 5288.77
3598.59 5260.10
3603.87 5230.87
3609.74 5201.11
3615.91 5171.76
3622.09 5142.32
3628.82 5114.05
3636.40 5084.40
3643.72 5055.81
3652.38 5026.73
3661.08 4997.69
3669.86 4968.81
3679.61 4940.43
3689.41 4911.92
3699.59 4882.76
3709.81 4855.70
3720.26 4828.02
3731.70 4799.37
3743.03 4771.10
3754.37 4742.81
3766.99 4714.91
3779.01 4688.42
3791.53 4661.60
3804.90 4634.40
3818.48 4608.45
3832.42 4581.69
3846.32 4555.13
3860.82 4529.30
3875.78 4504.17
3890.53 4479.47
3905.99 4453.59
3920.86 4428.69
3936.82 4403.20
3952.81 4378.48
3969.12 4353.57
3986.43 4329.57
4003.77 4305.53
4021.36 4281.80
4039.14 4258.50
4056.95 4235.58
4076.08 4211.88
4095.39 4188.79
4114.98 4166.28
4135.02 4143.59
4155.07 4120.91
4175.22 4098.76
4194.94 4077.62
4216.13 4056.36
4236.85 4035.62
4258.60 4014.12
4280.01 3993.47
4302.33 3972.23
4323.71 3952.90
4346.07 3932.67
4368.58 3913.48
4390.68 3894.79
4413.79 3875.26
4437.04 3856.63
4460.96 3838.43
4484.73 3820.40
4508.60 3802.96
4532.02 3785.81
4557.13 3768.29
4581.45 3751.91
4606.71 3735.11
4632.09 3719.03
4657.37 3703.01
4682.42 3687.89
4708.25 3672.77
4736.28 3656.36
4767.29 3639.55
4799.99 3622.02
4835.58 3604.04
4873.14 3585.45
4910.46 3568.20
4948.96 3550.72
4987.93 3534.67
5026.72 3519.03
5065.97 3503.83
5104.76 3490.12
5144.21 3476.59
5183.78 3464.11
5223.57 3451.96
5264.28 3440.24
5304.35 3429.61
5345.67 3419.69
5386.66 3410.25
5427.86 3401.92
5468.82 3394.09
5509.43 3387.04
5550.58 3380.72
5591.72 3374.73
5632.88 3368.78
5674.17 3363.15
5715.29 3358.19
5756.76 3353.19
5797.74 3348.25
5839.01 3343.28
5880.62 3338.26
5922.64 3333.20
5964.20 3327.96
6005.79 3322.51
6047.38 3316.62
6088.65 3310.68
6130.75 3304.29
6172.16 3297.51
6213.77 3290.22
6254.17 3282.22
6295.52 3273.36
6336.21 3264.36
6376.80 3254.18
6417.50 3243.40
6457.71 3232.24
6497.29 3220.46
6537.53 3208.10
6577.79 3195.03
6616.89 3181.83
6655.73 3168.10
6695.01 3153.93
6734.13 3139.78
6773.62 3124.58
6812.33 3109.58
6851.62 3094.36
6890.14 3079.44
6929.11 3064.35
6968.10 3049.25
7007.44 3034.31
7047.07 3019.89
7086.35 3005.90
7126.42 2991.63
7165.93 2978.42
7205.77 2965.93
7245.86 2954.09
7286.07 2943.60
7326.30 2934.18
7367.90 2925.56
7408.81 2919.03
7449.65 2913.21
7490.81 2908.63
7532.42 2904.69
7574.60 2902.33
7616.71 2900.89
7658.95 2900.91
7700.73 2902.13
7742.08 2904.57
7783.61 2907.48
7825.04 2912.34
7866.18 2917.77
7907.35 2924.59
7947.88 2933.15
7988.60 2942.16
8028.91 2951.79
8068.92 2962.44
8109.08 2974.20
8148.46 2987.15
8187.50 3000.31
8226.89 3014.26
8265.85 3029.25
8304.87 3045.16
8342.27 3063.87
8380.07 3083.30
8417.18 3102.67
8453.66 3122.44
8489.82 3142.63
8525.64 3163.80
8560.56 3186.10
8594.66 3209.75
8628.97 3234.53
8663.16 3259.73
8695.83 3285.88
8727.60 3312.22
8759.12 3339.28
8790.23 3367.89
8820.30 3396.30
8849.71 3425.91
8877.70 3456.28
8906.00 3487.30
8932.56 3519.51
8958.51 3552.24
8983.59 3585.75
9008.13 3618.62
9031.04 3651.47
9054.15 3684.59
9077.49 3718.04
9098.49 3751.13
9118.76 3785.44
9138.61 3819.02
9157.85 3851.59
9177.27 3884.46
9196.43 3917.07
9215.28 3950.43
9233.98 3983.53
9252.55 4016.40
9271.00 4048.65
9290.20 4081.07
9308.96 4112.75
9328.11 4145.06
9348.00 4177.83
9368.31 4209.59
9388.37 4240.95
9408.81 4272.36
9429.59 4302.83
9450.24 4333.12
9470.47 4362.45
9492.16 4392.42
9514.12 4421.86
9535.61 4450.18
9558.89 4479.51
9581.67 4508.23
9604.50 4537.00
9627.78 4565.07
9650.88 4592.24
9674.23 4619.71
9697.75 4647.38
9720.38 4674.00
9743.66 4701.37
9767.39 4729.29
9790.00 4755.88
9812.95 4782.90
9836.18 4810.58
9859.41 4838.54
9882.55 4866.38
9905.67 4894.20
9928.47 4921.64
9951.09 4948.86
9972.87 4977.22
9994.46 5005.69
10015.79 5033.80
10036.83 5062.97
10057.60 5092.20
10077.70 5121.12
10097.78 5151.78
10116.94 5181.64
10135.14 5212.48
10152.96 5242.66
10169.26 5273.98
10185.56 5305.89
10201.03 5338.71
10215.54 5371.17
10230.15 5403.85
10243.93 5436.40
10256.26 5470.12
10267.83 5502.70
10277.75 5536.43
10287.86 5571.34
10295.94 5604.19
10304.44 5638.68
10312.21 5673.30
10319.43 5707.43
10326.22 5743.16
10330.43 5778.27
10334.59 5813.00
10338.93 5849.22
10341.96 5883.00
10342.65 5918.81
10343.32 5953.37
10343.98 5988.09
10344.39 6023.05
10343.74 6057.30
10343.09 6091.87
10342.47 6125.10
10341.84 6158.83
10342.62 6193.87
10343.37 6226.42
10344.16 6260.74
10345.98 6295.49
10349.46 6330.04
10354.73 6363.57
10360.87 6398.09
10368.07 6431.85
10376.10 6466.37
10385.81 6499.73
10395.87 6532.25
10407.50 6562.52
10419.53 6592.33
10433.08 6621.82
10448.07 6652.26
10462.73 6680.08
10478.96 6710.02
10497.28 6738.94
10515.46 6767.45
10534.38 6793.31
10554.67 6821.04
10574.72 6848.44
10595.61 6876.99
10616.14 6905.54
10636.38 6934.74
10654.62 6963.25
10672.47 6993.15
10688.65 7023.52
10702.99 7052.27
10714.60 7077.18
10724.18 7099.44
10732.64 7120.87
10740.62 7141.12
10747.60 7161.54
10755.04 7183.83
10762.96 7207.56
10769.43 7231.24
10776.34 7257.09
10781.93 7282.38
10786.94 7309.92
10790.97 7336.20
10794.79 7362.85
10797.95 7388.77
10800.33 7416.70
10801.83 7445.95
10802.80 7473.51
10803.16 7501.77
10803.00 7532.29
10802.07 7560.48
10801.10 7590.11
10800.11 7620.08
10799.12 7650.12
10798.23 7677.84
10797.67 7707.67
10799.34 7736.21
10801.08 7765.96
10802.79 7796.21
10804.57 7826.53
10807.00 7854.92
10811.07 7882.80
10815.17 7910.85
10821.18 7941.00
10828.85 7970.18
10837.02 8001.26
10845.44 8033.26
10854.00 8065.81
10865.02 8098.78
10875.89 8129.91
10886.94 8158.88
10898.95 8190.20
10910.31 8218.50
10922.21 8248.16
10933.86 8277.20
10945.85 8307.11
10957.51 8336.82
10967.67 8363.54
10978.72 8392.58
10989.13 8419.95
10999.87 8448.20
11010.12 8476.44
11020.01 8506.50
11028.07 8534.16
11035.69 8562.60
11043.27 8593.89
11049.07 8623.17
11054.90 8653.41
11058.99 8680.10
11062.71 8709.33
11066.20 8740.24
11067.81 8770.19
11068.89 8801.19
11069.92 8831.19
11069.54 8862.49
11068.51 8892.65
11066.63 8922.78
11064.81 8951.88
11062.90 8982.45
11061.09 9011.42
11059.19 9041.74
11057.46 9069.43
11055.78 9099.16
11054.10 9129.49
11052.38 9160.63
11052.13 9190.78
11052.16 9219.99
11052.20 9249.49
11053.11 9279.52
11055.78 9309.89
11058.90 9339.05
11062.15 9366.83
11067.53 9395.77
11074.00 9425.07
11080.84 9452.17
11089.33 9480.35
11099.30 9510.05
11109.77 9537.64
11121.72 9565.24
11135.33 9594.02
11148.88 9619.89
11162.41 9645.01
11177.47 9669.61
11194.02 9693.98
11211.67 9717.89
11231.05 9742.89
11250.22 9765.95
11269.42 9787.41
11289.19 9809.11
11310.30 9829.69
11331.31 9848.09
11354.70 9866.98
