11368.40 9893.26
11358.19 9880.94
11346.37 9867.34
11331.39 9855.18
11316.75 9842.67
11301.95 9829.22
11286.18 9814.06
11274.13 9801.53
11260.37 9787.22
11245.97 9771.73
11230.61 9753.38
11214.37 9733.42
11196.92 9710.70
11180.46 9685.48
11163.66 9658.55
11148.43 9631.77
11133.29 9604.60
11120.71 9576.98
11108.39 9548.05
11096.83 9518.58
11086.56 9489.42
11077.71 9460.10
11069.33 9429.49
11062.40 9399.33
11057.08 9368.85
11053.12 9337.57
11050.06 9306.62
11047.52 9275.61
11046.66 9245.13
11045.80 9214.57
11046.03 9182.89
11046.94 9151.84
11048.91 9120.39
11050.87 9089.09
11052.84 9057.67
11054.79 9026.46
11056.69 8995.97
11058.57 8965.34
11060.49 8934.10
11061.87 8903.61
11063.07 8872.70
11064.29 8841.16
11063.94 8809.73
11063.14 8778.19
11061.08 8746.86
11058.01 8715.50
11053.74 8684.32
11049.15 8652.83
11043.75 8622.38
11037.87 8592.01
11029.98 8561.17
11021.48 8531.44
11012.10 8501.02
11002.52 8471.77
10991.95 8442.99
10980.84 8413.69
10969.61 8384.05
10958.45 8354.60
10947.42 8325.58
10935.82 8296.85
10924.15 8267.95
10912.48 8239.04
10900.93 8210.43
10889.24 8181.02
10878.72 8151.81
10868.03 8121.96
10857.93 8093.07
10848.57 8063.81
10841.15 8033.96
10833.77 8004.25
10826.23 7973.90
10818.66 7943.42
10812.36 7912.78
10807.20 7881.63
10802.10 7850.89
10798.62 7820.22
10795.34 7789.15
10792.61 7757.91
10792.56 7726.30
10792.51 7695.40
10792.74 7664.39
10793.80 7632.73
10794.86 7601.32
10795.93 7569.75
10797.00 7537.84
10797.54 7507.06
10797.31 7475.91
10796.17 7445.33
10794.12 7414.59
10791.10 7383.71
10788.02 7352.91
10782.90 7322.40
10777.52 7290.93
10771.43 7260.24
10763.51 7230.75
10754.98 7201.37
10745.01 7171.42
10734.53 7141.38
10722.60 7111.80
10710.83 7083.30
10698.30 7054.98
10684.28 7027.21
10669.29 6999.32
10653.64 6972.41
10637.65 6946.19
10619.69 6920.54
10601.58 6895.00
10583.21 6869.91
10561.51 6845.87
10543.14 6820.80
10525.17 6796.26
10507.09 6771.47
10490.31 6745.05
10473.56 6718.69
10458.45 6691.35
10443.95 6663.16
10429.88 6635.08
10416.74 6607.23
10404.07 6578.10
10392.97 6548.88
10382.82 6520.16
10373.48 6489.76
10364.51 6459.65
10356.94 6428.70
10349.61 6398.74
10344.76 6368.13
10340.09 6337.13
10337.00 6306.12
10334.63 6274.54
10334.17 6242.80
10333.39 6212.05
10332.48 6180.94
10328.73 6151.67
10329.51 6120.85
10330.30 6089.47
10331.07 6058.75
10331.84 6028.23
10331.70 5997.26
10330.99 5966.08
10330.29 5935.38
10329.58 5904.32
10328.73 5872.80
10325.25 5842.01
10321.82 5811.63
10318.33 5780.67
10314.91 5750.38
10309.84 5719.89
10303.46 5688.87
10297.27 5658.77
10290.16 5629.06
10282.70 5598.50
10275.33 5568.95
10266.28 5539.46
10257.19 5509.84
10246.81 5481.01
10236.01 5452.56
10224.59 5423.33
10212.54 5395.22
10200.08 5366.12
10187.74 5337.31
10174.20 5309.83
10159.87 5282.68
10145.31 5255.08
10129.61 5227.68
10113.69 5200.15
10097.26 5173.48
10079.89 5147.53
10062.38 5121.36
10045.11 5096.31
10027.55 5070.89
10009.90 5045.54
9990.77 5020.54
9972.30 4996.42
9954.22 4972.80
9936.27 4950.21
9917.75 4927.85
9899.26 4905.52
9880.48 4882.84
9862.66 4861.32
9844.58 4839.49
9826.19 4817.29
9808.18 4795.85
9790.18 4775.08
9772.63 4754.76
9754.64 4733.51
9737.76 4713.58
9721.55 4689.33
9703.82 4668.40
9684.70 4645.82
9666.55 4624.39
9649.16 4598.75
9629.12 4575.08
9608.89 4551.15
9589.15 4526.46
9570.02 4502.55
9550.57 4478.24
9531.31 4454.13
9512.13 4428.95
9492.99 4403.66
9474.96 4378.89
9456.77 4353.30
9439.11 4327.31
9421.36 4301.19
9404.24 4275.99
9385.59 4253.43
9369.07 4227.79
9352.60 4202.24
9336.16 4176.73
9320.71 4150.39
9304.71 4123.00
9289.24 4096.51
9273.71 4069.92
9257.71 4042.42
9242.62 4015.91
9226.87 3988.26
9211.53 3961.32
9196.01 3934.06
9180.50 3907.29
9164.40 3880.30
9148.60 3853.81
9132.97 3827.61
9117.36 3801.44
9101.30 3774.50
9085.54 3748.08
9068.28 3721.70
9050.83 3696.10
9033.37 3670.48
9015.59 3644.40
8998.03 3619.27
8979.18 3594.91
8959.87 3569.96
8941.14 3545.79
8920.75 3521.50
8900.97 3497.92
8879.96 3475.15
8858.94 3452.47
8837.71 3430.14
8815.17 3407.78
8792.62 3385.90
8770.48 3364.94
8747.80 3344.67
8724.71 3324.03
8700.80 3304.77
8676.05 3285.12
8651.33 3265.51
8626.79 3247.35
8601.36 3228.66
8576.45 3210.55
8550.93 3193.22
8524.49 3176.09
8497.88 3159.81
8471.17 3144.14
8443.60 3128.65
8416.74 3113.62
8388.46 3099.27
8360.70 3085.24
8332.41 3071.03
8303.93 3057.62
8275.80 3045.30
8247.29 3033.73
8218.11 3021.89
8189.45 3011.01
8159.83 3000.41
8130.17 2990.33
8100.09 2980.65
8070.06 2972.01
8039.57 2963.65
8009.62 2956.01
7978.71 2948.79
7948.08 2942.15
7917.60 2935.93
7886.32 2930.16
7855.80 2925.09
7825.56 2921.36
7794.57 2917.67
7764.27 2914.96
7732.65 2912.69
7702.26 2910.95
7670.57 2910.40
7638.99 2910.07
7607.42 2910.38
7576.77 2911.25
7545.43 2913.11
7514.69 2915.38
7483.56 2918.13
7452.81 2922.01
7421.50 2926.60
7390.12 2931.73
7360.50 2936.93
7330.07 2942.85
7300.12 2949.48
7269.73 2956.85
7240.11 2964.95
7210.80 2973.48
7180.44 2982.86
7150.05 2992.57
7120.14 3002.57
7090.97 3013.22
7061.28 3024.17
7032.36 3034.85
7002.86 3046.00
6973.75 3057.10
6944.91 3068.25
6915.89 3079.41
6886.93 3090.57
6857.69 3101.84
6829.21 3112.81
6800.48 3123.89
6771.44 3135.08
6742.94 3146.06
6714.26 3160.07
6685.18 3170.63
6656.48 3180.95
6627.76 3191.05
6598.80 3201.16
6569.67 3210.61
6539.55 3220.39
6509.10 3229.47
6478.50 3238.28
6448.88 3246.48
6419.03 3254.53
6388.41 3262.45
6358.02 3269.87
6327.90 3276.90
6297.08 3283.75
6266.20 3290.56
6235.12 3296.52
6204.91 3302.23
6173.82 3307.51
6143.55 3312.64
6112.79 3317.86
6081.75 3322.41
6050.65 3326.79
6019.34 3331.20
5988.10 3335.36
5957.49 3339.36
5927.23 3343.18
5896.24 3346.95
5865.89 3350.64
5835.20 3354.38
5804.69 3358.09
5773.15 3361.93
5742.00 3365.72
5710.68 3369.53
5679.65 3373.31
5648.64 3377.48
5617.15 3382.16
5585.66 3386.85
5554.48 3388.11
5523.76 3392.68
5492.85 3397.90
5461.41 3403.22
5430.19 3409.13
5399.70 3414.96
5369.08 3421.55
5340.14 3431.32
5309.20 3438.60
5279.62 3446.68
5249.05 3455.02
5218.80 3464.11
5189.40 3472.97
5159.10 3482.40
5129.91 3492.07
5100.47 3502.61
5070.58 3513.29
5041.84 3524.19
5012.81 3535.57
4984.24 3547.19
4955.35 3559.02
4926.51 3571.92
4898.32 3584.53
4869.64 3598.08
4841.54 3612.03
4814.19 3625.61
4786.96 3640.21
4759.30 3655.06
4731.97 3670.40
4705.26 3686.05
4677.98 3702.04
4652.17 3718.07
4625.98 3734.81
4599.57 3751.97
4574.24 3769.09
4548.89 3786.28
4523.28 3804.80
4498.03 3823.06
4473.14 3842.03
4448.21 3861.35
4423.97 3880.15
4399.63 3900.00
4375.75 3920.25
4352.14 3940.56
4329.22 3961.76
4306.69 3982.60
4283.92 4004.36
4261.86 4025.98
4240.02 4047.59
4217.65 4069.72
4196.17 4091.61
4174.57 4114.99
4154.12 4138.33
4134.19 4161.30
4113.40 4185.43
4093.43 4209.36
4073.89 4233.44
4054.66 4258.29
4035.90 4282.52
4016.88 4307.87
3999.75 4333.61
3982.00 4358.75
3963.64 4384.76
3945.54 4410.39
3928.52 4435.67
3912.15 4461.87
3895.50 4489.01
3880.13 4515.78
3864.51 4542.98
3850.05 4569.94
3835.65 4597.63
3818.71 4623.03
3801.76 4649.33
3788.36 4677.29
3775.51 4705.11
3762.31 4733.68
3750.04 4761.77
3738.24 4790.50
3726.83 4820.00
3715.51 4849.30
3704.48 4879.12
3694.24 4908.58
3684.25 4938.00
3674.18 4967.72
3665.03 4997.46
3656.14 5027.44
3647.41 5056.84
3639.75 5086.60
3632.03 5116.71
3624.85 5146.91
3618.41 5176.98
3612.02 5206.78
3606.04 5237.28
3600.50 5267.46
3594.89 5298.11
3590.45 5329.61
3586.20 5360.57
3582.42 5392.17
3578.84 5423.23
3575.27 5454.20
3572.37 5484.55
3570.26 5516.33
3568.20 5547.28
3566.94 5578.05
3566.23 5608.95
3566.21 5640.71
3566.20 5672.43
3566.18 5702.99
3566.17 5733.62
3567.50 5764.46
3568.83 5795.46
3570.15 5826.29
3572.40 5857.72
3574.97 5888.28
3577.65 5920.08
3580.22 5950.61
3582.80 5981.29
3585.85 6011.81
3589.65 6042.47
3593.43 6073.03
3597.30 6104.24
3601.09 6134.88
3605.06 6165.84
3609.99 6197.11
3614.86 6228.04
3619.62 6258.26
3624.54 6289.53
3629.41 6320.16
3633.82 6348.24
3638.37 6377.10
3643.12 6404.85
3648.08 6433.32
3652.73 6460.43
3657.37 6487.43
3662.21 6515.59
3666.94 6543.13
3671.75 6571.15
3676.73 6600.13
3681.47 6627.74
3686.43 6656.31
3691.58 6685.16
3696.78 6714.33
3701.90 6742.98
3706.95 6771.29
3712.04 6799.81
3717.18 6828.62
3722.23 6856.92
3727.35 6885.64
3732.66 6915.41
3737.92 6944.87
3742.90 6972.80
3747.93 7000.99
3753.05 7029.40
3758.37 7059.20
3763.72 7089.16
3768.54 7116.43
3773.73 7145.46
3778.86 7174.21
3783.86 7202.20
3788.80 7229.89
3794.02 7259.11
3799.11 7287.57
3804.15 7315.81
3809.17 7343.95
3814.24 7372.33
3819.52 7401.91
3824.72 7430.99
3829.84 7459.70
3835.03 7488.73
3840.25 7517.96
3845.43 7547.01
3850.40 7574.81
3855.47 7603.22
3860.67 7632.33
3865.69 7660.42
3870.72 7688.60
3875.62 7717.60
3878.88 7746.40
3882.21 7774.62
3886.25 7803.85
3890.28 7833.02
3893.42 7862.55
3894.26 7892.53
3895.09 7922.05
3895.91 7951.19
3896.75 7981.11
3896.19 8011.19
3895.21 8040.07
3894.26 8068.25
3892.06 8096.95
3889.05 8126.98
3884.87 8155.68
3880.25 8184.60
3874.53 8212.83
3867.95 8241.73
3860.44 8269.23
3852.27 8297.51
3843.39 8323.95
3833.73 8351.73
3823.67 8378.34
3813.45 8405.33
3800.91 8431.44
3787.82 8458.04
3773.63 8483.75
3759.26 8509.05
3744.06 8534.00
3729.51 8557.87
3713.57 8581.29
3696.24 8606.10
3678.58 8629.49
3659.87 8653.27
3641.53 8675.02
3622.63 8696.75
3603.59 8717.90
3583.51 8738.65
3563.36 8759.51
3542.40 8779.87
3520.53 8799.72
3498.39 8819.18
3477.16 8837.55
3454.70 8856.59
3432.05 8874.47
3409.85 8891.97
3386.65 8909.86
3363.73 8927.35
3341.17 8944.17
3317.65 8960.32
3292.63 8976.47
3266.84 8992.66
3242.09 9008.15
3217.23 9023.70
3191.21 9038.63
3165.77 9053.08
3140.35 9067.05
3113.04 9081.11
3087.19 9094.33
3060.30 9107.98
3033.29 9120.62
3007.73 9132.19
2980.68 9143.95
2954.36 9155.18
2926.98 9166.35
2900.60 9176.67
2873.67 9186.78
2845.49 9196.53
2817.87 9205.84
2790.77 9214.58
2763.79 9222.98
2735.52 9231.41
2707.06 9239.51
2679.10 9246.72
2651.53 9253.57
2622.89 9260.19
2594.38 9265.92
2565.85 9271.65
2535.71 9276.97
2506.78 9282.06
2477.11 9286.51
2447.34 9290.75
2418.95 9294.22
2390.13 9297.35
2360.00 9300.28
2329.84 9302.83
2300.60 9304.48
2272.02 9305.85
2243.14 9307.02
2213.49 9308.21
2184.12 9308.97
2154.58 9308.97
2124.99 9308.96
2096.84 9308.92
2067.10 9308.71
2037.61 9308.54
2008.97 9308.38
1980.35 9308.23
1951.21 9308.06
1921.93 9307.90
1892.60 9307.74
1863.25 9307.57
1834.30 9307.41
1805.17 9307.25
