11368.01 9892.95
11355.58 9883.08
11343.39 9869.19
11329.78 9853.80
11313.25 9839.68
11296.05 9823.74
11278.17 9805.74
11259.07 9785.87
11239.57 9764.09
11219.29 9739.82
11198.81 9713.17
11180.13 9684.95
11161.65 9655.02
11144.70 9625.21
11128.42 9593.92
11114.64 9563.10
11101.60 9531.67
11090.57 9501.02
11080.33 9468.78
11071.18 9436.49
11063.28 9404.40
11057.60 9371.87
11053.30 9338.99
11050.05 9306.45
11047.51 9275.08
11046.60 9242.93
11045.83 9210.78
11046.06 9179.74
11047.19 9147.89
11049.13 9116.96
11051.16 9084.52
11053.14 9052.89
11055.10 9021.56
11057.10 8989.32
11059.03 8957.89
11060.97 8926.35
11062.17 8895.97
11063.42 8863.55
11064.48 8832.12
11063.73 8801.13
11062.62 8770.24
11060.51 8738.28
11056.78 8706.58
11052.64 8676.30
11047.97 8646.17
11042.70 8616.46
11036.43 8586.21
11028.56 8556.20
11019.97 8526.42
11010.68 8496.64
11001.06 8467.71
10990.54 8439.28
10979.81 8410.97
10968.58 8381.33
10957.25 8351.45
10946.15 8322.43
10934.35 8293.22
10922.59 8264.09
10910.59 8234.37
10898.81 8205.18
10887.67 8176.64
10877.03 8147.13
10866.50 8117.58
10856.32 8088.47
10847.36 8058.93
10839.65 8027.91
10832.47 7999.00
10824.90 7968.53
10817.48 7938.68
10811.58 7908.05
10806.39 7876.74
10801.31 7845.78
10798.09 7815.21
10794.97 7785.68
10792.61 7754.77
10792.55 7723.47
10792.50 7692.64
10792.82 7661.81
10793.89 7630.15
10794.90 7600.10
10795.97 7568.32
10797.01 7537.55
10797.53 7506.16
10797.30 7475.36
10796.08 7443.88
10794.06 7414.03
10791.08 7383.52
10787.85 7351.88
10782.76 7321.57
10777.52 7290.91
10771.76 7261.47
10763.64 7231.23
10755.23 7202.11
10745.59 7173.16
10735.49 7143.77
10724.18 7115.72
10712.64 7087.36
10699.93 7058.71
10686.36 7031.13
10671.90 7003.98
10656.23 6976.86
10640.36 6950.06
10621.72 6923.43
10601.78 6895.27
10581.36 6867.40
10560.34 6838.70
10539.62 6810.41
10519.13 6782.43
10499.82 6753.87
10481.22 6724.60
10463.38 6693.71
10447.50 6662.85
10431.68 6631.16
10416.76 6599.53
10403.43 6567.11
10390.90 6534.15
10380.27 6500.62
10369.93 6466.99
10361.52 6433.57
10353.05 6398.91
10344.53 6366.63
10339.61 6332.36
10336.17 6297.85
10334.46 6262.92
10333.87 6228.37
10332.85 6193.66
10331.85 6158.91
10332.73 6124.17
10333.61 6088.94
10334.51 6053.24
10335.40 6017.82
10334.66 5982.41
10333.86 5947.29
10333.06 5912.03
10332.25 5876.44
10328.59 5842.12
10324.72 5807.87
10320.76 5772.81
10316.82 5737.83
10309.76 5703.16
10302.74 5669.03
10295.07 5635.28
10286.89 5601.73
10278.51 5568.09
10268.33 5534.91
10257.95 5501.07
10245.40 5468.00
10230.53 5438.13
10216.85 5405.26
10202.88 5372.67
10189.32 5341.02
10174.24 5309.92
10157.72 5278.60
10141.02 5247.42
10123.73 5217.51
10106.27 5187.31
10086.96 5158.09
10067.26 5128.66
10047.64 5099.97
10028.03 5071.60
10007.78 5042.76
9986.85 5015.42
9965.48 4987.51
9943.94 4959.47
9921.46 4932.33
9899.44 4905.74
9876.99 4878.63
9854.28 4851.21
9832.35 4824.73
9810.07 4798.03
9787.08 4771.50
9764.37 4745.00
9741.34 4717.81
9718.52 4690.86
9695.73 4663.95
9672.86 4636.95
9650.43 4610.47
9628.15 4584.16
9605.85 4557.83
9584.14 4530.77
9562.02 4503.11
9540.23 4475.87
9518.59 4448.32
9497.21 4420.27
9476.76 4392.57
9455.98 4363.88
9436.32 4334.95
9416.35 4305.56
9396.95 4277.00
9377.64 4247.18
9358.64 4217.71
9339.69 4188.30
9321.57 4158.40
9303.79 4127.96
9285.87 4097.29
9268.00 4066.70
9250.92 4037.17
9233.81 4007.11
9217.09 3977.76
9200.15 3947.99
9183.63 3918.99
9166.57 3890.38
9149.66 3862.03
9132.79 3833.75
9115.87 3805.38
9099.11 3777.28
9083.88 3745.29
9064.91 3716.76
9045.07 3687.64
9025.43 3658.83
9005.40 3629.44
8984.54 3601.84
8962.84 3573.80
8941.02 3545.65
8918.53 3518.85
8895.77 3492.20
8871.62 3466.15
8847.68 3440.32
8822.58 3415.13
8797.94 3391.05
8772.76 3366.98
8746.38 3343.40
8720.07 3320.06
8692.93 3298.52
8665.97 3277.12
8638.42 3255.90
8610.13 3235.10
8581.75 3214.29
8553.25 3194.72
8524.01 3175.80
8494.24 3157.58
8463.75 3139.98
8432.98 3122.68
8401.58 3105.93
8370.72 3090.27
8339.13 3074.40
8307.37 3059.23
8274.91 3044.94
8242.24 3031.69
8210.13 3018.66
8177.49 3006.69
8144.14 2995.08
8110.26 2983.82
8076.10 2973.66
8042.62 2964.49
8008.45 2955.72
7973.96 2947.75
7939.57 2940.42
7905.79 2933.52
7871.41 2927.69
7836.67 2922.68
7802.16 2918.57
7767.75 2915.21
7732.64 2912.69
7697.29 2910.86
7662.24 2910.26
7627.82 2910.16
7592.17 2910.82
7557.06 2912.35
7521.80 2914.76
7486.29 2917.89
7450.89 2922.27
7416.53 2927.41
7381.95 2933.11
7347.01 2939.56
7312.98 2946.48
7279.39 2954.33
7245.26 2963.47
7211.59 2973.24
7178.15 2983.57
7144.78 2994.34
7110.99 3005.84
7077.74 3018.10
7045.27 3030.08
7013.77 3045.40
6980.93 3057.86
6948.68 3070.33
6916.36 3082.76
6883.78 3095.32
6851.29 3107.84
6818.61 3120.44
6786.41 3132.85
6754.11 3145.30
6721.28 3157.52
6687.81 3169.68
6654.42 3181.68
6621.26 3193.33
6588.37 3204.54
6555.45 3215.23
6521.55 3225.88
6487.52 3235.68
6453.28 3245.29
6419.82 3254.32
6386.35 3262.96
6351.78 3271.39
6317.61 3279.19
6283.87 3286.69
6249.53 3293.76
6214.99 3300.38
6180.01 3306.46
6146.00 3312.23
6112.02 3317.99
6076.83 3323.10
6042.85 3327.89
6011.03 3332.36
5981.27 3336.25
5951.53 3340.14
5922.41 3343.76
5892.00 3347.46
5861.92 3351.13
5831.58 3354.82
5802.67 3358.34
5772.98 3361.95
5743.49 3365.54
5715.10 3368.99
5685.27 3372.62
5656.20 3376.35
5628.03 3380.54
5598.34 3384.96
5567.07 3389.62
5533.44 3387.90
5498.87 3393.53
5463.98 3399.44
5428.87 3406.02
5393.82 3412.73
5359.73 3420.24
5325.62 3427.78
5292.15 3436.42
5258.51 3445.60
5224.55 3455.49
5191.46 3465.46
5157.71 3475.91
5124.31 3487.07
5091.33 3498.87
5058.09 3510.89
5025.73 3523.30
4992.60 3536.66
4959.85 3549.96
4927.72 3564.14
4896.07 3578.30
4864.22 3593.40
4833.25 3608.78
4802.26 3624.52
4771.86 3640.82
4740.72 3657.61
4710.26 3675.47
4680.10 3693.15
4649.94 3711.67
4620.57 3730.44
4591.26 3749.62
4562.53 3769.05
4533.72 3789.11
4505.77 3809.32
4477.74 3830.12
4449.49 3852.01
4421.85 3873.44
4394.22 3895.94
4367.59 3918.52
4341.12 3941.77
4315.59 3965.38
4289.92 3989.47
4264.72 4013.87
4239.49 4038.83
4214.10 4063.95
4189.79 4088.80
4165.64 4114.99
4142.47 4141.69
4119.75 4167.87
4097.14 4194.62
4074.55 4221.84
4053.08 4249.56
4031.51 4277.43
4010.44 4305.66
3990.79 4334.86
3970.60 4363.46
3950.23 4392.30
3930.08 4420.83
3911.73 4450.09
3893.29 4479.61
3875.90 4509.88
3858.67 4539.89
3842.03 4571.04
3825.90 4602.06
3809.75 4633.10
3794.55 4664.32
3779.56 4696.33
3764.90 4728.07
3750.53 4760.59
3737.07 4793.54
3724.59 4825.79
3712.01 4858.57
3700.18 4891.11
3688.92 4924.26
3677.71 4957.29
3667.30 4989.82
3657.44 5023.06
3647.35 5057.04
3638.57 5091.22
3629.72 5125.72
3622.14 5159.54
3614.86 5193.53
3607.65 5228.46
3601.26 5263.34
3595.02 5297.36
3590.03 5332.71
3585.28 5367.30
3581.30 5401.82
3577.24 5437.06
3573.30 5471.25
3571.01 5504.98
3568.71 5539.59
3567.10 5573.94
3566.23 5606.95
3566.22 5638.14
3566.20 5671.44
3566.18 5706.43
3566.52 5741.64
3568.02 5776.55
3569.53 5811.80
3571.54 5847.45
3574.44 5881.97
3577.34 5916.36
3580.32 5951.76
3583.24 5986.43
3587.10 6021.85
3591.38 6056.43
3595.41 6088.99
3599.37 6120.97
3603.47 6154.04
3608.26 6186.16
3613.53 6219.62
3618.46 6250.95
3623.25 6281.34
3627.65 6309.31
3631.83 6335.56
3635.71 6360.20
3639.72 6385.70
3643.58 6407.32
3647.23 6428.38
3651.13 6451.11
3654.87 6472.86
3658.53 6494.16
3662.11 6515.03
3665.75 6536.23
3669.16 6556.06
3672.90 6577.84
3677.01 6601.74
3681.26 6626.53
3685.54 6651.32
3690.22 6677.55
3694.84 6703.41
3699.56 6729.90
3704.50 6757.56
3709.56 6785.90
3714.88 6815.74
3720.19 6845.49
3725.20 6873.56
3730.38 6902.60
3735.57 6931.72
3740.94 6961.79
3746.60 6993.53
3752.25 7024.88
3757.95 7056.80
3763.43 7087.49
3768.69 7117.25
3774.01 7147.02
3779.57 7178.17
3784.99 7208.54
3790.67 7240.33
3796.42 7272.51
3801.99 7303.70
3807.71 7335.74
3813.21 7366.55
3818.68 7397.19
3824.02 7427.07
3829.40 7457.21
3834.89 7487.94
3840.46 7519.15
3846.10 7550.77
3851.86 7582.98
3857.35 7613.75
3862.98 7645.24
3868.43 7675.79
3873.80 7705.86
3877.69 7735.85
3881.26 7766.98
3885.55 7798.84
3889.75 7829.15
3893.36 7860.74
3894.23 7891.53
3895.12 7922.97
3896.01 7954.59
3896.86 7984.71
3896.03 8015.78
3895.00 8046.45
3893.97 8076.84
3890.97 8107.83
3887.63 8138.38
3882.72 8169.10
3877.80 8198.45
3871.06 8228.06
3863.51 8258.32
3855.68 8286.16
3847.18 8312.67
3838.03 8339.92
3828.09 8366.64
3817.82 8393.79
3805.60 8421.91
3792.13 8449.28
3778.61 8474.83
3763.82 8501.34
3749.15 8525.63
3734.60 8549.51
3718.82 8573.67
3702.09 8597.95
3685.11 8620.84
3667.41 8644.24
3647.82 8667.56
3628.05 8690.73
3608.16 8712.83
3589.12 8732.84
3569.06 8753.61
3547.96 8774.82
3524.80 8795.84
3504.21 8814.07
3483.52 8832.15
3461.48 8850.84
3438.61 8869.31
3416.10 8887.05
3393.42 8904.70
3368.95 8923.37
3346.59 8940.36
3322.49 8957.19
3296.24 8974.14
3271.10 8990.00
3244.81 9006.44
3220.42 9021.70
3195.75 9036.04
3169.96 9050.70
3143.53 9065.41
3116.89 9079.13
3090.50 9092.65
3064.85 9105.67
3038.51 9118.25
3012.36 9130.09
2986.58 9141.43
2960.27 9152.66
2932.32 9164.20
2904.87 9175.07
2877.28 9185.43
2851.71 9194.38
2823.69 9203.94
2794.76 9213.35
2766.61 9222.10
2739.00 9230.41
2710.16 9238.63
2681.23 9246.19
2651.46 9253.59
2621.77 9260.42
2592.11 9266.38
2563.05 9272.16
2535.56 9277.00
2505.52 9282.28
2477.14 9286.51
2447.46 9290.73
2418.64 9294.26
2388.47 9297.53
2360.67 9300.22
2331.64 9302.69
2302.43 9304.37
2272.31 9305.84
2244.04 9306.98
2215.33 9308.14
2186.99 9308.97
2159.93 9308.97
2137.25 9308.96
2116.73 9308.96
2100.50 9308.94
2089.08 9308.83
2077.28 9308.76
2064.32 9308.69
2049.53 9308.61
2032.28 9308.51
2012.68 9308.41
1991.36 9308.29
1968.12 9308.16
1943.01 9308.02
1915.39 9307.86
1885.90 9307.70
1854.72 9307.53
1821.60 9307.34
