6943.84 1860.14
6939.92 1875.14
6935.53 1891.88
6930.52 1911.01
6925.03 1931.96
6919.12 1954.49
6912.52 1979.52
6905.45 2006.26
6897.83 2033.77
6890.00 2057.82
6881.58 2083.63
6873.07 2109.74
6863.71 2136.59
6853.76 2165.97
6845.35 2195.76
6836.12 2220.65
6828.35 2241.63
6822.42 2260.36
6818.24 2278.99
6813.93 2298.15
6808.33 2316.64
6802.67 2334.44
6797.18 2351.69
6791.26 2370.29
6785.53 2388.33
6779.56 2407.07
6774.03 2424.45
6768.27 2442.58
6762.99 2460.09
6757.90 2477.89
6752.61 2496.36
6747.74 2513.75
6743.00 2531.27
6738.12 2549.30
6733.76 2567.22
6729.91 2585.98
6726.27 2603.71
6722.98 2622.22
6719.75 2641.32
6717.33 2658.54
6714.96 2675.96
6712.83 2695.10
6712.14 2713.56
6711.49 2730.96
6714.30 2749.99
6717.58 2767.62
6723.05 2786.09
6729.76 2803.12
6737.32 2820.01
6745.25 2836.37
6755.45 2851.74
6766.02 2866.68
6777.45 2881.20
6789.61 2895.77
6801.72 2909.19
6814.24 2922.18
6826.57 2934.97
6839.89 2948.97
6854.31 2964.07
6868.96 2979.40
6883.67 2995.01
6896.65 3012.08
6908.55 3029.85
6917.90 3048.32
6926.69 3068.44
6931.77 3089.60
6934.26 3111.21
6934.31 3132.09
6932.10 3152.82
6926.66 3173.86
6918.23 3193.13
6908.31 3212.26
6897.19 3230.98
6882.65 3246.08
6867.76 3260.64
6850.40 3273.12
6831.97 3284.67
6813.34 3294.68
6793.75 3303.89
6774.28 3311.17
6754.15 3317.07
6732.68 3321.66
6711.36 3322.90
6690.47 3321.71
6669.97 3317.72
6649.74 3311.22
6630.16 3301.23
6611.92 3291.10
6593.50 3280.36
6574.73 3269.43
6556.09 3260.24
6535.49 3254.34
6514.08 3250.65
6493.30 3249.63
6471.81 3251.05
6451.47 3255.70
6430.70 3260.90
6409.63 3266.16
6389.58 3271.11
6369.18 3275.71
6348.88 3280.28
6328.32 3284.92
6307.76 3289.55
6286.21 3294.03
6265.91 3297.99
6249.92 3301.12
6237.00 3303.65
6228.49 3305.31
6224.26 3306.14
6224.03 3306.18
6223.99 3306.19
6223.98 3306.19
6223.98 3306.19
6223.98 3306.19
6223.98 3306.19
6223.98 3306.19
6223.98 3306.19
6223.98 3306.19
6223.98 3306.19
6222.58 3306.57
6218.50 3307.64
6211.73 3308.72
6202.24 3310.22
6190.83 3312.02
6177.53 3314.12
6162.46 3316.51
6145.12 3319.25
6125.44 3322.36
6104.38 3325.69
6083.14 3328.69
6061.81 3331.69
6041.09 3334.61
6019.56 3337.65
5998.17 3340.67
5977.06 3343.64
5956.48 3346.42
5935.60 3349.08
5915.39 3351.67
5894.81 3354.30
5875.24 3356.79
5856.12 3359.24
5837.36 3361.63
5818.29 3364.07
5800.09 3366.39
5782.51 3368.64
5763.47 3371.07
5745.34 3373.39
5727.92 3375.61
5710.25 3377.87
5692.18 3378.28
5674.58 3378.63
5654.75 3379.90
5634.40 3382.93
5612.45 3386.20
5588.57 3389.76
5563.22 3392.65
5536.43 3394.13
5507.71 3398.73
5478.16 3403.74
5449.19 3408.86
5420.23 3414.40
5389.90 3420.33
5359.97 3426.94
5329.41 3433.70
5300.39 3441.01
5271.18 3448.98
5240.93 3457.44
5210.78 3466.53
5181.58 3475.32
5151.41 3484.92
5121.07 3491.73
5092.13 3502.09
5063.81 3512.23
5035.14 3523.23
5007.53 3534.15
4978.95 3545.77
4950.75 3557.46
4922.64 3570.03
4893.56 3583.04
4865.63 3596.38
4837.01 3610.60
4809.89 3624.16
4782.71 3638.75
4755.30 3653.46
4728.37 3668.68
4702.21 3684.02
4674.79 3700.09
4649.15 3716.09
4622.61 3733.05
4596.83 3749.84
4571.56 3766.92
4545.72 3784.50
4519.89 3803.18
4493.86 3822.01
4469.19 3840.92
4445.17 3859.53
4420.57 3878.62
4396.48 3898.35
4372.53 3918.66
4349.42 3938.58
4330.01 3956.54
4309.88 3975.16
4289.78 3994.18
4268.70 4014.58
4247.65 4035.40
4226.14 4056.69
4204.61 4077.98
4183.88 4100.05
4163.28 4122.74
4143.28 4145.79
4122.44 4169.81
4101.75 4194.23
4081.18 4218.91
4061.88 4243.53
4043.11 4267.83
4025.72 4290.30
4008.12 4315.22
3991.10 4340.15
3973.57 4364.96
3952.95 4388.45
3934.12 4415.12
3916.53 4442.40
3899.11 4470.29
3883.01 4497.49
3866.85 4525.64
3850.90 4553.99
3835.63 4583.36
3820.85 4611.75
3806.13 4640.25
3791.97 4669.67
3777.99 4699.73
3764.53 4728.87
3751.09 4759.25
3738.76 4789.18
3727.35 4818.65
3715.59 4849.11
3704.38 4879.39
3693.61 4910.42
3682.96 4941.83
3672.60 4972.37
3663.77 5001.70
3654.54 5032.81
3645.58 5063.91
3637.39 5095.80
3629.27 5127.46
3622.00 5160.22
3615.44 5190.81
3608.62 5223.18
3602.70 5255.49
3596.85 5287.39
3591.83 5319.55
3587.47 5351.36
3583.39 5383.70
3579.74 5415.38
3576.04 5447.50
3572.65 5480.23
3570.47 5513.12
3568.27 5546.22
3566.88 5579.56
3566.23 5611.31
3566.21 5644.09
3566.19 5676.71
3566.17 5708.28
3566.49 5740.94
3567.83 5772.24
3569.24 5805.13
3570.67 5837.15
3573.38 5869.32
3576.09 5901.50
3578.80 5933.69
3581.42 5964.90
3584.15 5997.27
3587.92 6028.49
3591.77 6059.56
3595.79 6092.05
3599.82 6124.61
3603.82 6156.90
3608.71 6189.01
3613.61 6220.15
3618.47 6250.97
3623.63 6283.75
3628.80 6316.30
3633.79 6348.00
3638.83 6380.08
3644.44 6412.15
3650.05 6444.83
3655.65 6477.44
3661.11 6509.22
3666.43 6540.15
3671.83 6571.59
3677.24 6603.09
3682.70 6634.91
3688.48 6667.76
3694.18 6699.70
3699.86 6731.56
3705.67 6764.12
3711.34 6795.93
3716.97 6827.46
3722.76 6859.90
3728.44 6891.74
3734.23 6924.16
3739.76 6955.16
3745.53 6987.53
3751.27 7019.39
3757.08 7051.93
3762.79 7083.90
3768.38 7115.52
3774.16 7147.87
3779.66 7178.69
3785.33 7210.41
3790.85 7241.32
3796.74 7274.32
3802.36 7305.80
3808.15 7338.22
3813.71 7369.38
3819.47 7401.63
3825.16 7433.46
3830.80 7465.06
3836.52 7497.10
3842.15 7528.62
3847.75 7559.96
3853.51 7592.24
3859.36 7624.98
3865.04 7656.79
3870.73 7688.67
3875.96 7720.58
3879.60 7752.81
3883.69 7785.39
3888.07 7817.06
3892.72 7849.85
3894.00 7883.19
3894.90 7915.14
3895.80 7947.21
3896.69 7978.75
3896.20 8010.83
3895.10 8043.50
3893.98 8076.67
3890.96 8107.90
3887.38 8139.92
3882.35 8171.44
3876.68 8203.35
3869.62 8234.41
3861.46 8265.60
3852.31 8297.37
3842.06 8327.89
3831.10 8358.69
3819.88 8388.35
3807.92 8417.19
3793.48 8446.53
3778.51 8475.02
3762.93 8502.93
3746.34 8530.25
3729.53 8557.84
3711.67 8584.05
3692.49 8611.07
3673.66 8636.01
3652.88 8661.56
3632.72 8685.46
3611.03 8709.64
3589.35 8732.61
3566.93 8755.81
3544.41 8778.05
3520.11 8800.10
3496.06 8821.22
3471.45 8842.38
3446.60 8863.04
3421.28 8882.98
3395.81 8902.87
3369.39 8923.03
3344.44 8941.88
3316.99 8960.75
3289.98 8978.18
3263.60 8994.69
3235.53 9012.25
3207.46 9029.39
3179.38 9045.35
3151.33 9061.29
3122.08 9076.46
3093.03 9091.36
3064.77 9105.71
3035.97 9119.40
3006.33 9132.82
2975.85 9146.01
2945.69 9158.81
2915.84 9170.84
2886.06 9182.13
2856.38 9192.76
2825.58 9203.32
2794.61 9213.39
2763.18 9223.17
2733.13 9232.09
2702.19 9240.90
2671.68 9248.57
2640.36 9256.34
2608.85 9263.01
2577.06 9269.40
2544.77 9275.38
2513.90 9280.81
2481.03 9285.95
2449.16 9290.49
2417.82 9294.34
2385.52 9297.85
2353.83 9300.80
2322.06 9303.27
2290.17 9305.06
2257.34 9306.44
2224.62 9307.76
2191.85 9308.96
2159.25 9308.97
2127.16 9308.96
2095.50 9308.88
2063.17 9308.69
2031.70 9308.51
1998.96 9308.33
1965.92 9308.15
1932.74 9307.96
1900.27 9307.78
1866.99 9307.60
1834.34 9307.41
1802.75 9307.24
