11368.01 9892.95
11355.96 9883.38
11344.11 9869.76
11330.71 9854.60
11314.28 9840.56
11297.07 9824.69
11278.74 9806.33
11259.13 9785.94
11239.58 9764.10
11219.37 9739.92
11199.41 9713.95
11180.57 9685.66
11162.65 9656.79
11145.44 9626.52
11129.72 9596.77
11115.60 9565.41
11102.95 9534.93
11091.28 9503.00
11080.89 9470.64
11071.71 9438.47
11063.30 9404.52
11057.29 9370.10
11052.85 9335.39
11049.62 9300.35
11047.29 9267.39
11046.35 9234.11
11045.91 9200.20
11046.19 9167.47
11048.07 9133.80
11050.23 9099.32
11052.41 9064.55
11054.54 9030.56
11056.69 8995.91
11058.78 8961.99
11060.88 8927.86
11062.22 8894.68
11063.52 8861.13
11064.36 8827.05
11063.56 8794.05
11061.94 8759.90
11059.51 8726.47
11054.98 8693.39
11050.45 8660.33
11044.45 8626.34
11038.04 8592.72
11029.50 8559.52
11020.11 8526.88
11009.92 8494.34
10999.14 8462.49
10987.59 8431.48
10975.90 8400.66
10963.74 8368.58
10952.21 8338.15
10939.89 8306.94
10927.03 8275.07
10914.70 8244.55
10902.39 8214.05
10889.98 8183.05
10878.30 8150.66
10866.87 8118.63
10855.57 8086.32
10846.33 8054.80
10838.15 8021.87
10830.06 7989.32
10822.10 7957.25
10814.25 7924.19
10808.91 7891.96
10803.47 7859.16
10799.20 7825.74
10795.76 7793.10
10792.62 7761.02
10792.56 7730.10
10792.51 7696.79
10792.77 7663.29
10793.91 7629.61
10795.08 7594.78
10796.24 7560.44
10797.37 7526.77
10797.43 7492.48
10796.96 7457.86
10794.90 7425.32
10791.90 7392.04
10788.83 7359.98
10783.65 7326.92
10777.95 7293.40
10771.35 7259.93
10762.88 7228.39
10753.26 7196.19
10742.80 7164.80
10731.04 7132.73
10719.47 7104.04
10707.22 7075.16
10695.08 7047.67
10680.48 7020.09
10665.20 6992.28
10649.34 6965.03
10631.24 6937.03
10612.54 6910.33
10594.12 6884.81
10574.29 6857.73
10554.31 6830.45
10534.13 6802.90
10515.05 6776.86
10496.62 6748.83
10478.83 6720.82
10462.31 6691.63
10446.98 6661.84
10431.68 6631.16
10417.45 6601.00
10404.81 6570.75
10393.20 6540.20
10382.78 6508.79
10373.28 6477.88
10364.41 6445.37
10356.58 6413.36
10350.23 6382.17
10345.34 6349.93
10341.32 6316.15
10338.05 6283.13
10337.57 6250.00
10336.81 6215.98
10335.83 6182.84
10335.35 6150.90
10336.19 6117.48
10337.03 6084.40
10337.86 6051.47
10338.70 6017.90
10338.01 5984.29
10337.26 5951.44
10336.52 5918.97
10335.76 5885.80
10333.19 5853.39
10329.35 5819.41
10325.59 5786.10
10322.02 5754.50
10316.83 5721.15
10310.36 5689.69
10303.50 5656.31
10295.86 5624.61
10288.09 5592.75
10279.42 5559.79
10269.60 5527.80
10259.63 5496.17
10247.76 5464.93
10235.45 5432.49
10222.47 5401.63
10209.30 5370.89
10195.65 5339.04
10181.29 5309.13
10165.40 5279.01
10149.63 5249.12
10132.30 5219.13
10115.02 5189.25
10096.96 5161.16
10078.80 5134.03
10060.16 5106.47
10040.38 5077.84
10020.90 5049.65
10000.07 5021.83
9978.96 4994.26
9957.35 4966.03
9935.01 4938.34
9912.44 4911.08
9889.93 4883.91
9867.35 4856.65
9845.05 4829.71
9822.40 4802.37
9799.32 4775.54
9775.97 4748.47
9753.28 4721.68
9730.73 4695.06
9708.54 4668.85
9685.58 4641.74
9663.50 4615.67
9640.64 4588.69
9617.98 4561.92
9596.37 4535.49
9574.21 4507.78
9552.20 4480.27
9530.39 4452.92
9509.22 4425.13
9488.19 4397.07
9467.41 4368.50
9447.17 4339.16
9427.25 4309.86
9407.46 4280.74
9388.12 4251.26
9368.84 4221.35
9349.88 4191.93
9331.15 4161.72
9312.96 4130.58
9295.38 4100.48
9277.59 4070.02
9259.87 4039.54
9242.80 4009.56
9225.00 3978.31
9208.05 3948.54
9191.03 3918.65
9172.94 3888.19
9155.35 3858.69
9137.37 3828.54
9119.33 3798.30
9101.20 3767.90
9083.14 3737.64
9063.06 3708.19
9043.23 3679.09
9023.02 3649.44
9003.58 3621.05
8982.47 3593.77
8960.84 3565.82
8938.90 3538.00
8916.98 3511.87
8894.09 3485.54
8870.53 3460.13
8846.55 3434.27
8821.53 3409.44
8795.64 3384.24
8769.90 3360.00
8743.87 3336.73
8717.42 3313.74
8690.72 3292.56
8663.39 3270.87
8634.95 3249.25
8604.63 3226.96
8574.25 3204.96
8542.95 3184.12
8511.16 3164.07
8478.51 3144.48
8446.00 3126.21
8412.80 3107.92
8379.46 3091.00
8345.68 3074.00
8311.90 3057.71
8277.64 3042.49
8243.07 3028.46
8208.76 3014.54
8173.79 3001.86
8137.96 2989.49
8101.86 2977.75
8065.80 2967.41
8029.02 2957.55
7992.26 2948.39
7955.50 2940.31
7918.28 2932.70
7881.57 2926.02
7844.81 2920.33
7807.55 2915.89
7770.22 2912.08
7733.52 2912.76
7695.69 2910.83
7658.26 2910.19
7620.52 2910.22
7582.80 2911.08
7545.24 2913.13
7507.91 2915.98
7471.01 2919.63
7433.13 2924.70
7395.52 2930.84
7359.02 2937.22
7322.59 2944.30
7285.76 2952.84
7249.79 2962.17
7213.28 2972.71
7177.17 2983.87
7141.94 2995.29
7106.68 3007.43
7071.90 3020.26
7037.07 3033.11
7002.38 3046.18
6967.43 3059.54
6931.73 3073.35
6896.84 3086.75
6861.72 3100.28
6827.91 3116.85
6792.99 3130.31
6757.98 3143.80
6722.56 3157.05
6687.68 3169.72
6652.13 3182.48
6616.84 3194.89
6580.63 3207.05
6545.03 3218.61
6509.27 3229.42
6472.63 3239.97
6436.62 3249.79
6399.94 3259.64
6363.74 3268.47
6326.55 3277.20
6290.09 3285.30
6253.01 3293.09
6216.13 3300.16
6179.48 3306.55
6142.36 3312.85
6105.01 3319.13
6068.24 3324.31
6031.49 3329.49
5993.65 3334.63
5956.49 3339.49
5918.54 3344.23
5881.45 3348.75
5844.16 3353.29
5807.36 3357.76
5769.72 3362.35
5732.52 3366.87
5695.20 3371.42
5658.23 3376.05
5621.10 3381.58
5583.72 3387.14
5547.38 3389.17
5510.62 3394.89
5473.70 3401.14
5436.87 3407.86
5400.07 3414.89
5363.27 3422.84
5327.06 3430.84
5291.06 3440.14
5254.21 3450.19
5218.33 3460.81
5182.37 3471.64
5146.66 3483.00
5111.17 3495.28
5076.60 3507.64
5041.36 3520.84
5006.74 3534.47
4972.84 3548.26
4938.85 3562.78
4904.17 3578.29
4870.10 3594.16
4836.58 3610.81
4802.76 3627.99
4769.64 3645.76
4736.42 3663.96
4703.91 3683.02
4671.17 3702.21
4639.33 3722.37
4607.65 3742.61
4576.83 3763.36
4546.14 3784.20
4515.61 3806.28
4484.80 3828.82
4455.21 3851.75
4425.02 3875.15
4396.31 3898.49
4367.67 3922.78
4339.61 3947.65
4311.90 3973.28
4284.40 3999.32
4257.49 4025.66
4230.29 4052.58
4203.44 4079.14
4178.99 4105.34
4156.44 4130.63
4135.50 4154.75
4115.84 4177.41
4100.39 4201.00
4081.47 4223.71
4062.26 4248.69
4045.36 4275.70
4027.36 4298.96
4013.21 4319.49
4002.34 4336.85
3992.45 4354.80
3982.33 4372.22
3971.73 4388.83
3960.82 4405.90
3950.36 4422.27
3939.73 4438.91
3931.18 4456.77
3926.91 4476.06
3930.41 4495.12
3942.53 4511.12
3960.12 4519.74
3979.35 4519.46
3996.87 4509.76
4007.67 4493.50
4011.29 4474.51
4009.20 4454.67
4003.78 4435.43
3997.80 4415.97
3991.77 4396.34
3985.73 4376.67
3979.06 4357.52
3972.53 4339.23
3965.69 4320.09
3959.97 4301.45
3954.93 4281.53
3952.06 4261.69
3951.39 4241.81
3951.04 4221.82
3952.44 4202.39
3954.82 4182.85
3958.82 4163.38
3963.21 4143.71
3967.76 4124.25
3972.41 4104.37
3977.00 4084.72
3981.56 4065.23
3986.14 4045.64
3990.82 4025.65
3995.50 4005.63
3999.98 3986.49
4004.04 3966.37
4005.73 3946.49
4007.03 3926.48
4007.49 3907.13
4007.96 3887.31
4008.38 3867.94
4008.79 3848.21
4009.80 3828.38
4011.78 3808.60
4013.78 3788.66
4015.70 3769.40
4017.28 3749.92
4018.43 3730.63
4019.94 3710.69
4022.68 3690.80
4025.33 3671.48
4028.04 3651.74
4030.75 3632.06
4032.34 3611.58
4033.57 3589.20
4034.88 3565.39
4036.27 3540.26
4041.10 3513.63
4042.73 3484.01
4044.45 3452.99
4046.28 3419.85
4048.23 3384.52
4050.24 3348.07
4052.25 3311.67
4054.25 3275.51
4054.75 3239.27
4054.70 3203.69
4054.66 3168.04
4054.05 3132.03
4053.32 3095.49
4052.61 3059.51
4050.97 3023.26
4048.98 2986.96
4046.35 2951.43
4043.74 2916.09
4041.03 2879.53
4038.01 2843.52
4032.74 2808.35
4027.70 2774.71
4022.52 2740.18
4016.38 2706.97
4009.18 2672.88
4001.98 2638.82
3994.16 2604.83
3985.45 2570.33
3975.87 2535.65
3965.37 2501.60
3954.42 2468.41
3942.12 2434.76
3929.01 2402.13
3914.98 2369.58
3899.81 2336.63
3883.62 2304.00
3866.43 2272.15
3848.45 2240.79
3830.06 2210.57
3810.72 2180.37
3791.16 2151.08
3770.31 2122.67
3748.07 2094.68
3725.48 2067.22
3701.56 2040.11
3677.74 2014.62
3654.31 1990.38
3629.39 1967.13
3605.15 1945.86
3581.66 1926.29
3559.06 1908.43
3537.58 1891.85
3515.30 1875.51
3492.74 1859.49
3469.25 1844.66
3444.81 1829.34
3420.52 1814.48
3395.42 1799.93
3370.44 1786.20
3344.55 1772.78
3317.70 1760.29
3291.08 1745.01
