11368.01 9892.95
11355.49 9883.01
11343.40 9869.19
11330.27 9854.22
11313.74 9840.10
11296.67 9824.32
11278.77 9806.36
11259.55 9786.37
11239.80 9764.37
11219.07 9739.53
11198.64 9712.94
11180.83 9686.06
11163.21 9657.78
11147.23 9629.66
11131.83 9601.38
11118.22 9571.53
11105.53 9541.13
11093.96 9510.54
11083.44 9479.09
11074.31 9448.27
11065.96 9416.79
11059.71 9383.91
11055.02 9352.53
11051.09 9320.97
11048.74 9288.07
11046.96 9255.65
11046.02 9222.71
11045.97 9191.41
11046.32 9161.75
11048.30 9130.19
11050.34 9097.52
11052.37 9065.14
11054.25 9035.07
11056.17 9004.44
11058.02 8974.38
11059.87 8944.27
11061.49 8913.55
11062.61 8884.53
11063.77 8854.47
11064.26 8822.90
11063.54 8793.13
11062.17 8763.48
11060.25 8734.32
11056.44 8704.04
11052.36 8674.30
11048.45 8648.88
11043.73 8622.26
11038.52 8594.65
11031.28 8565.74
11023.27 8537.70
11014.71 8509.43
11005.62 8481.22
10996.12 8454.31
10985.56 8426.14
10974.65 8397.35
10964.37 8370.23
10953.63 8341.91
10943.27 8315.30
10932.58 8288.83
10921.40 8261.13
10910.43 8233.98
10900.15 8208.51
10889.46 8181.61
10879.84 8154.92
10869.51 8126.20
10860.16 8099.47
10850.93 8073.07
10844.14 8045.97
10836.97 8017.12
10829.86 7988.49
10822.67 7959.57
10815.61 7931.15
10810.79 7903.30
10805.79 7873.15
10801.13 7844.03
10798.06 7814.93
10794.94 7785.38
10792.61 7757.66
10792.56 7728.90
10792.52 7701.40
10792.47 7672.69
10793.38 7645.24
10794.33 7617.23
10795.33 7587.37
10796.33 7557.72
10797.35 7527.53
10797.47 7497.62
10797.25 7467.86
10795.71 7438.07
10793.47 7408.03
10790.46 7376.98
10787.10 7347.45
10782.60 7320.63
10777.99 7293.60
10772.91 7265.73
10765.39 7237.73
10757.96 7210.29
10748.72 7182.57
10739.66 7155.35
10728.94 7127.52
10717.46 7099.05
10706.69 7073.94
10695.82 7049.33
10682.28 7023.46
10667.83 6996.81
10652.37 6970.24
10634.73 6942.01
10616.32 6915.72
10597.69 6889.68
10578.71 6863.78
10559.50 6837.55
10540.75 6811.94
10522.02 6786.37
10503.74 6760.04
10486.96 6733.63
10469.63 6705.86
10454.68 6676.81
10439.72 6647.73
10425.98 6619.08
10412.07 6589.59
10400.48 6559.36
10388.83 6528.48
10379.06 6496.71
10369.71 6466.28
10361.89 6435.07
10354.32 6404.11
10348.56 6371.15
10343.34 6336.43
10339.70 6299.88
10337.74 6261.82
10337.04 6223.85
10335.95 6186.82
10335.39 6149.49
10336.32 6112.40
10337.27 6074.66
10338.23 6036.77
10338.34 5998.71
10337.47 5960.61
10336.62 5923.22
10335.75 5884.99
10332.50 5847.33
10328.28 5809.92
10324.03 5772.30
10319.54 5734.33
10311.83 5696.82
10304.34 5660.42
10295.89 5624.72
10286.93 5588.01
10277.44 5553.35
10266.53 5517.78
10254.71 5483.23
10241.81 5449.25
10228.35 5415.34
10213.54 5380.78
10199.40 5347.80
10184.36 5314.95
10167.54 5283.07
10150.49 5250.75
10132.90 5220.18
10115.33 5189.80
10095.92 5159.62
10076.49 5130.57
10056.55 5101.24
10035.89 5071.35
10015.50 5041.99
9993.33 5013.03
9972.06 4985.24
9950.03 4956.47
9927.19 4928.90
9904.38 4901.36
9881.32 4873.50
9858.83 4846.35
9836.03 4818.82
9812.97 4791.29
9789.49 4764.19
9765.99 4736.69
9743.04 4709.59
9719.89 4682.26
9696.52 4654.66
9672.43 4626.22
9647.90 4597.25
9623.96 4568.98
9599.72 4539.67
9576.05 4510.09
9552.86 4481.10
9529.03 4451.14
9506.04 4420.96
9483.58 4390.73
9461.46 4360.20
9440.61 4329.52
9419.34 4298.21
9398.32 4267.10
9378.13 4235.76
9357.62 4203.94
9337.27 4172.19
9318.31 4139.73
9299.41 4107.37
9280.29 4074.65
9261.03 4041.58
9242.14 4008.39
9223.91 3976.38
9205.00 3943.18
9186.89 3911.58
9167.62 3879.26
9148.71 3847.57
9129.66 3815.62
9110.51 3783.51
9092.13 3752.70
9072.59 3722.17
9051.09 3690.62
9030.80 3660.85
9009.65 3629.83
8988.66 3601.77
8966.88 3573.63
8944.06 3544.14
8920.97 3516.63
8896.53 3488.17
8871.35 3461.00
8845.97 3433.70
8819.66 3407.59
8793.06 3381.74
8765.83 3356.35
8737.73 3331.24
8708.58 3306.73
8678.59 3282.93
8649.46 3259.92
8618.93 3237.48
8588.38 3215.02
8557.48 3193.54
8525.61 3172.91
8494.03 3153.58
8461.65 3135.01
8428.62 3116.45
8395.75 3099.27
8362.15 3082.27
8328.79 3065.64
8294.82 3049.70
8260.48 3035.53
8226.04 3021.55
8191.22 3008.14
8155.68 2999.00
8119.82 2986.81
8083.74 2975.76
8047.95 2965.95
8011.91 2956.60
7975.63 2948.11
7938.77 2940.25
7901.60 2932.70
7863.86 2926.43
7826.66 2921.49
7789.07 2917.02
7751.21 2914.02
7714.09 2911.36
7676.91 2910.51
7639.60 2910.06
7602.53 2910.52
7564.62 2911.86
7526.76 2914.33
7488.97 2917.66
7452.21 2922.09
7415.60 2927.56
7378.56 2933.67
7341.81 2940.57
7305.04 2948.34
7269.00 2957.03
7232.27 2967.20
7196.07 2978.03
7160.25 2989.16
7124.94 3000.97
7089.89 3013.62
7054.47 3026.69
7019.47 3039.67
6984.89 3052.79
6949.33 3066.54
6914.50 3079.94
6878.83 3093.69
6843.92 3107.14
6808.85 3120.66
6773.20 3134.40
6737.51 3148.11
6701.89 3161.05
6666.99 3173.73
6631.85 3186.11
6596.71 3198.36
6560.90 3209.98
6524.86 3221.49
6488.98 3231.82
6452.49 3242.09
6415.56 3252.05
6379.66 3261.19
6343.27 3270.08
6306.50 3278.28
6270.22 3286.34
6233.92 3293.39
6196.83 3300.25
6160.32 3306.45
6123.50 3312.70
6086.28 3318.44
6049.52 3323.62
6012.48 3328.84
5975.10 3333.73
5937.74 3341.90
5900.71 3346.40
5863.82 3350.89
5826.46 3355.44
5788.90 3360.01
5752.02 3364.50
5714.85 3369.02
5677.93 3373.52
5640.85 3378.64
5604.11 3384.11
5567.22 3389.60
5530.54 3391.67
5493.50 3397.79
5456.42 3404.12
5419.47 3411.18
5383.07 3418.46
5345.85 3426.69
5308.94 3435.26
5272.84 3445.11
5236.77 3455.25
5200.99 3466.03
5165.14 3476.95
5129.45 3488.74
5093.55 3501.58
5058.70 3514.19
5023.21 3527.81
4988.79 3541.77
4954.06 3555.98
4920.00 3571.22
4885.52 3586.64
4852.06 3603.12
4817.97 3620.05
4784.35 3637.86
4751.05 3655.74
4718.27 3674.60
4685.26 3693.95
4653.45 3713.34
4621.34 3733.86
4590.25 3754.29
4558.83 3775.53
4528.26 3797.13
4498.21 3818.86
4467.99 3841.85
4437.74 3865.29
4408.60 3888.06
4379.99 3912.33
4351.72 3936.39
4327.06 3963.76
4300.25 3988.72
4273.94 4014.03
4249.36 4038.35
4224.52 4062.92
4201.40 4085.95
4178.27 4110.98
4155.67 4136.54
4133.67 4161.90
4112.14 4186.95
4090.55 4212.82
4068.67 4240.17
4050.91 4268.53
4033.07 4291.58
4018.49 4311.44
4005.29 4331.65
3995.71 4348.90
3985.98 4366.51
3975.09 4383.56
3964.38 4400.33
3953.85 4416.81
3942.90 4433.96
3933.37 4451.42
3927.33 4470.80
3928.63 4490.76
3938.61 4507.69
3955.13 4518.30
3974.53 4520.22
3993.10 4512.43
4006.17 4497.30
4011.14 4478.66
4010.27 4459.25
4005.17 4440.24
3999.29 4420.80
3993.49 4401.93
3987.54 4382.58
3981.19 4363.49
3974.47 4344.68
3967.60 4325.43
3961.38 4307.02
3956.64 4288.26
3952.66 4268.99
3951.51 4248.94
3951.16 4228.63
3951.97 4208.79
3953.44 4189.55
3957.38 4170.38
3961.27 4151.99
3965.60 4133.49
3970.15 4114.03
3974.56 4095.16
3978.89 4076.63
3983.43 4057.26
3987.79 4038.58
3992.39 4018.93
3996.85 3999.86
4001.14 3981.52
4004.37 3962.52
4006.03 3942.93
4007.09 3923.59
4007.54 3905.01
4008.00 3885.80
4008.41 3866.20
4008.82 3846.79
4009.91 3827.35
4011.86 3807.77
4013.76 3788.87
4015.60 3770.47
4017.18 3751.56
4018.34 3732.24
4019.68 3712.63
4022.21 3694.18
4024.81 3675.23
4027.38 3656.55
4030.02 3637.37
4031.99 3618.07
4033.13 3597.28
4034.37 3574.72
4035.70 3550.59
4040.21 3525.34
4041.98 3497.71
4043.59 3468.47
4045.32 3437.19
4047.12 3404.49
4049.03 3369.90
4051.07 3333.12
4053.12 3295.96
4054.77 3258.89
4054.73 3223.21
4054.68 3186.83
4054.41 3150.27
4053.69 3113.83
4056.25 3076.60
4055.01 3039.25
4053.30 3002.19
4050.61 2964.35
4047.85 2926.98
4045.03 2888.94
4042.23 2851.01
4036.96 2814.28
4031.37 2776.95
4025.72 2739.27
4018.96 2703.25
4011.16 2666.32
4003.45 2629.81
3994.80 2593.84
3985.20 2557.05
3975.18 2520.91
3963.60 2485.61
3951.22 2450.05
3937.77 2414.79
3923.22 2380.01
3907.82 2345.35
3891.18 2311.82
3873.83 2278.82
3855.67 2246.30
3836.29 2214.46
3816.14 2182.55
3795.16 2151.13
3772.80 2120.50
3749.75 2091.52
3725.56 2062.13
3700.45 2033.94
3674.39 2006.41
3647.37 1979.36
3620.81 1954.63
3594.43 1932.64
3569.30 1912.18
3543.17 1896.17
3519.36 1878.40
3495.47 1861.42
3473.25 1847.17
3450.89 1833.15
3426.84 1818.14
3401.86 1803.66
3376.35 1789.43
3348.85 1774.82
3320.91 1761.69
3294.36 1746.44
