6943.72 1860.63
6939.74 1875.82
6935.82 1890.76
6931.36 1907.78
6926.40 1926.71
6921.17 1946.69
6915.29 1969.03
6909.70 1990.16
6904.12 2011.28
6897.79 2033.90
6889.89 2058.13
6881.24 2084.70
6872.37 2111.89
6862.15 2140.78
6853.63 2166.93
6847.71 2189.40
6840.16 2209.75
6833.34 2228.16
6827.42 2244.12
6822.53 2259.89
6818.68 2277.01
6815.05 2293.17
6811.14 2307.81
6806.16 2323.49
6800.88 2340.06
6796.14 2354.98
6790.95 2371.29
6786.41 2385.55
6781.48 2401.04
6776.76 2415.87
6771.70 2431.79
6766.95 2446.71
6762.99 2460.08
6759.12 2473.61
6755.26 2487.11
6751.32 2500.87
6747.13 2516.01
6743.48 2529.50
6739.43 2544.45
6736.00 2557.14
6733.06 2570.61
6729.97 2585.69
6726.66 2601.81
6724.22 2614.91
6721.82 2629.06
6719.19 2644.82
6717.38 2658.16
6715.23 2674.01
6713.09 2689.75
6712.48 2704.53
6711.92 2719.36
6711.55 2733.95
6714.14 2749.06
6716.59 2763.35
6720.66 2778.03
6725.09 2792.29
6730.92 2805.82
6737.08 2819.52
6743.97 2833.74
6752.08 2846.97
6760.65 2859.09
6768.71 2870.10
6777.53 2881.30
6787.26 2893.17
6796.26 2903.16
6806.11 2913.74
6817.12 2925.16
6828.52 2936.99
6841.25 2950.39
6855.51 2965.32
6871.37 2981.92
6886.33 2998.51
6899.68 3016.06
6911.43 3035.08
6921.35 3055.88
6928.59 3076.37
6933.38 3097.90
6934.87 3120.37
6933.48 3141.07
6930.03 3160.82
6924.53 3179.50
6916.19 3197.55
6906.70 3215.20
6897.18 3230.99
6883.87 3244.82
6871.40 3257.77
6856.31 3268.87
6841.85 3279.27
6825.71 3288.03
6809.57 3296.71
6793.36 3304.06
6777.17 3310.28
6759.74 3315.64
6741.79 3320.22
6725.05 3322.64
6707.22 3322.91
6689.30 3321.50
6672.28 3318.42
6655.22 3312.98
6639.15 3305.95
6622.65 3297.28
6607.92 3288.77
6592.18 3279.60
6577.03 3270.77
6561.30 3262.75
6544.39 3256.74
6527.25 3252.92
6508.96 3250.02
6490.03 3249.55
6472.45 3250.99
6454.30 3255.00
6438.30 3259.00
6422.66 3262.91
6409.95 3266.08
6401.08 3268.30
6392.60 3270.42
6384.34 3272.29
6379.26 3273.44
6371.87 3275.10
6365.26 3276.59
6357.15 3278.42
6352.19 3279.54
6347.75 3280.54
6343.55 3281.49
6338.12 3282.71
6335.29 3283.35
6333.69 3283.71
6332.16 3284.05
6330.71 3284.38
6328.13 3284.96
6324.13 3285.86
6319.98 3286.80
6315.59 3287.79
6311.18 3288.78
6307.73 3289.56
6305.75 3290.00
6305.20 3290.13
6304.03 3290.39
6302.47 3290.74
6299.61 3291.39
6296.34 3292.05
6292.31 3292.83
6287.19 3293.83
6279.91 3295.26
6272.47 3296.71
6265.48 3298.08
6260.61 3299.03
6256.14 3299.90
6250.06 3301.09
6245.63 3301.96
6241.42 3302.78
6235.69 3303.90
6228.59 3305.29
6224.09 3306.17
6224.00 3306.19
6223.99 3306.19
6223.98 3306.19
6223.98 3306.19
6223.98 3306.19
6223.98 3306.19
6223.98 3306.19
6222.04 3306.72
6218.79 3307.60
6214.17 3308.33
6208.21 3309.27
6199.91 3310.58
6189.60 3312.22
6177.41 3314.14
6163.36 3316.37
6147.04 3318.94
6129.14 3321.78
6108.73 3325.00
6086.56 3328.21
6064.22 3331.35
6041.95 3334.49
6019.29 3337.69
5997.37 3340.78
5975.15 3343.91
5953.54 3346.79
5933.80 3349.32
5913.57 3351.90
5894.75 3354.30
5876.94 3356.58
5858.90 3358.88
5841.49 3361.11
5825.00 3363.21
5807.91 3365.39
5790.88 3367.57
5774.82 3369.62
5757.93 3371.78
5742.14 3373.79
5726.58 3375.78
5710.66 3377.82
5695.19 3378.22
5678.89 3378.54
5662.35 3378.94
5645.31 3381.30
5626.18 3384.15
5604.80 3384.00
5581.59 3387.46
5556.14 3387.86
5528.48 3388.64
5499.44 3393.44
5468.08 3398.74
5434.35 3404.98
5398.56 3411.82
5361.36 3419.88
5321.88 3428.61
5280.60 3439.58
5239.38 3451.02
5199.18 3463.13
5158.56 3475.63
5118.86 3489.02
5079.57 3503.08
5039.40 3518.06
4999.86 3533.71
4960.46 3549.72
4921.77 3566.80
4883.04 3584.12
4845.43 3602.73
4807.96 3621.45
4772.77 3640.34
4739.36 3658.42
4709.99 3679.46
4677.03 3698.78
4642.78 3720.16
4607.55 3742.68
4572.21 3766.48
4537.85 3790.19
4503.07 3815.34
4469.13 3840.97
4435.27 3867.20
4402.14 3893.54
4369.83 3920.95
4338.45 3948.73
4307.17 3977.66
4276.26 4007.14
4245.97 4037.07
4215.73 4066.98
4187.49 4096.14
4164.00 4126.95
4139.08 4155.67
4115.54 4182.88
4092.17 4210.88
4070.72 4237.54
4054.75 4263.57
4037.72 4285.58
4022.14 4305.87
4008.95 4325.99
3997.72 4345.24
3986.77 4365.12
3975.51 4382.90
3964.25 4400.53
3953.28 4417.71
3943.11 4433.62
3934.45 4448.75
3928.09 4465.70
3927.11 4483.81
3933.66 4501.23
3945.41 4513.21
3960.85 4519.84
3977.13 4519.81
3992.79 4512.65
4004.44 4500.75
4010.08 4486.33
4010.98 4469.91
4008.72 4452.96
4004.48 4437.75
3999.39 4421.14
3994.62 4405.60
3989.92 4390.32
3985.24 4375.09
3979.58 4358.99
3974.21 4343.95
3968.23 4327.21
3962.69 4311.67
3958.53 4295.74
3954.44 4279.56
3952.15 4262.80
3951.47 4246.37
3951.16 4228.77
3951.58 4214.12
3952.72 4198.61
3955.15 4181.25
3958.49 4164.99
3962.13 4148.30
3966.01 4131.72
3969.68 4116.04
3973.23 4100.83
3977.13 4084.16
3980.90 4068.05
3984.28 4053.62
3988.16 4037.02
3991.75 4021.65
3995.40 4006.07
3999.26 3989.56
4003.03 3973.42
4004.75 3958.07
4006.22 3940.70
4007.06 3924.86
4007.43 3909.57
4007.82 3893.28
4008.21 3876.22
4008.56 3858.98
4008.92 3841.67
4010.07 3825.69
4011.60 3810.40
4013.22 3794.22
4014.89 3777.57
4016.57 3760.75
4017.60 3744.50
4018.53 3728.99
4019.72 3712.29
4022.19 3694.36
4024.39 3678.31
4026.59 3662.29
4028.96 3645.03
4031.36 3627.50
4032.47 3609.25
4033.59 3588.80
4034.82 3566.47
4036.14 3542.58
4040.85 3518.14
4042.32 3491.48
4043.92 3462.42
4045.65 3431.19
4047.50 3397.76
4049.42 3362.93
4051.40 3327.07
4053.40 3290.85
4054.76 3252.97
4058.01 3213.80
4057.96 3172.42
4057.35 3132.25
4056.58 3092.95
4055.63 3052.53
4053.76 3012.05
4051.10 2970.99
4048.16 2931.28
4045.22 2891.42
4042.30 2852.01
4036.75 2812.84
4030.83 2773.36
4024.83 2733.34
4017.14 2694.63
4008.92 2655.72
4000.75 2617.49
3991.01 2578.76
3980.56 2540.22
3969.14 2502.51
3956.43 2464.30
3943.13 2427.91
3927.85 2390.65
3911.83 2354.35
3894.33 2318.15
3876.17 2283.11
3856.89 2248.30
3836.57 2214.92
3815.30 2181.30
3793.32 2148.37
3769.91 2116.80
3745.11 2085.88
3719.01 2054.58
3692.08 2024.72
3663.20 1994.82
3634.57 1967.44
3604.14 1945.01
3575.34 1921.02
3547.17 1899.25
3518.97 1878.12
3490.13 1857.75
3460.74 1839.33
3431.99 1821.31
3403.61 1804.68
3375.04 1788.72
3346.85 1773.87
3316.86 1759.92
3287.23 1743.33
