3293.69 1730.05
3305.80 1735.29
3319.40 1741.17
3334.60 1747.90
3351.13 1755.84
3369.51 1765.11
3389.21 1775.53
3410.86 1787.47
3434.27 1800.97
3459.20 1816.32
3486.05 1833.01
3514.50 1851.96
3544.26 1873.64
3573.21 1895.91
3601.63 1919.02
3629.22 1942.35
3655.68 1966.46
3681.49 1991.80
3706.91 2018.17
3730.83 2044.75
3754.42 2073.08
3777.45 2101.75
3799.46 2130.68
3819.75 2160.46
3840.32 2191.05
3859.21 2222.28
3877.76 2253.92
3895.20 2286.09
3910.77 2318.01
3925.92 2350.16
3941.19 2383.50
3954.90 2417.04
3967.71 2451.45
3979.29 2485.02
3990.46 2519.45
4000.32 2553.52
4009.70 2589.11
4018.15 2624.23
4025.88 2660.33
4033.45 2695.65
4040.36 2731.48
4045.34 2767.33
4050.33 2803.13
4055.35 2839.21
4059.49 2875.72
4062.18 2911.34
4062.92 2947.20
4067.46 2982.11
4069.55 3018.66
4071.40 3055.25
4071.91 3091.42
4072.28 3127.21
4072.65 3162.59
4072.43 3198.37
4072.19 3234.85
4071.82 3271.31
4070.45 3307.07
4069.08 3342.88
4067.74 3378.01
4066.45 3411.76
4065.13 3446.26
4063.92 3477.77
4062.73 3509.01
4061.66 3536.92
4060.76 3560.33
4059.97 3580.97
4062.26 3597.73
4061.34 3612.05
4060.61 3623.52
4059.98 3633.32
4059.54 3640.14
4059.30 3643.96
4059.26 3644.49
4059.23 3645.03
4059.15 3646.32
4058.97 3649.08
4058.84 3651.09
4058.57 3655.35
4058.14 3662.03
4057.56 3671.02
4056.91 3681.22
4056.96 3693.91
4057.46 3708.56
4058.03 3725.26
4058.09 3743.34
4057.66 3760.77
4057.22 3778.49
4056.79 3796.17
4055.94 3814.19
4054.82 3832.53
4053.72 3850.53
4054.91 3868.05
4057.58 3887.00
4060.20 3906.65
4063.20 3925.06
4067.62 3943.46
4074.83 3960.90
4083.59 3977.10
4097.68 3990.40
4115.02 3999.65
4133.70 4004.43
4153.32 4005.33
4171.81 4003.80
4190.91 4001.44
4209.49 3997.84
4228.21 3993.46
4246.64 3988.95
4263.27 3980.11
4279.07 3969.12
4294.53 3957.50
4309.14 3946.35
4323.69 3934.78
4338.41 3922.62
4353.51 3910.16
4368.41 3897.86
4382.99 3885.82
4397.89 3873.96
4412.90 3862.55
4429.72 3849.76
4447.94 3835.90
4468.11 3820.56
4490.18 3804.13
4515.93 3789.41
4542.46 3770.21
4570.89 3751.06
4600.93 3730.96
4630.97 3711.92
4661.50 3692.58
4692.30 3674.45
4723.18 3656.38
4754.99 3638.65
4786.35 3621.84
4817.93 3605.41
4849.69 3589.70
4881.92 3573.92
4915.03 3558.89
4947.33 3544.22
4980.81 3530.43
5014.47 3516.75
5048.29 3503.51
5082.08 3491.14
5116.47 3478.98
5150.07 3467.76
5184.17 3457.08
5219.26 3446.37
5253.81 3436.19
5289.14 3426.82
5323.64 3417.99
5358.56 3409.95
5394.23 3401.83
5430.00 3394.77
5465.26 3388.02
5500.98 3381.81
5537.09 3376.01
5571.40 3367.67
5603.94 3362.96
5632.03 3358.90
5655.95 3355.44
5675.20 3351.42
5693.31 3347.26
5712.74 3343.57
5731.43 3341.39
5750.59 3339.16
5768.98 3337.02
5788.46 3334.75
5807.55 3332.53
5826.80 3330.29
5845.71 3328.09
5864.13 3325.95
5883.02 3323.75
5901.26 3321.62
5920.87 3319.34
5939.47 3317.18
5958.75 3314.59
5977.68 3311.79
5995.82 3308.90
6014.81 3305.10
6034.15 3301.24
6053.39 3297.39
6071.94 3293.68
6091.28 3289.82
6109.64 3286.15
6128.84 3282.31
6147.55 3278.57
6165.61 3274.96
6184.58 3271.17
6202.47 3266.70
6220.39 3261.56
6238.79 3256.28
6256.48 3251.21
6274.31 3246.17
6292.26 3241.23
6309.97 3235.93
6326.31 3225.74
6341.81 3214.43
6357.39 3202.44
6371.53 3189.26
6384.37 3175.77
6396.94 3161.33
6407.93 3146.73
6419.02 3131.99
6428.43 3116.68
6437.44 3101.15
6446.26 3085.96
6454.86 3071.14
6464.27 3054.91
6472.97 3039.93
6481.68 3024.91
6490.56 3009.62
6499.82 2993.66
6508.21 2977.87
6516.56 2961.97
6524.44 2946.99
6533.35 2930.03
6541.77 2914.02
6549.45 2899.40
6557.78 2883.55
6565.78 2868.34
6574.06 2852.59
6582.10 2837.29
6590.00 2822.25
6598.54 2805.74
6606.15 2789.15
6613.15 2773.89
6620.67 2757.38
6628.12 2740.95
6635.27 2725.18
6642.60 2709.01
6650.00 2693.30
6657.85 2676.80
6665.62 2660.48
6670.86 2644.21
6675.42 2627.75
6680.08 2610.97
6684.94 2593.44
6689.63 2576.55
6694.22 2559.23
6698.81 2541.56
6703.34 2524.13
6707.75 2508.25
6713.13 2490.91
6718.23 2474.46
6723.55 2457.71
6728.95 2440.71
6734.62 2422.89
6739.87 2406.40
6745.24 2389.52
6750.72 2372.32
6755.98 2355.79
6761.68 2337.97
6767.22 2320.77
6772.61 2304.01
6778.20 2287.49
6783.96 2270.84
6790.06 2253.20
6795.97 2236.09
6803.04 2220.53
6811.72 2204.68
6820.09 2189.41
6827.21 2171.16
6834.16 2151.16
6842.09 2128.39
6851.22 2104.31
6861.97 2078.69
6870.96 2051.36
6880.17 2022.03
6890.08 1990.29
6899.76 1959.29
6909.18 1926.73
6917.11 1895.71
6925.57 1862.61
