3293.69 1730.05
3306.43 1739.16
3322.76 1746.22
3341.22 1754.74
3361.18 1764.45
3381.74 1775.32
3403.56 1787.07
3426.96 1800.56
3451.30 1815.33
3476.85 1831.17
3502.57 1847.51
3527.59 1865.35
3551.64 1883.48
3576.00 1902.23
3599.21 1921.30
3622.80 1941.13
3645.05 1961.24
3667.25 1981.97
3688.25 2003.43
3709.21 2025.67
3729.72 2048.46
3751.67 2069.75
3771.03 2093.36
3789.85 2117.96
3807.45 2142.41
3824.29 2167.13
3840.84 2191.91
3856.39 2217.62
3872.11 2243.61
3886.97 2270.90
3901.01 2297.49
3913.78 2324.35
3926.43 2351.26
3939.18 2378.78
3950.97 2407.43
3962.04 2435.98
3972.38 2464.15
3982.06 2493.53
3991.48 2522.97
3999.93 2552.18
4007.75 2581.17
4014.95 2610.46
4021.71 2640.86
4028.23 2671.26
4034.71 2701.51
4040.30 2731.10
4044.53 2761.45
4048.63 2790.90
4052.84 2821.19
4056.98 2851.13
4059.96 2881.96
4062.21 2911.78
4064.48 2941.83
4063.36 2971.69
4065.43 3002.59
4070.24 3032.25
4071.61 3062.25
4071.93 3093.20
4072.24 3123.48
4072.55 3153.25
4072.52 3182.96
4072.33 3213.76
4072.13 3244.50
4071.68 3275.04
4070.50 3305.77
4069.35 3336.00
4068.19 3366.12
4067.04 3396.27
4065.87 3426.88
4064.70 3457.53
4063.56 3487.31
4062.38 3518.01
4061.21 3548.53
4060.02 3579.63
4061.49 3609.68
4059.63 3638.80
4058.03 3663.76
4056.74 3684.52
4057.19 3700.82
4057.74 3716.77
4058.29 3732.90
4057.96 3748.68
4057.56 3764.64
4057.18 3780.19
4056.77 3796.81
4056.00 3813.23
4055.05 3828.72
4054.10 3844.26
4053.82 3859.83
4056.08 3875.82
4058.19 3891.56
4060.21 3906.78
4062.73 3923.07
4066.33 3938.06
4071.18 3952.82
4077.85 3967.57
4086.29 3981.58
4099.15 3991.41
4112.84 3998.72
4128.41 4004.12
4144.88 4005.08
4161.45 4004.66
4176.95 4003.38
4192.67 4001.19
4208.41 3998.09
4223.29 3994.66
4238.92 3990.84
4254.02 3985.58
4267.11 3977.44
4279.81 3968.61
4293.06 3958.62
4306.08 3948.69
4318.38 3939.16
4330.86 3928.86
4342.82 3918.98
4354.62 3909.24
4366.46 3899.47
4379.36 3888.82
4391.25 3879.01
4403.85 3869.43
4416.78 3859.60
4431.47 3848.43
4448.33 3835.60
4466.49 3821.79
4486.60 3806.75
4510.39 3793.47
4535.16 3775.32
4559.75 3758.57
4584.63 3741.81
4610.41 3724.95
4636.18 3708.62
4661.96 3692.28
4687.87 3677.05
4714.39 3661.53
4740.16 3646.60
4767.11 3632.16
4793.57 3617.98
4821.11 3603.84
4848.63 3590.22
4876.03 3576.67
4903.06 3564.32
4930.12 3552.04
4957.60 3539.87
4986.08 3528.29
5014.52 3516.73
5043.16 3505.52
5071.66 3494.82
5100.33 3484.68
5128.70 3474.65
5157.53 3465.35
5186.11 3456.49
5215.81 3447.43
5244.57 3438.65
5273.28 3431.03
5303.00 3423.15
5332.27 3416.01
5362.16 3409.12
5391.55 3402.35
5420.73 3396.60
5451.13 3390.61
5481.52 3385.19
5511.11 3380.05
5540.74 3375.48
5570.42 3367.81
5599.44 3363.61
5624.01 3360.06
5644.12 3357.15
5661.44 3354.53
5676.73 3351.06
5692.79 3347.37
5709.15 3343.98
5725.12 3342.12
5741.74 3340.19
5758.14 3338.28
5773.50 3336.49
5788.75 3334.72
5805.39 3332.78
5820.94 3330.97
5836.76 3329.13
5852.23 3327.33
5867.89 3325.51
5883.90 3323.64
5900.53 3321.71
5916.53 3319.85
5932.70 3317.96
5948.93 3316.04
5964.83 3313.69
5980.65 3311.35
5996.75 3308.71
6012.36 3305.59
6027.77 3302.51
6043.94 3299.28
6059.64 3296.14
6074.76 3293.12
6090.13 3290.05
6105.35 3287.01
6120.95 3283.89
6136.16 3280.85
6151.35 3277.81
6167.52 3274.58
6183.86 3271.32
6199.94 3267.42
6215.43 3262.98
6231.39 3258.40
6247.27 3253.85
6262.69 3249.43
6278.09 3245.13
6293.29 3240.94
6308.82 3236.65
6322.73 3227.97
6336.18 3218.58
6349.10 3209.06
6361.77 3198.36
6372.99 3187.91
6383.99 3176.19
6394.55 3164.42
6404.13 3151.77
6414.12 3138.50
6423.21 3125.67
6431.41 3111.54
6439.77 3097.13
6448.11 3082.76
6455.91 3069.33
6463.98 3055.41
6471.83 3041.88
6479.52 3028.64
6487.30 3015.24
6495.02 3001.92
6503.07 2987.63
6510.45 2973.60
6517.64 2959.92
6524.85 2946.20
6532.01 2932.58
6539.12 2919.05
6546.52 2904.97
6554.18 2890.40
6561.97 2875.58
6569.16 2861.91
6576.26 2848.39
6583.74 2834.18
6591.13 2820.11
6598.48 2805.87
6605.38 2790.83
6611.77 2776.91
6618.28 2762.65
6625.10 2747.61
6631.85 2732.71
6638.16 2718.81
6644.83 2704.17
6652.01 2689.08
6658.60 2675.23
6665.28 2661.18
6670.21 2646.52
6674.43 2631.31
6678.54 2616.53
6682.91 2600.76
6687.15 2585.46
6691.40 2570.04
6695.51 2554.24
6699.28 2539.75
6703.33 2524.17
6707.46 2509.20
6712.06 2494.37
6716.38 2480.42
6720.50 2467.27
6724.99 2453.17
6729.07 2440.36
6733.40 2426.73
6737.92 2412.53
6742.16 2399.22
6746.48 2385.63
6750.74 2372.24
6755.39 2357.61
6759.97 2343.29
6764.03 2330.69
6768.41 2317.08
6772.71 2303.72
6777.25 2290.25
6781.95 2276.64
6786.38 2263.83
6791.59 2248.75
6796.24 2235.31
6802.47 2221.56
6809.87 2208.06
6817.23 2194.62
6824.27 2179.63
6829.98 2163.19
6836.68 2143.93
6843.57 2123.87
6852.53 2102.11
6861.93 2078.80
6870.33 2053.29
6878.84 2026.26
6887.44 1998.72
6895.95 1971.46
6904.23 1944.45
6911.64 1917.12
6918.32 1890.99
6925.48 1862.97
