11368.40 9893.26
11355.61 9883.10
11346.17 9871.40
11333.14 9861.03
11318.46 9848.47
11307.68 9834.54
11293.81 9821.66
11279.24 9806.85
11263.72 9790.71
11247.43 9773.48
11231.03 9753.88
11214.86 9734.05
11197.62 9711.62
11182.14 9688.15
11167.46 9664.89
11153.27 9640.28
11139.30 9615.72
11126.89 9590.54
11115.83 9565.98
11105.13 9540.19
11095.08 9513.67
11085.83 9486.99
11077.51 9459.44
11070.10 9432.39
11063.37 9404.90
11058.68 9378.04
11054.72 9350.20
11051.13 9321.59
11049.20 9294.58
11047.25 9266.08
11046.47 9238.38
11045.84 9209.01
11046.05 9180.01
11046.96 9151.51
11048.76 9122.86
11050.54 9094.47
11052.35 9065.50
11054.13 9037.02
11055.88 9009.12
11057.56 8981.86
11059.21 8955.00
11060.97 8926.36
11062.09 8898.06
11063.17 8870.05
11064.20 8843.32
11064.08 8815.43
11063.41 8787.93
11062.02 8761.21
11060.26 8734.41
11056.77 8706.51
11053.11 8679.75
11049.12 8652.67
11044.25 8625.22
11039.67 8599.40
11033.45 8574.17
11026.57 8549.26
11019.16 8523.81
11010.99 8497.60
11002.90 8472.92
10994.25 8449.23
10985.08 8424.87
10975.89 8400.63
10966.69 8376.34
10957.76 8352.78
10948.46 8328.24
10938.34 8303.09
10928.73 8279.28
10918.98 8255.14
10908.41 8228.97
10899.25 8206.28
10889.72 8182.34
10881.30 8158.99
10872.17 8133.66
10863.60 8109.29
10854.82 8084.19
10847.44 8059.27
10841.24 8034.33
10834.80 8008.39
10828.32 7982.30
10822.28 7958.00
10815.85 7932.10
10811.25 7906.06
10806.94 7880.04
10802.82 7855.21
10799.45 7828.14
10796.78 7802.79
10794.06 7777.03
10792.60 7751.02
10792.56 7724.85
10792.51 7698.69
10792.52 7670.92
10793.48 7642.33
10794.46 7613.39
10795.43 7584.35
10796.41 7555.26
10797.39 7526.20
10797.47 7498.04
10797.26 7469.50
10795.91 7441.23
10793.95 7412.89
10791.10 7383.75
10788.45 7355.98
10783.92 7328.49
10779.18 7300.47
10774.25 7272.13
10767.26 7244.71
10759.74 7216.70
10751.07 7189.62
10741.90 7162.08
10731.74 7134.48
10721.09 7108.05
10710.16 7081.77
10698.80 7056.15
10687.14 7032.60
10673.71 7007.38
10659.54 6982.56
10645.70 6958.77
10629.94 6935.17
10613.98 6912.39
10597.20 6889.01
10580.15 6865.73
10563.31 6842.75
10546.17 6819.34
10529.46 6796.53
10512.13 6772.87
10496.75 6749.03
10481.76 6725.45
10466.88 6700.51
10453.72 6674.93
10440.34 6648.94
10427.56 6622.43
10415.24 6596.31
10404.24 6569.25
10394.09 6542.53
10385.00 6516.02
10376.85 6489.50
10368.60 6462.51
10361.72 6434.37
10354.87 6406.35
10349.63 6378.20
10345.21 6349.11
10341.82 6321.22
10339.01 6293.00
10337.78 6264.35
10337.35 6234.90
10336.53 6206.49
10335.68 6177.49
10335.40 6148.90
10336.14 6119.79
10336.85 6091.54
10337.57 6062.81
10338.30 6034.01
10338.47 6004.62
10337.83 5976.33
10337.18 5948.00
10336.51 5918.78
10335.85 5889.71
10333.99 5860.53
10330.80 5832.28
10327.65 5804.35
10324.37 5775.30
10321.08 5746.19
10316.24 5718.25
10310.48 5690.27
10304.81 5662.68
10298.20 5634.18
10291.39 5606.28
10284.41 5577.70
10276.40 5549.94
10267.78 5521.87
10258.90 5494.26
10248.71 5467.43
10235.73 5442.53
10225.10 5416.15
10213.74 5389.64
10202.67 5363.79
10191.42 5337.53
10178.79 5311.47
10165.13 5285.58
10151.76 5260.22
10137.69 5235.05
10123.15 5209.92
10108.98 5185.41
10093.09 5161.32
10076.79 5136.96
10061.06 5113.58
10045.02 5090.37
10028.63 5066.65
10011.75 5042.52
9994.39 5019.84
9976.48 4996.45
9959.06 4973.70
9941.16 4950.94
9922.38 4928.27
9904.13 4906.23
9885.80 4884.09
9867.66 4862.19
9849.74 4840.55
9831.25 4818.23
9812.62 4795.93
9794.18 4774.65
9775.56 4753.10
9757.33 4731.57
9738.84 4709.75
9719.95 4687.44
9701.46 4665.60
9682.53 4643.25
9663.87 4621.22
9645.41 4599.42
9627.21 4577.94
9608.64 4556.00
9590.78 4533.79
9573.17 4511.77
9554.85 4488.86
9537.17 4466.77
9519.43 4443.98
9502.11 4421.26
9485.11 4398.44
9468.15 4375.14
9451.31 4351.13
9434.89 4326.97
9418.45 4302.77
9402.52 4279.33
9386.63 4255.04
9370.71 4230.35
9355.23 4206.32
9339.54 4181.97
9324.54 4156.94
9310.00 4132.06
9295.34 4106.94
9280.47 4081.50
9265.89 4056.53
9251.58 4031.65
9237.51 4006.95
9223.24 3981.88
9209.14 3957.12
9194.61 3931.60
9180.40 3907.13
9165.54 3882.22
9150.58 3857.13
9136.03 3832.74
9120.95 3807.45
9106.18 3782.70
9091.77 3758.52
9077.08 3734.62
9061.01 3711.04
9045.07 3687.64
9028.78 3663.75
9012.91 3640.46
8996.27 3616.99
8978.43 3593.95
8960.47 3570.74
8942.54 3547.57
8923.86 3525.20
8905.47 3503.28
8886.22 3481.89
8866.76 3460.90
8846.79 3439.37
8826.49 3419.01
8805.71 3398.56
8784.86 3378.41
8763.47 3358.67
8742.14 3339.61
8721.10 3320.87
8698.65 3303.06
8676.20 3285.24
8653.98 3267.61
8630.82 3250.31
8607.88 3233.45
8584.59 3216.33
8560.56 3199.46
8536.83 3184.09
8512.09 3168.50
8487.99 3153.76
8462.40 3139.21
8437.44 3125.19
8411.62 3111.03
8385.62 3097.83
8359.89 3084.83
8334.24 3071.95
8307.89 3059.48
8282.15 3047.88
8255.14 3036.92
8229.01 3026.32
8202.62 3015.75
8175.85 3006.10
8148.05 2996.41
8120.84 2987.16
8093.90 2978.72
8065.64 2970.79
8037.81 2963.19
8009.77 2956.05
7981.51 2949.41
7953.10 2943.18
7924.24 2937.29
7896.24 2931.81
7868.38 2927.18
7840.26 2923.11
7811.08 2919.64
7781.91 2916.23
7752.66 2914.13
7723.96 2912.07
7695.90 2910.84
7667.53 2910.35
7638.30 2910.07
7609.25 2910.33
7581.11 2911.13
7552.87 2912.63
7523.68 2914.59
7495.32 2917.10
7467.33 2920.11
7438.77 2923.85
7409.85 2928.50
7381.57 2933.17
7353.15 2938.36
7324.94 2943.85
7296.56 2950.32
7269.24 2956.97
7241.35 2964.60
7213.24 2972.73
7185.17 2981.40
7158.20 2989.85
7130.27 2999.19
7102.73 3008.88
7076.14 3018.69
7049.42 3028.55
7022.75 3038.42
6996.27 3048.48
6969.94 3058.57
6942.58 3069.15
6916.18 3079.29
6889.56 3089.55
6862.98 3099.80
6835.90 3110.24
6809.23 3120.51
6781.94 3131.03
6754.49 3141.61
6727.04 3151.91
6699.62 3161.88
6672.01 3171.91
6644.29 3181.74
6617.78 3191.06
6589.91 3200.57
6562.15 3209.58
6534.54 3218.54
6506.73 3226.71
6478.63 3234.80
6451.58 3242.33
6424.40 3249.66
6396.55 3257.07
6368.05 3264.02
6339.62 3270.92
6312.06 3277.04
6283.92 3283.30
6256.02 3289.15
6227.36 3294.65
6199.19 3299.85
6171.37 3304.57
6143.67 3309.27
6115.86 3314.00
6087.38 3318.29
6059.30 3322.24
6030.19 3326.34
6001.86 3330.24
5973.04 3334.00
5944.90 3337.68
5918.65 3340.90
5893.97 3347.22
5866.52 3350.57
5839.49 3353.86
5812.18 3357.18
5783.71 3360.64
5757.03 3363.89
5730.12 3367.17
5703.00 3370.47
5673.97 3374.00
5646.81 3377.75
5617.93 3382.05
5589.41 3386.29
5561.93 3388.71
5534.75 3391.04
5506.81 3395.54
5479.02 3400.24
5450.62 3405.23
5422.36 3410.63
5394.78 3415.90
5367.62 3421.88
5340.09 3427.96
5312.87 3434.19
5286.36 3441.42
5258.61 3448.99
5232.04 3456.68
5204.18 3465.07
5177.01 3473.25
5149.58 3482.04
5123.29 3490.94
5097.17 3500.28
5070.51 3509.82
5043.07 3520.18
5015.97 3530.72
4990.27 3541.17
4964.55 3551.62
4938.49 3562.95
4912.26 3574.68
4886.87 3586.03
4861.15 3598.61
4834.83 3611.67
4809.33 3624.46
4784.72 3637.67
4760.40 3650.72
4735.92 3664.25
4711.22 3678.73
4686.86 3693.02
4661.97 3707.90
4637.23 3723.71
4613.47 3738.89
4590.20 3754.32
4566.73 3770.19
4543.57 3786.06
4520.81 3802.51
4498.06 3818.97
4475.66 3835.90
4453.46 3853.10
4430.55 3870.86
4407.49 3889.01
4385.57 3907.60
4363.93 3925.95
4342.91 3944.60
4321.73 3964.20
4304.22 3984.92
4283.43 4004.82
4263.58 4024.28
4243.90 4043.75
4223.89 4063.54
4203.21 4084.01
4184.02 4104.76
4164.96 4125.84
4146.68 4146.91
4128.24 4168.16
4109.77 4189.77
4091.16 4212.09
4073.17 4234.38
4058.75 4258.40
4042.39 4279.54
4027.85 4298.32
4014.97 4316.80
4004.57 4332.84
3997.08 4346.41
3989.72 4359.76
3982.12 4372.56
3973.70 4385.74
3965.40 4398.74
3956.91 4412.02
3949.00 4424.40
3940.91 4437.07
3933.59 4450.88
3928.09 4465.66
3926.88 4480.40
3930.24 4494.78
3938.44 4507.54
3950.29 4516.21
3965.40 4520.41
3980.85 4519.12
3993.94 4511.83
4004.58 4500.57
4009.97 4487.09
4011.16 4472.60
4009.88 4457.11
4005.77 4442.38
4001.60 4428.33
3996.97 4413.27
3992.71 4399.41
3988.06 4384.27
3983.30 4369.39
3978.37 4355.59
3973.20 4341.12
3968.25 4327.25
3963.21 4313.15
3959.14 4298.14
3955.56 4284.01
3952.70 4269.45
3951.60 4253.92
3951.34 4239.10
3951.06 4223.39
3952.00 4208.40
3953.12 4193.26
3955.62 4178.94
3958.54 4164.74
3961.61 4150.54
3964.98 4136.12
3968.41 4121.45
3971.98 4106.19
3975.52 4091.08
3979.09 4075.78
3982.43 4061.51
3986.02 4046.18
3989.57 4030.98
3992.88 4016.85
3996.46 4001.54
3999.79 3987.30
4003.23 3972.56
4004.81 3957.31
4006.08 3942.30
4007.00 3927.40
4007.37 3911.91
4007.74 3896.50
4008.09 3881.97
4008.41 3866.50
4008.72 3851.41
4009.06 3835.75
4010.63 3820.15
4012.13 3805.14
4013.67 3789.78
4015.15 3774.95
4016.71 3759.31
4017.61 3744.42
4018.54 3728.94
4019.60 3713.21
4021.72 3697.76
4023.84 3682.29
4025.89 3667.38
4027.97 3652.27
4030.04 3637.20
4031.76 3622.20
4032.73 3604.45
4033.83 3584.44
4035.09 3561.66
4036.43 3537.39
4041.18 3512.09
4042.73 3483.97
4044.33 3455.02
4045.91 3426.46
4047.49 3397.90
4049.10 3368.74
4050.66 3340.56
4052.26 3311.55
4053.86 3282.62
4054.77 3254.49
4054.73 3225.42
4054.69 3196.95
4054.66 3167.72
4054.19 3139.37
4053.63 3111.19
4053.05 3081.81
4052.36 3053.35
4051.04 3024.73
4049.65 2996.00
4047.55 2967.65
4045.46 2939.46
4043.36 2911.08
4041.22 2882.05
4039.13 2853.91
4035.36 2825.86
4031.16 2797.84
4026.90 2769.39
4022.54 2740.32
4017.48 2712.17
4011.66 2684.65
4005.80 2656.90
3999.97 2629.28
3993.36 2601.63
3986.42 2574.04
3978.81 2546.30
3971.06 2518.94
3962.24 2492.05
3952.98 2464.49
3943.37 2438.19
3932.90 2411.62
3921.62 2384.52
3910.18 2358.76
3898.17 2333.33
3885.49 2307.76
3872.20 2282.72
3858.62 2257.83
3844.17 2233.75
3829.50 2209.65
3813.92 2185.16
3798.09 2161.46
3781.69 2137.26
3764.38 2115.08
3746.42 2092.67
3727.87 2070.13
3709.06 2048.44
3689.41 2026.70
3669.25 2005.83
3649.44 1985.80
3628.39 1966.20
3606.42 1946.91
3584.08 1928.31
3561.13 1910.03
3537.92 1892.11
3514.45 1874.91
3491.09 1858.35
3467.29 1843.43
3442.40 1827.84
3417.79 1812.90
3392.87 1798.48
3367.30 1784.49
3341.38 1771.28
3315.22 1759.21
3291.21 1745.06
