11368.40 9893.26
11359.01 9881.60
11345.78 9871.08
11333.49 9856.98
11317.41 9843.23
11300.21 9827.61
11281.80 9809.51
11262.40 9789.33
11242.58 9767.68
11222.25 9743.39
11202.78 9718.34
11183.46 9693.18
11167.60 9665.11
11151.63 9637.40
11135.61 9609.22
11121.86 9579.50
11108.98 9549.46
11097.33 9520.00
11086.51 9489.24
11076.98 9457.69
11068.55 9426.55
11061.63 9394.95
11056.36 9363.11
11052.29 9330.96
11049.49 9298.66
11047.29 9267.30
11046.37 9234.80
11045.89 9202.51
11046.13 9170.35
11047.75 9138.98
11049.78 9106.50
11051.83 9073.80
11053.84 9041.76
11055.89 9008.90
11057.88 8976.54
11059.85 8944.53
11061.53 8912.55
11062.81 8879.43
11064.07 8846.74
11064.05 8814.39
11063.26 8781.79
11061.26 8749.59
11058.24 8717.23
11053.90 8685.55
11049.32 8653.81
11043.69 8622.02
11037.45 8590.33
11029.31 8558.83
11020.51 8528.15
11010.86 8497.21
11000.46 8466.08
10989.08 8435.43
10977.39 8404.57
10965.63 8373.55
10953.92 8342.65
10942.31 8312.93
10929.95 8282.30
10917.68 8251.92
10905.67 8222.19
10893.33 8191.62
10881.90 8160.65
10870.76 8129.73
10860.08 8099.22
10849.89 8069.12
10842.13 8037.88
10834.27 8006.24
10826.56 7975.23
10818.65 7943.37
10812.09 7911.15
10806.69 7878.54
10801.45 7846.92
10798.04 7814.75
10794.66 7782.71
10792.60 7750.59
10792.54 7717.66
10792.49 7685.57
10793.12 7652.91
10794.22 7620.32
10795.31 7588.16
10796.39 7556.03
10797.51 7522.87
10797.41 7489.76
10796.92 7457.21
10794.87 7424.91
10791.98 7392.87
10788.89 7360.64
10783.80 7327.81
10778.26 7295.15
10772.15 7262.90
10763.80 7231.81
10754.66 7200.40
10744.49 7169.88
10733.74 7139.44
10721.77 7109.74
10709.50 7080.28
10696.56 7050.99
10681.78 7022.53
10665.90 6993.49
10649.51 6965.32
10632.18 6938.37
10613.39 6911.55
10591.71 6887.10
10572.80 6861.28
10554.01 6835.63
10534.58 6809.10
10515.67 6783.29
10497.85 6756.92
10480.55 6729.70
10463.72 6701.58
10449.15 6673.27
10434.12 6644.06
10420.01 6614.16
10406.58 6584.71
10394.93 6554.04
10383.67 6522.92
10374.13 6491.88
10364.62 6460.11
10356.93 6428.66
10349.19 6397.01
10344.31 6365.13
10339.68 6333.01
10336.47 6300.82
10334.54 6268.56
10334.07 6235.94
10333.12 6202.88
10332.19 6171.08
10332.38 6137.96
10333.21 6105.01
10334.01 6073.21
10334.84 6040.22
10335.23 6007.06
10334.50 5975.02
10333.77 5943.18
10333.04 5911.22
10332.29 5878.33
10329.03 5846.06
10325.35 5813.44
10321.79 5781.85
10318.16 5749.76
10312.77 5717.77
10306.34 5686.51
10299.74 5654.42
10291.90 5622.27
10284.06 5590.17
10275.65 5558.76
10266.07 5527.52
10256.15 5496.30
10244.39 5465.34
10232.95 5435.21
10220.24 5404.80
10207.58 5375.26
10194.67 5345.12
10181.33 5316.28
10166.38 5287.94
10149.19 5262.43
10133.39 5234.22
10117.46 5206.67
10100.49 5178.31
10082.49 5151.42
10064.58 5124.64
10046.00 5097.60
10027.68 5071.09
10009.50 5045.01
9989.78 5019.25
9970.17 4993.64
9950.13 4967.46
9929.83 4942.43
9908.83 4917.08
9888.49 4892.51
9867.60 4867.29
9846.98 4842.39
9826.53 4817.70
9805.71 4792.99
9784.80 4768.86
9763.56 4744.05
9743.03 4719.81
9722.50 4695.57
9701.90 4671.24
9680.94 4646.48
9659.70 4621.41
9638.89 4596.84
9617.97 4572.14
9597.10 4546.98
9576.41 4521.11
9556.31 4495.97
9536.64 4471.38
9517.55 4446.95
9498.58 4422.07
9479.30 4396.07
9460.63 4370.40
9443.13 4344.97
9425.67 4319.27
9408.65 4294.21
9391.35 4268.45
9374.88 4242.91
9358.41 4217.34
9342.00 4191.88
9326.17 4166.27
9311.29 4140.80
9296.01 4114.64
9280.43 4087.97
9265.51 4062.42
9250.66 4036.70
9237.69 4007.26
9223.08 3981.60
9208.22 3955.51
9192.35 3927.63
9176.80 3901.10
9160.20 3873.26
9144.03 3846.15
9127.36 3818.20
9110.49 3789.91
9093.63 3761.64
9076.80 3734.20
9058.32 3707.09
9040.17 3680.45
9021.89 3653.65
9003.21 3626.23
8983.25 3600.17
8963.64 3574.83
8943.75 3549.13
8923.39 3524.64
8902.47 3499.71
8880.49 3475.71
8857.97 3451.42
8835.97 3428.42
8812.61 3405.24
8789.14 3382.55
8765.42 3360.42
8740.72 3338.34
8715.78 3316.65
8690.83 3296.85
8665.10 3276.44
8638.47 3260.03
8612.02 3240.59
8585.32 3220.96
8558.46 3202.03
8531.27 3184.42
8504.21 3167.55
8476.47 3150.91
8448.18 3135.01
8419.40 3118.83
8390.71 3104.12
8361.87 3089.52
8332.91 3074.97
8303.23 3060.93
8272.88 3047.67
8242.32 3035.27
8212.83 3023.31
8182.41 3011.97
8152.10 3001.27
8121.02 2990.70
8089.86 2980.92
8059.23 2972.46
8027.55 2963.98
7996.20 2956.01
7963.99 2948.93
7932.15 2942.27
7899.71 2935.74
7868.14 2930.49
7836.36 2925.97
7804.19 2922.14
7771.61 2918.80
7739.24 2916.48
7707.39 2914.34
7675.07 2913.78
7643.00 2913.33
7610.31 2913.61
7577.61 2914.53
7544.90 2916.46
7512.83 2918.86
7480.90 2921.68
7448.75 2925.88
7416.51 2930.76
7384.21 2936.09
7352.71 2941.80
7320.63 2948.08
7289.69 2955.31
7261.57 2962.29
7231.10 2970.97
7199.45 2980.44
7168.69 2989.94
7137.73 3000.17
7106.86 3010.87
7075.83 3022.32
7045.53 3033.51
7015.95 3044.57
6985.58 3056.06
6955.88 3067.55
6925.47 3079.25
6895.13 3090.94
6865.14 3102.50
6835.09 3114.08
6805.22 3125.60
6774.76 3137.34
6744.59 3148.97
6714.58 3159.95
6683.48 3171.25
6652.54 3182.34
6622.51 3192.90
6591.67 3203.47
6561.22 3213.36
6530.87 3223.20
6499.71 3232.17
6468.43 3241.17
6436.64 3249.78
6405.58 3258.16
6373.80 3266.02
6342.26 3273.71
6310.35 3280.80
6278.20 3287.95
6246.52 3294.33
6215.07 3300.37
6182.44 3306.04
6151.08 3311.37
6120.98 3316.47
6090.50 3321.18
6059.44 3325.55
6029.03 3329.84
5998.91 3333.95
5969.49 3337.79
5939.09 3341.73
5910.34 3345.23
5882.85 3348.58
5854.43 3352.04
5824.53 3355.68
5795.09 3359.26
5765.12 3362.91
5735.85 3366.47
5706.55 3370.03
5676.90 3373.64
5647.76 3377.61
5618.72 3381.93
5588.36 3386.45
5558.88 3387.45
5530.26 3391.71
5499.50 3393.43
5467.54 3398.84
5435.30 3404.79
5403.26 3410.92
5371.35 3417.68
5340.07 3424.59
5308.11 3432.07
5276.30 3440.75
5245.18 3449.27
5214.59 3458.49
5182.85 3468.05
5152.08 3477.75
5120.91 3488.29
5089.96 3499.36
5059.87 3510.21
5029.90 3521.70
5000.05 3533.63
4970.39 3545.68
4940.16 3558.58
4909.87 3572.12
4879.69 3585.71
4850.85 3600.03
4821.52 3614.61
4792.85 3629.56
4764.44 3644.81
4736.05 3660.35
4708.54 3676.48
4680.47 3692.94
4653.29 3709.53
4626.04 3726.95
4598.98 3744.40
4572.38 3762.39
4545.29 3780.74
4518.75 3799.93
4492.85 3818.66
4467.47 3838.08
4441.44 3858.25
4416.19 3877.85
4391.44 3898.29
4366.86 3919.14
4342.81 3940.20
4318.47 3962.72
4295.05 3984.56
4271.52 4007.13
4247.92 4030.49
4224.84 4053.33
4201.71 4076.22
4179.79 4099.62
4158.16 4123.61
4136.56 4148.50
4115.31 4172.99
4094.22 4198.12
4073.64 4223.01
4053.64 4248.84
4033.59 4274.74
4013.47 4301.04
3995.43 4328.29
3976.93 4354.48
3958.51 4380.56
3939.73 4407.17
3921.72 4434.09
3904.57 4461.55
3887.39 4489.87
3871.36 4517.79
3855.46 4545.48
3840.40 4574.18
3825.38 4603.05
3810.61 4631.45
3796.53 4660.20
3782.52 4689.95
3768.69 4719.86
3755.21 4749.41
3742.82 4779.02
3730.76 4809.84
3718.93 4840.45
3707.55 4870.75
3696.84 4900.89
3686.40 4931.69
3675.93 4962.53
3666.50 4992.52
3657.28 5023.58
3648.10 5054.53
3639.88 5086.12
3631.67 5118.11
3624.12 5150.33
3617.35 5181.90
3610.53 5213.75
3604.60 5245.14
3598.81 5276.72
3593.35 5308.54
3588.98 5340.32
3584.74 5372.00
3581.09 5403.70
3577.30 5436.53
3573.55 5469.10
3571.27 5501.05
3569.15 5533.07
3567.41 5566.04
3566.24 5598.85
3566.22 5631.51
3566.20 5664.19
3566.18 5697.37
3566.16 5729.22
3567.37 5761.59
3568.75 5793.72
3570.17 5826.71
3572.48 5858.68
3575.24 5891.49
3577.92 5923.31
3580.65 5955.76
3583.36 5987.88
3586.85 6019.90
3590.93 6052.79
3594.97 6085.44
3598.89 6117.08
3602.91 6149.54
3607.50 6181.33
3612.66 6214.10
3617.70 6246.07
3622.68 6277.71
3627.82 6310.41
3632.82 6341.85
3637.87 6373.95
3643.45 6406.61
3649.05 6438.98
3654.56 6471.06
3660.01 6502.79
3665.46 6534.50
3670.97 6566.59
3676.44 6598.44
3682.04 6631.05
3687.60 6662.88
3693.33 6694.97
3698.94 6726.41
3704.60 6758.13
3710.19 6789.45
3716.01 6822.06
3721.67 6853.78
3727.46 6886.25
3733.10 6917.85
3738.74 6949.44
3744.37 6981.03
3749.98 7012.33
3755.77 7044.61
3761.55 7077.00
3767.30 7109.21
3772.96 7141.16
3778.79 7173.80
3784.45 7205.51
3790.07 7236.99
3795.76 7268.86
3801.52 7301.12
3807.17 7332.73
3812.92 7364.93
3818.65 7397.00
3824.37 7429.08
3830.07 7460.95
3835.73 7492.67
3841.36 7524.22
3847.09 7556.26
3852.75 7588.00
3858.56 7620.52
3864.32 7652.77
3870.03 7684.75
3875.48 7716.34
3879.17 7748.96
3883.08 7780.94
3887.57 7813.39
3892.03 7845.50
3893.86 7878.32
3894.76 7910.45
3895.69 7943.30
3896.62 7976.27
3896.26 8009.24
3895.16 8041.51
3894.09 8073.42
3891.16 8105.94
3887.61 8138.49
3882.44 8170.89
3876.85 8202.60
3869.52 8234.83
3861.35 8266.00
3852.54 8296.71
3842.41 8326.87
3831.38 8357.95
3819.74 8388.71
3808.14 8416.75
3794.39 8444.69
3780.37 8471.69
3765.26 8498.76
3749.65 8524.82
3733.57 8551.20
3716.12 8577.59
3698.59 8602.99
3679.66 8628.06
3661.97 8650.79
3642.62 8673.73
3623.40 8695.90
3602.55 8718.99
3582.12 8740.09
3561.32 8761.62
3540.42 8781.67
3518.09 8801.88
3494.97 8822.18
3472.44 8841.54
3448.51 8861.53
3425.54 8879.61
3402.30 8897.89
3378.02 8916.44
3354.02 8934.76
3330.28 8951.82
3305.77 8967.98
3280.33 8984.22
3254.51 9000.38
3229.29 9016.15
3204.02 9031.34
3177.48 9046.43
3151.79 9061.03
3124.99 9074.96
3098.82 9088.42
3073.59 9101.23
3047.02 9114.40
3019.63 9126.80
2991.36 9139.39
2964.14 9151.01
2936.14 9162.66
2908.10 9173.86
2881.12 9183.98
2851.85 9194.33
2823.71 9203.93
2794.97 9213.28
2767.71 9221.76
2740.81 9229.90
2713.43 9237.70
2684.38 9245.41
2653.59 9253.06
2626.14 9259.54
2595.99 9265.60
2567.17 9271.39
2536.96 9276.75
2508.89 9281.69
2480.05 9286.09
2450.90 9290.24
2423.02 9293.78
2394.49 9296.88
2366.25 9299.75
2337.30 9302.21
2307.80 9304.07
2280.06 9305.53
2250.60 9306.71
2221.63 9307.88
2191.76 9308.96
2161.89 9308.97
2132.29 9308.96
2103.15 9308.96
2073.79 9308.75
2045.52 9308.59
2021.63 9308.46
2000.07 9308.34
1983.00 9308.24
1967.62 9308.16
1955.80 9308.09
1948.36 9308.05
1939.02 9308.00
1927.17 9307.93
1912.62 9307.85
1896.63 9307.76
1878.16 9307.66
1857.72 9307.54
1835.39 9307.42
1811.40 9307.29
