11368.01 9892.95
11355.25 9882.82
11341.46 9871.87
11326.76 9859.91
11312.66 9843.51
11295.89 9828.10
11283.36 9811.13
11268.18 9795.34
11251.53 9778.11
11235.57 9759.31
11218.44 9738.72
11200.91 9715.91
11182.47 9691.30
11167.83 9665.47
11153.09 9639.97
11137.75 9612.99
11124.40 9585.09
11112.10 9556.99
11100.31 9528.36
11090.32 9500.31
11081.62 9473.04
11073.26 9444.31
11065.51 9415.12
11059.98 9385.50
11055.39 9355.44
11051.80 9327.17
11049.39 9297.20
11047.34 9269.13
11046.50 9239.44
11045.84 9209.71
11046.06 9179.42
11047.02 9150.60
11048.85 9121.43
11050.64 9092.73
11052.44 9064.12
11054.27 9034.80
11056.10 9005.62
11057.86 8976.99
11059.70 8947.05
11061.35 8917.16
11062.52 8886.98
11063.65 8857.76
11064.37 8827.39
11063.67 8798.74
11062.60 8769.90
11060.65 8740.38
11057.42 8711.20
11053.30 8681.16
11049.09 8652.51
11044.07 8624.18
11038.80 8595.79
11031.92 8568.00
11024.05 8540.45
11015.54 8512.11
11006.69 8484.47
10997.25 8457.37
10986.47 8428.52
10975.60 8399.84
10965.58 8373.43
10955.28 8346.25
10944.58 8318.54
10933.55 8291.22
10922.63 8264.18
10911.95 8237.74
10900.59 8209.60
10889.66 8182.17
10879.83 8154.90
10869.80 8127.04
10860.19 8099.54
10850.45 8071.39
10843.54 8043.56
10836.31 8014.46
10829.40 7986.66
10822.34 7958.22
10815.23 7929.64
10810.29 7900.26
10805.37 7870.58
10800.89 7841.77
10797.79 7812.44
10794.72 7783.31
10792.60 7754.33
10792.56 7724.80
10792.51 7695.65
10792.68 7666.07
10793.69 7636.19
10794.68 7606.71
10795.68 7577.09
10796.68 7547.32
10797.62 7517.47
10797.41 7489.11
10797.11 7460.18
10795.20 7430.12
10792.78 7401.00
10790.01 7372.29
10786.54 7344.09
10781.76 7315.62
10776.60 7285.62
10770.16 7255.52
10762.62 7227.44
10754.01 7198.43
10744.64 7170.32
10735.10 7142.82
10724.57 7116.69
10713.32 7088.90
10701.20 7061.59
10689.32 7036.67
10675.53 7010.80
10660.84 6984.79
10646.09 6959.43
10630.51 6935.99
10613.47 6911.65
10594.58 6885.44
10575.00 6858.70
10554.93 6831.31
10535.27 6804.46
10515.26 6777.14
10497.06 6749.53
10479.34 6721.63
10462.95 6692.87
10447.75 6663.34
10432.82 6633.58
10418.79 6603.84
10402.77 6574.68
10390.95 6543.57
10380.40 6512.28
10370.50 6480.09
10361.58 6447.69
10353.60 6415.06
10346.95 6382.51
10341.88 6349.19
10337.98 6315.94
10334.75 6282.86
10334.26 6249.08
10333.51 6216.20
10332.55 6183.40
10332.08 6149.59
10332.91 6116.74
10333.75 6083.39
10334.60 6049.89
10335.43 6016.05
10334.68 5983.06
10333.92 5949.83
10333.15 5915.99
10332.38 5882.34
10329.43 5849.55
10325.76 5817.06
10321.96 5783.37
10318.20 5750.06
10312.60 5716.96
10305.79 5683.82
10298.90 5650.96
10291.05 5618.78
10283.17 5586.52
10274.21 5554.05
10264.36 5521.96
10254.07 5490.82
10242.34 5459.92
10230.56 5428.91
10217.39 5398.15
10204.47 5367.98
10191.19 5336.99
10176.52 5307.15
10160.82 5277.41
10144.99 5247.68
10128.60 5219.34
10111.90 5190.45
10093.76 5162.32
10075.30 5134.73
10056.30 5106.70
10037.49 5079.47
10018.83 5052.47
9997.19 5028.93
9977.08 5002.67
9957.01 4976.44
9936.30 4950.24
9914.77 4924.25
9893.44 4898.49
9872.47 4873.18
9850.85 4847.06
9829.42 4821.19
9808.15 4795.81
9785.94 4770.18
9764.35 4744.98
9744.94 4716.95
9723.42 4691.54
9701.95 4666.19
9681.16 4641.63
9659.44 4615.99
9638.51 4591.28
9617.36 4566.31
9596.45 4540.88
9575.67 4514.89
9555.27 4489.39
9534.81 4463.81
9514.11 4437.00
9493.58 4410.06
9474.07 4383.27
9455.04 4356.62
9436.30 4329.04
9417.52 4301.41
9398.70 4273.71
9380.32 4245.26
9362.01 4216.83
9344.14 4189.10
9326.44 4160.19
9309.66 4131.47
9292.69 4102.42
9275.77 4073.46
9259.00 4044.67
9242.49 4015.69
9225.79 3986.36
9209.60 3957.92
9193.28 3929.26
9176.64 3900.82
9159.50 3872.08
9142.43 3843.47
9125.69 3815.41
9108.82 3787.12
9091.85 3758.66
9074.30 3730.53
9055.89 3703.53
9037.32 3676.27
9018.32 3648.40
8999.33 3620.94
8979.18 3594.92
8958.60 3568.32
8937.69 3541.69
8916.58 3516.53
8894.78 3491.13
8872.18 3466.76
8849.32 3442.09
8825.75 3418.27
8801.70 3394.68
8778.14 3371.92
8753.48 3349.74
8728.69 3327.58
8702.70 3306.27
8676.91 3285.80
8651.24 3265.44
8624.06 3245.34
8596.90 3225.38
8569.76 3205.83
8541.72 3187.26
8513.75 3169.52
8485.62 3152.31
8456.82 3136.08
8427.93 3119.84
8398.53 3104.38
8369.24 3089.52
8339.93 3074.80
8309.77 3060.36
8279.25 3046.70
8248.84 3034.36
8218.54 3022.07
8187.64 3010.35
8155.87 2999.06
8124.77 2991.98
8092.55 2981.76
8060.66 2972.85
8028.41 2964.20
7996.55 2956.09
7964.49 2949.05
7932.06 2942.25
7899.50 2935.70
7867.17 2930.33
7833.68 2925.65
7800.07 2921.65
7766.52 2918.43
7733.00 2916.03
7699.55 2914.20
7666.27 2913.63
7632.53 2913.42
7599.71 2913.90
7565.96 2915.08
7532.82 2917.24
7499.67 2920.02
7466.42 2923.56
7433.12 2928.05
7400.31 2933.40
7367.47 2938.93
7334.50 2945.34
7301.53 2952.54
7268.70 2960.51
7236.64 2969.38
7204.80 2978.79
7173.41 2988.48
7141.37 2998.95
7110.63 3009.48
7080.48 3020.61
7050.96 3031.50
7019.79 3039.54
6989.51 3051.04
6958.55 3062.98
6927.77 3074.88
6896.81 3086.76
6866.30 3098.52
6835.58 3110.36
6804.71 3122.26
6773.05 3134.46
6741.60 3146.58
6709.77 3158.19
6678.96 3169.38
6647.35 3180.66
6615.63 3191.81
6583.47 3202.66
6552.35 3212.76
6520.84 3222.65
6488.32 3232.01
6455.72 3241.21
6423.26 3249.97
6390.68 3258.50
6357.76 3266.54
6324.99 3274.17
6292.74 3281.34
6260.15 3288.36
6227.33 3294.65
6194.04 3300.73
6161.64 3306.22
6129.24 3311.72
6096.14 3317.05
6062.79 3321.75
6029.62 3326.42
5996.56 3330.93
5964.37 3338.46
5931.35 3342.68
5897.63 3346.78
5864.87 3350.77
5831.67 3354.81
5798.89 3358.80
5765.43 3362.87
5732.19 3366.91
5698.50 3371.01
5665.12 3375.08
5632.09 3379.94
5599.16 3384.84
5566.13 3389.76
5533.81 3391.19
5500.61 3396.59
5468.28 3402.06
5436.03 3408.02
5402.92 3414.35
5370.04 3421.34
5337.71 3428.49
5304.95 3436.35
5272.64 3445.16
5240.26 3454.20
5208.58 3463.75
5177.14 3473.22
5145.12 3483.50
5114.78 3493.98
5083.40 3505.21
5052.36 3516.62
5021.83 3528.34
4992.12 3540.42
4961.14 3553.01
4930.91 3566.34
4901.92 3579.30
4871.86 3593.29
4843.49 3607.37
4814.81 3621.62
4785.96 3637.00
4756.71 3652.70
4730.71 3671.14
4701.56 3688.22
4672.99 3704.96
4645.56 3722.29
4617.70 3740.10
4590.29 3758.24
4562.76 3776.85
4535.86 3795.70
4509.69 3814.63
4483.85 3833.73
4458.29 3853.54
4432.50 3873.52
4408.04 3892.86
4383.71 3913.50
4359.10 3934.38
4336.01 3955.48
4313.91 3975.92
4293.11 3995.55
4272.20 4015.75
4251.95 4035.79
4231.93 4055.59
4210.88 4076.41
4190.37 4097.88
4169.55 4120.55
4150.24 4142.80
4130.34 4165.73
4109.74 4189.81
4090.40 4213.00
4071.12 4237.01
4056.16 4261.75
4039.43 4283.36
4025.23 4301.71
4013.37 4319.25
4004.31 4333.28
3996.07 4348.24
3988.39 4362.17
3979.44 4376.75
3970.05 4391.46
3960.53 4406.35
3951.42 4420.61
3941.77 4435.72
3933.79 4450.38
3928.23 4464.70
3926.88 4481.16
3931.63 4497.55
3941.93 4510.59
3956.06 4518.67
3972.64 4520.52
3988.04 4516.03
3999.03 4507.56
4007.13 4494.85
4010.86 4480.67
4010.71 4465.81
4008.09 4450.71
4003.95 4435.99
3999.42 4421.25
3994.73 4405.98
3990.67 4392.76
3986.08 4377.80
3981.04 4363.07
3975.37 4347.18
3970.31 4333.03
3965.60 4319.83
3961.01 4305.53
3957.29 4290.86
3953.63 4276.38
3951.99 4260.89
3951.44 4244.63
3951.17 4229.27
3951.62 4213.56
3952.67 4199.34
3954.33 4185.20
3957.38 4170.40
3960.42 4155.62
3964.00 4140.31
3967.23 4126.51
3970.99 4110.43
3974.55 4095.21
3977.81 4081.28
3981.43 4065.81
3984.96 4050.71
3988.54 4035.40
3992.11 4020.13
3996.19 4002.68
3999.54 3988.35
4003.15 3972.92
4004.76 3957.92
4006.04 3942.73
4007.04 3925.73
4007.43 3909.77
4007.79 3894.55
4008.14 3879.36
4008.48 3863.01
4008.79 3848.11
4009.30 3833.40
4010.76 3818.80
4012.30 3803.38
4013.87 3787.77
4015.50 3771.44
4016.88 3756.58
4017.79 3741.32
4018.77 3725.06
4019.99 3710.32
4022.11 3694.92
4024.23 3679.48
4026.32 3664.26
4028.36 3649.43
4030.61 3633.08
4032.11 3615.81
4033.18 3596.24
4034.36 3574.82
4035.67 3551.13
4039.35 3526.03
4041.95 3498.20
4043.60 3468.35
4045.37 3436.18
4047.20 3403.11
4049.02 3370.20
4050.86 3336.83
4052.72 3303.22
4054.52 3270.63
4054.75 3238.58
4054.71 3206.79
4054.67 3175.24
4054.28 3143.95
4053.66 3112.35
4053.03 3080.73
4052.15 3048.84
4050.68 3016.98
4048.91 2986.06
4046.77 2957.05
4044.71 2929.26
4045.82 2899.63
4043.64 2870.08
4040.52 2838.03
4035.79 2806.46
4031.03 2774.69
4026.18 2742.33
4020.57 2710.90
4013.63 2678.00
4006.74 2645.40
3999.94 2614.26
3991.77 2581.77
3983.46 2550.72
3974.79 2519.72
3964.62 2488.72
3954.21 2458.22
3943.18 2428.07
3931.10 2398.56
3918.54 2369.47
3905.24 2340.14
3890.98 2311.40
3875.86 2282.54
3860.18 2253.80
3843.20 2225.82
3826.05 2197.63
3808.26 2170.75
3790.33 2143.90
3771.32 2118.60
3751.28 2093.38
3730.74 2068.42
3709.09 2043.54
3686.85 2019.31
3664.70 1996.38
3641.72 1974.10
3615.39 1954.39
3590.07 1933.30
3565.20 1913.17
3540.05 1893.76
3513.76 1874.41
3487.33 1855.99
3459.77 1838.72
3432.33 1821.53
3406.75 1806.50
3383.68 1793.43
3362.75 1782.01
3343.00 1772.05
3321.99 1762.17
3300.61 1749.17
