11366.43 9891.70
11356.71 9879.77
11345.39 9866.56
11330.61 9854.51
11314.63 9840.86
11298.21 9825.75
11281.01 9808.69
11263.37 9790.35
11244.97 9770.54
11226.59 9748.57
11208.48 9725.75
11191.02 9703.03
11176.44 9679.11
11161.16 9654.17
11146.62 9628.60
11132.76 9603.43
11120.78 9577.14
11109.41 9550.50
11098.56 9523.45
11088.84 9496.17
11080.04 9467.82
11071.97 9439.46
11064.53 9411.43
11059.43 9382.34
11055.05 9352.83
11051.42 9324.12
11049.22 9294.84
11047.25 9265.87
11046.43 9236.93
11045.86 9207.18
11046.07 9178.30
11047.09 9149.53
11048.91 9120.48
11050.72 9091.54
11052.52 9062.72
11054.38 9033.08
11056.22 9003.60
11058.02 8974.28
11059.86 8944.41
11061.45 8914.60
11062.58 8885.41
11063.73 8855.48
11064.32 8825.63
11063.61 8796.16
11062.40 8766.98
11060.50 8738.14
11057.08 8708.72
11053.16 8680.09
11048.77 8650.70
11043.66 8621.90
11037.98 8592.45
11030.78 8563.96
11022.75 8535.91
11014.14 8507.61
11005.16 8479.81
10995.42 8452.40
10985.18 8425.14
10974.64 8397.31
10964.12 8369.57
10953.72 8342.12
10942.98 8314.58
10932.09 8287.61
10921.27 8260.82
10910.25 8233.52
10899.07 8205.83
10888.46 8178.85
10878.41 8150.96
10868.41 8123.04
10858.64 8095.11
10849.46 8067.39
10842.48 8039.30
10835.29 8010.34
10828.14 7981.57
10821.14 7953.40
10814.31 7924.50
10809.56 7895.90
10804.67 7866.36
10800.46 7837.69
10797.41 7808.82
10794.38 7780.08
10792.60 7750.69
10792.55 7721.61
10792.50 7691.98
10792.80 7662.55
10793.78 7633.32
10794.79 7603.59
10795.78 7574.14
10796.77 7544.78
10797.60 7515.72
10797.38 7485.68
10796.87 7456.34
10794.97 7426.47
10792.41 7397.31
10789.60 7368.02
10785.72 7339.19
10780.77 7309.72
10775.76 7280.78
10769.34 7252.45
10761.76 7224.24
10753.23 7196.11
10743.94 7168.22
10734.01 7140.09
10723.00 7112.78
10712.04 7086.01
10700.31 7059.58
10687.82 7033.87
10674.03 7007.97
10659.28 6982.12
10641.64 6958.34
10624.88 6933.70
10607.95 6909.52
10590.64 6885.64
10572.98 6861.53
10555.45 6837.61
10535.34 6815.73
10518.19 6792.32
10500.93 6767.93
10485.46 6743.57
10469.75 6718.86
10455.81 6693.43
10442.41 6667.38
10429.34 6641.67
10416.81 6615.11
10404.45 6588.40
10394.02 6560.94
10383.41 6532.98
10374.75 6505.12
10366.13 6477.08
10358.34 6448.33
10351.22 6419.23
10344.84 6390.62
10340.41 6361.50
10336.30 6332.45
10333.34 6302.72
10331.30 6272.99
10330.88 6243.65
10330.16 6214.45
10329.29 6184.83
10328.63 6155.62
10329.36 6126.59
10330.09 6097.66
10330.83 6068.48
10331.56 6039.52
10332.00 6010.12
10331.33 5981.20
10330.67 5952.13
10329.99 5922.49
10329.31 5892.81
10327.74 5864.02
10324.47 5835.06
10321.20 5806.10
10317.87 5776.62
10314.51 5746.83
10309.53 5718.40
10303.59 5689.51
10297.59 5660.34
10290.94 5632.27
10283.93 5603.53
10277.08 5575.48
10268.65 5547.18
10260.07 5519.21
10250.84 5491.60
10240.51 5464.40
10230.23 5437.34
10218.86 5409.96
10207.44 5383.31
10195.89 5356.34
10184.15 5328.94
10170.46 5302.74
10156.86 5276.97
10143.06 5250.94
10128.36 5225.51
10113.92 5200.54
10098.68 5175.62
10082.36 5151.22
10066.01 5126.78
10049.65 5102.88
10033.03 5078.82
10016.51 5054.92
9999.22 5031.58
9981.56 5008.51
9963.40 4984.80
9945.74 4961.72
9927.29 4939.37
9908.59 4916.79
9890.09 4894.45
9871.12 4871.54
9852.12 4848.60
9833.61 4826.24
9814.66 4803.36
9795.66 4781.40
9776.16 4758.90
9756.95 4736.24
9738.04 4713.91
9718.75 4691.13
9699.41 4668.30
9680.44 4645.90
9661.07 4623.03
9641.98 4600.49
9623.16 4578.26
9604.32 4556.00
9586.19 4533.34
9567.67 4510.18
9549.48 4487.43
9531.08 4464.43
9513.11 4441.13
9494.98 4417.35
9477.44 4393.51
9460.11 4369.70
9443.54 4345.58
9427.18 4321.49
9410.76 4297.32
9394.48 4273.31
9378.77 4248.93
9362.81 4224.17
9346.83 4199.38
9331.22 4174.92
9316.65 4149.97
9301.73 4124.44
9286.84 4098.94
9272.19 4073.86
9257.16 4048.13
9242.62 4022.58
9228.35 3997.52
9214.05 3972.41
9199.55 3946.94
9185.04 3921.47
9169.87 3895.92
9154.77 3870.59
9139.79 3845.48
9124.85 3820.43
9109.91 3795.39
9094.64 3769.79
9079.64 3744.62
9063.47 3720.50
9047.01 3696.36
9030.69 3672.41
9013.91 3647.78
8997.42 3623.87
8979.71 3600.98
8961.96 3578.05
8944.19 3555.09
8925.37 3532.13
8906.58 3509.74
8887.08 3487.68
8867.16 3466.18
8847.42 3444.89
8826.81 3423.97
8806.23 3403.65
8784.91 3383.05
8763.74 3363.35
8741.60 3343.55
8719.33 3323.68
8696.43 3305.50
8673.65 3287.43
8650.47 3269.03
8627.02 3251.61
8603.59 3234.39
8580.30 3217.31
8555.88 3200.36
8530.77 3184.09
8506.04 3168.67
8480.75 3153.31
8455.21 3138.96
8429.64 3124.59
8403.26 3110.48
8376.88 3097.10
8351.12 3084.12
8324.54 3070.93
8297.85 3058.41
8271.30 3047.03
8244.43 3036.13
8217.29 3025.12
8189.69 3014.60
8161.61 3004.50
8134.09 2995.14
8106.64 2986.15
8077.96 2977.59
8049.86 2969.89
8021.96 2962.56
7993.35 2955.38
7964.14 2948.97
7935.81 2943.02
7907.60 2937.26
7879.42 2932.36
7850.70 2927.68
7821.92 2924.25
7793.55 2920.88
7764.65 2918.30
7734.90 2916.17
7705.88 2914.31
7676.20 2913.80
7646.25 2913.31
7616.27 2913.56
7587.03 2914.27
7557.22 2915.65
7528.46 2917.53
7499.40 2920.05
7470.19 2923.07
7440.48 2926.96
7411.30 2931.61
7383.33 2939.58
7354.70 2944.78
7325.94 2950.37
7299.14 2956.49
7276.55 2961.76
7259.20 2968.95
7241.19 2975.97
7222.99 2981.11
7204.37 2986.00
7186.00 2992.32
7168.66 2998.29
7150.97 3004.32
7133.54 3010.10
7115.77 3015.98
7097.81 3022.31
7079.58 3029.22
7062.12 3036.53
7046.31 3046.39
7031.07 3057.62
7017.05 3069.72
7002.94 3081.90
6989.76 3095.68
6978.24 3110.42
6967.78 3125.60
6958.13 3142.31
6948.95 3158.22
6939.60 3174.42
6930.24 3190.65
6920.75 3207.02
6910.34 3222.83
6899.80 3238.41
6886.67 3252.01
6873.05 3265.49
6857.65 3276.77
6842.15 3287.11
6825.47 3296.58
6808.43 3305.08
6790.84 3312.46
6773.21 3318.68
6754.98 3323.97
6736.56 3328.06
6718.27 3330.64
6699.62 3331.63
6680.45 3331.79
6661.43 3331.76
6643.12 3330.20
6624.04 3327.87
6605.87 3324.68
6587.22 3320.57
6569.34 3315.74
6552.03 3309.53
6534.68 3301.45
6518.33 3291.73
6503.75 3280.60
6490.31 3267.54
6478.39 3252.90
6469.18 3237.05
6461.55 3219.34
6456.80 3201.65
6454.60 3183.12
6454.53 3164.51
6456.36 3145.64
6459.19 3127.38
6463.67 3109.10
6469.60 3091.17
6476.14 3073.00
6484.48 3055.83
6493.04 3039.20
6503.33 3022.84
6513.27 3007.04
6523.11 2991.39
6533.47 2974.92
6543.33 2959.26
6553.58 2942.95
6563.49 2927.20
6573.84 2910.75
6583.85 2894.84
6594.17 2878.44
6604.38 2862.20
6614.19 2846.61
6623.31 2830.58
6631.67 2813.50
6638.40 2795.33
6645.12 2777.17
6650.20 2758.92
6655.17 2741.00
6660.04 2722.89
6664.33 2704.97
6668.85 2686.12
6673.16 2668.11
6678.16 2649.55
6684.23 2628.93
6689.73 2606.08
6695.59 2581.22
6701.82 2554.75
6710.04 2526.93
6721.22 2499.25
6729.59 2470.79
6737.96 2442.33
6746.36 2413.78
6755.62 2386.25
6765.09 2358.08
6774.48 2330.28
6784.40 2302.29
6794.10 2274.92
6803.90 2247.26
6813.72 2219.53
6823.59 2191.62
6833.41 2163.41
6843.04 2135.70
6853.08 2107.46
6864.77 2080.73
6874.09 2052.42
6882.73 2024.89
6891.41 1997.09
6900.14 1969.13
6908.76 1940.62
6916.29 1912.25
6923.63 1883.53
6930.94 1854.96
