6943.84 1860.14
6940.48 1872.98
6936.46 1888.30
6932.42 1903.74
6928.14 1920.08
6923.34 1938.41
6918.04 1958.62
6912.21 1980.68
6905.83 2004.81
6898.76 2030.94
6889.51 2059.32
6879.95 2088.65
6870.32 2118.19
6860.20 2146.03
6853.02 2171.48
6846.22 2193.42
6839.50 2211.54
6833.54 2227.62
6827.17 2244.82
6822.38 2260.54
6818.31 2278.66
6814.28 2296.59
6809.76 2312.15
6804.36 2329.14
6798.91 2346.26
6793.66 2362.75
6789.17 2376.87
6784.50 2391.55
6780.58 2403.86
6776.13 2417.85
6771.72 2431.72
6767.72 2444.30
6764.00 2456.56
6760.72 2468.04
6756.73 2481.95
6753.44 2493.47
6749.49 2507.28
6745.88 2520.62
6742.55 2532.92
6739.57 2543.95
6736.08 2556.86
6733.52 2568.37
6731.20 2579.71
6728.81 2591.33
6726.43 2602.94
6723.98 2616.32
6721.53 2630.80
6719.65 2641.87
6717.83 2654.87
6716.04 2668.06
6714.36 2680.38
6712.86 2694.09
6712.37 2707.49
6711.92 2719.41
6711.44 2732.35
6713.37 2744.59
6715.56 2757.37
6718.61 2771.08
6722.04 2782.67
6726.23 2794.93
6731.11 2806.25
6736.31 2817.92
6741.99 2829.64
6748.44 2841.82
6756.01 2852.53
6763.44 2863.03
6770.84 2872.81
6778.70 2882.79
6785.82 2891.57
6794.25 2900.92
6803.06 2910.58
6812.64 2920.52
6823.88 2932.17
6836.27 2945.18
6848.59 2958.08
6861.42 2971.50
6873.73 2984.39
6886.03 2998.12
6897.27 3012.90
6907.32 3027.63
6915.46 3042.98
6922.90 3059.27
6928.45 3075.78
6932.56 3092.89
6934.25 3110.94
6934.60 3129.02
6932.98 3146.46
6929.10 3164.42
6923.54 3181.65
6915.94 3198.10
6907.21 3214.25
6898.58 3229.53
6886.02 3242.58
6873.24 3255.86
6859.18 3266.81
6844.93 3277.05
6829.06 3286.23
6812.92 3294.91
6797.20 3302.41
6780.05 3309.39
6763.47 3314.52
6745.89 3319.18
6727.83 3322.29
6709.19 3322.91
6690.98 3321.80
6673.45 3318.64
6657.35 3313.66
6641.16 3307.01
6625.98 3299.03
6611.07 3290.60
6595.74 3281.67
6580.77 3272.95
6564.75 3264.43
6549.01 3258.12
6532.28 3253.79
6515.67 3250.93
6499.36 3249.78
6481.29 3250.15
6465.17 3252.28
6447.93 3256.59
6430.81 3260.87
6413.74 3265.14
6397.22 3269.26
6379.16 3273.46
6361.88 3277.35
6345.64 3281.01
6332.54 3283.97
6319.87 3286.82
6310.00 3289.05
6300.25 3291.24
6291.85 3292.92
6286.23 3294.02
6282.51 3294.75
6280.56 3295.13
6279.61 3295.32
6279.09 3295.42
6278.88 3295.46
6278.45 3295.54
6277.95 3295.64
6276.77 3295.87
6272.92 3296.62
6270.22 3297.15
6265.89 3298.00
6262.33 3298.69
6257.50 3299.64
6255.83 3299.96
6254.52 3300.22
6254.06 3300.31
6254.01 3300.32
6253.95 3300.33
6253.93 3300.34
6253.92 3300.34
6253.92 3300.34
6253.92 3300.34
6253.92 3300.34
6253.25 3300.47
6251.44 3300.82
6248.05 3301.49
6243.46 3302.38
6238.67 3303.32
6237.85 3303.48
6236.96 3303.65
6236.38 3303.77
6236.31 3303.78
6236.27 3303.79
6236.26 3303.79
6236.25 3303.79
6236.25 3303.79
6236.25 3303.79
6236.25 3303.79
6235.75 3303.89
6232.67 3304.49
6229.12 3305.19
6224.62 3306.07
6217.89 3307.74
6209.19 3309.12
6198.30 3310.84
6185.49 3312.87
6170.92 3315.17
6155.41 3317.62
6137.54 3320.45
6119.94 3323.23
6102.69 3325.93
6085.58 3328.34
6068.15 3330.80
6050.73 3333.26
6033.70 3335.66
6016.70 3338.05
5999.32 3340.50
5981.97 3342.95
5964.29 3345.42
5947.87 3347.52
5931.44 3349.62
5914.79 3351.74
5898.04 3353.88
5880.33 3356.14
5862.69 3358.40
5846.49 3360.47
5829.70 3362.61
5813.09 3364.73
5796.21 3366.89
5778.63 3369.13
5760.57 3371.44
5743.01 3373.68
5725.57 3375.91
5708.46 3377.96
5690.56 3378.31
5672.74 3378.66
5654.23 3379.98
5634.18 3382.96
5611.66 3386.32
5587.80 3389.87
5562.17 3391.78
5533.96 3394.50
5503.93 3399.38
5471.72 3404.83
5439.33 3410.75
5407.14 3416.90
5375.94 3423.42
5344.77 3430.30
5313.91 3437.32
5281.93 3446.05
5250.36 3454.66
5219.25 3463.98
5188.70 3473.18
5156.11 3483.38
5124.89 3493.87
5094.16 3504.86
5062.09 3516.42
5031.94 3527.99
5002.38 3539.81
4970.65 3552.71
4941.21 3565.35
4910.24 3579.20
4880.32 3592.78
4851.55 3607.06
4823.57 3620.95
4794.64 3636.09
4766.61 3651.14
4737.47 3667.18
4710.13 3683.20
4680.98 3700.28
4653.67 3717.12
4625.93 3734.84
4599.91 3751.74
4573.09 3769.87
4547.06 3787.60
4521.61 3806.01
4496.19 3824.39
4471.45 3843.34
4447.66 3861.78
4423.29 3880.69
4399.90 3899.77
4376.72 3919.43
4353.78 3938.99
4333.43 3957.86
4313.60 3976.21
4294.13 3994.58
4275.17 4012.82
4256.43 4031.35
4237.94 4049.65
4218.48 4068.89
4198.56 4089.02
4180.12 4108.98
4162.07 4129.17
4143.43 4150.65
4124.21 4172.79
4106.63 4193.52
4089.95 4213.54
4074.49 4232.68
4061.22 4255.21
4047.91 4272.41
4037.34 4286.06
4029.52 4296.17
4024.43 4302.74
4018.46 4311.48
4012.87 4320.01
4005.97 4330.53
3999.10 4342.73
3991.64 4356.27
3982.66 4371.71
3973.29 4386.37
3963.54 4401.65
3953.49 4417.38
3943.54 4432.94
3934.34 4449.03
3927.99 4466.31
3927.34 4484.85
3933.62 4501.19
3946.88 4514.12
3963.24 4520.18
3981.03 4519.05
3996.53 4509.99
4006.87 4495.52
4011.16 4478.51
4010.34 4460.35
4005.79 4442.44
4000.71 4425.43
3995.51 4408.52
3990.13 4390.99
3984.82 4373.71
3978.95 4357.21
3973.04 4340.66
3967.02 4323.81
3961.35 4306.90
3957.03 4289.83
3952.95 4272.41
3951.60 4254.03
3951.27 4235.32
3951.36 4217.09
3952.71 4198.78
3955.25 4180.74
3958.94 4162.82
3962.80 4145.46
3966.50 4129.63
3970.42 4112.86
3974.21 4096.65
3978.20 4079.61
3982.19 4062.52
3985.70 4047.51
3989.22 4032.49
3993.04 4016.16
3996.80 4000.08
3999.92 3986.73
4003.37 3971.97
4004.74 3958.17
4006.04 3942.75
4007.05 3925.52
4007.39 3911.15
4007.74 3896.57
4008.14 3879.36
4008.45 3864.58
4008.76 3849.35
4009.02 3836.73
4010.41 3822.35
4012.02 3806.24
4013.54 3791.06
4014.95 3776.90
4016.55 3760.92
4017.60 3744.53
4018.67 3726.78
4019.61 3713.11
4021.68 3698.02
4023.85 3682.27
4025.98 3666.75
4028.24 3650.30
4030.79 3631.77
4032.26 3613.14
4033.40 3592.29
4034.66 3569.49
4035.97 3545.68
4040.71 3520.69
4042.16 3494.40
4043.71 3466.38
4045.35 3436.67
4047.07 3405.41
4048.84 3373.52
4050.67 3340.21
4052.53 3306.66
4054.37 3273.23
4054.75 3239.67
4054.70 3206.21
4054.66 3172.27
4054.18 3138.62
4053.50 3104.30
4052.84 3070.94
4051.61 3037.05
4050.22 3007.00
4048.28 2977.47
4046.00 2946.72
4043.67 2915.28
4041.35 2883.90
4039.06 2852.88
4034.71 2821.52
4030.03 2790.32
4025.44 2759.65
4020.57 2727.15
4013.56 2693.61
4006.60 2660.67
3999.49 2627.03
3991.99 2596.17
3983.93 2564.83
3975.62 2534.75
3966.24 2504.23
3956.82 2475.53
3946.31 2446.24
3935.68 2418.37
3923.96 2389.85
3912.22 2363.35
3899.71 2336.42
3885.91 2308.62
3871.93 2282.22
3857.20 2255.24
3842.10 2230.34
3826.52 2204.75
3810.32 2179.78
3794.04 2155.40
3777.55 2131.95
3759.56 2108.90
3740.83 2085.88
3723.00 2064.22
3703.00 2041.70
3683.76 2020.85
3663.52 1999.90
3643.95 1980.68
3623.68 1961.81
3602.22 1943.42
3579.90 1924.82
3557.17 1906.98
3534.35 1889.36
3511.77 1873.00
3487.59 1856.16
3463.76 1841.22
3439.63 1826.10
3416.18 1811.97
3391.68 1797.82
3366.84 1784.24
3341.29 1771.24
3315.24 1759.22
3288.42 1743.85
