1794.40 9297.13
1809.79 9297.22
1826.78 9297.31
1846.02 9297.42
1867.28 9297.55
1890.14 9297.68
1914.97 9297.82
1942.26 9297.98
1971.86 9298.15
2003.69 9298.33
2037.51 9301.83
2070.84 9305.32
2104.23 9305.51
2138.29 9305.17
2171.46 9304.85
2204.76 9304.34
2237.89 9303.18
2271.83 9301.98
2306.22 9300.32
2339.52 9298.15
2372.93 9295.21
2407.08 9291.45
2440.01 9287.66
2469.17 9283.78
2499.63 9279.26
2531.53 9273.71
2565.14 9267.79
2598.03 9261.16
2631.55 9254.35
2664.72 9246.56
2697.76 9238.70
2729.99 9229.57
2761.76 9220.14
2794.44 9209.98
2827.05 9198.90
2859.51 9187.63
2891.66 9176.09
2923.61 9163.64
2953.95 9150.89
2984.80 9137.82
3014.71 9124.68
3043.97 9111.57
3072.01 9097.97
3099.95 9084.18
3127.07 9069.83
3153.72 9055.49
3181.66 9039.77
3209.12 9024.31
3237.46 9006.90
3266.22 8988.91
3294.37 8971.09
3322.29 8952.63
3349.34 8933.79
3375.50 8914.03
3402.09 8893.88
3426.54 8874.40
3451.40 8854.59
3475.14 8834.26
3498.44 8814.00
3521.38 8793.77
3543.85 8772.78
3565.75 8751.00
3586.59 8729.59
3606.71 8708.65
3627.28 8686.26
3646.82 8663.46
3666.65 8639.72
3685.13 8614.99
3701.98 8591.81
3718.86 8567.85
3735.21 8543.35
3750.36 8518.41
3765.15 8493.64
3779.67 8466.48
3793.13 8440.53
3806.46 8413.89
3817.85 8387.65
3828.18 8358.01
3838.07 8329.17
3847.52 8300.48
3856.17 8271.49
3863.96 8243.06
3870.74 8214.86
3876.78 8186.55
3881.43 8158.48
3886.41 8128.31
3888.70 8098.16
3890.48 8066.93
3891.26 8037.47
3892.02 8008.78
3892.40 7978.47
3891.53 7948.55
3890.65 7918.48
3889.74 7887.28
3887.84 7857.68
3885.26 7827.59
3881.40 7799.43
3877.57 7771.41
3873.52 7741.85
3869.74 7713.93
3864.58 7684.70
3859.47 7655.81
3854.19 7625.98
3849.19 7597.70
3843.92 7567.96
3838.70 7538.43
3833.77 7510.57
3828.68 7481.83
3823.54 7452.75
3818.55 7424.54
3813.67 7396.99
3808.52 7367.92
3803.27 7338.24
3798.22 7309.71
3793.01 7280.22
3788.11 7252.55
3783.01 7223.75
3778.06 7195.77
3772.86 7166.41
3767.73 7137.42
3762.42 7107.38
3757.14 7077.54
3752.30 7050.22
3747.31 7022.01
3742.06 6992.35
3736.42 6960.77
3730.56 6927.64
3724.74 6894.75
3718.99 6862.00
3713.30 6829.92
3707.61 6797.87
3702.18 6767.26
3696.49 6735.20
3690.74 6702.78
3685.45 6672.98
3680.06 6642.57
3674.56 6611.61
3669.39 6582.46
3664.10 6552.66
3658.86 6523.09
3653.49 6492.84
3648.16 6462.82
3642.68 6431.92
3637.14 6402.74
3632.30 6374.29
3627.76 6345.18
3623.33 6316.80
3619.00 6288.68
3614.45 6259.54
3609.86 6230.10
3605.41 6201.57
3601.05 6173.60
3597.38 6145.70
3593.93 6115.82
3590.50 6086.14
3587.08 6056.51
3583.76 6027.66
3580.39 5998.04
3578.01 5969.04
3575.57 5939.24
3573.26 5911.00
3570.80 5880.98
3568.34 5851.00
3566.58 5822.17
3565.39 5793.53
3564.18 5764.69
3562.95 5735.19
3562.72 5706.08
3562.69 5676.15
3562.66 5645.78
3562.63 5615.25
3563.00 5586.92
3564.24 5557.80
3566.21 5527.89
3568.35 5499.15
3570.76 5468.36
3573.86 5439.00
3577.00 5409.24
3580.15 5379.46
3583.96 5350.23
3588.18 5321.75
3592.53 5293.60
3597.82 5264.37
3603.22 5234.46
3608.83 5205.44
3614.48 5178.57
3620.48 5149.97
3627.05 5120.98
3634.39 5092.29
3641.84 5063.13
3649.98 5034.75
3658.27 5007.08
3666.60 4979.23
3675.53 4952.31
3685.25 4924.02
3695.19 4895.11
3705.49 4867.16
3715.27 4841.25
3725.99 4813.63
3736.73 4786.82
3747.67 4759.51
3758.96 4732.63
3770.50 4707.19
3782.42 4680.91
3795.21 4654.06
3809.35 4625.90
3820.12 4598.10
3835.08 4569.49
3848.88 4543.11
3864.06 4517.37
3879.14 4492.11
3894.22 4466.86
3910.39 4439.78
3925.43 4414.74
3942.32 4388.63
3958.28 4363.95
3974.53 4340.42
3992.56 4315.42
4009.41 4292.07
4027.89 4267.80
4045.70 4244.40
4065.85 4219.23
4084.28 4196.94
4102.81 4175.07
4123.50 4151.65
4142.91 4129.69
4163.56 4106.44
4182.41 4086.23
4201.10 4062.07
4223.83 4039.32
4247.60 4015.58
4272.43 3991.63
4296.64 3968.49
4321.37 3946.12
4346.43 3923.57
4371.75 3902.17
4397.82 3880.12
4424.33 3858.01
4451.52 3837.33
4478.80 3816.58
4506.95 3800.08
4530.10 3783.12
4551.16 3768.33
4573.51 3753.27
4596.48 3737.80
4619.67 3722.99
4643.64 3707.80
4667.69 3692.68
4692.30 3678.28
4716.34 3664.21
4740.01 3650.42
4765.54 3636.74
4789.91 3623.68
4814.67 3610.70
4840.38 3597.98
4866.50 3585.06
4892.52 3572.73
4918.33 3561.01
4945.73 3548.57
4975.92 3535.99
5007.62 3523.10
5038.68 3510.81
5070.69 3498.66
5102.64 3487.37
5134.87 3476.13
5167.13 3465.74
5199.89 3455.74
5231.69 3442.58
5264.71 3433.30
5298.04 3424.46
5330.76 3416.35
5363.08 3408.91
5395.79 3401.52
5429.05 3394.96
5462.43 3388.51
5496.36 3382.61
5530.07 3377.02
5562.75 3369.54
5593.06 3364.53
5619.28 3360.74
5642.35 3357.40
5661.59 3354.50
5678.40 3350.68
5695.59 3346.73
5712.66 3343.58
5730.84 3341.46
5748.26 3339.43
5765.99 3337.37
5783.16 3335.37
5801.00 3333.29
5818.30 3331.28
5835.74 3329.25
5853.56 3327.18
5871.60 3325.08
5889.40 3323.00
5906.72 3320.99
5924.53 3318.92
5941.85 3316.90
5959.55 3314.47
5977.64 3311.80
5995.74 3308.91
6013.53 3305.36
6031.04 3301.86
6048.88 3298.29
6066.66 3294.74
6084.27 3291.22
6101.76 3287.72
6117.96 3284.49
6134.69 3281.14
6151.19 3277.85
6168.12 3274.46
6184.64 3271.16
6198.41 3267.86
6211.12 3264.22
6224.07 3260.50
6239.08 3256.20
6253.07 3252.18
6266.27 3248.40
6280.54 3244.45
6295.07 3240.45
6308.41 3236.78
6320.43 3229.40
6332.87 3221.02
6343.48 3213.20
6354.13 3205.35
6364.52 3195.80
6374.76 3186.26
6385.31 3174.72
6395.04 3163.86
6404.41 3151.40
6412.85 3140.19
6420.50 3130.02
6427.43 3118.40
6434.61 3106.03
6441.21 3094.65
6448.68 3081.78
6456.34 3068.58
6462.91 3057.27
6469.20 3046.42
6475.90 3034.88
6483.16 3022.37
6489.81 3010.91
6496.75 2998.95
6504.07 2985.74
6511.17 2972.22
6517.28 2960.60
6524.04 2947.75
6530.74 2934.99
6537.05 2923.00
6543.60 2910.53
6549.96 2898.43
6556.78 2885.45
6563.14 2873.35
6569.24 2861.75
6575.12 2850.56
6581.16 2839.08
6587.28 2827.42
6593.85 2814.93
6600.48 2801.50
6606.26 2788.92
6611.95 2776.52
6617.61 2764.15
6623.44 2751.27
6629.69 2737.49
6635.35 2724.99
6640.89 2712.77
6647.22 2699.15
6653.30 2686.36
6659.78 2672.75
6666.11 2659.43
6670.12 2646.85
6673.50 2634.67
6677.23 2621.23
6680.99 2607.70
6685.39 2591.83
6688.94 2579.03
6693.09 2563.57
6696.53 2550.32
6700.50 2535.05
6703.69 2522.80
6707.56 2508.87
6711.87 2494.98
6715.70 2482.60
6719.94 2469.04
6724.12 2455.90
6728.55 2441.98
6732.45 2429.72
6736.72 2416.31
6740.51 2404.40
6744.43 2392.07
6748.46 2379.41
6752.50 2366.71
6756.99 2352.61
6761.74 2337.78
6766.06 2324.36
6770.34 2311.06
6774.62 2297.86
6779.06 2285.02
6783.74 2271.48
6788.25 2258.44
6792.67 2245.63
6797.33 2232.17
6804.80 2217.31
6812.10 2204.00
6820.49 2188.68
6826.66 2172.73
6832.95 2154.67
6840.02 2134.32
6847.66 2111.93
6858.87 2088.08
6867.68 2061.33
6876.67 2033.23
6885.24 2005.77
6893.40 1979.65
6901.85 1952.57
6909.53 1925.37
6917.04 1895.98
6924.83 1865.53
