3293.69 1730.05
3308.50 1736.46
3323.80 1743.08
3340.57 1750.76
3357.19 1762.42
3376.49 1772.54
3396.36 1786.79
3419.29 1799.95
3443.76 1814.55
3468.91 1830.12
3496.48 1847.26
3524.16 1866.96
3552.54 1888.33
3582.37 1911.45
3612.79 1937.02
3643.60 1964.38
3673.11 1992.68
3701.70 2022.26
3729.36 2053.13
3755.84 2085.13
3781.24 2117.56
3805.31 2150.99
3828.48 2185.00
3849.77 2219.41
3870.85 2255.02
3890.52 2291.30
3908.31 2328.22
3925.36 2364.68
3941.62 2402.01
3956.45 2439.93
3970.15 2478.31
3983.04 2517.76
3994.64 2557.63
4004.86 2597.08
4014.11 2636.93
4022.60 2676.51
4031.13 2716.30
4037.16 2756.40
4042.86 2797.35
4048.57 2838.42
4053.13 2879.09
4056.21 2920.01
4062.50 2960.19
4068.68 3001.46
4070.74 3042.23
4071.82 3083.01
4072.25 3123.93
4072.64 3164.37
4072.39 3204.51
4072.12 3245.75
4071.32 3284.42
4069.83 3323.47
4068.37 3361.58
4066.96 3398.47
4065.59 3434.29
4064.28 3468.26
4063.01 3501.59
4061.86 3531.60
4060.79 3559.50
4060.09 3583.88
4061.70 3606.48
4060.25 3629.12
4058.95 3649.41
4057.64 3669.76
4056.79 3689.03
4057.41 3707.20
4058.03 3725.38
4058.08 3743.59
4057.63 3762.11
4057.19 3779.91
4056.75 3797.91
4055.89 3814.98
4054.83 3832.31
4053.76 3849.88
4053.04 3868.24
4052.38 3889.00
4051.74 3909.77
4051.10 3930.50
4050.50 3950.14
4049.87 3970.67
4049.25 3990.82
4048.65 4010.25
4048.05 4029.66
4048.47 4048.87
4049.04 4065.53
4049.65 4083.74
4050.22 4100.85
4051.63 4118.50
4054.59 4135.61
4059.59 4153.71
4065.69 4171.38
4072.66 4187.28
4080.79 4202.59
4089.52 4218.58
4098.38 4234.79
4106.72 4250.05
4114.94 4265.49
4123.53 4282.20
4128.04 4298.79
4131.87 4316.33
4133.41 4333.15
4133.02 4351.19
4131.79 4368.89
4128.48 4386.79
4122.82 4404.70
4116.22 4420.26
4108.08 4436.71
4099.32 4450.82
4089.04 4464.71
4077.07 4477.65
4064.25 4489.25
4050.54 4500.26
4035.11 4510.07
4021.21 4518.07
4006.25 4526.06
3994.06 4532.00
3981.89 4537.36
3973.85 4540.90
3966.19 4544.28
3962.39 4545.95
3957.01 4548.32
3950.11 4551.36
3944.62 4553.78
3937.66 4556.98
3932.19 4559.99
3925.91 4563.43
3917.75 4567.91
3911.47 4571.36
3905.48 4575.21
3901.41 4578.11
3896.99 4581.25
3892.49 4584.45
3887.14 4588.25
3881.40 4593.44
3876.08 4598.95
3869.71 4605.75
3862.33 4613.77
3853.62 4623.22
3843.21 4634.52
3831.68 4647.72
3818.98 4663.11
3807.34 4681.74
3796.62 4698.99
3785.98 4716.66
3776.41 4735.11
3767.85 4753.68
3759.66 4772.65
3752.47 4789.51
3745.68 4807.30
3739.16 4824.52
3732.37 4842.08
3725.50 4859.19
3717.81 4876.03
3709.97 4893.38
3703.60 4911.78
3696.71 4932.10
3689.16 4954.36
3680.82 4979.24
3669.59 5005.31
3660.94 5034.46
3651.88 5065.89
3643.38 5099.00
3634.32 5134.33
3626.20 5172.11
3618.70 5207.14
3611.94 5241.68
3605.13 5278.84
3599.15 5314.78
3594.56 5348.21
3590.04 5383.63
3585.70 5421.31
3581.82 5454.99
3578.59 5490.55
3576.37 5524.03
3574.25 5560.08
3572.98 5592.58
3572.82 5627.84
3572.80 5658.66
3572.78 5692.06
3572.76 5727.14
3573.82 5757.98
3575.21 5790.36
3576.70 5825.02
3578.84 5855.62
3581.58 5888.13
3584.15 5918.72
3586.94 5951.79
3589.38 5980.77
3592.25 6009.78
3595.93 6039.52
3599.67 6069.67
3603.25 6098.57
3607.03 6129.11
3610.94 6160.68
3615.63 6190.46
3620.25 6219.84
3624.94 6249.62
3629.93 6281.36
3634.23 6308.67
3637.94 6331.94
3638.10 6354.19
3641.92 6378.44
3645.71 6400.73
3649.33 6421.07
3652.50 6439.52
3655.34 6456.06
3657.85 6470.67
3660.03 6483.37
3658.63 6494.76
3660.52 6505.74
3662.80 6519.06
3665.16 6532.78
3667.84 6548.36
3670.99 6566.71
3674.39 6586.51
3678.11 6608.15
3682.12 6631.52
3686.26 6655.34
3690.92 6681.46
3695.07 6704.71
3699.60 6730.09
3704.40 6757.00
3708.93 6782.39
3713.84 6809.93
3718.82 6837.84
3724.05 6867.12
3729.00 6894.86
3734.43 6925.33
3739.88 6955.85
3745.64 6988.15
3751.34 7019.82
3757.05 7051.77
3762.93 7084.72
3768.49 7116.14
3774.29 7148.62
3779.66 7178.69
3785.07 7208.99
3790.43 7238.99
3795.75 7268.78
3801.34 7300.07
3806.77 7330.52
3812.11 7360.37
3817.34 7389.71
3822.85 7420.52
3828.20 7450.52
3833.53 7480.37
3838.87 7510.25
3844.27 7540.49
3849.40 7569.20
3854.46 7597.58
3859.87 7627.87
3865.02 7656.70
3869.80 7683.44
3874.84 7711.67
3878.27 7741.05
3881.73 7771.16
3885.72 7800.07
3889.80 7829.53
3893.31 7858.79
3894.14 7888.21
3894.94 7916.62
3895.76 7945.76
3896.57 7974.53
3896.40 8004.84
3895.40 8034.47
3894.38 8064.61
3892.40 8093.54
3889.43 8123.21
3885.37 8152.55
3880.91 8180.44
3876.03 8206.21
3869.88 8233.26
3862.49 8261.94
3854.34 8290.92
3844.88 8319.51
3835.43 8347.24
3824.52 8376.08
3813.56 8405.05
3800.35 8432.58
3788.54 8456.57
3775.31 8480.75
3761.48 8505.40
3746.65 8529.74
3731.05 8555.34
3716.02 8577.74
3699.39 8601.87
3681.61 8625.47
3663.02 8649.54
3645.02 8670.88
3626.87 8692.05
3607.36 8713.72
3586.54 8735.52
3565.77 8757.01
3544.79 8777.70
3522.20 8798.20
3500.08 8817.69
3476.79 8837.85
3453.51 8857.60
3430.84 8875.42
3408.26 8893.21
3386.62 8909.88
3363.87 8927.25
3340.44 8944.69
3315.22 8961.89
3290.05 8978.13
3265.56 8993.46
3240.75 9008.99
3216.99 9023.85
3190.49 9039.03
3164.53 9053.79
3138.71 9067.89
3112.43 9081.43
3085.62 9095.12
3058.34 9108.97
3031.96 9121.22
3005.60 9133.15
2977.65 9145.24
2949.78 9157.13
2922.22 9168.27
2894.56 9178.94
2866.09 9189.40
2839.11 9198.74
2811.66 9207.87
2782.09 9217.29
2755.15 9225.66
2726.98 9233.84
2698.60 9241.88
2669.92 9249.00
2641.12 9256.16
2611.56 9262.47
2582.77 9268.26
2552.53 9274.01
2523.02 9279.20
2493.88 9284.13
2464.45 9288.31
2435.48 9292.43
2408.56 9295.35
2379.27 9298.53
2351.81 9300.97
2324.68 9303.12
2298.01 9304.62
2268.77 9305.98
2238.54 9307.20
2208.40 9308.42
2178.29 9308.97
2148.16 9308.97
2119.32 9308.96
2091.68 9308.84
2063.49 9308.69
2033.08 9308.52
2002.26 9308.35
1973.52 9308.19
1943.22 9308.02
1913.09 9307.85
1884.20 9307.69
1853.53 9307.52
1821.97 9307.35
1788.97 9307.16
