1794.40 9297.13
1807.78 9297.20
1823.59 9300.59
1840.35 9300.69
1858.94 9300.80
1879.63 9304.22
1901.57 9304.34
1925.39 9304.48
1951.62 9304.63
1980.31 9304.80
2010.90 9304.97
2043.12 9305.16
2077.42 9305.36
2113.29 9305.42
2150.64 9305.05
2187.59 9304.69
2225.65 9303.61
2262.79 9302.30
2300.26 9300.66
2337.35 9298.34
2374.39 9295.08
2411.74 9290.93
2448.42 9286.57
2486.12 9281.26
2523.62 9275.10
2560.27 9268.65
2597.72 9261.22
2634.12 9253.83
2670.24 9245.24
2706.56 9236.27
2742.35 9226.03
2778.03 9215.08
2813.29 9203.59
2848.39 9191.49
2883.56 9179.06
2918.58 9165.75
2952.49 9151.51
2985.64 9137.46
3017.49 9123.44
3050.97 9108.35
3082.63 9092.73
3114.58 9076.44
3145.35 9060.16
3174.14 9044.00
3203.72 9027.36
3231.11 9010.82
3259.48 8993.13
3288.74 8974.82
3315.76 8956.95
3343.40 8937.95
3370.34 8917.93
3397.15 8897.67
3424.16 8876.29
3450.21 8855.54
3475.35 8834.08
3500.09 8812.56
3523.92 8791.40
3548.71 8768.24
3571.41 8745.19
3595.38 8720.57
3618.44 8695.88
3639.84 8671.80
3660.02 8647.68
3680.48 8621.28
3699.54 8595.28
3718.54 8568.31
3737.33 8539.86
3755.09 8510.63
3771.81 8481.19
3787.75 8451.28
3802.68 8421.45
3816.60 8391.27
3827.40 8360.28
3838.01 8329.36
3848.37 8297.88
3857.87 8265.28
3866.09 8234.56
3873.30 8204.03
3879.17 8172.13
3884.14 8142.07
3887.82 8111.53
3889.92 8079.55
3890.97 8048.12
3891.83 8015.79
3892.55 7983.80
3891.73 7955.47
3890.84 7924.89
3889.91 7892.88
3888.09 7861.17
3886.03 7833.64
3882.12 7804.68
3878.18 7775.92
3874.53 7749.22
3870.82 7721.73
3866.09 7693.19
3861.00 7664.47
3855.71 7634.57
3850.52 7605.25
3845.44 7576.54
3839.88 7545.08
3834.91 7517.00
3829.91 7488.79
3824.96 7460.80
3819.95 7432.49
3814.68 7402.72
3809.87 7375.53
3805.14 7348.80
3800.32 7321.56
3795.56 7294.64
3790.72 7267.33
3785.66 7238.74
3780.67 7210.53
3775.81 7183.08
3770.58 7153.52
3765.31 7123.73
3760.15 7094.59
3754.79 7064.28
3749.17 7032.51
3743.28 6999.25
3736.98 6963.94
3730.44 6926.95
3723.90 6890.03
3717.49 6853.55
3710.97 6816.81
3704.45 6780.07
3697.98 6743.57
3691.38 6706.40
3684.75 6669.04
3678.14 6631.79
3671.46 6594.14
3664.89 6557.07
3658.42 6520.64
3651.97 6484.30
3645.82 6449.63
3639.76 6415.46
3633.36 6381.12
3628.05 6347.05
3622.95 6314.04
3617.87 6281.47
3612.68 6248.20
3607.59 6215.56
3602.46 6182.66
3597.99 6151.01
3594.23 6118.40
3590.42 6085.43
3586.52 6051.60
3582.68 6018.34
3579.30 5984.75
3576.52 5950.85
3573.89 5918.69
3571.29 5886.99
3568.61 5854.22
3566.58 5822.09
3565.21 5789.21
3563.83 5756.24
3562.73 5723.75
3562.70 5690.44
3562.67 5658.77
3562.64 5625.55
3562.75 5592.85
3564.13 5560.29
3566.16 5528.60
3568.61 5495.66
3571.21 5464.09
3574.42 5433.72
3577.41 5405.38
3580.59 5375.26
3584.87 5344.12
3589.47 5313.07
3594.17 5284.53
3599.48 5255.16
3604.92 5225.08
3610.61 5196.96
3616.31 5169.83
3622.11 5142.22
3628.31 5116.03
3635.48 5088.00
3643.28 5057.53
3651.81 5028.65
3659.91 5001.59
3668.57 4972.66
3678.26 4944.37
3687.42 4917.71
3697.11 4889.50
3707.52 4861.77
3716.82 4837.14
3727.29 4810.38
3737.95 4783.79
3748.91 4756.43
3760.04 4730.24
3771.10 4705.86
3782.70 4680.28
3795.00 4654.49
3807.53 4629.37
3818.58 4601.04
3833.74 4572.05
3850.05 4541.12
3866.53 4513.23
3883.91 4484.14
3900.53 4456.30
3916.94 4428.83
3935.36 4399.40
3953.55 4371.26
3971.97 4343.97
3991.02 4317.57
4009.91 4291.38
4030.93 4263.82
4050.03 4238.93
4071.48 4212.25
4091.95 4187.76
4112.45 4164.16
4134.38 4139.34
4157.55 4113.12
4177.62 4086.53
4201.75 4061.41
4227.69 4035.46
4252.63 4010.73
4275.83 3988.34
4299.08 3966.28
4323.12 3944.54
4347.34 3922.80
4372.41 3901.60
4394.60 3882.84
4413.34 3867.00
4429.21 3854.30
4445.15 3842.18
4458.31 3832.16
4470.99 3822.52
4485.70 3811.51
4502.87 3802.94
4519.54 3790.86
4537.67 3777.58
4557.47 3764.08
4578.61 3749.84
4601.62 3734.43
4626.45 3718.69
4653.07 3701.82
4682.27 3684.15
4713.08 3666.12
4745.37 3647.55
4778.01 3630.06
4809.51 3613.26
4840.27 3598.04
4872.37 3582.15
4904.86 3567.13
4937.03 3552.52
4968.89 3538.84
5001.39 3525.63
5034.26 3512.54
5068.20 3499.54
5102.69 3487.35
5136.77 3475.52
5170.78 3464.62
5203.07 3454.76
5233.51 3445.47
5262.26 3437.36
5288.41 3427.02
5316.59 3419.62
5344.18 3413.26
5372.66 3406.70
5401.21 3400.45
5429.48 3394.88
5457.36 3389.39
5485.18 3384.55
5513.75 3379.59
5539.55 3375.65
5560.94 3372.26
5584.35 3365.79
5604.09 3362.94
5619.37 3360.73
5630.20 3359.16
5640.94 3357.61
5652.87 3355.88
5666.32 3353.46
5681.43 3349.99
5698.67 3346.03
5717.94 3342.96
5738.17 3340.61
5757.29 3338.38
5777.60 3336.02
5797.66 3333.68
5817.08 3331.42
5836.29 3329.19
5856.62 3326.82
5876.14 3324.55
5895.43 3322.30
5914.21 3320.12
5930.46 3318.23
5948.17 3316.15
5967.55 3313.29
5985.34 3310.66
6000.62 3307.94
6016.00 3304.86
6030.16 3302.03
6045.15 3299.04
6058.34 3296.40
6072.63 3293.55
6087.29 3290.62
6103.23 3287.43
6119.68 3284.14
6135.92 3280.90
6151.06 3277.87
6164.25 3275.23
6179.22 3272.24
6193.53 3269.26
6209.62 3264.64
6226.24 3259.88
6242.16 3255.31
6257.42 3250.93
6272.98 3246.53
6287.45 3242.55
6302.99 3238.27
6314.78 3232.93
6327.25 3225.15
6340.61 3215.32
6353.29 3205.97
6363.92 3196.36
6375.44 3185.62
6385.78 3174.20
6395.36 3163.43
6404.58 3151.18
6413.46 3139.38
6422.12 3127.54
6429.87 3114.18
6438.20 3099.83
6444.82 3088.44
6452.21 3075.70
6459.49 3063.14
6467.22 3049.83
6475.95 3034.79
6484.21 3020.56
6491.39 3008.18
6498.97 2995.13
6506.42 2981.27
6513.25 2968.26
6519.51 2956.36
6526.48 2943.10
6533.90 2928.98
6540.58 2916.27
6548.12 2901.93
6555.03 2888.79
6561.93 2875.66
6569.46 2861.33
6576.69 2847.59
6584.54 2832.64
6592.48 2817.54
6599.09 2804.53
6604.77 2792.16
6610.44 2779.82
6616.34 2766.94
6622.70 2752.92
6628.56 2739.97
6634.65 2726.55
6641.36 2711.74
6648.75 2695.93
6656.18 2680.31
6661.80 2668.49
6667.61 2655.92
6671.96 2640.22
6676.01 2625.62
6679.50 2613.05
6683.47 2598.76
6688.07 2582.15
6692.22 2566.91
6696.14 2551.85
6699.94 2537.22
6703.48 2523.62
6707.26 2509.83
6710.98 2497.84
6715.21 2484.19
6719.70 2469.81
6725.01 2453.10
6730.24 2436.66
6734.82 2422.28
6739.94 2406.20
6744.88 2390.65
6749.79 2375.21
6754.39 2360.79
6759.07 2346.10
6763.37 2332.72
6767.80 2318.97
6772.83 2303.33
6777.95 2288.20
6782.49 2275.08
6787.45 2260.74
6792.58 2245.89
6798.41 2229.03
6806.75 2213.75
6814.03 2200.46
6822.45 2184.66
6828.75 2166.72
6835.75 2146.60
6843.24 2124.90
6852.53 2102.11
6862.38 2077.42
6871.24 2050.52
6880.23 2021.82
6888.87 1994.17
6897.79 1965.60
6906.14 1937.80
6912.48 1913.80
6918.79 1889.14
6925.29 1863.72
