1794.90 9297.13
1810.54 9297.22
1827.74 9300.62
1847.04 9300.73
1868.10 9300.85
1890.69 9300.98
1915.85 9301.13
1942.69 9301.28
1971.75 9301.45
2002.79 9301.63
2034.29 9301.81
2065.45 9301.99
2097.03 9302.17
2128.46 9301.97
2159.68 9301.66
2191.16 9301.35
2222.82 9300.40
2254.17 9299.30
2286.27 9298.14
2318.10 9296.35
2349.96 9293.94
2379.58 9291.18
2408.14 9288.01
2436.34 9284.81
2466.20 9280.88
2494.79 9279.98
2523.52 9275.12
2551.25 9270.24
2580.33 9264.75
2609.40 9258.85
2640.30 9252.36
2669.35 9245.46
2700.28 9238.07
2729.00 9229.85
2758.68 9221.10
2786.51 9212.44
2815.46 9202.85
2845.02 9192.66
2872.73 9183.04
2900.17 9172.96
2928.83 9161.45
2955.70 9150.15
2981.70 9139.13
3005.19 9128.95
3027.61 9118.90
3050.89 9108.39
3073.89 9097.05
3096.80 9085.75
3120.95 9073.07
3143.35 9061.22
3167.50 9047.74
3192.90 9033.44
3218.00 9019.02
3241.23 9004.54
3264.67 8989.88
3288.26 8975.13
3310.96 8960.12
3334.14 8944.42
3356.72 8928.22
3379.11 8911.30
3402.44 8893.60
3426.34 8874.55
3448.38 8856.99
3470.22 8838.49
3491.04 8820.50
3512.74 8801.45
3534.30 8781.70
3554.24 8762.82
3573.43 8743.11
3593.71 8722.28
3614.95 8699.68
3635.49 8677.01
3654.50 8654.28
3673.78 8630.38
3691.53 8606.30
3708.58 8582.44
3724.95 8559.20
3740.58 8534.52
3755.68 8509.65
3770.73 8483.21
3785.06 8456.41
3798.11 8430.58
3811.66 8403.50
3821.93 8375.96
3832.00 8347.05
3840.91 8320.54
3850.01 8292.92
3858.13 8264.35
3865.92 8235.24
3872.70 8206.58
3878.34 8177.15
3883.15 8148.04
3887.20 8121.02
3889.13 8091.62
3890.59 8062.48
3891.38 8032.90
3892.19 8002.33
3892.28 7974.22
3891.44 7945.55
3890.61 7917.04
3889.75 7887.38
3887.90 7858.53
3885.56 7829.79
3881.55 7800.52
3877.55 7771.28
3873.52 7741.85
3869.71 7713.69
3864.64 7684.99
3859.51 7656.03
3854.45 7627.44
3849.18 7597.65
3844.06 7568.71
3839.10 7540.68
3834.04 7512.12
3828.97 7483.46
3824.10 7455.93
3818.95 7426.80
3813.95 7398.56
3808.81 7369.55
3803.50 7339.55
3798.48 7311.14
3793.13 7280.92
3788.19 7253.01
3783.06 7224.02
3778.16 7196.32
3773.31 7168.95
3768.20 7140.05
3762.81 7109.58
3757.36 7078.78
3752.28 7050.12
3746.88 7019.56
3741.43 6988.76
3735.91 6957.88
3730.33 6926.34
3724.92 6895.78
3719.40 6864.31
3713.93 6833.51
3708.32 6801.88
3702.81 6770.84
3697.28 6739.64
3691.76 6708.55
3686.15 6676.91
3680.52 6645.17
3674.95 6613.81
3669.41 6582.58
3663.85 6551.26
3658.36 6520.29
3652.74 6488.64
3647.10 6456.85
3641.54 6425.48
3635.53 6394.91
3630.55 6363.11
3625.68 6331.86
3621.07 6301.95
3616.12 6270.24
3611.17 6238.52
3606.26 6207.01
3601.36 6175.58
3597.14 6143.61
3593.48 6111.89
3589.97 6081.48
3586.53 6051.68
3582.95 6020.68
3579.76 5990.33
3577.31 5960.40
3574.74 5929.02
3572.31 5899.38
3569.77 5868.37
3567.25 5837.69
3566.01 5808.44
3564.76 5778.50
3563.50 5748.39
3562.73 5717.85
3562.70 5687.93
3562.67 5658.73
3562.64 5628.59
3562.61 5599.15
3563.78 5568.59
3565.37 5539.25
3567.55 5509.91
3569.75 5480.36
3572.65 5450.50
3575.65 5422.11
3578.79 5392.30
3581.84 5364.55
3585.98 5336.61
3590.05 5309.12
3594.95 5280.26
3600.34 5250.41
3605.23 5223.35
3610.48 5197.61
3616.15 5170.59
3622.24 5141.61
3629.69 5110.64
3637.37 5080.62
3645.27 5050.48
3654.52 5019.61
3663.58 4989.33
3673.34 4958.69
3683.70 4928.54
3693.94 4898.75
3704.87 4868.80
3716.11 4839.02
3727.62 4809.56
3739.29 4780.44
3750.99 4751.24
3763.53 4722.54
3776.47 4694.03
3789.81 4665.12
3803.42 4637.24
3817.43 4610.48
3828.41 4582.25
3843.14 4554.09
3858.02 4527.54
3873.86 4500.95
3889.13 4475.39
3905.28 4448.35
3920.25 4423.28
3937.25 4396.47
3953.09 4371.98
3969.22 4347.78
3985.91 4324.65
4003.94 4299.65
4021.75 4275.86
4040.56 4251.20
4058.40 4228.50
4076.59 4206.14
4096.21 4182.69
4115.86 4160.30
4135.39 4138.19
4156.41 4114.40
4176.48 4092.58
4197.73 4070.10
4217.39 4050.43
4236.07 4027.08
4258.98 4004.60
4281.81 3982.58
4305.02 3960.91
4328.98 3939.24
4352.45 3918.48
4376.90 3897.81
4400.98 3877.45
4425.45 3857.16
4450.47 3838.12
4476.13 3818.60
4503.45 3802.64
4527.41 3785.09
4553.72 3766.61
4578.55 3749.88
4603.84 3733.02
4629.00 3717.08
4654.24 3701.08
4679.49 3685.78
4705.52 3670.54
4730.16 3656.12
4756.12 3641.79
4781.23 3628.33
4807.23 3614.40
4833.31 3601.48
4860.53 3588.01
4886.28 3575.56
4913.51 3563.20
4940.10 3551.13
4967.74 3539.31
4995.49 3528.03
5022.49 3517.13
5050.20 3506.31
5078.29 3495.97
5105.58 3486.33
5133.46 3476.58
5162.11 3467.35
5189.02 3459.06
5214.09 3451.40
5236.38 3441.15
5262.03 3434.01
5289.52 3426.72
5317.20 3419.48
5345.02 3413.07
5374.72 3406.23
5403.82 3399.94
5432.55 3394.27
5462.16 3388.56
5491.03 3383.54
5520.59 3378.40
5549.87 3374.16
5578.65 3366.62
5605.86 3362.68
5628.63 3359.39
5648.33 3356.54
5664.65 3353.84
5679.25 3350.49
5694.67 3346.95
5709.82 3343.91
5724.35 3342.21
5739.91 3340.40
5754.44 3338.71
5769.43 3336.97
5785.11 3335.14
5800.06 3333.40
5815.15 3331.65
5830.74 3329.83
5845.72 3328.09
5861.25 3326.28
5876.22 3324.54
5890.40 3322.89
5905.12 3321.17
5920.82 3319.35
5936.31 3317.54
5951.27 3315.70
5965.73 3313.56
5979.79 3311.48
5993.80 3309.30
6009.81 3306.10
6023.82 3303.30
6038.80 3300.31
6053.04 3297.46
6066.98 3294.67
6081.88 3291.70
6096.12 3288.85
6110.86 3285.91
6125.75 3282.93
6141.54 3279.77
6156.63 3276.76
6171.44 3273.80
6187.27 3270.64
6201.81 3266.88
6216.02 3262.81
6230.17 3258.75
6245.09 3254.47
6260.08 3250.17
6275.65 3245.80
6290.25 3241.78
6304.46 3237.87
6317.72 3231.10
6330.86 3222.51
6342.25 3214.11
6354.38 3205.17
6365.92 3194.49
6377.44 3183.49
6387.39 3172.40
6396.54 3161.85
6406.07 3149.19
6414.94 3137.41
6423.30 3125.51
6431.11 3112.05
6438.48 3099.36
6446.00 3086.40
6453.18 3074.02
6460.67 3061.12
6468.71 3047.27
6476.75 3033.40
6483.67 3021.49
6491.19 3008.53
6498.80 2995.41
6505.62 2982.79
6512.61 2969.50
6519.36 2956.64
6526.39 2943.27
6533.10 2930.51
6540.50 2916.43
6547.16 2903.76
6553.91 2890.92
6560.40 2878.56
6567.59 2864.90
6574.64 2851.47
6581.69 2838.06
6588.15 2825.77
6595.24 2812.29
6601.55 2799.18
6608.34 2784.38
6614.16 2771.71
6620.68 2757.36
6626.97 2743.49
6633.10 2729.96
6639.07 2716.78
6645.53 2702.68
6652.15 2688.77
6658.57 2675.29
6665.23 2661.28
6669.76 2648.18
6673.88 2633.32
6678.17 2617.84
6682.28 2603.02
6686.05 2589.44
6690.11 2574.82
6694.04 2559.90
6697.84 2545.30
6701.46 2531.38
6705.08 2517.47
6709.42 2502.85
6713.95 2488.27
6718.72 2472.86
6723.18 2458.85
6727.79 2444.37
6732.08 2430.88
6736.81 2416.03
6741.40 2401.60
6746.03 2387.03
6750.68 2372.42
6755.12 2358.48
6759.99 2343.23
6764.71 2328.58
6769.54 2313.57
6773.99 2299.72
6778.82 2285.71
6783.93 2270.93
6788.91 2256.50
6793.78 2242.41
6798.41 2229.05
6805.71 2215.65
6813.13 2202.11
6820.63 2188.42
6826.66 2172.76
6833.02 2154.45
6839.88 2134.72
6847.27 2112.89
6858.34 2089.71
6867.09 2063.13
6876.01 2035.34
6884.54 2008.02
6893.27 1980.07
6902.02 1952.04
6909.93 1923.79
6917.17 1895.48
6924.44 1867.05
