1794.40 9297.13
1810.68 9297.22
1829.15 9297.33
1850.28 9300.75
1872.87 9304.18
1897.53 9304.32
1923.85 9304.47
1952.03 9304.63
1982.32 9304.81
2014.16 9304.99
2047.74 9305.18
2082.97 9305.39
2120.13 9305.35
2159.28 9304.97
2199.83 9304.52
2241.34 9303.05
2282.23 9301.61
2322.67 9299.40
2362.50 9296.12
2403.74 9291.82
2444.84 9287.03
2485.80 9281.31
2526.02 9274.67
2566.08 9267.63
2606.53 9259.43
2646.76 9250.83
2686.82 9241.30
2726.59 9230.54
2766.00 9218.83
2805.09 9206.38
2843.60 9193.15
2882.02 9179.63
2919.70 9165.28
2956.35 9149.88
2993.23 9134.24
3027.85 9118.79
3062.71 9102.56
3097.34 9085.48
3132.36 9067.03
3166.65 9048.22
3199.58 9029.68
3231.76 9010.41
3263.48 8990.63
3295.55 8970.31
3326.65 8949.66
3357.07 8927.95
3385.91 8906.17
3414.77 8883.78
3444.24 8860.29
3472.76 8836.31
3500.14 8812.51
3527.90 8787.68
3554.30 8762.75
3580.01 8736.35
3605.77 8709.67
3629.49 8683.85
3652.52 8656.65
3675.97 8627.41
3697.80 8597.74
3718.26 8568.70
3737.92 8538.89
3757.08 8507.35
3774.44 8476.26
3791.54 8443.69
3808.12 8410.58
3821.92 8375.98
3833.93 8341.53
3845.40 8306.93
3855.87 8272.60
3865.59 8236.66
3873.90 8201.53
3880.15 8166.21
3886.11 8130.13
3889.07 8092.58
3890.75 8056.62
3891.69 8021.23
3892.59 7985.11
3891.54 7948.90
3890.51 7913.59
3889.20 7876.86
3886.67 7841.04
3882.26 7805.70
3877.34 7769.74
3872.64 7735.26
3867.37 7700.43
3861.02 7664.54
3854.92 7630.07
3848.77 7595.32
3842.62 7560.59
3836.35 7525.16
3830.10 7489.83
3823.84 7454.46
3817.56 7418.99
3811.22 7383.13
3804.86 7347.23
3798.50 7311.26
3792.11 7275.18
3785.99 7240.60
3779.92 7206.27
3773.65 7170.88
3767.44 7135.75
3761.18 7100.40
3755.07 7065.84
3748.80 7030.45
3742.60 6995.37
3732.96 6960.14
3726.29 6922.45
3720.01 6886.96
3713.72 6851.20
3707.28 6814.89
3700.97 6779.34
3694.85 6744.82
3685.49 6710.99
3679.02 6674.53
3672.09 6635.44
3665.01 6595.55
3657.81 6555.00
3650.70 6514.90
3643.49 6474.27
3636.31 6433.79
3628.41 6392.14
3622.06 6351.45
3619.11 6310.79
3613.43 6274.38
3607.96 6239.30
3602.37 6203.48
3596.72 6167.29
3592.51 6132.25
3588.31 6095.92
3584.27 6060.91
3580.14 6025.08
3576.41 5989.83
3573.46 5953.82
3570.57 5918.48
3567.70 5883.50
3564.82 5848.32
3562.95 5814.03
3561.50 5779.56
3560.02 5744.02
3559.42 5709.26
3559.39 5674.66
3559.35 5639.94
3559.32 5605.12
3560.36 5571.36
3562.33 5535.64
3564.97 5500.08
3567.78 5465.13
3571.47 5430.18
3575.10 5395.86
3578.94 5361.59
3584.03 5327.23
3589.11 5293.95
3595.39 5259.21
3601.50 5225.45
3608.07 5193.03
3615.19 5159.14
3622.31 5126.21
3630.45 5094.39
3638.85 5061.52
3648.42 5028.48
3658.14 4996.01
3668.25 4963.33
3679.47 4930.71
3690.52 4898.54
3701.49 4868.41
3712.13 4840.22
3719.26 4812.65
3730.14 4785.49
3741.27 4757.72
3752.81 4730.18
3764.74 4703.89
3776.55 4677.85
3789.21 4651.32
3802.73 4624.32
3814.61 4594.39
3828.57 4567.71
3842.48 4541.11
3855.81 4518.27
3865.84 4498.35
3875.27 4478.88
3887.02 4459.94
3898.57 4441.64
3910.47 4422.80
3921.80 4403.77
3932.36 4384.31
3942.42 4365.78
3952.67 4346.90
3962.85 4328.15
3972.04 4307.93
3980.45 4287.72
3987.70 4267.32
3994.26 4246.96
3999.20 4225.32
4002.93 4204.29
4005.97 4182.34
4007.80 4161.31
4009.48 4139.08
4010.46 4117.44
4010.59 4096.31
4010.37 4074.95
4010.86 4053.99
4011.57 4031.73
4012.28 4009.49
4012.96 3988.05
4013.66 3966.10
4014.41 3944.90
4016.05 3923.32
4017.69 3901.82
4019.34 3880.22
4021.19 3858.28
4022.84 3836.47
4023.85 3812.04
4024.96 3785.11
4026.15 3756.43
4030.76 3725.97
4032.13 3692.91
4033.57 3658.18
4035.15 3620.68
4037.34 3580.62
4039.61 3539.60
4045.13 3500.26
4047.41 3459.12
4049.67 3418.18
4051.91 3377.72
4054.16 3337.01
4056.44 3295.70
4058.07 3255.12
4058.02 3214.63
4057.96 3173.25
4057.37 3132.97
4056.56 3092.05
4055.59 3051.73
4053.71 3011.07
4051.09 2970.78
4048.10 2930.36
4045.07 2889.44
4042.09 2849.12
4036.16 2808.91
4030.20 2769.12
4024.18 2729.01
4016.11 2689.76
4007.98 2651.27
3999.83 2613.84
3990.80 2577.93
3981.24 2542.71
3971.29 2509.04
3960.56 2476.33
3949.21 2444.55
3937.29 2413.61
3924.78 2383.52
3911.29 2353.12
3897.11 2323.77
3882.65 2294.99
3867.56 2267.33
3852.11 2240.45
3835.95 2213.89
3819.65 2187.82
3802.90 2162.73
3785.56 2136.85
3766.41 2112.31
3746.93 2088.09
3728.14 2065.27
3708.42 2042.80
3688.29 2020.80
3667.58 1999.36
3646.49 1978.54
3625.08 1958.61
3602.74 1939.56
3577.96 1923.21
3553.08 1903.82
3526.64 1883.56
3498.21 1863.37
3466.97 1843.23
3434.15 1822.66
3401.91 1803.69
3370.99 1786.50
3338.98 1770.14
3304.06 1754.34
