11368.40 9893.26
11355.23 9882.81
11339.72 9870.49
11325.15 9854.19
11309.57 9836.29
11290.63 9818.69
11271.56 9798.86
11253.44 9780.10
11237.49 9761.60
11222.89 9744.16
11209.02 9726.45
11195.33 9708.63
11182.42 9688.59
11168.28 9666.19
11154.55 9642.53
11139.91 9616.78
11125.92 9588.42
11113.24 9559.75
11101.35 9531.06
11090.60 9501.11
11081.54 9472.79
11073.19 9444.03
11065.24 9414.10
11059.60 9383.31
11055.05 9352.79
11051.31 9323.29
11049.22 9294.88
11047.22 9265.07
11046.35 9234.30
11045.88 9204.07
11046.08 9175.93
11047.22 9147.35
11049.13 9116.93
11050.90 9088.68
11052.77 9058.73
11054.68 9028.24
11056.44 9000.09
11058.26 8970.37
11060.04 8941.38
11061.54 8912.11
11062.70 8882.19
11063.87 8852.06
11064.24 8822.32
11063.53 8792.98
11062.16 8763.21
11060.19 8733.37
11056.41 8703.84
11052.64 8676.30
11048.04 8646.56
11042.91 8617.64
11037.19 8589.30
11029.51 8559.52
11021.45 8531.33
11012.92 8503.69
11004.11 8476.62
10994.16 8448.97
10983.95 8421.90
10973.17 8393.46
10962.19 8364.48
10951.99 8337.58
10941.41 8310.68
10930.34 8283.28
10919.77 8257.10
10909.22 8230.96
10898.38 8204.13
10887.81 8177.03
10877.88 8149.50
10867.98 8121.81
10858.28 8094.07
10849.02 8065.65
10841.98 8037.28
10834.34 8006.52
10827.00 7976.99
10819.86 7948.24
10813.33 7918.64
10808.33 7888.43
10803.65 7860.22
10799.91 7832.51
10796.89 7803.82
10793.72 7773.81
10792.59 7745.33
10792.54 7715.67
10792.49 7686.17
10792.99 7656.93
10794.03 7626.03
10795.04 7596.12
10796.01 7567.23
10797.00 7537.97
10797.56 7509.32
10797.33 7479.40
10796.50 7450.53
10794.77 7423.31
10792.12 7394.36
10789.25 7364.42
10784.94 7334.55
10780.02 7305.29
10775.03 7276.63
10768.43 7249.07
10760.68 7220.20
10752.11 7192.74
10742.61 7164.23
10732.16 7135.50
10720.68 7107.04
10709.49 7080.26
10698.12 7054.57
10684.87 7028.34
10670.41 7001.23
10655.19 6975.07
10640.43 6950.16
10623.75 6926.34
10606.77 6902.09
10589.84 6878.97
10573.34 6856.44
10555.82 6832.52
10537.18 6807.08
10517.08 6779.62
10498.32 6751.50
10480.60 6723.62
10463.26 6693.47
10448.18 6664.17
10433.32 6634.65
10418.71 6603.67
10405.17 6571.70
10392.83 6539.22
10382.27 6507.14
10372.29 6474.66
10363.41 6441.29
10355.25 6407.93
10349.00 6374.05
10343.92 6340.59
10340.45 6307.44
10337.93 6274.40
10337.43 6239.94
10336.51 6205.89
10335.50 6171.68
10335.70 6137.16
10336.54 6103.70
10337.40 6069.51
10338.27 6034.99
10338.39 6001.26
10337.62 5967.21
10336.84 5933.17
10336.06 5898.94
10334.62 5866.11
10330.74 5831.78
10327.01 5798.75
10323.21 5765.08
10318.92 5731.31
10312.06 5697.96
10305.24 5664.81
10297.42 5631.00
10289.59 5598.91
10281.64 5567.02
10271.49 5533.95
10261.86 5502.59
10250.39 5471.84
10238.46 5440.43
10225.59 5408.91
10212.12 5377.46
10199.17 5347.24
10185.09 5316.34
10168.69 5285.24
10152.76 5255.06
10136.10 5225.71
10118.89 5195.95
10100.54 5166.52
10081.84 5138.57
10062.91 5110.46
10043.07 5081.74
10023.87 5053.96
10003.74 5026.63
9982.56 4998.96
9961.90 4971.97
9941.03 4945.61
9919.16 4919.20
9896.32 4891.62
9873.92 4864.58
9851.80 4837.87
9829.47 4810.90
9806.21 4783.49
9782.98 4756.67
9759.80 4729.37
9737.18 4702.67
9714.51 4675.90
9691.49 4648.73
9668.23 4621.26
9645.31 4594.20
9622.64 4567.43
9600.50 4540.65
9578.83 4513.56
9556.79 4486.01
9534.21 4457.79
9512.77 4429.79
9491.15 4401.13
9469.92 4371.95
9449.40 4342.46
9429.48 4313.14
9409.90 4284.32
9390.39 4254.79
9371.57 4225.59
9352.06 4195.31
9333.34 4165.46
9315.29 4134.56
9297.80 4104.62
9280.08 4074.28
9262.18 4043.59
9244.70 4012.89
9227.47 3982.65
9210.19 3952.29
9192.91 3921.95
9175.00 3891.65
9157.01 3861.48
9139.17 3831.57
9121.35 3801.68
9103.38 3771.55
9085.01 3740.75
9065.64 3711.97
9045.95 3683.09
9025.94 3653.72
9006.09 3624.60
8984.81 3596.80
8962.70 3568.22
8941.22 3540.76
8918.17 3513.29
8895.24 3486.77
8871.25 3460.90
8846.69 3434.41
8821.41 3409.32
8796.29 3384.86
8770.58 3360.60
8744.62 3337.39
8718.04 3314.24
8689.86 3291.87
8662.51 3270.17
8634.33 3248.80
8604.63 3231.06
8576.21 3210.38
8546.69 3190.47
8517.21 3171.63
8486.54 3152.87
8455.11 3135.12
8424.05 3117.66
8393.23 3101.69
8361.65 3085.71
8329.69 3069.71
8297.35 3054.53
8264.46 3040.70
8231.66 3027.39
8198.12 3014.13
8164.76 3002.11
8131.67 2990.84
8098.69 2980.21
8065.26 2970.69
8031.02 2961.46
7996.43 2952.69
7962.11 2945.14
7927.63 2937.98
7893.63 2931.38
7859.12 2925.64
7824.00 2921.18
7788.80 2916.98
7752.81 2914.14
7718.97 2911.71
7685.53 2910.66
7651.69 2910.08
7617.73 2910.24
7583.08 2911.08
7547.43 2912.98
7511.79 2915.64
7476.79 2918.87
7441.87 2923.45
7406.95 2928.98
7371.93 2934.75
7336.55 2941.59
7301.24 2949.22
7267.46 2957.41
7234.09 2966.68
7199.54 2976.96
7166.23 2987.25
7133.04 2998.26
7099.06 3010.24
7066.02 3022.43
7033.33 3034.49
7000.21 3047.00
6967.27 3059.61
6934.41 3072.31
6901.37 3085.00
6868.75 3097.57
6836.30 3110.08
