1794.90 9297.13
1810.80 9297.22
1828.22 9297.32
1847.36 9297.43
1867.96 9297.55
1890.50 9297.68
1915.43 9297.82
1942.59 9297.98
1971.86 9298.15
2003.70 9301.63
2037.14 9301.82
2072.17 9302.03
2109.14 9305.46
2145.22 9305.11
2180.62 9304.76
2215.84 9303.95
2252.18 9302.67
2284.86 9301.52
2314.05 9299.88
2343.85 9297.78
2374.60 9295.06
2406.51 9291.51
2438.04 9287.91
2470.01 9283.66
2501.02 9279.05
2532.46 9273.54
2562.58 9268.24
2594.36 9261.90
2628.16 9255.04
2660.07 9247.66
2693.88 9239.62
2724.17 9231.24
2756.19 9221.88
2789.69 9211.46
2820.68 9201.07
2852.94 9189.91
2885.78 9178.25
2916.31 9166.70
2947.51 9153.62
2978.72 9140.39
3010.62 9126.52
3042.15 9112.38
3073.46 9097.26
3103.10 9082.51
3133.30 9066.53
3163.85 9049.80
3194.43 9032.58
3224.77 9014.78
3253.88 8996.63
3283.47 8978.13
3313.26 8958.60
3343.45 8937.92
3371.41 8917.12
3399.73 8895.72
3427.75 8873.44
3455.42 8851.24
3482.71 8827.75
3509.47 8804.33
3535.67 8780.42
3560.91 8755.96
3586.06 8730.14
3607.68 8707.60
3629.41 8683.94
3650.44 8659.14
3669.63 8636.01
3688.50 8610.41
3707.62 8583.80
3726.42 8557.12
3743.94 8528.98
3760.78 8501.25
3776.96 8471.56
3791.63 8443.52
3806.59 8413.64
3819.87 8381.88
3830.75 8350.64
3841.16 8319.78
3851.08 8289.67
3859.74 8258.48
3868.33 8225.07
3875.91 8191.86
3881.24 8159.62
3886.94 8124.95
3889.28 8089.30
3890.75 8056.59
3891.68 8021.54
3892.58 7987.40
3891.67 7953.31
3890.69 7919.86
3889.72 7886.43
3887.50 7852.85
3884.03 7818.60
3879.51 7785.64
3875.12 7753.57
3870.69 7720.84
3865.14 7687.84
3859.26 7654.59
3853.74 7623.40
3847.91 7590.49
3842.07 7557.48
3836.09 7523.67
3830.24 7490.60
3824.67 7459.17
3818.88 7426.41
3813.03 7393.35
3807.30 7361.01
3801.15 7326.24
3795.20 7292.62
3789.42 7259.95
3783.28 7225.29
3777.56 7192.94
3771.43 7158.33
3765.53 7124.97
3759.62 7091.54
3753.70 7058.14
3747.86 7025.11
3741.68 6990.17
3735.58 6956.03
3729.51 6921.71
3723.23 6886.21
3717.16 6851.69
3710.98 6816.86
3704.73 6781.62
3698.30 6745.40
3692.10 6710.47
3685.88 6675.38
3679.68 6640.47
3673.64 6606.39
3667.41 6571.32
3661.03 6535.34
3654.64 6499.30
3648.37 6463.97
3642.10 6428.65
3635.73 6395.91
3630.19 6360.76
3624.66 6325.32
3619.36 6291.02
3613.97 6256.42
3608.49 6221.32
3603.03 6186.33
3598.07 6151.70
3594.14 6117.63
3590.15 6083.05
3586.12 6048.12
3582.08 6013.18
3578.83 5978.95
3575.90 5943.20
3572.95 5907.18
3570.12 5872.66
3567.27 5837.91
3565.80 5803.48
3564.35 5768.69
3562.90 5734.04
3562.71 5699.39
3562.68 5663.31
3562.64 5626.99
3562.80 5591.64
3564.32 5556.05
3566.73 5520.97
3569.36 5485.69
3572.67 5450.31
3576.43 5414.68
3580.26 5378.45
3584.93 5343.69
3590.03 5309.29
3596.00 5274.40
3602.44 5238.77
3609.09 5204.22
3616.43 5169.28
3623.21 5136.99
3631.40 5103.97
3640.21 5069.52
3648.81 5038.67
3658.52 5006.23
3668.08 4974.29
3678.12 4944.77
3688.48 4914.63
3699.02 4884.30
3709.84 4855.63
3721.22 4825.53
3733.56 4794.74
3746.51 4762.43
3760.02 4730.29
3773.84 4699.83
3788.09 4668.64
3803.98 4636.16
3820.22 4605.01
3836.45 4574.00
3852.48 4543.51
3870.47 4513.06
3889.10 4481.87
3907.99 4450.25
3927.05 4418.32
3946.70 4387.93
3966.41 4357.47
3986.02 4330.14
4006.96 4301.10
4026.97 4274.45
4046.92 4248.22
4067.00 4223.05
4088.00 4197.63
4109.30 4172.71
4130.41 4148.81
4151.47 4124.98
4172.48 4101.71
4192.57 4080.17
4214.20 4058.28
4235.41 4037.07
4257.00 4015.67
4278.92 3994.52
4299.27 3975.00
4321.91 3954.53
4343.70 3934.82
4366.73 3915.04
4389.59 3895.71
4412.38 3876.44
4435.39 3857.89
4458.50 3840.31
4481.88 3822.53
4506.36 3804.59
4530.29 3787.08
4553.30 3770.87
4576.77 3755.06
4602.39 3737.84
4627.40 3722.00
4652.62 3706.02
4677.52 3690.76
4702.71 3676.01
4728.49 3660.93
4755.20 3646.02
4782.88 3631.19
4812.53 3615.44
4842.53 3600.60
4872.75 3585.64
4903.69 3571.28
4933.80 3557.61
4965.02 3543.98
4995.70 3531.51
5026.66 3519.05
5059.31 3506.29
5090.48 3495.17
5121.63 3484.16
5153.94 3473.45
5186.49 3463.28
5218.20 3453.59
5249.71 3444.10
5282.40 3435.43
5314.74 3426.85
5348.08 3419.13
5382.46 3411.22
5415.30 3404.40
5448.22 3397.90
5482.12 3391.78
5516.04 3385.89
5549.80 3380.84
5582.38 3376.08
5616.73 3371.11
5650.98 3366.16
5685.07 3361.83
5718.16 3357.85
5751.83 3353.79
5785.87 3349.68
5818.30 3345.78
5852.19 3341.69
5885.45 3337.68
5918.77 3333.67
5953.22 3329.40
5986.01 3325.10
6019.05 3320.67
6053.03 3315.77
6086.19 3311.03
6120.82 3305.86
6154.07 3300.60
6185.84 3295.18
6219.39 3289.10
6253.11 3282.43
6286.50 3275.36
6320.07 3267.93
6353.42 3260.16
6386.85 3251.61
6419.30 3242.90
6452.10 3233.80
6484.63 3224.27
6517.98 3214.22
6549.29 3204.29
6581.66 3193.77
6614.40 3182.71
6647.14 3171.14
6679.18 3159.66
6711.61 3147.93
6742.61 3136.58
6772.74 3124.91
6803.39 3113.04
6835.66 3100.54
6867.77 3088.11
6898.93 3076.04
6931.21 3063.53
6962.23 3051.52
6993.83 3039.42
7026.82 3027.10
7058.51 3015.82
7091.49 3004.07
7123.60 2992.64
7155.68 2981.77
7186.32 2971.75
7218.93 2962.04
7251.41 2952.44
7284.68 2943.92
7317.32 2936.28
7351.41 2928.86
7384.49 2922.89
7417.62 2917.63
7449.98 2913.17
7483.85 2909.34
7516.44 2906.02
7550.45 2903.66
7583.01 2902.02
7616.72 2900.89
7650.24 2900.65
7683.66 2901.63
7717.65 2902.86
7751.90 2905.26
7785.60 2907.66
7820.01 2911.75
7854.26 2915.84
7888.62 2921.39
7921.60 2927.60
7954.91 2934.64
7988.09 2942.04
8019.74 2949.55
8052.71 2957.95
8086.88 2967.43
8119.31 2977.42
8152.75 2988.59
8184.66 2999.36
8215.37 3010.09
8247.08 3021.65
8279.16 3034.63
8309.51 3047.48
8339.27 3062.33
8370.47 3078.30
8400.92 3094.19
8430.32 3109.54
8460.87 3126.45
8489.50 3142.44
8517.97 3159.27
8545.87 3176.60
8574.28 3195.28
8601.59 3214.75
8629.37 3234.81
8657.02 3254.82
8682.76 3275.41
8708.44 3296.00
8733.44 3317.16
8759.92 3340.01
8784.02 3362.10
8808.90 3385.52
8833.43 3409.52
8856.99 3433.58
8880.11 3458.92
8903.68 3484.76
8925.12 3510.45
8945.75 3535.59
8966.43 3562.82
8986.79 3590.03
9007.22 3617.33
9026.50 3644.95
9045.35 3671.97
9064.72 3699.74
9084.21 3727.67
9102.40 3757.75
9119.56 3786.78
9136.78 3815.94
9153.73 3844.62
9170.93 3873.72
9187.84 3902.33
9204.32 3931.04
9221.26 3961.02
9238.19 3990.97
9254.97 4020.68
9272.08 4050.48
9288.71 4078.56
9306.27 4108.21
9323.55 4137.38
9340.18 4165.46
9358.92 4194.91
9377.39 4223.78
9395.89 4252.71
9414.58 4280.83
9433.79 4308.99
9452.46 4336.37
9472.33 4365.02
9492.48 4392.86
9512.16 4419.26
9532.81 4446.58
9553.36 4472.55
9574.40 4499.06
9595.18 4525.26
9615.87 4551.06
9638.06 4577.17
9660.51 4603.58
9681.79 4628.60
9703.35 4653.96
9724.82 4679.21
9746.66 4704.91
9768.39 4730.46
9790.52 4756.49
9813.02 4782.98
9835.02 4809.18
9856.09 4834.55
9877.18 4859.92
9899.18 4886.40
9920.47 4912.01
9942.43 4938.44
9963.20 4964.48
9983.53 4991.28
10003.72 5017.89
10024.21 5045.23
10044.06 5073.15
10063.65 5100.71
10082.59 5128.59
10100.91 5156.56
10119.16 5185.41
10136.94 5215.52
10154.04 5244.47
10169.57 5274.59
10185.00 5304.78
10199.19 5334.60
10212.97 5365.41
10226.41 5395.49
10240.26 5426.47
10251.80 5457.93
10263.38 5489.57
10273.45 5521.81
10282.99 5554.26
10291.71 5587.01
10299.51 5618.65
10307.60 5651.50
10314.78 5685.45
10321.48 5717.12
10327.03 5749.96
10331.16 5784.39
10335.11 5817.36
10339.27 5852.09
10342.02 5885.79
10342.70 5921.25
10343.36 5955.72
10344.00 5988.84
10344.39 6023.14
10343.77 6055.69
10343.14 6089.23
10342.52 6122.60
10341.88 6156.58
10342.54 6190.27
10343.34 6225.22
10344.11 6258.69
10345.72 6292.94
10349.23 6327.75
10354.33 6361.22
10360.04 6394.22
10367.15 6427.57
10374.34 6460.33
10383.86 6493.04
10393.53 6526.18
10405.63 6557.65
10417.56 6588.04
10431.60 6618.59
10446.68 6649.62
10462.28 6679.23
10478.00 6708.51
10495.84 6736.66
10513.73 6764.90
10533.95 6792.71
10554.36 6820.61
10574.22 6847.76
10594.65 6875.68
10613.91 6902.32
10633.12 6930.05
10652.03 6958.91
10668.78 6986.97
10685.53 7017.49
10700.06 7046.02
10713.86 7075.60
10726.71 7105.85
10739.13 7137.32
10749.99 7168.72
10761.06 7201.87
10770.18 7234.04
10778.89 7266.62
10785.08 7298.82
10790.41 7332.51
10795.17 7365.98
10798.94 7398.63
10801.15 7432.65
10802.73 7467.33
10803.16 7501.04
10802.92 7534.76
10801.82 7568.00
10800.74 7600.87
10799.61 7635.12
10798.51 7668.56
10797.39 7702.95
10799.38 7736.90
10801.38 7771.08
10803.23 7803.75
10805.22 7837.68
10809.48 7871.89
10814.59 7906.87
10820.93 7940.04
10829.55 7972.83
10838.11 8005.40
10846.74 8038.22
10855.71 8071.73
10866.83 8104.05
10878.01 8135.46
10890.05 8167.02
10902.69 8199.52
10915.17 8230.63
10927.34 8260.95
10940.06 8292.66
10952.90 8324.68
10965.13 8356.85
10976.91 8387.82
10988.52 8418.36
11000.35 8449.46
11011.88 8481.69
11021.53 8511.69
11030.35 8542.65
11038.88 8575.55
11046.26 8608.58
11052.27 8639.80
11057.97 8672.11
11062.07 8704.32
11065.78 8735.11
11067.73 8767.75
11068.80 8798.76
11069.90 8830.61
11069.54 8862.23
11068.44 8893.88
11066.41 8926.30
11064.32 8959.72
11062.34 8991.35
11060.35 9023.15
11058.28 9056.26
11056.35 9088.78
11054.54 9121.51
11052.81 9152.81
11052.12 9184.20
11052.15 9215.70
11052.20 9247.37
11053.00 9278.26
11055.79 9309.98
11059.12 9340.93
11063.22 9373.20
11069.45 9405.85
11076.57 9435.26
11085.06 9466.18
11094.59 9496.69
11104.98 9526.14
11117.68 9555.94
11131.40 9585.72
11145.45 9613.54
11160.87 9642.15
11177.46 9669.59
11195.56 9696.07
11214.19 9721.31
11233.67 9746.04
11253.37 9769.73
11274.44 9792.92
11296.25 9816.51
11318.97 9837.59
11344.29 9858.80
11372.29 9880.79
