1476.69 7017.60
1476.58 7019.82
1476.41 7023.35
1476.17 7028.25
1475.91 7034.87
1475.66 7044.08
1475.50 7055.34
1475.13 7066.50
1475.00 7073.60
1475.01 7076.96
1475.01 7077.20
1475.01 7077.30
1475.01 7077.30
1475.01 7077.30
1475.01 7077.30
1475.01 7077.30
1475.01 7077.30
1475.01 7077.30
1475.01 7077.30
1475.01 7077.30
1475.01 7077.30
1475.01 7077.30
1475.01 7077.30
1475.01 7077.30
1475.01 7077.30
1475.01 7077.30
1475.01 7077.30
1475.01 7077.30
1475.01 7077.30
1475.01 7077.30
1475.01 7077.30
1475.01 7077.30
1475.01 7077.30
1475.02 7079.08
1475.00 7083.12
1474.44 7088.88
1473.24 7096.54
1472.63 7105.87
1472.26 7112.90
1472.05 7116.41
1471.99 7117.35
1471.99 7117.41
1471.99 7117.43
1471.98 7117.44
1471.98 7117.44
1471.98 7117.44
1471.98 7117.44
1471.98 7117.44
1471.98 7117.44
1471.98 7117.44
1471.98 7117.44
1471.98 7117.44
1471.98 7117.44
1471.98 7117.44
1471.98 7117.44
1471.98 7117.44
1471.98 7117.44
1471.98 7117.44
1471.98 7117.44
1471.98 7117.44
1471.98 7117.44
1471.98 7117.44
1471.98 7117.44
1471.98 7117.44
1471.98 7117.44
1471.98 7117.44
1471.98 7117.44
1471.98 7117.44
1471.98 7117.44
1471.98 7117.44
1471.98 7117.44
1471.98 7117.44
1471.98 7117.44
1471.98 7117.44
1471.98 7117.44
1471.98 7117.44
1471.98 7117.44
1471.98 7117.44
1471.88 7119.16
1474.38 7121.48
1479.94 7120.50
1488.06 7118.92
1498.42 7117.74
1510.61 7120.60
1522.92 7126.76
1535.48 7135.96
1548.28 7145.54
1560.56 7154.68
1573.99 7158.90
1588.62 7162.13
1604.07 7165.54
1618.88 7168.81
1634.17 7172.19
1649.62 7175.59
1664.67 7178.90
1679.62 7182.20
1694.36 7185.44
1708.94 7187.86
1724.11 7189.31
1740.02 7190.57
1755.51 7191.61
1770.88 7192.65
1785.94 7193.67
1800.98 7195.60
1816.56 7198.49
1830.94 7202.42
1845.52 7206.41
1859.96 7210.35
1874.70 7214.35
1889.89 7218.47
1905.23 7221.86
1919.99 7224.25
1934.56 7226.01
1949.79 7227.54
1964.82 7229.00
1979.75 7230.42
1995.56 7231.94
2010.19 7233.34
2026.07 7234.86
2040.99 7236.29
2055.73 7237.69
2070.95 7236.07
2081.68 7232.14
2088.16 7229.47
2090.40 7228.24
2090.44 7228.21
2090.44 7228.21
2090.44 7228.21
2090.44 7228.21
2090.44 7228.21
2090.44 7228.21
2090.44 7228.21
2090.44 7228.21
2090.44 7228.21
2090.44 7228.21
2090.44 7228.21
2090.44 7228.21
2090.44 7228.21
2090.44 7228.21
2090.44 7228.21
2090.44 7228.21
2090.44 7228.21
2090.44 7228.21
2090.44 7228.21
2090.44 7228.21
2090.44 7228.21
2092.48 7227.01
2096.63 7224.57
2102.55 7221.66
2109.73 7218.32
2113.81 7216.29
2118.32 7213.49
2119.45 7206.60
2120.59 7195.73
2125.42 7184.48
2130.15 7179.10
2137.71 7172.95
2147.76 7168.21
2161.07 7166.66
2174.19 7169.65
2185.31 7176.60
2193.94 7173.69
2205.95 7164.60
2219.00 7155.75
2231.24 7147.45
2243.97 7138.81
2257.01 7129.97
2270.04 7121.13
2282.48 7112.70
2295.44 7103.91
2307.62 7095.65
2320.65 7086.81
2333.28 7078.25
2345.60 7069.66
2357.75 7061.03
2370.42 7052.04
2382.81 7043.25
2394.78 7034.75
2407.33 7025.75
2419.13 7016.63
2431.64 7006.77
2443.27 6997.60
2454.50 6987.32
2466.11 6976.52
2474.51 6968.08
2479.65 6962.75
2481.63 6960.61
2481.72 6960.51
2481.72 6960.51
2481.72 6960.51
2481.72 6960.51
2481.72 6960.51
2481.72 6960.51
2481.72 6960.51
2481.72 6960.51
2481.72 6960.51
2481.72 6960.51
2481.72 6960.51
2481.72 6960.51
2481.72 6960.51
2481.72 6960.51
2481.72 6960.51
2481.72 6960.51
2481.72 6960.51
2481.72 6960.51
2481.72 6960.51
2481.72 6960.51
2481.72 6960.51
2481.72 6960.51
2482.90 6959.22
2485.24 6956.67
2489.20 6952.37
2494.86 6946.37
2501.48 6939.35
2509.37 6930.03
2518.11 6918.90
2527.38 6907.11
2537.02 6894.84
2546.50 6882.77
2555.98 6871.25
2566.51 6860.10
2578.03 6849.89
2590.82 6840.74
2603.95 6832.49
2617.91 6825.19
2630.99 6818.36
2644.42 6811.34
2657.44 6804.54
2670.47 6797.73
2684.60 6790.35
2698.54 6783.06
2712.18 6775.94
2726.03 6768.70
2739.78 6761.51
2753.48 6754.73
2766.93 6748.36
2780.99 6741.70
2794.52 6735.29
2807.90 6728.96
2821.86 6722.35
2835.62 6715.83
2849.31 6709.35
2862.79 6702.96
2876.92 6696.27
2890.74 6689.72
2900.55 6685.21
2906.28 6682.60
2908.01 6681.81
2908.27 6681.70
2908.31 6681.67
2908.31 6681.67
2908.31 6681.67
2908.31 6681.67
2908.31 6681.67
2908.31 6681.67
2908.31 6681.67
2908.31 6681.67
2908.31 6681.67
2908.31 6681.67
2908.31 6681.67
2908.31 6681.67
2908.31 6681.67
2908.31 6681.67
2908.31 6681.67
2908.31 6681.67
2908.31 6681.67
2908.31 6681.67
2908.31 6681.67
2908.31 6681.67
2908.31 6681.67
2909.92 6680.99
2913.36 6679.64
2918.96 6677.42
2926.27 6674.82
2935.82 6672.03
2946.66 6668.85
2958.92 6665.47
2973.67 6661.55
2988.33 6657.64
3003.47 6653.61
3018.58 6648.63
3032.76 6643.58
3046.73 6637.07
3060.02 6630.29
3073.46 6622.51
3085.92 6614.12
3098.56 6605.11
3110.61 6595.34
3122.84 6585.41
3134.84 6575.67
3147.15 6565.69
3158.99 6556.00
3170.33 6546.63
3182.55 6536.53
3193.97 6526.58
3204.86 6516.59
3215.87 6506.54
3227.75 6496.18
3239.22 6486.16
3250.84 6476.39
3262.49 6466.98
3274.40 6457.35
3284.53 6449.14
3291.41 6443.38
3295.32 6440.02
3296.72 6438.77
3296.93 6438.58
3296.94 6438.57
3296.94 6438.57
3296.94 6438.57
3296.94 6438.57
3296.94 6438.57
3296.94 6438.57
3296.94 6438.57
3296.94 6438.57
3296.94 6438.57
3296.94 6438.57
3296.94 6438.57
3296.94 6438.57
3296.94 6438.57
3296.94 6438.57
3296.94 6438.57
3296.94 6438.57
3296.94 6438.57
3296.94 6438.57
3296.94 6438.57
3296.94 6438.57
3296.94 6438.57
3300.35 6439.98
3303.24 6437.49
3307.28 6433.76
3313.06 6428.44
3320.41 6421.63
3329.04 6413.64
3339.19 6404.24
3350.40 6393.87
3361.12 6383.63
3372.37 6372.80
3383.76 6361.82
3395.20 6350.78
3406.86 6339.50
3418.83 6329.45
3431.00 6319.12
3438.85 6310.90
3443.49 6304.07
3445.08 6300.91
3445.08 6300.88
3445.08 6300.87
3445.08 6300.87
3445.08 6300.87
3445.08 6300.87
3445.08 6300.87
3445.08 6300.87
3445.08 6300.87
3445.08 6300.87
3445.08 6300.87
3445.04 6298.18
3445.11 6293.71
3446.29 6287.81
3452.74 6282.65
3463.24 6280.59
3475.67 6278.17
3488.22 6276.13
3501.38 6274.47
3514.44 6272.86
3527.20 6271.29
3540.03 6269.71
3551.97 6268.33
3565.06 6266.82
3577.04 6265.29
3589.99 6263.56
3603.03 6261.82
3615.34 6260.18
3627.75 6258.53
3640.19 6255.21
3652.25 6251.68
3664.09 6247.86
3675.79 6243.16
3687.88 6238.30
3699.68 6233.56
3711.87 6228.66
3724.11 6223.62
3736.02 6218.49
3747.47 6213.57
3759.33 6209.22
3771.44 6207.07
3783.79 6209.91
3791.48 6212.81
3794.71 6214.97
3795.24 6215.37
3795.41 6215.50
3797.52 6217.01
3801.42 6219.69
3807.23 6223.68
3814.71 6228.81
3824.37 6235.00
3838.10 6232.10
3850.07 6230.40
3862.70 6228.62
3875.43 6226.82
3887.82 6225.07
3899.76 6223.38
3912.49 6221.58
3925.17 6219.79
3938.09 6218.11
3950.88 6216.47
3963.61 6214.94
3975.60 6213.13
3987.58 6211.49
3995.03 6210.09
3998.93 6209.42
3999.73 6209.29
3999.75 6209.28
3999.75 6209.28
3999.75 6209.28
3999.75 6209.28
3999.75 6209.28
3999.75 6209.28
3999.75 6209.28
3999.75 6209.28
3999.75 6209.28
3999.75 6209.28
3999.75 6209.28
3999.75 6209.28
3999.75 6209.28
3999.75 6209.28
3999.75 6209.28
3999.75 6209.28
3999.75 6209.28
3999.75 6209.28
3999.75 6209.28
3999.75 6209.28
3999.75 6209.28
4001.93 6208.92
4005.44 6208.34
4010.60 6207.31
4017.17 6205.96
4024.99 6204.19
4034.14 6202.07
4044.74 6199.66
4057.24 6196.82
4069.02 6194.14
4081.55 6191.10
4094.35 6187.87
4106.36 6184.85
4118.97 6182.18
4131.96 6179.46
4144.42 6176.85
4157.07 6173.45
4169.10 6170.19
4181.95 6167.25
4194.48 6165.36
4207.30 6163.68
4216.04 6162.76
4221.03 6162.28
4221.70 6162.21
4222.05 6162.18
4222.18 6162.16
4222.21 6162.16
4222.21 6162.16
4222.21 6162.16
4222.21 6162.16
4222.21 6162.16
4222.21 6162.16
4222.21 6162.16
4222.21 6162.16
4222.21 6162.16
4222.21 6162.16
4222.21 6162.16
4222.21 6162.16
4222.21 6162.16
4222.21 6162.16
4222.21 6162.16
4222.21 6162.16
4222.21 6162.16
4222.21 6162.16
4222.21 6162.16
4222.21 6162.16
4222.21 6162.16
4223.98 6165.31
4227.18 6165.12
4232.00 6164.83
4239.17 6164.41
4247.65 6163.91
4257.81 6163.31
4270.33 6162.57
4282.96 6161.83
4295.50 6161.74
4308.63 6162.71
4321.34 6163.65
4333.86 6164.79
4346.31 6166.24
4358.74 6167.36
4368.06 6168.08
4373.58 6168.51
4379.10 6168.94
4385.10 6169.41
4393.48 6170.46
4405.15 6171.99
4414.85 6176.68
4425.31 6181.74
4434.66 6186.95
4443.36 6193.72
4452.65 6200.93
4461.37 6207.64
4469.15 6213.69
4475.29 6218.48
4478.37 6220.76
4479.45 6221.56
4479.54 6221.63
4479.59 6221.66
4479.59 6221.66
4479.59 6221.66
4479.59 6221.66
4479.59 6221.66
4479.59 6221.66
4479.59 6221.66
4479.59 6221.66
4479.59 6221.66
4479.59 6221.66
4479.59 6221.66
4479.59 6221.66
4479.59 6221.66
4479.59 6221.66
4479.59 6221.66
4479.59 6221.66
4479.59 6221.66
4479.59 6221.66
4479.59 6221.66
4479.59 6221.66
4479.59 6221.66
4480.81 6222.57
4483.20 6224.33
4486.69 6226.92
4492.07 6230.87
4498.62 6235.68
4507.03 6241.86
4517.42 6249.45
4528.40 6257.04
4538.61 6264.28
4548.45 6271.49
4554.97 6276.26
4558.20 6278.63
4559.58 6279.64
4559.70 6279.74
4559.72 6279.75
4559.72 6279.75
4559.73 6279.75
4559.73 6279.75
4559.73 6279.75
4559.73 6279.75
4559.73 6279.75
4559.73 6279.75
4560.50 6280.32
4561.78 6281.29
4564.60 6283.42
4569.14 6286.88
4575.16 6291.44
4582.33 6296.89
4590.97 6303.41
4601.40 6311.29
4611.37 6318.65
4621.51 6325.53
4631.53 6332.32
4642.12 6339.50
4651.16 6346.90
4660.21 6352.61
4671.34 6358.36
4681.22 6362.67
4692.84 6366.54
4704.40 6369.07
4714.14 6370.35
4725.95 6371.74
4737.02 6373.36
4747.50 6375.16
4757.68 6376.79
4768.61 6378.53
4781.01 6380.50
4792.62 6382.44
4803.95 6384.37
4814.67 6385.97
4824.77 6387.30
4833.85 6388.86
4838.83 6389.75
4839.70 6389.91
4839.73 6389.92
4839.73 6389.92
4839.73 6389.92
4839.73 6389.92
4839.73 6389.92
4839.73 6389.92
4839.73 6389.92
4839.73 6389.92
4839.73 6389.92
4839.73 6389.92
4839.73 6389.92
4839.73 6389.92
4839.73 6389.92
4839.73 6389.92
4839.73 6389.92
4839.73 6389.92
4839.73 6389.92
4839.73 6389.92
4839.73 6389.92
4839.73 6389.92
4839.73 6389.92
4842.01 6390.34
4846.46 6391.17
4852.52 6392.29
4859.91 6393.61
4868.70 6395.18
4878.98 6396.78
4891.28 6398.63
4904.34 6400.49
4916.92 6402.18
4929.84 6403.91
4941.77 6405.51
4954.63 6406.71
4966.63 6407.50
4978.89 6408.32
4991.93 6409.22
5004.76 6410.54
5017.33 6411.82
5029.51 6413.06
5042.38 6414.38
5054.86 6415.65
5066.89 6416.90
5080.12 6418.32
5092.53 6419.67
5105.10 6421.03
5117.12 6422.34
5129.86 6423.74
5142.09 6425.11
5152.19 6426.23
5158.37 6426.97
5160.21 6427.15
5160.58 6427.18
5160.65 6427.19
5160.65 6427.19
5160.65 6427.19
5160.65 6427.19
5160.65 6427.19
5160.65 6427.19
5160.65 6427.19
5160.65 6427.19
5160.65 6427.19
5160.65 6427.19
5160.65 6427.19
5160.65 6427.19
5160.65 6427.19
5160.65 6427.19
5160.65 6427.19
5160.65 6427.19
5160.65 6427.19
5160.65 6427.19
5160.65 6427.19
5160.65 6427.19
5160.65 6427.19
5162.64 6427.38
5167.19 6427.82
5173.67 6428.43
5181.60 6429.19
5191.38 6430.18
5202.26 6431.36
5209.55 6432.15
5212.37 6432.46
5213.21 6432.55
5213.31 6432.56
5213.33 6432.56
5213.33 6432.56
5213.33 6432.56
5213.33 6432.56
5213.33 6432.56
5213.33 6432.56
5213.33 6432.56
5213.33 6432.56
5213.33 6432.56
5213.33 6432.56
5213.33 6432.56
5213.33 6432.56
5213.33 6432.56
5213.33 6432.56
5213.33 6432.56
5213.33 6432.56
5213.33 6432.56
5213.33 6432.56
5213.33 6432.56
5213.33 6432.56
5213.33 6432.56
5213.33 6432.56
5213.33 6432.56
5213.33 6432.56
5213.33 6432.56
5213.33 6432.56
5213.33 6432.56
5213.33 6432.56
5213.33 6432.56
5213.33 6432.56
5213.33 6432.56
5213.33 6432.56
5213.33 6432.56
5213.33 6432.56
5213.33 6432.56
5213.33 6432.56
5213.33 6432.56
5213.33 6432.56
5213.33 6432.56
5213.33 6432.56
5213.33 6432.56
5213.33 6432.56
5213.33 6432.56
5215.06 6432.75
5218.56 6433.13
5224.36 6433.76
5231.63 6434.56
5240.49 6435.53
5251.60 6436.76
5263.62 6438.08
5276.24 6439.47
5288.54 6440.77
5300.70 6442.05
5313.60 6443.39
5326.79 6444.77
5339.93 6445.94
5352.71 6447.10
5365.21 6448.42
5378.01 6449.55
5391.08 6450.92
5403.57 6452.49
5415.92 6454.20
5423.71 6455.69
5427.67 6456.61
5428.13 6456.73
5428.43 6456.80
5428.45 6456.81
5428.45 6456.81
5428.45 6456.81
5428.45 6456.81
5428.45 6456.81
5428.45 6456.81
5428.45 6456.81
5428.45 6456.81
5428.45 6456.81
5428.45 6456.81
5428.45 6456.81
5428.45 6456.81
5428.45 6456.81
5428.45 6456.81
5428.45 6456.81
5428.45 6456.81
5428.45 6456.81
5428.45 6456.81
5428.45 6456.81
5428.45 6456.81
5428.45 6456.81
5430.08 6457.21
5433.50 6458.06
5438.99 6459.70
5446.40 6462.25
5454.73 6465.13
5459.89 6467.00
5461.14 6467.45
5461.59 6467.61
5461.70 6467.65
5461.71 6467.66
5461.71 6467.66
5461.71 6467.66
5461.71 6467.66
5460.60 6470.76
5461.43 6471.06
5461.83 6471.21
5461.99 6471.27
5462.01 6471.27
5462.01 6471.27
5462.01 6471.27
5462.01 6471.27
5462.01 6471.27
5462.01 6471.27
5462.01 6471.27
5462.01 6471.27
5462.01 6471.27
5462.01 6471.27
5462.01 6471.27
5462.01 6471.27
5462.01 6471.27
5462.01 6471.27
5462.01 6471.27
5462.01 6471.27
5462.01 6471.27
5462.01 6471.27
5462.01 6471.27
5462.01 6471.27
5462.01 6471.27
5462.01 6471.27
5462.01 6471.27
5462.01 6471.27
5462.01 6471.27
5462.01 6471.27
5462.01 6471.27
5462.01 6471.27
5462.01 6471.27
5462.01 6471.27
5462.01 6471.27
5462.01 6471.27
5462.01 6471.27
5462.01 6471.27
5462.01 6471.27
5462.01 6471.27
5462.01 6471.27
5462.01 6471.27
5462.01 6471.27
5462.01 6471.27
5462.01 6471.27
5462.01 6471.27
5462.01 6471.27
5462.01 6471.27
5462.01 6471.27
5462.01 6471.27
5462.01 6471.27
5462.01 6471.27
5462.01 6471.27
5462.01 6471.27
5462.01 6471.27
5462.01 6471.27
5462.01 6471.27
5462.01 6471.27
5462.01 6471.27
5462.01 6471.27
5462.01 6471.27
5462.01 6471.27
5462.01 6471.27
5462.01 6471.27
5462.01 6471.27
5462.01 6471.27
5462.01 6471.27
5462.01 6471.27
5462.01 6471.27
5462.01 6471.27
5462.01 6471.27
5462.01 6471.27
5462.01 6471.27
5462.01 6471.27
5462.01 6471.27
5462.01 6471.27
5462.01 6471.27
5462.01 6471.27
5462.01 6471.27
5462.01 6471.27
5462.01 6471.27
5462.01 6471.27
5462.01 6471.27
5462.01 6471.27
5462.01 6471.27
5462.01 6471.27
5462.01 6471.27
5462.01 6471.27
5462.01 6471.27
5462.01 6471.27
5462.01 6471.27
5462.01 6471.27
5462.01 6471.27
5462.01 6471.27
5462.01 6471.27
5462.01 6471.27
5462.41 6471.42
5465.21 6472.43
5470.05 6474.19
5475.67 6476.30
5483.46 6479.30
5492.95 6483.14
5502.73 6487.09
5512.19 6490.91
5522.64 6495.15
5531.99 6498.96
5542.15 6503.06
5553.60 6507.61
5563.81 6511.66
5573.71 6515.59
5584.11 6519.72
5594.14 6523.70
5604.34 6527.74
5613.84 6531.51
5624.64 6535.80
5633.63 6539.37
5642.93 6539.51
5652.57 6543.33
5663.47 6547.65
5671.05 6550.86
5676.77 6553.31
5680.80 6555.04
5683.08 6556.02
5683.82 6556.34
5684.30 6556.54
5684.43 6556.60
5684.58 6556.66
5684.59 6556.67
5684.59 6556.67
5684.59 6556.67
5684.60 6556.67
5684.60 6556.67
5684.60 6556.67
5684.60 6556.67
5684.60 6556.67
5684.60 6556.67
5684.60 6556.67
5684.60 6556.67
5684.60 6556.67
5684.60 6556.67
5684.60 6556.67
5684.60 6556.67
5684.60 6556.67
5684.60 6556.67
5684.60 6556.67
5684.60 6556.67
5684.60 6556.67
5684.60 6556.67
5684.60 6556.67
5684.60 6556.67
5684.60 6556.67
5684.60 6556.67
5684.60 6556.67
5684.60 6556.67
5684.60 6556.67
5684.60 6556.67
5684.60 6556.67
5684.60 6556.67
5684.60 6556.67
5684.60 6556.67
5684.60 6556.67
5684.60 6556.67
5684.60 6556.67
5684.60 6556.67
5684.60 6556.67
5684.60 6556.67
5684.60 6556.67
5684.60 6556.67
5684.60 6556.67
5684.60 6556.67
5684.60 6556.67
5684.60 6556.67
5684.60 6556.67
5684.60 6556.67
5684.60 6556.67
5684.60 6556.67
5684.60 6556.67
5684.97 6556.83
5686.91 6557.66
5689.01 6558.56
5690.22 6559.08
5692.99 6560.27
5697.31 6562.12
5702.46 6564.34
5708.98 6567.13
5717.67 6570.59
5727.87 6574.54
5738.72 6578.54
5747.49 6581.78
5757.28 6585.39
5766.20 6588.93
5775.91 6592.90
5786.77 6597.36
5797.57 6601.19
5808.74 6605.51
5817.25 6608.98
5822.30 6611.11
5823.88 6611.72
5824.64 6612.02
5824.66 6612.02
5824.66 6612.02
5824.66 6612.02
5824.66 6612.02
5824.66 6612.02
5824.66 6612.02
5824.66 6612.02
5824.66 6612.02
5824.66 6612.02
5824.66 6612.02
5824.66 6612.02
5824.66 6612.02
5824.66 6612.02
5824.66 6612.02
5824.66 6612.02
5824.66 6612.02
5824.66 6612.02
5824.66 6612.02
5824.66 6612.02
5824.66 6612.02
5824.66 6612.02
5826.06 6612.57
5828.75 6613.61
5833.71 6615.59
5840.97 6618.49
5850.15 6622.39
5861.04 6626.83
5872.33 6631.48
5883.94 6636.30
5894.48 6640.66
5901.26 6643.47
5904.27 6644.73
5904.87 6644.98
5905.13 6645.09
5905.17 6645.11
5905.19 6645.11
5905.19 6645.12
5905.20 6645.12
5905.20 6645.12
5905.20 6645.12
5905.20 6645.12
5905.20 6645.12
5905.20 6645.12
5905.20 6645.12
5905.20 6645.12
5905.20 6645.12
5905.20 6645.12
5905.20 6645.12
5905.20 6645.12
5905.20 6645.12
5905.20 6645.12
5905.20 6645.12
5905.20 6645.12
5905.20 6645.12
5905.20 6645.12
5905.20 6645.12
5905.20 6645.12
5905.20 6645.12
5905.20 6645.12
5905.20 6645.12
5905.20 6645.12
5905.20 6645.12
5905.20 6645.12
5905.20 6645.12
5905.20 6645.12
5906.66 6645.73
5910.20 6647.21
5916.17 6648.94
5923.79 6647.69
5933.05 6643.72
5943.12 6638.31
5954.36 6632.19
5966.04 6627.08
5977.70 6621.97
5989.13 6617.06
6001.00 6612.09
6012.67 6607.21
6024.74 6602.16
6036.65 6597.22
6048.98 6592.26
6060.57 6587.63
6072.47 6582.95
6083.81 6578.62
6092.62 6575.21
6097.86 6573.15
6098.91 6572.74
6099.10 6572.66
6099.18 6572.63
6099.23 6572.61
6099.23 6572.61
6099.23 6572.61
6099.23 6572.61
6099.23 6572.61
6099.23 6572.61
6099.23 6572.61
6099.23 6572.61
6099.23 6572.61
6099.23 6572.61
6099.23 6572.61
6099.23 6572.61
6099.23 6572.61
6099.23 6572.61
6099.23 6572.61
6099.23 6572.61
6099.23 6572.61
6099.23 6572.61
6099.23 6572.61
6099.23 6572.61
6099.23 6572.61
6100.50 6572.11
6103.92 6570.77
6108.89 6568.78
6113.73 6566.84
6115.54 6566.12
6115.92 6565.97
6116.01 6565.94
6116.01 6565.93
6116.02 6565.93
6116.02 6565.93
6116.02 6565.93
6116.02 6565.93
6116.02 6565.93
6116.02 6565.93
6116.02 6565.93
6116.02 6565.93
6116.02 6565.93
6116.02 6565.93
6116.02 6565.93
6116.02 6565.93
6116.02 6565.93
6116.02 6565.93
6116.02 6565.93
6116.02 6565.93
6116.02 6565.93
6116.02 6565.93
6116.02 6565.93
6116.02 6565.93
6116.02 6565.93
6116.02 6565.93
6116.02 6565.93
6116.02 6565.93
6116.02 6565.93
6116.02 6565.93
6116.02 6565.93
6116.02 6565.93
6116.02 6565.93
6116.02 6565.93
6116.02 6565.93
6116.02 6565.93
6116.02 6565.93
6116.02 6565.93
6116.02 6565.93
6116.02 6565.93
6116.02 6565.93
6117.55 6565.33
6120.74 6564.09
6125.90 6562.10
6133.17 6559.36
6141.91 6556.08
6152.64 6552.04
6165.04 6547.38
6177.36 6542.75
6188.75 6538.47
6200.22 6534.16
6212.79 6529.61
6224.71 6525.45
6236.70 6521.27
6248.35 6517.22
6260.33 6513.37
6272.27 6509.65
6284.12 6505.95
6296.58 6502.07
6306.23 6499.06
6316.85 6495.75
6327.85 6492.32
6334.54 6490.23
6342.90 6487.75
6353.41 6484.85
6365.04 6481.64
6377.48 6478.13
6388.71 6474.94
6396.69 6472.87
6401.00 6471.77
6401.06 6471.76
6401.06 6471.76
6401.06 6471.76
6401.06 6471.76
6401.06 6471.76
6401.06 6471.76
6401.06 6471.76
6401.06 6471.76
6401.06 6471.76
6401.06 6471.76
6401.06 6471.76
6401.06 6471.76
6401.06 6471.76
6401.06 6471.76
6401.06 6471.76
6401.06 6471.76
6401.06 6471.76
6401.06 6471.76
6401.06 6471.76
6401.06 6471.76
6401.06 6471.76
6404.22 6474.36
6409.16 6476.49
6415.50 6474.84
6424.19 6472.57
6435.06 6469.68
6446.64 6466.60
6459.19 6465.11
6468.60 6465.54
6472.49 6468.49
6475.84 6474.28
6477.95 6482.23
6482.58 6491.67
6486.62 6503.68
6487.16 6516.53
6488.02 6529.16
6489.56 6541.36
6490.69 6554.11
6491.36 6565.32
6491.91 6573.07
6492.03 6576.30
6492.03 6576.33
6492.03 6576.33
6492.03 6576.33
6492.03 6576.33
6492.03 6576.33
6492.03 6576.33
6492.03 6576.33
6492.03 6576.33
6492.03 6576.33
6492.03 6576.33
6492.03 6576.33
6492.03 6576.33
6492.03 6576.33
6492.03 6576.33
6492.03 6576.33
6492.03 6576.33
6492.03 6576.33
6492.03 6576.33
6492.03 6576.33
6492.03 6576.33
6492.03 6576.33
6492.11 6578.47
6492.46 6582.22
6493.18 6588.55
6493.96 6597.24
6494.56 6607.98
6492.41 6620.37
6490.17 6633.30
6488.11 6645.17
6485.91 6657.83
6483.88 6669.81
6481.90 6682.09
6479.81 6695.22
6477.84 6707.57
6475.85 6720.10
6473.87 6732.49
6471.82 6745.36
6469.74 6758.41
6467.71 6770.85
6465.45 6783.72
6463.91 6792.47
6463.02 6797.50
6462.89 6798.26
6462.77 6798.92
6462.76 6798.97
6462.76 6798.97
6462.76 6798.97
6462.76 6798.97
6462.76 6798.97
6462.76 6798.97
6462.76 6798.97
6462.76 6798.97
6462.76 6798.97
6462.76 6798.97
6462.76 6798.97
6462.76 6798.97
6462.76 6798.97
6462.76 6798.97
6462.76 6798.97
6462.76 6798.97
6462.76 6798.97
6462.76 6798.97
6462.76 6798.97
6462.76 6798.97
6462.76 6798.97
6462.54 6800.46
6462.73 6804.01
6467.97 6806.55
6475.87 6808.57
6486.19 6811.23
6497.78 6814.20
6509.37 6817.18
6516.60 6819.04
6519.48 6819.77
6519.88 6819.88
6519.92 6819.89
6519.93 6819.89
6519.93 6819.89
6519.93 6819.89
6519.93 6819.89
6519.93 6819.89
6519.93 6819.89
6521.23 6820.23
6524.98 6821.19
6530.48 6822.60
6538.11 6824.39
6547.10 6826.21
6557.98 6828.18
6569.45 6830.26
6581.50 6832.45
6592.18 6834.39
6598.43 6835.52
6601.90 6836.15
6601.98 6836.17
6601.98 6836.17
6601.98 6836.17
6601.98 6836.17
6601.98 6836.17
6601.98 6836.17
6601.98 6836.17
6601.98 6836.17
6601.98 6836.17
6601.98 6836.17
6601.98 6836.17
6601.98 6836.17
6601.98 6836.17
6601.98 6836.17
6601.98 6836.17
6601.98 6836.17
6601.98 6836.17
6601.98 6836.17
6601.98 6836.17
6601.98 6836.17
6601.98 6836.17
6604.34 6836.60
6608.56 6837.36
6614.55 6838.45
6622.87 6839.96
6632.97 6841.79
6644.86 6843.95
6656.96 6846.15
6669.43 6848.41
6682.01 6850.70
6694.25 6852.92
6706.07 6855.07
6718.19 6857.27
6731.00 6859.59
6743.63 6861.89
6756.60 6864.24
6768.87 6866.47
6781.89 6868.83
6794.95 6871.20
6803.61 6872.77
6809.61 6873.86
6811.28 6874.17
6811.35 6874.18
6811.41 6874.19
6811.41 6874.19
6811.41 6874.19
6811.41 6874.19
6811.41 6874.19
6811.41 6874.19
6811.41 6874.19
6811.42 6874.19
6811.42 6874.19
6811.42 6874.19
6811.42 6874.19
6811.42 6874.19
6811.42 6874.19
6811.42 6874.19
6811.42 6874.19
6811.42 6874.19
6811.42 6874.19
6811.42 6874.19
6811.42 6874.19
6811.42 6874.19
6811.42 6874.19
6811.42 6874.19
6811.42 6874.19
6811.42 6874.19
6813.90 6874.62
6818.83 6875.44
6825.28 6876.47
6834.24 6877.83
6845.73 6879.57
6857.83 6881.41
6870.09 6883.28
6881.82 6885.06
6889.43 6886.21
6892.77 6886.72
6893.24 6886.79
6893.42 6886.82
6893.46 6886.83
6893.46 6886.83
6893.46 6886.83
6893.46 6886.83
6893.46 6886.83
6893.46 6886.83
6893.46 6886.83
6893.46 6886.83
6893.46 6886.83
6893.46 6886.83
6893.46 6886.83
6893.46 6886.83
6893.46 6886.83
6893.46 6886.83
6893.46 6886.83
6893.46 6886.83
6893.46 6886.83
6893.46 6886.83
6893.46 6886.83
6893.46 6886.83
6893.46 6886.83
6895.22 6887.09
6896.99 6887.36
6900.44 6887.89
6901.48 6891.38
6905.14 6891.94
6910.22 6892.71
6916.82 6893.71
6920.57 6894.28
6921.93 6894.49
6921.97 6894.49
6921.99 6894.50
6921.99 6894.50
6921.99 6894.50
6921.99 6894.50
6921.99 6894.50
6921.99 6894.50
6921.99 6894.50
6921.99 6894.50
6921.99 6894.50
6921.99 6894.50
6921.99 6894.50
6921.99 6894.50
6921.99 6894.50
6921.99 6894.50
6921.99 6894.50
6921.99 6894.50
6921.99 6894.50
6921.99 6894.50
6921.99 6894.50
6921.99 6894.50
6921.99 6894.50
6921.99 6894.50
6921.99 6894.50
6921.99 6894.50
6921.99 6894.50
6921.99 6894.50
6921.99 6894.50
6921.99 6894.50
6921.99 6894.50
6921.99 6894.50
6921.99 6894.50
6921.99 6894.50
6921.99 6894.50
6921.99 6894.50
6921.99 6894.50
6921.99 6894.50
6921.99 6894.50
6921.99 6894.50
6921.99 6894.50
6921.99 6894.50
6921.99 6894.50
6921.99 6894.50
6921.99 6894.50
6923.58 6894.74
6926.77 6895.22
6931.87 6896.07
6938.99 6897.75
6947.21 6900.84
6957.73 6899.85
6970.56 6901.72
6983.37 6903.60
6995.35 6908.47
7006.15 6917.30
7009.11 6929.66
7008.81 6942.27
7008.53 6951.02
7008.34 6956.10
7008.29 6957.25
7008.27 6957.64
7008.27 6957.67
7008.27 6957.67
7008.27 6957.67
7008.27 6957.67
7008.27 6957.67
7008.27 6957.67
7008.27 6957.67
7008.27 6957.67
7008.27 6957.67
7008.27 6957.67
7008.27 6957.67
7008.27 6957.67
7008.27 6957.67
7008.27 6957.67
7008.27 6957.67
7008.27 6957.67
7008.27 6957.67
7008.27 6957.67
7008.27 6957.67
7008.27 6957.67
7008.27 6957.67
7008.18 6959.89
7008.04 6963.76
7007.87 6969.72
7007.54 6977.08
7006.83 6986.92
7005.89 6998.53
7004.84 7011.21
7004.26 7024.43
7003.75 7037.12
7003.31 7049.24
7002.90 7061.18
7002.61 7069.41
7002.46 7073.77
7002.43 7074.68
7002.41 7075.02
7002.41 7075.24
7002.41 7075.25
7002.41 7075.25
7002.41 7075.25
7002.41 7075.25
7002.41 7075.25
7002.41 7075.25
7002.41 7075.25
7002.41 7075.25
7002.41 7075.25
7002.41 7075.25
7002.41 7075.25
7002.41 7075.25
7002.41 7075.25
7002.41 7075.25
7002.41 7075.25
7002.41 7075.25
7002.41 7075.25
7002.41 7075.25
7002.41 7075.25
7002.41 7075.25
7002.41 7075.25
7002.32 7077.54
7002.18 7081.53
7001.98 7086.86
7001.73 7093.77
7001.39 7102.61
7000.96 7113.70
7000.49 7125.76
6999.99 7138.87
6999.52 7151.04
6999.51 7163.14
7007.83 7171.56
7020.07 7174.85
7031.87 7178.15
7043.96 7181.34
7055.74 7184.60
7063.23 7186.69
7067.10 7187.73
7068.27 7188.05
7068.45 7188.10
7068.45 7188.10
7068.45 7188.10
7068.45 7188.10
7068.45 7188.10
7068.45 7188.10
7068.45 7188.10
7068.45 7188.10
7068.45 7188.10
7068.45 7188.10
7068.45 7188.10
7068.45 7188.10
7068.45 7188.10
7068.45 7188.10
7068.45 7188.10
7068.45 7188.10
7068.45 7188.10
7068.45 7188.10
7068.45 7188.10
7068.45 7188.10
7068.45 7188.10
7068.45 7188.10
7068.59 7191.56
7071.98 7192.46
7077.72 7193.97
7082.98 7195.42
7084.97 7196.02
7085.40 7196.15
7085.63 7196.22
7085.67 7196.23
7085.67 7196.23
7085.67 7196.23
7085.67 7196.23
7085.67 7196.23
7085.67 7196.23
7085.67 7196.23
7085.67 7196.23
7085.67 7196.23
7085.67 7196.23
7085.67 7196.23
7085.67 7196.23
7085.67 7196.23
7085.67 7196.23
7085.67 7196.23
7085.67 7196.23
7085.67 7196.23
7085.67 7196.23
7085.67 7196.23
7085.67 7196.23
7085.67 7196.23
7085.67 7196.23
7085.67 7196.23
7085.67 7196.23
7085.67 7196.23
7085.67 7196.23
7085.67 7196.23
7085.67 7196.23
7085.67 7196.23
7085.67 7196.23
7085.67 7196.23
7085.67 7196.23
7085.67 7196.23
7085.67 7196.23
7085.67 7196.23
7085.67 7196.23
7085.67 7196.23
7085.67 7196.23
7085.67 7196.23
7085.67 7196.23
7085.67 7196.23
7085.67 7196.23
7085.67 7196.23
7085.67 7196.23
7085.67 7196.23
7085.67 7196.23
7085.67 7196.23
7085.67 7196.23
7085.67 7196.23
7085.67 7196.23
7085.67 7196.23
7085.67 7196.23
7085.67 7196.23
7085.67 7196.23
7085.67 7196.23
7085.67 7196.23
7085.67 7196.23
7085.67 7196.23
7085.67 7196.23
7085.67 7196.23
7085.67 7196.23
7085.67 7196.23
7085.67 7196.23
7085.67 7196.23
7085.67 7196.23
7085.67 7196.23
7085.67 7196.23
7085.67 7196.23
7085.67 7196.23
7085.67 7196.23
7085.67 7196.23
7085.67 7196.23
7085.67 7196.23
7085.67 7196.23
7085.67 7196.23
7085.67 7196.23
7085.67 7196.23
7085.67 7196.23
7085.67 7196.23
7085.67 7196.23
7085.67 7196.23
7085.67 7196.23
7085.67 7196.23
7085.67 7196.23
7085.67 7196.23
7085.67 7196.23
7085.67 7196.23
7085.67 7196.23
7085.67 7196.23
7085.67 7196.23
7085.67 7196.23
7085.67 7196.23
7085.67 7196.23
7085.67 7196.23
7085.67 7196.23
7085.67 7196.23
7085.67 7196.23
7085.67 7196.23
7085.67 7196.23
7085.67 7196.23
7085.67 7196.23
7085.67 7196.23
7085.67 7196.23
7085.67 7196.23
7085.67 7196.23
7085.67 7196.23
7085.67 7196.23
7085.67 7196.23
7085.67 7196.23
7085.67 7196.23
7085.67 7196.23
7085.67 7196.23
7085.67 7196.23
7085.67 7196.23
7085.67 7196.23
7085.67 7196.23
7085.67 7196.23
7085.67 7196.23
7085.67 7196.23
7085.67 7196.23
7085.67 7196.23
7085.67 7196.23
7085.67 7196.23
7085.67 7196.23
7085.67 7196.23
7085.67 7196.23
7085.67 7196.23
7085.67 7196.23
7085.67 7196.23
7085.67 7196.23
7085.67 7196.23
7085.67 7196.23
7085.67 7196.23
7085.67 7196.23
7085.67 7196.23
7085.67 7196.23
7085.67 7196.23
7085.67 7196.23
7085.67 7196.23
7085.67 7196.23
7085.67 7196.23
7085.67 7196.23
7085.67 7196.23
7085.67 7196.23
7085.67 7196.23
7085.67 7196.23
7085.67 7196.23
7085.67 7196.23
7085.67 7196.23
7085.67 7196.23
7085.67 7196.23
7085.67 7196.23
7085.67 7196.23
7085.67 7196.23
7085.67 7196.23
7085.67 7196.23
7085.67 7196.23
7085.67 7196.23
7085.67 7196.23
7085.67 7196.23
7085.67 7196.23
7085.67 7196.23
7085.67 7196.23
7085.67 7196.23
7085.67 7196.23
7085.67 7196.23
7085.67 7196.23
7085.67 7196.23
7085.67 7196.23
7085.67 7196.23
7085.67 7196.23
7087.39 7197.01
7090.98 7199.51
7092.73 7205.34
7090.75 7213.01
7088.90 7218.84
7088.41 7220.38
7087.86 7222.11
7087.59 7222.96
7086.63 7225.98
7085.19 7230.50
7083.56 7235.61
7083.05 7237.22
7082.84 7237.88
7082.79 7238.03
7082.77 7238.10
7082.76 7238.12
7082.76 7238.14
7082.76 7238.14
7082.76 7238.14
7082.76 7238.14
7082.76 7238.14
7082.76 7238.14
7082.76 7238.14
7082.76 7238.14
7082.76 7238.14
7082.76 7238.14
7082.76 7238.14
7082.76 7238.14
7082.76 7238.14
7082.76 7238.14
7082.76 7238.14
7082.76 7238.14
7082.76 7238.14
7082.76 7238.14
7082.76 7238.14
7082.76 7238.14
7082.76 7238.14
7082.76 7238.14
7082.76 7238.14
7082.76 7238.14
7082.76 7238.14
7082.76 7238.14
7082.76 7238.14
7082.76 7238.14
7082.76 7238.14
7082.76 7238.14
7082.76 7238.14
7082.76 7238.14
7082.76 7238.14
7082.76 7238.14
7082.76 7238.14
7082.76 7238.14
7082.76 7238.14
7082.76 7238.14
7082.76 7238.14
7082.76 7238.14
7082.76 7238.14
7082.76 7238.14
7082.76 7238.14
7082.76 7238.14
7082.76 7238.14
7082.76 7238.14
7082.76 7238.14
7082.76 7238.14
7082.76 7238.14
7082.76 7238.14
7082.76 7238.14
7082.76 7238.14
7082.31 7239.54
7081.42 7242.36
7079.99 7247.05
7078.69 7253.47
7078.01 7261.60
7076.04 7271.46
7076.06 7283.35
7072.27 7296.57
7068.12 7311.03
7065.09 7321.60
7063.11 7328.51
7062.11 7332.01
7062.04 7332.24
7062.01 7332.37
7061.98 7332.44
7061.98 7332.45
7061.98 7332.45
7061.98 7332.45
7061.98 7332.45
7061.98 7332.45
7061.98 7332.45
7061.98 7332.45
7061.98 7332.45
7061.98 7332.45
7061.98 7332.45
7061.98 7332.45
7061.98 7332.45
7061.98 7332.45
7061.98 7332.45
7061.98 7332.45
7061.98 7332.45
7061.98 7332.45
7061.98 7332.45
7061.98 7332.45
7061.98 7332.45
7061.63 7333.67
7060.72 7336.86
7059.29 7341.82
7057.24 7348.92
7054.48 7358.41
7051.00 7370.32
7046.85 7384.53
7042.14 7400.64
7038.70 7412.43
7035.22 7424.37
7031.46 7437.25
7027.18 7451.55
7022.81 7466.07
7018.61 7480.03
7014.22 7494.51
7011.13 7504.67
7008.85 7512.27
7007.86 7515.56
7007.86 7515.58
7007.86 7515.58
7007.86 7515.58
7007.86 7515.58
7007.86 7515.58
7007.86 7515.58
7007.86 7515.58
7007.86 7515.58
7007.86 7515.58
7007.86 7515.58
7007.86 7515.58
7007.86 7515.58
7007.86 7515.58
7007.86 7515.58
7007.86 7515.58
7007.86 7515.58
7007.86 7515.58
7007.86 7515.58
7007.86 7515.58
7007.86 7515.58
7007.86 7515.58
7007.39 7517.15
7006.50 7520.12
7005.11 7524.70
7003.15 7531.15
7000.57 7539.62
6997.91 7550.49
6995.04 7562.68
6992.59 7573.08
6991.17 7579.11
6990.79 7580.74
6990.76 7580.87
6990.75 7580.91
6990.75 7580.91
6990.75 7580.91
6990.75 7580.91
6990.75 7580.91
6990.75 7580.91
6990.43 7582.28
6989.49 7585.73
6987.24 7591.10
6987.17 7601.18
6997.69 7603.82
7008.10 7606.43
7019.80 7609.37
7030.90 7612.15
7041.59 7614.83
7053.02 7617.50
7065.84 7619.83
7078.09 7622.04
7090.53 7624.29
7103.11 7626.57
7116.14 7628.93
7128.88 7631.23
7141.45 7633.51
7154.35 7635.84
7166.99 7638.13
7179.27 7640.31
7191.22 7642.43
7203.27 7644.56
7215.79 7646.76
7228.08 7648.92
7239.99 7651.02
7252.35 7653.26
7264.17 7655.46
7276.78 7657.81
7289.76 7660.23
7302.70 7662.64
7315.41 7665.01
7328.45 7667.43
7341.02 7669.78
7353.94 7672.18
7366.46 7674.51
7379.34 7676.91
7392.20 7679.31
7404.88 7681.67
7417.36 7683.99
7429.83 7686.32
7442.26 7688.63
7454.71 7690.95
7466.81 7693.20
7478.88 7695.45
7491.96 7697.89
7503.93 7700.12
7516.41 7702.44
7528.80 7704.75
7541.31 7707.08
7553.29 7709.31
7565.37 7711.58
7578.25 7714.02
7590.47 7716.34
7603.41 7718.80
7616.24 7721.24
7628.35 7726.90
7640.66 7729.23
7653.60 7731.69
7665.80 7734.01
7678.00 7736.45
7690.20 7738.92
7702.70 7741.45
7714.63 7743.86
7726.82 7746.33
7738.62 7748.72
7751.48 7751.32
7763.47 7753.75
7775.87 7756.26
7787.90 7758.69
7799.93 7761.13
7812.86 7764.11
7825.42 7767.01
7837.77 7769.87
7850.08 7772.71
7861.70 7775.40
7868.94 7777.07
7873.46 7778.12
7873.60 7778.15
7873.62 7778.15
7873.63 7778.15
7873.63 7778.15
7873.63 7778.15
7873.63 7778.15
7873.63 7778.15
7873.63 7778.15
7873.63 7778.15
7873.63 7778.15
7873.63 7778.15
7873.63 7778.15
7873.63 7778.15
7873.63 7778.15
7873.63 7778.15
7873.63 7778.15
7873.63 7778.15
7873.63 7778.15
7873.63 7778.15
7873.63 7778.15
7873.63 7778.15
7873.63 7778.15
7873.63 7778.15
7873.63 7778.15
7873.63 7778.15
7873.63 7778.15
7875.75 7779.00
7878.21 7780.58
7878.33 7780.77
7878.36 7780.82
7879.48 7782.72
7880.71 7786.61
7881.17 7792.44
7880.78 7800.16
7879.87 7810.18
7880.15 7822.16
7881.14 7834.93
7883.43 7847.34
7887.05 7859.10
7890.76 7870.93
7894.84 7882.88
7902.45 7894.94
7906.76 7906.88
7911.02 7918.69
7915.38 7930.77
7919.50 7942.19
7923.74 7953.96
7928.05 7965.89
7932.42 7977.87
7936.85 7989.99
7941.06 8001.50
7945.21 8013.09
7949.01 8023.44
7951.22 8029.59
7952.22 8032.38
7952.28 8032.56
7952.33 8032.69
7952.33 8032.69
7952.33 8032.69
7952.33 8032.69
7952.33 8032.69
7952.33 8032.69
7952.33 8032.69
7952.33 8032.69
7952.33 8032.69
7952.33 8032.69
7952.33 8032.69
7952.33 8032.69
7952.33 8032.69
7952.33 8032.69
7952.33 8032.69
7952.33 8032.69
7952.33 8032.69
7952.33 8032.69
7952.33 8032.69
7952.33 8032.69
7952.33 8032.69
7952.33 8032.69
7953.03 8034.66
7954.56 8038.94
7956.73 8045.03
7959.73 8052.49
7963.75 8062.02
7969.51 8072.86
7975.72 8083.56
7982.30 8094.33
7988.94 8104.29
7996.82 8114.51
8004.35 8123.74
8012.54 8132.75
8020.83 8140.89
8030.36 8149.58
8040.34 8158.26
8049.72 8166.42
8058.54 8174.08
8067.75 8182.09
8077.01 8190.14
8086.99 8198.44
8097.04 8205.38
8106.77 8212.67
8113.72 8218.07
8117.12 8220.72
8117.72 8221.18
8118.25 8221.60
8118.27 8221.61
8116.21 8224.19
8117.54 8225.22
8120.24 8227.32
8122.13 8228.79
8122.37 8228.98
8122.54 8229.11
8122.55 8229.11
8122.55 8229.11
8122.55 8229.11
8122.55 8229.11
8122.55 8229.11
8122.55 8229.11
8122.55 8229.11
8122.55 8229.11
8122.55 8229.11
8122.55 8229.11
8122.55 8229.11
8122.55 8229.11
8122.55 8229.11
8122.55 8229.11
8122.55 8229.11
8122.55 8229.11
8122.55 8229.11
8122.55 8229.11
8122.55 8229.11
8122.55 8229.11
8122.55 8229.11
8122.55 8229.11
8122.55 8229.11
8122.55 8229.11
8122.55 8229.11
8122.55 8229.11
8122.55 8229.11
8122.55 8229.11
8122.55 8229.11
8122.55 8229.11
8122.55 8229.11
8122.55 8229.11
8122.55 8229.11
8122.55 8229.11
8122.55 8229.11
8123.28 8229.68
8125.45 8231.40
8129.63 8234.73
8137.66 8237.01
8145.49 8243.39
8155.33 8251.28
8164.84 8258.89
8174.72 8266.81
8185.39 8274.69
8196.28 8282.22
8207.15 8289.72
8217.25 8296.61
8227.86 8303.48
8238.82 8310.57
8249.38 8317.41
8259.72 8324.10
8270.72 8330.92
8281.40 8337.52
8292.22 8344.21
8302.57 8350.61
8312.78 8356.92
8324.06 8363.89
8335.36 8370.87
8346.57 8377.80
8357.14 8384.34
8368.23 8391.19
8378.50 8397.58
8389.64 8404.54
8400.44 8411.17
8410.91 8417.50
8421.58 8424.01
8431.90 8430.19
8442.71 8436.57
8453.37 8443.18
8464.03 8449.97
8472.91 8455.62
8478.39 8459.41
8480.17 8460.65
8480.44 8460.83
8480.47 8460.86
8480.47 8460.86
8480.47 8460.86
8480.47 8460.86
8480.47 8460.86
8480.47 8460.86
8480.47 8460.86
8480.47 8460.86
8480.47 8460.86
8480.47 8460.86
8480.47 8460.86
8480.47 8460.86
8480.47 8460.86
8480.47 8460.86
8480.47 8460.86
8480.47 8460.86
8480.47 8460.86
8480.47 8460.86
8480.47 8460.86
8480.47 8460.86
8480.47 8460.86
8482.58 8462.33
8485.95 8464.62
8490.50 8467.47
8496.44 8471.18
8503.81 8475.79
8512.67 8481.33
8522.81 8487.57
8533.29 8493.93
8543.90 8500.37
8552.31 8505.52
8556.86 8508.36
8558.49 8509.37
8559.35 8509.91
8559.40 8509.94
8559.40 8509.94
8557.66 8512.75
8558.94 8513.54
8561.76 8515.30
8565.25 8517.47
8566.10 8518.00
8566.15 8518.03
8566.15 8518.03
8566.15 8518.03
8566.15 8518.03
8566.15 8518.03
8566.15 8518.03
8566.15 8518.03
8566.15 8518.03
8566.15 8518.03
8566.15 8518.03
8566.15 8518.03
8566.15 8518.03
8566.15 8518.03
8566.15 8518.03
8566.15 8518.03
8567.82 8519.05
8570.75 8520.82
8575.88 8523.89
8582.86 8527.90
8592.00 8533.14
8603.00 8539.45
8613.51 8545.48
8623.95 8551.47
8635.13 8557.89
8645.74 8563.97
8656.69 8570.26
8667.96 8576.84
8678.32 8583.19
8689.20 8589.86
8699.67 8596.28
8710.31 8602.81
8721.16 8609.46
8731.60 8615.86
8742.26 8622.35
8752.92 8628.74
8764.21 8635.52
8775.46 8642.28
8788.05 8645.99
8798.50 8652.26
8806.37 8656.99
8816.30 8663.02
8826.80 8669.69
8837.31 8676.31
8848.03 8682.36
8858.49 8688.53
8869.75 8695.36
8880.44 8701.53
8890.93 8707.46
8901.61 8713.52
8908.36 8717.42
8911.18 8719.10
8911.25 8719.13
8911.28 8719.16
8911.28 8719.16
8911.28 8719.16
8911.28 8719.16
8911.28 8719.16
8911.28 8719.16
8911.28 8719.16
8911.28 8719.16
8911.28 8719.16
8911.28 8719.16
8911.28 8719.16
8911.28 8719.16
8911.28 8719.16
8911.28 8719.16
8911.28 8719.16
8911.28 8719.16
8911.28 8719.16
8911.28 8719.16
8911.28 8719.16
8911.28 8719.16
8911.28 8719.16
8912.86 8720.09
8915.55 8721.70
8919.44 8724.01
8924.56 8727.06
8931.66 8731.28
8939.92 8736.11
8949.68 8741.60
8960.46 8747.67
8971.67 8754.14
8982.96 8760.78
8994.06 8767.31
9005.27 8773.75
9016.77 8780.24
9027.88 8787.02
9038.51 8793.76
9049.56 8800.59
9060.75 8806.99
9071.66 8813.23
9082.67 8819.52
9093.72 8825.84
9104.34 8831.91
9114.93 8837.96
9125.63 8844.07
9136.59 8850.32
9147.43 8856.42
9158.35 8862.57
9169.46 8868.82
9180.77 8875.19
9191.67 8881.33
9202.55 8887.45
9213.29 8893.50
9223.79 8899.56
9232.09 8904.55
9236.57 8907.18
9237.89 8907.95
9238.09 8908.07
9238.18 8908.12
9238.26 8908.17
9238.26 8908.17
9238.26 8908.17
9238.26 8908.17
9238.26 8908.17
9238.26 8908.17
9238.26 8908.17
9238.26 8908.17
9238.26 8908.17
9238.26 8908.17
9238.26 8908.17
9238.26 8908.17
9238.26 8908.17
9238.26 8908.17
9238.26 8908.17
9238.26 8908.17
9238.26 8908.17
9238.26 8908.17
9238.26 8908.17
9238.26 8908.17
9238.26 8908.17
9239.73 8909.03
9242.88 8910.88
9248.23 8914.02
9255.14 8918.31
9263.16 8923.35
9272.49 8929.16
9283.27 8936.09
9293.27 8942.98
9303.71 8950.80
9313.65 8958.24
9323.53 8965.65
9334.16 8973.62
9344.08 8981.05
9353.08 8990.05
9361.32 8998.94
9370.14 9008.45
9378.92 9017.92
9387.09 9027.99
9394.74 9038.16
9402.42 9048.37
9409.95 9058.38
9417.20 9068.02
9425.00 9078.38
9432.24 9088.01
9439.85 9098.26
9447.53 9108.59
9455.16 9118.88
9463.08 9129.55
9470.86 9140.03
9478.05 9149.98
9485.68 9160.28
9493.57 9170.62
9501.32 9180.61
9506.72 9186.95
9509.21 9189.85
9509.61 9190.32
9509.74 9190.47
9509.78 9190.52
9509.78 9190.52
9509.78 9190.52
9509.78 9190.52
9509.78 9190.52
9509.78 9190.52
9509.78 9190.52
9509.78 9190.52
9509.78 9190.52
9509.78 9190.52
9509.78 9190.52
9509.78 9190.52
9509.78 9190.52
9509.78 9190.52
9509.78 9190.52
9509.78 9190.52
9509.78 9190.52
9509.78 9190.52
9509.78 9190.52
9509.78 9190.52
9509.78 9190.52
9508.54 9194.15
9510.97 9196.99
9514.75 9201.27
9519.55 9206.58
9524.58 9212.08
9527.09 9216.10
9527.25 9216.83
9527.64 9219.12
9525.83 9223.61
9520.82 9229.16
9513.78 9236.27
9505.62 9244.50
9496.81 9253.40
9488.18 9262.11
9482.29 9273.33
9473.75 9283.01
9466.33 9293.00
9460.42 9303.52
9454.62 9314.15
9448.77 9325.30
9443.68 9336.95
9439.13 9349.16
9436.76 9362.08
9435.11 9375.04
9434.19 9388.15
9435.53 9401.29
9436.83 9413.96
9439.59 9426.42
9442.27 9438.43
9448.07 9450.17
9453.98 9461.81
9460.11 9472.90
9466.86 9484.12
9473.06 9494.43
9480.42 9504.93
9487.85 9515.37
9495.88 9525.61
9504.03 9535.53
9511.75 9544.91
9520.32 9554.14
9529.34 9563.75
9538.47 9572.96
9547.54 9581.38
9556.40 9589.61
9565.91 9598.45
9575.63 9606.69
9585.09 9614.52
9594.72 9622.49
9604.64 9630.58
9614.63 9638.59
9624.86 9646.81
9634.44 9654.49
9644.77 9660.78
9655.85 9667.50
9666.53 9673.98
9677.19 9680.00
9687.93 9685.75
9698.53 9691.44
9709.39 9697.25
9720.76 9703.23
9732.05 9708.25
9744.20 9713.25
9755.62 9717.95
9767.85 9722.98
9779.77 9727.89
9790.96 9732.49
9802.09 9737.07
9814.10 9742.01
9826.43 9746.27
9838.07 9750.15
9849.93 9754.12
9862.33 9758.24
9873.78 9761.81
9885.41 9764.92
9896.44 9767.38
9903.11 9768.74
9905.38 9769.21
9906.16 9769.37
9906.41 9769.42
9906.47 9769.44
9906.47 9769.44
9906.47 9769.44
9906.47 9769.44
9906.47 9769.44
9906.47 9769.44
9906.47 9769.44
9906.47 9769.44
9906.47 9769.44
9906.47 9769.44
9906.47 9769.44
9906.47 9769.44
9906.47 9769.44
9906.47 9769.44
9906.47 9769.44
9906.47 9769.44
9906.47 9769.44
9906.47 9769.44
9906.47 9769.44
9906.47 9769.44
9906.47 9769.44
9908.40 9769.84
9911.95 9770.59
9917.24 9771.69
9924.84 9773.12
9934.87 9774.99
9947.20 9777.27
9959.58 9779.41
9972.20 9781.09
9985.24 9782.83
9997.51 9784.44
10010.34 9785.58
10022.79 9786.31
10035.48 9786.83
10047.51 9786.90
10059.83 9786.98
10071.95 9787.05
10084.25 9787.04
10096.68 9786.12
10108.87 9785.22
10120.95 9784.32
10134.01 9782.29
10146.59 9780.07
10159.11 9777.75
10171.75 9774.81
10183.86 9771.77
10195.54 9768.34
10207.23 9763.41
10215.54 9759.54
10219.81 9757.06
10220.98 9756.38
10221.00 9756.37
10221.00 9756.37
10221.00 9756.37
10221.00 9756.37
10221.00 9756.37
10221.00 9756.37
10221.00 9756.37
10221.00 9756.37
10221.00 9756.37
10221.00 9756.37
10221.00 9756.37
10221.00 9756.37
10221.00 9756.37
10221.00 9756.37
10221.00 9756.37
10221.00 9756.37
10221.00 9756.37
10221.00 9756.37
10221.00 9756.37
10221.00 9756.37
10221.00 9756.37
10224.49 9758.16
10227.68 9756.30
10231.82 9753.26
10237.06 9748.87
10244.01 9743.06
10252.76 9735.56
10262.05 9727.04
10270.78 9717.38
10276.51 9710.50
10280.38 9705.78
10287.05 9700.67
10296.23 9704.09
10305.46 9712.04
10314.79 9720.08
10324.25 9728.24
10334.16 9736.77
10343.89 9745.15
10354.60 9749.24
10365.78 9754.39
10377.62 9756.08
10390.07 9755.71
10402.43 9754.17
10414.60 9750.36
10426.56 9746.34
10438.19 9741.59
10449.31 9737.04
10461.00 9732.26
10472.42 9727.58
10483.34 9722.70
10495.09 9717.29
10506.60 9711.99
10517.90 9706.79
10529.63 9701.39
10541.29 9696.02
10552.45 9690.88
10563.34 9685.46
10573.46 9678.55
10582.94 9670.24
10591.99 9661.66
10601.39 9652.75
10610.22 9643.88
10618.61 9633.84
10626.54 9624.35
10634.27 9615.10
10642.54 9605.20
10650.72 9595.41
10659.24 9585.23
10667.48 9575.36
10673.41 9569.46
10676.25 9566.70
10678.30 9562.99
10673.56 9557.57
10667.43 9547.89
10665.98 9534.92
10669.61 9521.48
10669.31 9510.32
10659.76 9502.96
10650.20 9495.58
10640.53 9488.11
10630.68 9480.52
10620.80 9472.89
10611.21 9465.49
10601.09 9457.68
10590.70 9449.67
10583.00 9439.47
10573.46 9431.39
10563.70 9423.11
10553.84 9414.76
10544.33 9406.71
10534.58 9398.45
10524.91 9390.25
10514.99 9381.85
10505.13 9373.49
10495.39 9365.24
10485.96 9356.99
10476.88 9349.05
10467.06 9340.45
10457.20 9331.83
10447.72 9323.54
10438.37 9315.36
10428.80 9306.99
10419.54 9298.89
10410.34 9290.84
10400.91 9282.59
10391.33 9274.22
10381.65 9265.75
10372.48 9257.72
10364.94 9251.13
10360.05 9246.29
10360.54 9237.90
10366.24 9229.30
10373.67 9220.01
10382.08 9211.02
10390.26 9201.76
10398.94 9191.93
10407.45 9182.31
10415.87 9172.78
10423.83 9163.77
10432.30 9154.09
10441.01 9144.10
10449.52 9134.35
10455.99 9126.93
10460.07 9122.25
10465.07 9116.56
10471.01 9109.87
10478.01 9102.04
10486.08 9093.01
10494.72 9083.34
10503.55 9073.47
10511.82 9064.18
10520.51 9054.36
10528.70 9045.10
10537.27 9035.41
10545.58 9026.00
10554.27 9016.17
10562.38 9006.99
10570.45 8997.86
10577.15 8990.28
10581.00 8985.92
10581.80 8979.84
10575.06 8973.83
10566.74 8966.40
10556.97 8957.67
10547.11 8948.87
10538.06 8940.78
10528.20 8931.98
10519.06 8923.82
10509.71 8915.47
10500.66 8907.39
10491.41 8899.13
10482.10 8890.82
10472.49 8882.24
10462.97 8873.73
10453.12 8864.93
10443.93 8856.73
10434.41 8848.22
10428.24 8842.72
10425.02 8839.84
10420.67 8835.40
10418.60 8828.08
10427.95 8822.18
10439.58 8821.66
10452.47 8821.09
10464.78 8820.55
10477.21 8820.00
10489.55 8819.94
10502.64 8820.27
10507.77 8811.77
10501.68 8800.52
10493.84 8790.15
10484.82 8781.41
10474.82 8774.40
10464.30 8767.59
10453.50 8760.57
10443.72 8753.61
10434.20 8746.23
10424.22 8738.40
10414.49 8730.54
10405.07 8722.13
10395.33 8713.69
10385.79 8705.38
10376.46 8697.29
10366.94 8688.96
10357.27 8680.46
10347.93 8672.15
10338.09 8663.35
10328.62 8655.89
10316.50 8653.51
10307.96 8654.61
10303.42 8656.13
10296.82 8657.11
10289.88 8652.75
10281.71 8646.31
10269.98 8644.86
10257.99 8645.91
10248.45 8654.38
10242.60 8664.10
10240.80 8676.30
10245.22 8687.18
10252.03 8697.15
10264.25 8701.19
10276.54 8701.13
10287.73 8696.69
10295.07 8686.57
10299.50 8675.49
10297.45 8665.59
10296.43 8659.86
10300.17 8653.85
10309.05 8650.77
10319.45 8650.73
10331.89 8653.39
10341.18 8661.70
10350.53 8670.06
10360.29 8678.74
10369.79 8687.09
10379.54 8695.61
10389.57 8704.30
10398.17 8711.81
10403.49 8716.21
10405.28 8717.82
10405.41 8717.94
10405.43 8717.95
10405.43 8717.95
10405.43 8717.95
10405.43 8717.95
10405.43 8717.95
10405.43 8717.95
10405.43 8717.95
10405.43 8717.95
10405.43 8717.95
10405.43 8717.95
10405.43 8717.95
10405.43 8717.95
10405.43 8717.95
10405.43 8717.95
10405.43 8717.95
10405.43 8717.95
10405.43 8717.95
10405.43 8717.95
10405.43 8717.95
10405.43 8717.95
10405.43 8717.95
10407.25 8719.65
10410.67 8722.82
10416.10 8727.60
10423.21 8733.36
10432.08 8740.43
10442.07 8748.16
10451.86 8755.56
10462.98 8762.79
10473.83 8769.83
10484.72 8776.88
10493.85 8785.56
10502.28 8795.31
10508.47 8805.03
10511.07 8811.71
10511.01 8815.94
10510.54 8821.50
10506.36 8826.54
10497.94 8826.75
10488.08 8826.50
10476.26 8826.64
10463.89 8827.19
10451.18 8827.75
10438.65 8828.31
10426.48 8828.85
10414.12 8829.43
10401.81 8833.67
10388.75 8834.70
10376.24 8835.69
10363.61 8836.69
10350.58 8837.72
10337.99 8838.71
10324.88 8839.75
10311.96 8840.77
10299.41 8841.76
10286.27 8842.80
10274.08 8845.08
10262.11 8848.49
10250.49 8854.73
10239.97 8860.51
10228.91 8866.57
10219.08 8873.62
10208.49 8881.35
10212.75 8890.25
10222.10 8898.50
10228.71 8904.45
10230.78 8908.21
10230.82 8908.33
10230.82 8908.34
10230.82 8908.34
10230.33 8910.75
10227.89 8914.15
10223.52 8919.23
10217.88 8925.78
10210.64 8934.19
10202.02 8944.19
10193.90 8953.62
10202.39 8961.93
10211.72 8970.13
10220.85 8978.17
10229.89 8986.12
10239.57 8994.64
10249.56 9003.31
10259.27 8996.41
10268.09 8986.86
10276.67 8977.58
10283.19 8970.53
10287.03 8966.37
10286.90 8960.07
10279.69 8953.71
10271.09 8946.12
10261.38 8937.56
10251.50 8928.84
10242.09 8920.54
10232.61 8912.17
10223.53 8904.17
10214.87 8896.53
10209.28 8891.59
10206.82 8889.43
10203.22 8885.72
10201.96 8878.72
10209.77 8872.25
10219.45 8865.18
10229.63 8858.64
10240.94 8852.44
10252.19 8846.28
10263.81 8840.56
10276.09 8837.80
10288.60 8836.00
10301.84 8834.95
10314.68 8833.94
10326.76 8832.98
10338.29 8828.76
10350.36 8827.81
10362.59 8826.84
10375.82 8825.79
10389.05 8824.75
10402.19 8823.71
10414.86 8822.79
10427.27 8822.21
10439.38 8821.67
10452.47 8821.09
10464.83 8820.54
10477.49 8819.98
10490.20 8819.96
10502.97 8820.28
10507.78 8810.63
10501.58 8800.37
10494.09 8790.39
10484.75 8781.34
10474.72 8774.33
10464.30 8767.58
10453.29 8760.44
10442.61 8752.75
10432.84 8745.18
10422.83 8737.28
10412.64 8729.04
10403.15 8720.34
10394.62 8713.07
10389.57 8708.66
10387.14 8706.55
10386.90 8706.34
10386.84 8706.28
10386.82 8706.27
10386.82 8706.27
10386.82 8706.27
10386.82 8706.27
10386.82 8706.27
10386.82 8706.27
10386.82 8706.27
10386.82 8706.27
10386.82 8706.27
10386.82 8706.27
10386.82 8706.27
10386.82 8706.27
10386.82 8706.27
10386.82 8706.27
10386.82 8706.27
10386.82 8706.27
10386.82 8706.27
10386.82 8706.27
10386.82 8706.27
10386.82 8706.27
10386.82 8706.27
10385.57 8705.19
10382.58 8702.60
10378.14 8698.75
10372.51 8693.85
10364.98 8687.24
10355.62 8679.01
10346.44 8670.82
10336.94 8662.32
10326.87 8655.54
10314.53 8653.12
