8116.54 5115.05
8118.98 5115.66
8122.79 5116.62
8128.39 5117.81
8136.16 5119.52
8141.65 5120.78
8142.89 5121.07
8143.34 5121.17
8143.48 5121.20
8143.61 5121.23
8143.61 5121.24
8143.61 5121.24
8143.61 5121.24
8143.61 5121.24
8143.61 5121.24
8143.61 5121.24
8143.61 5121.24
8143.61 5121.24
8143.61 5121.24
8143.61 5121.24
8143.61 5121.24
8143.61 5121.24
8143.61 5121.24
8143.61 5121.24
8143.61 5121.24
8143.61 5121.24
8143.61 5121.24
8143.61 5121.24
8143.61 5121.24
8143.61 5121.24
8143.61 5121.24
8145.86 5121.71
8150.10 5122.58
8155.75 5123.39
8158.24 5117.20
8159.73 5108.83
8161.58 5098.35
8163.88 5085.36
8166.25 5071.98
8168.56 5058.97
8170.79 5046.38
8173.16 5032.87
8175.44 5019.54
8177.64 5006.56
8179.90 4993.24
8182.23 4979.48
8184.39 4966.71
8186.15 4956.33
8187.19 4950.19
8189.07 4942.63
8198.03 4941.28
8209.98 4941.78
8223.43 4942.79
8236.88 4944.07
8250.48 4945.37
8263.20 4946.59
8276.83 4947.89
8290.18 4949.16
8299.50 4944.52
8301.65 4931.93
8303.99 4918.23
8306.16 4905.55
8308.40 4892.44
8310.59 4879.60
8312.93 4865.91
8315.23 4852.45
8317.24 4840.73
8318.74 4831.91
8319.49 4827.52
8320.76 4821.82
8324.44 4815.89
8333.12 4810.52
8343.94 4808.24
8355.03 4805.94
8361.74 4804.66
8365.08 4804.03
8366.35 4803.77
8366.35 4803.77
8366.35 4803.77
8366.35 4803.77
8366.35 4803.77
8366.35 4803.77
8366.35 4803.77
8366.35 4803.77
8366.35 4803.77
8366.35 4803.77
8366.35 4803.77
8366.35 4803.77
8366.35 4803.77
8366.35 4803.77
8366.35 4803.77
8366.35 4803.77
8366.35 4803.77
8366.35 4803.77
8366.35 4803.77
8366.35 4803.77
8366.35 4803.77
8366.35 4803.77
8368.39 4803.34
8372.50 4802.48
8379.00 4801.05
8387.84 4799.16
8398.24 4796.93
8410.42 4794.35
8423.65 4791.54
8437.06 4788.69
8450.77 4785.78
8464.27 4782.91
8477.49 4779.90
8490.91 4777.13
8502.44 4782.39
8505.73 4795.88
8507.39 4808.79
8509.11 4822.23
8510.56 4833.20
8511.40 4839.65
8511.61 4841.56
8511.61 4841.57
8511.61 4841.57
8511.61 4841.57
8511.61 4841.57
8511.61 4841.57
8511.61 4841.57
8511.61 4841.57
8511.61 4841.57
8511.61 4841.57
8511.61 4841.57
8511.61 4841.57
8511.61 4841.57
8511.61 4841.57
8511.61 4841.57
8511.61 4841.57
8511.61 4841.57
8511.61 4841.57
8511.61 4841.57
8511.61 4841.57
8511.61 4841.57
8511.61 4841.57
8511.81 4843.49
8512.19 4847.92
8512.61 4854.50
8513.02 4863.44
8513.06 4874.84
8513.84 4887.48
8527.44 4888.32
8541.12 4888.81
8554.81 4889.31
8567.71 4889.78
8580.46 4890.30
8593.33 4891.25
8606.12 4892.20
8619.81 4893.34
8633.30 4895.32
8645.87 4897.18
8657.78 4898.93
8665.15 4900.41
8667.93 4908.63
8666.32 4919.31
8664.37 4932.46
8662.48 4945.35
8660.32 4958.07
8658.55 4968.46
8657.67 4974.95
8657.09 4978.46
8657.08 4978.54
8657.07 4978.55
8657.07 4978.55
8657.07 4978.55
8657.07 4978.55
8657.07 4978.55
8657.07 4978.55
8657.07 4978.55
8657.07 4978.55
8657.07 4978.55
8657.07 4978.55
8657.07 4978.55
8657.07 4978.55
8657.07 4978.55
8657.07 4978.55
8657.07 4978.55
8657.07 4978.55
8657.07 4978.55
8657.07 4978.55
8657.07 4978.55
8657.07 4978.55
8657.07 4978.55
8656.82 4980.09
8656.19 4983.92
8655.24 4989.75
8653.96 4997.92
8652.42 5007.92
8650.46 5020.26
8648.45 5032.85
8646.36 5046.03
8644.35 5058.78
8642.20 5072.38
8639.97 5085.54
8637.55 5099.19
8635.76 5112.24
8633.50 5125.73
8631.71 5138.43
8629.86 5151.92
8627.84 5164.68
8626.00 5177.60
8624.30 5190.00
8623.42 5200.42
8623.08 5207.64
8622.83 5211.75
8622.82 5211.91
8622.82 5211.99
8622.82 5212.04
8622.82 5212.04
8622.82 5212.04
8622.82 5212.04
8622.82 5212.04
8622.82 5212.04
8622.82 5212.04
8622.82 5212.04
8622.82 5212.04
8622.82 5212.04
8622.82 5212.04
8622.82 5212.04
8622.82 5212.04
8622.82 5212.04
8622.82 5212.04
8622.82 5212.04
8622.82 5212.04
8622.82 5212.04
8622.82 5212.04
8622.82 5212.04
8622.82 5212.04
8622.69 5214.07
8622.44 5218.31
8622.50 5223.97
8622.60 5231.91
8622.89 5241.35
8622.73 5252.40
8622.89 5265.94
8624.27 5278.61
8625.80 5291.83
8628.41 5305.11
8631.16 5317.58
8634.00 5330.36
8637.41 5343.46
8641.26 5354.66
8646.51 5360.92
8649.37 5364.31
8653.00 5369.54
8652.48 5376.75
8646.06 5384.91
8638.54 5394.46
8630.15 5406.40
8623.15 5421.44
8616.27 5436.20
8609.88 5451.23
8604.42 5465.93
8598.86 5480.88
8593.27 5495.91
8587.63 5511.09
8579.48 5524.04
8563.42 5524.70
8549.19 5524.34
8538.78 5527.08
8528.51 5526.26
8522.62 5525.81
8520.42 5525.64
8519.58 5525.57
8519.23 5525.55
8519.16 5525.54
8519.16 5525.54
8519.16 5525.54
8519.16 5525.54
8519.16 5525.54
8519.16 5525.54
8519.16 5525.54
8519.16 5525.54
8519.16 5525.54
8519.16 5525.54
8519.16 5525.54
8519.16 5525.54
8519.16 5525.54
8519.16 5525.54
8519.16 5525.54
8519.16 5525.54
8519.16 5525.54
8519.16 5525.54
8519.16 5525.54
8519.16 5525.54
8519.16 5525.54
8517.73 5525.41
8514.55 5524.95
8508.94 5524.15
8501.76 5523.11
8492.27 5520.70
8481.30 5517.92
8468.66 5514.71
8453.74 5510.92
8438.08 5506.95
8422.17 5502.91
8406.61 5498.95
8391.32 5495.07
8375.95 5490.97
8359.82 5486.42
8343.72 5482.14
8329.94 5478.51
8318.62 5475.76
8311.31 5474.10
8307.31 5473.19
8306.75 5473.05
8306.70 5473.04
8306.70 5473.04
8306.70 5473.04
8306.70 5473.04
8306.70 5473.04
8306.70 5473.04
8306.70 5473.04
8306.70 5473.04
8306.70 5473.04
8306.70 5473.04
8306.70 5473.04
8306.70 5473.04
8306.70 5473.04
8306.70 5473.04
8306.70 5473.04
8306.70 5473.04
8306.70 5473.04
8306.70 5473.04
8306.70 5473.04
8306.70 5473.04
8306.70 5473.04
8304.50 5472.49
8300.69 5471.53
8295.27 5470.17
8288.33 5468.43
8279.91 5466.32
8269.92 5463.85
8257.55 5460.86
8243.59 5457.49
8228.64 5453.73
8217.53 5450.72
8208.15 5448.14
8201.35 5446.44
8196.88 5445.32
8196.58 5445.25
8196.47 5445.22
8196.45 5445.22
8196.45 5445.22
8196.45 5445.22
8196.45 5445.22
8196.45 5445.22
8196.45 5445.22
8196.45 5445.22
8196.45 5445.22
8196.45 5445.22
8196.45 5445.22
8196.45 5445.22
8196.45 5445.22
8196.45 5445.22
8196.45 5445.22
8196.45 5445.22
8196.45 5445.22
8196.45 5445.22
8196.45 5445.22
8196.45 5445.22
8196.45 5445.22
8196.45 5445.22
8194.53 5444.74
8190.54 5443.74
8184.78 5442.30
8176.86 5440.28
8167.08 5438.04
8155.13 5435.59
8141.47 5432.80
8126.37 5429.71
8110.80 5426.82
8094.64 5424.12
8078.07 5421.36
8061.84 5418.65
8045.99 5416.01
8029.88 5413.32
8013.58 5410.88
7997.88 5409.91
7981.39 5409.35
7967.66 5409.14
7957.29 5409.08
7949.13 5409.06
7945.28 5408.99
7943.90 5408.95
7943.68 5408.94
7943.66 5408.94
7943.65 5408.94
7943.65 5408.94
7943.65 5408.94
7943.65 5408.94
7943.65 5408.94
7942.12 5408.89
7938.47 5408.88
7938.22 5408.89
7938.21 5408.89
7938.21 5408.89
7938.21 5408.89
7938.21 5408.89
7938.21 5408.89
7938.21 5408.89
7938.21 5408.89
7938.21 5408.89
7938.21 5408.89
7938.21 5408.89
7938.21 5408.89
7938.21 5408.89
7938.21 5408.89
7938.21 5408.89
7938.21 5408.89
7938.21 5408.89
7938.21 5408.89
7938.21 5408.89
7938.21 5408.89
7938.21 5408.89
7938.21 5408.89
7936.74 5408.91
7933.42 5408.95
7928.16 5408.96
7921.37 5408.93
7912.33 5408.85
7901.82 5408.03
7889.47 5405.70
7877.91 5397.63
7865.17 5387.84
7851.70 5380.32
7836.45 5374.59
7822.29 5371.88
7812.29 5370.51
7806.69 5370.26
7805.18 5370.19
7805.07 5370.18
7805.02 5370.18
7805.02 5370.18
7805.01 5370.18
7803.38 5370.11
7800.06 5369.95
7794.47 5370.27
7787.41 5370.87
7778.44 5373.24
7768.06 5378.22
7758.08 5388.11
7748.87 5400.26
7742.42 5414.30
7739.16 5424.84
7737.27 5431.18
7736.64 5433.26
7736.60 5433.42
7736.57 5433.54
7736.56 5433.57
7736.56 5433.58
7736.56 5433.58
7736.56 5433.59
7736.56 5433.59
7736.56 5433.59
7736.56 5433.59
7736.56 5433.59
7736.56 5433.59
7736.56 5433.59
7736.56 5433.59
7736.56 5433.59
7736.56 5433.59
7736.56 5433.59
7736.56 5433.59
7736.56 5433.59
7736.56 5433.59
7736.56 5433.59
7736.56 5433.59
7736.56 5433.59
7736.56 5433.59
7736.19 5434.98
7735.46 5437.75
7734.15 5442.21
7732.90 5446.75
7732.77 5447.50
7732.71 5447.82
7732.70 5447.87
7732.70 5447.87
7732.70 5447.87
7732.70 5447.87
7732.70 5447.87
7732.70 5447.87
7732.70 5447.87
7732.70 5447.87
7732.70 5447.87
7732.70 5447.87
7732.70 5447.87
7732.70 5447.87
7732.70 5447.87
7732.70 5447.87
7732.70 5447.87
7732.70 5447.87
7732.70 5447.87
7732.70 5447.87
7732.70 5447.87
7732.70 5447.87
7732.70 5447.87
7729.20 5448.71
7728.55 5452.32
7727.47 5458.47
7726.26 5467.05
7725.64 5478.17
7725.35 5484.69
7719.70 5489.46
7710.85 5490.49
7706.61 5489.61
7703.85 5484.36
7702.94 5476.73
7701.05 5467.91
7698.79 5457.74
7696.15 5445.85
7693.26 5432.80
7690.50 5419.84
7687.87 5406.42
7685.36 5393.58
7683.13 5382.18
7681.57 5374.23
7679.66 5364.74
7677.36 5353.90
7674.58 5341.05
7671.70 5328.44
7668.57 5315.08
7665.50 5302.00
7662.59 5289.57
7659.59 5276.78
7656.64 5264.17
7653.46 5250.61
7650.33 5237.22
7647.09 5224.57
7642.33 5217.18
7638.22 5214.21
7632.99 5209.36
7635.99 5201.02
7642.02 5192.24
7649.36 5181.53
7656.73 5170.77
7657.02 5159.17
7648.27 5149.95
7635.14 5153.08
7622.10 5156.97
7611.25 5159.88
7604.58 5161.62
7601.26 5162.20
7600.96 5162.25
7600.80 5162.28
7600.80 5162.28
7600.80 5162.28
7600.80 5162.28
7600.80 5162.28
7599.47 5162.52
7596.57 5163.03
7591.55 5163.90
7587.17 5164.51
7586.24 5164.64
7586.07 5164.67
7585.92 5164.69
7585.91 5164.69
7585.91 5164.69
7585.91 5164.69
7585.91 5164.69
7585.91 5164.69
7585.91 5164.69
7585.91 5164.69
7585.91 5164.69
7585.91 5164.69
7585.91 5164.69
7585.91 5164.69
7585.91 5164.69
7585.91 5164.69
7585.91 5164.69
7585.91 5164.69
7585.91 5164.69
7585.91 5164.69
7585.91 5164.69
7585.91 5164.69
7585.91 5164.69
7585.91 5164.69
7583.50 5165.03
7578.88 5165.62
7572.69 5166.17
7564.82 5166.87
7554.51 5168.04
7542.34 5169.80
7529.69 5171.64
7516.60 5173.56
7503.54 5175.45
7489.80 5177.41
7477.00 5179.24
7463.73 5181.13
7450.55 5183.03
7438.02 5186.56
7425.35 5190.15
7412.14 5193.88
7399.68 5198.34
7388.18 5205.51
7376.82 5212.59
7365.43 5219.69
7354.70 5227.00
7344.22 5234.40
7333.75 5241.79
7323.48 5249.04
7312.25 5256.94
7301.41 5264.42
7291.63 5272.75
7282.22 5282.05
7277.33 5294.75
7276.79 5307.96
7279.08 5321.16
7283.25 5333.28
7288.32 5346.03
7293.07 5357.97
7297.82 5369.88
7302.92 5382.70
7307.79 5394.91
7312.88 5407.68
7317.57 5419.46
7322.23 5431.16
7326.92 5442.94
7331.76 5455.07
7336.69 5467.46
7339.98 5475.72
7341.76 5480.17
7342.17 5481.81
7342.22 5482.05
7342.27 5482.24
7342.27 5482.26
7342.27 5482.26
7342.27 5482.26
7342.27 5482.26
7342.27 5482.26
7342.27 5482.26
7342.50 5483.21
7343.14 5485.93
7344.20 5490.40
7345.67 5496.61
7347.63 5504.87
7350.09 5515.21
7353.62 5526.64
7357.89 5538.40
7362.18 5550.26
7366.36 5561.79
7370.63 5573.51
7374.68 5583.90
7379.40 5595.57
7383.93 5606.78
7388.06 5617.00
7391.02 5624.30
7392.58 5628.17
7394.47 5632.85
7396.90 5638.85
7398.34 5642.40
7400.47 5647.58
7403.54 5655.00
7407.09 5663.63
7411.61 5674.65
7416.49 5686.54
7421.69 5699.19
7426.59 5711.12
7431.81 5723.91
7435.30 5737.98
7437.99 5750.72
7438.17 5763.53
7437.52 5774.92
7436.73 5783.13
7435.75 5787.70
7435.59 5788.42
7435.53 5788.72
7435.50 5788.84
7435.49 5788.90
7435.49 5788.91
7435.48 5788.92
7435.48 5788.92
7435.48 5788.92
7435.48 5788.92
7435.48 5788.92
7435.48 5788.92
7435.48 5788.92
7435.48 5788.92
7435.48 5788.92
7435.48 5788.92
7435.48 5788.92
7435.48 5788.92
7435.48 5788.92
7435.48 5788.92
7435.48 5788.92
7435.48 5788.92
7435.48 5788.92
7435.48 5788.92
7435.19 5790.30
7434.56 5793.24
7433.04 5798.55
7431.75 5802.27
7431.30 5803.55
7431.29 5803.57
7431.29 5803.57
7431.29 5803.57
7431.29 5803.57
7431.29 5803.57
7431.29 5803.57
7431.29 5803.57
7431.29 5803.57
7431.29 5803.57
7431.29 5803.57
7431.29 5803.57
7431.29 5803.57
7431.29 5803.57
7431.29 5803.57
7431.29 5803.57
7431.29 5803.57
7431.29 5803.57
7431.29 5803.57
7431.29 5803.57
7431.29 5803.57
7431.29 5803.57
7430.74 5805.14
7429.35 5809.12
7427.01 5814.68
7423.49 5821.57
7418.86 5830.60
7413.60 5840.88
7407.44 5852.92
7401.53 5864.47
7397.38 5872.79
7394.93 5877.66
7394.49 5878.52
7394.33 5878.84
7394.27 5878.95
7394.25 5878.99
7394.23 5879.02
7394.23 5879.03
7394.23 5879.03
7394.23 5879.03
7394.23 5879.03
7394.23 5879.03
7394.23 5879.03
7394.23 5879.03
7394.23 5879.03
7394.23 5879.03
7394.23 5879.03
7394.23 5879.03
7394.23 5879.03
7394.23 5879.03
7394.23 5879.03
7394.23 5879.03
7394.23 5879.03
7394.23 5879.03
7394.23 5879.03
7394.23 5879.03
7394.23 5879.03
7394.23 5879.03
7394.23 5879.03
7394.23 5879.03
7394.23 5879.03
7394.23 5879.03
7394.23 5879.03
7394.23 5879.03
7394.23 5879.03
7394.23 5879.03
7394.23 5879.03
7394.23 5879.03
7393.18 5881.13
7391.01 5885.50
7388.02 5891.55
7384.07 5899.53
7379.15 5909.47
7373.40 5921.19
7367.57 5933.11
7361.52 5945.49
7355.46 5957.89
7349.68 5969.73
7343.76 5981.84
7337.95 5993.72
7331.75 6006.28
7326.02 6017.84
7319.92 6030.15
7315.82 6038.43
7313.68 6042.75
7312.73 6044.67
7312.66 6044.81
7312.63 6044.87
7312.63 6044.88
7312.63 6044.88
7312.63 6044.88
7312.63 6044.88
7312.63 6044.88
7312.63 6044.88
7312.63 6044.88
7312.63 6044.88
7312.63 6044.88
7312.63 6044.88
7312.63 6044.88
7312.63 6044.88
7312.20 6045.74
7311.14 6047.88
7309.47 6051.25
7306.93 6056.38
7303.56 6063.17
7299.33 6071.81
7294.20 6082.31
7288.63 6093.80
7283.81 6103.85
7280.93 6109.84
7279.89 6112.01
7279.82 6112.14
7279.79 6112.21
7279.79 6112.21
7279.79 6112.21
7279.79 6112.21
7279.79 6112.21
7279.79 6112.21
7279.79 6112.21
7279.79 6112.21
7279.79 6112.21
7279.79 6112.21
7279.79 6112.21
7279.79 6112.21
7279.79 6112.21
7279.79 6112.21
7279.79 6112.21
7279.79 6112.21
7279.79 6112.21
7279.79 6112.21
7279.79 6112.21
7279.79 6112.21
7279.79 6112.21
7279.48 6112.86
7278.15 6115.64
7276.67 6118.70
7276.39 6119.29
7276.15 6119.80
7276.10 6119.91
7276.06 6119.99
7276.06 6119.99
7276.06 6119.99
7276.06 6119.99
7276.06 6119.99
7276.06 6119.99
7276.06 6119.99
7276.06 6119.99
7276.06 6119.99
7276.06 6119.99
7276.06 6119.99
7276.06 6119.99
7276.06 6119.99
7276.06 6119.99
7276.06 6119.99
7276.06 6119.99
7276.06 6119.99
7276.06 6119.99
7276.06 6119.99
7276.06 6119.99
7276.06 6119.99
7276.06 6119.99
7276.06 6119.99
7276.06 6119.99
7276.06 6119.99
7276.06 6119.99
7276.06 6119.99
7276.06 6119.99
7276.06 6119.99
7276.06 6119.99
7276.06 6119.99
7276.06 6119.99
7276.06 6119.99
7276.06 6119.99
7276.06 6119.99
7276.06 6119.99
7276.06 6119.99
7276.06 6119.99
7276.06 6119.99
7276.06 6119.99
7275.56 6121.03
7274.15 6123.97
7273.67 6124.96
7273.39 6125.54
7273.32 6125.70
7273.30 6125.73
7273.30 6125.73
7273.30 6125.73
7273.30 6125.73
7273.30 6125.73
7273.30 6125.73
7273.30 6125.73
7273.30 6125.73
7273.30 6125.73
7273.30 6125.73
7273.30 6125.73
7273.30 6125.73
7273.30 6125.73
7273.30 6125.73
7273.30 6125.73
7273.30 6125.73
7273.30 6125.73
7273.30 6125.73
7273.30 6125.73
7273.30 6125.73
7273.30 6125.73
7272.70 6126.98
7271.17 6130.17
7268.74 6135.23
7265.41 6142.12
7261.12 6150.91
7256.04 6161.31
7250.24 6173.16
7244.10 6185.74
7239.30 6195.55
7236.00 6202.29
7234.36 6205.64
7234.18 6206.01
7234.17 6206.03
7234.17 6206.04
7234.17 6206.04
7234.17 6206.04
7234.17 6206.04
7234.17 6206.04
7234.17 6206.04
7234.17 6206.04
7234.17 6206.04
7234.17 6206.04
7234.17 6206.04
7234.17 6206.04
7234.17 6206.04
7234.17 6206.04
7234.17 6206.04
7234.17 6206.04
7234.17 6206.04
7234.17 6206.04
7234.17 6206.04
7234.17 6206.04
7234.17 6206.04
7234.17 6206.04
7234.17 6206.04
7234.17 6206.04
7234.17 6206.04
7234.17 6206.04
7234.17 6206.04
7234.17 6206.04
7234.17 6206.04
7234.17 6206.04
7234.17 6206.04
7234.17 6206.04
7234.17 6206.04
7234.17 6206.04
7234.17 6206.04
7234.17 6206.04
7234.17 6206.04
7234.17 6206.04
7234.17 6206.04
7234.17 6206.04
7234.17 6206.04
7233.19 6208.02
7231.49 6211.43
7228.65 6217.10
7224.64 6225.05
7219.51 6235.23
7213.37 6247.43
7207.53 6259.01
7201.59 6270.81
7195.41 6283.07
7189.33 6295.08
7183.47 6306.64
7177.23 6318.95
7171.27 6330.71
7165.07 6342.94
7158.77 6355.37
7152.48 6367.76
7146.29 6379.96
7140.45 6391.50
7134.16 6403.91
7129.21 6413.68
7126.29 6419.44
7125.40 6421.18
7125.35 6421.29
7125.35 6421.29
7125.35 6421.29
7125.35 6421.29
7125.35 6421.29
7125.35 6421.29
7125.35 6421.29
7125.35 6421.29
7125.35 6421.29
7125.35 6421.29
7125.35 6421.29
7125.35 6421.29
7125.35 6421.29
7125.35 6421.29
7125.35 6421.29
7125.35 6421.29
7125.35 6421.29
7125.35 6421.29
7125.35 6421.29
7125.35 6421.29
7125.35 6421.29
7125.35 6421.29
7121.68 6421.24
7120.01 6424.52
7117.18 6430.11
7113.48 6437.41
7108.68 6446.85
7102.75 6458.17
7096.29 6470.34
7090.28 6481.67
7084.03 6493.45
7077.84 6505.10
7071.54 6516.97
7067.30 6524.85
7064.81 6529.04
7064.49 6529.59
7064.27 6529.96
7064.27 6529.96
7064.27 6529.96
7067.10 6531.64
7067.10 6531.64
7067.10 6531.64
7067.10 6531.64
7067.10 6531.64
7067.10 6531.64
7067.10 6531.64
7067.10 6531.64
7067.10 6531.64
7067.10 6531.64
7067.10 6531.64
7067.10 6531.64
7067.10 6531.64
7067.10 6531.64
7067.10 6531.64
7067.10 6531.64
7067.10 6531.64
7067.10 6531.64
7067.10 6531.64
7065.90 6533.88
7063.99 6537.69
7058.10 6542.09
7054.18 6549.89
7049.79 6560.23
7044.80 6572.51
7036.82 6583.40
7031.86 6595.62
7026.91 6607.81
7022.05 6619.76
7017.18 6631.74
7012.23 6643.93
7007.13 6656.46
7002.33 6668.29
6997.52 6680.12
6992.69 6692.00
6987.71 6704.26
6982.62 6716.78
6977.42 6729.58
6972.23 6742.35
6967.23 6754.66
6962.29 6766.82
6957.75 6780.27
6953.51 6793.92
6951.12 6807.48
6948.84 6821.26
6947.28 6835.20
6946.65 6848.36
6946.03 6861.48
6945.41 6874.61
6944.86 6886.18
6943.97 6893.90
6939.01 6901.14
6927.30 6905.32
6913.56 6906.57
6900.19 6904.54
6887.18 6902.56
6875.37 6900.76
6868.02 6899.65
6864.67 6899.14
6863.87 6899.02
6863.56 6898.97
6863.37 6898.94
6863.35 6898.94
6863.35 6898.94
6863.35 6898.94
6863.35 6898.94
6863.35 6898.94
6863.35 6898.94
6863.35 6898.94
6863.35 6898.94
6863.35 6898.94
6863.35 6898.94
6863.35 6898.94
6863.35 6898.94
6863.35 6898.94
6863.35 6898.94
6863.35 6898.94
6863.35 6898.94
6863.35 6898.94
6863.35 6898.94
6863.35 6898.94
6863.35 6898.94
6863.35 6898.94
6861.37 6898.64
6857.78 6898.09
6852.48 6897.28
6845.55 6896.23
6836.45 6894.85
6827.08 6893.43
6821.96 6892.65
6821.14 6892.52
6821.01 6892.50
6821.00 6892.50
6821.00 6892.50
6821.00 6892.50
6821.00 6892.50
6821.00 6892.50
6821.00 6892.50
6821.00 6892.50
6819.66 6892.29
6816.65 6891.80
6811.93 6891.02
6805.35 6889.87
6797.07 6888.36
6787.04 6886.54
6774.58 6884.28
6761.09 6881.83
6748.01 6879.45
6735.46 6877.17
6721.90 6874.71
6708.20 6872.22
6695.37 6869.90
6682.57 6867.57
6668.79 6865.07
6655.07 6862.58
6641.60 6860.13
6628.74 6857.80
6615.36 6855.37
6601.95 6852.93
6591.37 6851.01
6583.93 6849.66
6580.73 6849.08
6580.41 6849.02
6580.24 6848.99
6580.15 6848.97
6580.13 6848.97
6580.13 6848.97
6580.13 6848.97
6580.13 6848.97
6580.13 6848.97
6580.13 6848.97
6580.13 6848.97
6580.13 6848.97
6580.13 6848.97
6580.13 6848.97
6580.13 6848.97
6580.13 6848.97
6580.13 6848.97
6580.13 6848.97
6580.13 6848.97
6580.13 6848.97
6580.13 6848.97
6580.13 6848.97
6580.13 6848.97
6580.13 6848.97
6580.13 6848.97
6578.53 6848.68
6575.13 6848.06
6570.27 6847.18
6563.92 6846.02
6555.20 6844.44
6546.37 6842.84
6541.97 6842.04
6541.42 6841.94
6541.42 6841.94
6541.42 6841.94
6541.41 6841.94
6541.41 6841.94
6541.41 6841.94
6541.41 6841.94
6541.41 6841.94
6541.41 6841.94
6541.41 6841.94
6541.41 6841.94
6541.41 6841.94
6541.41 6841.94
6541.41 6841.94
6541.41 6841.94
6541.41 6841.94
6541.41 6841.94
6541.41 6841.94
6541.41 6841.94
6541.41 6841.94
6541.41 6841.94
6541.41 6841.94
6541.41 6841.94
6541.41 6841.94
6541.41 6841.94
6541.41 6841.94
6539.62 6841.58
6535.59 6840.71
6530.01 6839.51
6522.09 6837.48
6512.56 6835.03
6500.99 6832.06
6487.79 6828.67
6474.78 6825.33
6466.13 6823.11
6461.83 6822.00
6461.52 6821.92
6461.48 6821.91
6461.46 6821.91
6461.46 6821.91
6461.46 6821.91
6461.46 6821.91
6461.46 6821.91
6461.46 6821.91
6461.46 6821.91
6461.46 6821.91
6459.07 6821.25
6454.34 6819.90
6447.55 6817.96
6438.27 6815.30
6427.75 6812.03
6415.86 6808.32
6402.53 6804.17
6389.50 6799.69
6376.84 6793.96
6365.00 6788.71
6352.43 6783.14
6340.26 6777.75
6328.42 6772.50
6316.06 6767.02
6303.39 6761.40
6290.62 6755.97
6278.12 6751.15
6265.76 6746.51
6253.10 6741.94
6244.61 6739.06
6240.37 6737.56
6240.10 6737.46
6240.08 6737.45
6240.08 6737.45
6240.08 6737.45
6240.08 6737.45
6240.08 6737.45
6240.08 6737.45
6240.08 6737.45
6240.08 6737.45
6240.08 6737.45
6240.08 6737.45
6240.08 6737.45
6240.08 6737.45
6240.08 6737.45
6240.08 6737.45
6240.08 6737.45
6240.08 6737.45
6240.08 6737.45
6240.08 6737.45
6240.08 6737.45
6240.08 6737.45
6240.08 6737.45
6237.64 6736.60
6233.14 6735.06
6226.18 6732.88
6217.17 6730.28
6205.87 6728.01
6194.81 6726.02
6187.71 6724.74
6183.80 6724.03
6183.27 6723.94
6183.14 6723.91
6183.09 6723.91
6183.07 6723.90
6183.05 6723.90
6183.05 6723.90
6183.05 6723.90
6183.05 6723.90
6183.05 6723.90
6183.05 6723.90
6183.68 6720.67
6182.10 6720.38
6178.22 6719.68
6176.35 6719.35
6176.30 6719.34
6176.30 6719.34
6176.30 6719.34
6176.30 6719.34
6176.30 6719.34
6176.30 6719.34
6176.30 6719.34
6176.30 6719.34
6176.30 6719.34
6176.30 6719.34
6176.30 6719.34
6176.30 6719.34
6176.30 6719.34
6176.30 6719.34
6176.30 6719.34
6176.30 6719.34
6176.30 6719.34
6176.30 6719.34
6176.30 6719.34
6176.30 6719.34
6176.30 6719.34
6176.30 6719.34
6176.30 6719.34
6176.30 6719.34
6176.30 6719.34
6174.07 6718.96
6169.69 6718.23
6163.32 6717.19
6154.82 6715.86
6143.92 6714.24
6130.62 6712.26
6117.04 6710.24
6103.42 6708.22
6089.52 6709.48
6075.98 6707.46
6062.89 6705.52
6049.92 6703.59
6037.30 6701.71
6024.50 6699.82
6010.87 6697.82
5998.22 6695.96
5985.64 6694.11
5972.06 6690.03
5959.65 6685.28
5949.65 6681.30
5943.48 6678.90
5940.26 6677.60
5940.12 6677.55
5940.09 6677.53
5940.09 6677.53
5940.09 6677.53
5940.09 6677.53
5940.09 6677.53
5940.09 6677.53
5940.09 6677.53
5940.09 6677.53
5940.09 6677.53
5940.09 6677.53
5940.09 6677.53
5940.09 6677.53
5940.09 6677.53
5940.09 6677.53
5940.09 6677.53
5940.09 6677.53
5940.09 6677.53
5940.09 6677.53
5940.09 6677.53
5940.09 6677.53
5940.09 6677.53
5938.13 6676.75
5938.02 6676.70
5937.97 6676.68
5937.96 6676.68
5937.95 6676.67
5937.95 6676.67
5937.95 6676.67
5937.95 6676.67
5937.95 6676.67
5937.95 6676.67
5937.95 6676.67
5937.95 6676.67
5937.95 6676.67
5937.95 6676.67
5937.95 6676.67
5937.95 6676.67
5937.95 6676.67
5937.95 6676.67
5937.95 6676.67
5937.95 6676.67
5937.95 6676.67
5937.95 6676.67
5937.95 6676.67
5937.95 6676.67
5937.95 6676.67
5937.95 6676.67
5937.95 6676.67
5937.95 6676.67
5937.95 6676.67
5937.95 6676.67
5937.95 6676.67
5937.95 6676.67
5937.95 6676.67
5937.95 6676.67
5937.95 6676.67
5937.95 6676.67
5937.95 6676.67
5937.95 6676.67
5937.95 6676.67
5937.95 6676.67
5937.95 6676.67
5937.95 6676.67
5937.95 6676.67
5937.95 6676.67
5937.95 6676.67
5937.95 6676.67
5936.41 6676.05
5932.79 6674.53
5927.21 6672.20
5919.58 6669.01
5910.16 6665.07
5899.16 6660.48
5886.69 6655.30
5873.91 6650.00
5861.12 6644.71
5848.29 6639.45
5836.41 6634.48
5823.54 6629.30
5811.71 6624.56
5801.32 6620.34
5793.75 6617.41
5790.23 6616.09
5790.21 6616.08
5790.21 6616.08
5790.21 6616.08
5790.21 6616.08
5790.21 6616.08
5790.21 6616.08
5790.21 6616.08
5790.21 6616.08
5790.21 6616.08
5790.21 6616.08
5790.21 6616.08
5790.21 6616.08
5790.21 6616.08
5790.21 6616.08
5790.21 6616.08
5790.21 6616.08
5790.21 6616.08
5790.21 6616.08
5790.21 6616.08
5790.21 6616.08
5790.21 6616.08
5787.96 6615.29
5783.57 6613.74
5777.93 6611.57
5771.07 6608.75
5762.03 6605.05
5751.69 6600.91
5739.05 6596.25
5729.27 6592.65
5722.83 6590.27
5720.01 6589.23
5719.86 6589.18
5719.84 6589.17
5719.83 6589.17
5719.82 6589.17
5719.82 6589.17
5719.82 6589.17
5719.82 6589.17
5719.82 6589.17
5719.82 6589.17
5719.82 6589.17
5719.82 6589.17
5719.82 6589.17
5719.82 6589.17
5719.82 6589.17
5719.82 6589.17
5719.82 6589.17
5719.82 6589.17
5719.82 6589.17
5719.82 6589.17
5719.82 6589.17
5719.82 6589.17
5719.82 6589.17
5719.82 6589.17
5719.82 6589.17
5719.82 6589.17
5719.82 6589.17
5719.82 6589.17
5719.82 6589.17
5719.82 6589.17
5719.82 6589.17
5719.82 6589.17
5719.82 6589.17
5719.82 6589.17
5719.82 6589.17
5719.82 6589.17
5719.82 6589.17
5719.82 6589.17
5719.82 6589.17
5719.82 6589.17
5719.82 6589.17
5719.82 6589.17
5719.82 6589.17
5719.82 6589.17
5718.39 6588.63
5714.80 6587.20
5708.82 6584.83
5700.84 6581.59
5691.27 6577.49
5680.12 6572.71
5667.99 6567.50
5656.29 6562.56
5643.67 6557.55
5631.30 6552.64
5619.34 6547.90
5607.21 6543.08
5594.78 6538.15
5582.56 6533.30
5570.34 6528.46
5557.65 6523.41
5545.78 6518.70
5533.52 6513.84
5523.32 6509.68
5517.28 6507.22
5514.82 6506.22
5514.72 6506.18
5514.70 6506.17
5514.70 6506.17
5514.70 6506.17
5514.70 6506.17
5514.70 6506.17
5514.70 6506.17
5514.70 6506.17
5514.70 6506.17
5514.70 6506.17
5514.70 6506.17
5514.70 6506.17
5514.70 6506.17
5514.70 6506.17
5514.70 6506.17
5514.70 6506.17
5514.70 6506.17
5514.70 6506.17
5514.70 6506.17
5514.70 6506.17
5514.70 6506.17
5514.70 6506.17
5514.70 6506.17
5514.70 6506.17
5514.70 6506.17
5514.70 6506.17
5514.70 6506.17
5514.70 6506.17
5514.70 6506.17
5514.70 6506.17
5514.70 6506.17
5514.70 6506.17
5514.70 6506.17
5514.70 6506.17
5514.70 6506.17
5514.70 6506.17
5514.70 6506.17
5514.70 6506.17
5514.70 6506.17
5514.70 6506.17
5514.70 6506.17
5514.70 6506.17
5514.70 6506.17
5514.70 6506.17
5514.70 6506.17
5514.70 6506.17
5514.70 6506.17
5514.70 6506.17
5514.70 6506.17
5514.70 6506.17
5514.70 6506.17
5514.70 6506.17
5514.70 6506.17
5514.70 6506.17
5514.70 6506.17
5514.70 6506.17
5514.70 6506.17
5514.70 6506.17
5514.70 6506.17
5514.70 6506.17
5514.70 6506.17
5514.70 6506.17
5514.70 6506.17
5514.70 6506.17
5514.70 6506.17
5514.70 6506.17
5514.70 6506.17
5514.70 6506.17
5514.70 6506.17
5514.70 6506.17
5514.70 6506.17
5514.70 6506.17
5514.70 6506.17
5514.70 6506.17
5514.70 6506.17
5514.70 6506.17
5514.70 6506.17
5514.70 6506.17
5514.70 6506.17
5514.70 6506.17
5514.70 6506.17
5514.70 6506.17
5514.70 6506.17
5514.70 6506.17
5514.70 6506.17
5514.70 6506.17
5514.70 6506.17
5514.70 6506.17
5514.70 6506.17
5514.70 6506.17
5514.70 6506.17
5514.70 6506.17
5514.70 6506.17
5514.70 6506.17
5514.70 6506.17
5514.70 6506.17
5514.70 6506.17
5514.70 6506.17
5514.70 6506.17
5512.91 6505.36
5509.59 6503.70
5504.39 6501.09
5497.15 6497.46
5487.91 6492.84
5475.68 6490.40
5463.10 6485.70
5450.18 6481.03
5437.69 6476.71
5425.45 6473.06
5412.27 6470.34
5400.87 6468.77
5393.89 6467.84
5390.23 6467.43
5389.30 6467.33
5389.14 6467.31
5389.14 6467.31
5389.14 6467.31
5389.14 6467.31
5389.14 6467.31
5389.14 6467.31
5389.14 6467.31
5389.14 6467.31
5389.14 6467.31
5389.14 6467.31
5389.14 6467.31
5389.14 6467.31
5389.14 6467.31
5389.14 6467.31
5389.14 6467.31
5389.14 6467.31
5389.14 6467.31
5389.14 6467.31
5389.14 6467.31
5389.14 6467.31
5389.14 6467.31
5389.14 6467.31
5387.62 6467.14
5383.61 6466.69
5377.46 6466.06
5368.77 6465.29
5358.14 6464.27
5346.04 6463.00
5332.46 6461.87
5319.52 6460.60
5305.67 6459.16
5292.58 6457.79
5279.25 6456.38
5265.94 6454.93
5252.89 6453.50
5241.96 6452.29
5234.71 6451.50
5230.96 6451.09
5230.51 6451.04
5230.46 6451.03
5230.45 6451.03
5230.45 6451.03
5230.45 6451.03
5230.45 6451.03
5230.45 6451.03
5230.45 6451.03
5230.45 6451.03
5230.45 6451.03
5230.45 6451.03
5230.45 6451.03
5230.45 6451.03
5230.45 6451.03
5230.45 6451.03
5230.45 6451.03
5230.45 6451.03
5230.45 6451.03
5228.82 6450.85
5225.69 6450.51
5220.37 6449.92
5213.41 6449.16
5204.44 6448.19
5193.49 6447.01
5181.10 6445.72
5167.85 6444.45
5154.87 6443.20
5146.36 6442.17
5142.20 6441.72
5140.45 6441.53
5140.23 6441.50
5140.17 6441.50
5140.17 6441.50
5140.17 6441.50
5140.17 6441.50
5140.17 6441.50
5140.17 6441.50
5140.17 6441.50
5140.17 6441.50
5140.17 6441.50
5140.17 6441.50
5140.17 6441.50
5140.17 6441.50
5140.17 6441.50
5140.17 6441.50
5140.17 6441.50
5140.17 6441.50
5140.17 6441.50
5140.17 6441.50
5140.17 6441.50
5140.17 6441.50
5140.17 6441.50
5138.32 6441.29
5134.10 6440.82
5128.21 6440.16
5120.55 6439.32
5111.58 6438.33
5100.83 6437.16
5087.67 6435.74
5074.91 6434.36
5061.37 6432.92
5047.54 6431.50
5034.03 6430.11
5021.22 6428.80
5008.21 6427.47
4995.18 6426.14
4981.90 6425.05
4968.54 6424.16
4955.72 6423.31
4942.97 6422.31
4930.11 6420.59
4918.19 6418.99
4909.14 6417.78
4904.54 6417.16
4904.28 6417.13
4904.12 6417.10
4904.09 6417.10
4904.08 6417.10
4904.08 6417.10
4904.08 6417.10
4904.08 6417.10
4904.08 6417.10
4904.08 6417.10
4904.08 6417.10
4904.08 6417.10
4904.08 6417.10
4904.08 6417.10
4904.08 6417.10
4904.08 6417.10
4904.08 6417.10
4904.08 6417.10
4904.08 6417.10
4904.08 6417.10
4904.08 6417.10
4904.08 6417.10
4904.08 6417.10
4904.08 6417.10
4904.08 6417.10
4902.71 6416.92
4899.30 6416.46
4894.45 6415.79
4887.49 6414.74
4879.23 6413.50
4868.55 6411.89
4855.91 6409.66
4842.39 6407.20
4828.97 6404.75
4815.39 6402.71
4805.92 6401.37
4800.40 6400.50
4798.97 6400.26
4798.94 6400.25
4798.94 6400.25
4798.94 6400.25
4798.94 6400.25
4798.94 6400.25
4798.94 6400.25
4798.94 6400.25
4798.94 6400.25
4798.94 6400.25
4798.94 6400.25
4798.94 6400.25
4798.94 6400.25
4798.94 6400.25
4798.94 6400.25
4798.94 6400.25
4798.94 6400.25
4798.94 6400.25
4798.94 6400.25
4798.94 6400.25
4798.94 6400.25
4798.94 6400.25
4796.74 6399.88
4792.80 6399.21
4787.18 6398.25
4779.99 6397.04
4771.29 6395.66
4760.62 6393.96
4747.78 6391.92
4734.57 6389.69
4721.26 6387.81
4708.49 6386.31
4695.70 6384.06
4683.15 6381.32
4670.33 6375.93
4659.62 6371.26
4653.26 6367.79
4650.97 6366.28
4650.61 6366.05
4650.57 6366.02
4650.56 6366.01
4650.55 6366.01
4650.55 6366.01
4650.55 6366.01
4650.55 6366.01
4650.55 6366.01
4650.55 6366.01
4650.55 6366.01
4650.55 6366.01
4650.55 6366.01
4650.55 6366.01
4650.55 6366.01
4650.55 6366.01
4650.55 6366.01
4650.55 6366.01
4650.55 6366.01
4650.55 6366.01
4650.55 6366.01
4650.55 6366.01
4650.55 6366.01
4650.55 6366.01
4650.55 6366.01
4650.55 6366.01
4650.55 6366.01
4650.55 6366.01
4650.55 6366.01
4650.55 6366.01
4649.25 6365.14
4646.77 6363.41
4642.75 6360.61
4636.97 6356.58
4629.64 6350.98
4620.69 6344.90
4609.67 6337.43
4598.19 6329.53
4587.50 6321.46
4576.99 6313.53
4565.90 6305.14
4554.79 6296.69
4544.14 6288.78
4533.56 6281.02
4522.29 6272.89
4510.83 6264.95
4499.75 6256.98
4489.25 6249.27
4478.31 6241.23
4467.70 6233.38
4459.63 6227.20
4454.81 6223.42
4453.51 6222.42
4452.83 6221.90
4452.82 6221.89
4452.82 6221.89
4452.82 6221.89
4452.82 6221.89
4452.82 6221.89
4452.82 6221.89
4452.82 6221.89
4452.82 6221.89
4452.82 6221.89
4452.82 6221.89
4452.82 6221.89
4452.82 6221.89
4452.82 6221.89
4452.82 6221.89
4452.82 6221.89
4452.82 6221.89
4452.82 6221.89
4452.82 6221.89
4452.82 6221.89
4452.82 6221.89
4452.82 6221.89
4451.10 6220.56
4447.72 6217.96
4442.55 6213.97
4436.31 6209.13
4428.54 6203.10
4418.32 6196.69
4408.42 6191.90
4401.32 6188.47
4398.26 6186.98
4397.93 6186.82
4397.91 6186.81
4397.89 6186.81
4397.89 6186.80
4397.89 6186.80
4397.89 6186.80
4397.89 6186.80
4397.89 6186.80
4397.89 6186.80
4397.89 6186.80
4397.89 6186.80
4397.89 6186.80
4397.89 6186.80
4397.89 6186.80
4397.89 6186.80
4397.89 6186.80
4397.89 6186.80
4397.89 6186.80
4397.89 6186.80
4397.89 6186.80
4397.89 6186.80
4397.89 6186.80
4397.89 6186.80
4397.89 6186.80
4397.89 6186.80
4397.89 6186.80
4397.89 6186.80
4397.89 6186.80
4397.89 6186.80
4397.89 6186.80
4397.89 6186.80
4397.89 6186.80
4397.89 6186.80
4397.89 6186.80
4397.89 6186.80
4397.89 6186.80
4397.89 6186.80
4397.89 6186.80
4397.89 6186.80
4397.89 6186.80
4397.89 6186.80
4397.89 6186.80
4397.89 6186.80
4397.89 6186.80
4397.89 6186.80
4397.89 6186.80
4396.48 6186.11
4393.62 6184.66
4389.31 6183.10
4382.68 6182.46
4373.72 6181.76
4363.25 6180.95
4350.36 6179.94
4336.86 6178.43
4323.82 6177.07
4310.19 6176.06
4296.65 6175.06
4283.24 6175.04
4269.60 6175.84
4256.92 6176.59
4243.13 6177.41
4229.38 6178.22
4216.94 6179.24
4208.51 6180.14
4203.31 6180.76
4202.07 6180.91
4202.05 6180.91
4202.05 6180.91
4202.05 6180.91
4202.05 6180.91
4202.05 6180.91
4202.05 6180.91
4202.05 6180.91
4202.05 6180.91
4202.05 6180.91
4202.05 6180.91
4202.05 6180.91
4202.05 6180.91
4202.05 6180.91
4202.05 6180.91
4202.05 6180.91
4202.05 6180.91
4202.05 6180.91
4202.05 6180.91
4202.05 6180.91
4202.05 6180.91
4202.05 6180.91
4199.87 6181.24
4195.86 6181.84
4189.69 6182.77
4181.35 6184.03
4171.41 6186.67
4159.57 6189.88
4146.34 6193.32
4133.55 6195.99
4121.05 6198.60
4107.73 6201.51
4095.32 6204.64
4081.95 6208.01
4069.04 6211.05
4055.59 6214.11
4043.14 6216.94
4029.78 6220.01
4016.56 6222.93
4003.03 6225.46
3992.11 6227.45
3984.32 6228.59
3980.92 6229.05
3980.55 6229.10
3980.47 6229.11
3980.42 6229.12
3980.42 6229.12
3980.42 6229.12
3980.42 6229.12
3980.42 6229.12
3980.42 6229.12
3980.42 6229.12
3980.42 6229.12
3980.42 6229.12
3980.42 6229.12
3980.42 6229.12
3980.42 6229.12
3980.42 6229.12
3980.42 6229.12
3980.42 6229.12
3980.42 6229.12
3980.42 6229.12
3980.42 6229.12
3980.42 6229.12
3980.42 6229.12
3980.42 6229.12
3977.92 6229.46
3973.21 6230.14
3965.99 6231.27
3957.12 6232.34
3945.76 6233.76
3933.06 6235.40
3920.10 6237.17
3906.92 6239.04
3893.41 6240.95
3880.58 6242.76
3866.95 6244.69
3853.29 6246.62
3839.87 6248.51
3826.40 6249.19
3816.35 6245.54
3810.96 6242.08
3808.34 6240.41
3808.14 6240.28
3808.04 6240.21
3808.00 6240.19
3808.00 6240.19
3808.00 6240.19
3808.00 6240.19
3808.00 6240.19
3808.00 6240.19
3808.00 6240.19
3808.00 6240.19
3808.00 6240.19
3808.00 6240.19
3808.00 6240.19
3808.00 6240.19
3808.00 6240.19
3808.00 6240.19
3808.00 6240.19
3808.00 6240.19
3808.00 6240.19
3808.00 6240.19
3808.00 6240.19
3808.00 6240.19
3808.00 6240.19
3808.00 6240.19
3808.00 6240.19
3808.00 6240.19
3808.00 6240.19
3808.00 6240.19
3808.00 6240.19
3808.00 6240.19
3808.00 6240.19
3808.00 6240.19
3808.00 6240.19
3808.00 6240.19
3808.00 6240.19
3808.00 6240.19
3808.00 6240.19
3808.00 6240.19
3806.24 6239.02
3802.87 6236.70
3797.92 6233.29
3791.25 6228.69
3782.82 6223.65
3771.31 6220.46
3757.88 6223.63
3746.06 6228.55
3733.74 6233.84
3721.13 6239.16
3708.65 6244.17
3696.40 6249.09
3684.39 6253.92
3671.99 6258.90
3659.36 6263.34
3646.17 6267.20
3632.93 6271.08
3620.36 6272.83
3606.80 6274.64
3593.76 6276.38
3580.75 6278.11
3567.23 6279.85
3554.50 6281.33
3541.40 6282.84
3527.86 6284.51
3514.88 6286.11
3501.13 6287.80
3490.51 6289.14
3484.28 6290.11
3482.46 6290.39
3482.14 6290.44
3482.04 6290.46
3482.02 6290.46
3482.02 6290.46
3482.02 6290.46
3482.02 6290.46
3482.02 6290.46
3482.02 6290.46
3482.02 6290.46
3482.02 6290.46
3482.02 6290.46
3482.02 6290.46
3482.02 6290.46
3482.02 6290.46
3482.02 6290.46
3482.02 6290.46
3482.02 6290.46
3482.02 6290.46
3482.02 6290.46
3482.02 6290.46
3482.02 6290.46
3482.02 6290.46
3482.02 6290.46
3480.58 6290.69
3477.68 6291.23
3472.58 6292.22
3465.46 6293.61
3459.14 6294.85
3455.57 6295.55
3455.34 6295.59
3455.26 6295.61
3455.26 6295.61
3455.26 6295.61
3455.25 6295.61
3455.25 6295.61
3455.25 6295.61
3455.25 6295.61
3455.25 6295.61
3455.25 6295.61
3455.25 6295.61
3455.25 6295.61
3455.25 6295.61
3455.25 6295.61
3455.25 6295.61
3455.25 6295.61
3455.25 6295.61
3455.25 6295.61
3455.25 6295.61
3455.25 6295.61
3455.25 6295.61
3453.13 6296.01
3448.48 6296.81
3441.72 6297.08
3433.35 6296.77
3422.77 6296.37
3410.54 6295.90
3397.70 6295.29
3384.54 6294.65
3370.71 6293.99
3357.67 6292.95
3344.39 6291.39
3330.82 6289.79
3317.05 6287.40
3303.31 6284.50
3289.93 6281.41
3277.00 6278.55
3264.31 6275.16
3251.38 6271.93
3238.23 6267.48
3227.60 6263.47
3220.88 6260.82
3218.39 6259.79
3217.96 6259.61
3217.79 6259.54
3217.75 6259.53
3217.75 6259.53
3217.75 6259.53
3217.75 6259.53
3217.75 6259.53
3217.75 6259.53
3217.75 6259.53
3217.75 6259.53
3217.75 6259.53
3217.75 6259.53
3217.75 6259.53
3217.75 6259.53
3217.75 6259.53
3217.75 6259.53
3217.75 6259.53
3217.75 6259.53
3217.75 6259.53
3217.75 6259.53
3217.75 6259.53
3217.75 6259.53
3217.75 6259.53
3217.08 6255.68
3213.22 6254.07
3208.17 6251.81
3200.76 6248.62
3191.10 6244.63
3179.25 6239.81
3168.29 6235.43
3161.07 6232.54
3158.04 6231.33
3157.97 6231.30
3157.97 6231.30
3157.97 6231.30
3157.97 6231.30
3157.97 6231.30
3157.97 6231.30
3157.97 6231.30
3157.97 6231.30
3157.97 6231.30
3157.97 6231.30
3157.97 6231.30
3157.97 6231.30
3157.97 6231.30
3157.97 6231.30
3157.97 6231.30
3157.97 6231.30
3157.97 6231.30
3157.97 6231.30
3157.97 6231.30
3157.97 6231.30
3157.97 6231.30
3157.97 6231.30
3157.97 6231.30
3157.97 6231.30
3157.97 6231.30
3157.97 6231.30
3155.59 6230.32
3151.05 6227.92
3144.83 6223.98
3137.43 6219.32
3128.03 6213.39
3116.91 6206.38
3105.71 6199.32
3093.88 6191.86
3082.28 6184.55
3070.44 6177.09
3059.25 6170.03
3048.33 6163.14
3036.77 6155.89
3025.14 6149.12
3013.65 6142.44
3000.31 6138.50
2988.66 6131.72
2977.70 6125.34
2965.67 6118.34
2954.31 6111.77
2942.16 6105.50
2930.21 6099.33
2918.44 6093.26
2906.71 6087.21
2894.32 6080.88
2882.68 6075.84
2870.33 6070.50
2858.35 6065.32
2846.03 6059.80
2834.18 6054.38
2824.94 6050.67
2818.76 6048.60
2815.77 6047.59
2815.74 6047.58
2815.74 6047.58
2815.74 6047.58
2815.74 6047.58
2815.74 6047.58
2815.74 6047.58
2815.74 6047.58
2815.74 6047.58
2815.74 6047.58
2815.74 6047.58
2815.74 6047.58
2815.74 6047.58
2815.74 6047.58
2815.74 6047.58
2815.74 6047.58
2815.74 6047.58
2815.74 6047.58
2815.74 6047.58
2815.74 6047.58
2815.74 6047.58
2815.74 6047.58
2814.03 6047.01
2810.49 6045.90
2805.21 6044.34
2797.53 6041.91
2788.63 6038.78
2778.03 6035.05
2765.14 6030.52
2752.16 6025.95
2738.77 6022.57
2725.52 6019.31
2712.40 6015.91
2699.23 6012.29
2686.18 6008.70
2673.45 6005.20
2660.47 6001.63
2647.08 5997.94
2634.12 5994.37
2621.44 5991.60
2608.94 5988.93
2598.82 5986.86
2591.63 5985.40
2588.86 5984.83
2588.77 5984.81
2588.73 5984.81
2588.73 5984.81
2588.73 5984.81
2588.73 5984.81
2588.73 5984.81
2588.73 5984.81
2588.73 5984.81
2588.73 5984.81
2588.73 5984.81
2588.73 5984.81
2588.73 5984.81
2588.73 5984.81
2588.73 5984.81
2588.73 5984.81
2588.73 5984.81
2588.73 5984.81
2588.73 5984.81
2588.73 5984.81
2588.73 5984.81
2588.73 5984.81
2588.73 5984.81
2587.14 5984.48
2584.00 5983.84
2579.57 5982.94
2572.85 5981.57
2564.38 5979.91
2553.84 5977.90
2541.05 5975.47
2527.65 5972.89
2513.93 5970.16
2501.41 5967.66
2488.05 5964.99
2474.59 5962.30
2462.08 5959.85
2449.48 5957.43
2436.68 5954.96
2423.62 5952.44
2409.87 5949.80
2396.60 5947.24
2383.54 5944.72
2370.41 5942.19
2357.24 5939.66
2344.00 5937.11
2330.95 5934.59
2317.53 5932.01
2303.79 5929.36
2290.03 5926.71
2276.92 5924.19
2264.23 5921.74
2251.27 5919.25
2237.68 5916.63
2224.62 5914.11
2211.91 5911.66
2199.04 5909.18
2186.50 5906.77
2173.33 5904.13
2159.75 5901.36
2147.02 5898.77
2133.55 5896.02
2120.59 5893.14
2107.20 5889.68
2093.82 5886.22
2080.81 5882.85
2067.36 5879.15
2054.59 5874.95
2042.01 5870.82
2028.94 5866.50
2017.86 5859.20
2005.43 5854.93
1992.84 5849.90
1980.78 5844.96
1968.68 5840.00
1956.74 5835.11
1943.11 5832.88
1932.05 5824.39
1919.55 5818.86
1907.23 5813.23
1895.07 5807.37
1883.21 5800.03
1872.19 5793.21
1860.47 5785.96
1849.28 5779.03
1837.37 5771.66
1827.97 5765.84
1822.41 5762.40
1814.45 5759.34
1806.56 5767.11
1794.60 5772.46
1783.41 5779.48
1769.78 5779.49
1757.08 5779.58
1745.75 5790.76
1739.01 5806.14
1733.53 5821.05
1729.17 5836.19
1726.30 5852.55
1725.51 5868.23
1726.89 5884.98
1730.14 5901.49
1735.20 5916.67
1741.64 5931.23
1749.76 5945.17
1759.43 5958.81
1769.42 5972.06
1780.43 5984.65
1791.11 5996.81
1801.66 6008.82
1812.70 6021.38
1823.49 6033.66
1834.05 6045.68
1844.75 6057.86
1853.80 6068.17
1859.75 6075.10
1862.14 6078.97
1861.27 6085.41
1854.11 6091.20
1844.28 6095.87
1833.07 6101.17
1819.87 6107.31
1804.75 6114.26
1789.99 6121.04
1775.09 6127.98
1761.90 6136.64
1749.43 6146.95
1737.73 6158.57
1727.56 6171.38
1718.56 6185.15
1711.50 6199.51
1704.60 6214.50
1697.75 6229.81
1691.20 6244.02
1683.63 6258.17
1678.05 6274.44
1669.35 6288.09
1660.59 6301.82
1652.03 6315.25
1643.49 6328.69
1635.71 6342.23
1629.03 6356.98
1622.51 6371.35
1616.87 6386.01
1611.76 6401.57
1607.30 6417.33
1603.12 6433.45
1598.81 6449.34
1595.18 6462.34
1592.93 6471.04
1591.62 6475.34
1591.60 6475.41
1591.60 6475.41
1591.60 6475.41
1591.60 6475.41
1591.60 6475.41
1591.60 6475.41
1591.60 6475.41
1591.60 6475.41
1591.60 6475.41
1591.60 6475.41
1591.60 6475.41
1591.60 6475.41
1591.60 6475.41
1591.60 6475.41
1591.60 6475.41
1591.60 6475.41
1591.60 6475.41
1591.60 6475.41
1591.60 6475.41
1591.60 6475.41
1591.60 6475.41
1591.00 6477.39
1589.79 6480.92
1587.96 6485.98
1585.35 6493.24
1582.03 6502.45
1577.95 6513.64
1573.07 6527.25
1567.93 6542.17
1562.51 6558.04
1557.61 6573.26
1552.28 6589.13
1547.09 6604.58
1542.42 6619.99
1539.91 6636.21
1538.37 6652.46
1536.84 6668.42
1535.29 6684.73
1533.81 6700.27
1532.34 6715.71
1529.98 6732.21
1527.30 6747.52
1524.59 6762.97
1521.89 6778.43
1519.19 6793.83
1516.32 6810.26
1513.45 6826.62
1510.59 6842.95
1507.78 6859.02
1504.92 6875.33
1502.24 6890.69
1499.30 6906.06
1496.12 6922.09
1492.93 6938.17
1489.63 6954.47
1486.35 6969.95
1482.91 6986.13
1479.59 7001.79
1476.75 7017.24
1475.96 7032.80
1475.54 7048.43
1475.32 7061.81
1475.02 7070.69
1475.00 7075.11
1475.01 7076.72
1475.01 7077.16
1475.01 7077.24
1475.01 7077.27
1475.01 7077.27
1475.01 7077.27
1475.01 7077.27
1475.01 7077.27
1475.01 7077.27
1475.01 7077.27
1475.01 7077.27
1475.01 7077.27
1475.01 7077.27
1475.01 7077.27
1475.01 7077.27
1475.01 7077.27
1475.01 7077.27
1475.01 7077.27
1475.01 7077.27
1475.01 7077.27
1475.01 7077.27
1475.01 7077.27
1475.01 7077.27
1475.01 7077.27
1475.02 7079.53
1474.91 7083.99
1474.30 7090.30
1472.96 7098.02
1472.57 7107.91
