8704.78 5669.17
8704.47 5671.57
8703.79 5676.22
8702.75 5683.17
8701.37 5692.01
8699.93 5701.50
8698.62 5706.79
8698.37 5707.71
8698.34 5707.85
8698.33 5707.85
8698.33 5707.85
8698.33 5707.85
8698.33 5707.85
8698.33 5707.85
8698.33 5707.85
8698.33 5707.85
8698.33 5707.85
8698.33 5707.85
8698.33 5707.85
8698.33 5707.85
8698.33 5707.85
8698.33 5707.85
8698.33 5707.85
8698.33 5707.85
8698.33 5707.85
8698.33 5707.85
8698.33 5707.85
8698.33 5707.85
8698.33 5707.85
8698.33 5707.85
8697.90 5709.51
8696.94 5713.14
8695.42 5718.86
8691.98 5726.26
8686.70 5734.71
8676.60 5739.97
8665.09 5739.88
8654.47 5736.79
8643.94 5732.46
8633.07 5728.30
8621.71 5723.95
8610.56 5718.95
8600.20 5713.93
8590.23 5709.09
8579.64 5703.55
8569.35 5697.52
8559.22 5691.58
8548.87 5685.66
8538.96 5680.13
8528.63 5674.37
8518.68 5669.78
8506.77 5668.35
8495.31 5666.98
8483.93 5665.61
8472.57 5664.25
8461.38 5662.90
8449.70 5661.50
8437.81 5662.60
8425.93 5664.41
8413.84 5666.25
8402.87 5667.92
8392.01 5669.57
8381.07 5671.23
8369.62 5672.97
8358.29 5674.69
8346.52 5676.48
8334.45 5678.31
8322.59 5680.12
8311.30 5680.13
8299.50 5679.95
8288.29 5679.78
8277.52 5677.81
8265.86 5675.03
8255.55 5670.52
8244.96 5664.61
8235.36 5658.06
8225.45 5651.29
8216.50 5644.58
8207.39 5636.36
8199.68 5628.12
8192.33 5619.59
8185.13 5611.24
8177.87 5602.81
8170.36 5594.10
8162.46 5584.93
8155.00 5576.28
8147.21 5567.25
8138.21 5559.75
8128.47 5552.57
8118.72 5545.38
8109.62 5538.68
8101.20 5544.45
8094.93 5554.31
8090.32 5562.04
8087.53 5565.71
8083.01 5570.64
8074.91 5570.20
8066.68 5563.81
8054.16 5560.11
8044.05 5554.02
8034.12 5548.03
8023.75 5543.97
8013.19 5540.16
8001.61 5537.99
7989.77 5536.24
7978.32 5535.29
7966.65 5534.69
7955.20 5534.35
7943.49 5534.07
7931.62 5533.78
7919.90 5533.49
7912.28 5533.30
7907.50 5533.19
7906.70 5533.17
7906.66 5533.16
7906.65 5533.16
7906.65 5533.16
7906.65 5533.16
7906.65 5533.16
7906.65 5533.16
7906.65 5533.16
7906.65 5533.16
7906.65 5533.16
7906.65 5533.16
7906.65 5533.16
7906.65 5533.16
7906.65 5533.16
7906.65 5533.16
7906.65 5533.16
7906.65 5533.16
7906.65 5533.16
7906.65 5533.16
7906.65 5533.16
7906.65 5533.16
7906.65 5533.16
7906.65 5533.16
7906.65 5533.16
7906.65 5533.16
7906.65 5533.16
7906.65 5533.16
7906.65 5533.16
7906.65 5533.16
7906.65 5533.16
7906.65 5533.16
7906.65 5533.16
7906.65 5533.16
7906.65 5533.16
7906.65 5533.16
7906.65 5533.16
7906.65 5533.16
7906.65 5533.16
7906.65 5533.16
7906.65 5533.16
7906.65 5533.16
7906.65 5533.16
7906.65 5533.16
7906.65 5533.16
7906.65 5533.16
7906.65 5533.16
7906.65 5533.16
7906.65 5533.16
7906.65 5533.16
7906.65 5533.16
7906.65 5533.16
7904.90 5533.23
7902.69 5535.03
7902.59 5540.28
7902.71 5547.53
7902.85 5556.56
7903.03 5567.59
7903.21 5578.76
7903.40 5590.73
7906.04 5600.62
7910.79 5611.96
7915.37 5622.62
7919.92 5632.90
7924.07 5641.66
7926.56 5647.18
7927.90 5650.15
7927.98 5650.33
7928.04 5650.46
7928.05 5650.49
7928.05 5650.49
7928.05 5650.49
7928.05 5650.49
7928.05 5650.49
7928.05 5650.49
7928.05 5650.49
7928.05 5650.49
7928.05 5650.49
7928.05 5650.49
7928.05 5650.49
7928.05 5650.49
7928.05 5650.49
7928.05 5650.49
7928.05 5650.49
7928.05 5650.49
7928.05 5650.49
7928.05 5650.49
7928.05 5650.49
7928.05 5650.49
7928.05 5650.49
7928.77 5652.08
7930.27 5655.39
7932.77 5660.91
7935.92 5667.84
7940.18 5677.14
7944.86 5687.38
7948.46 5698.62
7949.03 5710.73
7947.87 5722.63
7944.13 5733.59
7941.48 5740.18
7940.52 5742.57
7940.47 5742.70
7940.42 5742.81
7940.42 5742.82
7940.42 5742.82
7940.42 5742.82
7940.42 5742.82
7940.42 5742.82
7940.42 5742.82
7940.42 5742.82
7940.42 5742.82
7940.42 5742.82
7940.42 5742.82
7940.42 5742.82
7940.42 5742.82
7940.42 5742.82
7940.42 5742.82
7940.42 5742.82
7940.42 5742.82
7939.88 5744.15
7938.55 5747.30
7936.68 5751.75
7934.09 5757.78
7930.68 5765.54
7926.37 5775.34
7921.62 5786.13
7917.00 5796.62
7912.35 5807.20
7907.61 5817.98
7902.73 5828.89
7897.40 5839.56
7891.83 5849.94
7886.30 5860.27
7881.05 5870.08
7875.61 5880.23
7867.24 5888.90
7861.64 5899.67
7856.32 5910.06
7850.65 5920.22
7845.16 5930.70
7839.81 5940.59
7833.65 5951.11
7827.98 5960.82
7822.34 5970.78
7816.62 5981.01
7811.20 5990.74
7805.65 6000.73
7800.02 6010.84
7794.50 6020.75
7789.15 6030.37
7783.65 6040.24
7778.01 6050.14
7771.46 6059.77
7763.97 6068.43
7755.44 6076.50
7747.28 6083.70
7738.97 6092.17
7729.73 6099.46
7719.92 6106.51
7709.74 6112.07
7701.14 6116.31
7695.80 6118.57
7694.29 6119.17
7694.15 6119.22
7694.10 6119.25
7694.06 6119.26
7694.06 6119.26
7694.06 6119.26
7694.06 6119.26
7694.06 6119.26
7694.06 6119.26
7694.06 6119.26
7694.06 6119.26
7694.06 6119.26
7694.06 6119.26
7694.06 6119.26
7694.06 6119.26
7694.06 6119.26
7694.06 6119.26
7694.06 6119.26
7694.06 6119.26
7694.06 6119.26
7694.06 6119.26
7694.06 6119.26
7694.06 6119.26
7694.06 6119.26
7694.06 6119.26
7694.06 6119.26
7694.06 6119.26
7694.06 6119.26
7694.06 6119.26
7694.06 6119.26
7694.06 6119.26
7694.06 6119.26
7694.06 6119.26
7694.06 6119.26
7694.06 6119.26
7694.06 6119.26
7692.24 6119.95
7688.23 6121.35
7681.77 6123.62
7673.79 6126.29
7664.04 6129.28
7653.47 6131.72
7642.53 6136.66
7630.22 6136.62
7618.31 6134.65
7607.11 6132.01
7595.50 6129.05
7584.54 6124.04
7575.02 6117.75
7565.53 6111.48
7555.70 6104.98
7546.28 6098.76
7536.85 6092.52
7527.01 6086.02
7517.54 6079.79
7507.78 6073.18
7501.46 6068.89
7498.87 6067.14
7498.34 6066.78
7498.22 6066.70
7498.21 6066.69
7498.21 6066.69
7498.21 6066.69
7498.21 6066.69
7498.21 6066.69
7498.21 6066.69
7498.21 6066.69
7498.21 6066.69
7498.21 6066.69
7498.21 6066.69
7498.21 6066.69
7498.21 6066.69
7498.21 6066.69
7498.21 6066.69
7498.21 6066.69
7498.21 6066.69
7498.21 6066.69
7498.21 6066.69
7498.21 6066.69
7498.21 6066.69
7498.21 6066.69
7496.40 6065.47
7493.17 6063.27
7488.23 6059.92
7481.73 6055.80
7472.48 6052.43
7460.69 6052.43
7446.53 6053.08
7436.70 6053.54
7430.84 6053.81
7429.09 6053.89
7428.91 6053.90
7427.10 6054.11
7425.10 6057.27
7425.89 6063.02
7426.97 6070.72
7428.30 6080.29
7429.55 6089.25
7430.40 6095.33
7430.62 6096.96
7430.67 6097.32
7430.68 6097.38
7430.68 6097.38
7430.68 6097.38
7430.68 6097.38
7430.68 6097.38
7430.68 6097.38
7430.68 6097.38
7430.68 6097.38
7430.68 6097.38
7430.68 6097.38
7430.68 6097.38
7430.68 6097.38
7430.68 6097.38
7430.68 6097.38
7430.68 6097.38
7430.68 6097.38
7430.68 6097.38
7430.68 6097.38
7430.68 6097.38
7430.68 6097.38
7430.68 6097.38
7427.72 6100.05
7424.96 6104.15
7425.81 6110.24
7427.19 6117.83
7429.19 6126.83
7431.70 6137.86
7434.29 6149.20
7436.73 6159.95
7439.21 6170.81
7441.75 6181.96
7444.43 6193.74
7446.71 6203.73
7448.27 6210.59
7448.93 6213.48
7448.99 6213.77
7449.32 6216.06
7449.65 6220.52
7446.55 6226.56
7438.27 6230.64
7427.03 6233.41
7413.57 6236.72
7399.68 6241.99
7385.74 6249.13
7371.32 6256.27
7356.08 6263.82
7341.23 6271.17
7326.44 6279.09
7313.64 6288.78
7301.47 6300.26
7290.24 6311.98
7280.78 6322.43
7274.51 6332.40
7268.44 6342.00
7261.97 6352.21
7255.56 6362.36
7249.50 6371.93
7243.10 6382.05
7237.22 6391.34
7230.72 6401.62
7224.86 6410.88
7221.41 6416.34
7214.24 6415.92
7206.09 6411.17
7196.57 6405.18
7186.36 6398.75
7176.88 6392.78
7167.15 6386.65
7158.44 6381.34
7153.10 6378.11
7146.81 6378.99
7142.43 6387.58
7137.07 6398.16
7131.54 6409.07
7127.70 6416.65
7125.88 6420.24
7125.40 6421.18
7125.36 6421.26
7125.35 6421.28
7125.35 6421.28
7125.35 6421.28
7125.35 6421.28
7125.35 6421.28
7125.35 6421.28
7125.35 6421.28
7125.35 6421.28
7125.35 6421.28
7125.35 6421.28
7125.35 6421.28
7125.35 6421.28
7125.35 6421.28
7125.35 6421.28
7125.35 6421.28
7125.35 6421.28
7125.35 6421.28
7125.35 6421.28
7125.35 6421.28
7125.35 6421.28
7125.35 6421.28
7124.57 6422.83
7122.75 6426.42
7119.86 6432.12
7116.12 6439.51
7111.35 6448.87
7106.05 6458.99
7100.48 6469.48
7094.94 6479.93
7089.65 6489.91
7084.42 6499.76
7079.06 6509.87
7073.68 6519.99
7069.58 6527.47
7067.32 6531.28
7067.20 6531.47
7067.11 6531.63
7067.10 6531.64
7067.10 6531.64
7067.10 6531.64
7067.10 6531.64
7067.10 6531.64
7067.10 6531.64
7067.10 6531.64
7067.10 6531.64
7067.10 6531.64
7067.10 6531.64
7067.10 6531.64
7067.10 6531.64
7067.10 6531.64
7067.10 6531.64
7067.10 6531.64
7067.10 6531.64
7067.10 6531.64
7067.10 6531.64
7067.10 6531.64
7067.10 6531.64
7067.10 6531.64
7067.10 6531.64
7067.10 6531.64
7067.10 6531.64
7067.10 6531.64
7067.10 6531.64
7067.10 6531.64
7067.10 6531.64
7067.10 6531.64
7067.10 6531.64
7067.10 6531.64
7066.33 6533.01
7064.80 6536.07
7062.32 6541.01
7058.81 6548.00
7054.59 6557.19
7050.24 6567.89
7045.63 6579.26
7041.16 6590.26
7036.99 6600.52
7032.74 6610.98
7028.56 6621.27
7024.03 6632.42
7019.64 6643.21
7015.49 6653.42
7010.92 6664.69
7006.76 6674.93
7002.27 6685.96
6998.08 6696.28
6993.50 6707.55
6988.99 6718.67
6984.82 6728.91
6980.32 6740.00
6976.09 6750.39
6971.52 6761.65
6968.57 6768.92
6967.30 6772.03
6967.23 6772.21
6967.22 6772.23
6967.22 6772.24
6967.22 6772.24
6967.22 6772.24
6967.22 6772.24
6967.22 6772.24
6967.22 6772.24
6967.22 6772.24
6967.22 6772.24
6967.22 6772.24
6967.22 6772.24
6967.22 6772.24
6967.22 6772.24
6967.22 6772.24
6967.22 6772.24
6967.22 6772.24
6967.22 6772.24
6967.22 6772.24
6967.22 6772.24
6967.22 6772.24
6967.22 6772.24
6967.22 6772.24
6967.22 6772.24
6967.22 6772.24
6967.22 6772.24
6967.22 6772.24
6967.22 6772.24
6967.22 6772.24
6967.22 6772.24
6967.22 6772.24
6967.22 6772.24
6967.22 6772.24
6967.22 6772.24
6967.22 6772.24
6967.22 6772.24
6967.22 6772.24
6967.22 6772.24
6967.22 6772.24
6967.22 6772.24
6967.22 6772.24
6967.22 6772.24
6967.22 6772.24
6967.22 6772.24
6966.68 6773.69
6965.75 6776.66
6964.11 6781.91
6962.07 6788.43
6959.50 6797.24
6957.72 6808.01
6955.75 6819.88
6954.17 6831.69
6953.51 6843.12
6952.95 6854.90
6952.39 6866.88
6951.86 6877.99
6951.28 6890.21
6950.71 6901.49
6950.15 6912.46
6949.51 6924.19
6948.86 6936.16
6948.23 6947.58
6947.60 6959.19
6946.98 6970.60
6946.31 6982.76
6945.70 6993.94
6945.05 7005.77
6944.41 7017.44
6943.79 7028.77
6943.18 7040.03
6942.56 7051.32
6941.93 7062.72
6941.30 7074.24
6942.28 7085.53
6953.61 7084.31
6965.08 7082.67
6976.10 7081.09
6982.67 7080.15
6985.59 7079.73
6986.14 7079.66
6986.22 7079.64
6986.23 7079.64
6986.23 7079.64
6986.23 7079.64
6986.23 7079.64
6986.23 7079.64
6986.23 7079.64
6986.23 7079.64
6986.23 7079.64
6986.23 7079.64
6986.23 7079.64
6986.23 7079.64
6986.23 7079.64
6986.23 7079.64
6986.23 7079.64
6986.23 7079.64
6986.23 7079.64
6986.23 7079.64
6986.23 7079.64
6987.69 7079.40
6991.30 7078.03
6992.58 7072.86
6992.85 7065.20
6993.16 7055.94
6993.55 7044.89
6993.97 7033.85
6994.44 7022.10
6994.98 7010.36
6995.98 6998.21
6996.90 6986.88
6997.73 6975.28
6998.12 6963.91
6998.61 6951.95
6998.78 6944.46
6998.96 6941.01
6998.98 6940.69
6998.99 6940.55
6998.99 6940.54
6998.99 6940.54
6998.99 6940.54
6998.99 6940.54
6998.99 6940.54
6998.99 6940.54
6998.99 6940.54
6998.99 6940.54
6998.99 6940.54
6998.99 6940.54
6998.99 6940.54
6998.99 6940.54
6998.99 6940.54
6998.99 6940.54
6998.99 6940.54
6998.99 6940.54
6998.99 6940.54
6998.99 6940.54
6998.99 6940.54
6998.99 6940.54
6998.99 6940.54
7002.44 6937.82
7002.67 6933.94
7002.41 6928.22
7000.50 6920.77
6991.73 6914.00
6981.04 6909.92
6969.97 6908.31
6961.11 6907.01
6956.77 6906.38
6955.41 6906.18
6955.13 6906.14
6955.08 6906.13
6955.07 6906.13
6955.06 6906.13
6955.06 6906.13
6955.06 6906.13
6955.06 6906.13
6955.06 6906.13
6955.06 6906.13
6955.06 6906.13
6955.06 6906.13
6955.06 6906.13
6955.06 6906.13
6955.06 6906.13
6955.06 6906.13
6955.06 6906.13
6955.06 6906.13
6955.06 6906.13
6955.06 6906.13
6955.06 6906.13
6955.06 6906.13
6955.06 6906.13
6955.06 6906.13
6955.06 6906.13
6955.06 6906.13
6955.06 6906.13
6955.06 6906.13
6955.06 6906.13
6955.06 6906.13
6955.06 6906.13
6955.06 6906.13
6953.50 6905.82
6949.71 6904.68
6946.52 6902.87
6942.77 6898.07
6941.40 6889.45
6941.89 6879.26
6942.46 6867.10
6943.01 6855.62
6943.58 6843.58
6944.12 6832.56
6945.52 6821.07
6947.47 6809.29
6948.96 6800.33
6949.71 6795.81
6949.78 6795.41
6949.78 6795.38
6949.79 6795.37
6949.79 6795.37
6949.79 6795.37
6949.79 6795.37
6949.79 6795.37
6949.79 6795.37
6949.79 6795.37
6949.79 6795.37
6949.79 6795.37
6949.79 6795.37
6949.79 6795.37
6949.79 6795.37
6949.79 6795.37
6949.79 6795.37
6949.79 6795.37
6949.79 6795.37
6949.79 6795.37
6949.79 6795.37
6949.79 6795.37
6949.79 6795.37
6949.79 6795.37
6949.79 6795.37
6949.79 6795.37
6949.79 6795.37
6949.79 6795.37
6949.79 6795.37
6949.79 6795.37
6949.79 6795.37
6949.79 6795.37
6950.23 6793.66
6951.75 6789.73
6956.24 6785.80
6964.25 6783.75
6973.89 6783.45
6986.04 6780.34
6997.75 6780.52
7009.28 6780.69
7020.64 6780.87
7032.78 6781.05
7044.54 6781.23
7056.74 6781.43
7068.67 6781.61
7078.99 6778.45
7085.87 6778.54
7094.48 6778.62
7105.11 6778.73
7116.38 6778.84
7127.73 6778.95
7138.84 6779.06
7149.85 6779.17
7161.36 6779.29
7173.17 6779.34
7185.09 6778.66
7195.45 6775.81
7205.68 6771.60
7216.58 6766.61
7226.86 6761.27
7236.50 6754.89
7245.67 6748.63
7254.87 6742.31
7264.61 6735.84
7273.43 6728.72
7281.25 6720.60
7285.37 6714.20
7286.93 6711.52
7286.97 6711.45
7286.99 6711.41
7286.99 6711.41
7286.99 6711.41
7286.99 6711.41
7286.99 6711.41
7286.99 6711.41
7286.99 6711.41
7286.99 6711.41
7286.99 6711.41
7286.99 6711.41
7286.99 6711.41
7286.99 6711.41
7286.99 6711.41
7286.99 6711.41
7286.99 6711.41
7286.99 6711.41
7286.99 6711.41
7286.99 6711.41
7286.99 6711.41
7286.99 6711.41
7286.99 6711.41
7288.18 6709.34
7290.36 6705.57
7293.25 6699.92
7296.36 6692.25
7300.18 6682.86
7304.46 6672.32
7308.87 6661.47
7312.94 6650.82
7317.10 6639.63
7321.23 6628.52
7325.30 6617.59
7329.58 6606.86
7333.80 6596.28
7338.37 6584.82
7342.60 6574.24
7347.13 6563.23
7351.71 6552.08
7356.04 6541.55
7361.67 6531.95
7369.47 6523.56
7377.59 6514.82
7385.71 6506.08
7393.30 6497.90
7404.94 6496.37
7416.75 6495.75
7428.85 6495.11
7440.31 6494.51
7452.36 6496.59
7462.99 6491.38
7465.39 6479.85
7466.39 6468.82
7467.47 6456.87
7468.49 6445.58
7469.12 6433.98
7469.06 6421.84
7468.66 6410.51
7468.19 6399.31
7467.69 6387.34
7467.16 6375.95
7466.63 6364.53
7466.08 6352.55
7465.47 6341.29
7464.81 6329.24
7464.16 6317.52
7463.55 6306.34
7462.91 6294.66
7461.42 6282.94
7459.71 6271.54
7457.51 6259.81
7454.97 6248.54
7452.91 6239.92
7452.25 6235.63
7454.42 6229.28
7462.32 6226.95
7473.71 6224.71
7485.86 6223.27
7496.83 6224.98
7508.84 6226.85
7519.94 6228.58
7530.85 6230.28
7542.59 6232.12
7554.33 6234.10
7565.97 6236.32
7578.02 6238.63
7589.14 6240.76
7600.55 6243.32
7611.36 6246.35
7622.12 6249.37
7632.15 6247.41
7640.43 6239.62
7648.58 6231.90
7656.87 6224.05
7664.96 6216.38
7673.67 6208.13
7681.98 6200.26
7689.96 6192.70
7697.66 6185.41
7702.08 6181.21
7703.77 6179.62
7704.29 6179.12
7704.49 6178.93
7704.50 6178.92
7704.50 6178.92
7704.50 6178.92
7704.50 6178.92
7704.50 6178.92
7704.50 6178.92
7704.50 6178.92
7704.50 6178.92
7705.50 6177.93
7707.26 6174.74
7708.24 6168.51
7704.93 6162.53
7700.98 6155.38
7695.78 6145.99
7690.81 6136.99
7688.00 6131.91
7687.18 6130.43
7687.09 6130.26
7687.07 6130.22
7687.06 6130.21
7687.06 6130.21
7687.06 6130.21
7687.06 6130.21
7687.06 6130.21
7687.06 6130.21
7687.06 6130.21
7687.06 6130.21
7687.06 6130.21
7687.06 6130.21
7687.06 6130.21
7687.06 6130.21
7687.06 6130.21
7687.06 6130.21
7687.06 6130.21
7687.06 6130.21
7687.06 6130.21
7687.06 6130.21
7686.47 6128.79
7685.55 6125.30
7687.14 6120.10
7693.83 6115.80
7703.61 6111.59
7713.95 6106.09
7724.27 6099.81
7733.31 6092.63
7741.82 6084.42
7750.61 6076.36
7759.04 6068.63
7766.21 6061.03
7770.03 6056.44
7777.24 6055.22
7784.93 6061.76
7792.96 6069.76
7801.62 6078.41
7809.69 6086.35
7813.56 6096.95
7814.38 6108.52
7810.28 6119.03
7803.73 6128.22
7796.53 6137.21
7789.17 6146.41
7781.58 6155.89
7774.33 6164.95
7766.81 6174.35
7760.36 6184.07
7763.16 6194.20
7771.62 6202.25
7778.07 6205.49
7780.81 6206.73
7781.03 6206.83
7781.16 6206.89
7781.18 6206.90
7781.18 6206.90
7781.18 6206.90
7781.18 6206.90
7781.18 6206.90
7781.18 6206.90
7781.18 6206.90
7781.18 6206.90
7781.18 6206.90
7781.18 6206.90
7781.18 6206.90
7781.18 6206.90
7781.18 6206.90
7781.18 6206.90
7781.18 6206.90
7781.18 6206.90
7781.18 6206.90
7781.18 6206.90
7781.18 6206.90
7781.18 6206.90
7781.18 6206.90
7783.17 6207.80
7787.24 6209.76
7792.33 6212.76
7798.60 6216.45
7806.16 6220.89
7815.33 6226.28
7824.86 6231.89
7834.65 6237.11
7844.84 6241.26
7855.98 6244.71
7867.83 6246.83
7879.72 6248.95
7890.88 6250.79
7902.43 6252.46
7913.75 6254.09
7925.43 6255.78
7936.70 6257.40
7948.69 6259.13
7959.94 6260.75
7970.91 6262.34
7982.17 6263.99
7994.11 6265.70
8002.12 6266.86
8006.09 6267.44
8007.12 6267.60
8007.55 6267.66
8007.61 6267.67
8007.65 6267.67
8007.65 6267.67
8007.65 6267.67
8007.65 6267.67
8007.65 6267.67
8007.65 6267.67
8007.65 6267.67
8007.65 6267.67
8007.65 6267.67
8007.65 6267.67
8007.65 6267.67
8007.65 6267.67
8007.65 6267.67
8007.65 6267.67
8007.65 6267.67
8007.65 6267.67
8007.65 6267.67
8007.65 6267.67
8007.65 6267.67
8007.65 6267.67
8007.65 6267.67
8009.61 6267.96
8013.85 6268.59
8020.51 6269.58
8026.91 6270.53
8035.19 6271.72
8045.16 6273.09
8057.02 6274.67
8068.62 6276.80
8079.53 6279.24
8090.39 6282.94
8100.52 6288.06
8109.70 6294.13
8119.84 6300.84
8129.30 6307.41
8138.13 6314.35
8147.28 6321.63
8155.44 6329.44
8162.21 6338.21
8169.26 6347.35
8176.61 6356.87
8183.72 6365.73
8191.20 6375.00
8198.29 6383.78
8206.59 6392.65
8214.99 6400.52
8223.94 6408.44
8233.49 6414.05
8243.23 6419.77
8253.39 6425.76
8260.78 6429.81
8265.21 6432.48
8265.91 6432.90
8266.32 6433.15
8266.35 6433.17
8266.35 6433.17
8266.35 6433.17
8266.35 6433.17
8266.35 6433.17
8266.35 6433.17
8266.35 6433.17
8266.35 6433.17
8266.35 6433.17
8266.35 6433.17
8266.35 6433.17
8266.35 6433.17
8266.35 6433.17
8266.35 6433.17
8266.35 6433.17
8266.35 6433.17
8266.35 6433.17
8266.35 6433.17
8266.35 6433.17
8266.35 6433.17
8266.35 6433.17
8267.55 6433.84
8270.88 6435.64
