7425.10 6057.33
7425.31 6058.83
7425.84 6062.65
7426.71 6068.91
7427.90 6077.40
7429.27 6087.24
7430.16 6093.65
7430.61 6096.88
7430.65 6097.18
7430.67 6097.32
7430.68 6097.38
7430.68 6097.38
7430.68 6097.38
7430.68 6097.38
7430.68 6097.38
7430.68 6097.38
7430.68 6097.38
7430.68 6097.38
7430.68 6097.38
7430.68 6097.38
7430.68 6097.38
7430.68 6097.38
7430.68 6097.38
7430.68 6097.38
7430.68 6097.38
7430.68 6097.38
7430.68 6097.38
7430.68 6097.38
7430.68 6097.38
7430.68 6097.38
7430.68 6097.38
7430.95 6099.31
7431.48 6103.10
7432.24 6108.55
7430.34 6116.75
7432.36 6125.88
7434.99 6137.41
7438.04 6150.81
7438.23 6166.50
7441.69 6181.70
7444.76 6195.17
7446.95 6204.80
7448.45 6211.40
7448.95 6213.60
7449.00 6213.79
7449.00 6213.79
7449.00 6213.79
7449.00 6213.79
7449.00 6213.79
7449.00 6213.79
7449.00 6213.79
7449.00 6213.79
7452.21 6213.06
7452.21 6213.06
7452.21 6213.06
7452.21 6213.06
7452.21 6213.06
7452.21 6213.06
7452.21 6213.06
7452.21 6213.06
7452.21 6213.06
7452.21 6213.06
7452.21 6213.06
7452.21 6213.06
7452.21 6213.06
7452.21 6213.06
7452.21 6213.06
7452.21 6213.06
7452.21 6213.06
7452.21 6213.06
7452.21 6213.06
7452.21 6213.06
7452.21 6213.06
7452.21 6213.06
7452.21 6213.06
7452.21 6213.06
7452.21 6213.06
7452.21 6213.06
7452.21 6213.06
7452.21 6213.06
7452.21 6213.06
7452.21 6213.06
7452.21 6213.06
7452.21 6213.06
7452.21 6213.06
7452.59 6214.63
7453.56 6218.24
7455.03 6223.69
7457.00 6231.02
7459.54 6240.46
7459.15 6252.09
7462.06 6265.12
7464.46 6280.86
7466.31 6296.42
7467.18 6312.23
7468.01 6327.42
7468.88 6343.18
7469.67 6358.66
7470.38 6374.05
7471.09 6389.53
7471.72 6404.60
7472.35 6420.55
7472.43 6436.26
7471.23 6451.92
7469.82 6467.49
7468.23 6482.40
7464.83 6497.89
7455.60 6511.92
7439.88 6511.06
7424.19 6511.88
7409.19 6512.66
7396.73 6518.45
7386.34 6529.64
7376.05 6540.71
7368.76 6553.98
7363.15 6567.65
7357.12 6582.39
7351.30 6596.97
7345.67 6611.06
7340.02 6625.33
7334.82 6639.31
7329.52 6653.58
7323.90 6668.32
7318.03 6682.75
7312.13 6697.30
7306.24 6711.08
7298.45 6724.53
7290.33 6735.35
7283.78 6741.66
7280.35 6744.97
7278.78 6746.24
7278.75 6746.26
7278.75 6746.26
7278.75 6746.26
7278.75 6746.26
7278.75 6746.26
7278.75 6746.26
7278.75 6746.26
7278.75 6746.26
7278.75 6746.26
7278.75 6746.26
7278.75 6746.26
7278.75 6746.26
7278.75 6746.26
7278.75 6746.26
7278.75 6746.26
7278.75 6746.26
7278.75 6746.26
7278.75 6746.26
7278.75 6746.26
7278.75 6746.26
7278.75 6746.26
7277.56 6747.05
7275.03 6748.73
7270.47 6751.76
7263.96 6756.10
7256.03 6761.53
7246.99 6767.71
7236.04 6774.98
7222.78 6781.94
7208.73 6788.19
7193.74 6793.98
7177.76 6795.71
7162.81 6795.80
7146.96 6795.65
7131.82 6795.50
7116.04 6795.34
7100.14 6795.18
7084.33 6795.01
7068.28 6794.81
7052.70 6794.57
7037.85 6794.33
7022.87 6794.10
7006.96 6793.86
6991.19 6793.62
6979.73 6793.44
6972.78 6793.34
6970.05 6793.30
6969.99 6793.30
6969.98 6793.30
6969.98 6793.30
6969.98 6793.30
6969.98 6793.30
6969.98 6793.30
6969.98 6793.30
6969.98 6793.30
6969.98 6793.30
6969.98 6793.30
6969.98 6793.30
6969.98 6793.30
6969.98 6793.30
6969.98 6793.30
6969.98 6793.30
6969.98 6793.30
6969.98 6793.30
6969.98 6793.30
6969.98 6793.30
6969.98 6793.30
6969.98 6793.30
6969.98 6793.30
6969.98 6793.30
6969.98 6793.30
6969.98 6793.30
6969.98 6793.30
6969.98 6793.30
6969.98 6793.30
6969.98 6793.30
6969.98 6793.30
6969.98 6793.30
6969.98 6793.30
6969.98 6793.30
6969.98 6793.30
6969.98 6793.30
6969.98 6793.30
6969.98 6793.30
6969.98 6793.30
6969.98 6793.30
6969.98 6793.30
6969.98 6793.30
6969.98 6793.30
6968.56 6793.29
6964.79 6793.45
6959.68 6796.16
6958.40 6803.93
6956.74 6813.90
6954.81 6826.31
6953.63 6840.67
6952.92 6855.63
6952.26 6869.61
6951.73 6880.71
6951.42 6887.31
6951.32 6889.42
6951.31 6889.55
6951.31 6889.59
6951.31 6889.59
6951.31 6889.59
6951.31 6889.59
6951.31 6889.59
6951.31 6889.59
6951.31 6889.59
6951.31 6889.59
6951.31 6889.59
6951.31 6889.59
6951.31 6889.59
6951.31 6889.59
6951.31 6889.59
6951.31 6889.59
6951.31 6889.59
6951.31 6889.59
6951.31 6889.59
6951.31 6889.59
6951.31 6889.59
6951.31 6889.59
6951.31 6889.59
6951.31 6889.59
6951.31 6889.59
6951.31 6889.59
6951.31 6889.59
6951.31 6889.59
6951.31 6889.59
6951.31 6889.59
6951.31 6889.59
6951.31 6889.59
6951.31 6889.59
6951.31 6889.59
6951.24 6890.91
6951.09 6893.89
6950.83 6899.15
6950.46 6906.35
6949.96 6916.06
6949.30 6928.18
6948.51 6942.47
6947.69 6957.56
6946.82 6973.43
6945.99 6988.57
6945.14 7004.13
6944.29 7019.63
6943.45 7035.05
6942.63 7049.98
6941.82 7064.84
6940.98 7080.16
6941.03 7095.37
6941.62 7110.40
6942.69 7125.26
6943.81 7140.77
6944.90 7155.96
6945.98 7170.90
6947.04 7185.64
6950.50 7200.46
6957.72 7212.16
6971.59 7217.23
6986.94 7221.52
7001.58 7225.62
7016.04 7230.02
7030.99 7235.47
7047.30 7237.91
7058.08 7241.84
7064.65 7244.24
7067.02 7245.10
7067.02 7245.10
7067.02 7245.10
7067.02 7245.10
7067.02 7245.10
7067.02 7245.10
7067.02 7245.10
7067.02 7245.10
7067.02 7245.10
7067.02 7245.10
7067.02 7245.10
7067.02 7245.10
7067.02 7245.10
7067.02 7245.10
7067.02 7245.10
7067.02 7245.10
7067.02 7245.10
7067.02 7245.10
7067.02 7245.10
7067.02 7245.10
7067.02 7245.10
7067.02 7245.10
7067.02 7245.10
7067.02 7245.10
7067.02 7245.10
7067.02 7245.10
7067.02 7245.10
7067.02 7245.10
7067.02 7245.10
7067.02 7245.10
7067.02 7245.10
7067.02 7245.10
7067.02 7245.10
7067.02 7245.10
7067.02 7245.10
7067.02 7245.10
7067.02 7245.10
7067.02 7245.10
7067.02 7245.10
7067.02 7245.10
7067.02 7245.10
7067.02 7245.10
7067.02 7245.10
7067.02 7245.10
7067.02 7245.10
7067.02 7245.10
7067.02 7245.10
7067.02 7245.10
7067.02 7245.10
7067.02 7245.10
7067.02 7245.10
7067.02 7245.10
7067.02 7245.10
7067.02 7245.10
7067.02 7245.10
7067.02 7245.10
7067.02 7245.10
7068.41 7245.64
7071.70 7247.01
7077.06 7249.25
7084.81 7252.48
7093.91 7256.44
7105.18 7261.65
7118.39 7267.76
7131.86 7273.99
7146.02 7280.54
7160.03 7287.02
7174.60 7293.90
7188.59 7300.79
7201.84 7307.35
7215.95 7314.33
7229.33 7320.95
7241.24 7326.84
7249.49 7329.77
7254.94 7330.68
7256.01 7330.86
7256.02 7330.86
7256.02 7330.87
7256.02 7330.87
7256.02 7330.87
7256.02 7330.87
7256.02 7330.87
7256.02 7330.87
7256.02 7330.87
7256.02 7330.87
7256.02 7330.87
7256.02 7330.87
7256.02 7330.87
7256.02 7330.87
7256.02 7330.87
7256.02 7330.87
7256.02 7330.87
7256.02 7330.87
7256.02 7330.87
7256.02 7330.87
7256.02 7330.87
7256.02 7330.87
7256.02 7330.87
7256.02 7330.87
7256.02 7330.87
7256.02 7330.87
7256.02 7330.87
7257.63 7330.98
7261.44 7329.78
7264.97 7325.60
7267.57 7319.15
7270.39 7310.98
7274.02 7300.42
7278.32 7287.93
7283.14 7273.93
7288.63 7259.58
7296.86 7245.31
7303.45 7227.82
7309.55 7210.29
7314.50 7192.28
7317.45 7173.93
7306.94 7167.22
7292.09 7166.18
7277.07 7165.14
7263.19 7160.14
7262.68 7145.32
7264.65 7130.28
7271.65 7118.22
7285.77 7119.15
7296.51 7120.60
7302.79 7121.44
7304.69 7121.70
7304.83 7121.72
7304.88 7121.72
7304.88 7121.72
7304.88 7121.72
7304.88 7121.72
7304.88 7121.72
7304.88 7121.72
7304.88 7121.72
7304.88 7121.72
7304.88 7121.72
7304.88 7121.72
7304.88 7121.72
7304.88 7121.72
7304.88 7121.72
7304.88 7121.72
7304.88 7121.72
7304.88 7121.72
7304.88 7121.72
7304.88 7121.72
7304.88 7121.72
7304.88 7121.72
7304.88 7121.72
7306.74 7121.97
7310.74 7122.50
7316.13 7123.22
7320.36 7123.82
7325.95 7125.35
7329.76 7131.15
7328.76 7140.80
7326.96 7152.90
7325.03 7166.50
7323.03 7181.54
7319.81 7197.88
7314.81 7216.03
7309.87 7229.50
7306.05 7239.64
7303.81 7245.60
7299.94 7253.48
7291.20 7258.13
7278.29 7258.65
7264.51 7254.55
7249.32 7250.04
7234.73 7245.70
7219.50 7241.17
7204.62 7236.81
7190.16 7232.71
7175.77 7228.81
7160.47 7224.77
7148.54 7221.57
7139.75 7218.82
7135.20 7217.58
7135.00 7217.52
7134.92 7217.50
7134.88 7217.49
7134.88 7217.49
7134.88 7217.49
7134.88 7217.49
7134.88 7217.49
7134.88 7217.49
7134.88 7217.49
7134.88 7217.49
7134.88 7217.49
7134.88 7217.49
7134.88 7217.49
7134.88 7217.49
7134.88 7217.49
7134.88 7217.49
7134.88 7217.49
7134.88 7217.49
7134.88 7217.49
7134.88 7217.49
7134.88 7217.49
7134.88 7217.49
7134.88 7217.49
7133.05 7216.99
7128.85 7215.84
7122.40 7213.89
7114.00 7211.38
7104.06 7208.51
7092.04 7204.99
7078.41 7200.97
7065.59 7197.57
7056.18 7195.01
7050.76 7193.46
7051.43 7190.22
7048.43 7189.32
7043.07 7187.93
7035.67 7186.00
7026.71 7183.60
7016.39 7180.66
7004.24 7177.45
6994.81 7168.05
6989.47 7154.64
6990.04 7139.64
6990.63 7124.48
6991.23 7108.83
6991.85 7092.82
6992.44 7076.95
6992.96 7061.73
6993.50 7046.26
6994.08 7031.10
6994.72 7015.37
6995.87 6999.58
6997.12 6983.85
6997.94 6971.06
6998.18 6962.40
6998.38 6957.00
6998.43 6956.07
6998.55 6953.42
6998.66 6948.37
6998.87 6942.77
6998.98 6940.78
6998.98 6940.63
6998.99 6940.56
6998.99 6940.56
6998.99 6940.56
6998.99 6940.56
6998.99 6940.56
6998.99 6940.56
6998.99 6940.56
6998.99 6940.56
6998.99 6940.56
6998.99 6940.56
6998.99 6940.56
6998.99 6940.56
6998.99 6940.56
6998.99 6940.56
6998.99 6940.56
6998.99 6940.56
6998.99 6940.56
6998.99 6940.56
6998.99 6940.56
6998.99 6940.56
6998.99 6940.56
7002.50 6936.87
7002.66 6932.42
7001.87 6925.63
6997.33 6917.40
6987.12 6911.05
6977.42 6909.39
6971.63 6908.55
6970.37 6908.36
6970.21 6908.34
6970.17 6908.34
6970.16 6908.33
6970.16 6908.33
6970.16 6908.33
6970.16 6908.33
6970.16 6908.33
6970.16 6908.33
6970.16 6908.33
6970.16 6908.33
6970.16 6908.33
6970.16 6908.33
6970.16 6908.33
6970.16 6908.33
6968.73 6908.12
6964.83 6907.55
6960.94 6906.99
6954.90 6906.10
6948.33 6904.27
6942.68 6897.89
6941.51 6887.21
6938.84 6873.66
6939.55 6858.82
6940.27 6843.70
6941.31 6828.26
6943.31 6814.23
6944.95 6804.33
6945.97 6798.19
6946.46 6795.21
6946.52 6794.86
6946.52 6794.84
6943.28 6794.29
6943.28 6794.29
6943.28 6794.29
6943.28 6794.29
6943.28 6794.29
6943.28 6794.29
6943.28 6794.29
6943.28 6794.29
6943.28 6794.29
6943.28 6794.29
6943.28 6794.29
6943.28 6794.29
6943.28 6794.29
6943.28 6794.29
6943.28 6794.29
6943.28 6794.29
6943.28 6794.29
6943.28 6794.29
6943.28 6794.29
6943.28 6794.29
6943.28 6794.29
6943.28 6794.29
6943.28 6794.29
6943.28 6794.29
6943.28 6794.29
6943.28 6794.29
6943.28 6794.29
6943.57 6792.62
6944.28 6788.75
6945.57 6782.87
6947.97 6775.71
6951.80 6766.35
6956.06 6755.86
6961.07 6743.53
6966.64 6729.81
6972.69 6714.93
6978.36 6700.96
6983.95 6687.22
6989.62 6673.27
6995.24 6659.42
7001.27 6644.59
7007.23 6629.92
7013.12 6615.43
7018.90 6601.19
7024.59 6587.20
7030.47 6572.73
7035.34 6560.73
7038.66 6552.56
7040.41 6548.25
7040.58 6547.83
7040.61 6547.77
7040.61 6547.76
7040.61 6547.76
7040.61 6547.76
7040.61 6547.76
7040.61 6547.76
7040.61 6547.76
7040.61 6547.76
7040.61 6547.76
7040.61 6547.76
7040.61 6547.76
7040.61 6547.76
7040.61 6547.76
7040.61 6547.76
7040.61 6547.76
7040.61 6547.76
7040.61 6547.76
7040.61 6547.76
7040.61 6547.76
7040.61 6547.76
7040.61 6547.76
7040.61 6547.76
7040.61 6547.76
7040.61 6547.76
7040.61 6547.76
7040.61 6547.76
7040.61 6547.76
7041.59 6545.62
7043.25 6542.32
7045.86 6537.12
7049.11 6530.64
7053.62 6522.03
7059.35 6511.78
7065.93 6499.38
7072.86 6486.34
7079.84 6473.18
7086.95 6459.78
7094.36 6445.77
7101.67 6431.51
7108.37 6418.29
7114.00 6407.17
7117.60 6400.06
7119.17 6396.97
7119.31 6396.70
7119.39 6396.54
7119.40 6396.53
7119.40 6396.53
7119.40 6396.53
7119.40 6396.53
7119.40 6396.53
7119.40 6396.53
7119.40 6396.53
7119.40 6396.53
7119.40 6396.53
7119.40 6396.53
7119.40 6396.53
7119.40 6396.53
7119.40 6396.53
7119.40 6396.53
7119.40 6396.53
7119.40 6396.53
7119.40 6396.53
7119.40 6396.53
7119.40 6396.53
7119.40 6396.53
7119.40 6396.53
7120.17 6395.00
7121.75 6391.89
7124.26 6386.94
7127.61 6380.33
7131.78 6372.09
7136.83 6362.15
7142.73 6350.51
7149.57 6337.02
7156.30 6323.74
7163.51 6309.50
7170.58 6295.56
7177.60 6281.72
7184.78 6267.50
7191.75 6253.67
7198.40 6240.47
7205.48 6226.41
7210.65 6216.16
7214.01 6209.50
7215.50 6206.53
7215.67 6206.20
7215.68 6206.17
7215.69 6206.16
7215.69 6206.16
7215.69 6206.15
7215.69 6206.15
7215.69 6206.15
7215.69 6206.15
7215.69 6206.15
7215.69 6206.15
7215.69 6206.15
7215.69 6206.15
7215.69 6206.15
7215.69 6206.15
7215.69 6206.15
7215.69 6206.15
7215.69 6206.15
7215.69 6206.15
7215.69 6206.15
7215.69 6206.15
7215.69 6206.15
7215.69 6206.15
7216.60 6204.33
7218.53 6200.44
7221.28 6194.83
7224.87 6187.48
7229.49 6178.04
7234.89 6166.99
7241.06 6154.37
7247.67 6140.86
7254.55 6126.68
7261.27 6112.67
7266.34 6102.11
7269.53 6095.46
7270.77 6092.87
7271.02 6092.35
7271.11 6092.17
7271.13 6092.11
7271.16 6092.06
7271.16 6092.06
7271.16 6092.06
7271.16 6092.06
7271.16 6092.06
7271.16 6092.06
7271.16 6092.06
7271.16 6092.06
7271.16 6092.06
7271.16 6092.06
7271.16 6092.06
7271.16 6092.06
7271.16 6092.06
7271.16 6092.06
7271.16 6092.06
7271.16 6092.06
7271.16 6092.06
7271.16 6092.06
7271.16 6092.06
7271.16 6092.06
7271.16 6092.06
7271.96 6090.40
7273.43 6087.33
7274.99 6084.07
7275.22 6083.60
7275.34 6083.34
7275.35 6083.32
7275.36 6083.31
7275.36 6083.31
7275.36 6083.31
7275.36 6083.31
7275.36 6083.31
7275.36 6083.31
7275.36 6083.31
7275.36 6083.31
7275.36 6083.31
7275.36 6083.31
7275.36 6083.31
7275.36 6083.31
7275.36 6083.31
7275.36 6083.31
7275.36 6083.31
7275.36 6083.31
7275.36 6083.31
7275.36 6083.31
7275.36 6083.31
7275.36 6083.31
7275.36 6083.31
7275.36 6083.31
7275.36 6083.31
7275.36 6083.31
7275.36 6083.31
7275.36 6083.31
7275.36 6083.31
7275.36 6083.31
7275.36 6083.31
7275.36 6083.31
7275.36 6083.31
7275.36 6083.31
7275.36 6083.31
7275.36 6083.31
7275.36 6083.31
7275.36 6083.31
7275.36 6083.31
7276.45 6081.06
7278.56 6076.74
7281.61 6070.47
7285.64 6062.22
7290.49 6052.39
7296.21 6040.82
7302.96 6027.21
7309.75 6013.49
7314.55 6003.81
7317.58 5997.69
7318.63 5995.57
7318.95 5994.94
7319.07 5994.68
7319.15 5994.54
7319.19 5994.45
7319.19 5994.44
7319.19 5994.44
7319.20 5994.44
7319.20 5994.44
7319.20 5994.44
7319.20 5994.44
7319.20 5994.44
7319.20 5994.44
7319.20 5994.44
7319.20 5994.44
7319.20 5994.44
7319.20 5994.44
7319.20 5994.44
7319.20 5994.44
7319.20 5994.44
7319.20 5994.44
7319.20 5994.44
7319.20 5994.44
7319.20 5994.44
7319.20 5994.44
7319.20 5994.44
7319.20 5994.44
7319.20 5994.44
7319.20 5994.44
7319.20 5994.44
7320.05 5992.70
7322.04 5988.68
7325.12 5982.39
7329.26 5973.92
7334.21 5963.79
7339.79 5952.37
7346.19 5939.29
7353.07 5925.22
7357.97 5915.19
7360.90 5909.20
7361.87 5907.21
7362.14 5906.67
7362.29 5906.36
7362.31 5906.31
7362.32 5906.29
7362.32 5906.29
7362.32 5906.29
7362.32 5906.29
7362.32 5906.29
7362.32 5906.29
7363.13 5904.56
7364.65 5901.22
7366.66 5896.36
7367.75 5889.56
7358.70 5888.38
7347.75 5887.87
7334.55 5887.26
7319.70 5886.57
7303.47 5885.81
7285.12 5884.96
7266.78 5884.11
7248.23 5883.25
7229.19 5882.18
7212.99 5872.54
7198.28 5861.66
7183.56 5850.87
7169.17 5840.16
7157.97 5831.74
7150.19 5826.28
7145.24 5823.20
7143.00 5821.80
7142.87 5821.72
7142.79 5821.67
7142.75 5821.64
7142.75 5821.64
7142.75 5821.64
7142.75 5821.64
7142.75 5821.64
7142.75 5821.64
7142.75 5821.64
7142.75 5821.64
7142.75 5821.64
7142.75 5821.64
7142.75 5821.64
7142.75 5821.64
7142.75 5821.64
7142.75 5821.64
7142.75 5821.64
7142.75 5821.64
7142.75 5821.64
7142.75 5821.64
7142.75 5821.64
7142.75 5821.64
7142.75 5821.64
7140.97 5820.54
7137.25 5818.18
7132.03 5814.72
7125.24 5810.26
7116.94 5804.84
7106.89 5798.19
