5688.04 8188.86
5689.48 8191.49
5690.74 8195.82
5686.86 8201.83
5679.63 8207.51
5670.09 8215.00
5667.04 8228.10
5670.48 8238.25
5684.00 8240.55
5692.25 8248.13
5695.31 8261.30
5698.67 8275.32
5703.30 8284.98
5706.30 8291.24
5712.66 8295.82
5722.54 8287.66
5734.20 8278.03
5748.52 8270.83
5763.93 8263.33
5778.31 8256.33
5794.24 8249.76
5810.97 8245.61
5826.88 8242.49
5842.78 8240.64
5859.90 8238.90
5876.35 8237.86
5893.13 8236.80
5909.29 8233.85
5925.17 8230.57
5941.64 8226.38
5956.52 8220.16
5971.08 8212.77
5984.95 8204.31
5999.00 8195.69
6012.99 8187.04
6026.90 8176.95
6040.09 8165.88
6051.18 8153.72
6061.48 8141.39
6072.66 8128.03
6083.68 8114.86
6094.62 8101.79
6104.02 8090.55
6110.65 8082.62
6115.51 8076.82
6117.65 8074.25
6118.03 8073.80
6118.08 8073.74
6118.09 8073.72
6118.10 8073.72
6118.10 8073.72
6118.10 8073.72
6118.10 8073.72
6118.10 8073.72
6118.10 8073.72
6118.10 8073.72
6118.10 8073.72
6118.10 8073.72
6118.10 8073.72
6118.10 8073.72
6118.10 8073.72
6118.10 8073.72
6118.10 8073.72
6118.10 8073.72
6118.10 8073.72
6118.10 8073.72
6118.10 8073.72
6118.10 8073.72
6118.10 8073.72
6118.10 8073.72
6118.10 8073.72
6118.10 8073.72
6118.10 8073.72
6118.10 8073.72
6118.10 8073.72
6118.10 8073.72
6118.10 8073.72
6118.10 8073.72
6118.10 8073.72
6118.10 8073.72
6118.10 8073.72
6118.10 8073.72
6118.10 8073.72
6118.10 8073.72
6118.10 8073.72
6118.10 8073.72
6118.10 8073.72
6118.10 8073.72
6118.10 8073.72
6118.10 8073.72
6118.10 8073.72
6118.10 8073.72
6118.10 8073.72
6118.10 8073.72
6119.72 8071.79
6123.11 8067.76
6127.59 8062.47
6133.75 8055.21
6141.38 8046.21
6150.48 8035.48
6160.62 8023.53
6172.97 8011.25
6185.01 8000.38
6197.61 7989.00
6209.82 7977.99
6222.69 7966.36
6235.56 7954.86
6248.00 7943.96
6260.12 7933.33
6272.12 7922.81
6284.45 7912.00
6297.26 7900.75
6310.06 7889.52
6322.89 7878.26
6335.70 7866.92
6348.44 7855.64
6361.20 7844.35
6373.23 7833.69
6386.09 7822.31
6398.21 7811.58
6411.06 7799.91
6422.54 7788.75
6434.43 7777.19
6445.95 7765.99
6457.82 7754.45
6466.76 7745.76
6473.63 7739.07
6477.28 7735.53
6477.98 7734.85
6478.08 7734.75
6478.11 7734.72
6478.12 7734.71
6478.12 7734.71
6478.12 7734.71
6478.12 7734.71
6478.12 7734.71
6480.19 7732.62
6484.05 7728.57
6489.49 7722.71
6496.00 7715.71
6504.26 7706.81
6514.22 7696.10
6525.85 7683.59
6537.29 7671.24
6548.13 7659.28
6559.53 7646.65
6571.11 7633.83
6581.82 7621.96
6592.60 7610.10
6603.91 7597.77
6614.71 7585.99
6624.85 7574.93
6632.59 7566.49
6637.29 7561.37
6640.18 7558.22
6640.22 7558.17
6640.24 7558.15
6640.24 7558.15
6640.24 7558.15
6640.24 7558.15
6640.24 7558.15
6640.24 7558.15
6640.24 7558.15
6640.24 7558.15
6640.24 7558.15
6640.24 7558.15
6640.24 7558.15
6640.24 7558.15
6640.24 7558.15
6640.24 7558.15
6640.24 7558.15
6640.24 7558.15
6640.24 7558.15
6640.24 7558.15
6640.24 7558.15
6640.24 7558.15
6640.24 7558.15
6640.24 7558.15
6640.24 7558.15
6640.24 7558.15
6640.24 7558.15
6640.24 7558.15
6640.24 7558.15
6640.24 7558.15
6640.24 7558.15
6640.24 7558.15
6640.24 7558.15
6640.24 7558.15
6640.24 7558.15
6640.24 7558.15
6640.24 7558.15
6640.24 7558.15
6640.24 7558.15
6640.24 7558.15
6640.24 7558.15
6640.24 7558.15
6640.24 7558.15
6640.24 7558.15
6640.24 7558.15
6640.24 7558.15
6642.24 7556.00
6645.36 7552.70
6650.20 7547.55
6656.68 7540.73
6664.52 7532.57
6673.75 7522.96
6684.23 7512.06
6695.89 7499.70
6704.38 7490.52
6710.53 7484.42
6713.99 7481.05
6715.35 7479.72
6715.36 7479.71
6717.07 7477.50
6716.53 7471.30
6710.32 7467.29
6703.99 7459.26
6693.84 7452.70
6682.37 7444.30
6671.58 7437.06
6664.31 7432.69
6660.44 7430.43
6659.41 7429.83
6659.28 7429.76
6659.27 7429.75
6659.27 7429.75
6659.27 7429.75
6659.27 7429.75
6659.27 7429.75
6658.64 7429.38
6656.78 7428.31
6653.10 7426.18
6647.88 7422.76
6642.83 7416.99
6635.96 7408.31
6628.43 7396.88
6621.06 7385.13
6613.79 7373.56
6606.73 7362.31
6599.81 7351.29
6592.28 7339.28
6584.19 7327.00
6576.68 7316.52
6568.58 7305.21
6561.19 7294.89
6552.94 7283.38
6545.25 7272.65
6537.22 7261.44
6531.80 7253.88
6529.01 7249.99
6528.46 7249.22
6528.05 7248.65
6527.97 7248.53
6527.94 7248.49
6527.93 7248.48
6527.93 7248.48
6527.93 7248.48
6527.93 7248.48
6527.93 7248.48
6527.93 7248.48
6527.93 7248.48
6527.93 7248.48
6527.93 7248.48
6527.93 7248.48
6527.93 7248.48
6527.93 7248.48
6527.93 7248.48
6527.93 7248.48
6527.93 7248.48
6527.93 7248.48
6527.93 7248.48
6526.86 7246.99
6524.66 7243.91
6521.55 7239.57
6518.13 7234.79
6513.78 7228.12
6511.89 7219.16
6520.43 7209.78
6530.49 7199.79
6542.55 7192.44
6551.42 7187.04
6556.44 7183.98
6557.62 7183.26
6557.80 7183.15
6557.84 7183.13
6557.86 7183.12
6557.86 7183.12
6557.86 7183.12
6557.86 7183.12
6557.86 7183.12
6557.86 7183.12
6557.86 7183.12
6557.86 7183.12
6557.86 7183.12
6557.86 7183.12
6557.86 7183.12
6557.86 7183.12
6557.86 7183.12
6557.86 7183.12
6557.86 7183.12
6557.86 7183.12
6557.86 7183.12
6557.86 7183.12
6557.86 7183.12
6557.86 7183.12
6557.86 7183.12
6557.86 7183.12
6557.86 7183.12
6557.86 7183.12
6558.58 7182.68
6561.22 7181.26
6564.49 7179.61
6569.45 7176.81
6576.50 7172.62
6585.41 7167.56
6595.29 7161.97
6607.43 7155.11
6622.07 7146.83
6636.51 7138.67
6650.62 7131.88
6664.83 7127.07
6680.36 7121.97
6695.52 7117.93
6711.47 7115.32
6728.04 7112.85
6743.04 7110.80
6757.81 7108.75
6775.16 7106.27
6790.76 7104.07
6805.77 7101.94
6822.72 7099.55
6835.85 7097.69
6848.99 7095.83
6862.12 7093.97
6875.33 7092.10
6889.48 7090.09
6899.75 7088.64
6906.46 7087.69
6910.25 7087.15
6910.88 7087.06
6910.96 7087.05
6911.01 7087.05
6911.03 7087.04
6911.04 7087.04
6911.04 7087.04
6911.04 7087.04
6911.04 7087.04
6911.04 7087.04
6911.04 7087.04
6911.04 7087.04
6911.04 7087.04
6911.04 7087.04
6911.04 7087.04
6911.04 7087.04
6911.04 7087.04
6911.04 7087.04
6911.04 7087.04
6911.04 7087.04
6911.04 7087.04
6911.04 7087.04
6911.04 7087.04
6911.04 7087.04
6911.04 7087.04
6911.04 7087.04
6911.04 7087.04
6911.04 7087.04
6911.04 7087.04
6911.04 7087.04
6911.04 7087.04
6911.04 7087.04
6911.04 7087.04
6911.04 7087.04
6911.04 7087.04
6911.04 7087.04
6911.04 7087.04
6911.04 7087.04
6911.04 7087.04
6911.04 7087.04
6911.04 7087.04
6911.04 7087.04
6911.04 7087.04
6911.04 7087.04
6911.04 7087.04
6911.04 7087.04
6911.04 7087.04
6911.04 7087.04
6911.04 7087.04
6911.04 7087.04
6911.04 7087.04
6911.04 7087.04
6911.04 7087.04
6911.04 7087.04
6911.04 7087.04
6911.04 7087.04
6912.14 7086.89
6916.19 7086.31
6921.68 7085.17
6924.52 7079.10
6925.04 7069.51
6925.72 7057.18
6926.48 7043.13
6927.24 7029.37
6928.02 7014.98
6928.78 7001.10
6929.54 6987.26
6930.30 6973.39
6931.06 6959.38
6931.76 6946.62
6932.23 6938.05
6932.45 6933.97
6932.53 6932.54
6932.54 6932.28
6932.55 6932.14
6932.55 6932.10
6932.56 6932.07
6932.56 6932.07
6932.56 6932.07
6932.56 6932.07
6932.56 6932.07
6932.56 6932.07
6932.56 6932.07
6932.56 6932.07
6932.56 6932.07
6932.56 6932.07
6932.56 6932.07
6932.56 6932.07
6932.56 6932.07
6932.56 6932.07
6932.56 6932.07
6932.56 6932.07
6932.56 6932.07
6932.56 6932.07
6932.56 6932.07
6932.56 6932.07
6932.56 6932.07
6932.56 6932.07
6932.56 6932.07
6932.56 6932.07
6932.56 6932.07
6932.56 6932.07
6932.56 6932.07
6932.59 6931.42
6932.74 6928.60
6932.92 6925.46
6933.24 6919.53
6933.62 6912.61
6934.05 6904.09
6934.58 6893.69
6935.20 6880.91
6935.82 6867.86
6936.51 6853.37
6937.08 6841.35
6937.96 6828.57
6939.81 6815.14
6941.85 6802.88
6944.33 6788.50
6948.42 6774.52
6953.92 6761.12
6959.12 6748.34
6964.16 6735.93
6969.62 6722.49
6974.78 6709.78
6980.15 6696.56
6985.48 6683.45
6990.80 6670.35
6996.19 6657.09
7001.45 6644.14
7006.71 6631.19
7011.85 6618.55
7017.18 6605.43
7022.21 6593.06
7026.55 6582.36
7029.39 6575.39
7031.52 6570.13
7033.52 6565.22
7036.48 6557.92
7038.16 6553.79
7039.91 6549.49
7042.49 6543.83
7046.01 6536.82
7050.37 6528.14
7056.31 6517.50
7062.52 6505.80
7069.21 6493.20
7075.94 6480.52
7082.59 6467.99
7089.21 6455.52
7095.61 6443.36
7101.93 6430.99
7107.90 6419.22
7114.28 6406.62
7120.34 6394.66
7126.62 6382.27
7132.78 6370.12
7138.75 6358.36
7144.95 6346.13
7151.39 6333.42
7157.64 6321.10
7163.96 6308.62
7170.20 6296.31
7176.49 6283.90
7182.56 6271.91
7188.63 6259.86
7195.12 6246.97
7201.02 6235.26
7205.93 6225.52
7208.82 6219.79
7209.71 6218.03
7209.84 6217.77
7209.84 6217.77
7209.84 6217.77
7209.84 6217.77
7209.84 6217.77
7209.84 6217.77
7209.84 6217.77
7209.84 6217.77
7209.84 6217.77
7209.84 6217.77
7209.84 6217.77
7209.84 6217.77
7209.84 6217.77
7209.84 6217.77
7209.84 6217.77
7209.84 6217.77
7209.84 6217.77
7209.84 6217.77
7209.84 6217.77
7209.84 6217.77
7209.84 6217.77
7209.84 6217.77
7209.84 6217.77
7209.84 6217.77
7209.84 6217.77
7209.84 6217.77
7209.84 6217.77
7209.84 6217.77
7209.84 6217.77
7209.84 6217.77
7209.84 6217.77
7209.84 6217.77
7209.84 6217.77
7209.84 6217.77
7209.84 6217.77
7209.84 6217.77
7209.84 6217.77
7209.84 6217.77
7209.84 6217.77
7209.84 6217.77
7209.84 6217.77
7209.84 6217.77
7210.37 6216.71
7210.95 6215.56
7212.52 6212.44
7215.36 6206.82
7218.61 6200.28
7222.75 6191.82
7228.00 6181.08
7233.58 6169.66
7239.35 6157.87
7245.16 6145.98
7250.98 6134.07
7257.02 6121.53
7261.76 6111.64
7265.46 6103.94
7269.28 6095.99
7273.20 6087.82
7277.93 6078.02
7283.46 6066.68
7288.41 6056.57
7293.37 6046.56
7298.65 6035.90
7302.76 6027.62
7306.05 6020.97
7307.34 6018.36
7307.93 6017.19
7308.04 6016.95
7308.08 6016.87
7308.09 6016.85
7308.09 6016.84
7308.10 6016.84
7308.10 6016.84
7308.10 6016.84
7308.25 6016.53
7308.76 6015.50
7310.59 6011.81
7312.92 6007.10
7315.64 6001.61
7319.11 5994.61
7323.86 5984.97
7329.10 5974.24
7334.25 5963.71
7339.17 5953.64
7342.91 5945.99
7345.17 5941.36
7346.66 5938.32
7347.35 5936.92
7347.58 5936.44
7347.76 5936.07
7347.93 5935.73
7348.00 5935.58
7348.02 5935.53
7348.04 5935.50
7348.04 5935.50
7348.04 5935.50
7348.04 5935.50
7348.04 5935.50
7348.04 5935.50
7348.04 5935.50
7348.04 5935.50
7348.04 5935.50
7348.04 5935.50
7348.04 5935.50
7348.04 5935.50
7348.04 5935.50
7348.04 5935.50
7348.04 5935.50
7348.04 5935.50
7348.04 5935.50
7348.04 5935.50
7348.04 5935.50
7348.04 5935.50
7348.04 5935.50
7348.04 5935.50
7348.37 5934.83
7349.23 5933.06
7349.97 5931.56
7350.58 5930.31
7351.13 5929.18
7351.79 5927.84
7352.01 5927.39
7352.84 5925.69
7354.61 5922.06
7357.16 5916.85
7360.07 5910.88
7364.12 5902.94
7369.47 5893.84
7376.01 5884.11
7381.53 5874.76
