11279.50 9816.64
11278.44 9815.54
11275.91 9812.91
11272.38 9809.24
11267.81 9804.48
11262.12 9798.57
11254.98 9791.15
11244.60 9785.20
11235.37 9774.51
11225.25 9762.41
11214.33 9749.35
11202.59 9734.34
11189.64 9717.47
11176.40 9700.23
11164.22 9688.66
11151.05 9679.04
11136.13 9670.72
11119.87 9665.76
11103.31 9661.29
11086.40 9657.40
11070.02 9653.79
11053.67 9652.43
11037.42 9651.46
11020.48 9650.96
11003.47 9651.35
10986.46 9654.56
10970.24 9657.38
10953.72 9659.81
10937.03 9661.88
10920.44 9663.17
10904.03 9661.65
10887.26 9659.28
10871.13 9655.99
10855.30 9651.50
10839.12 9645.41
10824.52 9638.14
10809.94 9629.17
10795.50 9620.23
10780.96 9611.59
10766.50 9603.01
10751.85 9594.30
10738.19 9584.52
10727.33 9576.12
10714.19 9577.32
10701.34 9577.32
10689.61 9572.05
10680.52 9564.07
10671.39 9555.44
10665.81 9543.93
10666.39 9532.45
10669.61 9521.32
10665.26 9515.53
10655.56 9508.04
10646.08 9500.73
10636.73 9493.52
10627.53 9486.42
10618.29 9479.29
10609.34 9472.38
10599.74 9464.97
10590.12 9457.55
10580.76 9450.33
10571.27 9442.50
10561.98 9434.63
10552.85 9426.89
10544.18 9419.55
10534.91 9411.70
10525.90 9404.07
10517.09 9396.60
10507.74 9388.68
10498.31 9380.69
10488.98 9372.78
10479.93 9364.87
10471.02 9357.07
10462.18 9349.34
10452.94 9341.26
10444.10 9333.52
10435.20 9325.74
10426.66 9318.27
10417.76 9310.48
10409.16 9302.96
10400.37 9295.27
10391.27 9287.31
10382.28 9279.44
10373.75 9271.98
10365.08 9264.40
10356.26 9256.68
10347.62 9248.70
10338.92 9240.51
10329.61 9232.36
10320.79 9224.85
10311.88 9217.13
10302.96 9209.37
10293.80 9201.41
10285.25 9193.95
10276.04 9185.70
10267.56 9177.76
10259.45 9169.98
10250.82 9162.18
10245.07 9157.28
10242.45 9155.05
10242.35 9154.96
10242.30 9154.92
10242.30 9154.92
10242.30 9154.92
10242.30 9154.92
10242.30 9154.92
10242.30 9154.92
10242.30 9154.92
10242.30 9154.92
10242.30 9154.92
10242.30 9154.92
10242.30 9154.92
10242.30 9154.92
10242.30 9154.92
10242.30 9154.92
10242.30 9154.92
10242.30 9154.92
10242.30 9154.92
10242.30 9154.92
10242.30 9154.92
10242.30 9154.92
10242.30 9154.92
10242.30 9154.92
10242.30 9154.92
10242.30 9154.92
10242.30 9154.92
10242.30 9154.92
10242.30 9154.92
10242.30 9154.92
10242.30 9154.92
10242.30 9154.92
10242.30 9154.92
10242.30 9154.92
10242.30 9154.92
10242.30 9154.92
10242.30 9154.92
10242.30 9154.92
10242.30 9154.92
10242.30 9154.92
10242.30 9154.92
10242.30 9154.92
10242.30 9154.92
10242.30 9154.92
10242.30 9154.92
10242.30 9154.92
10242.30 9154.92
10242.30 9154.92
10242.30 9154.92
10242.30 9154.92
10242.30 9154.92
10242.30 9154.92
10242.30 9154.92
10242.30 9154.92
10242.30 9154.92
10242.30 9154.92
10242.30 9154.92
10242.30 9154.92
10240.68 9153.53
10238.11 9151.33
10234.44 9148.18
10229.35 9143.78
10223.05 9138.33
10215.04 9131.41
10206.34 9123.89
10197.42 9116.18
10188.22 9108.23
10179.50 9100.69
10170.81 9093.18
10161.81 9085.40
10152.61 9077.45
10143.79 9069.82
10134.95 9062.19
10125.97 9054.42
10117.62 9047.20
10108.74 9039.53
10099.38 9031.44
10090.18 9023.48
10081.19 9015.71
10071.79 9007.59
10063.00 8999.96
10054.39 8992.47
10045.12 8984.38
10036.20 8976.59
10027.28 8968.80
10018.21 8960.88
10008.95 8952.91
9999.75 8945.03
9990.75 8937.32
9981.83 8929.68
9975.80 8924.51
9973.18 8922.27
9972.69 8921.85
9972.65 8921.81
9972.63 8921.80
9972.62 8921.79
9972.62 8921.79
9972.62 8921.79
9972.62 8921.79
9972.62 8921.79
9972.62 8921.79
9972.62 8921.79
9972.62 8921.79
9972.62 8921.79
9972.62 8921.79
9972.62 8921.79
9972.62 8921.79
9972.62 8921.79
9972.62 8921.79
9972.62 8921.79
9972.62 8921.79
9972.62 8921.79
9972.62 8921.79
9972.62 8921.79
9972.62 8921.79
9972.62 8921.79
9972.62 8921.79
9972.62 8921.79
9972.62 8921.79
9972.62 8921.79
9972.62 8921.79
9972.62 8921.79
9972.62 8921.79
9972.62 8921.79
9972.62 8921.79
9972.62 8921.79
9972.62 8921.79
9972.62 8921.79
9972.62 8921.79
9972.62 8921.79
9972.62 8921.79
9972.62 8921.79
9972.62 8921.79
9972.62 8921.79
9972.62 8921.79
9972.62 8921.79
9972.62 8921.79
9972.62 8921.79
9972.62 8921.79
9972.62 8921.79
9972.62 8921.79
9972.62 8921.79
9972.62 8921.79
9972.62 8921.79
9972.62 8921.79
9972.62 8921.79
9972.62 8921.79
9972.62 8921.79
9971.24 8920.55
9968.49 8917.95
9964.25 8913.93
9958.34 8908.33
9950.76 8901.63
9942.20 8893.99
9933.58 8886.29
9924.99 8878.85
9916.19 8870.66
9907.32 8862.39
9898.76 8854.76
9890.15 8847.18
9881.08 8839.20
9872.04 8831.29
9863.50 8823.81
9854.89 8816.28
9845.96 8808.47
9837.43 8801.07
9828.59 8793.50
9819.23 8785.49
9809.92 8777.51
9800.70 8769.61
9791.45 8761.69
9782.30 8753.83
9773.20 8746.01
9764.05 8738.15
9754.92 8730.31
9746.33 8722.92
9737.09 8714.90
9727.83 8706.80
9718.56 8698.69
9709.93 8691.14
9700.97 8683.31
9692.31 8675.74
9683.30 8668.43
9673.98 8660.87
9664.42 8653.11
9655.24 8645.53
9646.64 8637.83
9638.23 8630.30
9629.82 8622.76
9620.62 8614.53
9611.93 8606.81
9602.62 8598.67
9593.44 8590.66
9584.28 8582.67
9575.60 8575.09
9570.30 8570.47
9567.50 8568.02
9566.90 8567.50
9566.82 8567.43
9568.98 8564.94
9569.68 8561.17
9566.69 8558.56
9562.47 8554.88
9557.06 8550.07
9550.62 8544.31
9543.20 8537.59
9534.50 8529.87
9525.80 8522.28
9516.88 8514.50
9507.58 8506.60
9498.28 8498.78
9489.06 8491.02
9479.87 8483.24
9470.46 8475.35
9461.34 8467.73
9452.46 8460.31
9443.48 8452.93
9434.10 8445.37
9424.86 8437.92
9415.30 8430.22
9405.88 8422.63
9396.85 8415.35
9385.65 8410.56
9376.10 8403.17
9366.44 8395.79
9356.99 8388.57
9347.16 8381.07
9337.37 8373.84
9327.84 8366.84
9317.90 8359.55
9308.11 8352.36
9298.81 8345.70
9289.33 8338.93
9279.51 8331.91
9269.49 8324.75
9259.85 8317.86
9250.33 8311.06
9240.25 8303.85
9230.91 8297.17
9221.27 8290.29
9211.77 8283.50
9202.31 8276.74
9192.49 8269.72
9183.01 8263.52
9172.85 8257.38
9163.14 8251.52
9153.34 8245.60
9142.83 8239.25
9132.95 8233.28
9122.36 8226.89
9112.24 8220.78
9102.42 8214.84
9092.72 8208.98
9082.62 8202.88
9072.13 8196.55
9061.85 8190.34
9051.55 8184.53
9041.60 8179.09
9031.56 8173.60
9021.62 8168.17
9011.14 8162.44
9000.84 8156.81
8990.69 8151.10
8980.60 8145.15
8969.99 8139.41
8959.48 8133.83
8949.03 8128.32
8938.22 8122.62
8927.68 8117.06
8917.11 8111.53
8906.79 8106.64
8896.15 8101.59
8885.63 8096.60
8874.92 8091.52
8865.02 8086.82
8859.07 8084.09
8856.76 8083.08
8856.04 8082.77
8855.86 8082.69
8855.77 8082.65
8855.72 8082.63
8855.71 8082.62
8855.70 8082.62
8855.70 8082.62
8855.70 8082.62
8855.70 8082.62
8855.70 8082.62
8855.70 8082.62
8855.70 8082.62
8855.70 8082.62
8855.70 8082.62
8855.70 8082.62
8855.70 8082.62
8855.70 8082.62
8855.70 8082.62
8855.70 8082.62
8855.70 8082.62
8855.70 8082.62
8855.70 8082.62
8855.70 8082.62
8855.70 8082.62
8855.70 8082.62
8855.70 8082.62
8855.70 8082.62
8855.70 8082.62
8855.70 8082.62
8855.70 8082.62
8855.70 8082.62
8855.70 8082.62
8855.70 8082.62
8855.70 8082.62
8855.70 8082.62
8855.70 8082.62
8855.70 8082.62
8855.70 8082.62
8855.70 8082.62
8855.70 8082.62
8855.70 8082.62
8855.70 8082.62
8855.70 8082.62
8855.70 8082.62
8855.70 8082.62
8855.70 8082.62
8855.70 8082.62
8855.70 8082.62
8855.70 8082.62
8855.70 8082.62
8855.70 8082.62
8855.70 8082.62
8853.86 8081.81
8850.04 8080.14
8844.21 8077.33
8836.69 8073.56
8827.31 8068.59
8816.37 8063.31
8805.48 8058.41
8794.36 8053.40
8783.82 8048.66
8772.72 8043.66
8762.21 8038.93
8751.67 8034.18
8740.46 8029.13
8729.96 8024.41
8718.78 8019.38
8707.89 8014.89
8696.86 8010.54
8685.85 8006.21
8674.97 8001.92
8664.33 7997.73
8652.84 7993.20
8641.66 7988.80
8630.50 7984.40
8619.10 7979.91
8607.93 7975.58
8596.55 7971.57
8584.88 7967.46
8573.19 7963.34
8561.53 7959.23
8549.83 7955.11
8538.18 7950.99
8526.82 7946.86
8515.08 7942.88
8503.55 7939.17
8491.89 7935.55
8480.07 7931.87
8468.45 7928.26
8456.74 7924.61
8445.39 7921.08
8433.89 7917.51
8422.44 7913.94
8411.03 7910.39
8399.23 7906.72
8387.85 7903.29
8376.22 7899.89
8364.36 7896.54
8352.84 7893.38
8341.33 7890.21
8329.74 7887.03
8317.93 7883.78
8307.12 7880.81
8295.49 7877.79
8283.61 7874.71
8271.95 7871.69
8259.03 7871.75
8247.98 7868.89
8236.17 7865.82
8225.16 7862.97
8213.79 7860.02
8202.39 7857.07
8190.74 7854.61
8178.94 7852.40
8167.60 7850.33
8156.44 7848.24
8145.25 7846.14
8133.22 7843.88
8121.83 7841.75
8109.77 7839.49
8098.16 7837.31
8086.26 7835.08
8074.46 7832.77
8063.30 7829.72
8051.82 7826.58
8040.25 7823.41
8029.08 7820.36
8017.88 7817.74
8005.98 7815.88
7994.46 7814.08
7983.12 7812.31
7971.79 7810.55
7959.94 7808.66
7948.56 7806.45
7937.51 7804.30
7925.88 7802.04
7914.00 7799.73
7902.81 7797.56
7891.33 7795.32
7884.05 7800.71
7882.99 7812.36
7883.61 7824.12
7884.51 7835.82
7886.98 7847.67
7890.54 7859.22
7894.08 7870.45
7897.74 7881.17
7901.71 7892.81
7905.57 7903.59
7909.68 7914.99
7913.88 7926.63
7917.88 7937.72
7922.05 7949.27
7926.06 7960.39
7930.23 7971.88
7934.37 7983.19
7938.60 7994.78
7942.61 8005.83
7943.65 8018.41
7947.86 8029.99
7951.78 8040.99
7956.00 8052.14
7960.80 8063.52
7966.43 8074.09
7972.23 8084.16
7978.35 8094.22
7985.04 8104.65
7992.36 8114.13
7999.57 8123.13
8007.59 8132.41
8015.94 8140.87
8024.84 8149.07
8033.34 8156.55
8042.15 8164.21
8051.02 8171.92
8059.65 8179.42
8068.33 8186.97
8077.05 8194.55
8086.06 8201.81
8096.00 8208.67
8105.89 8216.16
8115.58 8223.69
8122.55 8229.11
8125.41 8232.28
8124.39 8238.49
8119.26 8244.56
8112.44 8251.89
8104.20 8260.73
8096.51 8268.99
8088.60 8277.38
8079.68 8285.90
8070.90 8294.28
8062.66 8302.16
8053.74 8310.68
8044.90 8319.33
8038.36 8325.79
8034.70 8329.40
8028.52 8332.53
8021.09 8327.09
8013.13 8319.13
8004.43 8310.44
7995.77 8301.78
7987.65 8293.67
7979.23 8285.26
7970.98 8277.01
7962.95 8268.98
7954.83 8260.87
7946.28 8252.40
7937.41 8244.68
7928.17 8236.63
7919.32 8228.93
7910.48 8221.23
7901.79 8213.37
7893.42 8205.36
7884.87 8197.18
7876.44 8189.11
7867.89 8180.93
7859.07 8172.49
7850.86 8163.24
7843.11 8154.34
7835.17 8145.21
7827.70 8136.63
7820.10 8127.90
7811.99 8118.57
7804.34 8109.78
7795.14 8101.58
7785.75 8093.58
7776.87 8086.47
7766.76 8080.17
7756.73 8073.91
7746.46 8067.96
7735.70 8063.83
7724.53 8059.54
7713.88 8055.49
7702.98 8051.53
7691.80 8047.47
7680.61 8043.39
7669.76 8039.45
7659.00 8035.54
7647.98 8031.68
7636.60 8027.74
7625.12 8023.77
7614.34 8020.04
7603.28 8016.29
7591.32 8013.77
7579.63 8012.80
7567.91 8011.82
7556.06 8010.54
7544.40 8009.28
7532.26 8007.97
7520.94 8007.26
