4106.23 11149.48
4109.05 11147.17
4108.27 11144.04
4107.11 11139.43
4105.47 11132.89
4101.90 11125.04
4091.66 11123.88
4080.29 11120.56
4070.51 11110.45
4066.83 11096.87
4071.07 11083.79
4080.11 11072.84
4081.93 11058.68
4082.37 11044.25
4082.77 11030.86
4085.12 11017.43
4091.01 11005.36
4097.31 10992.49
4103.33 10980.16
4109.33 10967.89
4115.59 10955.08
4124.12 10943.31
4132.37 10932.74
4140.80 10921.94
4149.21 10911.16
4157.08 10899.16
4162.96 10886.30
4167.79 10873.31
4170.49 10859.35
4173.16 10845.56
4175.76 10832.18
4178.33 10818.88
4180.90 10805.65
4183.64 10791.47
4186.23 10778.12
4188.87 10764.48
4191.46 10751.12
4194.15 10737.21
4196.76 10723.76
4199.52 10709.51
4202.10 10696.21
4204.77 10682.43
4207.32 10669.23
4209.89 10655.98
4212.54 10642.31
4215.30 10628.07
4217.91 10614.59
4220.57 10600.87
4223.13 10587.64
4225.75 10574.13
4228.23 10560.57
4230.34 10547.29
4232.63 10532.92
4234.91 10518.56
4237.15 10504.53
4239.25 10491.27
4241.39 10477.52
4243.41 10463.21
4245.28 10449.95
4247.15 10436.67
4249.09 10422.94
4251.11 10408.58
4253.10 10394.48
4255.01 10380.98
4257.02 10366.66
4259.05 10352.28
4261.04 10338.15
4262.98 10324.45
4264.93 10310.58
4263.82 10294.86
4265.74 10281.23
4267.73 10267.09
4267.60 10252.86
4264.72 10239.81
4255.36 10230.05
4245.39 10220.50
4235.06 10210.60
4225.24 10201.19
4215.55 10191.90
4205.83 10182.58
4195.80 10172.97
4185.69 10163.26
4176.99 10152.77
4168.09 10142.03
4159.96 10131.41
4153.34 10119.27
4146.92 10107.50
4140.53 10094.99
4136.61 10080.98
4132.86 10067.60
4128.31 10054.24
4123.54 10040.89
4118.84 10027.73
4113.92 10013.97
4109.03 10000.27
4104.36 9987.22
4099.32 9973.53
4094.30 9961.00
4089.20 9948.26
4084.05 9935.39
4078.24 9922.11
4072.15 9909.33
4065.15 9896.83
4058.05 9884.98
4050.83 9872.48
4043.71 9860.02
4036.67 9847.73
4029.46 9835.13
4022.30 9822.61
4015.37 9810.49
4008.43 9798.37
4001.48 9786.22
3994.71 9774.38
3987.72 9762.16
3980.92 9750.27
3974.58 9738.53
3968.47 9725.48
3964.04 9712.45
3959.68 9699.21
3960.64 9686.12
3963.25 9671.82
3967.18 9658.43
3974.17 9646.88
3982.24 9635.37
3991.92 9624.98
4003.15 9616.05
4014.72 9607.45
4025.99 9599.28
4037.12 9591.32
4048.78 9583.26
4060.74 9575.01
4072.65 9566.79
4083.70 9559.16
4095.02 9551.35
4106.57 9543.37
4118.11 9535.41
4129.72 9527.40
4140.83 9519.72
4152.29 9511.82
4164.20 9503.60
4175.56 9495.75
4186.71 9488.06
4198.37 9480.01
4209.88 9472.07
4221.74 9463.89
4233.17 9456.00
4244.29 9448.32
4255.41 9440.65
4266.69 9432.87
4278.27 9424.87
4289.94 9417.79
4301.99 9410.60
4314.23 9404.29
4326.21 9398.19
4338.93 9392.09
4352.06 9385.88
4364.69 9379.91
4376.05 9372.80
4386.78 9364.86
4396.62 9355.75
4404.73 9344.80
4411.32 9332.71
4418.32 9319.89
4424.99 9307.66
4431.66 9295.43
4438.29 9283.30
4444.75 9271.45
4453.19 9260.39
4462.43 9250.48
4472.59 9241.55
4484.55 9233.25
4496.07 9225.84
4507.69 9218.35
4519.54 9210.73
4531.59 9202.97
4543.62 9195.23
4555.51 9187.58
4567.40 9179.92
4578.75 9172.62
4589.95 9165.41
4601.22 9158.16
4612.90 9150.63
4625.19 9142.73
4636.51 9135.15
4647.93 9127.80
4659.94 9120.07
4671.70 9112.50
4683.77 9104.73
4695.75 9097.01
4707.83 9089.24
4719.27 9081.88
4730.91 9074.38
4743.12 9066.52
4754.47 9059.21
4766.67 9051.36
4778.54 9043.71
4790.26 9035.79
4800.19 9026.39
4810.11 9015.87
4817.84 9004.19
4824.93 8992.82
4832.28 8981.15
4839.96 8968.73
4847.57 8956.33
4855.11 8944.04
4862.41 8932.15
4869.63 8920.37
4876.63 8908.97
4884.28 8897.65
4893.80 8887.14
4902.79 8877.22
4912.57 8866.43
4923.50 8856.87
4933.98 8848.07
4945.62 8839.43
4957.55 8832.46
4970.28 8825.94
4983.08 8820.06
4995.57 8815.00
5008.59 8810.48
5021.20 8806.11
5034.42 8802.56
5048.18 8799.84
5061.78 8797.56
5075.68 8795.51
5089.72 8793.45
5103.94 8791.36
5117.31 8789.40
5130.84 8787.93
5144.33 8786.40
5157.82 8784.80
5171.49 8783.17
5185.48 8781.50
5199.43 8779.83
5213.30 8778.18
5227.30 8776.51
5240.68 8774.92
5254.74 8773.24
5268.89 8771.55
5282.59 8769.92
5297.00 8768.20
5310.95 8766.54
5324.37 8764.94
5337.51 8761.41
5350.82 8757.78
5363.80 8754.23
5377.14 8750.58
5389.33 8747.29
5397.18 8745.18
5401.81 8743.94
5402.53 8743.74
5402.53 8743.74
5402.53 8743.74
5402.53 8743.74
5402.53 8743.74
5402.53 8743.74
5402.53 8743.74
5402.53 8743.74
5402.53 8743.74
5402.53 8743.74
5402.53 8743.74
5402.53 8743.74
5402.53 8743.74
5402.53 8743.74
5402.53 8743.74
5402.53 8743.74
5402.53 8743.74
5402.53 8743.74
5402.53 8743.74
5402.53 8743.74
5402.53 8743.74
5402.53 8743.74
5402.53 8743.74
5402.53 8743.74
5402.53 8743.74
5402.53 8743.74
5402.53 8743.74
5402.53 8743.74
5402.53 8743.74
5402.53 8743.74
5402.53 8743.74
5402.53 8743.74
5403.88 8743.34
5406.78 8741.87
5407.33 8737.21
5406.19 8730.25
5404.77 8721.63
5402.93 8710.43
5400.68 8697.34
5398.20 8683.19
5396.79 8669.26
5396.02 8654.82
5395.70 8641.28
5396.53 8626.63
5397.34 8612.42
5399.18 8601.02
5401.00 8594.19
5401.81 8591.12
5401.86 8590.93
5401.88 8590.86
5401.88 8590.84
5401.89 8590.83
5401.89 8590.83
5401.89 8590.83
5401.89 8590.83
5401.89 8590.83
5401.89 8590.83
5401.89 8590.83
5401.89 8590.83
5401.89 8590.83
5401.89 8590.83
5401.89 8590.83
5401.89 8590.83
5401.89 8590.83
5401.89 8590.83
5401.89 8590.83
5401.89 8590.83
5402.58 8588.89
5403.90 8585.67
5405.78 8581.09
5408.52 8574.51
5412.35 8566.59
5417.22 8556.53
5425.16 8546.06
5434.20 8535.78
5444.20 8526.73
5455.13 8517.06
5465.81 8507.61
5475.45 8497.68
5484.64 8487.23
5491.32 8476.24
5497.93 8463.57
5503.36 8450.98
5508.27 8437.35
5512.10 8424.20
5515.92 8410.20
5518.17 8396.01
5519.59 8382.43
5519.11 8368.26
5518.62 8354.20
5518.15 8340.45
5517.67 8326.64
5517.17 8312.12
5516.70 8298.56
5516.24 8285.10
5515.75 8270.84
5515.29 8257.47
5514.82 8243.90
5514.23 8229.39
5513.65 8216.06
5513.18 8202.65
5512.79 8188.65
5512.43 8174.16
5512.08 8160.23
5511.74 8146.51
5511.40 8133.26
5511.07 8120.03
5510.80 8109.15
5510.67 8102.07
5510.61 8098.83
5510.59 8097.63
5510.59 8097.61
5510.59 8097.61
5510.59 8097.61
5510.59 8097.61
5510.59 8097.61
5510.59 8097.61
5510.59 8097.61
5510.59 8097.61
5510.59 8097.61
5510.59 8097.61
5510.59 8097.61
5510.59 8097.61
5510.59 8097.61
5510.59 8097.61
5510.59 8097.61
5510.59 8097.61
5510.59 8097.61
5510.59 8097.61
5510.59 8097.61
5510.59 8097.61
5510.59 8097.61
5510.59 8097.61
5510.59 8097.61
5510.59 8097.61
5510.59 8097.61
5510.59 8097.61
5510.59 8097.61
5510.59 8097.61
5510.59 8097.61
5510.59 8097.61
5510.59 8097.61
5510.59 8097.61
5510.59 8097.61
5510.59 8097.61
5510.59 8097.61
5510.59 8097.61
5510.58 8095.64
5510.64 8091.46
5510.73 8085.57
5510.91 8077.20
5511.30 8066.35
5512.39 8053.08
5514.73 8039.79
5518.21 8025.65
5523.09 8012.02
5529.65 7999.46
5538.06 7987.72
5546.08 7976.52
5554.24 7965.14
5563.14 7954.14
5572.53 7943.23
5582.55 7932.88
5592.72 7924.00
5604.20 7915.42
5616.00 7907.98
5629.19 7901.76
5642.26 7896.27
5655.88 7892.87
5669.26 7890.21
5683.08 7888.22
5697.39 7886.33
5710.74 7884.61
5724.04 7882.89
5738.45 7881.02
5752.59 7879.20
5766.19 7877.44
5779.37 7874.60
5791.86 7869.08
5802.13 7859.79
5811.18 7849.23
5820.61 7838.22
5829.75 7827.55
5839.08 7816.66
5848.29 7805.90
5857.74 7794.88
5866.78 7784.32
5875.76 7773.74
5884.97 7762.79
5894.16 7751.86
5903.19 7741.12
5911.88 7730.77
5922.36 7721.15
5932.56 7712.45
5945.05 7704.95
5958.06 7699.31
5971.29 7694.63
5984.58 7692.00
5998.40 7689.27
6011.69 7686.64
6024.99 7684.10
6038.59 7681.65
6052.06 7679.22
6065.21 7676.78
6078.92 7674.12
6092.25 7671.52
6106.52 7668.71
6119.65 7666.06
6133.63 7663.23
6146.38 7659.33
6159.14 7652.68
6167.00 7642.11
6173.60 7629.88
6175.35 7616.46
6175.98 7602.97
6174.10 7589.10
6172.54 7575.80
6171.07 7562.12
6171.94 7548.71
6176.16 7537.15
6179.60 7523.70
6183.74 7509.88
6189.14 7497.14
6195.36 7484.05
6202.42 7472.12
6210.35 7461.39
6220.14 7451.60
6231.88 7443.45
6244.68 7437.30
6258.32 7433.47
6272.20 7430.79
6285.78 7426.80
6297.79 7420.83
6309.44 7413.09
6320.12 7404.07
6328.25 7393.04
6334.46 7381.57
6337.10 7368.10
6340.22 7354.20
6340.80 7340.83
6339.74 7326.20
6337.21 7311.95
6333.57 7298.52
6331.11 7289.41
6329.83 7284.69
6329.41 7283.14
6329.36 7282.94
6329.36 7282.93
6329.35 7282.93
6329.35 7282.93
6329.35 7282.93
6329.35 7282.93
6329.35 7282.93
6329.35 7282.93
6329.35 7282.93
6329.35 7282.93
6329.35 7282.93
6329.35 7282.93
6329.35 7282.93
6329.35 7282.93
6329.35 7282.93
6329.35 7282.93
6329.35 7282.93
6329.35 7282.93
6329.35 7282.93
6329.35 7282.93
6329.35 7282.93
6329.35 7282.93
6329.35 7282.93
6329.35 7282.93
6329.35 7282.93
6329.35 7282.93
6328.98 7281.08
6328.50 7277.21
6329.59 7271.98
6330.15 7271.17
6330.19 7271.13
6330.20 7271.11
6330.21 7271.10
6330.21 7271.10
6330.21 7271.10
6330.21 7271.10
6330.21 7271.10
6330.21 7271.10
6330.21 7271.10
6330.21 7271.10
6331.23 7270.05
6333.88 7267.87
6338.71 7265.90
6345.54 7264.12
6354.01 7261.92
6363.92 7259.34
6375.46 7256.34
6389.51 7252.68
6403.27 7249.11
6417.34 7245.45
6431.01 7241.89
6440.51 7239.42
6445.93 7238.01
6447.26 7237.66
6448.13 7237.44
6448.30 7237.39
6448.33 7237.39
6448.33 7237.39
6448.33 7237.38
6448.34 7237.38
6448.34 7237.38
6448.34 7237.38
6448.34 7237.38
6448.34 7237.38
6448.34 7237.38
6448.34 7237.38
6448.34 7237.38
6448.34 7237.38
6448.34 7237.38
6448.34 7237.38
6448.34 7237.38
6448.34 7237.38
6448.34 7237.38
6448.34 7237.38
6448.34 7237.38
6448.34 7237.38
6448.34 7237.38
6448.34 7237.38
6448.34 7237.38
6448.34 7237.38
6448.34 7237.38
6448.34 7237.38
6448.34 7237.38
6448.34 7237.38
6448.34 7237.38
6448.34 7237.38
6448.34 7237.38
6448.34 7237.38
6448.34 7237.38
6448.34 7237.38
6448.34 7237.38
6448.34 7237.38
6448.34 7237.38
6448.34 7237.38
6448.34 7237.38
6448.34 7237.38
6448.34 7237.38
6448.56 7237.33
6450.94 7236.71
6454.97 7235.66
6459.93 7234.37
6467.01 7232.53
6474.09 7230.69
6480.02 7229.14
6484.14 7228.07
6484.98 7227.85
6485.43 7227.73
6485.71 7227.65
6485.87 7227.60
6485.94 7227.58
6487.13 7227.22
6490.06 7226.29
6494.63 7224.54
6500.46 7222.31
6507.79 7219.50
6516.58 7215.83
6524.33 7211.27
6529.22 7208.29
6531.16 7207.11
6531.81 7206.71
6532.12 7206.53
6532.18 7206.49
6532.21 7206.47
6532.21 7206.47
6532.22 7206.47
6532.22 7206.47
6532.22 7206.47
6532.22 7206.47
6532.22 7206.47
6532.22 7206.47
6532.22 7206.47
6532.22 7206.47
6532.22 7206.47
6532.22 7206.47
6532.22 7206.47
6532.22 7206.47
6532.22 7206.47
6532.22 7206.47
6532.22 7206.47
6532.22 7206.47
6532.22 7206.47
6532.22 7206.47
6532.22 7206.47
6532.22 7206.47
6532.22 7206.47
6532.22 7206.47
6532.22 7206.47
6532.36 7206.38
6533.62 7205.61
6536.96 7203.58
6538.82 7202.45
6540.30 7201.54
6542.92 7199.95
6547.61 7197.09
6553.64 7193.42
6561.46 7188.66
6566.79 7185.84
6570.25 7185.48
6570.43 7185.63
6570.46 7185.66
6570.47 7185.66
6570.47 7185.67
6570.47 7185.67
6570.47 7185.67
6570.47 7185.67
6570.47 7185.67
6570.47 7185.67
6570.47 7185.67
6570.47 7185.67
6570.47 7185.67
6570.47 7185.67
6570.54 7185.72
6572.30 7187.41
6574.52 7191.22
6576.89 7196.88
6580.11 7204.13
6584.43 7213.49
6589.71 7224.91
6595.88 7238.27
6602.60 7252.83
6609.78 7268.36
6616.88 7283.75
6623.96 7299.07
6621.73 7311.25
6610.06 7318.65
6599.93 7325.09
6593.60 7329.11
6585.25 7328.32
6578.28 7318.75
6570.12 7307.36
6561.70 7295.61
6553.24 7283.80
6545.48 7272.97
6537.02 7261.17
6529.17 7250.21
6523.03 7241.63
6519.23 7236.34
6517.26 7233.59
6517.19 7233.48
6517.16 7233.44
6517.15 7233.43
6517.15 7233.43
6517.15 7233.43
6517.15 7233.43
6517.15 7233.43
6517.15 7233.43
6517.15 7233.43
6517.15 7233.43
6517.15 7233.43
6517.15 7233.43
6517.15 7233.43
6517.15 7233.43
6517.15 7233.43
6517.15 7233.43
6517.15 7233.43
6517.15 7233.43
6517.15 7233.43
6517.15 7233.43
6517.15 7233.43
6517.15 7233.43
6517.15 7233.43
6517.15 7233.43
6517.15 7233.43
6517.15 7233.43
6517.15 7233.43
6517.15 7233.43
6517.15 7233.43
6517.15 7233.43
6517.15 7233.43
6517.15 7233.43
6517.15 7233.43
6517.15 7233.43
6517.15 7233.43
6517.15 7233.43
6517.15 7233.43
6517.15 7233.43
6517.15 7233.43
6517.15 7233.43
6517.15 7233.43
6517.15 7233.43
6517.15 7233.43
6517.15 7233.43
6517.15 7233.43
6517.15 7233.43
6517.15 7233.43
6517.15 7233.43
6517.15 7233.43
6517.15 7233.43
6517.15 7233.43
6517.15 7233.43
6517.15 7233.43
6517.15 7233.43
6517.15 7233.43
6517.15 7233.43
6517.15 7233.43
6517.15 7233.43
6517.15 7233.43
6517.15 7233.43
6517.15 7233.43
6517.15 7233.43
6517.15 7233.43
6515.62 7231.51
6512.62 7228.03
6507.69 7223.49
6501.17 7218.12
6494.59 7209.81
6485.04 7201.71
6476.97 7189.94
6469.21 7178.62
6461.60 7167.53
6454.07 7156.54
6445.94 7144.68
6438.09 7133.23
6430.14 7121.64
6422.18 7109.85
6414.40 7097.56
6406.71 7085.21
6399.44 7073.54
6391.86 7061.16
6385.53 7048.88
6380.24 7035.98
6376.92 7022.25
6375.99 7008.17
6377.53 6994.39
6381.79 6980.78
6386.20 6967.27
6391.67 6954.80
6396.92 6942.48
6402.03 6929.37
6407.16 6916.20
6411.70 6904.57
6414.63 6897.06
6415.98 6893.58
6416.22 6892.97
6416.32 6892.72
6416.33 6892.71
6416.33 6892.70
6416.33 6892.70
6416.33 6892.70
6416.33 6892.70
6416.33 6892.70
6416.87 6891.30
6418.15 6887.97
6420.26 6882.49
6422.85 6875.71
6426.20 6866.75
6430.20 6856.00
6434.87 6843.50
6439.65 6830.69
6444.52 6817.56
6448.49 6803.83
6454.20 6790.53
6456.61 6776.79
6458.98 6762.96
6461.15 6749.40
6463.26 6736.16
6465.51 6722.03
6467.71 6708.24
6469.92 6694.36
6471.95 6681.61
6473.27 6673.31
6474.63 6669.68
6479.38 6667.62
6487.23 6668.35
6497.13 6670.83
6508.83 6673.81
6522.29 6677.23
6535.98 6680.72
6549.67 6684.20
6559.82 6686.79
6566.89 6688.59
6575.94 6690.95
6587.47 6694.11
6596.26 6696.54
6601.73 6698.05
6603.62 6698.58
6604.20 6698.74
