3290.04 1728.47
3291.45 1729.08
3294.92 1730.58
3300.50 1733.00
3307.72 1736.12
3316.54 1739.94
3327.53 1744.69
3340.06 1750.52
3353.82 1757.13
3369.46 1765.09
3386.61 1774.16
3405.64 1784.46
3425.50 1795.91
3447.15 1808.89
3471.29 1819.95
3495.27 1834.86
3517.47 1850.03
3535.71 1863.02
3551.69 1872.45
3567.89 1881.44
3583.80 1890.71
3597.61 1901.37
3611.99 1912.47
3626.40 1923.59
3640.82 1934.72
3654.99 1945.66
3669.10 1956.55
3682.90 1967.20
3697.03 1978.19
3711.26 1989.54
3725.09 2000.56
3738.52 2012.23
3752.23 2024.29
3765.74 2036.92
3778.08 2049.90
3790.32 2062.77
3802.65 2075.73
3815.40 2089.14
3827.52 2101.88
3840.13 2115.14
3852.68 2128.33
3860.62 2143.79
3860.23 2160.28
3863.37 2170.41
3875.67 2174.29
3887.62 2178.06
3899.21 2181.74
3910.74 2185.44
3922.62 2189.26
3934.38 2193.03
3946.69 2196.99
3958.80 2200.88
3966.89 2203.48
3977.30 2206.70
3989.38 2210.35
4000.95 2214.34
4013.32 2218.76
4025.76 2223.21
4037.21 2227.30
4048.61 2231.37
4059.55 2236.73
4070.59 2242.80
4082.01 2249.08
4093.38 2255.67
4104.87 2262.35
4115.45 2269.15
4125.93 2276.54
4136.66 2284.12
4146.74 2291.58
4156.66 2299.46
4166.51 2307.88
4175.99 2316.00
4185.50 2324.21
4194.85 2332.28
4204.29 2340.44
4213.97 2348.80
4223.70 2357.20
4232.96 2365.21
4242.56 2373.50
4252.27 2381.89
4262.19 2390.45
4272.26 2399.15
4281.78 2407.37
4291.68 2415.92
4301.38 2424.30
4311.36 2432.93
4321.06 2441.30
4330.56 2449.50
4340.15 2457.79
4350.20 2466.47
4360.10 2475.02
4369.70 2483.32
4378.96 2491.32
4388.89 2499.89
4398.89 2508.53
4408.36 2516.71
4417.69 2524.77
4427.44 2533.20
4436.68 2541.18
4446.64 2549.79
4456.34 2558.17
4466.11 2566.61
4475.74 2574.94
4485.18 2583.10
4495.20 2591.75
4505.21 2600.40
4515.12 2608.97
4524.29 2616.89
4533.70 2625.02
4543.29 2633.40
4552.73 2641.67
4562.68 2650.17
4572.42 2658.47
4582.04 2666.69
4592.11 2675.28
4601.57 2683.36
4611.18 2691.56
4620.76 2699.73
4630.45 2708.00
4639.75 2715.94
4649.68 2724.41
4659.72 2732.98
4669.59 2741.40
4678.85 2749.31
4688.11 2757.21
4698.10 2765.75
4707.79 2774.06
4717.50 2782.38
4727.28 2790.76
4737.15 2799.23
4747.20 2807.84
4756.59 2815.89
4766.63 2824.49
4776.51 2832.96
4785.83 2840.77
4795.94 2849.18
4806.01 2857.57
4815.89 2865.79
4825.49 2873.79
4835.76 2881.64
4845.69 2889.18
4855.69 2896.78
4866.39 2904.60
4877.32 2912.18
4887.63 2919.33
4898.11 2926.36
4908.76 2933.17
4919.52 2939.80
4930.39 2945.70
4941.83 2951.92
4952.86 2957.90
4963.66 2963.77
4975.33 2969.66
4986.66 2975.17
4998.17 2980.77
5009.87 2986.45
5021.06 2991.90
5032.65 2997.53
5044.41 3003.25
5055.70 3008.74
5066.71 3014.09
5078.65 3019.90
5090.06 3025.44
5101.36 3030.94
5112.81 3036.51
5124.37 3042.13
5135.63 3047.60
5146.74 3053.01
5158.68 3058.81
5170.33 3064.47
5181.89 3070.10
5193.44 3075.71
5204.87 3081.27
5216.26 3086.81
5227.70 3092.37
5239.47 3098.09
5251.25 3103.83
5262.27 3109.21
5273.77 3114.82
5285.23 3120.33
5296.39 3125.70
5308.17 3131.38
5319.97 3137.06
5331.44 3142.58
5343.02 3148.15
5354.39 3153.62
5365.86 3159.15
5377.78 3164.88
5388.85 3170.21
5400.37 3175.76
5412.09 3181.40
5423.16 3186.73
5434.22 3192.05
5445.62 3197.54
5456.73 3202.89
5468.14 3208.38
5480.01 3214.10
5491.10 3219.43
5502.24 3224.80
5513.89 3230.40
5525.54 3236.01
5536.52 3241.30
5547.60 3246.63
5558.83 3251.51
5570.56 3255.97
5582.67 3259.72
5595.13 3263.20
5607.08 3266.04
5620.10 3268.52
5632.18 3270.16
5645.22 3270.61
5657.45 3268.71
5669.58 3265.06
5681.18 3259.07
5693.05 3254.23
5705.79 3251.43
5717.98 3248.85
5730.47 3247.83
5743.47 3246.78
5755.66 3247.62
5768.57 3250.32
5774.13 3247.17
5781.48 3235.20
5793.51 3226.87
5806.83 3224.21
5820.11 3226.86
5831.40 3234.64
5838.41 3246.88
5840.15 3260.78
5836.15 3274.25
5827.55 3284.61
5815.15 3291.12
5811.79 3302.17
5810.70 3314.22
5808.99 3326.36
5809.23 3338.56
5809.50 3351.63
5809.74 3363.74
5810.13 3376.88
5811.32 3389.27
5814.08 3401.44
5818.01 3413.29
5824.02 3424.60
5832.35 3434.63
5841.34 3443.93
5849.98 3452.42
5859.11 3461.47
5867.78 3470.50
5876.01 3479.84
5884.06 3489.10
5892.14 3499.14
5900.46 3509.49
5907.89 3519.27
5915.87 3529.79
5923.84 3540.28
5930.53 3551.04
5937.48 3562.24
5944.38 3573.35
5951.01 3584.03
5957.74 3594.87
5964.47 3605.44
5976.32 3602.11
5987.31 3596.92
5998.33 3591.73
6010.09 3586.19
6022.24 3581.83
6034.44 3577.47
6046.94 3573.00
6058.83 3568.93
6071.50 3566.56
6084.14 3564.20
6096.16 3561.96
6108.60 3559.65
6120.91 3557.37
6133.24 3555.82
6146.36 3554.20
6158.70 3552.37
6171.08 3550.14
6183.69 3548.33
6195.98 3546.69
6208.33 3545.01
6220.32 3543.21
6233.08 3541.21
6245.92 3539.21
6258.43 3537.25
6271.26 3535.24
6283.42 3533.24
6296.37 3530.48
6308.85 3528.59
6321.55 3527.13
6334.35 3530.11
6346.50 3533.53
6359.22 3535.08
6372.30 3532.96
6384.42 3531.00
6397.06 3528.96
6409.02 3527.04
6421.57 3525.59
6433.61 3524.20
6443.85 3526.54
6447.02 3538.47
6450.43 3551.31
6453.72 3563.73
6455.72 3576.28
6457.48 3588.61
6459.20 3600.61
6461.04 3613.44
6462.91 3626.56
6465.50 3639.09
6468.37 3651.69
6471.27 3664.41
6477.01 3674.86
6484.99 3684.43
6492.74 3693.72
6501.03 3703.82
6509.21 3714.22
6517.16 3724.32
6524.68 3733.89
6532.17 3743.40
6540.61 3752.83
6549.78 3762.00
6558.66 3770.87
6567.69 3779.90
6576.71 3788.91
6586.15 3796.80
6595.54 3804.24
6602.12 3809.47
6613.07 3814.36
6622.67 3806.30
6633.57 3797.15
6645.00 3786.20
6656.44 3775.23
6667.67 3764.07
6678.04 3753.48
6689.20 3742.07
6699.96 3731.07
6710.79 3720.01
6719.91 3710.69
6726.35 3704.10
6729.65 3700.74
6732.04 3694.82
6737.29 3688.37
6744.56 3681.12
6753.44 3672.26
6763.87 3661.80
6774.58 3650.59
6785.47 3639.18
6796.15 3628.00
6806.47 3617.18
6817.12 3606.03
6827.61 3594.43
6838.42 3583.68
6849.63 3574.00
6861.02 3564.19
6872.34 3554.43
6884.03 3544.35
6895.65 3534.33
6907.33 3524.25
6918.88 3514.29
6930.34 3504.41
6942.15 3494.23
6953.99 3484.01
6965.36 3474.21
6976.86 3464.29
6988.73 3454.05
7000.53 3443.88
7011.19 3434.69
7019.36 3427.64
7024.17 3423.49
7025.74 3422.14
7025.95 3421.96
7026.02 3421.90
7026.03 3421.89
7026.03 3421.89
7027.29 3420.80
7029.72 3418.89
7034.33 3416.12
7040.71 3412.41
7048.40 3407.85
7057.02 3402.21
7066.98 3396.08
7078.75 3389.74
7092.43 3382.37
7105.43 3375.36
7118.84 3368.14
7132.85 3360.59
7146.60 3353.18
7160.00 3345.97
7173.87 3338.49
7187.19 3331.32
7200.46 3324.17
7213.85 3316.96
7226.90 3309.93
7240.27 3302.72
7254.28 3295.17
7266.36 3288.67
7276.69 3283.10
7285.67 3278.26
7290.86 3271.74
7293.43 3260.84
7300.32 3251.71
7309.99 3246.35
7320.36 3245.25
7331.96 3248.70
7343.83 3251.89
7352.95 3242.97
7361.24 3234.73
7368.95 3225.44
7377.78 3214.81
7387.75 3202.80
7397.83 3191.66
7408.01 3180.63
7418.48 3169.10
7428.75 3157.78
7439.52 3146.74
7450.49 3136.63
7461.88 3126.04
7473.47 3116.11
7484.64 3106.37
7497.40 3097.70
7511.36 3090.47
7515.17 3077.08
7518.32 3065.61
7526.54 3057.51
7537.96 3055.13
7545.92 3056.97
7550.21 3058.34
7556.31 3057.63
7563.24 3052.28
7571.36 3045.83
7581.05 3039.15
7592.36 3031.49
7604.07 3022.47
7616.55 3012.54
7628.54 3002.44
7640.41 2992.44
7651.47 2982.39
7662.70 2971.92
7673.58 2961.44
7684.05 2949.94
7694.27 2938.70
7704.62 2926.94
7714.66 2915.35
7724.78 2903.53
7734.34 2891.58
7741.72 2877.07
7751.51 2865.15
7761.08 2853.74
7771.28 2841.81
7781.14 2830.28
7791.53 2818.33
7801.98 2807.20
7812.62 2795.89
7823.08 2785.27
7834.12 2774.40
7844.89 2763.81
7856.54 2753.95
7868.25 2744.19
7879.66 2734.68
7892.10 2725.05
7904.11 2716.35
7916.75 2707.21
7931.44 2700.80
7944.84 2692.37
7957.94 2684.14
7970.92 2675.99
7983.73 2667.93
7997.00 2659.59
8010.26 2651.26
8023.30 2643.03
8036.41 2634.34
8049.27 2625.82
8062.30 2617.05
8074.71 2608.17
8087.17 2599.19
8099.17 2590.55
8111.59 2581.61
8123.64 2572.93
8135.27 2564.56
8143.61 2558.56
8148.29 2555.18
8150.58 2553.54
8150.72 2553.43
8150.79 2553.39
8150.80 2553.37
8150.81 2553.37
8150.82 2553.37
8150.82 2553.37
8150.82 2553.36
8150.82 2553.36
8150.82 2553.36
8150.82 2553.36
8150.82 2553.36
8150.82 2553.36
8150.82 2553.36
8150.82 2553.36
8150.82 2553.36
8150.82 2553.36
8150.82 2553.36
8150.82 2553.36
8150.82 2553.36
8150.82 2553.36
8150.82 2553.36
8150.82 2553.36
8150.82 2553.36
8150.82 2553.36
8150.82 2553.36
8150.82 2553.36
8150.82 2553.36
8150.82 2553.36
8150.82 2553.36
8150.82 2553.36
8150.82 2553.36
8150.82 2553.36
8150.82 2553.36
8150.82 2553.36
8150.82 2553.36
8150.82 2553.36
8150.82 2553.36
8150.82 2553.36
8150.82 2553.36
8150.82 2553.36
8150.82 2553.36
8150.82 2553.36
8150.82 2553.36
8150.82 2553.36
8150.82 2553.36
8150.82 2553.36
8152.11 2552.44
8154.81 2550.53
8158.50 2547.92
8163.67 2544.49
8170.76 2539.95
8179.57 2534.31
8189.54 2527.95
8200.83 2520.74
8214.15 2512.23
8227.47 2503.91
8240.47 2495.81
8254.17 2490.37
8268.90 2485.55
8283.65 2481.77
8299.38 2479.56
8314.31 2478.60
8329.48 2478.47
8345.13 2478.33
8360.82 2478.18
8375.76 2478.05
8391.50 2477.91
8406.65 2477.77
8422.17 2477.63
8437.03 2477.49
8452.12 2477.36
8468.02 2477.56
8482.73 2478.65
8497.66 2480.12
8512.75 2481.69
8528.29 2483.31
8543.29 2484.88
8558.10 2486.42
8573.41 2487.58
8588.63 2488.13
8603.60 2487.71
8618.60 2486.36
8629.24 2485.23
8635.82 2484.53
8638.08 2484.29
8638.30 2484.27
8638.31 2484.27
8638.32 2484.27
8638.32 2484.27
8638.32 2484.27
8638.32 2484.27
8638.32 2484.27
8638.32 2484.27
8638.32 2484.27
8638.32 2484.27
8638.32 2484.27
8638.32 2484.27
8638.32 2484.27
8638.32 2484.27
8638.32 2484.27
8638.32 2484.27
8638.32 2484.27
8638.32 2484.27
8638.32 2484.27
8638.32 2484.27
8638.32 2484.27
8638.32 2484.27
8638.32 2484.27
8638.32 2484.27
8638.32 2484.27
8638.32 2484.27
8638.32 2484.27
8638.32 2484.27
8638.32 2484.27
8638.32 2484.27
8638.32 2484.27
8638.32 2484.27
8638.32 2484.27
8638.32 2484.27
8638.32 2484.27
8638.32 2484.27
8638.32 2484.27
8638.32 2484.27
8638.32 2484.27
8638.32 2484.27
8638.32 2484.27
8638.32 2484.27
8638.32 2484.27
8638.32 2484.27
8638.32 2484.27
8638.32 2484.27
8638.32 2484.27
8640.28 2484.08
8644.56 2483.75
8650.83 2483.26
8659.11 2482.78
8669.74 2482.76
8682.22 2484.16
8695.99 2489.15
8711.45 2492.28
8725.91 2498.83
8739.99 2506.16
8753.24 2513.52
8766.70 2521.95
8778.57 2531.50
8789.51 2541.44
8800.62 2551.94
8812.25 2561.42
8824.01 2569.26
8832.29 2573.40
8833.00 2568.19
8832.98 2567.24
