9847.09 782.07
9846.44 783.57
9844.90 787.07
9842.36 792.86
9838.88 800.79
9834.57 810.28
9829.29 821.07
9823.10 833.72
9816.85 846.48
9810.75 858.95
9804.24 872.25
9798.20 884.59
9792.13 896.99
9785.78 909.96
9779.38 923.05
9773.27 935.51
9767.00 948.30
9761.02 960.47
9754.81 973.13
9748.84 985.27
9742.38 998.42
9735.92 1011.57
9729.73 1024.19
9723.31 1037.27
9717.12 1049.89
9712.91 1058.48
9710.68 1063.02
9710.33 1063.73
9710.23 1063.94
9710.23 1063.94
9710.23 1063.94
9710.23 1063.94
9710.23 1063.94
9710.23 1063.94
9710.23 1063.94
9710.23 1063.94
9710.23 1063.94
9710.23 1063.94
9710.23 1063.94
9710.23 1063.94
9710.23 1063.94
9710.23 1063.94
9710.23 1063.94
9710.23 1063.94
9710.23 1063.94
9710.23 1063.94
9710.23 1063.94
9710.23 1063.94
9710.23 1063.94
9710.23 1063.94
9710.23 1063.94
9710.23 1063.94
9710.23 1063.94
9710.23 1063.94
9710.23 1063.94
9710.23 1063.94
9710.23 1063.94
9710.23 1063.94
9710.23 1063.94
9710.23 1063.94
9710.23 1063.94
9710.23 1063.94
9710.23 1063.94
9710.23 1063.94
9710.23 1063.94
9710.23 1063.94
9710.23 1063.94
9710.23 1063.94
9710.23 1063.94
9710.23 1063.94
9710.23 1063.94
9710.23 1063.94
9710.23 1063.94
9710.23 1063.94
9709.17 1066.09
9707.11 1070.21
9703.90 1076.67
9699.61 1085.02
9694.55 1094.72
9688.82 1105.67
9682.40 1117.96
9676.11 1130.01
9669.58 1142.50
9663.09 1154.92
9656.60 1167.34
9650.18 1179.56
9643.80 1191.53
9636.99 1204.29
9630.08 1217.27
9623.16 1230.12
9616.19 1243.09
9609.60 1255.74
9603.18 1268.08
9596.76 1279.96
9589.90 1292.66
9583.03 1305.38
9576.06 1318.29
9569.58 1330.27
9562.76 1342.89
9555.85 1355.69
9549.33 1367.76
9542.88 1379.69
9536.25 1391.98
9529.33 1404.78
9522.46 1417.50
9515.43 1430.51
9508.96 1442.50
9502.10 1455.19
9495.38 1467.63
9488.43 1480.50
9481.89 1492.60
9475.19 1505.00
9468.59 1517.22
9462.05 1529.33
9455.50 1541.47
9448.53 1554.39
9440.21 1562.88
9435.07 1572.42
9432.06 1578.01
9431.00 1579.97
9430.64 1580.64
9430.56 1580.79
9430.55 1580.82
9430.53 1580.84
9430.53 1580.84
9430.53 1580.84
9430.53 1580.84
9430.53 1580.84
9430.53 1580.84
9430.53 1580.84
9430.53 1580.84
9430.53 1580.84
9430.53 1580.84
9430.53 1580.84
9430.53 1580.84
9430.53 1580.84
9430.53 1580.84
9430.53 1580.84
9430.53 1580.84
9430.53 1580.84
9430.53 1580.84
9430.53 1580.84
9430.53 1580.84
9430.53 1580.84
9430.53 1580.84
9430.53 1580.84
9430.53 1580.84
9430.53 1580.84
9430.53 1580.84
9430.53 1580.84
9430.53 1580.84
9430.53 1580.84
9430.53 1580.84
9430.53 1580.84
9429.59 1582.60
9427.74 1586.11
9424.98 1591.31
9421.35 1598.17
9416.47 1607.40
9410.80 1618.35
9404.44 1630.66
9397.82 1643.46
9391.33 1656.01
9384.76 1668.71
9378.32 1681.17
9372.10 1693.20
9365.61 1705.87
9359.49 1717.97
9353.72 1730.28
9347.82 1742.93
9342.10 1755.71
9336.29 1769.06
9331.66 1782.27
9327.09 1796.19
9322.52 1810.17
9321.46 1824.03
9317.58 1837.05
9314.11 1850.99
9310.66 1864.87
9307.39 1878.02
9304.44 1891.76
9301.93 1905.07
9299.96 1918.36
9298.48 1932.42
9296.97 1946.71
9295.43 1961.30
9293.97 1975.08
9293.12 1989.00
9293.11 2003.51
9293.10 2017.99
9293.19 2032.60
9293.87 2046.73
9294.55 2060.77
9295.20 2074.41
9295.88 2088.52
9296.72 2102.33
9297.98 2116.14
9295.93 2130.00
9297.16 2143.51
9297.99 2152.54
9298.40 2157.09
9298.49 2158.06
9298.50 2158.17
9298.50 2158.18
9298.50 2158.18
9298.50 2158.18
9298.50 2158.18
9298.50 2158.18
9298.50 2158.18
9298.50 2158.18
9298.50 2158.18
9298.50 2158.18
9298.50 2158.18
9298.50 2158.18
9298.50 2158.18
9298.50 2158.18
9298.50 2158.18
9298.50 2158.18
9298.50 2158.18
9298.50 2158.18
9298.50 2158.18
9298.50 2158.18
9298.50 2158.18
9298.50 2158.18
9298.50 2158.18
9298.50 2158.18
9298.50 2158.18
9298.50 2158.18
9298.50 2158.18
9298.50 2158.18
9298.50 2158.18
9298.50 2158.18
9298.50 2158.18
9298.50 2158.18
9298.64 2159.71
9298.93 2162.95
9299.35 2167.59
9299.90 2173.61
9300.65 2181.88
9300.44 2192.21
9299.72 2204.63
9298.47 2219.16
9297.18 2233.29
9294.95 2246.96
9291.53 2261.24
9287.41 2275.13
9283.03 2288.23
9278.35 2302.20
9273.84 2315.68
9269.24 2329.76
9265.05 2343.69
9260.92 2357.45
9256.78 2371.21
9252.71 2385.31
9252.00 2400.43
9248.33 2413.86
9244.49 2427.93
9240.88 2441.14
9236.87 2455.43
9233.09 2468.80
9229.28 2482.29
9225.85 2495.67
9222.42 2509.38
9219.07 2522.77
9215.71 2536.19
9212.17 2550.35
9208.55 2564.45
9204.88 2578.46
9198.40 2590.22
9195.23 2602.32
9193.21 2610.07
9192.32 2613.47
9192.15 2614.11
9192.12 2614.24
9192.11 2614.25
9192.11 2614.25
9192.11 2614.25
9192.11 2614.25
9192.11 2614.25
9192.11 2614.25
9192.11 2614.25
9192.11 2614.25
9192.11 2614.25
9192.11 2614.25
9192.11 2614.25
9192.11 2614.25
9192.11 2614.25
9192.11 2614.25
9192.11 2614.25
9192.11 2614.25
9192.11 2614.25
9192.11 2614.25
9192.11 2614.25
9192.11 2614.25
9192.11 2614.25
9192.11 2614.25
9192.11 2614.25
9192.11 2614.25
9192.11 2614.25
9192.11 2614.25
9192.11 2614.25
9192.11 2614.25
9192.11 2614.25
9192.11 2614.25
9192.11 2614.25
9192.11 2614.25
9192.11 2614.25
9192.11 2614.25
9192.11 2614.25
9192.11 2614.25
9192.11 2614.25
9192.11 2614.25
9192.11 2614.25
9192.11 2614.25
9191.73 2615.68
9190.91 2618.63
9189.57 2623.45
9187.74 2630.06
9185.27 2638.50
9182.04 2648.27
9177.90 2659.42
9168.83 2669.40
9161.26 2681.15
9151.14 2691.16
9139.75 2697.34
9126.84 2702.58
9112.95 2704.31
9099.66 2704.66
9086.74 2701.49
9072.80 2697.41
9059.00 2693.39
9045.61 2689.02
9032.82 2684.39
9019.42 2679.50
9005.64 2674.38
8991.82 2669.25
8978.17 2664.19
8964.04 2659.89
8950.11 2655.74
8935.73 2652.71
8923.51 2654.49
8915.70 2657.50
8911.47 2659.07
8910.48 2659.15
8907.36 2658.48
8902.68 2655.74
8896.67 2650.69
8889.80 2643.53
8881.87 2635.06
8872.40 2624.94
8863.00 2614.90
8853.38 2604.61
8843.56 2594.12
8833.87 2583.76
8821.92 2575.80
8810.23 2568.02
8798.84 2559.36
8788.91 2549.96
8778.57 2540.18
8767.34 2530.93
8755.48 2522.69
8743.11 2515.26
8730.81 2508.79
8717.72 2502.20
8704.63 2496.51
8691.73 2490.94
8682.75 2487.84
8677.95 2486.70
8676.83 2486.58
8676.54 2486.54
8676.47 2486.54
8676.46 2486.53
8676.46 2486.53
8676.46 2486.53
8676.46 2486.53
8676.46 2486.53
8676.46 2486.53
8676.46 2486.53
8676.46 2486.53
8676.46 2486.53
8676.46 2486.53
8676.46 2486.53
8676.46 2486.53
8675.02 2486.39
8670.93 2486.14
8664.44 2485.95
8661.16 2486.03
8660.25 2486.05
8659.93 2486.06
8658.86 2486.08
8655.63 2486.06
8651.58 2484.75
8647.29 2480.83
8643.24 2474.14
8634.13 2468.54
8623.36 2462.76
8609.87 2456.74
8593.68 2451.24
8577.00 2445.57
8560.83 2441.56
8544.39 2437.51
8530.62 2430.01
8517.99 2433.40
8505.52 2440.09
8491.58 2443.78
8477.71 2443.91
8463.09 2443.05
8452.05 2442.81
8449.55 2449.15
8447.13 2457.48
8437.79 2459.91
8425.59 2459.98
8411.47 2460.06
8397.39 2459.60
8382.69 2457.90
8369.14 2456.34
8355.42 2454.75
8340.87 2452.09
8326.37 2449.30
8312.79 2446.70
8298.28 2446.80
8286.22 2452.98
8273.74 2460.39
8261.58 2468.01
8249.04 2475.87
8237.48 2483.12
8228.44 2488.78
8224.08 2494.77
8220.70 2504.49
8215.56 2515.24
8203.85 2522.72
8191.85 2530.38
8180.39 2537.71
8171.75 2543.23
8166.29 2546.72
8163.65 2548.41
8163.25 2548.66
8163.14 2548.74
8163.11 2548.75
8163.11 2548.75
8163.11 2548.75
8163.11 2548.75
8163.11 2548.75
8163.11 2548.75
8163.11 2548.75
8163.11 2548.75
8163.11 2548.75
8163.11 2548.75
8163.11 2548.75
8163.11 2548.75
8163.11 2548.75
8163.11 2548.75
8163.11 2548.75
8163.11 2548.75
8163.11 2548.75
8163.11 2548.75
8163.11 2548.75
8163.11 2548.75
8163.11 2548.75
8163.11 2548.75
8163.11 2548.75
8163.11 2548.75
8163.11 2548.75
8163.11 2548.75
8163.11 2548.75
8163.11 2548.75
8163.11 2548.75
8163.11 2548.75
8161.40 2549.90
8157.75 2552.49
8152.02 2556.57
8145.12 2561.54
8136.68 2567.61
8127.02 2574.57
8115.45 2582.90
8104.46 2590.81
8092.70 2599.28
8081.09 2607.63
8070.05 2615.58
8058.62 2623.57
8046.98 2631.30
8034.78 2639.38
8023.26 2646.99
8011.80 2654.19
7999.83 2661.71
7988.11 2669.07
7976.61 2676.30
7964.80 2683.73
7952.44 2691.50
7939.98 2699.33
7927.70 2707.44
7916.06 2715.85
7904.61 2724.14
7892.87 2732.63
7882.23 2741.12
7871.55 2750.03
7860.72 2759.05
7850.12 2767.92
7840.02 2777.85
7830.30 2787.42
7820.09 2797.58
7810.81 2807.45
7800.98 2817.91
7791.33 2828.53
7781.91 2839.54
7772.76 2850.23
7763.35 2861.25
7754.54 2871.82
7745.87 2882.45
7737.06 2893.46
7728.24 2904.50
7718.82 2915.59
7709.35 2926.52
7699.76 2937.57
7690.31 2947.95
7680.55 2958.69
7670.93 2968.74
7660.08 2978.87
7650.05 2988.23
7639.70 2997.35
7628.44 3006.84
7617.27 3016.20
7607.80 3027.94
7596.19 3036.87
7584.67 3044.66
7573.09 3052.88
7561.87 3061.79
7561.97 3073.39
7559.15 3088.72
7548.83 3098.92
7534.69 3101.88
7520.77 3096.32
7510.09 3098.55
7495.68 3106.02
7482.72 3116.79
7469.15 3128.21
7456.24 3140.33
7443.60 3152.00
7431.63 3164.43
7419.83 3177.43
7408.18 3190.19
7396.80 3202.46
7385.51 3215.83
7374.67 3228.87
7363.63 3241.74
7351.89 3253.23
7344.29 3262.95
7345.16 3277.73
7338.15 3291.28
7325.48 3298.77
7310.96 3299.02
7297.81 3290.73
7286.27 3285.44
7271.99 3293.13
7257.21 3301.09
7241.69 3309.46
7226.62 3317.57
7211.30 3325.83
7196.52 3333.79
7180.88 3342.21
7166.12 3350.17
7151.37 3358.11
7136.47 3366.14
7121.37 3374.28
7106.86 3382.09
7091.94 3390.13
7076.56 3398.42
7061.40 3407.23
7050.62 3414.27
7042.43 3419.04
7038.11 3421.55
7036.65 3422.40
7036.42 3422.53
7036.33 3422.58
7035.73 3422.93
7033.75 3424.15
7029.97 3427.21
7025.17 3431.35
7018.62 3436.99
7010.60 3443.91
7001.48 3451.78
6990.42 3461.32
6978.01 3472.02
6964.80 3483.40
6951.95 3494.49
6939.47 3505.25
6926.77 3516.21
6913.82 3527.37
6900.83 3538.57
6887.55 3550.02
6874.11 3561.61
6861.00 3572.92
6847.68 3584.41
6835.18 3595.82
6826.05 3610.81
6814.05 3623.59
6802.59 3635.58
6790.43 3648.32
6778.89 3660.40
6767.04 3672.68
6755.93 3683.76
6748.00 3691.67
6743.27 3696.39
6735.78 3700.73
6727.87 3707.27
6719.54 3715.78
6709.44 3726.09
6698.40 3737.38
6686.27 3749.77
6676.39 3764.60
6664.37 3776.88
6651.67 3788.93
6639.62 3800.62
6626.70 3811.55
6613.65 3822.94
6601.80 3835.57
6590.09 3848.35
6578.50 3860.99
6566.83 3873.72
6555.59 3885.99
6544.38 3898.21
6532.75 3910.91
6521.62 3923.05
6510.14 3935.57
6498.51 3948.27
6487.24 3960.57
6476.03 3972.79
6464.77 3985.07
6452.78 3998.16
6441.33 4010.65
6429.52 4023.54
6418.04 4036.06
6406.37 4048.79
6394.66 4061.57
6383.39 4073.86
6371.71 4086.62
6362.76 4096.37
6356.86 4102.81
6353.15 4106.87
6352.47 4107.60
6352.43 4107.64
6351.06 4109.14
6348.04 4112.44
6343.48 4116.93
6337.74 4122.37
6330.38 4129.05
6321.95 4136.71
6312.42 4145.37
6301.39 4155.39
6289.01 4166.63
6276.67 4177.84
6264.87 4188.56
6252.97 4199.36
6241.62 4209.67
6229.36 4220.80
6216.64 4232.36
6205.00 4242.93
6194.36 4252.60
6186.62 4259.62
6181.64 4264.15
6176.83 4268.51
6172.16 4274.27
6176.01 4285.03
6178.23 4298.55
6177.87 4313.94
6174.54 4328.35
6168.00 4341.44
6158.43 4352.69
6147.45 4361.50
6145.49 4377.15
6146.78 4391.00
6148.13 4405.33
6149.48 4419.78
6150.69 4433.76
6151.73 4447.79
6152.80 4462.14
6153.81 4475.82
6154.82 4489.41
6155.86 4503.47
6156.92 4517.73
6157.93 4531.39
6158.96 4545.33
6160.00 4559.27
6161.05 4573.51
6161.98 4586.05
6162.66 4595.22
6163.01 4599.89
6163.02 4600.08
6163.02 4600.11
6163.02 4600.12
6163.02 4600.13
6163.02 4600.13
6163.02 4600.13
6163.02 4600.13
6163.02 4600.13
6163.02 4600.13
6163.02 4600.13
6163.02 4600.13
6163.02 4600.13
6163.02 4600.13
6163.02 4600.13
6163.02 4600.13
6163.02 4600.13
6163.02 4600.13
6163.02 4600.13
6163.14 4601.75
6163.34 4604.32
6163.71 4608.92
6164.39 4615.95
6165.36 4625.34
6166.75 4636.60
6168.36 4649.71
6170.13 4663.75
6171.94 4677.69
6174.09 4691.48
6176.09 4704.83
6178.21 4719.23
6180.31 4733.85
6182.44 4748.43
6184.46 4762.26
6186.59 4776.79
6188.60 4790.41
6190.75 4804.55
6192.83 4818.18
6195.04 4832.74
6197.18 4846.84
6199.26 4860.47
6201.39 4875.01
6203.36 4888.72
6205.29 4902.09
6207.27 4915.87
6209.35 4930.38
6211.31 4943.98
6219.24 4952.58
6233.94 4952.09
6248.19 4951.62
6262.21 4950.41
6276.80 4948.40
6291.22 4946.42
6305.31 4944.48
6319.40 4942.53
6328.99 4940.97
6334.08 4939.75
6341.46 4937.51
6349.63 4931.14
6358.80 4923.51
6369.95 4914.24
6381.25 4904.84
6392.36 4895.61
6403.18 4886.61
6414.02 4877.60
6422.38 4870.66
6427.27 4866.59
6430.19 4864.16
