9892.28 673.16
9891.78 674.45
9890.53 677.67
9888.71 682.38
9886.00 689.36
9882.45 698.56
9878.04 709.93
9873.23 722.37
9867.72 735.04
9862.44 747.08
9856.94 759.62
9851.18 772.75
9845.46 785.79
9840.17 797.84
9834.27 810.90
9828.35 823.00
9822.26 835.44
9816.26 847.70
9810.15 860.18
9804.00 872.73
9798.10 884.80
9791.80 897.67
9785.67 910.18
9779.45 922.90
9773.31 935.45
9767.28 947.74
9761.27 959.96
9755.40 971.91
9749.48 983.98
9743.19 996.77
9737.37 1008.63
9731.59 1020.40
9725.55 1032.70
9719.82 1044.39
9716.07 1052.03
9714.26 1055.72
9713.54 1057.19
9710.57 1055.75
9707.17 1055.19
9705.69 1058.22
9704.62 1060.38
9704.42 1060.80
9704.32 1061.01
9704.30 1061.04
9704.30 1061.04
9704.30 1061.04
9704.30 1061.04
9704.30 1061.04
9704.30 1061.04
9704.30 1061.04
9704.30 1061.04
9704.30 1061.04
9704.30 1061.04
9704.30 1061.04
9704.30 1061.04
9704.30 1061.04
9704.30 1061.04
9704.30 1061.04
9704.30 1061.04
9704.30 1061.04
9704.30 1061.04
9704.30 1061.04
9704.30 1061.04
9704.30 1061.04
9704.30 1061.04
9704.30 1061.04
9704.30 1061.04
9704.30 1061.04
9704.30 1061.04
9704.30 1061.04
9703.26 1063.14
9701.50 1066.67
9699.06 1071.57
9695.96 1077.75
9692.12 1085.10
9687.64 1093.68
9682.10 1104.29
9676.03 1115.91
9669.92 1127.59
9663.50 1139.89
9657.27 1151.80
9651.09 1163.62
9644.90 1175.43
9638.40 1187.63
9631.88 1199.85
9625.53 1211.77
9618.79 1224.32
9612.18 1236.60
9605.79 1248.66
9599.44 1261.12
9592.83 1273.34
9586.35 1285.35
9579.56 1297.92
9573.05 1309.96
9566.39 1322.28
9559.63 1334.80
9552.90 1347.25
9546.67 1358.79
9540.12 1370.91
9533.80 1382.62
9527.10 1395.02
9520.43 1407.36
9513.92 1419.41
9510.27 1433.14
9504.09 1444.56
9498.00 1455.85
9491.70 1467.51
9484.98 1479.95
9478.39 1492.14
9471.86 1504.24
9465.06 1516.83
9459.98 1526.23
9456.69 1532.33
9452.36 1540.35
9447.23 1549.85
9441.19 1561.06
9436.98 1568.86
9434.54 1573.39
9433.50 1575.32
9433.41 1575.49
9433.39 1575.54
9433.38 1575.55
9433.38 1575.55
9433.38 1575.55
9433.38 1575.55
9433.38 1575.55
9433.38 1575.55
9433.38 1575.55
9433.38 1575.55
9433.38 1575.55
9433.38 1575.55
9433.38 1575.55
9433.38 1575.55
9433.38 1575.55
9433.38 1575.55
9433.38 1575.55
9433.38 1575.55
9433.38 1575.55
9433.38 1575.55
9433.38 1575.55
9433.38 1575.55
9433.38 1575.55
9433.38 1575.55
9433.38 1575.55
9433.38 1575.55
9433.38 1575.55
9433.38 1575.55
9433.38 1575.55
9433.38 1575.55
9433.38 1575.55
9433.38 1575.55
9432.66 1576.88
9430.94 1580.09
9428.16 1585.30
9424.65 1591.93
9420.19 1600.36
9414.94 1610.36
9409.05 1621.75
9403.16 1633.12
9396.68 1645.66
9393.39 1659.23
9387.37 1670.86
9381.34 1682.52
9374.82 1695.13
9368.65 1707.17
9362.74 1718.81
9356.66 1731.78
9350.87 1744.18
9345.31 1756.61
9339.64 1769.54
9335.28 1781.91
9331.13 1794.45
9326.95 1807.21
9322.82 1819.87
9318.57 1833.06
9315.19 1846.67
9311.80 1860.29
9308.61 1873.13
9305.47 1886.79
9302.88 1899.82
9300.52 1913.09
9299.12 1926.34
9297.67 1940.02
9296.18 1954.20
9294.73 1967.86
9293.35 1980.97
9293.12 1994.15
9293.11 2007.48
9293.10 2021.42
9293.33 2035.46
9294.00 2049.41
9294.68 2063.50
9295.33 2077.13
9295.96 2090.25
9296.90 2104.26
9298.12 2117.67
9299.34 2131.14
9300.35 2142.21
9300.95 2148.80
9301.14 2150.91
9301.19 2151.39
9301.19 2151.40
9301.19 2151.41
9301.19 2151.41
9301.19 2151.41
9301.19 2151.41
9301.19 2151.41
9301.19 2151.41
9301.19 2151.41
9301.19 2151.41
9301.19 2151.41
9301.19 2151.41
9301.19 2151.41
9301.19 2151.41
9301.19 2151.41
9301.19 2151.41
9301.19 2151.41
9301.19 2151.41
9301.19 2151.41
9301.19 2151.41
9301.19 2151.41
9301.19 2151.41
9301.19 2151.41
9301.19 2151.41
9301.19 2151.41
9301.19 2151.41
9301.19 2151.41
9301.19 2151.41
9301.19 2151.41
9301.19 2151.41
9301.19 2151.41
9301.28 2152.40
9301.61 2155.98
9302.08 2161.16
9302.76 2168.61
9303.58 2177.63
9303.94 2188.98
9303.18 2201.88
9302.13 2215.19
9300.89 2229.50
9299.03 2242.75
9296.17 2256.20
9292.75 2269.02
9288.58 2282.06
9284.36 2294.68
9280.04 2307.55
9275.75 2320.37
9271.69 2333.04
9267.94 2345.54
9263.91 2358.94
9260.13 2371.53
9256.19 2385.08
9252.50 2398.60
9248.72 2412.42
9245.29 2425.00
9241.82 2437.69
9238.05 2451.26
9231.26 2463.14
9227.52 2476.39
9223.93 2489.76
9220.68 2502.75
9217.51 2515.41
9214.34 2528.08
9210.88 2541.90
9207.45 2555.55
9204.10 2568.45
9200.88 2580.73
9197.79 2592.56
9195.58 2600.99
9194.26 2606.06
9193.89 2607.45
9193.74 2608.05
9193.70 2608.20
9193.65 2608.37
9193.64 2608.41
9193.64 2608.43
9193.64 2608.43
9193.63 2608.44
9193.63 2608.45
9193.63 2608.45
9193.63 2608.45
9193.63 2608.45
9193.63 2608.45
9193.63 2608.45
9193.63 2608.45
9193.63 2608.45
9193.63 2608.45
9193.63 2608.45
9193.63 2608.45
9193.63 2608.45
9193.63 2608.45
9193.63 2608.45
9193.63 2608.45
9193.63 2608.45
9193.63 2608.45
9193.63 2608.45
9193.63 2608.45
9193.63 2608.45
9193.63 2608.45
9193.63 2608.45
9193.63 2608.45
9193.63 2608.45
9193.63 2608.45
9193.63 2608.45
9193.63 2608.45
9193.63 2608.45
9193.63 2608.45
9193.63 2608.45
9193.63 2608.45
9193.63 2608.45
9193.63 2608.45
9193.63 2608.45
9193.63 2608.45
9193.63 2608.45
9193.04 2610.71
9195.09 2615.90
9197.98 2620.03
9205.86 2622.13
9215.37 2624.67
9226.26 2627.57
9239.17 2631.12
9253.97 2635.51
9270.39 2640.64
9286.43 2645.64
9302.21 2651.18
9318.11 2657.31
9333.82 2663.36
9349.03 2669.22
9364.34 2675.12
9379.75 2681.36
9394.45 2688.44
9409.80 2695.96
9424.81 2703.82
9439.11 2712.21
9452.89 2720.30
9467.16 2729.71
9480.48 2739.17
9494.43 2749.07
9508.45 2759.02
9521.64 2768.38
9535.19 2778.00
9548.47 2787.43
9561.71 2796.83
9575.27 2806.46
9588.95 2816.17
9602.77 2825.98
9616.09 2835.20
9629.52 2844.52
9643.16 2854.06
9656.17 2863.63
9669.11 2873.27
9682.54 2883.28
9695.38 2893.15
9708.46 2903.32
9721.81 2913.70
9734.81 2923.83
9747.77 2933.94
9760.84 2944.15
9773.86 2954.32
9787.25 2965.07
9799.79 2976.19
9812.02 2987.02
9824.34 2997.95
9836.56 3008.78
9849.18 3019.96
9861.26 3030.96
9873.05 3041.82
9884.98 3052.82
9896.90 3064.20
9908.89 3075.66
9921.32 3087.53
9933.10 3098.96
9944.22 3110.99
9955.79 3122.17
9967.60 3133.59
9979.91 3145.49
9991.35 3156.71
10002.69 3169.09
10013.55 3180.94
10024.57 3192.98
10036.09 3205.56
10047.39 3217.90
10058.48 3230.22
10069.71 3243.09
10080.41 3255.37
10091.43 3268.00
10102.39 3280.57
10113.41 3293.65
10124.02 3306.84
10134.11 3319.38
10144.84 3332.71
10155.53 3346.00
10165.66 3358.59
10175.82 3371.64
10185.43 3384.92
10195.01 3398.15
10204.77 3411.65
10214.15 3424.60
10224.10 3438.35
10233.59 3451.45
10243.42 3465.03
10253.38 3478.80
10263.00 3492.09
10273.00 3505.90
10282.64 3519.03
10292.20 3532.05
10301.95 3545.31
10313.19 3557.84
10324.03 3569.74
10335.60 3581.84
10345.41 3595.55
10357.37 3606.76
10370.55 3616.96
10384.31 3627.11
10397.57 3636.63
10411.67 3646.47
10425.18 3655.89
10439.07 3665.58
10452.23 3674.75
10465.69 3684.14
10479.09 3693.48
10492.20 3702.63
10505.78 3712.09
10518.02 3722.28
10530.56 3733.70
10543.17 3745.18
10553.14 3758.69
10562.61 3771.61
10572.38 3784.93
10582.56 3797.54
10593.85 3809.99
10604.79 3822.05
10616.53 3830.61
10625.06 3836.33
10630.51 3840.30
10634.01 3847.49
10632.48 3857.10
10628.36 3868.46
10623.09 3881.45
10617.81 3894.43
10611.88 3907.27
10604.35 3918.42
10596.02 3929.80
10585.50 3938.89
10575.20 3947.69
10562.76 3954.58
10551.12 3960.79
10538.25 3965.63
10525.74 3970.28
10513.37 3974.87
10500.01 3979.83
10487.29 3984.55
10475.13 3989.26
10462.00 3994.78
10449.17 4000.81
10436.72 4007.56
10425.54 4015.24
10415.08 4023.44
10404.23 4032.51
10393.89 4041.15
10383.29 4050.02
10372.85 4058.74
10361.28 4066.85
10348.38 4069.30
10335.75 4064.87
10323.90 4058.61
10312.77 4052.39
10302.53 4061.75
10292.56 4071.31
10282.43 4081.02
10272.46 4090.14
10262.48 4098.31
10252.42 4105.94
10240.83 4113.62
10230.54 4120.29
10223.37 4123.92
10218.16 4123.66
10212.10 4123.37
10203.28 4126.92
10203.22 4135.93
10203.14 4147.06
10203.06 4159.73
10202.97 4174.71
10206.50 4189.31
10212.53 4203.29
10219.33 4213.94
10223.82 4220.68
10226.61 4224.87
10228.82 4228.45
10230.11 4231.93
10229.20 4237.03
10224.67 4242.22
10218.19 4247.67
10210.50 4254.14
10207.43 4266.05
10215.03 4277.23
10222.98 4289.74
10230.43 4303.96
10238.17 4318.73
10245.61 4332.92
10257.83 4343.89
10270.57 4353.60
10278.67 4368.62
10283.89 4384.14
10279.57 4399.24
10268.22 4410.55
10256.91 4421.68
10245.22 4433.17
10233.23 4445.02
10221.06 4457.04
10209.58 4468.38
10198.17 4479.65
10186.56 4491.11
10174.32 4503.19
10162.81 4514.55
10151.21 4526.02
10139.23 4537.84
10127.21 4549.59
10114.80 4561.04
10102.92 4571.85
10091.01 4582.69
10078.86 4593.75
10066.14 4605.26
10054.29 4615.97
10042.46 4626.65
10029.49 4637.12
10016.03 4646.82
10001.70 4655.13
9986.92 4661.81
9971.32 4667.69
9955.59 4672.13
9939.69 4676.60
9924.09 4681.67
9909.05 4687.62
9894.80 4695.54
9881.10 4705.59
9868.29 4715.32
9855.55 4725.92
9842.99 4736.36
9830.32 4746.89
9817.38 4757.65
9804.17 4768.63
9791.29 4779.34
9778.46 4790.00
9765.78 4800.54
9753.17 4811.03
9740.27 4821.75
9727.13 4832.67
9714.75 4842.97
9702.08 4853.50
9689.66 4865.04
9677.43 4876.67
9662.37 4884.84
9646.60 4888.16
9630.47 4888.55
9614.58 4887.94
9598.72 4883.48
9582.90 4879.03
9567.37 4873.14
9551.87 4867.27
9536.55 4861.51
9520.59 4856.26
9504.25 4850.88
9488.45 4849.32
9472.32 4850.01
9455.88 4853.17
9440.06 4858.69
9424.14 4864.65
9409.32 4870.46
9395.22 4878.00
9381.64 4888.20
9369.47 4899.71
9359.07 4912.22
9353.09 4927.03
9352.24 4943.44
9367.21 4960.35
9375.81 4974.73
9384.03 4988.83
9391.93 5003.44
9399.94 5018.16
9408.29 5032.57
9415.23 5047.35
9412.50 5060.58
9399.32 5070.94
9386.43 5081.22
9373.17 5091.80
9360.26 5102.10
9346.68 5111.91
9331.83 5118.54
9315.51 5118.13
9300.17 5111.20
9287.55 5100.16
9277.71 5087.82
9270.49 5072.36
9263.63 5057.65
9255.50 5043.44
9242.85 5045.90
9241.44 5062.49
9240.10 5078.36
9234.89 5094.49
9225.86 5108.03
9215.24 5120.23
9203.26 5131.06
9189.49 5140.53
9181.48 5154.13
9173.65 5167.32
9158.44 5169.90
9142.30 5164.09
9127.19 5157.56
9112.03 5151.00
9096.60 5144.33
9081.99 5138.01
9066.69 5133.19
9050.47 5136.10
9038.56 5146.96
9028.76 5159.51
9018.92 5172.09
9008.59 5185.31
8998.44 5198.31
8987.03 5211.14
8975.10 5223.04
8962.09 5232.75
8948.07 5242.55
8934.17 5252.60
8920.23 5262.74
8904.66 5269.99
8891.38 5279.65
8878.14 5289.29
8864.44 5299.26
8851.25 5308.23
8836.90 5316.74
8822.07 5323.94
8806.02 5329.02
8790.20 5332.25
8773.22 5333.60
8757.44 5335.09
8741.31 5338.24
8725.45 5341.36
8709.54 5345.44
8693.64 5351.30
8679.58 5357.59
8666.42 5366.12
8653.46 5375.52
8643.17 5388.57
8633.12 5401.35
8625.66 5416.05
8619.38 5429.52
8612.70 5444.18
8607.04 5458.89
8601.48 5473.84
8596.38 5487.55
8591.13 5501.66
8585.59 5516.57
8574.39 5528.18
8557.75 5527.90
8541.58 5527.31
8524.89 5525.98
8510.07 5524.31
8493.27 5520.96
8478.43 5517.19
8461.82 5512.97
8448.41 5509.57
8432.55 5505.54
8415.96 5501.33
8402.77 5497.98
8387.37 5494.02
8371.69 5489.77
8355.86 5485.36
8339.58 5481.05
8326.22 5477.60
8310.73 5473.97
8295.00 5470.10
8279.39 5466.18
8263.50 5462.30
8251.09 5459.30
8238.21 5456.16
8224.58 5452.68
8209.97 5448.55
8195.31 5444.93
8180.65 5441.25
8167.06 5438.03
8151.81 5434.91
8136.19 5431.72
8121.35 5428.71
8106.19 5426.05
8092.15 5423.71
8076.55 5421.11
8060.83 5418.48
8046.24 5416.05
8031.89 5413.65
8019.18 5411.53
8013.12 5420.07
8011.17 5432.31
8009.10 5445.33
8006.67 5458.13
8003.77 5471.13
8000.80 5484.45
7998.13 5496.80
7996.23 5506.45
7994.95 5512.94
7994.32 5516.13
7994.20 5516.72
7994.19 5516.80
7994.03 5517.61
7993.57 5519.93
7992.65 5524.24
7990.45 5529.82
7982.82 5535.57
7972.78 5534.96
7960.20 5534.48
7946.16 5534.13
7932.36 5533.79
7919.33 5533.48
7910.80 5533.27
7906.77 5533.17
7906.71 5533.17
7906.67 5533.16
7906.65 5533.16
7906.65 5533.16
7906.65 5533.16
