6895.76 2040.13
6895.04 2042.36
6893.74 2046.33
6891.69 2052.63
6888.96 2061.01
6885.55 2071.45
6881.37 2084.28
6876.48 2099.29
6870.84 2116.59
6864.22 2135.19
6856.50 2156.02
6848.10 2178.83
6838.77 2204.00
6828.60 2231.45
6817.76 2260.89
6806.54 2292.33
6794.66 2325.64
6782.76 2359.96
6771.07 2394.21
6759.81 2428.05
6749.13 2462.53
6738.77 2496.41
6729.20 2530.93
6720.19 2565.12
6712.21 2599.26
6703.93 2633.97
6696.70 2668.69
6690.56 2703.32
6685.87 2737.87
6681.67 2773.00
6678.77 2807.25
6676.22 2842.07
6675.23 2876.51
6675.03 2911.52
6675.94 2944.69
6678.27 2978.20
6681.45 3012.22
6685.97 3045.09
6691.29 3077.74
6698.21 3110.65
6705.84 3141.08
6714.18 3171.37
6723.85 3200.89
6734.42 3230.82
6745.29 3260.91
6756.94 3290.13
6769.26 3319.94
6783.58 3346.68
6795.21 3374.09
6810.63 3400.87
6826.22 3425.73
6842.63 3452.52
6860.43 3476.19
6878.35 3500.59
6896.00 3525.10
6914.15 3548.91
6932.90 3571.72
6951.89 3595.05
6970.98 3618.86
6988.74 3640.51
7008.53 3663.54
7029.11 3685.82
7049.05 3706.09
7070.75 3727.05
7092.21 3747.08
7114.18 3766.92
7136.27 3786.85
7158.74 3807.13
7180.87 3827.52
7202.40 3847.51
7224.10 3867.65
7246.49 3888.44
7268.41 3908.78
7288.44 3930.26
7307.43 3952.56
7325.92 3973.25
7340.09 3992.52
7352.40 4009.68
7363.84 4021.70
7375.18 4026.90
7388.63 4029.25
7400.47 4029.75
7414.24 4032.15
7426.53 4037.35
7437.53 4045.25
7445.80 4054.53
7455.60 4062.48
7465.63 4056.64
7476.56 4051.54
7488.09 4046.16
7499.71 4040.73
7510.92 4036.71
7523.59 4037.06
7535.71 4041.03
7545.85 4048.61
7554.35 4057.48
7558.87 4068.64
7561.01 4081.30
7560.23 4094.57
7559.88 4106.86
7560.86 4119.89
7562.72 4131.90
7567.49 4143.62
7573.89 4154.88
7578.81 4162.71
7583.95 4169.87
7589.88 4177.73
7596.05 4185.51
7603.35 4194.72
7612.06 4205.67
7621.55 4217.36
7630.78 4228.71
7639.16 4239.02
7647.88 4249.76
7656.25 4259.23
7664.88 4268.00
7674.16 4276.91
7682.70 4284.78
7692.10 4293.50
7699.22 4300.24
7705.61 4306.27
7711.03 4311.39
7717.63 4317.17
7725.16 4322.89
7732.51 4328.47
7740.41 4334.47
7749.20 4341.14
7759.52 4348.98
7768.20 4355.57
7775.57 4361.15
7780.01 4364.41
7785.84 4368.68
7792.97 4373.91
7802.91 4380.06
7813.68 4385.32
7824.77 4390.79
7836.83 4396.75
7848.80 4402.66
7861.07 4408.72
7871.39 4413.81
7883.14 4419.61
7893.81 4424.88
7905.03 4430.33
7917.11 4435.59
7929.65 4440.83
7941.48 4445.78
7954.34 4450.92
7963.02 4454.36
7967.52 4456.14
7968.65 4456.59
7968.73 4456.62
7968.75 4456.63
7968.76 4456.63
7968.76 4456.63
7968.76 4456.63
7968.76 4456.63
7968.76 4456.63
7968.76 4456.63
7968.76 4456.63
7968.76 4456.63
7968.76 4456.63
7968.76 4456.63
7968.76 4456.63
7968.76 4456.63
7969.61 4456.97
7972.67 4458.18
7976.72 4459.78
7980.22 4461.17
7985.62 4463.65
7988.54 4465.40
7991.91 4469.57
7991.72 4477.21
7988.55 4486.91
7984.59 4499.03
7980.04 4512.93
7975.11 4527.70
7969.98 4542.93
7964.96 4557.77
7960.66 4570.51
7955.98 4584.38
7951.81 4596.72
7949.08 4604.81
7947.79 4608.63
7947.58 4609.26
7947.53 4609.41
7947.50 4609.48
7947.50 4609.49
7947.50 4609.50
7947.50 4609.50
7947.50 4609.50
7947.50 4609.50
7947.50 4609.50
7947.50 4609.50
7947.50 4609.50
7947.50 4609.50
7947.50 4609.50
7950.63 4610.55
7950.42 4611.18
7950.36 4611.36
7950.33 4611.45
7950.31 4611.49
7950.31 4611.50
7950.31 4611.50
7950.31 4611.50
7950.31 4611.50
7950.31 4611.50
7950.31 4611.50
7950.31 4611.50
7949.98 4612.49
7948.93 4615.59
7947.59 4619.57
7945.77 4625.00
7943.72 4631.09
7941.08 4638.98
7938.04 4648.03
7934.53 4658.48
7930.81 4669.59
7926.70 4681.86
7922.48 4694.44
7918.62 4705.97
7914.91 4717.02
7910.73 4728.87
7906.86 4739.87
7902.56 4752.04
7898.23 4764.34
7894.11 4776.02
7889.99 4787.70
7885.20 4801.28
7880.73 4813.90
7876.47 4825.95
7872.12 4837.62
7866.92 4849.44
7861.43 4861.92
7855.73 4874.86
7850.10 4887.25
7843.79 4898.10
7836.79 4909.51
7829.93 4920.69
7823.14 4931.76
7816.39 4942.76
7809.23 4954.39
7801.47 4966.39
7791.38 4975.54
7782.52 4988.78
7773.81 5001.79
7764.57 5015.60
7755.57 5028.95
7746.16 5042.28
7736.90 5055.32
7727.95 5067.91
7718.76 5080.84
7709.75 5093.51
7702.61 5103.56
7697.83 5110.28
7694.81 5114.53
7694.05 5115.60
7693.90 5115.82
7692.83 5117.30
7690.59 5119.94
7686.36 5122.61
7679.46 5126.62
7670.27 5131.41
7659.04 5136.61
7645.42 5142.67
7630.60 5147.59
7614.95 5152.06
7599.78 5155.76
7583.42 5158.37
7567.54 5160.00
7551.83 5165.10
7536.29 5167.35
7519.83 5169.75
7503.23 5172.16
7487.86 5174.36
7472.11 5176.59
7456.35 5178.86
7440.46 5182.44
7424.87 5186.85
7410.08 5191.03
7395.78 5196.88
7381.91 5205.52
7369.59 5217.09
7356.71 5225.58
7344.25 5234.37
7331.42 5243.44
7317.86 5253.00
7304.88 5262.03
7292.17 5272.23
7281.60 5283.20
7276.85 5298.28
7277.38 5314.40
7281.56 5329.05
7287.54 5344.07
7293.65 5359.43
7299.70 5374.60
7305.85 5390.04
7311.79 5404.96
7317.64 5419.64
7323.55 5434.48
7329.58 5449.60
7335.23 5463.77
7340.59 5477.23
7343.60 5487.84
7345.12 5494.27
7345.68 5496.65
7345.69 5496.68
7345.69 5496.68
7345.69 5496.69
7345.69 5496.69
7345.69 5496.69
7345.69 5496.69
7345.69 5496.69
7345.69 5496.69
7345.69 5496.69
7345.69 5496.69
7345.69 5496.69
7345.69 5496.69
7345.69 5496.69
7345.69 5496.69
7345.69 5496.69
7345.69 5496.69
7345.69 5496.69
7345.69 5496.69
7345.69 5496.69
7345.69 5496.69
7345.69 5496.69
7345.69 5496.69
7346.07 5498.27
7346.83 5501.47
7347.98 5506.33
7349.77 5513.85
7352.29 5522.96
7356.45 5534.45
7361.35 5547.97
7366.78 5562.95
7372.14 5577.44
7378.21 5592.62
7383.98 5606.90
7389.79 5621.27
7394.26 5632.34
7397.05 5639.23
7398.28 5642.27
7400.16 5646.84
7402.80 5653.20
7406.37 5661.89
7410.67 5672.36
7415.84 5684.94
7421.77 5699.40
7427.65 5713.70
7433.34 5728.86
7436.82 5745.16
7438.27 5761.71
7437.30 5778.73
7434.38 5794.08
7429.22 5809.50
7422.29 5823.91
7414.75 5838.64
7408.16 5851.52
7403.36 5860.89
7400.63 5866.27
7399.98 5867.58
7399.95 5867.64
7399.93 5867.68
7399.92 5867.68
7399.92 5867.69
7399.92 5867.69
7399.92 5867.69
7399.92 5867.69
7399.92 5867.69
7399.92 5867.69
7399.92 5867.69
7399.92 5867.69
7399.92 5867.69
7399.92 5867.69
7399.92 5867.69
7399.92 5867.69
7399.92 5867.69
7399.92 5867.69
7399.92 5867.69
7399.92 5867.69
7399.92 5867.69
7399.92 5867.69
7399.92 5867.69
7399.92 5867.69
7399.92 5867.69
7399.92 5867.69
7399.92 5867.69
7399.92 5867.69
7399.92 5867.69
7399.27 5869.01
7398.41 5870.72
7397.05 5873.46
7395.98 5875.61
7395.68 5876.21
7395.08 5877.37
7393.64 5880.20
7391.59 5884.34
7388.85 5889.87
7385.09 5897.47
7380.46 5906.81
7374.95 5918.03
7368.61 5930.99
7361.56 5945.41
7355.23 5958.37
7348.39 5972.36
7342.45 5984.51
7336.23 5997.21
7330.26 6009.29
7325.39 6019.11
7321.36 6027.25
7318.60 6032.83
7317.72 6034.60
7317.29 6035.47
7317.10 6035.84
7317.08 6035.89
7315.99 6038.10
7314.26 6041.59
7311.24 6040.23
7310.37 6042.00
7308.78 6045.20
7306.15 6050.50
7302.63 6057.60
7297.94 6067.12
7292.03 6079.23
7284.85 6094.04
7278.43 6107.41
7271.15 6122.60
7265.80 6133.73
7259.70 6146.30
7252.65 6160.72
7245.51 6175.32
7238.34 6190.00
7231.44 6204.10
7221.54 6216.56
7214.22 6231.08
7207.29 6244.82
7199.87 6259.55
7192.71 6273.76
7185.13 6288.76
7177.99 6302.83
7170.99 6316.64
7163.93 6330.58
7156.32 6345.60
7148.94 6360.15
7141.52 6374.79
7133.92 6389.79
7126.45 6404.52
7119.07 6419.09
7112.12 6432.80
7105.01 6446.74
7097.65 6460.75
7090.21 6474.77
7082.92 6488.51
7077.73 6498.28
7074.62 6504.14
7072.50 6508.14
7072.31 6508.50
7072.27 6508.57
7072.26 6508.59
7072.25 6508.60
7072.25 6508.60
7072.25 6508.60
7072.25 6508.60
7072.25 6508.60
7072.25 6508.60
7072.25 6508.60
7072.25 6508.60
7072.25 6508.60
7072.25 6508.60
7072.25 6508.60
7072.25 6508.60
7072.25 6508.60
7072.25 6508.60
7072.25 6508.60
7072.25 6508.60
7072.25 6508.60
7072.25 6508.60
7072.25 6508.60
7072.25 6508.60
7072.25 6508.60
7072.25 6508.60
7072.25 6508.60
7072.25 6508.60
7072.25 6508.60
7072.25 6508.60
7072.25 6508.60
7072.25 6508.60
7072.25 6508.60
7072.25 6508.60
7072.25 6508.60
7071.68 6509.68
7070.90 6511.16
7069.31 6514.14
7066.94 6518.61
7063.38 6524.99
7059.27 6532.43
7054.63 6541.68
7049.19 6552.98
7043.71 6566.45
7038.75 6578.65
7033.61 6591.32
7028.80 6603.15
7025.13 6612.18
7021.76 6620.46
7018.00 6629.73
7013.92 6639.77
7009.71 6650.11
7006.39 6658.29
7002.84 6667.03
6999.31 6675.71
6995.25 6685.70
6991.21 6695.65
6987.37 6705.10
6983.90 6713.64
6980.60 6721.76
6977.48 6729.45
6974.73 6736.21
6972.91 6740.68
6971.97 6742.99
6971.91 6743.15
6971.86 6743.27
6971.84 6743.31
6971.83 6743.34
6971.83 6743.34
6971.83 6743.34
6971.83 6743.35
6971.83 6743.35
6971.83 6743.35
6971.83 6743.35
6971.83 6743.35
6971.83 6743.35
6971.83 6743.35
6971.83 6743.35
6971.83 6743.35
6971.83 6743.35
6971.83 6743.35
6971.83 6743.35
6971.83 6743.35
6971.83 6743.35
6971.83 6743.35
6971.83 6743.35
6971.83 6743.35
6971.83 6743.35
6971.83 6743.35
6971.83 6743.35
6971.83 6743.35
6971.83 6743.35
6971.83 6743.35
6971.83 6743.35
6971.83 6743.35
6971.83 6743.35
6971.83 6743.35
6971.83 6743.35
6971.83 6743.35
6971.83 6743.35
6971.83 6743.35
6971.83 6743.35
6971.83 6743.35
6971.83 6743.35
6971.83 6743.35
6971.83 6743.35
6971.83 6743.35
6971.83 6743.35
6971.83 6743.35
6971.83 6743.35
6971.83 6743.35
6971.83 6743.35
6971.83 6743.35
6971.83 6743.35
6971.83 6743.35
6971.83 6743.35
6971.60 6743.90
6970.76 6745.98
6969.69 6748.60
6967.91 6752.99
6965.83 6758.10
6963.11 6764.79
6961.34 6769.15
6961.18 6769.55
6961.13 6769.66
6960.63 6770.98
6959.44 6774.81
6957.79 6780.14
6955.25 6788.31
6952.63 6798.38
6951.01 6808.13
6949.58 6816.78
6948.39 6824.51
6947.72 6830.16
6947.30 6834.78
6947.18 6837.12
6947.09 6839.10
6947.02 6840.59
6946.86 6844.00
6946.56 6850.27
6946.17 6858.63
6945.97 6862.75
6945.76 6867.25
6945.47 6873.30
6945.22 6878.68
6945.09 6881.49
6945.06 6882.10
6945.04 6882.43
6945.03 6882.67
6948.32 6882.90
6948.23 6884.84
6948.07 6888.01
6948.03 6889.04
6948.01 6889.35
6948.01 6889.41
6948.01 6889.43
6948.01 6889.43
6948.01 6889.43
6948.01 6889.43
6948.01 6889.43
6948.01 6889.43
6948.01 6889.43
6948.01 6889.43
6948.01 6889.43
6948.01 6889.43
6948.01 6889.43
6948.01 6889.43
6948.01 6889.43
6948.01 6889.43
6948.01 6889.43
6948.01 6889.43
6948.01 6889.43
6948.01 6889.43
6948.01 6889.43
6948.01 6889.43
6948.01 6889.43
6948.01 6889.43
6948.01 6889.43
6948.01 6889.43
6948.01 6889.43
6948.01 6889.43
6948.01 6889.43
6948.01 6889.43
6948.01 6889.43
6948.01 6889.43
6948.01 6889.43
6948.01 6889.43
6948.01 6889.43
6948.01 6889.43
6948.01 6889.43
6948.01 6889.43
6948.01 6889.43
6948.01 6889.43
6948.01 6889.43
6948.01 6889.43
6948.01 6889.43
6948.01 6889.43
6948.01 6889.43
6948.01 6889.43
6948.01 6889.43
6948.01 6889.43
6948.01 6889.43
6947.91 6891.34
6947.72 6895.25
6947.39 6901.65
6943.63 6910.81
6942.99 6922.56
6942.24 6936.30
6941.36 6952.50
6940.51 6967.93
6939.62 6984.28
6938.76 6999.93
6937.88 7016.03
6937.01 7031.98
6936.13 7047.96
6935.29 7063.39
6934.66 7074.83
6934.01 7083.46
6933.13 7087.53
6932.71 7088.14
6930.84 7090.89
6926.06 7094.22
6918.31 7096.01
6907.56 7097.53
6894.15 7099.43
6879.08 7101.56
6861.50 7104.05
6844.61 7106.45
6831.84 7108.25
6823.54 7109.43
6819.68 7109.98
6819.27 7110.03
6819.19 7110.05
6819.17 7110.05
6819.16 7110.05
6819.16 7110.05
6819.16 7110.05
6819.16 7110.05
6819.16 7110.05
6819.16 7110.05
6819.16 7110.05
6819.16 7110.05
6819.16 7110.05
6819.16 7110.05
6819.16 7110.05
6819.16 7110.05
6819.16 7110.05
6819.16 7110.05
6819.16 7110.05
6819.16 7110.05
6819.16 7110.05
6819.16 7110.05
6819.16 7110.05
6819.16 7110.05
6819.16 7110.05
6819.16 7110.05
6819.16 7110.05
6819.16 7110.05
6819.16 7110.05
6819.16 7110.05
6819.16 7110.05
6819.16 7110.05
6819.16 7110.05
6819.16 7110.05
6819.16 7110.05
6819.16 7110.05
6819.16 7110.05
6819.16 7110.05
6819.16 7110.05
6819.16 7110.05
6819.16 7110.05
6819.16 7110.05
6816.43 7110.44
6811.66 7111.11
6804.53 7112.12
6795.08 7113.46
6783.45 7118.43
6769.37 7120.42
6752.93 7122.78
6734.31 7125.32
6715.61 7128.03
6696.03 7131.35
6676.97 7136.92
6658.96 7142.77
6641.95 7150.76
6626.35 7163.37
6609.63 7172.82
6593.37 7182.01
6576.37 7191.83
6561.13 7200.45
6550.12 7207.16
6542.96 7211.52
6538.83 7214.03
6537.82 7214.65
6537.81 7214.66
6537.81 7214.66
6537.81 7214.66
6537.81 7214.66
6537.81 7214.66
6537.81 7214.66
6537.81 7214.66
6537.81 7214.66
6537.81 7214.66
6537.81 7214.66
6537.81 7214.66
6537.81 7214.66
6537.81 7214.66
6537.81 7214.66
6537.81 7214.66
6537.81 7214.66
6536.33 7211.69
6533.87 7213.19
6529.33 7215.95
6526.26 7217.82
6525.28 7218.42
6525.23 7218.45
6525.22 7218.46
6525.22 7218.46
6523.74 7215.50
6522.26 7216.40
6521.77 7216.70
6521.61 7216.80
6521.61 7216.80
6521.61 7216.80
6521.61 7216.80
6521.61 7216.80
6521.61 7216.80
6521.61 7216.80
6521.61 7216.80
6521.61 7216.80
6521.61 7216.80
6521.61 7216.80
6521.61 7216.80
6521.61 7216.80
6521.61 7216.80
6521.61 7216.80
6521.61 7216.80
6521.61 7216.80
6521.61 7216.80
6521.61 7216.80
6521.61 7216.80
6521.61 7216.80
6521.61 7216.80
6521.61 7216.80
6521.61 7216.80
6521.61 7216.80
6521.61 7216.80
6521.61 7216.80
6521.61 7216.80
6521.61 7216.80
6521.61 7216.80
6521.61 7216.80
6521.61 7216.80
6520.73 7217.33
6517.95 7218.84
6513.52 7221.02
6509.27 7226.71
6501.45 7229.73
6495.29 7231.65
6487.53 7237.42
6478.88 7239.67
6468.24 7242.44
6456.53 7245.48
6444.59 7248.59
6433.16 7251.56
6419.62 7255.08
6405.81 7258.67
6392.02 7262.26
6379.16 7265.60
6368.22 7268.45
6360.05 7270.57
6355.49 7271.76
6355.18 7271.84
6354.99 7271.89
6354.94 7271.90
6354.89 7271.91
6354.89 7271.91
6354.89 7271.91
6354.89 7271.91
6354.89 7271.91
6354.89 7271.91
6354.89 7271.91
6354.89 7271.91
6352.79 7272.46
6348.97 7273.46
6343.38 7274.91
6338.57 7278.77
6340.81 7287.39
6343.63 7297.82
6347.18 7310.91
6346.32 7325.77
6347.43 7341.17
6348.45 7356.73
6346.42 7372.02
6343.34 7387.82
6334.81 7400.82
6325.48 7412.99
6313.01 7422.88
6298.72 7431.60
6283.88 7437.74
6268.98 7441.50
6253.20 7444.87
6238.62 7451.10
6225.05 7460.33
6214.33 7472.50
6205.96 7485.59
6198.71 7499.94
6192.20 7515.26
6188.02 7530.71
6185.38 7546.12
6184.41 7562.74
6189.68 7580.97
6191.75 7596.50
6192.40 7613.11
6190.43 7628.67
6185.06 7643.39
6177.24 7657.01
6165.13 7668.23
6150.74 7675.64
6134.49 7679.89
6118.45 7683.13
6102.18 7686.40
6085.92 7689.56
6069.43 7692.77
6053.96 7695.64
6037.76 7698.56
6021.78 7701.47
6006.73 7704.44
5991.45 7707.46
5976.30 7710.45
5960.69 7715.90
5946.50 7723.28
5934.30 7732.65
5923.02 7743.17
5912.37 7755.84
5901.57 7768.71
5891.46 7780.71
5880.68 7793.46
5870.54 7805.30
5859.69 7817.96
5848.94 7830.50
5838.40 7842.82
5827.87 7855.11
5817.24 7867.51
5806.33 7878.26
5792.88 7887.30
5778.10 7892.54
5762.39 7894.57
5745.97 7896.69
5730.15 7898.74
5714.16 7900.80
5697.58 7902.95
5681.04 7905.06
5665.72 7907.61
5649.38 7911.49
5634.17 7917.89
5619.72 7925.65
5607.02 7933.90
5594.48 7944.37
5583.46 7955.82
5573.39 7967.51
5566.42 7976.45
5561.70 7983.05
