9781.54 918.62
9780.73 920.28
9779.04 923.73
9776.44 929.05
9773.13 935.81
9769.09 944.05
9764.04 954.33
9758.53 965.54
9753.13 976.54
9747.74 987.51
9742.53 998.12
9737.07 1009.23
9731.58 1020.42
9726.17 1031.45
9720.69 1042.61
9715.53 1053.15
9712.00 1060.34
9710.46 1063.48
9710.29 1063.83
9710.24 1063.93
9710.23 1063.94
9710.23 1063.94
9710.23 1063.94
9710.23 1063.94
9710.23 1063.94
9710.23 1063.94
9710.23 1063.94
9710.23 1063.94
9710.23 1063.94
9710.23 1063.94
9710.23 1063.94
9710.23 1063.94
9710.23 1063.94
9710.23 1063.94
9710.23 1063.94
9710.23 1063.94
9710.23 1063.94
9710.23 1063.94
9710.23 1063.94
9710.23 1063.94
9710.23 1063.94
9710.23 1063.94
9710.23 1063.94
9710.23 1063.94
9710.23 1063.94
9710.23 1063.94
9710.23 1063.94
9710.23 1063.94
9710.23 1063.94
9710.23 1063.94
9710.23 1063.94
9710.23 1063.94
9710.23 1063.94
9710.23 1063.94
9710.23 1063.94
9710.23 1063.94
9710.23 1063.94
9710.23 1063.94
9710.23 1063.94
9710.23 1063.94
9710.23 1063.94
9710.23 1063.94
9710.23 1063.94
9710.23 1063.94
9710.23 1063.94
9709.13 1066.16
9707.05 1070.33
9703.87 1076.71
9699.69 1084.89
9694.65 1094.52
9688.80 1105.71
9682.86 1117.08
9677.14 1128.04
9671.47 1138.89
9665.90 1149.55
9660.50 1159.88
9654.99 1170.43
9649.39 1181.05
9643.51 1192.07
9637.97 1202.45
9632.51 1212.70
9627.05 1222.89
9621.43 1233.34
9615.83 1243.75
9610.22 1254.50
9604.55 1265.53
9598.75 1276.28
9592.80 1287.29
9586.71 1298.57
9581.11 1308.94
9575.04 1320.16
9569.18 1331.02
9563.30 1341.90
9557.36 1352.89
9551.59 1363.57
9545.63 1374.60
9539.77 1385.46
9533.73 1396.64
9527.64 1407.92
9522.16 1418.05
9516.29 1428.92
9510.60 1439.46
9504.96 1449.90
9498.88 1461.16
9492.97 1472.09
9486.89 1483.35
9481.06 1494.14
9475.24 1504.92
9469.42 1515.70
9463.34 1526.95
9457.69 1537.40
9452.06 1547.85
9446.36 1558.42
9441.07 1568.24
9437.79 1574.33
9436.56 1576.61
9436.30 1577.10
9436.27 1577.15
9436.26 1577.16
9436.26 1577.17
9436.26 1577.17
9436.26 1577.17
9436.26 1577.17
9436.26 1577.17
9436.26 1577.17
9436.26 1577.17
9436.26 1577.17
9436.26 1577.17
9436.26 1577.17
9436.26 1577.17
9436.26 1577.17
9436.26 1577.17
9436.26 1577.17
9436.26 1577.17
9436.26 1577.17
9436.26 1577.17
9436.26 1577.17
9436.26 1577.17
9436.26 1577.17
9436.26 1577.17
9436.26 1577.17
9436.26 1577.17
9436.26 1577.17
9436.26 1577.17
9436.26 1577.17
9436.26 1577.17
9435.67 1578.25
9434.46 1580.49
9432.17 1584.76
9429.26 1590.26
9425.66 1597.07
9420.87 1606.13
9415.13 1617.16
9409.41 1628.24
9403.84 1639.00
9398.27 1649.77
9392.54 1660.87
9386.81 1671.94
9381.66 1681.90
9376.17 1692.52
9370.73 1703.10
9362.54 1711.88
9357.14 1722.98
9352.04 1733.86
9346.76 1745.28
9342.05 1755.84
9337.29 1766.54
9333.22 1777.73
9329.39 1789.14
9325.77 1800.22
9322.07 1811.57
9318.31 1823.07
9314.80 1834.57
9311.86 1846.40
9308.81 1858.67
9305.97 1870.08
9303.21 1881.50
9301.64 1889.01
9300.70 1893.51
9300.66 1893.72
9300.66 1893.73
9300.65 1893.74
9300.65 1893.74
9300.65 1893.74
9300.65 1893.74
9300.65 1893.74
9300.65 1893.74
9300.65 1893.74
9300.65 1893.74
9300.65 1893.74
9300.65 1893.74
9300.65 1893.74
9300.65 1893.74
9300.65 1893.74
9300.65 1893.74
9300.65 1893.74
9300.65 1893.74
9300.65 1893.74
9300.65 1893.74
9300.65 1893.74
9300.65 1893.74
9300.65 1893.74
9300.65 1893.74
9300.65 1893.74
9300.65 1893.74
9300.65 1893.74
9300.65 1893.74
9300.65 1893.74
9300.65 1893.74
9300.65 1893.74
9300.65 1893.74
9300.65 1893.74
9300.65 1893.74
9300.65 1893.74
9300.65 1893.74
9300.65 1893.74
9300.65 1893.74
9300.65 1893.74
9300.65 1893.74
9300.65 1893.74
9300.65 1893.74
9300.65 1893.74
9300.65 1893.74
9300.65 1893.74
9300.65 1893.74
9300.29 1895.62
9299.68 1899.01
9298.61 1904.94
9297.23 1912.85
9296.10 1923.51
9294.83 1935.48
9293.56 1947.58
9292.24 1960.03
9290.91 1972.67
9289.83 1985.30
9289.82 1997.11
9289.81 2008.76
9289.80 2021.00
9289.95 2033.85
9290.51 2045.55
9291.10 2057.93
9291.72 2070.70
9292.31 2083.11
9292.96 2095.61
9293.94 2108.15
9295.08 2120.66
9296.15 2132.42
9297.26 2144.63
9298.43 2157.37
9299.57 2169.95
9300.68 2182.20
9300.32 2194.22
9299.63 2205.76
9298.55 2218.30
9300.72 2231.41
9298.83 2244.05
9296.19 2256.12
9293.07 2268.00
9289.42 2279.57
9285.58 2291.02
9281.68 2302.67
9277.81 2314.21
9273.77 2326.27
9270.20 2338.00
9266.69 2349.68
9263.15 2361.49
9259.62 2373.24
9256.37 2384.43
9253.08 2396.49
9249.97 2407.85
9246.88 2419.16
9243.59 2431.22
9240.51 2442.48
9237.27 2454.02
9233.92 2465.89
9230.70 2477.26
9227.52 2489.01
9224.54 2500.89
9221.51 2513.01
9218.43 2525.32
9215.44 2537.29
9212.63 2548.50
9209.62 2560.32
9206.70 2571.51
9203.67 2583.12
9201.52 2591.32
9197.32 2594.34
9192.93 2598.07
9191.42 2603.85
9190.68 2606.68
9190.58 2607.05
9190.56 2607.11
9190.56 2607.12
9190.56 2607.12
9190.56 2607.12
9190.56 2607.12
9190.56 2607.12
9190.56 2607.12
9190.56 2607.12
9190.56 2607.12
9190.56 2607.12
9190.56 2607.12
9190.56 2607.12
9190.56 2607.12
9190.56 2607.12
9190.56 2607.12
9190.27 2608.24
9189.56 2610.93
9189.35 2611.74
9191.69 2615.85
9190.63 2619.66
9190.32 2620.76
9189.51 2623.68
9192.39 2625.63
9191.99 2627.10
9190.95 2630.84
9189.36 2636.29
9187.10 2643.96
9183.86 2652.82
9179.69 2664.08
9172.91 2675.28
9165.84 2685.91
9157.02 2694.63
9146.92 2701.27
9138.86 2708.11
9145.91 2719.40
9154.58 2731.27
9163.87 2742.94
9176.01 2750.95
9188.56 2759.22
9200.96 2767.39
9213.11 2775.40
9225.78 2781.75
9239.40 2787.99
9252.46 2793.98
9266.48 2800.41
9280.09 2806.65
9293.67 2812.88
9307.14 2819.55
9317.76 2829.44
9328.55 2839.49
9339.66 2849.99
9348.35 2861.68
9357.40 2873.85
9366.30 2885.82
9374.90 2897.57
9383.53 2909.60
9391.76 2921.08
9399.93 2934.01
9405.24 2947.18
9410.79 2960.94
9416.05 2975.35
9418.83 2989.30
9421.75 3004.05
9424.61 3018.41
9426.10 3032.66
9427.37 3047.75
9428.55 3061.80
9429.65 3076.31
9430.79 3091.31
9432.73 3105.58
9436.32 3119.35
9440.01 3133.52
9446.36 3146.79
9453.23 3159.63
9460.08 3172.44
9467.09 3185.55
9474.01 3198.73
9480.90 3212.52
9487.29 3225.35
9497.26 3236.37
9508.20 3246.56
9519.18 3256.77
9530.18 3267.01
9540.68 3276.79
9551.78 3287.12
9562.71 3297.30
9573.15 3307.01
9584.21 3317.31
9595.44 3327.76
9606.19 3337.77
9617.30 3348.11
9627.78 3357.87
9639.03 3368.34
9649.22 3379.76
9658.55 3391.59
9667.28 3402.66
9676.35 3414.16
9685.79 3426.14
9694.68 3437.42
9701.81 3450.78
9706.70 3464.60
9711.02 3478.15
9714.79 3492.06
9718.54 3505.87
9722.36 3519.94
9726.31 3534.46
9730.17 3548.67
9734.82 3563.25
9740.98 3576.33
9748.94 3588.06
9757.51 3600.70
9766.84 3612.89
9775.92 3624.31
9785.44 3636.28
9794.59 3647.79
9804.37 3659.49
9814.11 3670.42
9824.26 3681.81
9834.12 3692.87
9844.09 3704.06
9854.00 3715.19
9863.97 3726.37
9874.22 3737.88
9883.88 3748.71
9893.89 3759.95
9903.40 3770.62
9913.56 3782.01
9923.75 3793.45
9933.72 3804.64
9943.10 3815.17
9950.26 3828.17
9960.32 3839.46
9970.38 3850.74
9980.60 3862.21
9990.44 3873.25
10000.46 3884.50
10009.84 3895.03
10019.66 3906.05
10029.87 3917.50
10039.33 3928.11
10048.71 3938.64
10058.84 3950.00
10069.02 3961.62
10079.24 3973.29
10088.81 3984.22
10098.67 3995.48
10108.49 4006.70
10118.01 4017.58
10128.21 4029.25
10139.06 4040.15
10151.51 4047.70
10164.85 4052.95
10178.37 4057.03
10188.77 4067.37
10198.61 4078.54
10199.52 4093.35
10201.43 4107.33
10203.04 4121.74
10203.21 4136.66
10203.11 4151.97
10203.01 4167.38
10204.42 4182.45
10209.56 4196.55
10216.56 4209.78
10223.85 4220.72
10228.56 4227.90
10230.10 4231.56
10229.17 4237.09
10224.43 4242.42
10217.23 4248.48
10208.56 4255.77
10209.46 4269.03
10217.52 4280.90
10225.26 4294.10
10232.14 4307.21
10239.13 4320.56
10245.92 4333.51
10256.77 4343.10
10268.64 4351.95
10276.62 4364.82
10282.93 4378.40
10283.21 4392.83
10274.76 4404.12
10264.85 4413.87
10254.49 4424.06
10243.92 4434.46
10233.18 4445.07
10224.54 4458.25
10213.85 4468.81
10203.34 4479.19
10193.18 4489.21
10182.81 4499.45
10172.29 4509.83
10161.50 4520.49
10151.19 4530.68
10140.68 4541.05
10129.97 4551.51
10118.89 4561.78
10108.18 4571.53
10097.45 4581.29
10086.26 4591.47
10075.50 4601.26
10064.75 4610.97
10053.54 4621.09
10042.67 4630.91
10031.28 4639.91
10019.94 4648.37
10006.69 4656.05
9993.51 4662.71
9979.42 4668.39
9965.18 4672.85
9950.68 4676.93
9936.13 4681.03
9922.36 4685.81
9908.26 4691.83
9894.94 4699.31
9882.93 4708.34
9870.68 4717.63
9859.37 4727.04
9847.90 4736.57
9837.03 4745.61
9825.56 4755.14
9814.36 4764.45
9803.18 4773.74
9791.77 4783.23
9780.56 4792.55
9769.00 4802.16
9758.01 4811.30
9747.03 4820.43
9735.16 4830.29
9723.59 4839.91
9712.51 4849.12
9701.18 4858.54
9690.78 4868.70
9679.72 4879.15
9667.47 4886.14
9654.31 4890.98
9639.17 4891.71
9625.06 4891.94
9611.16 4890.41
9596.48 4886.28
9582.71 4882.41
9568.60 4877.14
9554.94 4871.96
9540.79 4866.60
9526.39 4861.64
9512.21 4856.97
9498.51 4853.07
9483.18 4852.39
9468.76 4853.76
9454.46 4857.15
9440.59 4862.00
9427.27 4866.96
9413.80 4872.24
9400.56 4878.68
9388.13 4887.02
9377.01 4896.93
9366.82 4907.07
9358.22 4919.57
9355.50 4934.15
9359.22 4948.11
9366.93 4959.92
9374.22 4972.01
9381.51 4984.47
9388.87 4997.79
9395.72 5010.45
9403.00 5023.45
9410.39 5036.21
9416.00 5049.35
9411.64 5061.25
9399.68 5070.66
9388.31 5079.72
9376.36 5089.25
9364.72 5098.55
9352.57 5107.83
9340.10 5116.48
9325.59 5119.67
9311.77 5117.28
9299.30 5110.73
9288.45 5100.99
9278.95 5090.48
9272.58 5076.84
9266.10 5062.95
9259.98 5049.83
9249.26 5040.33
9242.33 5052.05
9241.06 5067.00
9239.77 5082.24
9234.41 5095.55
9226.17 5107.68
9216.23 5119.09
9205.78 5129.33
9194.04 5137.40
9183.12 5146.06
9179.67 5159.88
9169.27 5169.78
9155.24 5169.06
9141.80 5163.87
9128.36 5158.06
9114.30 5151.98
9100.14 5145.85
9086.33 5139.88
9072.31 5134.55
9057.68 5132.98
9044.97 5140.35
9035.53 5150.85
9026.62 5162.24
9017.17 5174.34
9008.41 5185.55
8999.26 5197.26
8989.75 5208.43
8979.47 5218.68
8967.98 5228.67
8956.27 5236.79
8944.35 5245.20
8932.42 5253.87
8920.00 5262.91
8908.40 5271.35
8896.02 5280.36
8884.46 5288.77
8872.60 5297.40
8860.87 5305.93
8847.01 5310.74
8833.84 5318.56
8820.20 5324.58
8806.18 5328.98
8791.69 5332.13
8777.21 5333.28
8762.42 5334.56
8747.80 5336.97
8732.76 5339.92
8717.82 5342.86
8703.36 5347.72
8689.36 5352.87
8676.26 5359.74
8663.40 5368.08
8651.79 5377.63
8642.76 5389.09
8633.57 5400.77
8626.42 5414.41
8620.08 5428.03
8613.91 5441.28
8608.20 5455.75
8602.83 5470.19
8597.66 5484.11
8592.69 5497.46
8587.64 5511.06
8580.68 5523.47
8566.60 5524.75
8552.49 5524.44
8537.88 5523.70
8522.76 5522.51
8508.54 5520.76
8493.92 5517.72
8479.68 5514.10
8464.86 5510.34
8451.13 5506.85
8436.47 5503.13
8422.29 5499.53
8407.98 5495.90
8394.35 5492.44
8379.62 5488.53
8366.00 5484.74
8351.32 5480.74
8337.27 5477.02
8322.54 5473.31
8308.00 5469.97
8294.19 5466.50
8279.61 5462.83
8265.31 5459.34
8251.01 5455.88
8236.13 5452.24
8221.53 5448.46
8206.26 5447.72
8191.36 5443.94
8176.79 5440.26
8163.00 5437.20
8149.08 5434.36
8134.49 5431.37
8119.59 5428.37
8105.22 5425.89
8090.65 5423.46
8075.99 5421.01
8061.08 5418.52
8045.92 5415.99
8031.46 5413.58
8018.23 5411.37
8013.04 5420.60
8011.23 5431.99
8009.40 5443.42
8011.66 5453.71
8021.71 5459.43
8031.43 5467.43
8040.53 5474.92
8050.22 5482.90
8059.47 5490.69
8068.37 5499.62
8076.84 5508.13
8085.72 5516.18
8094.59 5523.86
8101.69 5530.00
8105.53 5533.32
8104.29 5540.16
8098.48 5548.23
8093.41 5557.96
8088.97 5563.82
8082.62 5570.85
8070.66 5570.65
8061.20 5564.36
8051.38 5558.44
8040.60 5551.94
8029.77 5546.15
8018.42 5542.04
8007.21 5538.91
7994.75 5536.87
7983.45 5535.61
7971.64 5535.15
7969.85 5546.31
7969.73 5558.05
7969.61 5569.66
7969.49 5581.65
7969.40 5590.72
7969.35 5595.42
7969.07 5601.88
7973.21 5608.70
7979.89 5616.82
7986.78 5626.31
7993.76 5636.80
8000.19 5646.48
8007.29 5657.16
8014.27 5667.65
8021.27 5678.17
8028.04 5688.36
8034.58 5698.21
8041.34 5708.37
8047.86 5718.18
8054.52 5728.19
8061.32 5738.41
8067.85 5748.24
8074.26 5757.88
8080.81 5767.74
8087.42 5777.67
8094.45 5788.26
8099.50 5799.10
8098.25 5811.14
8096.58 5823.16
8093.59 5834.70
8090.56 5846.11
8087.19 5857.48
8083.61 5868.93
8079.98 5880.51
8076.49 5891.68
8072.78 5903.53
8069.27 5915.69
8067.23 5927.11
8065.52 5939.46
8063.94 5950.94
8061.77 5962.35
8059.61 5973.74
8057.54 5986.01
8056.77 5997.61
8057.13 6009.36
8057.51 6022.08
8057.89 6034.55
8058.27 6046.84
8058.66 6059.56
8059.02 6071.27
8059.45 6083.80
8059.46 6096.27
8058.25 6107.87
8056.97 6120.21
8055.68 6132.53
8054.13 6144.92
8052.46 6156.82
8050.87 6168.72
8049.18 6180.58
8047.53 6192.22
8045.81 6204.27
8044.08 6216.48
8042.41 6228.23
8040.71 6240.15
8039.04 6251.92
8037.53 6264.24
8036.14 6276.41
8034.72 6287.96
8033.19 6300.21
8031.72 6311.92
8030.17 6324.33
8028.67 6336.35
8023.50 6347.03
8017.08 6356.73
8010.11 6366.05
8000.69 6374.71
7991.29 6383.35
7980.62 6388.37
7969.27 6393.29
7957.92 6394.74
7946.08 6394.28
7934.52 6393.39
7922.62 6395.09
7910.72 6399.11
7899.71 6402.82
7891.08 6406.88
7886.20 6410.32
7883.93 6411.92
7883.74 6412.06
7883.68 6412.10
7883.67 6412.11
7883.66 6412.12
7883.66 6412.12
7883.66 6412.12
7883.66 6412.12
7883.66 6412.12
7883.66 6412.12
7883.66 6412.12
7883.66 6412.12
7883.66 6412.12
7883.66 6412.12
7883.66 6412.12
7883.66 6412.12
7883.66 6412.12
7883.66 6412.12
7883.66 6412.12
7883.66 6412.12
7883.66 6412.12
7883.66 6412.12
7883.66 6412.12
7883.66 6412.12
7883.66 6412.12
7883.66 6412.12
7883.66 6412.12
7883.66 6412.12
7883.66 6412.12
7883.66 6412.12
7883.66 6412.12
7883.66 6412.12
7883.66 6412.12
7883.66 6412.12
7883.66 6412.12
7883.66 6412.12
7883.66 6412.12
7882.82 6412.71
7880.66 6414.23
7876.97 6416.84
7872.82 6419.77
7872.47 6424.17
7879.55 6429.96
7889.25 6433.07
7901.34 6436.94
7912.93 6440.65
7924.26 6444.28
7936.47 6448.19
7948.60 6452.09
7959.59 6456.31
7970.72 6461.06
7981.85 6466.56
7993.38 6470.42
8004.52 6476.99
8014.93 6484.26
8024.81 6491.15
8034.77 6498.10
8044.76 6505.07
8054.43 6511.82
8064.79 6519.05
8074.64 6525.92
8084.09 6533.03
8091.99 6541.37
8101.91 6547.31
8112.51 6553.05
8124.10 6558.45
8135.74 6562.52
8148.67 6563.27
8159.92 6566.95
8171.70 6570.80
8182.71 6573.86
8193.97 6576.99
8205.43 6580.16
8217.22 6583.43
8229.30 6586.48
8240.96 6589.32
8252.11 6592.03
8263.99 6594.93
8275.86 6597.82
8287.73 6600.71
8300.20 6602.57
8312.68 6603.57
8325.27 6603.71
8337.27 6602.60
8348.44 6600.04
8360.46 6596.11
8372.31 6591.86
8383.13 6587.17
8393.71 6582.08
8405.29 6576.52
8415.81 6571.45
8427.20 6565.79
8437.97 6560.27
8449.55 6555.51
8461.13 6551.82
8472.38 6548.25
8483.48 6544.71
8495.90 6541.37
8508.39 6539.95
8520.68 6538.56
8532.95 6537.17
8544.99 6535.81
8557.26 6534.42
8569.37 6534.09
8581.39 6533.97
8594.02 6535.29
8606.21 6538.80
8618.03 6542.06
8629.95 6545.52
8640.94 6551.03
8651.02 6557.00
8661.58 6564.24
8671.67 6571.29
8681.29 6578.47
8691.26 6586.56
8698.91 6596.53
8705.36 6606.57
8711.00 6617.09
8715.95 6626.33
8719.11 6632.22
8720.20 6634.27
8720.31 6634.47
8720.32 6634.48
8720.32 6634.48
8720.32 6634.48
8720.32 6634.48
8720.32 6634.48
8720.32 6634.48
8720.32 6634.48
8720.32 6634.48
8720.32 6634.48
8720.32 6634.48
8720.32 6634.48
8720.32 6634.48
8720.32 6634.48
8720.32 6634.48
8720.32 6634.48
8720.32 6634.48
8720.32 6634.48
8720.32 6634.48
8720.32 6634.48
8720.32 6634.48
8720.32 6634.48
8720.32 6634.48
8720.32 6634.48
8720.32 6634.48
8720.32 6634.48
8720.32 6634.48
8720.32 6634.48
8720.32 6634.48
8720.97 6635.73
8722.48 6638.86
8724.93 6643.97
8727.87 6650.86
8731.56 6659.78
8736.07 6671.06
8740.50 6682.13
8745.68 6693.56
8751.39 6703.66
8757.21 6713.94
8763.02 6724.22
8769.32 6735.33
8777.07 6744.44
8785.65 6753.90
8793.93 6763.04
8801.76 6771.53
8811.51 6779.67
8821.36 6787.88
8830.70 6795.63
8840.94 6801.34
8851.90 6807.46
8862.37 6813.30
8873.03 6818.10
8883.76 6822.92
8894.97 6827.48
8906.19 6831.21
8917.39 6834.94
8928.75 6838.72
8940.65 6842.68
8951.75 6846.37
8963.89 6850.41
8975.71 6854.35
8987.80 6858.37
8999.52 6862.27
9011.61 6866.29
9023.42 6870.22
9035.50 6874.24
9047.26 6878.16
9058.99 6882.06
9070.68 6885.95
9081.63 6889.60
9092.89 6893.34
9103.96 6897.02
9115.58 6900.89
9126.57 6904.55
9138.60 6908.55
9149.75 6912.26
9161.69 6916.24
9173.80 6920.27
9185.63 6924.20
9197.27 6928.08
9208.38 6931.78
9219.72 6935.55
9231.04 6939.42
9242.06 6944.07
9252.84 6948.62
9263.31 6954.17
9273.55 6960.25
9284.37 6966.68
9294.46 6972.68
9304.89 6978.88
9315.39 6985.12
9325.66 6991.23
9336.07 6997.41
9346.29 7003.48
9356.68 7009.67
9366.69 7015.61
9377.63 7022.11
9388.54 7028.60
9399.49 7035.11
9410.38 7041.58
9420.85 7047.81
9431.88 7052.48
9443.17 7057.12
9454.39 7061.73
9465.39 7066.25
9476.74 7070.91
9488.35 7075.67
9499.87 7080.41
9510.96 7084.96
9521.97 7089.48
9533.21 7094.10
9544.20 7098.59
9555.39 7103.17
9566.41 7107.68
9578.10 7112.46
9588.92 7116.88
9599.61 7121.25
9611.25 7126.01
9621.97 7130.40
9633.23 7135.00
9644.11 7139.45
9655.65 7144.17
9667.25 7148.91
9678.94 7153.69
9689.57 7158.04
9700.45 7162.49
9711.09 7166.85
9721.93 7171.28
9732.72 7175.69
9743.38 7177.85
9739.32 7167.14
9728.01 7162.25
9716.82 7157.28
9706.29 7152.48
9695.77 7146.62
9685.20 7140.49
9677.22 7131.91
9670.25 7122.00
9668.80 7110.48
9668.72 7098.06
9671.94 7087.09
9675.87 7076.14
9680.12 7065.02
9684.65 7053.53
9690.57 7042.53
9698.58 7032.63
9706.47 7022.92
9713.98 7014.15
9721.62 7005.22
9729.68 6995.79
9737.80 6986.31
9746.06 6976.65
9754.42 6967.23
9762.77 6958.47
9771.04 6949.78
9779.12 6941.30
9787.23 6932.78
9795.71 6923.87
9803.92 6915.25
9812.77 6905.96
9821.35 6896.62
9828.71 6887.61
9836.31 6878.30
9843.62 6869.29
9850.78 6860.20
9857.77 6850.06
9863.96 6840.30
9870.36 6830.02
9876.53 6820.09
9882.98 6809.74
9889.30 6799.58
9895.75 6789.22
9902.29 6778.63
9908.27 6768.64
9910.50 6757.64
9910.92 6750.17
9907.23 6742.76
9894.96 6740.13
9884.18 6735.60
9873.48 6730.87
9862.91 6726.29
9852.23 6721.59
9841.36 6717.02
9830.66 6712.63
9819.39 6708.80
9808.01 6705.22
9796.61 6701.83
9784.74 6698.24
9773.40 6694.81
9761.54 6691.57
9750.30 6688.64
9737.88 6685.43
9725.81 6682.36
9714.47 6679.46
9703.29 6676.61
9691.23 6673.79
9679.26 6672.16
9667.04 6670.97
9654.27 6670.80
9642.25 6670.52
9630.07 6668.91
9618.64 6667.41
9606.46 6665.80
9594.06 6664.17
9581.58 6662.53
9570.00 6660.57
9557.99 6658.37
9545.94 6656.25
9536.72 6654.49
9530.71 6653.24
9528.32 6652.74
9523.57 6651.64
9516.42 6650.22
9512.42 6649.46
