3380.68 4685.26
3382.50 4685.55
3386.74 4686.22
3393.51 4687.30
3401.98 4688.65
3412.76 4690.36
3425.11 4692.32
3439.11 4694.55
3453.87 4696.89
3469.28 4699.34
3484.10 4701.70
3498.88 4704.12
3513.86 4706.63
3529.17 4709.20
3545.00 4711.86
3559.89 4714.37
3574.56 4717.41
3590.11 4721.09
3605.01 4724.61
3620.43 4728.26
3634.94 4731.69
3650.31 4735.94
3664.68 4740.12
3679.46 4744.87
3694.38 4749.91
3708.41 4755.00
3722.57 4760.35
3736.71 4765.64
3751.42 4771.22
3765.68 4776.90
3780.28 4782.71
3793.71 4789.34
3808.01 4795.75
3822.71 4802.34
3836.41 4808.49
3849.97 4814.57
3864.38 4821.03
3878.81 4827.50
3893.33 4834.02
3907.57 4840.40
3922.18 4846.95
3936.68 4853.45
3951.18 4859.96
3964.71 4866.03
3979.25 4872.54
3993.89 4879.11
4008.13 4885.50
4021.67 4891.57
4036.04 4898.01
4050.58 4904.53
4065.21 4911.10
4079.04 4917.30
4092.66 4923.40
4106.24 4929.62
4120.41 4936.08
4134.01 4942.27
4147.57 4948.44
4161.07 4954.59
4175.23 4961.04
4189.48 4967.57
4203.31 4974.04
4217.47 4980.67
4231.79 4987.37
4246.07 4994.05
4260.21 5000.67
4273.69 5006.97
4287.68 5013.52
4301.43 5019.96
4315.62 5026.60
4330.10 5033.37
4344.62 5040.16
4358.36 5046.60
4372.23 5053.09
4386.45 5059.62
4401.05 5065.53
4414.87 5070.97
4429.60 5074.64
4445.42 5076.81
4460.85 5076.76
4475.49 5073.57
4489.29 5066.72
4501.07 5056.56
4510.30 5044.80
4517.16 5031.33
4520.03 5015.80
4520.42 5000.72
4518.15 4985.97
4514.77 4970.85
4514.58 4956.67
4510.67 4941.31
4506.71 4925.71
4503.32 4910.69
4500.06 4895.71
4496.65 4880.04
4494.84 4864.26
4493.22 4848.95
4491.69 4834.13
4490.21 4819.13
4489.30 4803.84
4488.40 4788.48
4487.50 4773.24
4486.62 4758.37
4485.72 4743.18
4484.78 4727.29
4483.96 4711.90
4483.13 4696.05
4482.31 4680.44
4482.04 4665.41
4481.99 4650.36
4481.94 4634.85
4496.61 4635.27
4511.53 4635.21
4526.92 4635.14
4542.85 4635.07
4557.31 4638.36
4572.13 4639.06
4587.30 4643.28
4602.59 4647.62
4617.24 4651.95
4632.61 4656.48
4647.61 4660.89
4662.83 4665.33
4676.65 4671.61
4690.90 4679.13
4704.23 4687.12
4717.21 4694.90
4731.01 4703.18
4745.48 4709.68
4759.68 4714.16
4774.72 4717.65
4789.91 4720.16
4805.72 4721.49
4821.85 4721.94
4837.76 4722.39
4853.31 4722.83
4868.31 4723.25
4883.72 4723.69
4899.25 4724.12
4914.58 4724.56
4930.11 4725.00
4946.22 4725.81
4961.43 4727.14
4977.13 4728.52
4992.84 4730.89
5007.65 4734.01
5022.89 4737.29
5037.89 4740.82
5053.24 4744.63
5068.68 4748.63
5084.29 4752.67
5099.55 4756.62
5114.95 4760.58
5129.98 4764.46
5144.67 4768.24
5159.10 4771.96
5174.11 4775.82
5189.60 4779.72
5204.48 4783.53
5219.26 4787.59
5234.04 4791.64
5249.50 4795.89
5263.93 4799.75
5278.72 4803.67
5293.82 4807.59
5308.44 4810.50
5324.30 4812.51
5339.25 4817.22
5353.15 4818.53
5362.57 4819.41
5367.50 4819.87
5368.15 4819.93
5368.58 4819.97
5368.62 4819.98
5368.62 4819.98
5368.62 4819.98
5368.62 4819.98
5368.62 4819.98
5368.62 4819.98
5368.62 4819.98
5368.62 4819.98
5368.62 4819.98
5368.62 4819.98
5368.62 4819.98
5368.62 4819.98
5368.62 4819.98
5368.62 4819.98
5368.62 4819.98
5368.62 4819.98
5368.62 4819.98
5368.62 4819.98
5368.62 4819.98
5370.12 4820.16
5373.42 4820.74
5378.25 4821.70
5379.09 4822.09
5381.29 4823.13
5384.67 4825.84
5386.15 4831.69
5384.32 4840.36
5381.68 4851.56
5379.18 4864.94
5380.72 4880.92
5383.30 4896.21
5388.58 4910.74
5395.69 4925.11
5403.99 4938.62
5413.35 4950.98
5423.12 4962.54
5434.00 4974.25
5445.28 4984.35
5457.49 4994.51
5469.92 5004.22
5482.97 5013.30
5496.26 5021.77
5509.77 5030.38
5522.72 5038.62
5535.64 5046.86
5549.09 5055.42
5562.35 5063.93
5575.22 5072.20
5587.83 5080.29
5603.09 5086.17
5616.48 5094.78
5629.63 5103.22
5642.53 5111.47
5655.73 5119.77
5668.76 5127.95
5681.31 5135.94
5694.29 5144.21
5707.07 5152.81
5720.20 5161.49
5732.99 5169.72
5746.39 5178.23
5759.49 5186.55
5772.51 5194.82
5786.02 5203.40
5799.58 5210.68
5813.54 5217.87
5827.26 5224.10
5840.96 5230.16
5855.14 5236.43
5868.77 5242.46
5882.74 5248.64
5896.32 5254.64
5910.55 5259.77
5924.84 5264.13
5939.90 5268.73
5954.27 5273.12
5968.59 5277.49
5983.58 5282.06
5998.32 5286.56
6013.21 5291.11
6026.33 5299.48
6038.16 5307.60
6044.14 5322.07
6050.67 5336.78
6054.71 5351.41
6058.76 5366.03
6063.07 5381.61
6068.54 5396.38
6076.67 5408.68
6090.13 5417.02
6104.34 5421.86
6118.70 5426.73
6133.69 5431.81
6147.95 5436.64
6162.87 5441.70
6178.16 5446.88
6193.03 5452.24
6207.17 5457.11
6221.89 5461.53
6237.58 5465.65
6252.11 5469.47
6262.31 5472.15
6268.42 5473.75
6276.72 5476.07
6287.11 5479.99
6295.59 5490.92
6297.21 5504.23
6298.70 5516.57
6300.64 5529.82
6302.77 5543.05
6305.00 5555.54
6317.25 5554.88
6330.18 5551.59
6342.79 5548.54
6352.96 5546.40
6358.79 5545.58
6363.31 5551.40
6363.63 5561.02
6363.99 5573.21
6364.37 5586.05
6364.77 5599.29
6365.16 5612.53
6365.43 5621.50
6365.56 5625.97
6369.95 5629.56
6378.48 5629.33
6388.43 5629.07
6399.82 5632.07
6412.30 5631.77
6425.47 5631.69
6438.88 5632.20
6452.03 5633.16
6464.53 5633.34
6477.06 5633.22
6489.74 5633.10
6501.91 5632.99
6514.70 5632.87
6528.11 5632.75
6540.71 5632.63
6553.62 5632.51
6566.42 5632.39
6579.26 5632.27
6591.28 5633.32
6603.54 5636.78
6615.25 5640.10
6627.50 5643.64
6639.75 5650.33
6639.11 5663.43
6634.68 5675.61
6630.20 5687.96
6627.11 5696.46
6625.53 5700.82
6625.10 5702.01
6624.38 5704.71
6627.28 5707.63
6632.98 5709.96
6640.05 5712.85
6648.99 5716.51
6659.16 5720.67
6671.71 5725.87
6683.93 5735.02
6698.01 5741.39
6712.01 5747.44
6725.49 5755.15
6736.72 5765.15
6747.19 5776.73
6755.87 5789.14
6764.83 5801.93
6773.52 5814.84
6781.75 5827.65
6790.49 5841.27
6798.82 5854.24
6807.36 5867.54
6815.79 5880.66
6824.15 5893.69
6832.52 5906.73
6842.58 5917.91
6858.69 5919.33
6870.56 5916.30
6878.59 5916.69
6882.84 5918.25
6884.70 5918.96
6884.86 5919.03
6884.97 5919.07
6885.01 5919.08
6885.01 5919.08
6885.01 5919.08
6885.01 5919.08
6885.01 5919.08
6885.01 5919.08
6885.01 5919.08
6885.01 5919.08
6885.01 5919.08
6885.01 5919.08
6885.01 5919.08
6885.01 5919.08
6885.01 5919.08
6885.01 5919.08
6885.01 5919.08
6885.01 5919.08
6885.01 5919.08
6885.01 5919.08
6885.01 5919.08
6885.01 5919.08
6885.01 5919.08
6885.01 5919.08
6885.01 5919.08
6885.01 5919.08
6885.01 5919.08
6885.01 5919.08
6885.01 5919.08
6885.01 5919.08
6885.01 5919.08
6885.01 5919.08
6885.01 5919.08
6886.18 5919.56
6889.51 5921.17
6895.10 5923.88
6902.39 5928.07
6911.40 5933.31
6922.47 5939.74
6933.74 5946.29
6944.25 5952.40
6954.63 5958.43
6962.00 5962.71
6965.06 5965.21
6963.74 5970.85
6959.76 5977.20
6954.82 5985.05
6948.68 5994.80
6941.61 6006.01
6934.82 6016.79
6928.06 6027.52
6921.27 6038.30
6914.43 6049.14
6907.76 6059.74
6900.61 6071.08
6893.81 6081.87
6886.70 6093.17
6879.73 6104.21
6872.80 6115.21
6866.69 6124.91
6862.75 6131.17
6861.90 6139.07
6870.69 6146.30
6880.87 6154.65
6891.18 6163.12
6901.22 6171.36
6911.55 6179.85
6922.09 6185.98
6932.82 6192.21
6944.05 6198.74
6954.81 6204.99
6966.34 6211.69
6976.88 6217.79
6988.09 6224.19
6999.61 6230.74
7010.36 6236.85
7022.05 6243.50
7032.62 6249.51
7043.91 6255.93
7054.82 6262.13
7066.01 6268.49
7077.05 6274.77
7088.75 6279.53
7094.93 6268.52
7100.87 6257.37
7109.21 6247.24
7120.35 6250.66
7131.65 6255.74
7143.59 6261.11
7155.61 6266.51
7165.93 6271.15
7173.21 6274.42
7182.17 6278.66
7189.76 6286.92
7186.68 6300.30
7180.93 6311.64
7175.43 6322.49
7169.47 6334.25
7163.91 6345.23
7158.29 6356.31
7152.71 6367.32
7147.17 6378.23
7141.30 6389.82
7136.13 6400.02
7132.99 6406.21
7128.95 6406.90
7127.16 6410.42
7124.68 6415.32
7121.28 6422.02
7119.86 6432.12
7114.76 6442.19
7114.41 6452.46
7125.53 6457.75
7137.17 6463.28
7148.64 6468.73
7158.29 6473.31
7163.88 6475.97
7171.74 6479.98
7179.10 6487.66
7173.08 6497.83
7168.39 6511.19
7160.90 6522.78
7154.06 6533.29
7146.40 6543.26
7136.83 6552.92
7126.23 6561.49
7113.87 6566.05
7101.18 6567.29
7089.17 6563.12
7076.41 6557.94
7067.94 6554.50
7063.58 6552.71
7063.01 6552.47
7062.67 6552.33
7062.62 6552.31
7062.60 6552.30
7062.59 6552.30
7062.59 6552.30
7062.59 6552.30
7062.59 6552.30
7062.59 6552.30
7062.59 6552.30
7062.59 6552.30
7062.59 6552.30
7062.59 6552.30
7062.59 6552.30
7062.59 6552.30
7062.59 6552.30
7062.59 6552.30
7062.59 6552.30
7062.59 6552.30
7062.59 6552.30
7062.59 6552.30
7062.59 6552.30
7062.59 6552.30
7062.59 6552.30
7062.59 6552.30
7062.59 6552.30
7062.59 6552.30
7062.59 6552.30
7062.59 6552.30
7062.59 6552.30
7062.59 6552.30
7062.59 6552.30
7062.59 6552.30
7062.59 6552.30
7062.59 6552.30
7062.59 6552.30
7062.59 6552.30
7062.59 6552.30
7062.59 6552.30
7062.59 6552.30
7062.59 6552.30
7062.59 6552.30
7062.59 6552.30
7062.59 6552.30
7060.14 6551.44
7056.61 6552.56
7054.30 6557.91
7051.54 6564.70
7048.06 6573.28
7043.96 6583.36
7039.35 6594.71
7034.32 6607.09
7029.63 6618.64
7024.59 6631.03
7019.56 6643.41
7014.85 6655.01
7009.87 6667.26
7005.04 6679.15
7000.37 6690.64
6995.58 6702.43
6990.85 6714.07
6985.92 6726.21
6981.15 6737.96
6976.56 6749.24
6971.72 6761.15
6966.73 6773.51
6963.14 6785.01
6959.57 6796.82
6957.41 6809.90
6955.42 6821.91
6953.93 6834.33
6953.33 6847.02
6952.74 6859.34
6952.12 6872.47
6951.53 6884.83
6952.26 6897.30
6963.65 6900.71
6976.47 6902.59
6988.83 6904.40
6999.94 6911.36
7004.59 6922.89
7005.86 6935.93
7005.26 6948.55
7004.84 6960.95
7004.46 6973.67
7003.54 6986.62
7002.55 6998.91
7001.52 7011.37
7000.99 7023.65
7000.49 7035.86
7000.01 7048.94
6999.58 7061.51
6999.13 7074.36
6998.68 7086.64
6998.20 7099.53
6997.69 7112.63
6997.21 7125.25
6996.70 7138.39
6996.21 7151.19
6996.09 7163.93
7003.50 7173.85
7016.36 7177.22
7029.14 7180.83
7041.10 7184.00
7053.34 7187.34
7064.37 7190.41
7074.32 7193.07
7083.58 7195.60
7095.00 7198.98
7107.44 7202.61
7119.16 7206.01
7130.84 7209.53
7143.69 7213.15
7155.96 7216.73
7168.31 7220.00
7179.27 7222.90
7185.95 7225.08
7188.42 7232.75
7185.83 7242.51
7182.30 7254.51
7178.66 7266.93
7175.05 7279.21
7172.92 7291.94
7182.62 7301.52
7194.00 7307.15
7205.69 7312.93
7217.45 7318.75
7229.51 7324.72
7241.38 7330.59
7253.77 7333.83
7263.14 7336.43
7267.85 7340.12
7270.52 7347.44
7268.41 7356.92
7264.69 7367.45
7260.30 7379.88
7256.26 7391.57
7251.98 7404.09
7251.35 7416.78
7247.65 7428.53
7243.76 7440.90
7240.10 7452.52
7236.13 7465.15
7233.60 7478.23
7231.58 7490.86
7229.62 7503.18
7229.35 7515.39
7229.09 7527.54
7229.61 7540.15
7231.48 7552.34
7234.19 7565.03
7236.74 7577.46
7238.83 7590.31
7240.74 7603.23
7242.65 7616.10
7244.54 7628.89
7246.40 7641.47
7248.19 7653.64
7250.09 7666.47
7251.92 7678.86
7253.82 7691.72
7255.71 7704.47
7257.56 7717.01
7259.52 7730.30
7261.47 7743.50
7263.27 7755.67
7265.17 7768.54
7267.06 7781.32
7269.00 7794.40
7270.87 7807.09
7272.81 7820.21
7274.70 7833.03
7276.62 7846.00
7278.43 7858.26
7280.30 7870.91
7282.22 7883.89
7284.14 7896.92
7286.57 7908.63
7292.23 7919.56
7294.02 7932.30
7295.83 7945.17
7297.61 7957.81
7298.55 7970.62
7298.82 7983.22
7299.10 7996.13
7299.38 8008.88
7299.67 8022.02
7299.96 8035.40
7300.36 8048.14
7300.87 8060.49
7301.40 8073.61
7301.93 8086.40
7302.46 8099.47
7302.97 8112.03
7303.50 8125.05
7304.03 8137.81
7304.54 8150.30
7301.83 8164.66
7302.37 8177.97
7302.87 8190.34
7303.39 8203.49
7304.00 8216.21
7304.65 8228.93
7304.71 8241.73
7304.82 8254.83
7305.43 8268.17
7306.04 8281.33
7306.63 8294.19
7307.24 8307.39
7307.83 8320.26
7308.42 8333.07
7308.91 8345.96
7308.90 8358.98
7308.89 8371.31
7308.88 8384.37
7305.57 8397.86
7305.56 8410.37
7305.55 8423.00
7305.35 8435.31
7304.85 8448.29
7304.38 8460.55
7303.91 8472.89
7303.31 8485.10
7302.57 8498.40
7301.62 8511.59
7300.65 8524.96
7299.38 8537.92
7297.90 8550.41
7296.36 8563.42
7294.82 8576.38
7293.81 8584.93
7293.31 8589.20
7293.28 8589.39
7293.28 8589.45
7293.28 8589.46
7293.28 8589.46
7293.28 8589.46
7293.28 8589.46
7293.28 8589.46
7293.28 8589.46
7293.28 8589.46
7293.14 8590.59
7292.84 8593.12
7292.27 8597.92
7291.47 8604.83
7290.53 8613.17
7289.44 8623.58
7288.30 8635.43
7287.03 8648.51
7286.69 8660.96
7286.72 8674.35
7286.74 8683.70
7286.75 8688.85
7286.76 8691.41
7286.76 8691.64
7286.76 8691.73
7286.76 8691.78
7286.76 8691.79
7286.76 8691.80
7286.76 8691.80
7286.76 8693.67
7286.75 8697.46
7286.74 8699.06
7286.74 8702.35
7286.72 8707.04
7286.71 8711.62
7286.70 8717.03
7286.67 8721.82
7286.00 8729.42
7281.83 8737.93
7271.15 8740.13
7257.53 8741.32
7244.43 8739.25
7231.73 8737.24
7218.82 8736.06
7206.01 8734.91
7193.81 8733.98
7181.45 8733.47
7168.39 8732.95
7155.23 8732.42
7142.44 8731.92
7129.90 8731.24
7117.30 8729.79
7105.25 8726.58
7092.77 8722.72
7080.54 8721.80
7075.00 8733.36
7063.74 8737.44
7051.16 8735.68
7038.58 8733.91
7025.49 8732.08
7012.41 8730.76
6998.99 8730.96
6986.82 8731.14
6973.62 8731.34
6960.73 8731.54
6947.54 8731.74
6935.42 8732.45
6925.03 8740.98
6913.60 8742.42
6904.41 8733.55
6898.14 8727.50
6894.78 8722.73
6888.94 8719.13
6880.84 8723.45
6871.07 8729.67
6861.05 8736.88
6850.41 8745.01
6840.75 8752.35
6830.32 8760.22
6820.37 8767.73
6810.60 8775.11
6800.44 8783.10
6790.73 8791.85
6781.91 8801.46
6773.59 8811.72
6766.79 8821.88
6760.39 8832.49
6753.71 8843.54
6747.15 8854.22
6740.52 8864.62
6733.76 8874.93
6726.27 8884.85
6718.93 8894.57
6711.14 8904.21
6702.48 8913.83
6693.55 8923.75
6684.84 8932.37
6676.10 8940.97
6666.70 8949.19
6657.23 8957.47
6647.41 8965.39
6637.20 8972.32
6626.10 8979.81
6615.35 8986.82
6604.66 8993.05
6593.56 8998.97
6581.58 9005.35
6570.17 9011.43
6558.29 9016.38
6546.36 9021.03
6534.06 9025.37
6521.85 9028.35
6509.44 9030.84
6496.27 9032.35
6486.78 9032.84
6481.01 9032.85
6479.80 9032.86
6479.38 9032.86
