8557.60 70.42
8557.83 72.09
8558.38 76.10
8559.21 82.13
8560.25 89.71
8560.85 98.89
8561.55 110.13
8562.38 123.47
8563.30 138.04
8564.20 152.47
8565.06 166.20
8566.87 180.44
8568.70 193.70
8570.95 207.74
8573.14 221.30
8576.84 235.15
8581.49 248.97
8587.59 261.88
8593.49 274.34
8599.96 287.43
8606.57 299.53
8613.10 311.48
8619.60 323.35
8626.06 335.17
8632.51 346.96
8639.18 359.16
8646.25 372.10
8652.85 384.17
8659.64 396.59
8666.56 409.25
8673.05 421.10
8679.96 433.74
8686.38 445.49
8692.55 457.84
8696.20 470.75
8697.51 484.03
8697.94 497.79
8698.40 512.08
8698.83 525.68
8699.29 540.36
8699.74 554.41
8700.17 567.97
8700.63 582.65
8703.29 596.32
8707.62 609.17
8714.21 621.89
8721.31 633.97
8728.08 645.52
8735.06 657.41
8742.14 669.47
8749.14 681.40
8755.99 692.93
8764.49 704.11
8773.67 715.09
8783.75 724.34
8795.54 732.01
8807.41 738.65
8820.56 743.34
8833.29 747.89
8846.66 752.66
8859.01 757.90
8872.14 764.08
8882.62 772.75
8892.77 781.88
8901.31 792.32
8907.95 805.65
8916.65 816.30
8926.03 827.59
8936.32 838.11
8946.00 848.00
8956.56 857.89
8967.12 867.61
8977.17 876.81
8987.73 885.61
8998.64 894.30
9010.39 902.99
9021.80 911.46
9032.97 919.82
9044.03 928.11
9055.37 937.39
9066.20 946.47
9075.78 955.87
9085.31 966.79
9093.35 978.43
9101.07 990.00
9108.27 1002.18
9115.50 1014.42
9121.51 1024.31
9125.12 1031.00
9125.02 1039.95
9113.57 1043.28
9101.57 1041.95
9090.68 1039.27
9079.41 1036.50
9068.52 1033.82
9058.54 1034.76
9047.10 1031.94
9036.40 1029.31
9025.13 1026.53
9014.02 1023.80
9002.71 1021.02
8991.66 1018.30
8980.59 1015.57
8969.70 1012.89
8959.08 1010.27
8947.78 1010.98
8938.87 1017.78
8930.52 1026.15
8922.47 1034.20
8914.27 1042.41
8906.37 1050.31
8897.55 1058.50
8888.53 1066.22
8879.45 1074.00
8871.01 1081.23
8862.40 1088.02
8853.23 1094.63
8843.99 1101.28
8834.40 1108.19
8824.68 1115.19
8815.42 1121.86
8806.37 1128.81
8798.98 1137.99
8795.62 1149.45
8793.86 1161.34
8792.32 1172.99
8790.82 1184.30
8789.25 1196.18
8787.69 1208.03
8786.15 1219.64
8784.67 1230.84
8783.06 1243.03
8781.60 1254.07
8780.02 1266.02
8778.51 1277.48
8776.95 1289.30
8775.41 1300.95
8773.81 1313.04
8772.32 1324.34
8770.89 1335.16
8769.36 1346.70
8767.76 1358.78
8766.31 1369.76
8764.82 1381.04
8763.33 1392.34
8761.80 1403.92
8760.34 1414.97
8758.79 1426.70
8757.22 1438.54
8755.78 1449.47
8754.18 1461.59
8752.69 1472.88
8751.09 1484.91
8749.13 1496.73
8746.01 1507.76
8740.85 1517.72
8733.34 1527.22
8726.13 1536.35
8718.93 1545.47
8711.95 1553.99
8704.36 1563.05
8697.35 1571.89
8690.32 1580.75
8683.33 1589.54
8675.91 1598.89
8668.85 1607.78
8661.04 1616.15
8653.06 1623.75
8644.07 1631.47
8634.97 1638.67
8625.10 1645.56
8618.44 1650.21
8615.21 1657.44
8623.51 1666.11
8633.49 1676.52
8643.14 1686.59
8652.61 1697.56
8660.74 1709.50
8667.70 1722.36
8673.19 1735.77
8677.21 1748.65
8680.77 1762.53
8683.41 1776.68
8685.75 1790.47
8688.05 1803.97
8690.24 1817.57
8692.05 1831.03
8693.86 1845.13
8695.57 1858.44
8695.02 1873.46
8693.73 1887.10
8691.10 1901.04
8688.37 1915.18
8685.79 1928.59
8684.29 1942.34
8683.35 1956.57
8682.39 1971.07
8681.46 1985.13
8680.49 1998.80
8678.67 2012.66
8676.30 2026.23
8673.76 2039.85
8670.89 2053.15
8664.51 2066.73
8661.32 2080.27
8658.23 2093.35
8654.97 2107.61
8651.89 2121.17
8648.92 2134.36
8646.30 2148.79
8644.10 2162.46
8641.85 2176.40
8639.64 2190.08
8637.43 2203.78
8635.19 2217.64
8631.95 2231.06
8627.75 2244.91
8622.42 2257.20
8617.02 2269.63
8611.34 2282.69
8605.50 2296.13
8597.60 2307.62
8588.32 2318.43
8578.44 2329.11
8569.06 2339.78
8560.28 2350.17
8552.83 2362.23
8545.36 2374.33
8538.21 2385.89
8532.00 2398.80
8529.39 2410.63
8531.31 2418.56
8532.22 2422.31
8529.20 2427.10
8522.57 2430.98
8513.91 2435.55
8503.21 2441.25
8492.56 2443.66
8480.77 2444.06
8469.63 2443.44
8457.60 2442.72
8450.10 2446.03
8449.12 2451.60
8446.62 2458.20
8438.34 2459.90
8427.91 2459.96
8416.81 2460.03
8405.18 2460.10
8393.50 2459.15
8381.37 2457.75
8370.28 2456.47
8358.63 2455.12
8347.64 2453.39
8336.55 2451.26
8325.17 2449.07
8313.96 2446.92
8304.48 2445.65
8298.78 2446.71
8297.39 2446.97
8297.01 2447.16
8296.97 2447.18
8296.96 2447.19
8296.96 2447.19
8296.96 2447.19
8296.96 2447.19
8296.96 2447.19
8296.96 2447.19
8296.96 2447.19
8295.81 2447.81
8293.08 2449.28
8288.12 2451.96
8282.26 2455.23
8274.13 2460.15
8264.49 2466.19
8254.70 2472.32
8245.23 2478.26
8237.89 2482.86
8232.52 2486.22
8227.33 2489.47
8224.06 2494.85
8221.33 2502.77
8217.66 2512.95
8209.09 2519.37
8198.89 2525.89
8188.78 2532.35
8179.08 2538.55
8172.35 2542.84
8169.00 2544.99
8168.21 2545.49
8167.97 2545.65
8167.85 2545.72
8167.80 2545.76
8167.76 2545.78
8167.76 2545.78
8167.75 2545.79
8167.75 2545.79
8167.75 2545.79
8167.75 2545.79
8167.75 2545.79
8167.75 2545.79
8167.75 2545.79
8167.75 2545.79
8167.75 2545.79
8167.75 2545.79
8167.75 2545.79
8167.75 2545.79
8167.75 2545.79
8167.75 2545.79
8167.75 2545.79
8167.75 2545.79
8167.75 2545.79
8167.75 2545.79
8167.75 2545.79
8167.75 2545.79
8167.75 2545.79
8167.75 2545.79
8167.75 2545.79
8167.75 2545.79
8167.75 2545.79
8167.75 2545.79
8166.81 2546.39
8164.08 2548.13
8160.11 2550.82
8154.22 2554.99
8147.00 2560.18
8138.48 2566.32
8129.21 2572.99
8119.30 2580.13
8109.94 2586.86
8100.06 2593.97
8090.10 2601.15
8080.29 2608.21
8071.14 2614.80
8062.06 2621.21
8052.83 2627.42
8043.22 2633.79
8033.51 2640.22
8023.31 2646.95
8013.84 2652.91
8004.05 2659.06
7994.39 2665.13
7984.42 2671.39
7974.65 2677.54
7965.08 2683.55
7955.34 2689.68
7944.98 2696.18
7934.67 2702.66
7925.46 2709.05
7916.53 2715.52
7907.36 2722.15
7897.83 2729.04
7888.56 2735.85
7879.58 2743.33
7870.26 2751.10
7861.21 2758.65
7852.11 2766.23
7843.75 2774.19
7835.04 2782.76
7827.02 2790.65
7819.00 2798.73
7810.58 2807.70
7802.56 2816.23
7794.28 2825.08
7786.49 2834.18
7779.19 2842.72
7771.84 2851.30
7763.87 2860.63
7756.44 2869.55
7749.40 2878.04
7742.19 2887.05
7734.95 2896.11
7728.00 2904.81
7720.26 2913.93
7712.78 2922.56
7705.20 2931.31
7697.71 2939.82
7690.31 2947.95
7682.56 2956.47
7675.15 2964.62
7666.58 2972.80
7661.35 2982.19
7653.36 2989.65
7645.95 2996.40
7637.50 3003.52
7629.02 3010.66
7621.09 3017.35
7612.53 3024.17
7603.55 3031.31
7594.11 3038.27
7584.85 3044.54
7575.42 3051.03
7566.26 3058.30
7559.78 3065.63
7562.14 3077.75
7558.83 3089.41
7549.63 3098.51
7537.46 3102.09
7524.87 3098.76
7515.75 3095.66
7504.09 3101.66
7491.84 3108.84
7481.39 3117.96
7470.71 3126.90
7460.07 3136.91
7450.07 3145.84
7439.81 3155.84
7430.11 3166.10
7420.76 3176.41
7411.36 3186.75
7402.27 3196.58
7392.47 3207.45
7383.55 3218.19
7374.89 3228.61
7366.26 3239.00
7356.28 3248.94
7346.91 3258.10
7345.13 3266.68
7344.97 3278.80
7339.43 3289.97
7329.86 3297.19
7318.40 3300.09
7306.64 3297.24
7296.58 3289.48
7287.13 3284.98
7275.32 3291.34
7263.08 3297.93
7250.27 3304.83
7238.13 3311.37
7225.94 3317.94
7213.65 3324.56
7201.02 3331.36
7188.68 3338.01
7175.72 3344.99
7162.95 3351.87
7150.78 3358.43
7138.96 3364.80
7126.99 3371.25
7115.02 3377.70
7102.42 3384.49
7090.59 3390.86
7078.23 3397.51
7066.26 3404.17
7055.51 3411.08
7048.47 3415.53
7043.50 3418.42
7038.33 3421.42
7030.97 3426.34
7023.34 3432.92
7014.32 3440.70
7004.17 3449.46
6994.02 3458.21
6983.72 3467.09
6973.13 3476.22
6962.20 3485.65
6951.72 3494.69
6940.59 3504.29
6930.19 3513.25
6919.74 3522.27
6909.37 3531.21
6898.64 3540.46
6888.23 3549.44
6878.03 3558.23
6867.35 3567.44
6856.80 3576.54
6846.26 3585.63
6835.97 3594.93
6828.95 3606.91
6819.56 3617.81
6809.57 3628.27
6799.72 3638.59
6789.56 3649.23
6779.52 3659.74
6769.92 3669.80
6760.04 3679.67
6750.69 3688.98
6744.17 3695.49
6740.83 3698.83
6740.55 3699.10
6740.35 3699.30
6738.53 3700.45
6734.25 3701.21
6729.52 3705.58
6723.13 3712.11
6715.38 3720.03
6706.49 3729.11
6696.49 3739.34
6687.11 3748.91
6676.94 3759.31
6666.65 3769.82
6656.72 3779.45
6646.18 3789.66
6635.84 3799.57
6625.29 3808.42
6617.70 3814.79
6613.39 3817.99
6606.25 3816.63
6598.95 3811.17
6590.55 3804.50
6581.01 3796.92
6572.80 3789.67
6564.51 3781.38
6555.87 3772.76
6548.08 3764.98
6539.85 3756.75
6532.13 3748.71
6524.74 3739.31
6517.62 3730.26
6510.14 3720.75
6503.12 3711.81
6495.93 3702.69
6488.29 3693.53
6481.15 3684.96
6473.90 3676.27
6468.34 3666.38
6465.90 3655.70
6463.21 3643.89
6460.76 3633.12
6458.90 3621.76
6457.28 3610.43
6455.58 3598.60
6453.99 3587.47
6452.30 3575.66
6450.62 3564.89
6447.63 3553.64
6444.60 3542.21
6441.66 3531.16
6433.51 3527.52
6421.46 3528.92
6410.50 3530.18
6399.55 3531.89
6388.69 3533.65
6377.58 3535.45
6365.57 3537.39
6354.40 3539.19
6343.48 3536.12
6332.96 3533.15
6322.40 3530.36
6310.77 3531.70
6298.88 3533.32
6286.98 3535.85
6274.99 3537.99
6263.06 3539.86
6251.20 3541.72
6239.14 3543.60
6227.80 3545.38
6215.80 3547.26
6204.81 3548.83
6194.01 3550.28
6183.11 3551.74
6171.23 3553.47
6159.16 3555.64
6148.09 3557.29
6136.10 3558.79
6124.88 3560.20
6112.95 3562.19
6101.58 3564.31
6090.43 3566.39
6078.58 3568.60
6067.76 3570.62
6055.99 3573.27
6044.98 3577.21
6034.47 3580.97
6023.26 3584.98
6012.51 3588.82
6002.23 3593.54
5991.81 3598.45
5980.83 3603.62
5973.43 3607.11
5962.94 3611.66
5951.89 3610.47
5945.46 3600.11
5939.35 3590.27
5933.14 3580.27
5927.23 3570.75
5921.40 3561.35
5915.18 3551.33
5908.19 3541.49
5901.06 3532.11
5893.91 3522.69
5887.12 3513.76
5879.43 3504.61
5872.59 3495.77
5864.45 3486.57
5856.88 3478.23
5848.43 3469.43
5839.90 3461.03
5831.69 3452.96
5823.42 3444.40
5815.60 3435.53
5809.19 3426.47
5804.77 3415.82
5801.45 3405.29
5798.93 3394.55
5797.31 3383.04
5793.43 3372.88
5793.23 3362.87
5793.10 3356.50
5793.04 3353.26
5793.02 3352.65
5793.02 3352.47
