13578.79 9794.57
13578.49 9792.21
13578.01 9788.40
13577.33 9782.96
13576.34 9775.09
13575.14 9765.51
13573.76 9754.12
13572.38 9740.58
13570.78 9724.81
13568.95 9706.81
13566.97 9687.35
13564.95 9667.48
13562.98 9648.12
13561.15 9630.07
13557.52 9622.90
13543.79 9623.83
13528.97 9619.91
13515.93 9612.23
13505.65 9601.21
13499.89 9587.69
13499.63 9573.15
13503.33 9558.04
13508.32 9546.79
13498.06 9536.93
13488.13 9527.39
13478.52 9518.15
13468.81 9508.82
13458.30 9498.72
13448.67 9489.47
13439.03 9480.21
13429.21 9470.77
13419.33 9461.28
13409.48 9451.81
13399.58 9442.30
13389.92 9433.02
13380.30 9423.77
13370.03 9413.90
13360.26 9404.51
13349.99 9394.64
13340.15 9385.19
13330.12 9375.55
13320.47 9366.28
13310.46 9356.66
13300.84 9347.42
13290.40 9337.39
13280.04 9327.43
13269.72 9317.51
13260.06 9308.23
13250.10 9298.65
13240.14 9289.08
13229.62 9278.98
13219.19 9268.95
13209.29 9259.44
13199.29 9249.83
13189.40 9240.33
13179.69 9230.99
13169.34 9221.05
13159.29 9211.39
13148.83 9201.34
13138.89 9191.79
13128.92 9182.21
13119.93 9171.79
13111.03 9161.66
13100.88 9151.77
13091.31 9142.48
13080.86 9132.33
13071.12 9122.87
13061.17 9113.20
13051.53 9103.84
13041.22 9093.83
13031.63 9084.51
13022.04 9075.19
13011.97 9065.41
13001.95 9055.69
12992.35 9046.36
12982.06 9036.36
12972.25 9027.05
12962.35 9017.90
12951.84 9008.19
12941.66 8998.78
12931.53 8989.41
12920.92 8979.61
12910.46 8969.94
12900.15 8960.41
12889.44 8950.51
12878.78 8940.65
12868.34 8931.01
12858.23 8921.67
12847.91 8912.13
12838.11 8903.06
12827.44 8893.20
12817.32 8883.85
12807.24 8874.53
12797.17 8865.22
12786.54 8855.40
12776.74 8846.34
12766.35 8836.74
12756.09 8827.25
12746.06 8817.98
12735.68 8808.39
12725.07 8798.58
12715.29 8789.54
12705.44 8780.44
12694.87 8770.66
12684.26 8760.86
12674.49 8751.83
12663.69 8742.05
12653.44 8733.57
12642.54 8724.56
12632.07 8715.91
12621.69 8707.34
12610.65 8698.21
12600.16 8689.54
12589.66 8680.86
12578.83 8671.91
12568.16 8663.09
12556.96 8653.83
12546.58 8645.25
12535.43 8636.04
12524.36 8626.94
12515.50 8619.67
12510.11 8615.24
12507.83 8613.37
12507.82 8613.35
12507.81 8613.34
12507.80 8613.34
12507.80 8613.34
12507.80 8613.34
12507.80 8613.34
12507.80 8613.34
12507.80 8613.34
12507.80 8613.34
12507.80 8613.34
12507.80 8613.34
12507.80 8613.34
12507.80 8613.34
12507.80 8613.34
12507.80 8613.34
12507.80 8613.34
12506.09 8611.93
12502.59 8609.05
12497.37 8604.76
12490.71 8599.29
12482.77 8592.77
12473.66 8585.29
12463.33 8576.80
12452.06 8567.90
12440.78 8559.62
12429.57 8551.40
12418.08 8543.00
12406.27 8534.95
12394.98 8527.26
12383.78 8519.72
12371.99 8511.97
12360.16 8504.18
12348.64 8496.56
12336.78 8488.51
12325.75 8481.02
12314.45 8473.35
12302.66 8465.35
12291.67 8457.89
12279.94 8450.49
12268.27 8443.30
12256.28 8435.22
12244.56 8427.30
12232.63 8419.25
12221.12 8411.48
12209.91 8403.94
12197.91 8395.88
12186.00 8388.02
12174.26 8380.53
12162.54 8373.04
12150.85 8365.59
12139.34 8358.24
12127.54 8350.71
12115.73 8343.17
12104.19 8336.08
12092.15 8329.66
12080.25 8323.32
12068.33 8317.01
12056.47 8310.76
12043.61 8303.99
12031.32 8297.57
12019.03 8291.12
12006.77 8284.61
11993.94 8278.05
11980.92 8271.72
11968.83 8265.58
11956.37 8259.16
11943.97 8252.75
11931.94 8246.77
11918.95 8240.40
11906.04 8233.86
11894.13 8227.88
11882.06 8221.89
11869.48 8215.59
11856.60 8209.11
11844.15 8202.85
11831.67 8196.57
11818.73 8190.07
11806.39 8183.86
11793.82 8177.54
11781.75 8171.47
11769.69 8165.40
11758.38 8156.01
11745.49 8149.53
11733.39 8143.45
11721.38 8137.40
11708.82 8131.09
11696.39 8124.84
11684.14 8118.68
11671.94 8112.57
11660.00 8106.61
11647.55 8100.39
11635.17 8094.21
11622.09 8088.07
11609.13 8082.17
11595.99 8076.18
11582.96 8070.24
11570.29 8064.47
11557.20 8059.28
11543.88 8054.04
11531.00 8048.96
11518.56 8044.08
11505.93 8039.24
11492.89 8034.23
11481.68 8026.41
11468.07 8021.19
11455.50 8016.37
11442.14 8011.24
11428.87 8006.15
11415.19 8001.19
11401.46 7996.34
11388.85 7992.06
11375.93 7987.69
11362.70 7983.20
11349.94 7978.88
11337.20 7974.56
11323.40 7969.88
11309.86 7965.30
11297.22 7961.01
11283.55 7956.38
11270.81 7952.06
11257.33 7947.50
11244.46 7943.13
11231.14 7938.62
11218.06 7934.19
11204.77 7929.69
11190.97 7927.83
11181.88 7925.43
11176.70 7922.79
11172.04 7917.58
11169.24 7908.88
11167.12 7897.65
11161.69 7885.12
11155.46 7870.77
11148.77 7855.33
11142.21 7840.21
11132.44 7825.98
11125.67 7810.37
11118.87 7794.69
11112.01 7778.87
11105.30 7763.40
11098.41 7747.52
11091.73 7732.10
11085.24 7717.13
11078.61 7701.86
11072.05 7687.07
11065.25 7671.98
11058.13 7656.17
11051.38 7641.18
11044.64 7626.22
11037.64 7610.69
11030.81 7595.52
11023.69 7579.72
11016.55 7563.86
11009.92 7549.14
11003.19 7534.20
10996.39 7519.10
10989.30 7503.36
10982.57 7488.34
10975.85 7473.32
10968.05 7458.54
10959.81 7444.39
10950.46 7430.37
10939.95 7418.08
10926.51 7408.36
10911.62 7400.91
10896.55 7393.37
10881.85 7386.02
10867.26 7378.72
10854.45 7372.49
10849.15 7379.28
10840.26 7389.87
10829.83 7399.90
10817.46 7407.92
10803.75 7411.12
10788.99 7412.59
10775.00 7411.37
10765.80 7408.14
10761.04 7406.31
10759.54 7405.73
10759.16 7405.58
10759.14 7405.57
10759.13 7405.57
10759.13 7405.57
10756.62 7404.63
10752.32 7402.12
10746.42 7397.87
10739.70 7391.55
10732.99 7383.36
10726.71 7372.31
10723.86 7364.65
10722.65 7360.85
10721.65 7355.20
10720.28 7347.08
10721.03 7337.08
10723.47 7325.00
10728.77 7312.30
10737.56 7299.61
10744.15 7288.47
10734.36 7275.98
10725.34 7260.81
10719.05 7242.29
10721.79 7223.03
10727.02 7204.30
10731.56 7185.16
10731.11 7165.22
10725.91 7146.47
10717.81 7126.40
10708.98 7104.48
10702.13 7079.96
10694.47 7054.44
10684.50 7027.64
10670.37 7001.17
10654.57 6974.01
10637.49 6945.95
10617.40 6917.27
10596.18 6887.63
10574.07 6857.43
10551.72 6826.93
10529.84 6797.05
10508.05 6766.82
10488.25 6735.65
10468.85 6704.33
10451.74 6671.09
10434.97 6638.14
10419.02 6604.33
10404.52 6569.98
10391.37 6535.37
10379.92 6499.51
10369.11 6464.34
10360.34 6428.73
10351.77 6392.28
10346.16 6355.35
10341.59 6318.86
10338.03 6281.70
10337.49 6244.08
10336.52 6206.26
10335.44 6169.61
10335.83 6131.80
10336.79 6093.90
10334.37 6058.98
10335.32 6021.08
10334.69 5983.74
10333.85 5946.65
10333.00 5909.38
10332.01 5872.45
10327.84 5835.45
10323.70 5798.84
10319.51 5761.68
10314.19 5724.66
10306.66 5688.09
10299.16 5652.02
10290.46 5616.37
10281.49 5579.63
10270.97 5543.51
10259.92 5507.49
10246.92 5471.99
10233.88 5437.65
10219.81 5403.81
10205.36 5370.08
10190.66 5335.77
10174.13 5302.63
10156.64 5269.48
10138.99 5237.31
10120.37 5205.11
10101.20 5173.44
10080.40 5142.35
10059.90 5111.90
10038.88 5081.49
10017.53 5050.58
9995.37 5021.12
9972.89 4991.75
9950.38 4962.35
9926.53 4933.28
9902.68 4904.48
9878.90 4875.76
9854.72 4846.56
9832.47 4814.53
9808.31 4785.91
9784.19 4758.07
9759.93 4729.53
9735.43 4700.61
9711.08 4671.85
9686.68 4643.05
9662.19 4614.12
9638.28 4585.90
9614.13 4557.38
9590.46 4528.10
9567.21 4499.03
9543.87 4469.86
9520.70 4440.20
9497.94 4410.33
9475.97 4380.27
9454.61 4350.12
9433.32 4318.79
9412.49 4288.13
9391.59 4256.65
9371.69 4225.78
9351.74 4194.82
9332.30 4163.69
9313.19 4130.97
9294.55 4099.05
9275.66 4066.71
9256.89 4034.30
9238.57 4002.13
9219.86 3969.27
9201.57 3937.17
9182.71 3904.56
9163.90 3873.03
9144.76 3840.94
9125.92 3809.35
9106.63 3777.00
9087.68 3745.23
9067.01 3713.99
9045.83 3682.91
9024.85 3652.12
9003.49 3620.94
8980.47 3591.19
8957.30 3561.25
8934.28 3532.49
8910.04 3503.60
8885.15 3475.89
8859.62 3448.35
8832.96 3425.43
8806.32 3399.15
8779.80 3373.52
8752.17 3348.57
8724.11 3323.49
8694.78 3299.98
8665.55 3276.79
8636.11 3254.20
8605.56 3231.75
8574.89 3209.45
8543.76 3188.58
8511.79 3168.32
8479.97 3149.09
8447.14 3130.64
8414.80 3112.64
8381.06 3095.52
8347.94 3078.83
8314.73 3062.68
8280.77 3050.88
8246.47 3036.96
8211.40 3022.73
8176.97 3010.01
8141.75 2997.75
8105.95 2985.94
8069.61 2975.30
8033.42 2965.48
7996.95 2956.19
7961.11 2948.30
7924.32 2940.67
7887.43 2933.70
7850.11 2927.61
7812.88 2923.18
7775.77 2919.10
7738.76 2916.44
7702.20 2914.25
7664.79 2913.61
7627.80 2913.46
7590.79 2914.16
7553.11 2915.92
7516.59 2918.53
7479.51 2921.84
7442.23 2926.73
7405.96 2932.48
7369.87 2938.46
7333.15 2945.60
7296.91 2953.62
7260.63 2962.52
7225.15 2972.68
7189.62 2983.47
7153.92 2994.76
7118.78 3006.50
7084.14 3019.26
7049.19 3032.15
7014.51 3045.12
6980.26 3058.12
6945.46 3071.58
6910.16 3085.15
6875.26 3098.60
6840.57 3111.97
6805.17 3125.62
6769.86 3139.22
6735.20 3152.46
6700.65 3165.01
6665.85 3177.65
6630.94 3189.93
6596.25 3201.98
6561.04 3213.41
6525.72 3224.68
6489.91 3234.99
6453.97 3245.11
6417.79 3254.87
6381.66 3264.10
6345.02 3273.04
6308.83 3281.14
6272.27 3289.27
6235.85 3296.38
6198.66 3303.29
6161.98 3309.51
6124.84 3315.82
6087.96 3321.54
6051.40 3326.69
6014.11 3331.94
5977.09 3336.80
5940.29 3341.59
5903.28 3346.09
5866.81 3350.53
5829.73 3355.04
5792.77 3359.54
5755.98 3364.02
5719.32 3368.48
5682.05 3373.02
5645.63 3377.92
5609.26 3383.34
5572.77 3388.77
5536.38 3390.80
5500.05 3396.68
5463.64 3402.85
5426.41 3409.86
5389.55 3417.03
5353.68 3424.96
5317.47 3432.96
5281.17 3442.84
5245.04 3452.76
5209.00 3463.62
5173.08 3474.44
5138.04 3485.82
5103.36 3498.07
5068.59 3510.50
5033.17 3523.98
4998.24 3537.93
4963.72 3551.96
4929.06 3567.16
4894.66 3582.55
4860.59 3598.88
4827.16 3615.49
4794.54 3632.40
4761.64 3650.06
4729.12 3668.24
4696.83 3687.17
4664.35 3706.38
4632.45 3726.76
4601.39 3746.76
4570.91 3767.36
4539.91 3788.71
4510.18 3810.21
4479.99 3832.55
4451.00 3855.01
4421.77 3877.68
4393.35 3901.00
4365.14 3924.93
4337.45 3949.66
4309.67 3975.35
4282.28 4001.35
4255.43 4027.70
4228.85 4054.00
4202.65 4079.92
4177.17 4107.31
4152.67 4134.97
4128.36 4162.98
4104.13 4191.37
4080.12 4220.18
4057.53 4249.20
4034.80 4278.57
4012.71 4308.23
3992.05 4338.79
3973.37 4370.98
3951.61 4401.79
3930.38 4432.70
3910.82 4464.00
3891.78 4495.49
3873.05 4528.10
3855.03 4560.36
3838.12 4592.87
3820.90 4625.97
3804.23 4659.41
3788.09 4693.60
3772.63 4727.07
3757.69 4760.57
3743.45 4795.33
3730.14 4829.75
3716.83 4864.58
3704.26 4899.58
3692.25 4934.98
3680.41 4969.88
3666.57 5003.86
3657.25 5035.29
3649.36 5062.45
3642.97 5087.32
3636.33 5113.19
3629.64 5140.30
3624.01 5166.58
3618.21 5193.65
3612.29 5221.49
3607.31 5248.64
3602.20 5276.54
3597.33 5303.82
3593.40 5332.40
3592.90 5360.28
3589.38 5389.30
3585.88 5419.78
3582.17 5451.97
3578.90 5485.94
3576.50 5522.06
3574.29 5558.99
3572.86 5595.58
3572.82 5632.83
3572.80 5669.48
3572.78 5706.20
3573.17 5742.80
3574.78 5780.38
3576.39 5817.74
3578.74 5854.48
3581.84 5891.27
3584.98 5928.59
3588.09 5965.50
3591.41 6003.04
3596.04 6040.43
3600.58 6077.06
3605.20 6114.30
3609.74 6150.96
3615.24 6188.03
3621.05 6224.91
3626.89 6262.03
3632.73 6299.12
3641.50 6333.34
3646.33 6364.01
3650.47 6390.23
3654.53 6411.90
3658.48 6430.98
3662.20 6450.73
3665.72 6470.06
3669.24 6489.39
3672.74 6508.61
3676.22 6527.73
3679.66 6546.60
3683.09 6565.44
3686.88 6585.12
3692.48 6603.24
3706.33 6616.18
3724.29 6622.83
3744.19 6621.85
3762.42 6613.94
3775.64 6600.33
3783.50 6582.68
3783.21 6563.28
3775.41 6545.37
3763.61 6529.88
3750.82 6514.53
3738.68 6498.50
3727.01 6482.24
3716.77 6465.73
3706.68 6448.17
3696.86 6431.76
3686.90 6415.09
3676.78 6398.18
3666.93 6381.72
3656.58 6364.38
3655.09 6347.03
3672.21 6338.10
3691.04 6331.97
3708.07 6322.66
3725.04 6313.15
3742.85 6303.18
3760.30 6293.40
3774.77 6280.92
3782.79 6262.47
3790.95 6243.69
3799.31 6230.05
3811.86 6231.02
3823.96 6238.67
3837.96 6238.79
3851.77 6236.83
3865.91 6234.83
3880.63 6232.75
3895.35 6230.67
3909.72 6228.64
3920.66 6227.09
3926.99 6226.73
3932.07 6233.01
3935.32 6242.24
3938.75 6252.95
3943.26 6265.72
3949.00 6278.68
3954.70 6291.53
3960.38 6304.36
3966.21 6317.50
3971.70 6329.91
3977.24 6342.39
3983.74 6354.82
3990.30 6366.81
3996.86 6378.78
4003.48 6390.87
4009.96 6402.70
4016.86 6415.29
4023.80 6427.98
4030.77 6440.69
4035.57 6449.45
4038.28 6454.41
4039.63 6461.86
4032.62 6467.71
4022.75 6474.28
4011.49 6481.77
3999.51 6489.74
3987.41 6497.79
3973.82 6499.13
3959.91 6497.91
3950.48 6497.08
3945.53 6496.64
