7220.85 11008.24
7220.88 11006.04
7224.23 11001.56
7224.29 10995.49
7224.38 10987.20
7227.79 10976.80
7227.92 10964.92
7228.03 10951.36
7228.17 10938.39
7229.52 10925.78
7231.52 10913.00
7233.60 10900.01
7235.89 10886.60
7238.27 10873.40
7241.23 10860.51
7244.26 10847.29
7247.40 10833.79
7250.40 10820.88
7253.88 10807.65
7256.82 10795.02
7259.10 10781.79
7260.69 10772.59
7262.36 10767.94
7268.70 10766.07
7277.39 10767.67
7287.51 10770.42
7300.05 10773.83
7312.73 10778.74
7325.13 10783.92
7337.02 10788.66
7350.04 10792.06
7363.16 10794.37
7376.96 10793.21
7390.05 10792.15
7402.67 10791.15
7415.49 10793.28
7426.64 10799.11
7437.83 10806.18
7449.36 10813.46
7461.08 10820.85
7472.81 10828.26
7483.73 10835.15
7495.22 10842.41
7506.15 10850.87
7514.61 10860.65
7520.46 10871.76
7525.74 10884.35
7530.14 10896.13
7534.63 10908.51
7543.36 10915.11
7555.00 10921.18
7568.02 10924.91
7580.52 10926.79
7593.45 10928.13
7606.15 10929.44
7618.84 10929.01
7631.46 10928.09
7645.28 10927.08
7656.62 10926.25
7663.62 10925.74
7667.43 10925.46
7668.64 10925.37
7668.66 10925.37
7668.66 10925.37
7668.66 10925.37
7668.66 10925.37
7668.66 10925.37
7668.66 10925.37
7668.66 10925.37
7668.66 10925.37
7668.66 10925.37
7671.18 10924.96
7672.95 10920.85
7672.94 10913.51
7672.92 10904.05
7672.90 10892.35
7673.35 10879.29
7674.67 10863.95
7676.03 10848.07
7677.44 10831.61
7678.84 10815.34
7680.18 10799.77
7681.51 10784.29
7682.91 10768.01
7684.26 10752.27
7685.61 10736.48
7686.94 10721.08
7688.27 10705.52
7689.63 10689.76
7691.04 10673.27
7692.38 10657.74
7693.74 10641.82
7695.07 10626.41
7696.47 10610.58
7698.06 10594.07
7699.64 10577.78
7701.18 10562.01
7702.76 10545.84
7704.36 10529.41
7705.91 10513.49
7707.42 10497.94
7708.67 10481.78
7709.73 10466.32
7710.82 10450.45
7711.88 10435.02
7713.01 10418.60
7714.13 10402.39
7715.24 10386.27
7716.50 10370.44
7718.28 10354.99
7720.15 10338.72
7726.68 10324.05
7738.18 10313.41
7752.56 10307.26
7768.47 10303.97
7784.96 10302.21
7801.05 10300.82
7817.49 10299.42
7831.83 10293.41
7836.27 10277.91
7835.08 10262.34
7833.24 10247.14
7831.27 10230.83
7829.66 10215.23
7828.46 10199.59
7827.25 10183.84
7825.98 10167.30
7824.71 10150.84
7823.44 10134.36
7822.18 10118.01
7821.00 10102.58
7819.95 10087.02
7819.07 10071.60
7818.14 10055.34
7817.22 10039.21
7816.30 10023.14
7815.43 10007.77
7814.48 9991.26
7813.54 9974.73
7812.61 9958.35
7811.69 9942.28
7810.80 9926.64
7809.89 9910.79
7808.99 9895.02
7808.07 9878.75
7807.02 9862.41
7805.92 9846.89
7804.71 9830.81
7806.80 9814.39
7805.64 9798.83
7804.49 9783.48
7803.27 9767.10
7802.04 9750.62
7800.87 9735.00
7800.55 9718.88
7800.37 9702.64
7801.16 9686.33
7803.62 9670.60
7807.03 9655.48
7811.03 9640.36
7815.16 9624.77
7821.05 9610.31
7828.69 9596.63
7838.17 9583.96
7847.94 9570.91
7857.41 9558.25
7867.97 9546.59
7878.33 9535.22
7884.13 9521.00
7888.04 9506.76
7890.76 9496.86
7892.63 9491.42
7898.63 9488.56
7907.67 9491.44
7917.85 9495.41
7929.88 9499.93
7941.93 9503.80
7954.12 9507.71
7966.46 9511.48
7979.19 9514.88
7992.44 9517.27
8005.95 9517.80
8019.52 9518.20
8033.07 9519.47
8046.35 9522.10
8059.65 9525.26
8072.20 9528.40
8084.74 9533.08
8095.47 9540.94
8106.00 9548.71
8116.15 9556.20
8126.75 9564.02
8137.54 9571.98
8148.18 9579.83
8158.38 9587.36
8169.33 9595.44
8179.99 9602.69
8191.76 9609.15
8203.45 9615.57
8215.05 9621.93
8227.20 9628.59
8237.93 9635.69
8248.57 9643.50
8258.73 9650.96
8269.59 9658.94
8279.80 9666.43
8290.25 9674.10
8300.78 9681.84
8311.85 9689.97
8321.26 9695.65
8327.87 9697.54
8330.57 9697.69
8330.74 9697.70
8332.44 9697.59
8333.77 9695.03
8332.51 9690.15
8330.75 9683.84
8328.64 9676.27
8325.88 9666.38
8325.46 9658.20
8326.56 9654.77
8326.99 9654.17
8327.02 9654.12
8327.03 9654.12
8327.03 9654.11
8327.03 9654.11
8327.03 9654.11
8327.03 9654.11
8327.03 9654.11
8327.03 9654.11
8328.25 9652.43
8330.30 9649.60
8332.94 9644.88
8328.48 9638.88
8320.94 9631.80
8312.17 9623.58
8302.23 9614.26
8292.83 9605.44
8282.78 9596.02
8273.13 9586.96
8263.34 9577.78
8254.13 9569.14
8245.20 9560.76
8235.85 9552.00
8226.29 9543.03
8216.70 9534.04
8209.17 9526.97
8204.76 9522.84
8203.64 9521.78
