6080.22 11330.62
6078.91 11330.07
6075.98 11328.84
6070.78 11326.67
6063.56 11323.66
6053.99 11319.59
6043.09 11314.10
6030.31 11307.66
6017.44 11301.08
6004.72 11294.56
5992.32 11288.20
5979.64 11281.69
5967.88 11275.67
5955.16 11269.14
5942.16 11262.96
5929.17 11257.39
5915.74 11253.23
5902.59 11249.56
5889.21 11246.98
5876.01 11244.43
5862.89 11241.89
5849.22 11238.44
5835.69 11234.14
5822.68 11228.67
5810.99 11222.58
5798.86 11214.78
5788.68 11205.86
5779.00 11196.06
5770.10 11185.17
5761.93 11174.45
5753.38 11163.23
5745.20 11152.51
5737.16 11141.97
5728.16 11131.28
5719.16 11120.56
5708.94 11111.36
5698.61 11103.01
5688.07 11094.66
5676.03 11086.79
5664.01 11079.62
5651.21 11073.54
5638.41 11067.62
5626.35 11062.04
5613.54 11056.11
5601.36 11050.78
5589.08 11045.47
5575.85 11039.74
5563.43 11034.36
5550.69 11028.81
5537.54 11023.01
5527.32 11014.89
5513.32 11008.71
5497.77 11001.85
5483.02 10995.34
5467.91 10988.78
5452.89 10982.90
5437.85 10977.36
5421.63 10973.17
5405.97 10969.75
5389.23 10966.08
5373.02 10962.54
5356.57 10958.37
5340.13 10953.54
5324.46 10948.59
5310.86 10940.27
5298.59 10928.59
5286.83 10917.39
5272.87 10914.52
5260.61 10915.05
5249.64 10909.84
5244.44 10903.59
5242.15 10899.63
5241.16 10893.36
5241.83 10884.54
5247.04 10875.62
5257.10 10868.53
5269.82 10867.40
5283.40 10868.58
5297.66 10862.03
5313.25 10854.64
5326.22 10844.64
5336.63 10831.43
5345.03 10814.48
5354.79 10800.87
5362.98 10786.79
5371.26 10771.59
5377.80 10756.77
5384.01 10740.89
5389.79 10725.44
5395.47 10710.25
5401.17 10694.99
5407.09 10679.15
5412.82 10663.82
5418.72 10648.05
5424.35 10632.99
5429.96 10617.97
5435.90 10602.09
5441.70 10586.55
5447.33 10571.49
5453.35 10555.41
5459.24 10539.21
5464.92 10523.54
5470.48 10508.33
5476.24 10492.62
5481.85 10477.33
5487.67 10461.45
5493.59 10445.31
5499.23 10429.93
5505.10 10413.91
5510.78 10398.42
5516.72 10382.24
5522.33 10366.93
5528.10 10351.21
5533.86 10335.48
5539.57 10319.91
5545.13 10304.77
5550.83 10289.75
5556.97 10273.69
5562.90 10258.22
5568.81 10242.78
5574.61 10227.64
5580.41 10212.50
5586.18 10197.43
5592.27 10181.53
5598.08 10166.33
5604.11 10150.53
5609.95 10135.23
5615.92 10119.57
5621.74 10104.33
5627.47 10089.32
5633.00 10074.81
5641.01 10063.07
5647.11 10047.10
5653.12 10031.34
5659.05 10015.81
5665.12 9999.62
5670.75 9984.38
5676.73 9968.21
5682.56 9952.45
5688.17 9937.28
5694.06 9921.12
5699.53 9906.00
5705.31 9890.08
5711.04 9874.25
5713.71 9857.21
5719.50 9841.24
5725.40 9824.95
5731.14 9809.11
5736.92 9793.17
5742.73 9777.12
5748.42 9761.51
5754.05 9746.31
5759.75 9730.93
5765.52 9715.35
5771.45 9699.34
5777.17 9683.88
5783.11 9667.84
5788.73 9652.68
5794.69 9636.59
5800.53 9620.82
5806.52 9604.65
5812.14 9589.48
5818.09 9573.41
5823.88 9557.77
5829.71 9542.05
5835.68 9525.93
5841.57 9510.01
5847.06 9494.88
5852.76 9478.70
5858.42 9462.68
5863.95 9446.99
5869.71 9430.66
5875.11 9415.37
5880.85 9399.10
5886.36 9383.48
5891.84 9367.95
5897.31 9352.43
5902.20 9338.57
5906.71 9325.80
5906.96 9313.95
5898.00 9304.15
5885.12 9295.90
5873.30 9284.03
5865.31 9269.84
5857.01 9255.11
5848.97 9240.85
5842.48 9226.38
5840.14 9209.38
5837.84 9192.66
5835.56 9176.07
5836.09 9159.84
5843.49 9144.40
5850.77 9129.18
5857.73 9114.62
5868.41 9102.67
5883.53 9094.62
5897.87 9086.99
5912.98 9078.94
5924.83 9067.34
5934.11 9054.31
5943.55 9041.06
5953.49 9027.11
5962.91 9013.88
5968.61 8998.85
5969.21 8982.33
5966.23 8966.32
5955.50 8954.42
5939.84 8947.78
5924.05 8947.55
5907.05 8949.26
5890.51 8950.92
5873.43 8952.64
5856.69 8954.09
5842.44 8954.50
5827.53 8954.94
5812.78 8955.37
5797.67 8956.12
5783.53 8961.06
5767.84 8966.54
5752.98 8971.73
5737.60 8977.10
5721.46 8977.53
5706.62 8977.28
5691.35 8977.03
5674.23 8976.74
5658.63 8976.48
5642.36 8976.20
5626.27 8971.10
5611.13 8965.64
5596.36 8960.30
5581.70 8955.01
5566.15 8949.64
5550.28 8946.02
5535.70 8941.11
5527.06 8930.51
5520.97 8923.04
5519.00 8917.73
5519.14 8915.92
5519.19 8915.30
5519.22 8914.91
5519.22 8914.90
5519.22 8914.90
5519.22 8914.90
5519.22 8914.90
5519.22 8914.90
5519.22 8914.90
5519.22 8914.90
5519.22 8914.90
5519.22 8914.90
5519.22 8914.90
5519.22 8914.90
5519.22 8914.90
5519.22 8914.90
5519.22 8914.90
5519.22 8914.90
5519.22 8914.90
5519.22 8914.90
5519.22 8914.90
5519.22 8914.90
5519.22 8914.90
5519.22 8914.90
5519.22 8914.90
5519.22 8914.90
5519.22 8914.90
5519.22 8914.90
5519.22 8914.90
5519.22 8914.90
5519.22 8914.90
5519.22 8914.90
5519.40 8912.58
5519.73 8908.16
5521.00 8901.78
5526.55 8895.01
5537.37 8894.75
5548.69 8897.45
5561.57 8900.52
5574.96 8903.31
5587.70 8905.33
5601.91 8907.43
5615.82 8908.71
5629.99 8909.76
5644.13 8910.80
5657.85 8911.84
5671.56 8913.08
5685.66 8914.35
5699.28 8915.58
5713.04 8916.83
5726.35 8918.03
5740.35 8918.32
5754.29 8918.35
5768.27 8917.45
5782.17 8915.32
5795.10 8912.84
5808.58 8910.26
5822.21 8907.85
5836.05 8905.60
5849.10 8903.47
5862.81 8900.76
5876.64 8897.89
5890.10 8895.20
5903.23 8892.95
5916.64 8890.64
5930.62 8888.88
5942.30 8884.15
5954.55 8883.33
5967.05 8883.21
5979.72 8883.51
5992.96 8884.38
6006.03 8886.04
6018.25 8889.10
6031.96 8892.57
6044.01 8896.00
6056.48 8899.79
6068.81 8903.30
6081.22 8907.05
6089.62 8909.56
6095.03 8911.20
6096.87 8911.76
6096.93 8911.78
6097.00 8911.80
6097.01 8911.80
6097.02 8911.80
6097.02 8911.80
6097.02 8911.80
6097.02 8911.80
6098.07 8912.13
6101.10 8913.05
6105.52 8914.39
6111.30 8915.95
6118.81 8916.81
6127.71 8915.17
6136.86 8909.56
6146.73 8902.58
6158.42 8894.31
6172.53 8885.58
6187.01 8878.00
6202.91 8872.05
6215.93 8868.57
6231.44 8865.03
6248.34 8862.29
6264.53 8860.37
6280.84 8858.78
6297.33 8857.19
6314.62 8855.93
6330.76 8854.75
6347.42 8853.54
6363.37 8852.19
6380.13 8850.65
6395.73 8847.36
6410.90 8842.29
6426.16 8834.47
6440.38 8824.68
6454.07 8814.41
6467.32 8803.70
6480.34 8793.79
6493.82 8784.45
6508.77 8776.56
6523.21 8768.94
6537.96 8762.10
6553.09 8755.71
6567.94 8748.17
6582.42 8739.86
6594.49 8728.60
6604.33 8714.67
6609.90 8698.65
6613.16 8682.49
6616.10 8666.41
6622.14 8651.38
6630.83 8637.11
6642.46 8625.05
6655.22 8614.20
6667.61 8603.93
6678.17 8591.69
6687.20 8577.16
6693.91 8562.14
6697.98 8545.61
6701.51 8529.02
6705.20 8512.50
6707.84 8495.87
6710.41 8478.74
6700.53 8476.11
6687.33 8479.37
6674.78 8484.43
6662.84 8490.55
6651.28 8498.81
6640.29 8507.28
6631.62 8515.94
6625.86 8521.70
6622.32 8523.86
6616.93 8522.38
6611.50 8517.73
6604.86 8511.95
6596.41 8504.60
6586.45 8496.12
6575.71 8487.08
6564.99 8478.06
6554.56 8469.29
6544.18 8460.56
6533.48 8451.56
6522.45 8442.28
6511.47 8433.02
6497.72 8430.29
6486.73 8429.33
6478.97 8428.65
6475.58 8428.06
6472.54 8424.63
6472.59 8417.93
6473.68 8409.09
6475.02 8398.19
6476.15 8389.08
6476.82 8383.60
6476.11 8375.95
6470.28 8369.98
6463.04 8362.88
6456.10 8356.06
6448.43 8348.52
6440.23 8340.48
6432.22 8332.60
6425.16 8325.68
6417.88 8318.34
6410.16 8310.24
6402.93 8302.61
6395.54 8294.81
6387.73 8286.57
6380.70 8279.15
6373.23 8271.26
6365.56 8263.16
6358.42 8255.62
6351.76 8248.59
6347.66 8244.27
6343.35 8239.72
6337.70 8233.24
6337.05 8223.27
6343.25 8213.63
6349.22 8204.34
6355.28 8194.92
6362.40 8183.85
6370.22 8171.70
6377.99 8159.62
6385.38 8147.89
6392.65 8135.89
6400.03 8123.72
6407.46 8111.46
6414.69 8099.53
6421.96 8087.53
6429.04 8075.86
6433.51 8062.12
6440.67 8050.32
6448.15 8037.99
6455.57 8025.75
6463.03 8013.44
6472.20 8002.22
6482.19 7993.57
6492.58 7984.58
6503.30 7975.31
6513.51 7966.47
6523.73 7957.63
6534.03 7948.72
6544.54 7939.63
6554.63 7930.90
6565.40 7921.58
6576.28 7912.17
6586.25 7903.54
6596.51 7894.66
6606.61 7885.92
6617.08 7876.86
6625.38 7869.68
6630.34 7865.39
6631.90 7864.04
6631.96 7863.99
6631.96 7863.99
6631.96 7863.99
6631.96 7863.99
6631.96 7863.98
6631.96 7863.98
6631.96 7863.98
6631.96 7863.98
6631.96 7863.98
6633.23 7862.89
6636.51 7860.37
6642.02 7858.19
6649.34 7855.61
6658.51 7852.38
6669.90 7848.36
6682.92 7843.65
6695.60 7838.34
6708.81 7832.81
6720.81 7827.40
6733.12 7820.12
6744.54 7813.32
6756.22 7806.19
6768.41 7798.75
6779.96 7791.69
6791.98 7784.34
6802.82 7776.34
6812.65 7766.97
6822.79 7757.28
6833.01 7747.54
6840.12 7740.75
6844.15 7736.91
6845.40 7735.71
6845.74 7735.39
6845.84 7735.29
6847.01 7734.44
6849.54 7732.67
6853.69 7731.21
6859.17 7728.57
6865.23 7722.81
6872.54 7715.22
6880.98 7706.45
6890.86 7696.18
6902.24 7684.35
6915.08 7671.01
6924.50 7658.47
6933.25 7643.33
6939.74 7632.09
6943.98 7624.74
6946.82 7621.51
6947.04 7621.35
6947.16 7621.26
6947.18 7621.25
6947.18 7621.25
6947.19 7621.25
6947.19 7621.25
6947.19 7621.25
6947.19 7621.25
6947.19 7621.25
6947.19 7621.25
6947.19 7621.25
6947.19 7621.25
6947.19 7621.25
6947.19 7621.25
6947.19 7621.25
6947.19 7621.25
6947.19 7621.25
6947.19 7621.25
6947.19 7621.25
6947.19 7621.25
6947.19 7621.25
6947.19 7621.25
6947.19 7621.25
6947.19 7621.25
6947.19 7621.25
6947.19 7621.25
6947.19 7621.25
6947.19 7621.25
6947.19 7621.25
6947.19 7621.25
6947.19 7621.25
6947.19 7621.25
6948.19 7620.54
6949.36 7619.72
6952.01 7617.86
6955.84 7615.17
6961.17 7611.53
6969.35 7606.39
6974.02 7604.01
6974.22 7603.91
6974.22 7603.91
6974.23 7603.91
6974.23 7603.91
6974.23 7603.91
6974.23 7603.91
6974.23 7603.91
6974.23 7603.91
6974.23 7603.91
6974.23 7603.91
6974.23 7603.91
6974.23 7603.91
6974.23 7603.91
6974.23 7603.91
6974.23 7603.91
6974.23 7603.91
6974.23 7603.91
6974.23 7603.91
6974.23 7603.91
6974.29 7603.87
6975.58 7603.23
6978.90 7602.14
6984.42 7601.15
6991.48 7602.26
7000.75 7604.59
7011.39 7607.26
7023.38 7610.26
7036.83 7613.64
7049.62 7616.85
7063.71 7619.44
7077.70 7621.97
7091.62 7624.49
7104.78 7626.87
7118.13 7629.29
7131.38 7631.69
7144.60 7634.08
7158.37 7636.57
7172.38 7639.09
7185.78 7641.46
7199.92 7643.96
7213.65 7646.39
7227.07 7648.74
7240.52 7651.11
7253.56 7653.49
7266.64 7655.92
7280.54 7658.51
7294.66 7661.14
7308.60 7663.74
7321.62 7666.16
7332.83 7664.89
7344.59 7667.09
7358.07 7669.60
7371.46 7672.09
7385.45 7674.69
7399.32 7677.28
7412.50 7679.73
7426.49 7682.34
7440.39 7684.92
7454.09 7687.48
7468.01 7690.07
7481.14 7692.51
7495.22 7695.13
7508.25 7697.56
7521.77 7700.08
7535.54 7702.64
7549.69 7705.28
7563.53 7707.86
7577.03 7710.42
7590.81 7713.04
7604.94 7715.73
7618.61 7718.32
7632.33 7720.93
7645.81 7723.49
7659.92 7726.17
7673.07 7728.71
7686.22 7731.37
7699.15 7733.99
7712.62 7736.72
7725.92 7739.41
7740.01 7742.26
7754.10 7745.12
7767.81 7747.89
7780.92 7750.54
7794.81 7753.36
7807.94 7756.20
7820.93 7759.20
7834.53 7762.34
7847.84 7765.42
7860.85 7768.43
7873.67 7771.39
7887.06 7771.63
7900.92 7773.65
7914.21 7776.24
7927.35 7778.79
7940.55 7781.36
7954.24 7784.02
7967.76 7786.54
7981.36 7788.66
7995.48 7790.86
8009.37 7793.03
8022.69 7795.11
8036.33 7798.40
8050.26 7802.20
8063.47 7805.81
8076.95 7809.50
8090.84 7812.43
8104.86 7815.06
8118.48 7817.61
8131.82 7820.11
8145.38 7822.66
8159.32 7825.27
8172.54 7827.75
8185.93 7830.18
8198.90 7832.72
8211.87 7835.66
8225.62 7839.22
8239.51 7842.83
8252.96 7846.31
8266.55 7849.83
8279.80 7853.27
8293.00 7856.69
8306.32 7860.14
8319.87 7863.78
8332.86 7867.35
8345.96 7870.95
8359.43 7874.65
8372.74 7878.31
8385.85 7882.07
8399.58 7886.09
8412.23 7890.03
8425.66 7894.20
8438.61 7898.23
8452.33 7902.50
8466.08 7906.78
8479.43 7910.93
8492.16 7914.89
8505.18 7918.94
8518.80 7923.25
8532.40 7927.82
8544.97 7932.39
8558.52 7937.18
8571.46 7941.74
8584.12 7946.20
8597.31 7950.85
8610.93 7955.65
8624.21 7960.64
8636.87 7965.63
8649.40 7970.57
8662.05 7975.55
8675.16 7980.72
8688.59 7986.01
8701.58 7991.12
8714.79 7996.32
8727.19 8001.45
8739.13 8006.82
8751.43 8012.36
8763.63 8017.85
8775.85 8023.35
8786.96 8028.35
8799.14 8033.84
8809.64 8038.56
8817.65 8042.17
8822.42 8044.32
8824.45 8045.23
8825.55 8045.73
8826.26 8046.05
8826.43 8046.12
8826.47 8046.14
8828.21 8046.93
8831.81 8048.55
8834.80 8050.07
8835.04 8050.21
8835.07 8050.23
8835.08 8050.23
8835.08 8050.23
8835.08 8050.23
8835.08 8050.23
8835.08 8050.23
8835.08 8050.23
8835.08 8050.23
8835.08 8050.23
8835.08 8050.23
8835.08 8050.23
8835.08 8050.23
8835.08 8050.23
8835.08 8050.23
8835.08 8050.23
8835.08 8050.23
8835.08 8050.23
8835.08 8050.23
8835.08 8050.23
8835.08 8050.23
8835.08 8050.23
8835.08 8050.23
8835.08 8050.23
8835.08 8050.23
8835.08 8050.23
8835.08 8050.23
8835.08 8050.23
8835.08 8050.23
8835.08 8050.23
8835.08 8050.23
8835.08 8050.23
8835.08 8050.23
8835.08 8050.23
8835.08 8050.23
8835.08 8050.23
8835.08 8050.23
8835.08 8050.23
8835.08 8050.23
8835.08 8050.23
8835.08 8050.23
8835.08 8050.23
8835.08 8050.23
8835.08 8050.23
8835.08 8050.23
8835.08 8050.23
8836.42 8050.99
8839.54 8052.76
8844.53 8054.11
8851.52 8049.19
8855.63 8041.11
8860.62 8031.12
8866.25 8019.87
8872.36 8007.65
8879.26 7994.99
8886.42 7982.92
8893.58 7970.85
8900.57 7958.31
8906.85 7946.08
8913.45 7933.23
8919.82 7920.83
8925.99 7908.81
8937.52 7905.71
8950.63 7911.03
8963.10 7916.37
8975.23 7921.87
8987.42 7927.80
8999.73 7934.04
9011.70 7940.55
9023.93 7947.11
9036.05 7953.75
9048.48 7960.78
9060.54 7968.05
9072.19 7975.08
9084.24 7982.36
9096.22 7989.59
9108.35 7996.91
9119.94 8003.91
9132.17 8011.29
9143.68 8018.23
9155.96 8025.65
9168.04 8032.94
9179.92 8040.11
9191.23 8046.94
9202.77 8053.55
9214.48 8060.18
9226.39 8066.93
9238.16 8073.60
9249.67 8080.12
9261.47 8086.80
9273.65 8093.70
9285.57 8100.45
9297.98 8107.65
9309.51 8114.44
9321.21 8121.13
9333.34 8127.95
9345.42 8134.71
9357.02 8142.62
9368.14 8150.14
9379.62 8157.46
9391.29 8165.12
9402.16 8173.11
9413.20 8181.85
9423.30 8190.64
9433.79 8199.76
9443.91 8208.58
9454.50 8217.80
9464.61 8226.49
9474.40 8235.34
9484.72 8245.02
9492.40 8253.12
9497.22 8258.49
9499.49 8261.15
9503.28 8265.47
9508.74 8270.09
9515.51 8275.45
9523.63 8281.89
9533.11 8289.42
9543.48 8297.64
9554.45 8306.34
9563.39 8315.95
9572.29 8326.56
9581.05 8336.67
9589.40 8346.91
9596.09 8359.55
9602.60 8371.85
9608.83 8383.63
9615.27 8395.79
9621.84 8408.20
9628.42 8420.64
9635.09 8433.25
9641.67 8445.68
9647.85 8457.35
9654.24 8469.44
9661.33 8480.58
9669.88 8491.15
9678.70 8502.08
9687.54 8513.02
9696.22 8523.76
9705.14 8534.80
9713.31 8545.12
9721.82 8556.20
9730.20 8566.40
9739.78 8576.98
9747.85 8587.49
9756.31 8598.00
9765.07 8608.88
9773.98 8619.95
9782.53 8630.45
9791.27 8641.13
9800.10 8651.93
9808.88 8663.06
9816.54 8674.89
9823.54 8686.30
9830.85 8698.22
9838.02 8709.92
9845.19 8721.63
9852.20 8733.07
9860.85 8743.89
9870.25 8754.18
9880.97 8762.51
9892.91 8770.40
9903.95 8777.69
9915.61 8785.39
9926.82 8792.79
9938.39 8800.43
9949.55 8807.80
9961.10 8814.92
9969.28 8818.89
9973.41 8820.89
9981.26 8821.84
9986.02 8816.45
9989.99 8814.42
9996.53 8814.16
10003.71 8817.77
10011.14 8825.00
10019.52 8835.02
10030.35 8844.01
10039.19 8853.93
10047.53 8865.11
10056.24 8876.58
10063.87 8887.56
10071.50 8899.34
10079.02 8910.94
10087.43 8922.04
10095.75 8932.02
10101.26 8938.63
10104.83 8942.90
10110.99 8943.44
10118.04 8937.89
10126.62 8931.13
10136.62 8923.26
10147.89 8914.46
10158.43 8906.26
10169.49 8897.65
10180.76 8889.02
10191.56 8881.29
10202.86 8873.20
10214.34 8864.82
10225.94 8856.90
10238.19 8850.18
10250.45 8843.46
10262.95 8837.37
10276.71 8834.26
10289.96 8832.58
10303.48 8831.51
10316.90 8830.45
10330.78 8829.35
10345.16 8828.22
10358.58 8827.16
10372.89 8826.03
10386.83 8824.92
10400.41 8823.85
10414.75 8822.80
10428.98 8822.13
10442.65 8821.53
10456.23 8820.93
10469.81 8820.32
10484.01 8819.80
10497.72 8820.15
10511.22 8820.51
10524.50 8820.93
10538.62 8821.38
10552.77 8821.84
10566.64 8823.76
10580.77 8826.70
10593.78 8829.40
10607.96 8832.34
10620.61 8836.11
10633.23 8840.16
10646.42 8845.91
10658.72 8852.41
10670.20 8859.30
10680.74 8867.63
10691.05 8876.22
10700.77 8886.11
10709.71 8897.00
10716.87 8908.89
10723.29 8919.54
10727.55 8926.60
10729.47 8929.78
10729.52 8929.87
10729.52 8929.87
10729.52 8929.87
10729.52 8929.87
10729.52 8929.87
10729.52 8929.87
10729.52 8929.87
10729.52 8929.87
10729.52 8929.87
10729.52 8929.87
10729.52 8929.87
10729.52 8929.87
10729.52 8929.87
10729.52 8929.87
10729.52 8929.87
10729.52 8929.87
10729.52 8929.87
10729.52 8929.87
10729.52 8929.87
10729.52 8929.87
10729.52 8929.87
10729.52 8929.87
10729.52 8929.87
10729.52 8929.87
10729.52 8929.87
10729.52 8929.87
10729.52 8929.87
10730.47 8931.25
10732.91 8932.37
10737.36 8930.56
10744.44 8927.30
10753.42 8923.16
10764.58 8918.00
10776.13 8909.65
10784.74 8895.79
10785.76 8880.64
10780.93 8865.11
10772.56 8850.43
10763.25 8837.14
10753.47 8823.20
10743.87 8809.51
10734.10 8795.57
10724.59 8782.02
10715.13 8767.62
10706.36 8753.44
10699.73 8738.33
10692.87 8723.72
10685.49 8708.05
10678.37 8692.93
10671.37 8678.07
10662.93 8664.14
10652.45 8651.37
10641.89 8638.55
10629.06 8627.62
10615.68 8618.08
10601.89 8609.40
10587.99 8600.65
10573.99 8591.82
10561.23 8581.63
10551.99 8568.75
10540.28 8556.01
10528.91 8543.46
10517.36 8530.70
10506.46 8518.66
10494.91 8505.91
10483.51 8493.31
10471.08 8481.57
10458.75 8471.21
10444.48 8462.30
10430.15 8454.43
10415.63 8446.46
10400.86 8437.52
10387.34 8428.01
10374.92 8416.08
10364.02 8404.28
10352.48 8391.76
10340.89 8380.44
10328.14 8369.08
10315.03 8359.50
10303.82 8352.82
10295.55 8347.44
10292.37 8343.18
10292.02 8342.19
10291.93 8341.96
10291.92 8341.93
10291.92 8341.91
10291.91 8341.90
10291.91 8341.90
10291.91 8341.90
10291.91 8341.90
10291.91 8341.90
10291.91 8341.90
10291.91 8341.90
10291.91 8341.90
10291.91 8341.90
10291.91 8341.90
10291.91 8341.90
10291.91 8341.90
10291.91 8341.90
10291.47 8340.53
10290.58 8337.07
10289.83 8331.16
10292.49 8324.19
10300.92 8320.79
10311.88 8317.47
10324.64 8312.94
10337.60 8307.49
10349.58 8301.53
10361.56 8295.69
10373.84 8285.78
10386.40 8279.00
10399.11 8272.49
10411.18 8266.55
10424.00 8260.25
10436.26 8254.23
10448.45 8248.91
10461.20 8243.61
10473.60 8238.78
10486.74 8234.70
10500.41 8230.45
10514.19 8226.16
10526.82 8222.24
10539.73 8218.22
10553.20 8214.04
10566.63 8209.86
10579.83 8205.76
10592.81 8202.53
10606.50 8199.56
10620.50 8197.59
10634.00 8197.37
10647.87 8198.04
10661.55 8200.42
10675.66 8203.77
10689.07 8208.06
10701.61 8213.65
10714.02 8221.07
10725.74 8228.81
10736.67 8237.50
10747.30 8245.94
10756.48 8248.94
10765.91 8239.18
10777.15 8231.67
10789.42 8225.83
10801.17 8218.82
10813.30 8210.93
10825.47 8203.01
10837.50 8195.18
10849.30 8187.51
10860.91 8179.95
10872.22 8172.98
10884.96 8166.40
10897.66 8160.75
10910.28 8157.17
10918.58 8154.96
10922.78 8154.48
10923.19 8154.44
