3426.12 1796.27
3427.32 1796.96
3429.96 1798.48
3433.89 1800.75
3439.82 1804.34
3447.73 1809.25
3457.51 1815.27
3469.60 1822.79
3483.08 1831.16
3498.33 1840.64
3514.83 1852.20
3532.68 1864.93
3552.25 1879.78
3573.45 1896.09
3596.04 1914.32
3619.94 1934.42
3644.41 1956.19
3669.43 1979.47
3693.91 2004.48
3717.30 2029.71
3740.27 2055.96
3762.31 2082.62
3783.91 2110.19
3804.65 2138.30
3824.26 2167.07
3843.15 2195.72
3860.97 2225.20
3878.57 2255.43
3895.33 2286.32
3910.66 2317.78
3925.29 2348.79
3939.86 2380.27
3952.82 2411.95
3964.99 2444.04
3976.66 2476.97
3987.39 2509.84
3997.17 2542.62
4006.41 2575.73
4014.78 2609.78
4022.20 2643.14
4029.47 2677.06
4036.74 2710.98
4042.19 2744.68
4046.98 2779.08
4051.67 2812.80
4056.46 2847.17
4059.94 2881.75
4062.43 2914.72
4061.63 2948.67
4064.12 2981.67
4066.09 3015.60
4067.80 3049.36
4068.53 3083.89
4068.89 3118.69
4069.25 3153.14
4069.20 3187.24
4068.98 3221.25
4068.76 3255.97
4067.79 3290.43
4066.46 3325.03
4065.13 3359.80
4063.84 3393.66
4062.52 3427.96
4061.18 3463.02
4059.86 3497.66
4058.55 3531.74
4057.25 3565.70
4055.49 3600.30
4053.29 3634.48
4051.08 3669.02
4049.00 3703.14
4047.05 3737.89
4045.09 3772.94
4043.31 3807.49
4041.82 3842.26
4040.33 3876.83
4038.90 3910.64
4037.69 3944.78
4036.45 3979.47
4035.60 4013.84
4035.19 4048.20
4034.79 4082.09
4034.38 4117.18
4033.97 4152.12
4034.50 4186.01
4035.25 4220.91
4036.59 4255.75
4037.93 4290.14
4039.26 4324.42
4041.26 4358.57
4043.69 4392.82
4046.18 4427.57
4048.70 4462.24
4052.41 4496.90
4056.47 4530.44
4061.01 4564.80
4065.29 4597.23
4073.27 4627.00
4078.32 4657.53
4084.12 4687.36
4090.12 4717.16
4097.01 4747.60
4104.29 4777.89
4111.66 4807.68
4118.95 4836.67
4126.63 4866.46
4133.98 4894.94
4142.20 4923.88
4145.41 4953.75
4155.70 4983.83
4167.23 5015.93
4179.12 5048.54
4192.51 5081.00
4206.60 5113.21
4221.69 5144.84
4236.70 5175.47
4252.36 5206.53
4268.77 5236.22
4286.24 5266.55
4304.65 5296.30
4323.19 5325.43
4342.74 5354.47
4363.23 5382.92
4383.97 5409.89
4405.31 5436.86
4427.15 5463.16
4449.73 5488.40
4473.59 5513.70
4497.66 5537.84
4521.96 5561.43
4550.20 5581.77
4575.99 5603.78
4602.33 5625.25
4629.93 5645.61
4658.09 5665.90
4687.67 5684.77
4716.50 5702.35
4746.66 5719.49
4776.53 5735.30
4807.96 5750.41
4838.91 5764.35
4870.78 5777.05
4903.71 5789.15
4936.01 5799.15
4969.29 5808.50
5002.98 5816.61
5037.11 5823.34
5070.83 5828.95
5104.96 5833.74
5139.22 5837.29
5174.03 5839.34
5208.23 5839.63
5242.65 5838.95
5277.67 5836.74
5309.72 5834.12
5337.24 5831.27
5360.28 5828.89
5378.72 5826.70
5396.28 5824.45
5414.15 5822.15
5432.02 5819.86
5449.89 5817.57
5467.35 5815.33
5484.94 5813.07
5502.79 5810.78
5521.30 5808.41
5539.57 5802.74
5557.93 5800.38
5575.94 5798.07
5593.51 5795.82
5612.11 5793.43
5630.45 5791.08
5649.10 5788.69
5667.44 5786.34
5685.55 5784.01
5703.63 5781.69
5721.72 5779.37
5739.92 5777.04
5755.89 5774.99
5768.53 5774.00
5780.99 5773.08
5793.97 5772.11
5806.67 5771.16
5819.89 5770.17
5832.46 5769.03
5844.81 5767.65
5856.92 5766.25
5869.48 5764.68
5881.71 5763.12
5894.11 5761.54
5907.24 5759.87
5920.59 5758.16
5932.92 5756.59
5945.84 5755.38
5959.04 5754.24
5972.29 5753.09
5984.76 5752.01
5997.52 5750.91
6010.78 5749.76
6023.78 5748.63
6036.11 5747.57
6045.41 5746.76
6050.94 5746.33
6052.23 5749.54
6053.48 5749.44
6053.91 5749.41
6053.99 5749.40
6054.01 5749.40
6054.02 5749.40
6054.02 5749.40
6054.02 5749.40
6054.02 5749.40
6054.02 5749.40
6054.02 5749.40
6054.02 5749.40
6054.02 5749.40
6054.02 5749.40
6054.02 5749.40
6054.02 5749.40
6056.06 5749.24
6059.97 5748.94
6065.53 5748.54
6066.60 5748.47
6068.09 5748.36
6071.14 5748.16
6076.47 5747.79
6084.34 5747.31
6094.32 5743.42
6107.08 5742.75
6119.84 5742.10
6132.07 5741.47
6144.83 5740.82
6158.00 5740.14
6171.06 5739.47
6183.47 5738.84
6196.27 5738.18
6209.43 5737.43
6222.47 5736.44
6234.85 5735.49
6248.24 5734.45
6260.85 5733.33
6274.24 5732.35
6286.82 5731.57
6299.15 5730.78
6312.06 5733.26
6325.23 5732.48
6337.53 5731.84
6349.71 5730.99
6362.14 5729.62
6374.91 5728.21
6387.87 5726.79
6400.83 5725.42
6413.93 5724.03
6427.32 5722.69
6439.51 5722.05
6451.86 5721.40
6464.37 5720.96
6476.68 5720.83
6489.45 5720.70
6502.05 5721.04
6514.54 5721.37
6527.78 5722.18
6540.41 5723.10
6552.98 5724.01
6562.69 5723.58
6567.90 5723.27
6570.21 5723.13
6571.81 5723.04
6573.89 5722.64
6575.04 5722.31
6576.62 5721.87
6576.81 5721.82
6576.85 5721.80
6576.87 5721.80
6578.95 5721.21
6583.10 5720.04
6583.55 5719.92
6583.62 5719.90
6585.25 5719.44
6589.06 5718.36
6590.32 5718.00
6591.34 5717.46
6592.12 5716.98
6592.36 5716.83
6592.38 5716.81
6592.39 5716.81
6592.56 5716.70
6592.63 5716.66
6592.66 5716.64
6594.41 5715.55
6594.51 5715.48
6594.52 5715.48
6595.43 5714.91
6597.88 5713.39
6601.63 5711.04
6606.24 5707.88
6611.07 5702.28
6617.09 5695.06
6620.71 5685.08
6624.00 5676.01
6626.22 5669.90
6628.24 5664.34
6630.69 5657.60
6633.44 5650.02
6641.78 5647.91
6654.26 5647.79
6667.11 5651.49
6682.06 5655.80
6696.74 5660.02
6711.35 5664.23
6725.74 5668.37
6740.63 5672.65
6755.29 5676.71
6770.33 5680.87
6785.64 5685.11
6799.55 5688.97
6812.47 5692.55
6825.35 5693.68
6837.67 5696.71
6848.18 5700.12
6859.46 5703.78
6869.65 5707.09
6882.01 5711.11
6892.17 5714.40
6903.83 5718.18
6914.59 5721.67
6925.35 5725.16
6936.14 5728.66
6946.55 5732.03
6957.75 5735.66
6969.39 5739.44
6978.87 5742.52
6984.72 5744.41
6986.58 5745.02
6986.68 5745.05
6988.13 5745.52
6991.04 5746.46
6995.25 5747.83
7001.73 5749.93
7010.46 5752.77
7021.29 5756.28
7034.61 5760.60
7048.96 5765.25
7064.07 5770.15
7078.48 5774.82
7093.14 5779.57
7107.29 5786.58
7119.79 5794.85
7133.00 5803.49
7146.36 5812.23
7159.45 5820.52
7171.48 5829.51
7184.09 5838.96
7196.47 5848.03
7208.88 5857.18
7221.48 5866.58
7234.19 5872.69
7249.34 5873.39
7265.10 5874.12
7280.03 5874.81
7296.06 5875.56
7309.37 5876.18
7319.07 5876.63
7327.42 5877.02
7335.43 5877.39
7344.39 5877.80
7354.78 5878.29
7367.61 5878.90
7380.19 5880.80
7390.62 5882.92
7402.35 5883.02
7411.81 5882.32
7421.69 5881.61
7432.04 5880.90
7441.21 5880.27
7450.51 5879.63
7461.02 5878.91
7470.04 5878.29
7479.51 5877.64
7491.68 5876.81
7500.50 5877.35
7510.04 5881.83
7516.10 5891.50
7520.47 5903.64
7524.58 5915.26
7528.96 5927.32
7533.38 5939.42
7537.94 5951.91
7542.34 5963.97
7545.42 5972.40
7547.74 5978.77
7549.25 5982.88
7549.52 5983.63
7550.30 5985.78
7551.67 5989.53
7552.78 5992.56
7554.15 5996.31
7556.26 6002.09
7558.03 6006.95
7564.38 6013.04
7572.35 6009.76
7582.14 6005.74
7594.15 6000.81
7607.18 5996.37
7620.01 5997.86
7630.49 6000.09
7637.41 6001.59
7641.24 6002.47
7641.26 6002.47
7641.26 6002.47
7641.26 6002.47
7641.26 6002.47
7641.26 6002.47
7641.26 6002.47
7641.26 6002.47
7641.26 6002.47
7641.26 6002.47
7641.26 6002.47
7641.26 6002.47
7641.26 6002.47
7641.26 6002.47
7641.26 6002.47
7641.26 6002.47
7641.26 6002.47
7641.26 6002.47
7641.26 6002.47
7641.26 6002.47
7641.26 6002.47
7641.26 6002.47
7641.26 6002.47
7641.26 6002.47
7641.26 6002.47
7641.26 6002.47
7641.26 6002.47
7641.26 6002.47
7641.26 6002.47
7641.26 6002.47
7641.26 6002.47
7641.26 6002.47
7641.26 6002.47
7641.26 6002.47
7641.26 6002.47
7641.26 6002.47
7641.26 6002.47
7641.26 6002.47
7641.26 6002.47
7641.26 6002.47
7641.26 6002.47
7641.26 6002.47
7641.26 6002.47
7641.26 6002.47
7642.91 6003.02
7645.92 6004.21
7650.00 6008.08
7651.76 6015.88
7655.94 6025.99
7657.15 6038.39
7660.52 6053.07
7666.08 6067.36
7672.29 6081.25
7678.69 6095.54
7684.85 6109.34
7695.34 6111.60
7707.05 6106.03
7718.42 6099.71
7728.50 6091.98
7737.76 6083.89
7746.55 6075.55
7755.78 6067.19
7764.28 6058.16
7765.72 6048.14
7756.29 6039.82
7746.69 6031.35
7742.40 6019.36
7747.24 6008.33
7753.50 5996.62
7759.35 5985.65
7765.47 5974.19
7771.29 5963.27
7777.09 5952.40
7768.63 5945.52
7756.40 5941.38
7744.43 5937.34
7732.78 5933.40
7724.62 5930.61
7721.24 5928.19
7720.94 5921.98
7723.71 5913.51
7727.07 5903.30
7730.95 5891.45
7733.79 5878.94
7734.00 5865.92
7734.22 5852.55
7734.39 5842.77
7734.47 5837.48
7734.50 5836.20
7734.50 5836.09
7734.50 5836.05
7734.50 5836.05
7734.50 5836.05
7734.50 5836.05
7734.53 5834.16
7734.84 5829.72
7736.74 5823.15
7739.75 5814.78
7743.54 5804.22
7747.69 5792.66
7752.65 5780.90
7761.20 5775.83
7765.88 5773.05
7772.76 5768.76
7778.45 5759.90
7783.55 5748.84
7788.93 5737.15
7794.20 5725.73
7799.81 5713.55
7805.02 5702.25
7810.17 5691.07
7815.66 5679.17
7820.43 5667.43
7824.64 5655.72
7828.89 5643.93
7833.38 5631.45
7839.42 5619.97
7847.50 5610.72
7857.35 5603.32
7868.41 5598.05
7878.91 5596.35
7886.28 5595.40
7889.79 5594.94
7895.11 5594.42
7902.92 5594.14
7912.65 5594.30
7925.08 5594.72
7938.51 5595.18
7951.27 5595.81
7963.44 5600.78
7966.11 5589.75
7966.24 5577.07
7966.37 5564.09
7966.50 5551.33
7966.59 5543.08
7966.63 5539.32
7966.63 5538.43
7966.64 5538.17
7966.64 5538.06
7966.64 5538.05
7966.89 5535.63
7967.96 5531.63
7972.30 5528.57
7980.69 5525.52
7989.52 5523.15
7991.92 5511.25
7994.37 5498.85
7997.09 5485.96
7999.48 5475.22
8001.89 5464.43
8004.24 5453.71
8006.21 5442.48
8007.60 5433.79
8008.33 5429.18
8008.65 5427.20
8008.74 5426.60
8008.80 5426.23
8009.00 5424.98
8009.33 5422.90
8009.67 5420.78
8010.18 5417.57
8010.66 5414.52
8010.76 5413.92
8010.77 5413.87
8010.77 5413.83
8010.77 5413.83
8010.77 5413.82
8010.77 5413.82
8010.77 5413.82
8010.77 5413.82
8011.18 5412.17
8012.04 5409.14
8015.79 5404.98
8022.98 5405.47
8031.85 5406.96
8042.43 5408.72
8054.56 5410.75
8068.28 5413.03
8083.91 5415.64
8100.04 5414.99
8115.33 5417.53
8130.96 5420.55
8146.50 5423.72
8161.98 5426.89
8177.42 5430.25
8192.62 5434.05
8208.23 5438.02
8223.82 5442.25
8239.09 5446.18
8254.39 5449.91
8269.82 5453.64
8285.07 5457.40
8300.44 5461.26
8313.02 5464.33
8325.98 5467.35
8337.79 5470.33
8350.10 5473.59
8362.98 5477.03
8375.05 5480.43
8386.70 5475.92
8390.97 5463.61
8395.13 5451.60
8399.48 5439.06
8403.82 5426.57
8408.03 5414.42
8410.79 5406.53
8413.40 5403.13
8419.57 5401.65
8428.58 5403.25
8439.90 5405.68
8452.07 5408.30
8464.74 5411.01
8477.79 5413.82
8490.04 5416.45
8502.72 5419.17
8514.77 5421.75
8527.34 5424.45
8539.26 5427.01
8552.09 5429.76
8564.31 5432.38
8576.33 5434.96
8588.30 5437.53
8597.29 5439.46
8601.88 5440.44
8607.84 5438.65
8611.74 5430.28
8616.71 5419.64
8622.27 5407.69
8629.64 5395.10
8639.08 5383.10
8648.40 5371.29
8660.99 5361.78
8674.19 5353.22
8687.76 5346.43
8702.66 5340.95
8717.90 5336.12
8733.88 5332.98
8749.44 5329.93
8764.59 5327.70
8775.87 5326.76
8782.91 5326.20
8786.70 5325.90
8787.32 5325.85
8787.62 5325.82
