2202.65 9297.81
2204.13 9297.76
2207.99 9297.62
2214.20 9297.40
2222.78 9297.10
2228.72 9296.89
2234.97 9296.67
2242.67 9296.40
2251.57 9296.09
2261.80 9295.73
2273.13 9295.33
2280.84 9295.05
2288.53 9294.71
2296.58 9294.25
2307.08 9296.97
2318.89 9296.31
2332.14 9295.48
2346.94 9294.20
2364.09 9295.97
2383.76 9294.04
2404.82 9291.70
2427.43 9289.18
2452.21 9286.07
2478.55 9282.39
2506.45 9278.12
2535.65 9272.98
2567.30 9267.40
2600.49 9260.66
2635.18 9253.58
2671.26 9245.00
2706.24 9236.37
2739.20 9226.93
2771.84 9217.01
2802.23 9207.36
2834.11 9196.44
2866.73 9185.12
2897.63 9173.89
2928.86 9161.44
2957.62 9149.34
2987.89 9136.50
3016.24 9124.00
3046.65 9110.37
3073.91 9097.04
3102.73 9082.71
3127.99 9065.61
3152.71 9048.49
3174.87 9036.02
3199.29 9022.27
3224.71 9007.04
3253.17 8993.18
3278.09 8977.59
3299.07 8960.06
3323.58 8943.74
3349.42 8925.46
3375.86 8905.49
3403.98 8883.93
3433.59 8860.34
3463.88 8835.24
3493.35 8809.68
3522.41 8783.77
3550.61 8757.08
3576.99 8729.98
3598.04 8703.46
3618.71 8680.96
3635.77 8661.25
3650.06 8644.16
3663.28 8627.66
3675.64 8610.02
3686.61 8594.34
3697.75 8578.42
3708.92 8562.43
3719.21 8547.72
3728.06 8533.35
3736.94 8518.19
3745.79 8503.06
3754.25 8487.65
3761.24 8473.03
3768.29 8458.31
3775.20 8443.86
3781.12 8428.55
3785.52 8412.53
3789.90 8396.53
3792.01 8379.84
3792.83 8363.74
3793.36 8347.62
3791.45 8331.15
3788.71 8315.57
3785.70 8299.90
3782.39 8284.23
3778.96 8268.00
3775.66 8252.39
3772.39 8236.89
3770.08 8220.51
3768.41 8204.24
3766.96 8186.70
3765.86 8169.74
3764.81 8153.57
3763.76 8137.52
3762.86 8121.95
3762.04 8104.97
3763.20 8089.26
3765.24 8073.98
3767.38 8058.02
3770.16 8041.22
3773.02 8024.92
3776.00 8008.23
3778.85 7993.27
3780.68 7980.94
3769.64 7975.95
3762.87 7972.31
3758.11 7967.15
3754.69 7959.15
3752.70 7948.09
3754.15 7934.33
3760.13 7923.23
3770.59 7914.29
3782.75 7910.63
3794.60 7911.31
3805.29 7915.74
3813.98 7923.52
3822.48 7928.74
3834.71 7925.75
3845.32 7923.17
3857.01 7920.32
3868.26 7917.58
3878.75 7915.03
3890.76 7912.10
3901.77 7909.42
3912.52 7906.80
3923.53 7904.12
3935.46 7901.21
3938.09 7893.53
3940.03 7880.44
3945.60 7870.55
3955.04 7862.28
3966.82 7857.86
3978.47 7857.85
3989.95 7862.16
3999.70 7870.88
4005.01 7875.83
4015.85 7872.96
4027.84 7873.04
4041.22 7869.35
4055.58 7865.39
4070.43 7861.29
4084.48 7857.41
4098.28 7853.61
4112.05 7849.81
4126.39 7845.85
4141.07 7841.80
4155.68 7837.77
4170.37 7833.72
4185.28 7829.60
4199.35 7822.30
4213.23 7818.47
4227.53 7814.52
4242.41 7810.43
4257.31 7806.50
4272.38 7802.91
4286.46 7799.51
4300.84 7796.04
4315.60 7792.47
4329.98 7788.99
4344.32 7785.53
4358.53 7782.10
4372.50 7778.72
4387.12 7775.19
4401.61 7771.68
4416.68 7768.02
4431.56 7764.41
4445.95 7760.93
4460.82 7757.31
4474.67 7753.86
4489.14 7750.42
4504.20 7746.78
4518.31 7743.03
4532.94 7739.14
4547.56 7735.27
4561.58 7731.62
4576.11 7727.90
4590.65 7724.22
4605.24 7720.53
4619.59 7716.89
4634.11 7713.22
4648.83 7709.49
4655.53 7700.81
4651.45 7686.37
4647.38 7671.98
4643.17 7657.11
4639.27 7643.32
4635.40 7629.61
4632.52 7615.54
4646.65 7609.35
4660.01 7603.50
4673.62 7597.53
4687.19 7591.59
4700.78 7585.63
4714.40 7579.67
4728.25 7573.60
4742.40 7567.40
4756.11 7561.39
4769.48 7555.53
4783.64 7549.33
4797.46 7544.02
4811.36 7538.78
4813.30 7527.55
4807.51 7514.20
4802.46 7500.77
4796.02 7487.61
4791.26 7478.51
4788.13 7472.50
4785.45 7463.95
4794.59 7458.21
4805.51 7452.02
4818.20 7444.73
4830.67 7437.55
4843.86 7429.97
4856.92 7422.23
4869.75 7414.58
4882.54 7407.38
4893.29 7401.38
4900.11 7397.57
4906.27 7393.42
4908.80 7383.80
4906.72 7373.45
4905.20 7361.61
4903.51 7348.00
4902.31 7333.55
4901.19 7318.78
4900.02 7303.47
4898.85 7288.08
4897.66 7272.80
4896.44 7258.45
4895.18 7243.68
4893.92 7228.92
4892.64 7213.93
4891.47 7200.12
4890.59 7189.78
4890.42 7183.93
4891.25 7181.79
4891.44 7181.54
4891.57 7181.38
4893.73 7179.75
4898.37 7178.48
4905.69 7177.81
4915.16 7177.07
4926.93 7176.16
4940.49 7175.10
4954.81 7173.99
4969.08 7172.88
4983.31 7171.78
4997.83 7170.65
5013.14 7169.46
5028.61 7168.26
5043.17 7167.13
5057.89 7165.99
5073.01 7164.84
5087.97 7163.84
5103.02 7162.83
5118.03 7161.82
5133.44 7160.79
5148.01 7159.81
5163.29 7158.64
5178.09 7156.56
5182.48 7142.51
5186.12 7127.84
5189.71 7113.35
5192.56 7101.86
5194.45 7094.23
5195.50 7090.01
5197.37 7084.66
5203.43 7080.56
5213.50 7078.70
5225.11 7076.56
5238.39 7073.52
5252.56 7069.51
5266.44 7064.65
5280.66 7059.27
5294.04 7053.94
5306.96 7047.93
5320.62 7041.10
5332.86 7033.65
5345.44 7024.80
5357.12 7016.38
5369.47 7007.04
5380.16 6997.52
5391.43 6987.01
5401.20 6976.51
5411.72 6965.21
5422.12 6954.02
5432.04 6943.20
5439.48 6934.78
5444.18 6929.96
5451.47 6931.07
5458.96 6938.40
5467.96 6946.77
5478.14 6955.81
5489.80 6965.34
5502.50 6973.85
5516.51 6978.25
5530.51 6980.74
5544.78 6982.19
5559.66 6983.25
5574.37 6984.30
5588.55 6986.82
5602.86 6989.44
5605.33 6975.41
5606.27 6960.12
5607.00 6948.40
5607.44 6941.16
5607.71 6937.57
5608.65 6932.05
5614.19 6927.47
5624.38 6929.27
5636.64 6931.88
5651.02 6933.13
5666.42 6933.64
5681.72 6933.88
5696.51 6933.93
5710.81 6933.12
5726.10 6932.25
5741.11 6931.40
5755.45 6930.43
5770.36 6928.90
5784.78 6924.10
5799.43 6922.60
5814.57 6921.04
5829.76 6919.49
5844.88 6917.94
5859.57 6916.43
5874.28 6914.92
5889.14 6913.39
5903.35 6911.93
5918.18 6910.40
5933.07 6908.88
5947.31 6907.42
5962.46 6905.91
5977.81 6904.41
5992.72 6902.95
6008.01 6901.51
6023.06 6900.23
6037.68 6898.98
6052.04 6897.61
6066.62 6896.25
6082.03 6898.03
6097.10 6896.45
6112.30 6895.00
6127.66 6893.63
6142.45 6892.26
6156.59 6890.85
6171.53 6889.38
6186.21 6887.96
6200.73 6886.55
6214.90 6885.19
6230.24 6883.70
6245.16 6882.26
6260.52 6880.78
6274.71 6879.41
6290.11 6877.92
6304.85 6876.49
6319.59 6875.07
6334.33 6873.65
6349.42 6872.73
6364.44 6874.54
6379.05 6876.29
6393.43 6878.02
6403.79 6879.26
6409.69 6879.97
6417.29 6881.43
6425.34 6885.99
6428.18 6898.63
6423.34 6911.05
6417.87 6925.08
6412.60 6938.60
6406.82 6953.06
6400.76 6966.94
6395.83 6980.12
6391.37 6994.37
6392.85 7004.45
6407.96 6998.70
6425.99 6996.32
6440.19 6994.45
6456.25 6992.33
6473.81 6990.02
6486.87 6988.30
6495.43 6987.15
6500.46 6986.49
6506.65 6989.39
6508.46 6998.58
6510.32 7010.27
6512.76 7024.46
6516.02 7039.94
6521.21 7056.86
6526.31 7073.47
6531.58 7090.64
6538.70 7106.38
6546.31 7123.10
6553.65 7139.21
6561.16 7155.63
6567.33 7167.70
6572.44 7174.67
6583.80 7172.26
6596.58 7168.83
6609.81 7161.35
6624.64 7152.97
6639.87 7144.35
6656.55 7136.61
6674.10 7130.92
6691.12 7125.82
6708.97 7122.42
6726.43 7119.73
6744.68 7117.24
6761.22 7114.91
6774.56 7113.02
6787.06 7111.26
6797.98 7109.71
6804.99 7108.72
6810.68 7113.68
6814.37 7123.58
6821.57 7134.57
6826.06 7147.87
6831.48 7162.40
6838.84 7178.90
6845.55 7194.18
6852.52 7209.01
6861.29 7224.59
6868.89 7235.50
6879.88 7246.72
6893.68 7242.90
6905.20 7234.28
6917.53 7225.05
6929.60 7216.03
6937.43 7203.59
6937.29 7188.02
6936.19 7172.74
6935.12 7157.89
6934.10 7143.81
6933.19 7131.12
6932.59 7122.87
6932.32 7119.06
6932.29 7118.63
6932.27 7118.46
6932.27 7118.39
6932.27 7118.35
6932.27 7118.35
6932.27 7118.35
6932.27 7118.35
6932.27 7118.35
6932.27 7118.35
6932.27 7118.35
6932.27 7118.35
6932.27 7118.35
6932.27 7118.35
6932.27 7118.35
6932.27 7118.35
6932.22 7117.68
6932.01 7114.77
6931.73 7110.93
6931.34 7105.50
6931.70 7098.92
6932.49 7097.00
6932.70 7096.59
6932.78 7096.43
6932.80 7096.40
6932.80 7096.39
6932.80 7096.39
6932.80 7096.39
6932.80 7096.39
6932.80 7096.39
6932.80 7096.39
6932.80 7096.39
6932.80 7096.39
6932.80 7096.39
6932.80 7096.39
6932.80 7096.39
6932.80 7096.39
6932.80 7096.39
6932.80 7096.39
6932.80 7096.39
6932.80 7096.39
6932.80 7096.39
6932.80 7096.39
6932.80 7096.39
6932.80 7096.39
6932.80 7096.39
6932.83 7096.34
6933.79 7094.46
6937.03 7091.68
6942.74 7089.45
6950.16 7088.13
6959.06 7086.86
6969.26 7085.40
6978.95 7084.01
6984.86 7083.16
6986.32 7082.96
6986.51 7082.93
6986.65 7082.91
6986.68 7082.90
6986.69 7082.90
6986.69 7082.90
6986.69 7082.90
6986.69 7082.90
6986.69 7082.90
6986.69 7082.90
6986.69 7082.90
6986.69 7082.90
6986.69 7082.90
6986.69 7082.90
6986.69 7082.90
6986.69 7082.90
6986.69 7082.90
6986.69 7082.90
6986.69 7082.90
6986.69 7082.90
6986.69 7082.90
6986.69 7082.90
6986.69 7082.90
6986.69 7082.90
6986.69 7082.90
6986.69 7082.90
6986.69 7082.90
6986.69 7082.90
6986.69 7082.90
6986.69 7082.90
6986.69 7082.90
6986.69 7082.90
6986.69 7082.90
6986.69 7082.90
6987.99 7082.76
6990.95 7082.77
6995.24 7084.03
6998.17 7089.66
6998.25 7098.13
6997.85 7108.53
6997.39 7120.45
6996.86 7134.21
6996.29 7148.99
6996.35 7164.33
7006.28 7174.57
7021.37 7178.66
7035.80 7182.62
7050.74 7186.57
7064.78 7190.53
7079.09 7194.33
7093.32 7198.49
7107.30 7202.57
7121.94 7206.85
7136.13 7210.98
7150.07 7215.13
7164.60 7219.03
7179.29 7222.91
7193.17 7226.69
7208.76 7227.70
7223.42 7232.01
7237.73 7236.26
7252.24 7240.57
7266.34 7244.77
7277.50 7248.09
7284.35 7250.12
7293.56 7252.59
7304.59 7255.39
7317.62 7256.95
7329.20 7249.44
7338.94 7238.64
7348.71 7227.57
7358.34 7216.65
7369.84 7207.44
7382.06 7198.63
7393.74 7189.37
7402.92 7178.47
7411.18 7165.66
7418.74 7152.61
7426.23 7139.68
7433.52 7127.19
7441.10 7114.42
7454.56 7108.85
7469.30 7109.64
7482.23 7106.68
7490.45 7094.03
7498.54 7081.44
7507.08 7069.62
7516.02 7058.28
7525.78 7047.13
7536.12 7036.82
7545.91 7026.88
7557.86 7020.44
7570.49 7011.75
7583.18 7004.33
7595.84 6997.40
7609.07 6990.43
7621.19 6983.90
7635.96 6983.09
7650.07 6986.66
7664.64 6990.77
7678.41 6994.62
7692.75 6998.57
7706.82 7002.46
7721.05 7006.40
7735.33 7009.91
7750.10 7013.32
7764.61 7016.89
7779.07 7020.48
7793.91 7024.16
7807.72 7027.59
7821.38 7031.50
7835.52 7037.37
7845.13 7042.40
7851.09 7045.51
7853.56 7046.81
7853.74 7046.90
