867.04 5494.37
869.65 5495.05
873.99 5496.18
880.04 5501.16
889.47 5503.48
901.75 5506.26
916.69 5509.63
934.41 5513.63
951.60 5517.51
968.78 5521.19
986.10 5524.71
1004.13 5528.37
1022.54 5532.11
1040.95 5535.85
1058.65 5539.44
1076.52 5543.07
1093.83 5546.59
1111.64 5550.21
1128.75 5553.67
1145.98 5557.12
1163.66 5560.66
1181.37 5564.17
1199.01 5567.65
1216.67 5571.15
1235.05 5574.84
1252.49 5578.33
1270.00 5581.84
1287.11 5585.27
1304.86 5588.82
1322.13 5592.38
1339.19 5595.89
1356.71 5599.49
1374.06 5603.07
1392.54 5603.50
1405.32 5606.15
1417.42 5608.69
1430.36 5611.41
1442.44 5613.94
1454.75 5616.53
1467.57 5619.22
1479.39 5621.70
1492.28 5624.40
1503.11 5630.05
1516.25 5632.81
1529.20 5638.90
1545.78 5642.38
1563.30 5646.97
1580.58 5651.78
1597.38 5656.53
1614.36 5661.66
1631.18 5667.82
1648.46 5674.16
1665.99 5680.58
1681.82 5688.46
1698.39 5696.92
1713.67 5704.72
1728.10 5712.08
1746.32 5709.90
1755.57 5701.69
1765.64 5696.22
1776.73 5693.91
1787.31 5694.43
1798.67 5698.63
1807.40 5705.69
1817.11 5714.95
1820.96 5727.79
1820.74 5740.48
1824.41 5751.97
1834.46 5758.22
1845.61 5765.12
1856.66 5771.96
1869.10 5775.78
1880.21 5782.65
1891.26 5789.49
1901.93 5796.10
1913.91 5801.79
1925.41 5807.02
1937.43 5812.34
1949.00 5817.45
1961.06 5822.62
1973.31 5827.64
1984.90 5832.40
1996.58 5837.18
2008.86 5842.16
2021.15 5846.38
2033.01 5850.45
2045.11 5854.47
2057.72 5858.62
2070.26 5862.74
2083.00 5866.38
2096.00 5869.74
2107.76 5872.78
2119.50 5875.82
2131.61 5878.79
2144.41 5881.40
2156.87 5883.94
2169.71 5886.56
2182.12 5889.09
2194.06 5891.43
2206.58 5893.84
2218.80 5896.19
2231.24 5898.59
2244.27 5901.10
2255.72 5903.30
2262.90 5904.69
2267.00 5905.48
2267.35 5905.54
