9869.87 730.15
9868.83 732.53
9867.20 736.24
9864.76 741.81
9861.57 749.08
9857.39 758.59
9852.36 770.06
9846.60 783.18
9840.93 796.12
9835.39 808.62
9829.44 820.78
9823.45 833.01
9817.39 845.39
9808.54 855.95
9802.50 868.29
9796.14 881.29
9790.11 893.59
9784.09 905.89
9778.11 918.11
9772.16 930.28
9765.96 942.91
9759.81 955.45
9753.57 968.14
9747.09 981.34
9740.77 994.20
9734.79 1006.38
9728.59 1018.99
9722.40 1031.62
9716.42 1043.81
9712.42 1051.96
9710.32 1056.25
9709.98 1056.94
9709.94 1057.03
9709.90 1057.10
9709.90 1057.10
9709.90 1057.10
9709.90 1057.10
9709.90 1057.10
9709.90 1057.10
9709.90 1057.10
9709.90 1057.10
9709.90 1057.10
9709.90 1057.10
9709.90 1057.10
9709.90 1057.10
9709.90 1057.10
9709.90 1057.10
9709.90 1057.10
9709.90 1057.10
9709.90 1057.10
9709.90 1057.10
9709.90 1057.10
9709.90 1057.10
9709.90 1057.10
9709.15 1058.63
9707.63 1061.73
9705.03 1066.99
9701.72 1073.63
9697.77 1081.41
9693.07 1090.42
9687.62 1100.85
9681.65 1112.29
9675.73 1123.61
9669.28 1135.95
9663.57 1146.87
9657.45 1158.59
9651.08 1170.78
9644.68 1182.85
9638.67 1194.13
9632.45 1205.81
9626.65 1216.67
9620.22 1228.64
9613.80 1240.56
9607.43 1252.73
9600.87 1265.42
9594.11 1277.94
9587.41 1290.34
9580.87 1302.45
9574.43 1314.37
9567.63 1326.94
9561.10 1339.04
9554.52 1351.22
9547.73 1363.79
9540.90 1376.42
9533.92 1389.36
9527.27 1401.66
9520.51 1414.18
9513.93 1426.35
9507.21 1438.80
9500.49 1451.24
9493.84 1463.54
9487.44 1475.39
9480.70 1487.87
9474.04 1500.20
9467.56 1512.20
9460.65 1524.99
9454.04 1537.23
9447.23 1549.86
9440.25 1562.80
9435.23 1572.12
9432.13 1577.87
9430.82 1580.31
9430.60 1580.72
9430.54 1580.83
9430.53 1580.84
9430.53 1580.84
9430.53 1580.84
9430.53 1580.84
9430.53 1580.84
9430.53 1580.84
9430.53 1580.84
9430.53 1580.84
9430.53 1580.84
9430.53 1580.84
9430.53 1580.84
9430.53 1580.84
9430.53 1580.84
9430.53 1580.84
9430.53 1580.84
9430.53 1580.84
9430.53 1580.84
9430.53 1580.84
9430.53 1580.84
9430.53 1580.84
9430.53 1580.84
9430.53 1580.84
9430.53 1580.84
9430.53 1580.84
9430.53 1580.84
9430.53 1580.84
9430.53 1580.84
9430.53 1580.84
9430.53 1580.84
9429.38 1583.00
9427.50 1586.56
9424.51 1592.21
9420.62 1599.55
9415.81 1608.68
9410.16 1619.60
9403.45 1632.58
9397.13 1644.79
9390.48 1657.66
9384.24 1669.73
9377.94 1681.91
9374.24 1696.26
9367.51 1709.40
9361.07 1722.37
9355.22 1734.85
9349.20 1747.87
9343.38 1760.96
9337.89 1774.29
9333.41 1787.46
9329.01 1800.92
9324.44 1814.91
9320.05 1828.36
9316.37 1841.91
9312.85 1856.07
9309.52 1869.47
9306.11 1883.74
9303.36 1897.16
9300.87 1910.95
9299.33 1924.33
9297.91 1937.73
9296.50 1951.17
9295.04 1964.97
9293.52 1979.30
9293.12 1993.03
9293.11 2006.76
9293.10 2021.30
9293.30 2034.96
9294.00 2049.46
9294.66 2063.16
9295.36 2077.76
9296.02 2091.38
9297.04 2105.86
9298.33 2120.00
9299.58 2133.73
9300.65 2145.50
9301.39 2153.59
9301.72 2157.20
9301.76 2157.70
9301.78 2157.86
9301.78 2157.88
9301.78 2157.88
9301.78 2157.88
9301.78 2157.88
9301.78 2157.88
9301.78 2157.88
9301.78 2157.88
9301.78 2157.88
9301.78 2157.88
9301.78 2157.88
9301.78 2157.88
9301.78 2157.88
9301.78 2157.88
9301.78 2157.88
9301.78 2157.88
9301.78 2157.88
9301.78 2157.88
9301.78 2157.88
9301.78 2157.88
9301.78 2157.88
9301.78 2157.88
9301.78 2157.88
9301.78 2157.88
9301.78 2157.88
9301.78 2157.88
9301.78 2157.88
9301.78 2157.88
9301.78 2157.88
9301.78 2157.88
9301.78 2157.88
9301.78 2157.88
9301.93 2159.58
9302.28 2163.36
9302.80 2169.01
9303.47 2176.36
9304.14 2185.46
9303.53 2195.89
9302.87 2206.60
9301.98 2216.85
9300.95 2228.73
9299.30 2241.01
9297.02 2252.59
9293.89 2265.29
9290.42 2276.58
9286.19 2289.19
9281.98 2301.78
9277.75 2314.40
9273.35 2327.53
9269.92 2338.95
9266.07 2351.75
9262.10 2364.97
9258.44 2377.14
9254.84 2390.03
9251.62 2401.81
9248.39 2413.64
9244.91 2426.37
9241.53 2438.77
9238.03 2451.34
9234.51 2463.80
9230.75 2477.11
9227.34 2489.71
9224.25 2502.07
9220.85 2515.66
9217.45 2529.24
9214.35 2541.61
9211.20 2554.21
9207.92 2566.87
9204.76 2578.93
9201.13 2592.82
9198.63 2602.37
9197.27 2607.56
9197.02 2608.50
9196.96 2608.75
9196.95 2608.78
9196.95 2608.79
9196.95 2608.79
9196.95 2608.79
9196.95 2608.80
9196.95 2608.80
9196.95 2608.80
9196.95 2608.80
9196.95 2608.80
9196.95 2608.80
9196.95 2608.80
9196.95 2608.80
9196.95 2608.80
9196.95 2608.80
9196.95 2608.80
9196.95 2608.80
9196.95 2608.80
9196.95 2608.80
9196.95 2608.80
9196.95 2608.80
9196.95 2608.80
9196.95 2608.80
9196.95 2608.80
9196.95 2608.80
9196.95 2608.80
9196.95 2608.80
9196.95 2608.80
9196.95 2608.80
9196.95 2608.80
9196.95 2608.80
9196.95 2608.80
9196.95 2608.80
9196.95 2608.80
9196.95 2608.80
9196.95 2608.80
9196.95 2608.80
9196.95 2608.80
9196.95 2608.80
9196.95 2608.80
9196.55 2610.33
9195.59 2613.99
9194.25 2618.92
9192.35 2625.78
9189.67 2635.22
9186.30 2646.25
9181.83 2658.30
9176.30 2669.96
9169.68 2680.34
9161.24 2690.45
9152.63 2698.60
9141.09 2703.99
9130.15 2708.57
9117.92 2710.78
9104.77 2711.12
9092.79 2710.12
9080.71 2706.60
9068.58 2703.06
9057.46 2699.81
9045.35 2695.94
9034.62 2692.07
9023.66 2688.11
9011.86 2683.72
8998.55 2678.79
8985.59 2673.98
8973.20 2669.50
8960.29 2665.65
8947.74 2661.92
8934.74 2659.41
8922.47 2661.81
8915.15 2665.32
8908.50 2672.46
8900.46 2682.17
8891.32 2693.21
8881.50 2703.68
8871.95 2713.24
8862.02 2723.19
8852.08 2733.14
8842.94 2742.29
8833.52 2751.72
8824.63 2760.63
8815.26 2770.00
8807.19 2779.45
8799.88 2790.77
8793.56 2801.21
8787.73 2811.86
8781.57 2823.15
8776.37 2835.19
8771.53 2846.41
8766.60 2858.16
8763.73 2869.43
8760.64 2881.55
8757.63 2893.35
8754.36 2906.18
8751.90 2917.26
8750.23 2929.58
8751.07 2942.59
8755.19 2953.76
8760.15 2964.45
8765.65 2976.21
8770.79 2987.15
8772.78 2999.17
8778.68 3011.73
8784.81 3024.77
8790.91 3037.86
8795.85 3051.35
8800.67 3064.54
8805.08 3077.47
8806.05 3092.17
8807.01 3106.56
8807.93 3120.52
8808.85 3134.38
8809.77 3148.25
8810.68 3162.01
8811.63 3176.02
8812.64 3190.71
8812.42 3204.65
8811.47 3219.06
8808.05 3232.70
8803.14 3246.03
8796.83 3258.51
8789.53 3269.94
8780.68 3281.65
8770.26 3291.27
8759.48 3299.39
8747.09 3307.42
8735.43 3314.99
8723.13 3323.08
8710.99 3331.14
8699.51 3338.76
8687.32 3346.85
8675.78 3354.51
8663.82 3362.46
8654.34 3373.28
8642.84 3381.52
8631.87 3389.78
8620.77 3398.45
8609.95 3407.82
8599.51 3418.29
8589.96 3428.16
8579.65 3434.68
8570.34 3445.16
8560.96 3456.57
8552.38 3467.01
8543.22 3478.15
8534.51 3488.75
8525.51 3499.70
8517.58 3511.31
8509.99 3522.49
8501.67 3534.72
8495.07 3547.44
8488.78 3559.90
8482.41 3572.51
8477.15 3585.03
8471.56 3598.40
8466.03 3611.61
8460.36 3625.20
8454.70 3638.73
8449.17 3651.95
8443.68 3664.79
8437.89 3677.08
8431.98 3689.61
8425.65 3701.68
8419.34 3713.64
8415.22 3728.94
8407.61 3741.34
8400.54 3753.98
8393.67 3766.72
8386.94 3779.18
8380.11 3791.87
8373.25 3804.57
8366.71 3816.71
8359.74 3829.64
8352.87 3842.38
8346.34 3854.47
8339.80 3866.67
8332.92 3879.59
8326.30 3892.00
8319.80 3904.22
8313.19 3916.63
8306.52 3929.15
8297.10 3940.25
8287.84 3950.08
8276.99 3959.04
8265.96 3967.91
8254.49 3977.14
8243.64 3985.84
8232.60 3994.76
8223.99 4004.97
8215.49 4015.57
8207.12 4026.41
8198.09 4038.00
8189.16 4048.66
8180.33 4059.02
8171.43 4069.47
8162.43 4080.02
8152.91 4091.19
8143.57 4102.15
8134.66 4112.60
8126.17 4122.95
8118.67 4134.83
8113.28 4146.22
8109.71 4154.01
8104.97 4156.43
8102.48 4161.86
8099.50 4169.57
8095.87 4178.93
8091.71 4190.04
8090.06 4204.57
