2033.96 9298.51
2035.62 9298.52
2038.90 9298.53
2043.52 9298.56
2049.78 9298.60
2057.70 9298.64
2067.04 9298.70
2078.40 9298.76
2092.16 9298.84
2108.50 9298.87
2126.35 9298.69
2146.45 9298.49
2168.59 9298.28
2192.07 9298.04
2217.94 9297.27
2246.24 9296.27
2276.14 9295.22
2307.76 9293.63
2341.21 9291.38
2376.03 9288.26
2412.77 9284.18
2450.45 9279.65
2487.77 9274.34
2524.35 9268.27
2561.91 9261.67
2598.97 9254.24
2635.93 9246.62
2672.23 9237.99
2709.09 9228.69
2745.90 9218.16
2781.54 9207.08
2817.51 9195.18
2852.92 9182.93
2887.77 9170.48
2923.17 9156.67
2957.77 9142.11
2992.93 9127.19
3027.76 9111.59
3061.42 9095.83
3095.76 9078.90
3129.06 9061.32
3162.35 9043.06
3194.94 9024.72
3226.84 9005.70
3260.44 8988.63
3291.85 8968.80
3323.73 8947.67
3354.60 8925.68
3384.81 8902.86
3414.53 8879.75
3443.88 8856.36
3472.92 8831.82
3501.04 8807.33
3529.24 8781.91
3556.63 8755.63
3582.51 8729.04
3608.50 8701.83
3633.88 8673.80
3658.32 8644.58
3681.09 8614.90
3703.01 8584.61
3724.74 8553.76
3741.99 8519.48
3760.86 8487.64
3778.36 8454.94
3795.16 8421.71
3810.78 8387.86
3823.24 8352.12
3835.47 8315.95
3846.97 8280.09
3856.75 8244.37
3865.62 8207.81
3872.68 8170.93
3878.87 8133.51
3882.22 8096.09
3884.08 8058.90
3885.07 8021.65
3885.97 7984.38
3884.89 7947.35
3883.80 7910.11
3882.31 7873.04
3879.61 7835.46
3874.60 7798.39
3869.55 7761.56
3867.85 7724.35
3861.59 7686.72
3855.13 7650.20
3848.59 7613.26
3841.93 7575.61
3835.42 7538.82
3828.74 7501.10
3822.12 7463.70
3815.44 7425.93
3808.87 7388.80
3802.19 7351.06
3795.61 7313.90
3785.79 7277.35
3779.20 7240.08
3772.53 7202.38
3766.02 7165.60
3759.37 7128.02
3752.79 7090.86
3746.14 7053.27
3739.50 7015.78
3729.75 6979.88
3723.90 6946.80
3718.82 6918.14
3714.54 6893.92
3709.90 6874.38
3705.02 6855.51
3701.32 6836.31
3697.60 6816.85
3694.15 6797.09
3690.59 6776.75
3686.89 6757.15
3682.95 6737.10
3678.30 6717.97
3673.60 6698.64
3665.15 6681.15
3654.70 6663.76
3641.45 6649.21
3627.51 6635.51
3613.00 6621.23
3598.37 6606.83
3584.00 6592.70
3570.61 6578.09
3562.42 6559.41
3562.29 6539.34
3563.40 6519.25
3560.99 6498.88
3550.75 6481.89
3538.29 6466.10
3525.77 6450.23
3516.83 6433.71
3526.97 6422.09
3540.58 6412.28
3555.82 6400.93
3573.39 6390.27
3590.75 6380.23
3606.70 6367.69
3621.56 6360.21
3633.27 6354.37
3640.94 6350.55
3644.55 6348.75
3650.34 6345.78
3658.39 6341.58
3668.30 6336.41
3679.95 6330.33
3692.77 6323.61
3707.37 6315.49
3723.16 6306.64
3740.51 6296.91
3757.66 6287.31
3770.56 6274.05
3776.79 6259.73
3781.90 6247.96
3785.25 6240.26
3786.83 6236.62
3787.59 6234.87
3787.59 6234.86
3787.60 6234.86
3787.60 6234.85
3788.45 6232.70
3789.15 6228.31
3784.93 6224.45
3778.08 6221.90
3768.76 6220.74
3758.18 6223.53
3746.01 6228.57
3732.94 6234.19
3719.78 6239.70
3706.76 6244.93
3693.77 6250.15
3680.24 6255.59
3667.70 6260.63
3654.17 6264.86
3641.32 6268.63
3627.69 6271.85
3614.03 6273.67
3600.29 6275.50
3586.59 6277.33
3573.19 6279.12
3559.49 6280.75
3546.04 6282.31
3532.25 6283.97
3517.92 6285.73
3503.99 6287.45
3490.14 6285.86
3475.68 6288.26
3465.38 6290.26
3458.38 6291.63
3455.30 6292.24
3454.79 6292.33
3454.64 6292.36
3454.63 6292.37
3454.62 6292.37
3454.62 6292.37
3453.18 6292.65
3450.14 6293.22
3445.11 6290.48
3439.21 6290.39
3431.08 6290.08
3421.48 6289.72
3409.41 6289.26
3395.82 6288.59
3381.70 6287.91
3367.22 6287.22
3352.94 6285.75
3338.99 6284.11
3325.34 6282.33
3311.36 6279.52
3297.05 6276.28
3283.89 6273.24
3270.79 6270.16
3255.95 6269.66
3242.45 6265.45
3229.33 6260.62
3216.63 6255.49
3203.48 6249.76
3190.97 6244.57
3180.63 6236.80
3170.24 6232.65
3163.56 6229.98
3159.84 6228.49
3159.29 6228.27
3159.20 6228.24
3159.19 6228.23
3159.19 6228.23
3159.19 6228.23
3159.19 6228.23
3159.19 6228.23
3159.19 6228.23
3159.19 6228.23
3159.19 6228.23
3159.19 6228.23
3159.19 6228.23
3159.19 6228.23
3159.19 6228.23
3159.19 6228.23
3159.19 6228.23
3159.19 6228.23
3159.19 6228.23
3159.19 6228.23
3159.19 6228.23
3159.19 6228.23
3159.19 6228.23
3159.19 6228.23
3159.19 6228.23
3159.19 6228.23
3159.19 6228.23
3159.19 6228.23
3159.19 6228.23
3159.19 6228.23
3159.19 6228.23
3159.19 6228.23
3159.19 6228.23
3159.19 6228.23
3157.63 6227.60
3154.63 6226.23
3149.75 6223.19
3143.53 6219.26
3135.92 6214.46
3127.00 6208.84
3116.41 6202.16
3104.39 6194.59
3092.70 6187.22
3080.54 6179.55
3069.02 6172.29
3056.88 6164.64
3043.26 6159.95
3030.65 6152.33
3018.44 6145.22
3006.38 6138.20
2993.90 6130.95
2982.03 6124.03
2970.28 6117.20
2957.79 6109.93
2945.21 6103.35
2932.71 6096.91
2920.18 6090.45
2907.11 6083.71
2895.08 6077.62
2880.77 6075.02
2867.47 6069.26
2854.27 6063.55
2841.12 6057.46
2828.75 6052.20
2815.01 6047.34
2801.55 6043.26
2787.85 6038.50
2774.88 6033.94
2761.91 6029.38
2750.85 6022.13
2739.66 6019.40
2732.70 6017.69
2730.00 6017.03
2729.87 6017.00
2729.86 6017.00
2729.85 6017.00
2729.85 6017.00
2729.85 6017.00
2729.85 6017.00
2729.85 6017.00
2729.85 6017.00
2729.85 6017.00
2729.85 6017.00
2729.85 6017.00
2727.36 6016.38
2723.46 6015.39
2717.15 6013.80
2709.06 6011.57
2699.38 6008.91
2687.94 6005.76
2674.90 6002.18
2660.80 5998.30
2646.77 5994.44
2632.59 5990.66
2618.27 5987.53
2604.03 5984.56
2590.38 5981.78
2576.11 5978.88
2561.80 5976.06
2548.27 5973.49
2534.92 5970.94
2521.60 5968.32
2507.49 5965.50
2493.14 5962.64
2479.84 5959.98
2465.45 5957.14
2452.00 5954.55
2438.06 5951.86
2426.00 5949.54
2417.19 5951.20
2413.63 5950.52
2412.69 5950.34
2412.45 5950.29
