6154.55 5652.96
6152.48 5653.16
6151.20 5653.29
6150.65 5653.35
6150.50 5653.36
6150.45 5653.37
6150.42 5653.37
6150.42 5653.37
6150.42 5653.37
6150.42 5653.37
6150.42 5653.37
6150.42 5653.37
6150.42 5653.37
6150.42 5653.37
6150.42 5653.37
6150.42 5653.37
6150.42 5653.37
6150.42 5653.37
6150.42 5653.37
6150.42 5653.37
6150.42 5653.37
6150.42 5653.37
6150.42 5653.37
6150.42 5653.37
6150.42 5653.37
6150.42 5653.37
6150.42 5653.37
6150.42 5653.37
6150.42 5653.37
6150.42 5653.37
6150.42 5653.37
6150.42 5653.37
6150.42 5653.37
6150.38 5653.37
6149.96 5653.42
6148.75 5653.54
6145.81 5653.84
6141.28 5654.29
6135.91 5654.83
6128.36 5655.59
6121.11 5656.32
6113.50 5657.09
6104.95 5657.95
6096.07 5658.85
6085.29 5659.93
6075.11 5660.99
6072.73 5670.38
6073.30 5681.69
6073.82 5692.02
6074.37 5703.01
6074.92 5713.99
6075.44 5724.32
6075.78 5731.12
6075.90 5733.63
6075.94 5734.32
6075.96 5734.83
6075.96 5734.85
6075.96 5734.85
6075.96 5734.86
6075.96 5734.86
6075.96 5734.86
6075.96 5734.86
6075.96 5734.86
6075.96 5734.86
6075.96 5734.86
6075.96 5734.86
6075.96 5734.86
6075.96 5734.86
6075.96 5734.86
6075.96 5734.86
6075.96 5734.86
6075.96 5734.86
6075.96 5734.86
6075.96 5734.86
6075.96 5734.86
6075.96 5734.86
6075.96 5734.86
6075.96 5734.86
6075.96 5734.86
6075.96 5734.86
6075.96 5734.86
6075.96 5734.86
6075.96 5734.86
6075.96 5734.86
6075.96 5734.86
6075.96 5734.86
6075.96 5734.86
6075.96 5734.86
6075.96 5734.86
6075.96 5734.86
6075.96 5734.86
6075.96 5734.86
6075.96 5734.86
6075.96 5734.86
6075.96 5734.86
6075.96 5734.86
6075.96 5734.86
6075.96 5734.86
6075.96 5734.86
6075.96 5734.86
6075.96 5734.86
6075.96 5734.86
6075.96 5734.86
6075.96 5734.86
6075.96 5734.86
6075.96 5734.86
6075.96 5734.86
6075.96 5734.86
6076.03 5736.12
6076.16 5738.73
6076.58 5742.73
6081.97 5747.44
6089.97 5746.98
6100.69 5749.68
6110.77 5749.17
6121.86 5748.60
6132.57 5748.05
6143.14 5747.51
6153.34 5746.99
6163.79 5746.45
6174.81 5745.89
6185.53 5745.34
6196.55 5744.77
6206.75 5744.25
6216.85 5743.48
6227.92 5742.64
6239.19 5741.78
6249.58 5740.96
6259.87 5740.04
6270.96 5739.15
6281.69 5738.51
6292.41 5737.82
6302.61 5737.17
6313.64 5736.46
6324.56 5735.82
6335.84 5735.22
6342.64 5734.87
6344.93 5734.75
6345.09 5734.75
6345.16 5734.74
6345.17 5734.74
6345.17 5734.74
6345.17 5734.74
6345.17 5734.74
6345.17 5734.74
6345.17 5734.74
6345.17 5734.74
6345.17 5734.74
6345.17 5734.74
6345.17 5734.74
6345.17 5734.74
6345.17 5734.74
6346.66 5734.72
6350.56 5734.96
6355.43 5735.26
6355.94 5735.29
6356.11 5735.30
6356.12 5735.30
6358.29 5735.99
6361.91 5737.17
6367.03 5739.44
6374.03 5743.63
6382.28 5749.41
6390.98 5755.59
6398.93 5762.36
6406.67 5765.08
6412.66 5771.89
6417.22 5781.14
6421.52 5790.79
6425.74 5801.01
6429.96 5811.30
6434.22 5821.72
6438.33 5831.74
6442.17 5841.11
6446.32 5851.73
6449.83 5861.88
6453.69 5872.50
6457.75 5883.16
6461.84 5893.83
6465.86 5904.31
6469.88 5914.78
6473.57 5924.40
6477.21 5933.88
6481.08 5944.11
6484.78 5954.01
6488.69 5964.49
6492.54 5974.79
6496.14 5984.44
6499.83 5994.34
6503.64 6004.53
6507.38 6014.81
6510.85 6025.13
6514.06 6034.76
6517.64 6045.52
6521.20 6056.18
6524.67 6066.59
6527.89 6076.26
6531.17 6086.12
6532.87 6092.83
6533.77 6097.47
6534.47 6101.14
6535.49 6106.41
6536.45 6113.97
6536.70 6123.85
6538.27 6133.91
6536.28 6144.98
6534.44 6156.09
6533.31 6166.17
6532.23 6177.37
6530.29 6188.60
6527.30 6199.08
6524.22 6209.83
6521.10 6220.74
6518.14 6231.08
6515.09 6241.36
6512.01 6251.58
6508.87 6261.94
6505.75 6272.30
6502.45 6283.21
6499.33 6293.53
6496.07 6304.32
6493.93 6311.40
6493.23 6315.14
6492.93 6316.87
6492.88 6317.15
6492.86 6317.29
6492.85 6317.32
6492.85 6317.32
6492.85 6317.32
6492.85 6317.32
6492.85 6317.32
6492.85 6317.32
6492.85 6317.32
6492.85 6317.32
6492.85 6317.32
6492.85 6317.32
6492.85 6317.32
6492.85 6317.32
6492.85 6317.32
6492.85 6317.32
6492.85 6317.32
6492.85 6317.32
6489.60 6316.81
6489.21 6319.09
6488.49 6323.23
6488.33 6324.17
6488.33 6324.19
6488.25 6324.65
6487.93 6326.49
6487.44 6329.33
6486.61 6334.17
6488.64 6341.82
6487.01 6351.28
6485.72 6359.34
6484.72 6369.50
6484.66 6378.19
6484.59 6387.36
6484.52 6396.22
6484.45 6405.60
6484.36 6416.31
6484.24 6425.57
6484.00 6436.61
6483.79 6445.90
6483.98 6456.62
6490.83 6465.50
6497.89 6475.01
6506.86 6481.20
6515.65 6487.26
6524.56 6493.43
6532.83 6499.45
6542.30 6505.90
6551.15 6512.08
6560.13 6518.91
6568.34 6524.81
6576.86 6530.43
6585.03 6535.91
6593.74 6541.79
6602.54 6547.74
6611.52 6553.80
6622.27 6557.22
6631.12 6563.37
6638.55 6572.58
6646.83 6578.37
6655.21 6584.22
6664.04 6590.39
6673.09 6596.72
6682.24 6603.02
6691.53 6609.41
6700.47 6615.57
6706.52 6623.77
6714.91 6629.57
6723.77 6635.71
6731.75 6641.24
6740.46 6647.27
6748.02 6652.50
6756.62 6658.45
6764.64 6664.01
6772.45 6669.42
6780.96 6675.31
6788.61 6680.61
6796.38 6685.99
6803.14 6690.67
6811.30 6696.32
6819.21 6701.80
6827.20 6707.33
6835.22 6712.88
6843.10 6718.34
6850.10 6723.20
6857.71 6728.56
6865.25 6733.87
6873.34 6739.57
6881.50 6745.32
6888.44 6750.22
6896.19 6755.69
6904.48 6761.48
6912.14 6766.42
6919.76 6771.07
6928.02 6774.93
6937.27 6777.91
6943.90 6780.10
6950.37 6784.18
6953.24 6793.03
6955.26 6802.69
6953.41 6813.84
6951.71 6824.45
6950.72 6832.83
6950.29 6841.26
6949.89 6849.69
6949.49 6858.12
6949.09 6866.55
6948.79 6873.05
6948.64 6876.17
6948.63 6876.39
6948.62 6876.43
6948.59 6877.06
6948.55 6877.92
6948.50 6878.95
6948.39 6881.36
6948.15 6886.35
6948.11 6887.24
6948.04 6888.78
6947.88 6892.08
6947.63 6897.00
6947.30 6903.36
6946.84 6912.51
6946.25 6923.30
6945.70 6933.37
6945.09 6944.55
6944.48 6955.70
6943.92 6966.08
6943.33 6976.75
6942.73 6987.72
6942.14 6998.60
6941.52 7009.95
6940.90 7021.26
6940.33 7031.68
6939.73 7042.62
6939.11 7054.07
6938.52 7064.84
6937.93 7075.67
6937.61 7086.68
6937.75 7097.14
6938.12 7107.86
6938.90 7118.66
6939.71 7129.78
6940.47 7140.36
6941.28 7151.53
6942.08 7162.69
6942.87 7173.51
6943.66 7184.50
6944.87 7193.09
6946.24 7199.07
6946.97 7200.67
6947.01 7200.75
6947.02 7200.79
6947.03 7200.80
6947.03 7200.80
6947.03 7200.80
6947.03 7200.80
6947.03 7200.80
6947.03 7200.80
6947.03 7200.80
6947.03 7200.80
6947.03 7200.80
6947.03 7200.80
6947.03 7200.80
6947.03 7200.80
6947.03 7200.80
6947.03 7200.80
6947.03 7200.80
6947.03 7200.80
6947.03 7200.80
6947.03 7200.80
6947.03 7200.80
6947.03 7200.80
6947.03 7200.80
6947.03 7200.80
6947.03 7200.80
6947.03 7200.80
6947.03 7200.80
6947.03 7200.80
6947.03 7200.80
6947.03 7200.80
6947.03 7200.80
6947.03 7200.80
6947.03 7200.80
6947.03 7200.80
6947.03 7200.80
6947.03 7200.80
6947.03 7200.80
6947.03 7200.80
6947.03 7200.80
6947.03 7200.80
6947.03 7200.80
6947.03 7200.80
6947.03 7200.80
6947.03 7200.80
6947.03 7200.80
6947.03 7200.80
6947.03 7200.80
6947.03 7200.80
6947.03 7200.80
6947.74 7202.28
6949.28 7205.14
6951.85 7209.93
6956.34 7215.19
6964.54 7218.68
6975.30 7221.70
6985.53 7224.56
6995.41 7223.89
7005.26 7223.22
7015.21 7226.21
7024.84 7229.72
7034.80 7233.35
7044.85 7237.02
7054.42 7240.51
7064.33 7244.12
7074.85 7248.32
7084.64 7252.41
7094.54 7256.73
7103.87 7261.05
7113.77 7265.63
7123.50 7270.13
7133.05 7274.54
7142.55 7278.93
7152.24 7283.42
7162.45 7288.14
7171.94 7292.63
7181.39 7297.23
7190.55 7301.76
7199.68 7306.28
7209.21 7310.99
7218.20 7315.44
7227.41 7319.99
7236.35 7324.42
7241.31 7326.87
7243.75 7328.08
7244.35 7328.38
7244.45 7328.43
7244.46 7328.43
7244.46 7328.44
7244.47 7328.44
7244.47 7328.44
7244.47 7328.44
7244.47 7328.44
7244.47 7328.44
7244.47 7328.44
7244.47 7328.44
7244.47 7328.44
7245.25 7328.82
7246.73 7329.30
7250.77 7329.98
7255.10 7330.71
7260.96 7330.10
7265.92 7323.36
7272.48 7315.03
7275.94 7304.98
7279.30 7295.23
7282.75 7285.19
7286.29 7274.92
7290.16 7264.75
7298.23 7256.82
7309.27 7256.51
7320.59 7256.86
7329.07 7249.58
7336.33 7241.59
7343.77 7233.16
7350.99 7224.98
7358.18 7216.84
7366.21 7210.30
7374.86 7203.43
7383.39 7197.75
7392.15 7190.78
7399.52 7182.89
7406.15 7174.25
7411.48 7165.14
7418.18 7160.15
7423.33 7151.27
7428.76 7141.89
7433.87 7133.12
7439.67 7123.23
7446.25 7114.70
7456.75 7112.16
7468.08 7112.85
7478.67 7112.95
7486.25 7106.54
7492.07 7097.59
7497.77 7088.79
7503.61 7079.67
7510.51 7070.57
7517.35 7061.80
7524.57 7053.39
7532.24 7045.37
7539.42 7038.15
7547.49 7029.95
7555.45 7022.52
7564.21 7015.66
7573.83 7009.90
7583.33 7004.22
7592.55 6999.05
7601.86 6994.40
7610.92 6989.38
7619.96 6984.27
7629.92 6982.75
7640.20 6984.20
7650.42 6986.75
7660.06 6989.47
7670.85 6992.53
7680.97 6995.32
7691.41 6998.20
7702.13 7001.16
7712.77 7004.10
7722.78 7006.87
7733.39 7009.50
7743.18 7011.62
7753.83 7014.24
7764.64 7016.90
7775.06 7019.48
7786.23 7018.85
7796.64 7021.43
7807.08 7024.02
7817.84 7026.69
7828.11 7030.70
7837.77 7034.83
7847.43 7039.89
7856.97 7044.87
7866.32 7049.76
7875.94 7054.79
7885.32 7059.69
7894.79 7064.64
7904.89 7069.93
7914.70 7075.11
7923.10 7081.09
7932.10 7087.98
7940.00 7094.46
7948.18 7101.82
7956.16 7108.39
7964.16 7115.84
7972.54 7123.49
7980.79 7130.84
7988.27 7137.70
7995.98 7144.93
8003.57 7152.40
8011.23 7160.41
8018.04 7167.91
8024.98 7175.40
8032.50 7183.52
8040.05 7191.67
8047.54 7199.75
8057.16 7205.40
8067.41 7207.88
8077.90 7208.65
8088.57 7209.44
8099.91 7209.76
8110.37 7208.27
8121.25 7206.71
8131.57 7204.89
8141.72 7202.19
8152.16 7199.43
8162.06 7196.73
8169.42 7194.54
8174.91 7192.91
8178.21 7191.93
8179.18 7195.08
8180.92 7191.13
8183.94 7190.23
8188.53 7188.90
8194.19 7187.72
8202.03 7186.53
8209.95 7185.32
8219.57 7184.18
8226.91 7183.56
8235.87 7182.90
8246.53 7183.16
8258.59 7180.20
8270.19 7182.05
8280.70 7185.51
8289.74 7191.86
8296.28 7200.89
8302.94 7209.38
8309.34 7217.55
8316.16 7226.25
8323.05 7235.04
8329.83 7244.00
8335.72 7252.42
8342.03 7261.45
8348.17 7270.24
8354.37 7279.10
8360.95 7286.87
8368.88 7293.52
8377.72 7300.49
8386.68 7307.02
8393.87 7316.51
8402.25 7322.94
8411.11 7329.37
8420.28 7336.01
8429.13 7342.55
8437.88 7349.25
8446.27 7355.89
8455.07 7362.59
8463.67 7368.99
8472.14 7375.25
8481.24 7381.74
8490.06 7388.31
8499.15 7394.43
8507.91 7400.13
8517.39 7406.33
8526.32 7412.66
8535.31 7419.03
8544.12 7425.27
8552.93 7431.44
8563.38 7434.67
8572.80 7441.20
8581.98 7447.54
8590.72 7453.55
8599.92 7459.88
8609.37 7466.38
8619.03 7470.98
8629.28 7475.10
8639.87 7479.36
8649.44 7483.21
8659.44 7486.15
8670.15 7489.07
8680.63 7491.92
8691.33 7494.83
8702.04 7497.68
8712.20 7500.38
8722.87 7503.21
8733.34 7505.99
8743.89 7508.80
8754.35 7511.57
8764.13 7514.17
8773.78 7517.38
8784.23 7521.75
8793.71 7525.98
8802.63 7531.04
8811.27 7537.40
8820.07 7544.00
8829.19 7550.84
8837.99 7557.45
8846.60 7563.91
8855.78 7570.79
8864.81 7577.17
8873.55 7582.81
8882.11 7588.18
8891.37 7593.29
8901.32 7598.42
8910.90 7603.03
8918.08 7610.05
8927.43 7614.44
8936.59 7618.74
8946.93 7623.59
8956.80 7628.23
8966.20 7632.64
8976.06 7637.27
8985.39 7641.65
8995.22 7646.27
9005.03 7650.87
9014.62 7655.37
9024.71 7660.11
9034.75 7664.83
9044.48 7669.39
9054.25 7673.98
9064.48 7678.78
9074.57 7683.52
9084.20 7688.04
9094.15 7692.71
9103.67 7698.11
9113.13 7703.56
9122.22 7708.80
9131.48 7714.14
9141.10 7719.68
9150.38 7725.03
9159.81 7730.47
9168.60 7735.51
9177.74 7740.60
9187.01 7745.82
9196.18 7751.09
9205.61 7756.69
9215.41 7762.52
9224.27 7767.79
9233.39 7773.21
9242.23 7778.86
9250.76 7784.67
9259.88 7790.90
9268.72 7797.11
9276.93 7803.02
9285.73 7809.34
9294.41 7815.59
9303.61 7822.20
9312.22 7828.39
9320.75 7834.52
9329.68 7840.94
9338.04 7846.95
9346.36 7852.94
9354.84 7859.03
9363.72 7865.42
9372.98 7872.07
9382.23 7878.72
9390.49 7884.66
9399.58 7891.20
9408.09 7897.31
9417.21 7902.92
9426.78 7908.77
9435.39 7914.03
9444.52 7919.61
9453.71 7925.23
9462.68 7930.71
9471.42 7936.05
9480.88 7941.83
9489.65 7947.19
9499.00 7952.91
9508.69 7958.83
9518.49 7963.60
9528.17 7968.15
9537.85 7972.37
9547.59 7976.63
9558.15 7981.08
9568.84 7985.02
9578.72 7988.51
9588.56 7992.02
9598.26 7995.29
9608.63 7997.61
9619.69 8000.09
9630.26 8002.45
9641.38 8004.94
9652.37 8007.40
9662.75 8008.97
9673.30 8010.57
9683.76 8012.16
9694.27 8014.20
9705.09 8016.92
9715.18 8020.21
9724.57 8023.99
9734.11 8029.29
9743.12 8035.58
9754.76 8040.75
9761.90 8047.92
9768.77 8056.95
9775.46 8066.22
9781.62 8075.79
9787.64 8085.43
9792.91 8094.23
9798.76 8103.86
9805.39 8111.79
9812.94 8118.90
9822.63 8124.64
9832.63 8129.77
9842.80 8134.75
9852.73 8137.97
9863.16 8141.35
9872.73 8144.45
9883.45 8147.52
9893.36 8150.37
9903.92 8153.40
9914.64 8156.48
9924.60 8159.34
9934.42 8162.16
9944.46 8165.04
9954.49 8167.92
9965.30 8171.15
9975.71 8174.45
9986.25 8177.78
9996.88 8181.15
10007.35 8184.47
10017.96 8187.83
10028.05 8192.37
10038.09 8197.65
10047.14 8204.26
10054.90 8212.38
10062.52 8220.78
10069.67 8229.00
10077.04 8237.47
10083.73 8245.14
10091.01 8252.64
10098.27 8260.12
10105.86 8267.94
10113.00 8275.30
10120.81 8283.36
10129.29 8289.84
10138.80 8295.69
10148.11 8301.41
10157.37 8307.10
10166.38 8311.70
10177.02 8314.93
10187.82 8318.20
10197.67 8321.19
10208.90 8322.58
10219.55 8323.70
10230.93 8324.02
10240.95 8324.19
10251.64 8327.08
10262.07 8326.32
10270.01 8325.75
10273.80 8325.48
10274.60 8325.42
10275.17 8325.38
10275.29 8325.37
10275.30 8325.37
10275.30 8325.37
10275.30 8325.37
10275.30 8325.37
10275.30 8325.37
10276.90 8325.25
10280.75 8324.97
10285.98 8324.55
10293.59 8322.92
10302.40 8320.36
10312.25 8317.34
10322.41 8313.80
10332.28 8309.92
10342.24 8305.21
10352.25 8300.23
10362.14 8295.41
10372.31 8290.36
10381.66 8285.31
10390.63 8280.47
10399.81 8272.14
10409.75 8270.93
10419.71 8266.04
10428.83 8261.56
10438.88 8256.62
10448.80 8252.35
10458.92 8248.13
10468.63 8244.09
10478.40 8240.74
10488.42 8237.63
10498.91 8234.37
10508.64 8231.34
10518.48 8228.28
10528.50 8225.17
10537.97 8225.69
10548.54 8222.40
10558.96 8219.16
10569.40 8215.92
10580.03 8212.61
10591.03 8209.72
10601.42 8207.32
10612.53 8205.38
10622.54 8203.98
10633.52 8203.96
10643.79 8204.08
10654.29 8205.85
10665.25 8207.76
10675.44 8210.63
10685.11 8213.72
10694.62 8217.35
10704.11 8222.80
10713.73 8228.66
10722.72 8234.84
10730.84 8241.29
10737.02 8246.19
10740.69 8249.11
10741.56 8249.79
10741.76 8249.95
10741.77 8249.96
10741.77 8249.96
10741.77 8249.96
10741.77 8249.96
10741.77 8249.96
10741.77 8249.96
10741.77 8249.96
10741.77 8249.96
10741.77 8249.96
10741.77 8249.96
10741.77 8249.96
10741.77 8249.96
10741.77 8249.96
10741.77 8249.96
10741.77 8249.96
10741.77 8249.96
10741.77 8249.96
10741.77 8249.96
10741.77 8249.96
10741.77 8249.96
10741.77 8249.96
10741.77 8249.96
10741.77 8249.96
10741.77 8249.96
10741.77 8249.96
10741.77 8249.96
10741.77 8249.96
10741.77 8249.96
10743.60 8251.42
10747.30 8254.32
10751.99 8257.52
10759.17 8261.10
10768.42 8266.62
10776.98 8273.31
10785.15 8279.68
10794.48 8285.23
10804.78 8290.22
10816.06 8292.03
10825.17 8296.44
10834.70 8301.07
10844.15 8305.66
10853.47 8310.18
10863.16 8314.88
10873.12 8319.71
10882.91 8324.46
10892.26 8329.00
10902.53 8333.98
10912.20 8338.68
10922.34 8343.60
10932.03 8348.30
10937.67 8351.03
10939.27 8351.81
