13586.05 9852.37
13585.77 9850.16
13585.12 9844.99
13584.10 9836.88
13582.80 9826.50
13581.14 9813.33
13579.20 9797.84
13577.40 9783.51
13575.72 9770.14
13573.98 9756.28
13572.36 9740.32
13570.54 9722.47
13568.71 9704.44
13566.89 9686.58
13565.10 9668.95
13563.36 9651.83
13561.65 9634.98
13559.69 9623.28
13549.88 9624.64
13537.53 9622.62
13525.18 9618.57
13514.49 9611.12
13505.97 9601.79
13500.18 9590.33
13499.26 9576.39
13501.42 9563.03
13507.98 9551.36
13503.25 9541.92
13494.31 9533.32
13485.46 9524.82
13476.20 9515.92
13467.00 9507.08
13457.96 9498.40
13449.67 9490.43
13440.54 9481.66
13432.10 9473.55
13422.99 9464.79
13413.83 9455.99
13405.12 9447.62
13396.36 9439.20
13387.67 9430.85
13379.15 9422.67
13370.04 9413.91
13361.18 9405.40
13352.35 9396.91
13343.93 9388.82
13335.50 9380.72
13327.20 9372.74
13317.85 9363.76
13308.59 9354.86
13299.86 9346.47
13290.99 9337.95
13281.84 9329.16
13272.90 9320.56
13264.01 9312.03
13255.22 9303.58
13246.13 9294.84
13237.42 9286.48
13228.44 9277.85
13219.38 9269.14
13211.08 9261.16
13201.97 9252.41
13192.63 9243.43
13183.58 9234.73
13175.89 9227.35
13167.33 9219.12
13161.39 9208.84
13152.97 9200.75
13144.46 9192.57
13135.72 9184.17
13127.08 9175.43
13119.90 9166.47
13111.36 9157.36
13102.93 9149.16
13093.66 9140.16
13085.02 9131.76
13076.64 9123.62
13067.76 9115.00
13058.76 9106.26
13050.41 9098.15
13041.48 9089.47
13032.38 9080.63
13023.83 9072.33
13015.54 9064.28
13006.78 9055.77
12997.87 9047.11
12988.69 9038.19
12980.11 9029.86
12971.52 9021.88
12963.01 9014.01
12954.01 9005.69
12944.94 8997.31
12936.17 8989.21
12927.34 8981.05
12918.44 8972.82
12909.84 8964.88
12900.51 8956.25
12891.56 8947.98
12882.13 8939.26
12873.01 8930.83
12864.01 8922.52
12855.47 8914.62
12846.46 8906.29
12837.23 8897.76
12827.88 8889.12
12818.77 8880.69
12809.43 8872.07
12800.40 8863.72
12790.89 8854.93
12781.75 8846.48
12772.29 8837.74
12760.68 8831.50
12751.95 8823.43
12743.06 8815.21
12733.61 8806.48
12724.21 8797.79
12715.49 8789.72
12706.03 8780.98
12697.46 8773.06
12688.52 8764.80
12679.53 8756.48
12670.16 8747.83
12661.01 8739.83
12651.18 8731.71
12641.37 8723.60
12631.64 8715.55
12622.22 8707.77
12612.65 8699.86
12603.25 8692.09
12593.45 8684.00
12584.13 8676.29
12574.63 8668.43
12564.63 8660.17
12555.67 8652.77
12545.98 8644.76
12536.82 8637.19
12527.50 8629.52
12518.62 8622.23
12509.59 8614.81
12498.05 8612.41
12486.29 8613.43
12473.49 8614.81
12462.08 8616.06
12450.22 8617.20
12437.49 8618.11
12425.92 8618.94
12414.19 8619.78
12402.06 8620.64
12390.10 8621.50
12378.49 8622.33
12366.25 8623.20
12354.70 8624.02
12342.27 8624.91
12329.76 8625.80
12318.01 8626.64
12305.23 8627.55
12292.93 8628.43
12281.26 8629.27
12269.25 8630.13
12256.57 8631.03
12244.29 8631.91
12232.65 8632.74
12220.61 8633.59
12207.84 8634.45
12196.35 8635.23
12183.77 8636.08
12171.28 8636.92
12158.53 8637.78
12146.86 8638.56
12134.93 8639.37
12122.67 8640.19
12110.81 8640.99
12098.45 8641.83
12086.81 8642.61
12074.75 8643.35
12062.29 8644.08
12050.66 8644.66
12037.75 8644.71
12024.82 8644.76
12013.22 8644.81
12001.36 8643.89
11989.47 8642.75
11976.81 8641.53
11965.32 8640.42
11952.91 8638.20
11941.22 8635.90
11929.28 8633.56
11917.07 8631.16
11905.22 8628.00
11893.05 8624.73
11881.57 8621.26
11869.73 8617.44
11858.00 8613.63
11846.58 8609.83
11835.11 8606.01
11823.55 8602.16
11811.24 8598.06
11799.01 8593.98
11786.80 8589.92
11774.76 8585.91
11762.71 8581.89
11750.43 8577.80
11738.98 8573.99
11726.78 8570.46
11715.18 8567.14
11703.67 8563.84
11691.26 8560.94
11678.98 8558.24
11666.88 8555.58
11655.04 8552.98
11643.23 8551.03
11631.07 8549.08
11619.16 8547.17
11606.99 8545.22
11594.18 8543.17
11582.20 8541.25
11570.09 8539.17
11557.52 8536.99
11545.95 8534.52
11533.70 8530.98
11521.22 8527.38
11509.76 8523.24
11498.20 8518.88
11486.91 8514.63
11475.97 8510.03
11464.48 8504.77
11452.88 8499.45
11441.56 8494.27
11430.44 8489.18
11419.16 8484.02
11408.66 8479.21
11397.28 8474.00
11386.36 8469.18
11374.29 8465.22
11362.44 8461.32
11350.75 8457.86
11338.09 8455.16
11326.64 8452.72
11314.42 8450.34
11302.87 8448.18
11290.66 8446.02
11278.67 8444.25
11265.90 8442.36
11254.24 8440.64
11242.65 8438.93
11230.52 8437.14
11218.04 8435.29
11205.33 8433.42
11192.51 8431.52
11180.94 8429.82
11168.30 8427.95
11156.31 8426.18
11143.89 8424.35
11132.27 8422.63
11120.46 8420.81
11108.06 8418.88
11095.91 8416.54
11084.21 8414.21
11071.74 8411.70
11059.87 8408.83
11047.63 8405.86
11035.98 8402.80
11024.74 8399.58
11013.17 8396.26
11001.59 8392.68
10990.20 8389.13
10978.35 8385.38
10967.30 8381.30
10955.13 8376.82
10944.02 8372.45
10933.41 8367.30
10921.83 8361.69
10910.28 8356.08
10898.60 8350.41
10887.13 8344.85
10875.61 8339.26
10864.72 8333.98
10853.44 8328.50
10841.84 8322.87
10831.19 8317.71
10820.25 8312.40
10808.69 8306.79
10797.26 8301.24
10786.58 8296.06
10776.82 8289.92
10766.74 8282.05
10756.55 8274.10
10746.64 8266.37
10736.75 8258.62
10726.76 8250.69
10717.64 8243.45
10707.91 8236.70
10697.36 8230.29
10686.47 8224.73
10675.14 8220.93
10664.10 8217.62
10652.54 8215.60
10640.38 8213.94
10627.84 8213.80
10615.34 8214.98
10603.68 8216.96
10591.93 8219.67
10580.61 8222.80
10568.39 8226.59
10557.46 8229.99
10545.89 8233.59
10534.29 8237.19
10522.12 8240.97
10510.27 8244.66
10498.71 8248.25
10487.17 8251.84
10475.31 8255.61
10464.30 8260.19
10453.08 8264.86
10441.97 8269.81
10430.87 8275.27
10419.41 8280.89
10407.96 8286.51
10397.70 8291.64
10387.61 8297.09
10377.08 8302.78
10366.70 8307.86
10356.17 8313.00
10345.03 8318.61
10334.93 8323.09
10323.53 8327.38
10315.06 8330.33
10309.67 8332.00
10307.32 8332.68
10307.11 8332.74
10306.97 8332.78
10306.96 8332.78
10306.10 8329.60
10304.83 8326.53
10302.07 8327.33
10299.64 8328.03
10299.14 8328.17
10298.95 8328.23
10298.94 8328.23
10298.94 8328.23
10298.94 8328.23
10298.94 8328.23
10298.94 8328.23
10298.94 8328.23
10298.94 8328.23
10298.94 8328.23
10298.94 8328.23
10298.94 8328.23
10298.94 8328.23
10298.94 8328.23
10298.94 8328.23
10298.94 8328.23
10298.94 8328.23
10298.94 8328.23
10298.94 8328.23
10298.94 8328.23
10298.94 8328.23
10298.94 8328.23
10296.73 8328.76
10291.85 8329.75
10284.35 8331.26
10274.10 8332.08
10261.80 8332.96
10249.20 8333.87
10237.75 8334.04
10225.14 8333.82
10213.54 8333.02
10202.18 8331.82
10189.35 8332.45
10178.26 8329.09
10166.33 8325.48
10154.47 8320.82
10143.68 8314.18
10133.16 8307.71
10121.30 8304.30
10111.40 8297.36
10103.06 8288.76
10094.43 8279.86
10085.46 8270.62
10077.28 8262.19
10068.68 8252.99
10060.51 8243.61
10052.65 8234.57
10044.31 8225.24
10035.81 8216.36
10025.61 8209.72
10014.67 8204.08
10002.76 8200.31
9990.60 8196.47
9978.48 8192.63
9966.92 8188.97
9954.73 8185.15
9943.28 8181.87
9931.20 8178.40
9919.71 8175.10
9907.50 8171.59
9895.88 8168.26
9884.44 8164.97
9871.90 8161.37
9859.49 8157.50
9847.13 8153.49
9836.11 8149.91
9825.01 8144.40
9813.90 8138.71
9802.78 8132.03
9793.50 8123.28
9785.32 8113.51
9779.40 8103.79
9775.70 8097.61
9773.80 8094.44
9773.41 8093.79
9773.23 8093.50
9773.13 8093.33
9773.12 8093.31
9773.12 8093.30
9773.12 8093.30
9773.12 8093.30
9773.12 8093.30
9773.12 8093.30
9773.12 8093.30
9773.12 8093.30
9773.12 8093.30
9773.12 8093.30
9773.12 8093.30
9773.12 8093.30
9773.12 8093.30
9773.12 8093.30
9773.12 8093.30
9773.12 8093.30
9773.12 8093.30
9773.12 8093.30
9773.12 8093.30
9773.12 8093.30
9773.12 8093.30
9773.12 8093.30
9773.12 8093.30
9773.12 8093.30
9773.12 8093.30
9771.82 8091.19
9769.08 8086.82
9764.81 8080.02
9758.97 8071.47
9751.49 8061.56
9743.11 8052.52
9734.13 8045.34
9724.13 8038.52
9712.64 8033.32
9700.59 8029.36
9688.24 8026.44
9675.73 8024.29
9663.35 8022.41
9650.60 8020.48
9638.67 8017.85
9626.28 8015.08
9613.93 8012.32
9602.58 8009.78
9590.89 8006.86
9579.88 8002.94
9568.29 7998.81
9556.45 7994.61
9544.79 7989.81
9533.59 7984.91
9522.37 7980.01
9511.99 7975.12
9500.74 7969.45
9490.61 7963.26
9479.79 7956.64
9469.46 7950.33
9458.51 7943.64
9448.18 7937.33
9438.03 7931.12
9428.39 7925.23
9417.39 7918.51
9406.86 7912.08
9396.79 7905.46
9387.42 7898.72
9377.46 7891.56
9367.88 7884.67
9357.47 7877.18
9347.52 7870.03
9337.27 7862.66
9327.15 7855.39
9316.90 7848.02
9307.47 7841.23
9297.64 7834.17
9288.10 7827.30
9278.11 7820.12
9267.69 7812.63
9257.52 7805.32
9247.95 7798.73
9237.80 7791.81
9227.26 7784.93
9217.11 7778.90
9207.16 7772.98
9196.30 7766.52
9185.34 7760.04
9175.17 7754.30
9164.15 7748.15
9154.01 7742.37
9143.65 7736.39
9132.78 7730.13
9122.55 7724.23
9111.83 7718.05
9101.50 7712.09
9091.53 7706.34
9081.13 7701.18
9070.01 7695.96
9059.52 7691.03
9048.98 7686.08
9038.43 7681.13
9027.67 7676.07
9016.85 7671.00
9006.15 7665.97
8995.70 7661.07
8984.54 7655.83
8973.27 7650.54
8962.59 7645.52
8952.02 7640.56
8941.03 7635.40
8929.41 7629.94
8918.34 7624.74
8907.09 7619.46
8896.50 7614.48
8885.74 7608.96
8875.09 7603.27
8864.78 7596.79
8854.44 7590.04
8844.32 7582.82
8834.67 7575.58
8824.97 7568.30
8815.69 7561.35
8805.84 7553.96
8795.57 7546.26
8785.33 7540.20
8773.58 7535.18
8762.62 7530.84
8750.26 7527.56
8739.12 7524.60
8727.99 7521.65
8715.73 7518.39
8703.97 7515.27
8692.10 7512.12
8680.94 7509.11
8668.96 7505.84
8657.16 7502.63
8644.82 7499.13
8632.86 7494.32
8621.92 7489.91
8610.55 7485.34
8599.53 7479.62
8589.94 7473.04
8579.71 7466.01
8569.76 7459.16
8559.31 7451.92
8549.51 7445.12
8539.44 7438.13
8529.90 7431.36
8520.12 7424.44
8510.21 7417.41
8499.66 7410.50
8489.57 7403.94
8479.54 7396.73
8469.93 7389.90
8459.67 7382.45
8449.75 7375.10
8440.06 7367.81
8430.51 7360.25
8420.84 7352.83
8411.18 7345.72
8400.87 7338.26
8391.01 7330.96
8381.89 7324.02
8371.80 7316.59
8361.70 7309.04
8352.53 7301.35
8343.98 7293.04
8336.82 7282.79
8329.39 7272.16
8322.62 7262.48
8315.86 7252.80
8307.93 7242.49
8300.22 7232.66
8296.16 7222.13
8290.27 7214.61
8287.12 7210.59
8285.81 7208.92
8285.67 7208.74
8285.60 7208.66
8285.59 7208.65
8285.59 7208.64
8285.59 7208.64
8285.59 7208.64
8285.59 7208.64
8285.59 7208.64
8285.59 7208.64
8285.59 7208.64
8285.59 7208.64
8285.59 7208.64
8284.46 7207.16
8281.82 7203.56
8276.69 7198.39
8268.24 7195.26
8257.72 7193.38
8245.06 7193.03
8232.18 7193.05
8220.72 7194.02
8208.88 7195.48
8196.12 7197.42
