10199.42 809.07
10197.89 810.33
10194.56 813.08
10189.84 816.95
10184.09 821.69
10176.86 827.63
10168.11 834.84
10157.53 843.54
10145.26 853.63
10131.48 864.97
10117.37 876.59
10103.48 888.01
10089.49 899.52
10075.41 911.11
10060.81 923.12
10046.15 935.15
10032.40 946.38
10018.24 957.79
10003.58 968.00
9986.63 976.00
9968.88 981.73
9951.49 986.23
9933.78 990.82
9915.93 995.43
9897.51 1000.20
9880.55 1005.52
9863.08 1011.75
9846.15 1018.78
9829.42 1026.91
9813.52 1035.90
9798.13 1046.72
9783.35 1057.47
9767.96 1068.15
9751.53 1077.04
9737.52 1079.12
9727.49 1079.48
9721.80 1079.13
9718.95 1078.95
9718.87 1078.94
9718.84 1078.94
9718.84 1078.94
9718.84 1078.94
9718.84 1078.94
9718.84 1078.94
9718.84 1078.94
9718.84 1078.94
9718.84 1078.94
9718.84 1078.94
9718.84 1078.94
9718.84 1078.94
9718.84 1078.94
9718.84 1078.94
9718.84 1078.94
9718.84 1078.94
9718.84 1078.94
9718.84 1078.94
9718.84 1078.94
9718.84 1078.94
9718.84 1078.94
9718.84 1078.94
9718.84 1078.94
9718.84 1078.94
9718.84 1078.94
9718.84 1078.94
9717.56 1078.86
9714.98 1078.70
9710.98 1078.46
9705.09 1078.64
9700.23 1083.84
9696.01 1091.92
9690.71 1102.06
9684.76 1113.45
9677.73 1126.91
9670.59 1140.57
9663.48 1154.17
9656.35 1167.82
9649.08 1181.63
9642.23 1194.47
9634.89 1208.25
9627.96 1221.20
9621.01 1234.12
9613.96 1247.23
9606.76 1261.34
9599.50 1274.89
9592.57 1287.73
9585.53 1300.74
9578.44 1313.87
9571.37 1326.97
9564.52 1339.65
9557.72 1352.23
9550.78 1365.07
9544.10 1377.44
9537.39 1389.86
9530.19 1403.19
9523.51 1415.56
9516.42 1428.69
9509.86 1440.82
9503.20 1453.16
9495.93 1466.61
9489.14 1479.18
9482.73 1491.06
9476.28 1502.99
9469.14 1516.21
9461.82 1529.75
9455.27 1542.52
9450.18 1556.17
9446.78 1571.32
9444.00 1586.09
9441.10 1601.49
9438.20 1616.86
9435.37 1631.87
9431.21 1645.76
9420.48 1657.30
9409.12 1667.16
9400.74 1678.67
9395.09 1692.87
9389.26 1707.50
9383.56 1721.83
9377.58 1736.52
9372.22 1750.28
9367.92 1764.70
9363.58 1779.21
9357.99 1792.51
9353.16 1803.03
9349.70 1809.13
9342.01 1811.62
9335.80 1807.71
9333.52 1805.95
9332.69 1805.31
9332.63 1805.25
9332.61 1805.25
9332.61 1805.24
9332.61 1805.24
9332.61 1805.24
9332.61 1805.24
9332.61 1805.24
9332.61 1805.24
9332.61 1805.24
9332.61 1805.24
9332.61 1805.24
9330.53 1803.52
9326.96 1800.56
9321.82 1795.46
9316.62 1785.72
9320.14 1775.19
9321.66 1763.70
9308.62 1758.95
9299.67 1755.78
9294.29 1753.87
9287.12 1750.09
9289.87 1740.35
9294.52 1729.06
9299.08 1715.62
9305.35 1701.14
9311.74 1687.36
9318.12 1673.61
9324.39 1660.09
9330.59 1646.72
9336.74 1633.47
9343.29 1619.35
9349.95 1605.00
9356.18 1591.56
9364.02 1579.26
9374.52 1568.05
9384.07 1562.40
9391.58 1559.36
9398.40 1555.54
9395.29 1544.13
9391.61 1530.62
9387.72 1516.28
9383.58 1501.05
9380.95 1486.37
9379.05 1471.56
9377.10 1456.32
9375.21 1441.55
9373.25 1426.27
9371.31 1411.18
9369.46 1396.71
9367.51 1381.46
9365.65 1367.00
9363.64 1351.30
9361.67 1335.90
9359.51 1321.32
9357.29 1306.58
9355.01 1291.36
9352.42 1276.83
9348.66 1262.72
9344.07 1247.66
9338.58 1233.52
9333.07 1219.34
9327.54 1205.11
9321.85 1190.46
9316.17 1175.97
9309.64 1159.28
9302.84 1141.92
9295.06 1125.92
9285.22 1109.97
9272.36 1096.92
9257.11 1087.51
9239.60 1082.00
9221.47 1077.15
9204.06 1072.50
9186.92 1067.92
9168.67 1063.05
9152.30 1057.74
9140.92 1051.89
9134.22 1047.01
9131.22 1044.63
9131.11 1044.54
9131.03 1044.47
9131.02 1044.47
9131.02 1044.47
9131.02 1044.47
9131.02 1044.47
9131.02 1044.47
9131.02 1044.47
9131.02 1044.47
9129.57 1043.60
9126.39 1043.64
9121.81 1045.17
9114.80 1046.43
9105.57 1046.34
9094.23 1043.55
9080.91 1040.27
9066.76 1036.78
9052.51 1033.27
9038.28 1029.77
9023.69 1026.18
9008.77 1022.51
8994.57 1019.01
8979.85 1015.39
8964.61 1011.64
8950.22 1009.98
8937.99 1018.67
8927.19 1029.47
8916.06 1040.61
8905.68 1051.01
8894.45 1061.16
8882.87 1071.07
8871.59 1080.73
8859.11 1090.39
8846.51 1099.47
8834.03 1108.45
8821.58 1117.42
8809.33 1126.25
8799.53 1137.15
8795.24 1151.59
8793.18 1166.49
8791.12 1182.05
8789.05 1197.71
8787.05 1212.82
8785.06 1227.89
8783.02 1243.32
8780.95 1258.99
8778.97 1273.95
8776.95 1289.28
8774.98 1304.19
8772.93 1319.69
8770.97 1334.52
8768.90 1350.16
8766.99 1364.60
8765.05 1379.33
8763.02 1394.67
8761.06 1409.49
8759.14 1424.01
8757.08 1439.64
8755.12 1454.49
8753.18 1469.16
8751.20 1484.09
8748.77 1498.48
8743.91 1512.69
8734.73 1525.47
8725.41 1537.26
8715.83 1549.35
8706.29 1560.75
8697.18 1572.11
8688.14 1583.49
8678.99 1595.01
8669.67 1606.75
8659.06 1618.03
8647.63 1628.54
8636.22 1637.80
8625.59 1645.21
8618.66 1650.05
8615.66 1657.92
8624.32 1666.95
8634.13 1677.18
8645.16 1688.70
8655.96 1702.48
8665.69 1718.54
8673.03 1735.34
8678.23 1752.39
8682.26 1769.97
8685.38 1788.30
8688.38 1805.92
8691.10 1823.58
8693.40 1841.52
8695.80 1860.34
8694.48 1879.11
8691.85 1897.19
8688.29 1915.56
8685.11 1933.84
8683.65 1952.03
8682.46 1969.92
8681.23 1988.52
8679.41 2007.09
8673.19 2024.87
8669.63 2043.32
8665.79 2061.08
8661.77 2078.34
8657.68 2095.73
8653.54 2113.92
8649.50 2131.76
8646.08 2150.20
8643.23 2167.83
8640.39 2185.45
8637.40 2203.97
8634.08 2222.25
8629.75 2240.17
8622.40 2257.23
8614.88 2274.55
8607.85 2290.74
8598.98 2305.84
8586.79 2320.04
8574.20 2333.94
8561.97 2347.85
8552.30 2363.08
8542.54 2378.89
8533.50 2395.29
8529.37 2408.76
8531.08 2418.04
8532.05 2422.83
8528.07 2427.82
8520.11 2432.28
8509.84 2437.75
8496.81 2442.70
8481.76 2444.04
8467.18 2443.29
8454.15 2442.52
8449.67 2448.45
8448.97 2452.44
8446.86 2457.86
8439.90 2459.89
8430.28 2459.95
8419.10 2460.02
8405.76 2460.10
8391.19 2458.89
8375.87 2457.11
8361.31 2455.43
8346.64 2453.20
8331.72 2450.33
8316.52 2447.41
8301.33 2446.23
8290.61 2450.61
8283.54 2454.33
8273.85 2453.54
8262.01 2449.65
8247.74 2444.87
8233.62 2440.14
8219.10 2435.28
8204.82 2430.50
8190.68 2425.77
8175.88 2420.81
8162.65 2413.92
8150.74 2417.02
8140.14 2428.35
8125.30 2430.00
8110.56 2430.11
8095.88 2430.22
8081.03 2430.34
8065.49 2430.45
8050.10 2430.57
8035.36 2430.68
8020.37 2430.79
8005.60 2430.91
7995.04 2430.99
7988.98 2431.03
7983.48 2434.89
7983.58 2444.94
7983.70 2456.73
7985.06 2470.32
7987.35 2485.43
7989.70 2501.00
7992.16 2516.45
7994.55 2529.63
7996.33 2539.42
7997.30 2544.79
8001.14 2549.25
8009.81 2547.70
8020.75 2545.72
8033.80 2543.79
8048.93 2542.33
8063.76 2540.98
8078.38 2539.91
8093.31 2538.82
8107.96 2537.75
8123.22 2537.53
8138.67 2537.85
8152.06 2543.70
8154.00 2555.02
8141.27 2564.31
8129.19 2573.01
8116.88 2581.87
8104.39 2590.86
8092.08 2599.72
8079.32 2608.91
8067.51 2617.41
8055.16 2625.88
8042.70 2634.13
8029.61 2642.81
8017.34 2650.71
8004.92 2658.51
7991.58 2666.90
7978.42 2675.16
7965.14 2683.52
7951.95 2691.80
7938.98 2699.95
7926.67 2708.18
7913.89 2717.43
7901.36 2726.49
7888.75 2735.68
7877.53 2745.04
7865.74 2754.87
7853.60 2764.99
7842.95 2774.97
7831.92 2785.83
7820.92 2796.70
7812.40 2810.59
7802.17 2821.47
7792.08 2832.74
7781.95 2844.56
7771.69 2856.56
7762.11 2867.90
7752.53 2879.40
7743.15 2891.14
7733.99 2902.60
7723.90 2914.77
7713.58 2926.68
7703.51 2938.30
7692.96 2949.94
7682.59 2961.34
7672.17 2972.10
7660.69 2982.82
7649.85 2992.93
7638.40 3002.76
7626.73 3012.59
7615.14 3022.10
7603.00 3031.75
7590.91 3040.44
7578.29 3048.99
7566.55 3058.08
7560.71 3068.04
7561.54 3083.53
7552.06 3097.26
7536.77 3102.19
7521.47 3096.85
7509.44 3098.89
7493.96 3106.99
7480.23 3118.97
7466.51 3130.75
7453.26 3142.99
7439.99 3155.66
7427.86 3168.58
7415.85 3181.82
7403.20 3195.57
7391.27 3208.90
7379.93 3222.55
7368.31 3236.53
7355.49 3249.70
7344.48 3261.42
7345.29 3276.96
7338.20 3291.23
7324.87 3298.94
7308.75 3298.31
7295.57 3288.45
7284.07 3290.37
7268.94 3298.52
7252.24 3307.52
7236.09 3316.22
7220.05 3324.86
7203.48 3333.79
7187.78 3342.25
7171.65 3350.94
7155.90 3359.42
7139.37 3368.33
7123.77 3376.73
7107.87 3385.30
7091.23 3394.26
7074.79 3403.12
7075.69 3416.95
7086.22 3433.22
7097.52 3450.68
7115.01 3462.34
7134.43 3471.59
7152.17 3479.21
7165.78 3485.06
7175.65 3486.82
7181.46 3486.43
7188.74 3486.63
7191.49 3494.52
7192.96 3505.72
7193.29 3518.49
7193.18 3532.91
7193.05 3548.70
7192.18 3566.63
7190.44 3586.30
7183.18 3606.98
7175.23 3627.32
7165.75 3646.74
7155.56 3665.07
7143.14 3681.82
7128.48 3697.87
7112.70 3712.20
7095.78 3724.71
7076.90 3734.94
7057.39 3743.72
7036.43 3750.23
7015.90 3754.54
6994.66 3758.47
6973.66 3761.60
6952.30 3758.03
6933.81 3748.83
6918.69 3733.90
6913.67 3716.53
6912.72 3702.88
6915.28 3694.10
6916.79 3689.63
6918.96 3684.02
6922.86 3676.69
6928.47 3668.02
6933.92 3656.49
6935.65 3642.12
6932.90 3626.29
6921.59 3612.13
6911.41 3594.61
6901.42 3576.33
6888.81 3559.02
6876.40 3541.99
6864.06 3524.72
6852.13 3507.43
6841.93 3492.67
6834.38 3481.30
6828.58 3472.58
6825.25 3467.57
6820.93 3461.46
6816.14 3453.01
6810.49 3443.06
6803.97 3431.59
6795.31 3419.08
6782.94 3407.66
6770.09 3394.39
6759.38 3376.80
6741.36 3365.66
6720.99 3359.99
6699.28 3356.80
6677.70 3354.16
6655.70 3351.47
6633.96 3348.68
6612.81 3345.30
6591.76 3341.60
6571.40 3336.86
6551.28 3330.85
6530.31 3324.37
6510.63 3316.80
6491.45 3308.32
6471.66 3299.20
6451.99 3290.13
6430.90 3285.67
6409.47 3285.62
6388.50 3285.57
6366.83 3287.90
6345.16 3292.39
6324.34 3296.70
6303.53 3301.01
6282.88 3305.29
6261.53 3309.71
6241.99 3310.24
6224.53 3309.73
6207.25 3309.42
6188.77 3312.35
6169.49 3315.40
6149.83 3318.50
6128.76 3321.84
6108.05 3325.11
6087.44 3328.08
6067.85 3330.84
6046.97 3333.79
6026.94 3336.61
6007.66 3339.33
5987.83 3342.12
5967.55 3344.98
5947.62 3347.55
5926.67 3350.23
5907.52 3352.67
5887.86 3355.18
5868.38 3357.67
5847.15 3360.38
5827.69 3362.87
5807.56 3365.44
5788.11 3367.92
5768.31 3370.45
5748.72 3372.95
5729.65 3375.39
5709.55 3377.93
5689.67 3378.33
5669.74 3378.72
5648.54 3380.82
5625.63 3384.24
5600.55 3387.97
5573.84 3391.95
5545.91 3392.72
5516.30 3397.28
5487.31 3402.19
5458.92 3407.00
5428.31 3412.85
5399.03 3418.45
5370.60 3424.60
5340.68 3431.20
5310.27 3438.31
5281.00 3446.30
5251.39 3454.38
5220.61 3463.57
5191.59 3472.31
5161.01 3481.78
5133.96 3490.63
5106.87 3500.32
5079.15 3510.23
5050.18 3520.99
5021.44 3532.06
4992.08 3544.00
4963.23 3555.73
4934.86 3568.19
4905.75 3581.21
4877.49 3594.18
4849.37 3608.14
4821.01 3622.22
4793.38 3636.76
4766.73 3651.07
4741.22 3664.98
4714.70 3680.52
4688.69 3695.76
4662.20 3711.66
4637.77 3727.28
4612.95 3743.14
4587.73 3759.97
4563.60 3776.28
4539.15 3793.32
4515.59 3810.36
4491.03 3824.05
4466.35 3838.94
4442.10 3857.74
4416.60 3877.53
4390.09 3899.44
4362.42 3922.91
4335.30 3947.15
4308.64 3971.81
4284.07 3999.64
4256.54 4026.61
4228.65 4054.20
4200.92 4081.64
4175.13 4109.52
4149.62 4138.48
4124.54 4167.38
4099.25 4197.23
4075.37 4226.17
4052.79 4255.33
4030.01 4284.76
4008.15 4315.17
3986.47 4346.69
3964.84 4377.33
3942.72 4408.65
3921.79 4440.22
3901.43 4472.80
3881.92 4506.02
3862.70 4539.51
3845.14 4572.23
3829.26 4602.75
3814.28 4631.55
3800.81 4658.92
3788.56 4684.73
3780.39 4710.28
3768.61 4735.78
3756.66 4763.03
3744.49 4792.63
3732.66 4823.23
3720.97 4853.50
3709.47 4884.66
3698.90 4915.37
3688.39 4946.34
3678.22 4976.38
3666.27 5004.87
3657.43 5034.67
3649.68 5061.20
3642.91 5087.57
3635.96 5114.67
3629.22 5142.27
3622.99 5171.33
3616.90 5199.78
3610.85 5229.35
3605.48 5258.60
3600.22 5287.30
3595.50 5317.13
3591.34 5347.39
3587.52 5376.63
3584.00 5407.20
3580.59 5436.82
3577.13 5466.86
3574.78 5498.01
3572.70 5529.41
3570.91 5560.95
3569.72 5591.43
3569.53 5617.62
3569.51 5644.52
3569.50 5672.02
3569.48 5700.14
3569.46 5728.96
3570.56 5758.91
3571.81 5787.94
3573.09 5817.84
3574.84 5847.43
3577.45 5878.36
3580.02 5908.93
3582.54 5938.83
3585.17 5970.06
3587.90 6001.53
3591.65 6031.79
3598.82 6062.86
3602.74 6094.51
3606.78 6127.06
3610.63 6158.19
3615.58 6190.17
3620.52 6221.59
3625.63 6254.00
3630.46 6284.69
3637.48 6313.50
3642.44 6339.32
3645.96 6361.69
3648.95 6380.69
3651.87 6397.78
3655.02 6414.30
3658.59 6431.52
3661.72 6448.08
3664.94 6465.77
3667.67 6480.78
3670.85 6498.21
3673.98 6515.40
3676.93 6531.60
3679.96 6548.27
3682.82 6563.96
3685.89 6580.42
3689.25 6596.34
3698.92 6610.70
3712.19 6618.84
3727.16 6623.22
3742.61 6622.14
3759.26 6616.37
3772.07 6605.78
3780.39 6591.29
3783.93 6575.22
3782.05 6558.86
3774.80 6544.56
3764.74 6531.28
3754.26 6518.66
3744.14 6505.73
3735.11 6493.78
3725.69 6480.34
3716.29 6464.89
3707.48 6449.51
3699.86 6436.76
3691.74 6423.19
3683.17 6408.86
3674.63 6394.58
3666.52 6381.02
3657.78 6366.41
3653.41 6347.90
3663.97 6338.67
3678.30 6331.20
3694.08 6322.91
3711.12 6313.39
3729.16 6303.28
3747.86 6292.80
3765.92 6281.64
3773.96 6266.24
3779.29 6253.96
3782.86 6245.75
3785.78 6239.04
3788.83 6231.65
3786.03 6224.95
3777.37 6221.75
3766.71 6221.01
3754.12 6225.08
3740.63 6230.88
3727.94 6236.34
3714.03 6242.01
3701.35 6247.11
3688.53 6252.26
3676.03 6257.28
3662.42 6262.45
3648.31 6266.58
3635.34 6270.37
3620.66 6272.79
3607.12 6274.59
3592.10 6276.60
3578.32 6278.43
3563.87 6280.24
3549.58 6281.90
3535.70 6283.54
3522.12 6285.22
3506.59 6287.13
3492.60 6288.87
3480.68 6290.67
3472.78 6292.18
3468.79 6292.96
3468.04 6293.11
3467.46 6293.22
3467.44 6293.23
3467.43 6293.23
3467.43 6293.23
3467.43 6293.23
3467.43 6293.23
3466.36 6293.44
3463.66 6293.97
3458.95 6294.89
3452.28 6296.17
3442.63 6297.11
3431.41 6296.70
3419.18 6296.23
3406.12 6295.72
3391.12 6294.96
3376.00 6294.24
3360.26 6293.25
3345.26 6291.49
3329.48 6289.64
3314.73 6286.93
3300.45 6283.84
3285.08 6280.29
3269.92 6276.78
3254.62 6272.73
3240.31 6268.20
3225.76 6262.74
3211.75 6257.02
3197.38 6250.79
3182.92 6244.85
3169.12 6239.31
3154.97 6233.80
3145.88 6244.80
3136.39 6256.11
3122.67 6261.23
3108.10 6266.45
3093.78 6269.37
3078.62 6272.47
3063.34 6275.59
3048.22 6278.68
3032.97 6281.79
3018.37 6284.77
3003.61 6287.78
2988.46 6290.87
2973.66 6293.90
2965.71 6306.03
2957.30 6319.10
2949.13 6331.80
2940.95 6344.51
2932.95 6356.95
2924.67 6369.82
2916.48 6382.56
2908.34 6395.21
2900.45 6407.48
2892.06 6420.82
2884.30 6434.51
2876.57 6448.16
2869.10 6461.35
2861.78 6474.27
2852.25 6485.32
2838.73 6492.43
2825.80 6499.22
2812.64 6506.14
2799.67 6512.96
2786.79 6519.73
2773.81 6526.55
2759.56 6524.53
2744.12 6521.31
2729.03 6518.17
2714.76 6515.19
2699.36 6511.98
2685.71 6507.42
2673.41 6499.37
2660.26 6490.76
2647.84 6482.62
2635.06 6474.25
2622.63 6466.11
2609.46 6457.48
2602.09 6444.06
2594.84 6430.52
2587.43 6416.69
2580.28 6403.33
2577.32 6388.45
2578.22 6373.79
2579.15 6358.53
2580.10 6343.06
2581.05 6327.42
2589.59 6316.13
2602.73 6307.38
2615.59 6298.82
2627.99 6290.56
2641.22 6284.70
2653.73 6292.12
2667.30 6300.16
2679.59 6307.45
2688.91 6312.97
2694.89 6316.51
2697.27 6317.93
2697.43 6318.02
