3407.36 1785.45
3409.58 1786.74
3413.53 1789.01
3419.90 1792.68
3428.66 1797.74
3438.81 1803.71
3450.36 1810.89
3463.16 1818.78
3478.39 1828.25
3495.68 1839.00
3514.21 1851.76
3533.81 1865.75
3555.16 1882.02
3578.04 1899.63
3602.39 1919.67
3626.60 1940.01
3649.73 1961.04
3671.98 1982.08
3693.47 2004.04
3714.07 2026.13
3734.06 2048.45
3753.32 2071.74
3772.59 2095.39
3791.27 2119.81
3808.84 2144.44
3826.31 2170.09
3843.68 2196.60
3859.62 2222.96
3875.37 2249.52
3889.68 2275.91
3903.66 2303.06
3916.80 2330.69
3929.61 2358.12
3942.23 2386.04
3953.93 2414.68
3964.92 2443.83
3975.21 2472.54
3984.30 2500.39
3993.42 2529.69
4001.87 2558.89
4009.43 2588.03
4016.82 2618.07
4023.48 2649.10
4029.95 2679.30
4036.31 2709.01
4041.48 2739.53
4045.61 2769.24
4049.83 2799.52
4054.06 2829.97
4058.12 2860.47
4060.63 2890.86
4062.91 2921.05
4061.94 2952.75
4064.52 2987.05
4066.47 3023.07
4068.29 3060.66
4068.70 3100.49
4069.13 3141.99
4069.20 3185.81
4068.94 3227.69
4068.66 3267.62
4070.51 3305.60
4069.09 3342.70
4067.66 3380.12
4066.23 3417.34
4064.83 3453.92
4063.56 3487.08
4062.40 3517.45
4061.28 3546.83
4060.19 3575.33
4062.14 3599.65
4060.68 3622.43
4059.34 3643.27
4058.13 3662.13
4056.83 3682.48
4057.22 3701.60
4057.87 3720.63
4058.22 3737.83
4057.78 3755.88
4057.34 3773.58
4056.90 3791.71
4056.26 3808.94
4055.31 3824.61
4054.42 3839.02
4053.44 3856.14
4052.83 3874.69
4052.24 3893.68
4051.59 3914.61
4050.99 3934.07
4050.34 3955.22
4049.71 3975.81
4049.07 3996.44
4048.41 4018.07
4048.14 4039.76
4048.88 4060.69
4049.55 4080.76
4050.24 4101.61
4052.04 4121.74
4056.13 4142.08
4062.11 4161.75
4069.71 4180.54
4079.31 4199.88
4089.43 4218.41
4099.90 4237.57
4110.23 4256.48
4119.73 4274.82
4126.93 4294.39
4131.44 4313.39
4133.41 4334.27
4132.80 4355.55
4130.35 4376.94
4125.31 4396.82
4118.54 4415.57
4109.34 4434.16
4098.51 4452.11
4086.15 4468.08
4071.60 4483.35
4055.48 4496.29
4037.96 4508.34
4021.04 4518.15
4002.61 4528.01
3984.40 4536.26
3964.11 4545.19
3944.52 4553.82
3926.26 4563.24
3912.18 4570.97
3901.54 4578.02
3894.73 4582.85
3890.05 4586.18
3887.09 4588.28
3883.62 4591.14
3881.11 4593.74
3877.04 4597.96
3874.34 4600.75
3870.18 4605.24
3864.99 4610.87
3857.93 4618.54
3849.74 4627.43
3839.65 4638.39
3828.64 4651.30
3816.81 4666.58
3805.41 4684.82
3794.46 4702.58
3784.43 4719.23
3776.10 4735.77
3768.28 4752.74
3760.71 4770.19
3753.55 4786.97
3747.10 4803.58
3741.08 4819.44
3735.19 4834.96
3728.73 4851.28
3722.26 4866.29
3715.71 4880.62
3708.68 4896.81
3702.55 4914.89
3692.58 4934.00
3685.68 4954.33
3678.01 4977.07
3664.33 4999.81
3656.05 5027.72
3647.20 5057.59
3638.87 5090.03
3630.55 5122.46
3623.20 5154.61
3616.02 5188.12
3609.11 5220.53
3603.34 5251.98
3597.36 5284.60
3592.52 5314.56
3588.20 5346.00
3584.14 5377.17
3580.64 5407.61
3576.92 5439.87
3573.40 5470.38
3571.26 5501.24
3569.34 5530.17
3567.64 5560.06
3566.49 5589.54
3566.23 5619.32
3566.21 5649.75
3566.19 5679.18
3566.17 5708.98
3566.40 5738.91
3567.65 5767.95
3568.93 5797.87
3570.21 5827.61
3572.38 5857.43
3574.82 5886.50
3577.40 5917.15
3579.87 5946.50
3582.32 5975.51
3585.14 6006.04
3588.91 6036.51
3592.38 6064.54
3596.01 6093.82
3599.61 6122.90
3603.27 6152.42
3607.48 6181.20
3612.23 6211.35
3616.60 6239.09
3621.12 6267.81
3625.66 6296.64
3630.09 6324.54
3634.85 6354.74
3639.30 6383.02
3644.65 6413.36
3649.70 6442.75
3654.74 6472.12
3659.61 6500.49
3664.21 6527.23
3668.46 6552.00
3672.89 6577.75
3677.13 6602.47
3681.65 6628.77
3686.04 6654.09
3690.61 6679.72
3695.23 6705.59
3700.33 6734.17
3705.22 6761.60
3710.03 6788.54
3714.88 6815.75
3719.70 6842.77
3724.77 6871.19
3729.66 6898.56
3734.76 6927.18
3739.90 6955.95
3745.18 6985.58
3753.54 7013.34
3761.43 7038.73
3765.27 7060.27
3769.38 7083.25
3773.16 7108.71
3775.40 7136.04
3780.64 7165.37
3786.15 7196.23
3791.87 7228.25
3797.63 7260.54
3803.31 7292.32
3808.74 7322.72
3814.10 7352.76
3819.55 7383.28
3825.05 7414.09
3830.51 7444.65
3835.83 7474.43
3844.36 7503.40
3850.03 7535.18
3856.10 7569.19
3862.59 7605.53
3869.57 7644.61
3876.92 7685.77
3883.24 7726.16
3890.79 7763.16
3895.22 7796.49
3899.20 7825.31
3902.93 7850.72
3903.95 7876.00
3905.90 7900.48
3909.31 7925.30
3912.69 7949.95
3915.99 7974.00
3922.34 7997.67
3933.10 8020.04
3945.99 8041.86
3959.00 8062.95
3965.24 8086.67
3958.77 8110.79
3941.50 8126.16
3916.97 8131.54
3893.26 8129.03
3870.99 8126.01
3848.87 8120.50
3829.80 8108.37
3817.27 8090.13
3816.56 8069.32
3822.71 8049.85
3833.45 8032.63
3839.59 8013.06
3839.89 7992.80
3834.58 7974.00
3822.25 7965.59
3809.01 7971.66
3797.91 7978.29
3789.34 7980.03
3784.84 7980.02
3777.93 7979.03
3770.96 7972.92
3763.24 7967.84
3759.71 7964.01
3755.79 7956.21
3745.90 7955.76
3734.85 7958.22
3721.67 7960.94
3706.92 7964.14
3689.73 7968.52
3673.45 7972.81
3657.20 7977.48
3640.22 7982.43
3623.38 7987.35
3606.44 7992.11
3589.16 7996.63
3571.93 8001.54
3555.53 8006.15
3539.40 8010.60
3527.40 8013.79
3519.73 8015.72
3515.98 8015.90
3510.90 8013.73
3505.49 8008.62
3497.36 8003.32
3490.78 7994.63
3483.30 7984.74
3474.90 7973.65
3465.13 7960.73
3453.94 7946.73
3436.85 7948.42
3419.81 7951.98
3402.48 7953.69
3385.03 7955.41
3367.58 7957.13
3350.66 7959.22
3333.22 7962.58
3316.72 7965.63
3299.99 7968.86
3282.46 7972.26
3265.01 7975.66
3248.27 7978.91
3231.68 7982.13
3218.88 7984.62
3209.67 7986.41
3204.88 7987.34
3204.32 7987.45
3204.06 7987.50
