3448.72 2044.27
3450.50 2044.90
3453.76 2046.06
3458.89 2047.89
3463.54 2048.74
3471.63 2045.70
3481.56 2041.59
3492.39 2046.35
3496.83 2057.17
3507.80 2061.96
3519.16 2065.54
3531.36 2069.39
3543.26 2073.14
3555.52 2077.00
3566.44 2083.89
3577.96 2087.44
3590.03 2091.20
3601.44 2094.76
3613.63 2098.55
3625.13 2102.13
3636.62 2105.71
3648.01 2109.27
3659.65 2112.97
3671.80 2116.85
3683.14 2120.46
3694.93 2124.22
3706.38 2127.89
3717.97 2131.58
3727.11 2134.45
3732.44 2136.13
3733.92 2136.60
3735.50 2137.10
3738.50 2138.04
3742.30 2139.23
3748.53 2141.19
3757.19 2143.92
3767.12 2147.04
3779.46 2150.92
3790.97 2154.55
3802.67 2158.23
3814.65 2162.00
3826.66 2165.78
3837.09 2169.06
3846.41 2171.99
3851.66 2173.65
3858.80 2175.90
3868.41 2178.92
3879.38 2182.38
3887.28 2184.86
3890.97 2187.06
3891.69 2193.06
3892.00 2200.64
3894.21 2210.03
3898.76 2220.33
3905.13 2231.98
3912.97 2245.05
3920.63 2258.53
3926.01 2268.13
3929.15 2273.82
3930.14 2275.61
3930.37 2276.04
3930.41 2276.11
3930.43 2276.14
3931.23 2277.76
3932.92 2281.22
3934.97 2286.64
3937.34 2294.01
3940.22 2302.96
3943.86 2314.26
3948.07 2327.35
3952.90 2342.35
3958.13 2358.58
3963.45 2375.13
3968.93 2392.13
3974.31 2408.85
3979.69 2425.56
3985.21 2442.70
3990.20 2459.19
3994.99 2475.81
3999.91 2492.87
4004.76 2509.72
4009.78 2527.13
4013.54 2544.31
4016.72 2561.16
4020.01 2578.54
4023.38 2596.38
4026.69 2613.74
4030.05 2631.40
4033.27 2648.32
4036.44 2664.97
4039.83 2682.76
4043.09 2699.88
4046.26 2716.68
4048.84 2733.40
4051.53 2750.79
4054.27 2768.48
4057.00 2786.14
4059.74 2803.99
4059.75 2822.03
4059.76 2839.12
4061.04 2857.14
4062.96 2877.73
4064.67 2900.47
4066.51 2924.84
4065.11 2950.94
4067.24 2979.27
4069.10 3009.81
4070.76 3042.55
4071.75 3076.21
4072.10 3109.54
4072.43 3141.69
4072.58 3173.34
4072.38 3204.83
4072.19 3235.47
4072.01 3263.95
4070.99 3293.03
4069.91 3321.36
4068.80 3350.42
4067.59 3381.96
4066.48 3410.86
4065.44 3437.96
4064.55 3461.21
4063.72 3483.05
4062.95 3503.03
4062.28 3520.66
4061.60 3538.36
4060.91 3556.31
4060.29 3572.57
4062.95 3586.93
4062.17 3599.21
4061.40 3611.17
4060.59 3623.85
4059.94 3633.91
4059.42 3642.11
4058.83 3651.32
4058.09 3662.83
4057.32 3674.78
4056.74 3687.52
4057.21 3701.38
4057.68 3715.22
4058.11 3727.73
4058.13 3741.74
4057.76 3756.86
4057.42 3770.34
4057.07 3784.58
4056.74 3798.17
4056.11 3811.37
4055.22 3825.98
4054.22 3842.30
4053.30 3860.28
4052.71 3878.20
4052.19 3895.22
4051.66 3912.38
4051.12 3930.02
4050.56 3948.04
4050.01 3965.96
4049.46 3983.89
4048.93 4001.19
4048.38 4018.81
4048.02 4036.58
4048.66 4053.85
4049.23 4071.04
4049.80 4088.19
4050.39 4105.94
4052.17 4122.81
4055.54 4139.59
4060.38 4156.23
4066.12 4172.35
4073.31 4188.75
4081.33 4203.57
4089.74 4218.96
4097.95 4234.01
4105.72 4248.23
4113.21 4262.13
4120.81 4276.91
4126.23 4291.63
4130.30 4307.71
4133.00 4324.24
4133.44 4339.02
4132.83 4355.03
4131.64 4369.75
4129.07 4384.13
4124.47 4399.47
4119.19 4414.26
4112.67 4427.44
4105.53 4440.97
4097.65 4453.47
4088.65 4465.20
4078.09 4476.58
4066.68 4487.31
4055.06 4496.63
4042.73 4505.44
4028.91 4513.85
4015.37 4521.19
4001.51 4528.60
3987.18 4535.03
3973.22 4541.18
3958.16 4547.81
3944.84 4553.68
3933.47 4559.28
3921.20 4566.02
3911.07 4571.58
3902.02 4577.68
3895.50 4582.31
3891.62 4585.06
3888.01 4587.63
3883.40 4591.37
3879.88 4595.01
3875.92 4599.12
3870.84 4604.52
3864.56 4611.34
3857.38 4619.13
3848.98 4628.25
3839.65 4638.39
3829.06 4650.81
3817.80 4665.00
3808.83 4679.35
3800.18 4693.19
3791.91 4706.82
3783.20 4721.29
3776.12 4735.73
3769.30 4750.54
3762.90 4765.05
3756.90 4779.12
3750.90 4793.52
3745.51 4807.77
3739.87 4822.66
3734.08 4837.76
3728.68 4851.42
3722.16 4866.50
3715.96 4880.08
3709.93 4893.48
3704.56 4908.95
3698.52 4926.75
3691.69 4946.90
3684.24 4968.87
3673.67 4991.56
3665.85 5017.92
3657.42 5046.31
3649.25 5076.14
3641.79 5105.20
3634.34 5134.22
3628.11 5163.18
3621.86 5192.39
3615.66 5221.41
3610.24 5250.99
3604.84 5280.43
3599.81 5309.96
3595.73 5339.70
3591.60 5370.07
3588.24 5399.22
3584.81 5429.02
3581.37 5458.94
3578.74 5488.27
3576.70 5519.00
3574.79 5547.79
3573.55 5577.94
3572.83 5607.28
3572.82 5637.77
3572.80 5667.91
3572.78 5697.63
3572.76 5726.77
3573.57 5752.12
3574.72 5778.89
3575.89 5806.27
3577.10 5834.33
3579.39 5862.18
3581.75 5890.21
3584.16 5918.87
3586.65 5948.40
3589.08 5977.20
3591.89 6006.93
3595.19 6033.55
3598.54 6060.58
3602.02 6088.70
3605.45 6116.34
3608.80 6143.42
3612.57 6171.04
3617.12 6199.93
3621.57 6228.24
3625.94 6255.96
3630.26 6283.42
3635.68 6312.33
3642.11 6337.22
3645.89 6361.23
3649.07 6381.43
3651.79 6397.32
3654.65 6412.53
3657.77 6427.55
3660.71 6442.55
3663.40 6457.30
3666.26 6473.01
3669.04 6488.27
3671.69 6502.85
3674.59 6518.78
3677.41 6534.27
3680.17 6549.40
3683.02 6565.06
3685.88 6580.36
3689.15 6595.82
3695.82 6608.29
3708.65 6617.23
3723.52 6622.72
3739.02 6622.78
3754.44 6618.34
3768.07 6609.58
3777.95 6596.80
3783.25 6583.38
3783.74 6568.44
3779.57 6553.33
3771.70 6540.47
3761.46 6527.31
3751.58 6515.45
3742.29 6503.29
3733.01 6490.85
3724.26 6478.29
3716.13 6464.60
3708.09 6450.53
3700.54 6437.90
3692.19 6423.94
3684.16 6410.53
3676.02 6396.91
3668.78 6384.80
3661.06 6371.89
3648.21 6361.67
3631.97 6369.77
3616.44 6377.53
3600.78 6385.85
3585.24 6394.84
3570.29 6403.50
3555.31 6413.70
3545.16 6425.26
3536.08 6431.80
3530.65 6435.71
3528.20 6437.48
3525.95 6439.09
3521.69 6442.18
3515.52 6446.77
3507.32 6452.99
3497.59 6460.22
3486.53 6468.30
3474.31 6477.23
3462.15 6486.37
3450.31 6495.26
3438.50 6504.14
3425.81 6513.68
3413.72 6522.76
3400.98 6532.34
3388.04 6542.06
3375.80 6551.25
3363.04 6560.85
3351.12 6569.80
3337.97 6579.69
3326.12 6588.59
3313.39 6598.16
3301.28 6607.25
3289.30 6616.25
3276.23 6626.08
3263.50 6636.08
3251.78 6645.96
3239.55 6656.60
3229.30 6667.03
3218.22 6678.30
3207.46 6690.21
3197.54 6702.48
3187.82 6714.48
3179.18 6727.46
3172.22 6738.85
3169.34 6746.43
3176.43 6753.75
3180.57 6765.78
3179.65 6777.82
3174.44 6789.39
3165.94 6797.53
3153.80 6802.64
3141.15 6802.64
3131.18 6800.71
3122.81 6810.11
3113.18 6822.07
3104.48 6834.26
3095.70 6846.55
3086.60 6859.29
3077.68 6871.79
3068.66 6884.42
3060.03 6896.51
3049.77 6907.60
3038.58 6918.46
3028.34 6928.39
3016.77 6939.61
3005.60 6950.41
2995.13 6960.38
2984.37 6970.64
2973.73 6980.96
2968.46 6995.28
2970.04 7009.08
2974.68 7022.28
2979.73 7025.33
2992.02 7027.97
3003.49 7034.18
3011.18 7044.22
3015.77 7054.52
3016.99 7065.74
3014.75 7077.26
3011.57 7089.41
3020.38 7100.19
3030.25 7112.09
3042.46 7120.93
3055.24 7129.27
3067.54 7137.30
3080.05 7145.47
3092.17 7153.37
3104.66 7161.53
3116.72 7169.40
3128.79 7177.28
3141.42 7185.53
