11366.48 9891.74
11364.57 9890.23
11361.58 9887.85
11356.84 9884.09
11350.40 9878.97
11342.53 9872.72
11333.56 9865.59
11323.75 9857.34
11312.22 9847.48
11299.69 9836.13
11290.13 9827.26
11284.21 9816.78
11274.80 9807.00
11263.79 9795.54
11251.67 9783.03
11241.37 9766.24
11227.83 9750.06
11213.67 9732.51
11199.11 9713.55
11183.27 9692.94
11169.93 9668.80
11154.73 9642.85
11139.85 9616.67
11126.59 9589.89
11114.23 9562.13
11102.89 9534.77
11092.78 9507.23
11083.53 9479.39
11075.08 9451.15
11067.43 9422.34
11061.41 9393.64
11056.58 9364.89
11052.87 9335.57
11050.04 9306.27
11047.57 9277.08
11046.73 9247.73
11045.87 9217.33
11046.00 9187.24
11046.53 9158.36
11048.40 9128.54
11050.26 9098.88
11052.09 9069.67
11053.97 9039.58
11055.81 9010.16
11057.65 8980.37
11059.49 8950.32
11061.21 8920.69
11062.34 8891.44
11063.51 8861.25
11064.45 8830.83
11063.71 8800.50
11062.68 8771.16
11060.68 8740.88
11057.45 8711.41
11053.35 8681.51
11049.06 8652.31
11043.94 8623.48
11038.52 8594.64
11031.41 8566.17
11023.23 8537.58
11014.52 8508.83
11005.18 8479.87
10995.27 8451.98
10984.71 8423.90
10974.35 8396.56
10963.61 8368.23
10952.94 8340.07
10942.16 8312.56
10931.17 8285.32
10920.20 8258.17
10909.11 8230.71
10898.02 8203.24
10887.27 8175.53
10877.24 8147.73
10867.38 8120.12
10857.55 8092.00
10848.60 8063.95
10841.25 8034.36
10834.09 8005.52
10826.98 7976.92
10819.77 7947.88
10813.30 7918.46
10808.51 7889.53
10803.61 7859.97
10799.73 7830.77
10796.65 7801.54
10793.50 7771.76
10792.58 7741.83
10792.54 7712.54
10792.49 7683.38
10793.11 7653.20
10794.11 7623.53
10795.14 7592.99
10796.14 7563.47
10797.16 7533.26
10797.51 7502.81
10797.28 7472.34
10796.00 7442.65
10793.89 7412.26
10790.93 7381.96
10787.92 7352.31
10782.93 7322.63
10777.91 7293.17
10772.26 7263.32
10764.60 7234.79
10756.37 7205.53
10746.75 7176.65
10737.28 7148.40
10726.09 7120.46
10714.97 7092.86
10703.09 7065.84
10690.90 7039.65
10676.62 7012.85
10661.76 6986.38
10646.89 6960.81
10630.60 6936.11
10610.34 6912.93
10593.06 6888.94
10575.07 6864.38
10557.32 6840.15
10539.88 6816.35
10522.42 6792.50
10504.92 6768.05
10488.61 6742.37
10472.64 6717.25
10458.05 6690.56
10444.50 6664.24
10431.01 6637.49
10418.42 6610.79
10406.19 6583.67
10395.60 6555.78
10385.34 6528.34
10376.69 6500.21
10367.79 6471.25
10360.13 6441.75
10353.12 6413.11
10347.12 6383.68
10342.68 6354.42
10338.91 6325.30
10335.91 6295.18
10334.50 6265.76
10334.07 6236.33
10329.99 6208.72
10329.14 6179.65
10328.76 6150.61
10329.48 6121.91
10330.24 6091.65
10330.98 6062.58
10331.73 6032.65
10331.84 6003.39
10331.16 5973.75
10330.47 5943.58
10329.80 5913.90
10329.13 5884.69
10326.71 5854.88
10323.42 5825.80
10320.11 5796.46
10316.86 5767.63
10313.47 5737.59
10307.50 5708.52
10301.66 5680.15
10295.44 5650.69
10288.40 5621.83
10281.42 5593.26
10273.92 5564.35
10265.29 5536.23
10256.63 5507.99
10246.30 5479.65
10235.67 5451.66
10225.25 5424.89
10214.56 5399.94
10203.53 5374.18
10192.98 5349.56
10182.29 5325.17
10169.71 5301.32
10159.72 5275.32
10146.70 5250.64
10131.50 5224.36
10116.30 5198.07
10100.93 5173.04
10084.19 5148.02
10067.33 5122.81
10050.34 5098.07
10033.33 5073.46
10016.68 5049.35
9998.71 5025.49
9980.72 5001.99
9962.52 4978.22
9943.90 4954.25
9924.62 4930.97
9905.53 4907.92
9886.15 4884.52
9866.98 4861.37
9847.57 4837.93
9828.75 4815.20
9809.65 4792.50
9790.28 4770.15
9770.60 4747.25
9751.23 4724.37
9731.66 4701.27
9712.15 4678.23
9693.18 4655.83
9673.58 4632.69
9654.30 4609.93
9635.00 4587.14
9615.58 4564.21
9596.44 4540.86
9577.93 4517.72
9559.09 4494.16
9540.70 4471.18
9522.46 4447.96
9504.20 4423.99
9484.79 4403.61
9466.98 4379.13
9449.54 4354.41
9432.83 4329.80
9415.77 4304.70
9399.20 4280.31
9382.64 4254.94
9366.36 4229.68
9349.89 4204.13
9333.67 4178.96
9318.31 4152.81
9303.44 4127.36
9288.20 4101.27
9273.20 4075.59
9257.88 4049.38
9242.94 4023.15
9227.95 3996.82
9213.33 3971.15
9198.77 3945.57
9183.71 3919.12
9168.72 3893.98
9153.23 3868.02
9137.65 3841.90
9122.13 3815.88
9106.76 3790.11
9091.40 3764.35
9076.31 3739.34
9059.56 3714.77
9042.50 3689.73
9025.98 3665.50
9009.34 3641.08
8992.17 3617.09
8973.94 3593.53
8955.94 3570.27
8937.88 3547.05
8918.62 3524.09
8899.77 3501.63
8879.44 3479.43
8859.50 3457.92
8839.36 3436.42
8818.38 3415.61
8797.44 3395.16
8775.93 3374.37
8754.18 3354.79
8732.27 3335.21
8709.19 3315.63
8686.28 3297.45
8664.55 3280.20
8642.61 3263.07
8620.73 3242.90
8596.79 3225.30
8572.36 3207.67
8547.50 3191.00
8522.01 3174.57
8497.08 3159.32
8471.39 3144.27
8445.78 3129.88
8419.91 3115.34
8393.64 3101.90
8366.78 3088.29
8339.58 3074.63
8312.55 3061.66
8285.17 3049.11
8257.56 3037.90
8229.96 3026.70
8202.10 3015.57
8174.05 3005.46
8146.08 2995.74
8117.61 2986.11
8088.60 2977.09
8059.86 2969.21
8030.83 2964.82
8002.40 2957.58
7972.84 2950.88
7943.69 2944.63
7914.10 2938.59
7885.02 2933.30
7855.35 2928.37
7825.39 2924.67
7795.37 2921.09
7765.92 2918.39
7735.51 2916.21
7705.32 2914.30
7675.73 2913.79
7645.90 2913.31
7615.65 2913.56
7586.07 2914.29
7556.58 2915.69
7527.17 2917.61
7497.73 2920.19
7468.25 2923.32
7439.13 2927.14
7409.06 2931.97
7379.63 2936.83
7350.67 2942.20
7322.01 2947.77
7292.79 2954.58
7263.98 2961.68
7234.79 2969.91
7205.85 2978.46
7177.81 2987.12
7149.92 2996.09
7121.67 3005.54
7093.23 3015.90
7065.63 3026.09
7037.78 3036.36
7011.85 3049.65
6984.33 3060.08
6961.09 3069.07
6942.02 3076.44
6926.43 3082.55
6912.24 3088.93
6898.48 3095.53
6884.34 3102.80
6869.97 3110.16
6855.34 3117.47
6842.58 3125.72
6830.97 3136.14
6819.59 3147.39
6810.19 3159.72
6801.43 3172.68
6793.40 3186.55
6787.83 3201.09
6782.41 3215.30
6779.03 3231.07
6776.67 3246.66
6775.77 3261.99
6776.28 3277.85
6777.77 3292.92
6781.42 3308.34
6786.70 3323.15
6792.07 3338.24
6797.99 3352.22
6806.01 3366.05
6813.63 3379.19
6821.52 3392.99
6827.65 3406.99
6834.14 3421.82
6840.34 3435.87
6847.09 3452.95
6859.07 3468.90
6872.36 3486.58
6886.65 3506.58
6899.84 3530.14
6917.02 3552.67
6936.52 3576.02
6955.26 3599.25
6973.82 3622.41
6992.84 3645.42
7012.35 3667.70
7032.79 3689.56
7053.37 3710.49
7075.18 3731.25
7097.11 3751.50
7119.19 3771.43
7141.17 3791.27
7163.04 3811.02
7184.50 3830.89
7206.42 3851.24
7227.99 3871.26
7249.85 3891.56
7274.66 3910.09
7291.99 3929.40
7305.83 3945.82
7319.61 3956.29
7332.76 3970.99
7342.09 3986.55
7351.56 4003.33
7363.20 4017.16
7380.94 4024.71
7395.90 4026.36
7408.40 4027.27
7420.45 4030.65
7431.51 4036.21
7441.38 4044.10
7448.88 4053.09
7455.17 4059.06
7464.53 4053.51
7474.55 4048.83
7484.69 4044.10
7494.42 4039.56
7504.73 4034.75
7515.35 4033.53
7526.16 4033.83
7537.15 4038.06
7546.00 4044.40
7554.46 4052.06
7559.73 4061.20
7563.37 4071.42
7564.38 4082.02
7563.81 4092.90
7562.95 4103.60
7563.77 4114.51
7564.58 4125.36
7567.90 4135.89
7572.21 4146.50
7581.74 4146.35
7591.19 4151.33
7600.98 4156.48
7611.06 4161.79
7620.49 4166.75
7630.32 4171.93
7639.59 4176.80
7649.13 4181.83
7658.85 4186.94
7668.30 4191.92
7678.43 4197.25
7687.83 4202.20
7697.48 4207.28
7703.42 4210.40
7711.76 4214.42
7722.50 4218.91
7732.48 4222.83
7743.38 4227.10
7754.00 4231.26
7764.43 4235.35
7775.27 4239.60
7785.27 4243.52
7794.89 4248.27
7804.24 4253.60
7813.94 4259.13
7824.07 4264.84
7830.82 4257.21
7835.67 4247.10
7840.61 4236.80
7845.52 4226.57
7850.48 4215.94
7854.97 4205.37
7859.13 4195.49
7863.55 4184.99
7867.61 4175.37
7871.93 4165.25
7876.53 4154.95
7881.13 4144.83
7885.82 4134.52
7890.19 4124.50
7894.65 4113.97
7898.84 4104.08
7903.36 4093.93
7907.98 4084.09
7912.84 4073.76
7917.55 4063.73
7922.51 4053.19
7927.44 4042.69
7932.59 4032.49
7938.78 4023.43
7944.60 4014.43
7948.91 4004.83
7953.39 3994.88
7957.78 3985.12
7962.22 3975.23
7966.88 3965.20
7971.61 3955.24
7976.17 3945.65
7981.04 3935.40
7985.64 3925.72
7990.44 3915.61
7995.37 3905.23
7999.99 3895.49
8004.28 3886.46
8006.66 3881.44
8011.52 3876.18
8019.95 3878.25
8029.45 3882.09
8039.46 3886.59
8049.32 3889.10
8054.19 3879.50
8059.03 3869.50
8063.90 3859.47
8068.58 3849.84
8073.34 3840.03
8078.38 3829.63
8083.11 3819.88
8088.16 3809.50
8092.99 3799.55
8097.97 3789.27
8102.82 3779.28
8107.79 3769.04
8113.28 3759.60
8120.74 3751.00
8128.36 3742.21
8135.66 3733.79
8143.04 3726.38
8151.43 3718.38
8159.28 3710.91
8167.54 3703.04
8175.37 3695.61
8183.86 3687.78
8192.10 3680.27
8200.13 3672.97
8208.25 3665.57
8216.13 3658.40
8224.10 3651.14
8232.63 3643.37
8240.59 3636.13
8248.45 3628.97
8256.54 3621.61
8265.16 3613.67
8272.79 3606.50
8280.32 3597.83
8287.43 3588.92
8294.25 3580.37
8300.91 3572.01
8307.91 3563.24
8315.19 3554.12
8322.26 3545.25
8328.80 3537.05
8335.38 3528.80
8342.57 3519.79
8349.21 3511.61
8356.66 3502.78
8363.47 3494.79
8370.65 3486.36
8377.91 3477.85
8385.46 3468.99
8392.59 3460.61
8399.79 3451.77
8406.88 3442.69
8414.08 3433.48
8420.81 3424.87
8428.04 3415.63
8435.20 3406.47
8432.97 3398.61
8428.30 3395.15
8426.70 3393.96
