11335.64 9867.25
11334.02 9865.96
11330.58 9863.18
11325.28 9858.65
11318.56 9852.90
11309.99 9845.58
11300.58 9836.95
11289.96 9827.10
11278.02 9815.11
11264.96 9801.52
11248.88 9789.02
11233.84 9772.68
11217.93 9753.66
11201.54 9732.96
11184.92 9711.32
11170.92 9693.57
11153.63 9680.92
11135.75 9670.52
11115.52 9664.59
11094.97 9659.28
11074.51 9654.78
11053.64 9652.43
11032.60 9651.17
11011.45 9651.13
10990.69 9653.76
10970.58 9657.33
10950.04 9660.26
10928.80 9662.60
10908.29 9662.12
10887.61 9659.35
10867.10 9654.87
10846.62 9648.53
10828.23 9639.99
10810.29 9629.40
10791.96 9618.12
10773.90 9607.40
10756.31 9596.95
10739.40 9585.89
10725.39 9576.18
10709.05 9577.67
10693.61 9575.03
10681.64 9565.06
10670.26 9554.32
10665.91 9538.61
10668.93 9522.73
10664.81 9515.18
10652.82 9505.93
10640.95 9496.77
10629.60 9488.01
10618.03 9479.08
10605.82 9469.67
10594.19 9460.69
10582.64 9451.77
10570.84 9442.13
10559.17 9432.25
10547.97 9422.76
10536.27 9412.85
10525.16 9403.44
10513.75 9393.77
10502.64 9384.36
10491.34 9374.79
10479.87 9364.81
10468.71 9355.05
10457.99 9345.67
10446.82 9335.90
10435.73 9326.20
10424.12 9316.05
10412.95 9306.27
10401.74 9296.47
10391.05 9287.12
10379.87 9277.34
10368.60 9267.48
10357.95 9258.16
10346.59 9247.73
10336.17 9238.02
10325.35 9228.73
10314.01 9218.98
10302.57 9209.03
10291.63 9199.56
10280.66 9189.92
10269.50 9179.60
10259.29 9169.83
10252.17 9163.34
10248.20 9159.96
10247.49 9159.35
10247.30 9159.19
10247.25 9159.14
10247.24 9159.13
10247.23 9159.13
10247.23 9159.13
10247.23 9159.13
10247.23 9159.13
10247.23 9159.13
10247.23 9159.13
10247.23 9159.13
10247.23 9159.13
10247.23 9159.13
10247.23 9159.13
10247.23 9159.13
10247.23 9159.13
10247.23 9159.13
10247.23 9159.13
10247.23 9159.13
10247.23 9159.13
10247.23 9159.13
10247.23 9159.13
10247.23 9159.13
10247.23 9159.13
10247.23 9159.13
10247.23 9159.13
10247.23 9159.13
10247.23 9159.13
10247.23 9159.13
10247.23 9159.13
10247.23 9159.13
10247.23 9159.13
10247.23 9159.13
10247.23 9159.13
10247.23 9159.13
10247.23 9159.13
10247.23 9159.13
10247.23 9159.13
10247.23 9159.13
10247.23 9159.13
10247.23 9159.13
10247.23 9159.13
10247.23 9159.13
10247.23 9159.13
10247.23 9159.13
10247.92 9155.38
10245.39 9153.22
10241.72 9150.08
10236.98 9146.01
10230.64 9140.53
10222.55 9133.53
10213.29 9125.53
10204.02 9117.52
10194.23 9109.06
10184.85 9100.95
10175.35 9092.74
10165.39 9084.13
10154.32 9074.56
10142.89 9064.68
10132.00 9055.27
10121.31 9046.02
10109.93 9036.19
10099.11 9026.83
10087.93 9017.17
10076.34 9007.15
10064.73 8997.09
10053.34 8987.17
10042.20 8977.45
10030.80 8967.49
10017.68 8960.42
10006.90 8951.15
9995.96 8941.79
9984.87 8932.28
9974.06 8923.03
9963.35 8913.08
9952.08 8902.76
9941.03 8892.94
9930.31 8883.46
9919.54 8873.83
9909.06 8864.00
9897.84 8853.95
9887.18 8844.54
9876.25 8834.97
9865.19 8825.29
9853.91 8815.43
9842.84 8805.74
9831.32 8795.84
9819.68 8785.87
9808.44 8776.25
9797.01 8766.45
9786.16 8757.14
9774.81 8747.39
9763.15 8737.38
9752.02 8727.81
9741.25 8718.53
9730.21 8708.87
9719.16 8699.21
9708.42 8689.82
9697.15 8679.97
9686.08 8670.69
9674.15 8661.01
9662.54 8651.59
9650.94 8641.67
9640.02 8631.90
9628.62 8621.69
9617.19 8611.46
9605.73 8601.39
9595.04 8592.06
9583.54 8582.02
9573.18 8572.98
9566.06 8566.76
9562.19 8563.39
9561.62 8562.89
9563.72 8560.35
9563.45 8560.11
9561.74 8558.62
9558.21 8555.54
9553.79 8551.58
9547.70 8546.13
9541.11 8540.15
9533.15 8533.08
9523.91 8525.01
9513.38 8515.85
9502.03 8506.23
9490.52 8496.57
9477.53 8489.90
9465.92 8480.15
9454.64 8470.73
9443.80 8461.68
9432.30 8452.39
9421.16 8443.42
9409.90 8434.35
9398.56 8425.21
9387.39 8416.21
9375.48 8406.85
9363.65 8397.82
9351.72 8388.71
9340.44 8380.19
9328.35 8371.32
9316.67 8362.74
9304.65 8353.93
9293.04 8345.64
9281.57 8337.43
9269.95 8329.13
9258.22 8320.75
9245.97 8311.99
9234.15 8303.55
9221.68 8294.63
9210.08 8286.34
9197.66 8277.47
9186.11 8269.24
9173.21 8261.45
9161.08 8254.13
9148.63 8246.61
9136.43 8239.24
9124.15 8231.83
9111.94 8224.46
9098.99 8216.64
9086.70 8209.22
9073.75 8201.39
9060.59 8193.45
9047.86 8186.28
9035.38 8179.46
9022.47 8172.40
9009.63 8165.38
8996.24 8158.06
8983.11 8150.47
8970.32 8143.34
8956.98 8136.25
8944.43 8129.63
8931.03 8122.56
8917.71 8115.53
8904.24 8109.08
8890.35 8102.49
8876.49 8095.91
8864.94 8090.44
8857.42 8086.97
8853.94 8085.45
8855.24 8082.42
8856.26 8079.26
8854.46 8078.47
8851.39 8077.13
8850.63 8076.79
8850.61 8076.78
8850.61 8076.78
8850.61 8076.78
8850.61 8076.78
8850.61 8076.78
8850.61 8076.78
8850.61 8076.78
8850.61 8076.78
8850.61 8076.78
8850.61 8076.78
8850.61 8076.78
8850.61 8076.78
8850.61 8076.78
8850.61 8076.78
8850.61 8076.78
8850.61 8076.78
8850.61 8076.78
8850.61 8076.78
8850.61 8076.78
8850.61 8076.78
8850.61 8076.78
8850.61 8076.78
8850.61 8076.78
8850.61 8076.78
8850.61 8076.78
8850.61 8076.78
8850.61 8076.78
8850.61 8076.78
8850.61 8076.78
8850.61 8076.78
8850.61 8076.78
8850.61 8076.78
8850.61 8076.78
8850.61 8076.78
8850.61 8076.78
8850.61 8076.78
8850.61 8076.78
8850.61 8076.78
8850.61 8076.78
8850.61 8076.78
8850.61 8076.78
8849.42 8076.24
8846.39 8074.73
8841.08 8072.07
8833.83 8068.44
8825.50 8063.80
8815.08 8059.11
8802.68 8053.52
8789.12 8047.42
8776.16 8041.59
8763.15 8035.73
8749.60 8029.63
8735.66 8023.36
8722.23 8017.31
8708.63 8011.63
8694.44 8006.04
8681.12 8000.80
8667.52 7995.44
8653.26 7989.82
8639.44 7984.38
8625.37 7978.83
8611.89 7973.52
8597.39 7968.37
8583.73 7963.56
8569.44 7958.52
8554.97 7953.42
8541.04 7948.51
8527.24 7943.50
8512.92 7938.68
8499.30 7934.39
8484.89 7929.91
8470.95 7925.57
8457.34 7921.34
8443.33 7916.98
8428.73 7912.44
8414.16 7907.91
8400.64 7903.71
8386.20 7899.36
8371.42 7895.05
8357.44 7891.21
8342.69 7887.16
8328.62 7883.29
8314.32 7879.37
8300.00 7875.55
8285.73 7871.85
8270.94 7868.02
8256.32 7864.23
8242.50 7860.64
8227.77 7856.83
8213.67 7853.17
8198.97 7849.59
8183.94 7846.59
8169.87 7844.04
8154.83 7841.22
8140.17 7838.47
8125.42 7835.71
8111.18 7833.04
8097.20 7830.41
8082.38 7827.63
8068.30 7824.24
8053.96 7820.32
8039.62 7816.40
8025.23 7812.47
8011.05 7810.00
7996.07 7807.66
7981.22 7805.34
7966.89 7803.11
7952.14 7800.42
7938.14 7797.70
7923.23 7794.80
7908.16 7791.87
7893.60 7789.04
7879.75 7786.20
7865.21 7782.98
7850.76 7779.64
7835.86 7776.20
7821.18 7772.81
7807.29 7769.60
7792.53 7766.36
7778.51 7763.53
7764.56 7760.70
7750.08 7757.77
7735.68 7754.86
7721.72 7752.03
7707.02 7749.06
7692.77 7746.17
7678.25 7743.24
7663.31 7740.26
7649.32 7737.60
7634.93 7734.87
7620.20 7732.07
7606.02 7729.37
7591.33 7726.58
7576.72 7723.80
7561.77 7720.96
7547.51 7718.30
7532.80 7715.56
7518.47 7712.89
7504.39 7710.27
7489.53 7707.50
7475.52 7704.89
7461.42 7702.27
7447.50 7699.68
7433.36 7697.04
7418.62 7694.30
7404.68 7691.70
7390.35 7689.04
7375.59 7686.29
7360.90 7683.55
7346.52 7680.87
7332.08 7678.19
7317.69 7675.51
7303.21 7672.81
7289.17 7670.20
7274.70 7667.50
7260.57 7664.87
7246.53 7662.25
7231.67 7659.59
7217.17 7657.04
7202.34 7654.44
7187.27 7651.77
7172.21 7649.11
7157.59 7646.48
7143.01 7643.85
7128.04 7641.14
7113.79 7638.56
7098.99 7635.88
7084.97 7633.34
7069.91 7630.62
7055.55 7628.02
7041.33 7624.97
7026.40 7621.23
7012.52 7617.75
7000.34 7614.70
6992.12 7612.64
6986.78 7611.30
6985.80 7611.05
6985.75 7611.04
6985.73 7611.04
6985.72 7611.03
6985.72 7611.03
6985.72 7611.03
6985.72 7611.03
6985.72 7611.03
6985.72 7611.03
6985.72 7611.03
6985.72 7611.03
6985.72 7611.03
6985.72 7611.03
6985.72 7611.03
6985.72 7611.03
6985.72 7611.03
6985.72 7611.03
6985.72 7611.03
6985.72 7611.03
6985.72 7611.03
6985.72 7611.03
6985.72 7611.03
6985.72 7611.03
6985.72 7611.03
6985.72 7611.03
6985.72 7611.03
6985.72 7611.03
6985.72 7611.03
6985.72 7611.03
6985.72 7611.03
6985.72 7611.03
6985.72 7611.03
6985.72 7611.03
6985.72 7611.03
6985.72 7611.03
6985.72 7611.03
6985.72 7611.03
6985.72 7611.03
6985.72 7611.03
6985.72 7611.03
6985.72 7611.03
6985.72 7611.03
6985.72 7611.03
6985.72 7611.03
6985.72 7611.03
6983.64 7610.47
6979.64 7609.31
6973.52 7607.54
6964.98 7605.07
6954.27 7601.86
6941.37 7597.68
6927.08 7591.06
6910.90 7583.41
6892.52 7574.73
6874.05 7564.60
6855.74 7553.94
6839.65 7544.58
6823.73 7535.19
6808.35 7525.70
6792.61 7515.98
6777.14 7506.44
6759.49 7500.16
6743.61 7491.19
6727.54 7482.01
6711.97 7472.28
6696.89 7462.53
6682.83 7453.39
6671.58 7444.75
6661.70 7438.81
6654.08 7434.37
6650.34 7432.22
6650.33 7432.21
6650.33 7432.21
6650.33 7432.21
6650.33 7432.21
6648.22 7430.96
6643.81 7428.01
6638.68 7422.37
6633.16 7415.41
6626.61 7406.40
6619.78 7395.51
6611.56 7382.42
6603.47 7369.54
6595.27 7356.46
6587.59 7344.23
6579.90 7332.42
6571.09 7320.03
6562.13 7307.53
6553.72 7295.79
6547.26 7286.78
6543.11 7280.98
6541.58 7278.85
6541.53 7278.78
6541.50 7278.74
6541.50 7278.74
6541.50 7278.74
6541.50 7278.74
6541.50 7278.74
6541.50 7278.74
6541.50 7278.74
6541.50 7278.74
6541.50 7278.74
6541.50 7278.74
6541.50 7278.74
6541.50 7278.74
6541.50 7278.74
6541.50 7278.74
6541.50 7278.74
6541.30 7278.46
6540.40 7277.21
6540.00 7276.64
6539.35 7275.74
6537.90 7273.71
6535.72 7270.67
6532.70 7266.45
6529.37 7261.81
6524.95 7255.64
6519.38 7247.87
6513.06 7239.04
6504.80 7232.10
6491.83 7232.73
6477.02 7236.75
6462.94 7240.41
6449.21 7243.98
6434.42 7247.83
6419.54 7251.70
6404.76 7255.54
6389.93 7259.40
6375.14 7263.24
6363.49 7266.27
6355.90 7268.25
6352.67 7269.09
6352.61 7269.10
6352.60 7269.11
6352.60 7269.11
6352.59 7269.11
6352.59 7269.11
6351.21 7269.47
6348.48 7270.18
6343.38 7271.50
6336.93 7273.20
6328.89 7275.33
6319.58 7277.80
6308.81 7280.70
6295.84 7284.21
6282.53 7287.81
6268.80 7288.20
6254.83 7292.35
6240.08 7296.74
6226.12 7300.62
6212.42 7304.10
6198.78 7307.85
6184.73 7311.77
6170.34 7315.46
6155.64 7319.22
6141.51 7322.99
6127.61 7326.89
6113.97 7330.72
6099.22 7334.82
6084.66 7338.84
6070.30 7342.74
6057.37 7349.39
6043.58 7353.03
6028.98 7356.83
6014.38 7360.31
6000.54 7363.61
5986.45 7367.59
5972.21 7371.64
5958.47 7375.46
5944.24 7379.38
5929.63 7383.40
5915.69 7387.23
5902.05 7394.34
5888.10 7398.07
5873.82 7401.90
5859.89 7405.67
5845.20 7409.71
5830.64 7413.71
5816.81 7417.51
5802.51 7421.44
5788.23 7425.36
5777.16 7428.41
5770.43 7430.25
5768.04 7430.91
5767.18 7431.15
5767.13 7431.16
5767.10 7431.17
5767.09 7431.17
5767.09 7431.17
5767.09 7431.17
5767.09 7431.17
5767.09 7431.17
5767.09 7431.17
5767.09 7431.17
5767.09 7431.17
5767.09 7431.17
5767.09 7431.17
5767.09 7431.17
5767.09 7431.17
5767.09 7431.17
5767.09 7431.17
5767.09 7431.17
5767.09 7431.17
5767.09 7431.17
5767.09 7431.17
5767.09 7431.17
5767.09 7431.17
5767.09 7431.17
5767.09 7431.17
5767.09 7431.17
5767.09 7431.17
5767.09 7431.17
5767.09 7431.17
5767.09 7431.17
5767.09 7431.17
5765.45 7431.63
5762.02 7432.60
5756.83 7434.07
5750.17 7435.97
5742.00 7438.30
5731.80 7441.20
5719.46 7444.72
5705.62 7448.57
5690.79 7452.64
5676.99 7456.49
5664.07 7459.91
5655.53 7462.28
5651.33 7463.44
5650.40 7463.69
5650.04 7463.79
5649.96 7463.81
5649.95 7463.81
5649.07 7460.63
5647.24 7461.13
5645.57 7461.58
5645.34 7461.65
5643.77 7462.08
5640.64 7462.93
5635.55 7464.30
5627.98 7466.30
5618.74 7468.68
5607.12 7471.67
5593.09 7475.28
5579.79 7478.70
5565.14 7482.47
5552.17 7485.80
5538.07 7489.43
5525.49 7492.67
5511.66 7496.27
5497.48 7499.99
5483.04 7503.79
5469.05 7507.47
5455.04 7511.12
5440.37 7514.87
5425.62 7518.72
5411.37 7522.49
5396.93 7526.31
5382.76 7530.06
5368.09 7533.94
5353.48 7537.81
5339.35 7541.55
5325.17 7545.30
5311.32 7548.97
5296.83 7552.80
5282.62 7556.39
5267.84 7560.25
5254.13 7564.05
5239.45 7567.99
5225.79 7571.87
5212.20 7575.76
5197.91 7579.86
5183.13 7584.09
5168.38 7588.32
5154.82 7592.20
5144.97 7595.03
5139.14 7596.70
5137.64 7597.12
5137.24 7597.24
5137.05 7597.30
5137.01 7597.31
5136.99 7597.31
5136.98 7597.31
5136.98 7597.31
5136.98 7597.31
5136.98 7597.31
5136.98 7597.31
5136.98 7597.31
5136.98 7597.31
5136.98 7597.31
5136.98 7597.31
5136.98 7597.31
5136.98 7597.31
5136.98 7597.31
5136.98 7597.31
5136.98 7597.31
5136.98 7597.31
5136.98 7597.31
5136.98 7597.31
5136.98 7597.31
5136.98 7597.31
5136.98 7597.31
5136.98 7597.31
5136.98 7597.31
5136.98 7597.31
5136.98 7597.31
5136.98 7597.31
5136.98 7597.31
5136.98 7597.31
5136.98 7597.31
5136.98 7597.31
5136.98 7597.31
5136.98 7597.31
5136.98 7597.31
5136.98 7597.31
5136.98 7597.31
5134.71 7597.96
5130.64 7599.09
5124.33 7600.77
5115.92 7602.82
5105.47 7605.37
5093.13 7608.38
5079.03 7611.82
5065.04 7615.23
5050.14 7618.86
5035.66 7622.39
5025.49 7624.87
5019.20 7626.40
5015.60 7623.89
5015.20 7623.99
