3309.26 1999.62
3311.28 2000.25
3315.04 2001.40
3320.20 2003.00
3326.83 2005.04
3335.20 2007.62
3345.98 2010.95
3357.49 2017.95
3371.54 2022.28
3387.69 2027.26
3403.82 2032.24
3419.96 2037.52
3436.47 2043.41
3452.61 2049.16
3466.66 2050.67
3475.84 2043.58
3487.04 2042.90
3494.53 2051.60
3501.93 2060.11
3512.95 2063.58
3524.32 2067.17
3535.67 2070.75
3547.30 2074.41
3559.14 2078.13
3570.61 2081.72
3581.34 2088.50
3593.30 2092.22
3604.67 2095.76
3615.74 2099.21
3626.76 2102.64
3638.47 2106.29
3649.70 2109.81
3660.89 2113.37
3672.28 2117.00
3683.53 2120.59
3694.55 2124.10
3705.99 2127.76
3717.26 2131.35
3728.53 2134.90
3735.64 2137.14
3739.03 2138.21
3744.00 2139.77
3750.71 2141.88
3759.23 2144.56
3769.80 2147.88
3781.24 2151.48
3792.39 2154.99
3803.82 2158.59
3814.98 2162.10
3827.07 2165.91
3838.21 2169.42
3847.09 2172.21
3851.68 2173.65
3857.52 2175.49
3865.83 2178.11
3876.18 2181.37
3884.95 2184.13
3889.80 2185.66
3891.59 2191.83
3892.01 2201.16
3894.75 2211.26
3899.71 2222.46
3907.12 2235.29
3915.79 2250.02
3922.38 2261.63
3927.01 2269.94
3929.43 2274.32
3932.72 2280.81
3936.04 2289.96
3939.78 2301.60
3944.01 2314.72
3948.84 2329.73
3954.16 2346.26
3959.28 2362.16
3964.78 2379.25
3970.11 2395.81
3975.58 2412.81
3980.92 2429.38
3986.28 2446.05
3991.29 2462.97
3996.13 2479.78
4001.00 2496.67
4005.91 2513.72
4010.68 2530.26
4014.04 2546.97
4017.36 2564.53
4020.55 2581.39
4023.69 2597.99
4026.94 2615.10
4030.24 2632.40
4033.37 2648.83
4036.60 2665.82
4039.82 2682.71
4043.01 2699.48
4046.20 2716.31
4048.81 2733.19
4051.38 2749.80
4054.02 2766.87
4056.61 2783.62
4059.28 2800.87
4059.75 2818.46
4059.76 2835.36
4060.46 2852.39
4062.47 2871.24
4063.99 2891.49
4065.65 2913.44
4067.41 2936.84
4065.87 2961.12
4067.74 2985.87
4069.21 3011.96
4070.60 3039.42
4071.65 3066.24
4071.94 3094.58
4072.26 3125.18
4072.58 3155.77
4072.50 3186.06
4072.32 3215.53
4072.13 3245.00
4071.70 3274.47
4070.58 3303.92
4069.45 3333.37
4065.02 3362.76
4063.82 3394.14
4062.65 3424.70
4058.24 3453.47
4057.06 3484.43
4055.80 3517.26
4054.55 3549.98
4053.29 3582.22
4051.24 3614.86
4049.18 3647.10
4047.08 3679.72
4045.14 3713.01
4043.34 3745.11
4041.49 3778.18
4039.88 3810.45
4038.50 3842.63
4037.09 3875.44
4035.67 3908.53
4034.48 3941.88
4033.30 3975.15
4032.37 4007.58
4031.98 4040.39
4031.60 4072.81
4031.21 4106.00
4030.82 4139.31
4030.90 4171.91
4031.60 4204.81
4032.58 4237.61
4033.86 4270.60
4035.12 4303.04
4036.42 4336.35
4038.68 4368.75
4040.98 4401.15
4043.32 4433.73
4045.68 4466.26
4049.34 4499.11
4053.35 4531.97
4057.57 4563.92
4061.83 4596.20
4070.14 4628.26
4078.68 4659.43
4085.00 4691.88
4091.59 4723.69
4098.94 4756.14
4106.91 4788.50
4114.91 4820.82
4123.01 4852.39
4131.01 4883.44
4139.11 4914.80
4146.20 4945.84
4156.59 4976.23
4167.32 5006.54
4178.72 5037.81
4190.53 5068.23
4203.44 5097.75
4216.79 5127.34
4230.92 5156.17
4245.35 5185.62
4260.77 5214.91
4276.63 5243.62
4293.20 5271.52
4310.09 5298.83
4330.60 5324.62
4349.13 5352.14
4368.50 5378.94
4388.51 5404.98
4408.81 5430.62
4429.16 5455.48
4450.84 5479.73
4473.35 5504.11
4496.78 5527.60
4519.40 5550.28
4543.55 5571.56
4567.70 5592.72
4593.02 5613.41
4618.65 5633.41
4644.98 5652.39
4672.09 5670.92
4699.33 5688.29
4727.27 5704.88
4755.49 5720.60
4784.03 5735.42
4813.12 5749.11
4842.62 5762.41
4873.03 5774.37
4903.34 5785.58
4934.64 5791.82
4963.64 5800.07
4988.86 5806.60
5010.56 5811.58
5027.99 5815.35
5045.48 5819.09
5062.40 5822.71
5080.04 5825.33
5097.60 5827.05
5114.68 5828.50
5131.31 5829.45
5148.35 5830.42
5165.93 5831.38
5182.63 5832.15
5199.57 5832.94
5216.37 5832.79
5233.10 5832.39
5249.81 5831.19
5266.98 5829.96
5284.70 5828.69
5298.68 5825.84
5307.72 5818.85
5319.00 5811.02
5330.39 5808.44
5341.80 5812.93
5351.38 5820.86
5356.23 5833.50
5354.42 5846.87
5347.08 5857.33
5346.56 5866.83
5347.94 5880.74
5345.48 5895.34
5333.25 5905.26
5318.96 5910.93
5304.61 5915.37
5290.08 5920.18
5282.41 5927.36
5288.07 5937.87
5295.49 5946.60
5305.34 5953.40
5314.98 5960.07
5325.41 5967.27
5335.51 5974.25
5345.67 5980.74
5355.67 5986.91
5365.66 5993.07
5376.29 5999.62
5386.83 6006.12
5397.38 6012.56
5407.95 6018.74
5418.46 6024.88
5429.04 6031.31
5439.50 6038.40
5449.82 6045.35
5459.97 6052.22
5469.18 6059.27
5476.38 6068.87
5480.96 6080.26
5482.92 6091.71
5482.05 6103.41
5479.57 6115.72
5476.49 6127.98
5472.93 6140.09
5468.12 6150.82
5462.96 6161.82
5457.36 6173.36
5452.33 6183.73
5447.25 6194.22
5441.67 6205.71
5438.76 6219.43
5450.05 6224.75
5461.30 6230.04
5472.43 6235.28
5483.82 6240.64
5494.91 6245.90
5506.19 6251.44
5517.05 6256.82
5528.03 6262.26
5538.54 6267.47
5547.92 6272.27
5554.73 6275.82
5562.93 6281.72
5564.28 6293.45
5560.85 6305.67
5557.55 6317.40
5554.15 6329.52
5553.95 6342.45
5550.53 6354.61
5547.33 6366.01
5544.12 6377.44
5540.95 6388.73
5537.45 6400.72
5534.01 6411.99
5530.37 6423.96
5526.60 6435.51
5521.96 6446.79
5517.21 6458.31
5512.37 6470.07
5509.70 6481.53
5517.83 6489.37
5527.32 6497.06
5538.38 6501.57
5549.64 6506.03
5560.93 6510.51
5571.75 6514.81
5583.03 6519.29
5594.75 6523.94
5605.70 6528.28
5616.91 6532.73
5628.51 6537.34
5639.43 6541.67
5651.05 6546.27
5662.74 6550.91
5674.10 6555.76
5685.71 6560.74
5696.62 6565.42
5703.85 6568.52
5706.95 6569.85
5707.12 6569.93
5707.21 6569.96
5707.21 6569.96
5707.21 6569.97
5708.52 6566.93
5708.52 6566.93
5708.52 6566.93
5708.52 6566.93
5708.52 6566.93
5708.52 6566.93
5708.52 6566.93
5708.52 6566.93
5708.52 6566.93
5708.52 6566.93
5708.52 6566.93
5708.52 6566.93
5708.52 6566.93
5708.52 6566.93
5708.52 6566.93
5708.52 6566.93
5708.52 6566.93
5708.52 6566.93
5708.52 6566.93
5708.52 6566.93
5708.52 6566.93
5708.52 6566.93
5708.52 6566.93
5708.52 6566.93
5708.52 6566.93
5708.52 6566.93
5708.52 6566.93
5708.52 6566.93
5708.52 6566.93
5708.52 6566.93
5708.52 6566.93
5708.52 6566.93
5708.52 6566.93
5708.52 6566.93
5708.52 6566.93
5708.52 6566.93
5708.52 6566.93
5708.52 6566.93
5708.52 6566.93
5708.52 6566.93
5708.52 6566.93
5708.52 6566.93
5710.89 6567.90
5714.63 6569.39
5719.99 6571.51
5725.94 6577.35
5734.90 6580.65
5745.14 6584.42
5754.93 6591.55
5766.51 6596.18
5777.59 6600.72
5789.45 6605.32
5800.93 6609.57
5811.82 6613.86
5822.61 6618.31
5833.50 6622.61
5844.69 6627.25
5855.89 6631.86
5867.41 6636.59
5878.45 6641.17
5889.27 6645.65
5901.11 6650.57
5912.48 6655.32
5924.02 6660.14
5935.27 6664.83
5946.56 6669.47
5957.90 6673.99
5969.67 6678.52
5980.71 6682.67
5993.91 6685.31
6006.48 6687.16
6018.35 6688.91
6026.67 6690.13
6030.67 6691.96
6031.99 6698.53
6033.16 6706.92
6034.46 6716.77
6036.05 6728.77
6037.61 6740.57
6039.28 6753.25
6040.86 6765.20
6042.48 6777.48
6044.14 6790.05
6045.39 6799.46
6046.04 6804.40
6047.04 6811.89
6048.26 6821.03
6049.70 6831.68
6051.39 6844.25
6053.08 6856.93
6054.63 6868.84
6056.28 6881.48
6057.34 6889.65
6062.91 6899.90
6074.68 6898.81
6086.89 6897.52
6098.78 6896.28
6111.23 6895.11
6122.99 6894.04
6135.54 6892.92
6147.91 6891.71
6156.59 6890.85
6161.57 6890.93
6165.58 6896.49
6166.70 6906.04
6167.65 6917.27
6168.70 6929.68
6169.73 6941.97
6170.76 6953.87
6172.43 6966.54
6179.73 6973.10
6191.66 6971.31
6203.19 6969.30
6214.63 6967.30
6224.59 6965.57
6231.17 6964.54
6237.59 6969.46
6239.28 6979.92
6241.23 6992.49
6243.12 7004.66
6245.06 7017.17
6246.96 7029.36
6248.79 7041.16
6258.54 7044.79
6270.06 7043.22
6281.90 7041.61
6294.34 7039.91
6306.28 7038.28
6317.95 7036.69
6330.24 7035.02
6342.16 7033.39
6354.72 7031.68
6363.69 7030.46
6369.64 7029.65
6377.67 7028.72
6388.13 7029.83
6393.05 7041.14
6397.95 7052.71
6404.21 7062.49
6410.76 7073.00
6417.19 7083.30
6423.47 7093.39
6430.30 7104.17
6437.07 7114.24
6443.82 7124.09
6450.51 7133.85
6457.19 7143.58
6464.22 7153.84
6470.84 7163.49
6477.44 7173.12
6482.43 7180.41
6485.34 7184.65
6486.51 7186.36
6486.67 7186.59
6486.72 7186.66
6486.73 7186.68
6486.74 7186.70
6486.75 7186.70
6486.75 7186.70
6486.75 7186.70
6486.75 7186.70
6486.75 7186.70
6486.75 7186.70
6486.75 7186.70
6486.75 7186.70
6486.75 7186.70
6486.75 7186.70
6486.75 7186.70
6486.75 7186.70
6486.75 7186.70
6486.75 7186.70
6486.75 7186.70
6486.75 7186.70
6486.75 7186.70
6486.75 7186.70
6486.75 7186.70
6486.75 7186.70
6486.75 7186.70
6486.75 7186.70
6486.75 7186.70
6486.75 7186.70
6487.05 7187.14
6487.63 7187.99
6489.04 7190.04
6491.40 7193.49
6493.71 7196.85
6495.52 7199.50
6498.56 7203.93
6503.32 7210.47
6515.10 7216.56
6525.36 7210.64
6532.64 7206.21
6536.07 7204.12
6537.44 7203.29
6538.23 7202.80
6538.70 7202.52
6538.99 7202.34
6539.55 7202.00
6540.72 7201.29
6543.53 7199.57
6548.45 7196.58
6554.06 7193.17
6559.64 7189.77
6566.92 7185.78
6574.10 7190.29
6578.81 7201.31
6584.41 7213.43
6590.30 7226.20
6596.16 7238.89
6601.89 7251.30
6610.57 7262.20
6616.76 7275.60
6623.20 7289.55
6629.61 7303.17
6636.63 7316.61
6643.88 7330.09
6649.88 7342.99
6655.88 7356.29
6661.42 7370.46
6665.66 7384.20
6670.65 7397.34
6677.80 7411.71
6685.42 7427.04
6691.35 7438.27
6700.41 7445.16
6710.84 7451.91
6721.48 7458.79
6731.91 7465.32
6741.85 7471.24
6752.78 7477.42
6763.79 7483.64
6773.91 7489.36
6784.97 7495.76
6795.14 7502.04
6805.11 7508.19
6815.82 7514.80
6826.03 7521.10
6836.21 7527.31
6846.28 7533.16
6856.32 7539.01
6866.92 7545.18
6877.27 7551.20
6887.29 7557.03
6897.53 7562.50
6908.68 7567.77
6919.37 7572.82
6930.67 7578.16
6942.06 7583.54
6953.96 7587.88
6965.73 7591.55
6977.21 7594.87
6989.43 7598.35
7001.75 7601.44
7013.66 7604.42
7024.96 7607.26
7036.17 7610.07
7048.40 7613.14
7060.80 7615.56
7073.07 7617.78
7084.64 7619.87
7096.20 7621.96
7108.69 7624.22
7120.99 7626.45
7133.24 7628.67
7144.58 7630.72
7156.05 7632.79
7168.40 7635.03
7180.98 7637.26
7192.42 7639.28
7204.27 7641.38
7216.76 7643.58
7229.30 7645.78
7241.71 7647.97
7253.87 7650.19
7265.35 7652.33
7277.73 7654.64
7289.16 7656.76
7301.26 7659.02
7312.77 7661.16
7324.63 7663.37
7336.07 7665.50
7347.86 7671.05
7360.03 7673.32
7371.93 7675.53
7384.40 7677.86
7396.69 7680.15
7408.27 7682.30
7420.61 7681.24
7431.93 7686.71
7443.80 7688.92
7455.91 7691.17
7468.52 7693.52
7479.97 7695.65
7491.35 7697.77
7502.69 7699.89
7514.33 7702.06
7526.04 7704.24
7537.95 7706.45
7550.01 7708.70
7561.83 7710.90
7573.62 7713.14
7585.08 7715.32
7596.75 7717.53
7608.51 7719.77
7620.31 7722.01
7630.96 7727.39
7643.33 7729.74
7655.05 7731.97
7667.63 7734.36
7679.72 7736.80
7691.58 7739.20
7703.64 7741.64
7715.73 7744.08
7727.19 7746.40
7739.71 7748.94
7751.53 7751.33
7763.69 7753.79
7775.28 7756.14
7786.76 7758.46
7799.07 7760.95
7810.83 7763.64
7822.63 7766.37
7834.17 7769.03
7845.81 7771.72
7857.72 7774.48
7866.59 7776.53
7871.84 7777.74
7873.10 7778.03
7873.51 7778.12
7873.61 7778.15
7873.63 7778.15
7873.63 7778.15
7873.63 7778.15
7873.63 7778.15
7873.63 7778.15
7873.63 7778.15
7873.63 7778.15
7873.63 7778.15
7873.63 7778.15
7873.63 7778.15
7873.63 7778.15
7873.63 7778.15
7873.63 7778.15
7873.63 7778.15
7873.63 7778.15
7873.63 7778.15
7873.63 7778.15
7873.63 7778.15
7873.63 7778.15
7873.63 7778.15
7873.63 7778.15
7873.63 7778.15
7875.15 7778.67
7878.06 7780.33
7878.30 7780.72
7878.36 7780.82
7878.36 7780.82
7878.36 7780.82
7878.36 7780.82
7878.36 7780.82
7878.36 7780.82
7878.36 7780.82
7878.36 7780.82
7878.41 7780.91
7879.70 7783.07
7880.92 7787.76
7881.11 7795.09
7880.41 7804.31
7879.65 7815.76
7880.63 7828.47
7881.63 7841.26
7885.04 7852.55
7888.80 7864.76
7892.50 7876.05
7896.64 7888.16
7900.63 7899.60
7904.88 7911.39
7912.53 7922.88
7916.78 7934.64
7920.90 7946.07
7925.13 7957.81
7929.47 7969.79
7933.49 7980.80
7937.69 7992.29
7941.87 8003.77
7946.11 8015.52
7950.28 8026.95
7951.37 8039.84
7955.86 8051.81
7960.65 8063.16
7966.42 8074.07
7972.74 8085.01
7979.18 8095.55
7985.97 8105.85
7993.44 8115.53
8000.80 8124.62
8008.67 8133.52
8017.23 8142.06
8026.26 8150.37
8035.49 8158.42
8044.94 8166.63
8053.81 8174.34
8062.73 8182.10
8072.19 8190.32
8081.59 8198.49
8091.84 8205.80
8101.74 8212.94
8111.81 8220.77
8119.85 8227.02
8124.35 8230.90
8124.48 8238.37
8117.48 8246.48
8109.39 8255.17
8101.06 8264.10
8093.13 8272.63
8084.74 8281.07
8075.81 8289.60
8066.94 8298.07
8058.17 8306.45
8049.09 8315.20
8041.20 8322.99
8036.19 8327.94
8035.12 8335.15
8044.24 8341.92
8053.55 8348.82
8063.77 8356.19
8073.84 8363.29
8084.24 8370.61
8093.80 8377.35
8103.78 8384.07
8114.04 8390.73
8123.80 8397.07
8134.25 8403.86
8144.17 8410.25
8155.02 8417.08
8165.27 8423.53
8175.42 8429.91
8185.27 8436.11
8195.10 8442.29
8205.70 8448.85
8215.79 8455.04
8226.71 8461.74
8237.23 8468.20
8248.11 8474.87
8258.39 8481.18
8268.51 8487.39
8278.98 8493.82
8289.10 8500.03
8299.37 8506.34
8309.97 8512.84
8320.12 8519.07
8330.38 8525.37
8340.25 8531.40
8350.57 8537.60
8360.50 8543.57
8370.42 8548.77
8378.07 8552.32
8382.96 8561.13
8385.53 8573.04
8391.65 8583.53
8398.68 8593.03
8407.44 8601.98
8416.91 8608.98
8424.12 8613.57
8428.41 8616.31
8429.38 8616.93
