2093.88 5074.43
2095.24 5076.22
2098.24 5080.35
2102.51 5086.29
2107.70 5093.49
2114.25 5102.58
2121.34 5112.84
2128.49 5124.20
2134.55 5136.10
2138.84 5148.75
2142.08 5161.31
2144.10 5173.87
2144.99 5186.81
2144.75 5200.23
2143.12 5213.19
2140.82 5226.03
2136.16 5238.43
2131.17 5249.51
2125.12 5261.21
2117.79 5271.76
2110.31 5281.94
2102.54 5291.33
2094.79 5300.70
2086.25 5310.81
2078.06 5320.46
2069.50 5330.56
2060.89 5340.71
2052.35 5350.48
2043.44 5360.53
2034.99 5369.99
2026.23 5379.46
2017.65 5388.74
2008.49 5398.64
1999.56 5408.30
1990.69 5418.12
1982.54 5427.21
1973.59 5437.25
1965.86 5446.75
1957.52 5456.99
1949.63 5466.69
1941.65 5476.49
1933.69 5486.96
1926.04 5497.13
1918.15 5507.62
1910.06 5518.38
1903.09 5528.39
1896.12 5538.69
1888.83 5549.49
1881.96 5560.13
1875.22 5570.86
1868.60 5581.40
1861.56 5592.61
1854.81 5604.12
1848.39 5615.43
1841.81 5627.03
1835.78 5637.67
1829.19 5649.29
1822.61 5660.88
1816.42 5671.81
1811.20 5681.26
1808.07 5687.22
1806.06 5691.07
1805.59 5694.94
1812.11 5700.95
1819.10 5711.20
1823.66 5721.94
1824.77 5734.12
1822.91 5744.61
1826.67 5749.52
1835.45 5754.96
1844.24 5760.39
1853.07 5765.86
1862.45 5771.66
1871.50 5777.26
1880.90 5783.08
1890.01 5788.72
1899.44 5794.56
1908.20 5799.08
1917.90 5803.68
1928.11 5808.22
1937.41 5812.32
1947.21 5816.66
1956.28 5820.66
1966.07 5824.67
1975.46 5828.53
1984.68 5832.30
1993.90 5836.08
2003.52 5840.03
2013.49 5843.75
2023.95 5847.34
2033.67 5850.68
2044.00 5854.10
2054.33 5857.50
2064.05 5860.70
2073.79 5863.90
2084.49 5866.76
2095.13 5869.51
2104.95 5872.05
2115.13 5874.69
2125.72 5877.42
2135.38 5879.56
2146.14 5881.75
2156.14 5883.79
2166.05 5885.81
2175.91 5887.82
2186.74 5890.02
2197.13 5892.02
2206.82 5893.89
2216.78 5895.80
2227.41 5897.85
2237.61 5899.82
2248.00 5901.82
2257.83 5903.71
2267.62 5905.60
2278.15 5907.62
2288.89 5909.69
2299.38 5911.71
2309.08 5913.58
2319.85 5915.65
2330.04 5917.62
2340.25 5919.58
2350.22 5921.50
2360.61 5923.51
2370.95 5925.50
2380.79 5927.39
2391.61 5929.48
2402.11 5931.50
2411.82 5933.37
2422.40 5935.41
2433.20 5937.49
2443.80 5939.53
2454.88 5941.66
2464.78 5943.57
2475.87 5945.74
2486.31 5947.82
2495.96 5949.74
2506.31 5951.81
2516.86 5953.91
2527.63 5956.06
2537.84 5958.06
2548.34 5960.06
2559.35 5962.16
2569.37 5964.07
2579.37 5966.07
2589.68 5968.17
2599.63 5970.20
2609.85 5972.28
2620.53 5974.52
2630.28 5976.65
2640.88 5979.13
2651.68 5982.10
2661.56 5984.82
2671.21 5987.47
2681.10 5990.19
2691.01 5992.92
2700.98 5995.66
2710.26 5998.21
2716.97 6000.05
2719.33 6000.71
2719.46 6000.74
2719.47 6000.74
2719.47 6000.74
2722.12 6001.44
2727.51 6002.80
2734.93 6004.65
2744.96 6007.10
2755.83 6009.76
2765.23 6013.06
2775.50 6016.67
2785.98 6020.36
2795.29 6023.63
2804.90 6027.01
2814.89 6029.99
2824.43 6033.10
2833.99 6036.53
2843.70 6040.42
2852.92 6044.81
2862.94 6049.33
2872.05 6053.27
2881.27 6057.26
2890.47 6061.24
2899.99 6065.36
2909.55 6070.11
2918.70 6074.83
2927.60 6079.42
2936.59 6084.06
2946.56 6089.20
2956.16 6094.15
2965.95 6099.41
2974.56 6104.42
2983.36 6109.54
2992.05 6114.59
3000.90 6119.74
3009.99 6125.03
3019.23 6130.41
3028.87 6136.02
3037.97 6141.31
3046.47 6146.36
3055.52 6152.07
3064.84 6157.95
3073.90 6163.66
3082.39 6169.01
3091.21 6174.57
3099.64 6179.89
3108.51 6185.48
3117.56 6191.19
3127.06 6197.18
3136.41 6203.08
3144.75 6208.34
3154.23 6214.31
3162.37 6218.84
3172.29 6222.81
3182.12 6226.74
3191.95 6230.71
3202.37 6234.99
3212.71 6239.39
3222.19 6243.51
3231.43 6247.24
3240.70 6250.85
3250.32 6254.18
3260.84 6257.28
3270.79 6263.29
3281.71 6266.05
3292.68 6268.49
3303.64 6271.03
3314.61 6273.44
3325.52 6275.64
3337.00 6273.91
3346.64 6278.36
3356.84 6279.56
3366.90 6280.59
3378.20 6281.13
3388.82 6281.64
3398.82 6282.13
3409.36 6279.35
3420.38 6283.06
3430.12 6283.44
3435.48 6283.64
3437.99 6283.74
3438.08 6283.74
3438.11 6283.74
3438.24 6280.44
3438.24 6280.44
3438.24 6280.44
3438.24 6280.44
3438.24 6280.44
3438.24 6280.44
3438.24 6280.44
3438.24 6280.44
3438.24 6280.44
3438.24 6280.44
3438.24 6280.44
3438.24 6280.44
3438.24 6280.44
3438.24 6280.44
3438.24 6280.44
3438.24 6280.44
3438.24 6280.44
3438.24 6280.44
3438.24 6280.44
3438.24 6280.44
3438.24 6280.44
3438.24 6280.44
3438.24 6280.44
3438.24 6280.44
3438.24 6280.44
3438.24 6280.44
3438.24 6280.44
3438.24 6280.44
3438.24 6280.44
3438.24 6280.44
3438.24 6280.44
3440.97 6280.54
3446.01 6280.46
3453.35 6282.53
3463.20 6280.60
3473.56 6278.58
3483.74 6276.83
3494.22 6275.36
3504.55 6274.08
3515.19 6276.09
3524.94 6274.89
3535.41 6273.60
3545.45 6272.41
3555.45 6271.25
3565.53 6270.08
3575.68 6268.79
3585.36 6267.51
3595.41 6266.17
3605.68 6264.80
3616.81 6263.32
3626.79 6261.99
3636.66 6259.68
3646.10 6256.92
3655.78 6254.08
3665.73 6250.76
3674.98 6247.04
3684.65 6243.15
3693.75 6239.50
3703.59 6235.54
3713.86 6231.42
3724.16 6227.19
3733.68 6223.10
3743.85 6218.72
3753.15 6214.76
3763.65 6211.42
3774.12 6210.94
3784.86 6213.84
3794.67 6219.17
3801.36 6230.06
3798.84 6242.09
3793.01 6255.52
3787.03 6269.29
3781.24 6282.62
3772.05 6293.96
3758.83 6301.78
3745.47 6309.27
3732.61 6316.48
3719.81 6323.65
3706.69 6331.00
3693.09 6338.35
3681.82 6347.97
3669.99 6354.14
3662.14 6358.23
3658.29 6360.24
3652.05 6363.44
3643.66 6367.62
3632.78 6373.05
3619.23 6379.81
3605.52 6386.92
3592.77 6394.30
3579.86 6401.77
3567.16 6409.12
3555.46 6417.72
3559.61 6430.05
3566.25 6444.04
3571.80 6458.45
3570.95 6473.03
3569.39 6488.35
3570.20 6503.40
3570.75 6518.68
3569.98 6533.14
3569.12 6547.94
3570.90 6562.47
3577.09 6575.47
3588.30 6586.14
3601.84 6591.66
3617.55 6592.08
3631.44 6586.81
3643.07 6577.59
3650.46 6564.12
3652.17 6548.71
3649.99 6533.33
3647.36 6518.77
3644.77 6504.46
3642.11 6489.75
3639.51 6475.33
3636.78 6460.19
3634.06 6445.12
3631.79 6430.41
3629.53 6414.98
3625.85 6396.98
3622.70 6376.97
3619.17 6354.33
3615.36 6329.93
3614.56 6303.07
3610.08 6274.30
3605.60 6245.62
3601.09 6216.67
3596.64 6188.15
3592.41 6160.21
3589.17 6132.11
3585.85 6103.37
3582.55 6074.71
3579.32 6046.69
3576.02 6018.12
3573.09 5989.68
3570.75 5961.07
3568.43 5932.77
3566.06 5903.79
3563.72 5875.23
3561.32 5845.97
3559.79 5817.59
3558.59 5788.88
3557.42 5760.78
3556.22 5732.04
3556.11 5703.18
3556.09 5675.02
3556.06 5646.77
3556.03 5617.89
3556.30 5589.23
3557.53 5560.32
3559.34 5531.37
3561.48 5502.56
3563.65 5473.35
3566.62 5444.67
3569.57 5416.82
3572.62 5387.98
3575.86 5359.93
3580.07 5331.44
3584.19 5303.64
3589.21 5274.86
3594.36 5246.35
3599.41 5218.42
3605.26 5190.36
3611.11 5162.49
3616.89 5135.01
3623.64 5107.72
3630.89 5079.36
3638.04 5051.64
3646.44 5023.58
3654.86 4995.45
3663.27 4967.69
3672.76 4940.07
3681.98 4913.25
3691.44 4885.72
3701.46 4859.15
3711.54 4832.42
3722.16 4805.41
3732.78 4778.91
3743.35 4752.53
3754.54 4726.37
3766.30 4700.45
3778.25 4674.09
3790.82 4648.01
3803.64 4622.58
3816.44 4598.00
3829.70 4572.67
3842.77 4547.68
3857.26 4522.33
3872.06 4497.54
3887.07 4472.42
3901.85 4447.66
3916.32 4423.43
3931.72 4398.94
3947.56 4374.45
3963.08 4350.66
3980.26 4326.84
3996.66 4304.11
4013.66 4281.02
4031.33 4257.86
4048.18 4235.95
4066.10 4213.63
4084.80 4191.16
4102.97 4169.85
4122.52 4147.78
4141.13 4126.71
4160.63 4104.74
4179.91 4084.08
4199.97 4063.20
4220.62 4042.54
4240.49 4022.66
4261.18 4002.48
4281.63 3982.74
4302.79 3962.93
4324.01 3943.74
4345.41 3924.43
4366.99 3906.18
4388.86 3887.69
4411.24 3868.77
4433.87 3850.75
4456.67 3833.41
4479.45 3816.08
4504.47 3801.89
4528.10 3784.58
4551.21 3768.30
4575.28 3752.08
4598.63 3736.36
4623.46 3720.59
4647.74 3705.21
4671.57 3690.41
4694.71 3673.05
4719.41 3658.59
4743.89 3644.60
4768.62 3631.35
4793.76 3617.87
4819.83 3604.47
4846.03 3591.51
4871.46 3578.93
4898.05 3566.60
4924.22 3554.72
4950.53 3542.77
4977.01 3531.98
5003.66 3521.15
5030.97 3510.27
5057.80 3499.80
5084.38 3490.32
5110.84 3480.97
5137.61 3471.78
5164.61 3463.07
5192.15 3454.65
5219.92 3446.17
5246.91 3438.02
5275.01 3430.57
5302.75 3423.21
5330.46 3416.42
5358.57 3409.95
5386.86 3403.43
5414.52 3397.82
5442.19 3392.37
5470.58 3387.09
5498.71 3382.20
5526.71 3377.51
5555.85 3373.29
5582.79 3366.02
5611.79 3361.82
5636.34 3358.27
5656.43 3355.36
5671.91 3352.17
5686.80 3348.75
5701.13 3345.46
5716.73 3343.10
5731.00 3341.44
5746.06 3339.69
5760.79 3337.97
5775.74 3336.23
5790.38 3334.53
5805.15 3332.81
5820.83 3330.99
5836.39 3329.17
5850.80 3327.50
5866.29 3325.69
5881.71 3323.90
5896.41 3322.19
5911.83 3320.39
5927.07 3318.62
5942.60 3316.81
5957.63 3314.76
5971.95 3312.64
5986.62 3310.47
6000.87 3307.89
6016.33 3304.80
6031.80 3301.71
6045.99 3298.87
6061.34 3295.80
6076.30 3292.81
6091.11 3289.85
6105.45 3286.99
6120.02 3284.07
6134.84 3281.11
6149.17 3278.25
6163.63 3275.36
6178.71 3272.35
6193.07 3269.39
6207.61 3265.22
6221.58 3261.22
6236.67 3256.89
6251.72 3252.57
6266.09 3248.45
6280.20 3244.55
6295.41 3240.36
6310.04 3235.89
6322.49 3228.12
6335.41 3219.15
6348.09 3209.81
6360.04 3199.98
6370.70 3190.04
6381.59 3178.86
6391.83 3167.45
6401.17 3155.71
6410.28 3143.60
6419.22 3131.72
6427.46 3118.34
6434.85 3105.61
6442.17 3093.00
6449.98 3079.53
6457.45 3066.66
6464.80 3054.00
6472.52 3040.71
6480.01 3027.80
6487.42 3015.03
6494.71 3002.47
6502.41 2988.90
6509.56 2975.29
6516.86 2961.41
6523.74 2948.32
6530.59 2935.28
6537.77 2921.62
6544.66 2908.52
6551.91 2894.71
6559.11 2881.02
6565.85 2868.19
6573.09 2854.42
6580.22 2840.87
6587.51 2826.98
6594.31 2814.05
6600.67 2801.09
6607.25 2786.76
6613.41 2773.32
6619.84 2759.23
6625.83 2746.01
6631.94 2732.52
6638.25 2718.60
6644.62 2704.60
6650.98 2691.23
6657.16 2678.25
6663.61 2664.70
6669.06 2650.67
6672.90 2636.84
6676.80 2622.80
6680.76 2608.51
6684.81 2593.90
6688.71 2579.83
6692.66 2565.20
6696.47 2550.56
6700.17 2536.34
6703.87 2522.12
6707.82 2508.01
6712.38 2493.30
6716.64 2479.57
6721.08 2465.45
6725.84 2450.48
6730.23 2436.69
6734.65 2422.81
6739.37 2407.96
6743.91 2393.71
6748.32 2379.85
6752.69 2366.11
6757.07 2352.34
6761.61 2338.19
6766.21 2323.89
6771.04 2308.90
6775.93 2294.05
6780.70 2280.26
6785.76 2265.63
6790.63 2251.53
6795.35 2237.89
6801.41 2223.50
6808.34 2210.85
6815.32 2198.10
6822.16 2185.33
6827.89 2169.21
6834.21 2151.04
6841.03 2131.42
6848.33 2110.27
6859.16 2087.20
6867.48 2061.94
6874.27 2040.92
6879.61 2023.81
6883.62 2010.97
6886.28 2002.43
6887.71 1997.88
6888.04 1996.80
6888.31 1995.96
