3451.43 1811.55
3453.65 1812.90
3457.23 1815.09
3462.25 1818.21
3469.06 1822.45
3477.54 1827.72
3488.30 1834.41
3500.96 1842.31
3514.75 1852.15
3529.84 1862.91
3546.36 1875.25
3563.98 1888.81
3583.59 1903.90
3604.33 1921.29
3626.53 1939.95
3649.18 1960.54
3672.84 1982.96
3696.63 2007.26
3721.02 2033.85
3745.95 2062.83
3771.01 2093.33
3794.57 2124.13
3816.05 2155.03
3836.92 2185.66
3855.68 2216.45
3873.59 2246.24
3889.93 2276.37
3905.92 2307.82
3920.60 2338.69
3934.58 2368.87
3947.70 2399.42
3960.06 2430.59
3971.24 2461.06
3980.94 2490.10
3990.17 2518.43
3998.35 2546.72
4006.27 2575.18
4013.33 2603.87
4019.95 2632.66
4025.70 2659.48
4031.56 2686.80
4036.70 2710.83
4040.81 2734.75
4044.49 2761.17
4048.05 2786.79
4051.77 2813.51
4055.65 2841.38
4058.85 2867.26
4060.99 2895.59
4063.25 2925.62
4062.31 2957.68
4064.84 2991.22
4066.50 3023.62
4068.13 3056.01
4068.56 3086.49
4068.85 3115.03
4072.43 3141.52
4072.61 3169.40
4072.44 3195.38
4072.27 3223.00
4072.09 3251.36
4071.52 3279.30
4070.45 3307.08
4069.40 3334.72
4068.32 3362.95
4067.24 3391.19
4066.15 3419.42
4065.07 3447.65
4063.99 3475.88
4062.87 3505.23
4061.87 3531.39
4061.01 3553.81
4060.30 3572.48
4062.78 3586.64
4062.13 3599.75
4061.20 3614.22
4060.56 3624.21
4059.90 3634.52
4059.08 3647.36
4058.11 3662.54
4057.24 3676.06
4056.88 3691.74
4057.40 3707.02
4057.97 3723.67
4058.17 3739.92
4057.78 3756.03
4057.40 3771.28
4057.00 3787.74
4056.58 3803.84
4055.50 3821.41
4054.43 3838.93
4053.42 3856.81
4052.84 3874.25
4052.29 3892.10
4051.76 3909.25
4051.23 3926.49
4050.68 3944.24
4050.11 3962.72
4049.58 3980.08
4049.02 3998.07
4048.48 4015.68
4047.93 4033.64
4048.56 4051.21
4049.18 4069.67
4049.78 4087.55
4050.38 4105.75
4052.22 4123.21
4055.84 4140.86
4061.04 4158.35
4067.74 4176.05
4074.94 4191.88
4083.41 4207.38
4091.84 4222.82
4100.33 4238.36
4109.01 4254.25
4117.30 4270.09
4125.01 4286.82
4129.49 4304.53
4132.63 4321.66
4133.44 4339.57
4132.70 4357.57
4130.61 4375.48
4126.64 4392.60
4121.15 4409.97
4112.90 4426.97
4104.37 4442.82
4093.88 4458.62
4081.85 4472.61
4069.55 4485.00
4056.08 4495.82
4040.51 4506.79
4025.00 4516.04
4008.77 4524.72
3991.32 4533.21
3974.70 4540.53
3958.07 4547.85
3941.31 4555.24
3924.91 4563.98
3911.92 4571.11
3900.77 4578.56
3892.86 4584.18
3887.98 4587.65
3882.52 4592.28
3876.82 4598.19
3874.24 4600.86
3870.29 4605.12
3865.37 4610.46
3858.60 4617.81
3850.22 4626.91
3840.62 4637.34
3829.97 4649.74
3818.52 4663.85
3807.51 4681.46
3796.58 4699.06
3785.83 4716.91
3776.31 4735.33
3767.41 4754.63
3758.81 4774.65
3750.43 4794.78
3743.48 4813.11
3736.28 4832.12
3729.35 4849.73
3721.51 4867.94
3713.55 4885.36
3705.92 4904.94
3698.68 4926.30
3690.98 4949.01
3682.65 4973.55
3671.42 4999.13
3662.88 5027.91
3653.87 5058.25
3645.59 5090.39
3637.03 5123.76
3629.38 5157.25
3622.00 5191.71
3614.80 5226.12
3608.40 5261.03
3602.08 5295.49
3597.04 5330.16
3592.23 5365.12
3588.21 5399.46
3584.28 5433.63
3580.33 5467.95
3577.80 5502.48
3575.50 5537.10
3573.91 5568.86
3572.84 5599.46
3572.82 5630.79
3572.80 5661.74
3572.78 5692.90
3572.76 5724.99
3573.74 5756.07
3575.09 5787.58
3576.42 5818.49
3578.43 5850.74
3581.13 5882.79
3583.77 5914.16
3586.46 5946.17
3589.17 5978.38
3592.25 6009.84
3596.06 6040.57
3599.99 6072.25
3603.98 6104.48
3607.90 6136.16
3612.05 6167.73
3616.93 6198.73
3621.98 6230.82
3626.89 6262.04
3631.47 6291.11
3639.23 6318.90
3643.18 6343.98
3646.70 6366.35
3650.10 6387.96
3654.02 6409.31
3658.04 6428.87
3661.78 6448.39
3664.95 6465.80
3668.43 6484.95
3671.69 6502.85
3674.89 6520.41
3678.08 6537.93
3681.04 6554.17
3684.02 6570.57
3687.32 6587.20
3693.07 6604.20
3704.00 6614.65
3718.78 6621.83
3734.01 6623.67
3751.19 6619.58
3765.49 6611.57
3776.60 6598.86
3783.22 6583.46
3783.62 6567.29
3779.04 6552.15
3769.65 6537.76
3759.18 6524.57
3749.31 6512.58
3740.23 6500.56
3730.25 6486.88
3720.23 6471.81
3711.66 6456.75
3704.34 6444.26
3695.95 6430.23
3687.78 6416.58
3678.94 6401.79
3671.00 6388.52
3662.60 6374.47
3653.41 6358.09
3659.39 6344.79
3675.45 6336.41
3687.86 6326.19
3703.98 6317.39
3721.52 6307.56
3740.48 6296.93
3759.19 6286.45
3770.62 6273.91
3775.85 6261.88
3779.31 6253.92
3782.37 6246.87
3785.76 6239.09
3788.91 6231.44
3786.27 6221.43
3775.33 6217.94
3761.42 6218.96
3746.99 6224.55
3733.35 6230.42
3719.39 6236.30
3705.05 6242.06
3690.70 6247.83
3676.92 6253.37
3662.65 6258.94
3648.18 6263.18
3633.37 6267.52
3617.92 6269.83
3602.34 6271.90
3586.85 6273.97
3571.36 6276.03
3555.84 6277.85
3540.38 6279.65
3525.77 6281.44
3510.25 6283.35
3495.49 6285.18
3480.70 6287.33
3470.43 6289.28
3464.29 6290.48
3461.33 6291.06
3460.86 6291.15
3460.63 6291.19
3460.53 6291.21
3460.51 6291.22
3460.51 6291.22
3459.32 6291.45
3455.58 6292.18
3449.70 6293.30
3441.18 6293.75
3430.52 6293.36
3417.80 6292.88
3406.74 6292.45
3400.18 6292.11
3391.93 6291.69
3383.75 6291.30
3373.20 6290.81
3360.76 6289.99
3349.03 6288.61
3335.82 6287.06
3324.03 6285.43
3311.93 6283.00
3301.01 6280.58
3288.99 6277.81
3277.26 6275.24
3265.32 6272.01
3253.26 6268.99
3241.71 6265.19
3230.88 6261.25
3219.08 6256.50
3207.52 6251.53
3195.69 6246.50
3185.08 6242.16
3174.40 6237.87
3163.30 6233.43
3151.45 6228.17
3141.02 6221.58
3130.68 6215.06
3119.99 6208.32
3109.72 6201.85
3098.61 6194.84
3088.35 6188.38
3077.78 6181.71
3066.95 6174.88
3055.63 6167.75
3043.22 6159.92
3032.11 6153.18
3020.57 6146.46
3008.96 6139.71
2997.50 6133.04
2984.89 6125.70
2973.66 6119.17
2962.41 6112.62
2951.05 6106.37
2938.69 6099.99
2927.17 6094.05
2915.87 6088.22
2902.99 6081.58
2891.64 6076.13
2879.96 6071.08
2866.70 6065.34
2854.19 6059.92
2841.11 6053.81
2828.19 6048.43
2815.83 6044.13
2802.25 6040.02
2788.83 6035.35
2774.61 6030.35
2760.96 6025.55
2747.01 6021.19
2732.45 6017.63
2717.80 6013.96
2703.40 6010.02
2689.28 6006.13
2674.42 6002.04
2659.39 5997.91
2645.02 5993.96
2630.91 5990.29
2616.27 5987.09
2601.24 5983.99
2587.04 5981.10
2571.95 5978.03
2557.38 5975.22
2542.08 5972.31
2527.18 5969.43
2512.71 5966.54
2497.53 5963.51
2482.09 5960.43
2466.79 5957.40
2450.78 5957.68
2436.25 5954.88
2421.04 5951.95
2406.92 5949.23
2391.67 5946.29
2376.62 5943.39
2363.55 5937.52
2348.91 5934.70
2334.08 5931.84
2319.48 5929.03
2304.85 5926.21
2290.36 5923.42
2275.41 5920.54
2260.92 5917.75
2246.09 5914.89
2231.50 5912.08
2216.60 5909.21
2202.17 5906.43
2187.27 5903.56
2172.40 5900.58
2158.27 5897.70
2143.39 5894.66
2128.87 5891.70
2114.91 5888.26
2100.04 5884.41
2085.30 5880.60
2070.97 5876.86
2058.82 5869.39
2043.93 5864.50
2029.96 5859.87
2016.37 5855.20
2001.64 5849.95
1987.49 5844.15
1973.33 5838.35
1959.07 5832.50
1944.67 5826.36
1930.79 5820.23
1917.41 5814.31
1904.23 5808.16
1891.02 5800.99
1878.73 5793.38
1866.52 5785.83
1853.23 5777.60
1840.87 5769.95
1831.19 5763.96
1824.61 5759.89
1813.37 5756.01
1803.61 5764.53
1792.74 5769.68
1781.20 5776.54
1771.57 5776.33
1766.23 5775.63
1758.39 5772.66
1749.45 5765.96
1742.21 5755.73
1738.45 5744.56
1737.52 5736.60
1738.37 5733.01
1740.24 5727.87
1742.62 5721.31
1745.94 5712.18
1750.52 5701.55
1763.22 5693.60
1777.94 5690.50
1793.44 5692.59
1804.89 5679.08
1813.74 5663.14
1822.67 5647.39
1831.52 5631.79
1840.18 5616.52
1849.22 5600.59
1858.92 5584.39
1868.26 5569.54
1878.19 5553.74
1888.20 5538.64
1898.76 5523.00
1909.05 5508.74
1920.17 5493.96
1931.46 5478.93
1939.39 5463.59
1950.73 5449.65
1961.83 5436.01
1974.05 5421.85
1986.06 5408.46
1998.61 5394.75
2010.78 5381.59
2022.89 5368.50
2032.43 5358.04
2038.83 5350.81
2042.26 5346.94
2042.86 5346.26
