6873.18 2109.40
6872.59 2111.21
6871.23 2115.39
6869.36 2121.14
6866.31 2129.57
6862.40 2140.11
6857.94 2152.14
6852.70 2166.32
6846.83 2182.26
6840.37 2199.70
6830.21 2217.61
6822.61 2238.13
6814.07 2261.39
6805.08 2286.60
6795.13 2314.47
6784.55 2344.48
6774.00 2375.38
6763.23 2406.95
6753.44 2437.48
6743.84 2468.44
6734.73 2498.63
6726.20 2529.41
6718.43 2558.14
6711.44 2588.06
6704.28 2618.45
6697.03 2650.28
6690.56 2684.18
6684.76 2719.45
6680.61 2754.08
6676.92 2789.99
6673.94 2825.12
6672.02 2860.76
6671.82 2895.43
6672.08 2930.27
6674.05 2965.98
6677.04 3001.99
6681.62 3037.28
6687.03 3072.44
6694.07 3107.37
6702.79 3142.42
6711.67 3174.29
6721.02 3202.85
6730.10 3228.56
6738.39 3251.66
6749.49 3271.54
6757.63 3291.80
6766.88 3314.20
6778.96 3338.49
6790.96 3359.85
6804.43 3383.70
6818.58 3407.33
6831.97 3428.69
6849.16 3450.20
6866.13 3472.78
6883.57 3496.54
6900.76 3520.45
6915.89 3540.29
6928.55 3556.35
6938.81 3568.57
6949.36 3581.12
6959.21 3592.80
6968.86 3603.68
6979.60 3615.01
6989.15 3625.91
6999.09 3637.62
7009.24 3649.57
7019.13 3660.15
7031.12 3670.02
7043.99 3678.07
7058.67 3683.40
7074.74 3685.89
7091.91 3684.44
7107.36 3680.33
7121.54 3672.98
7134.41 3663.38
7144.40 3651.18
7152.69 3639.52
7157.95 3624.99
7162.81 3608.98
7165.10 3593.73
7165.76 3577.71
7163.56 3562.35
7159.61 3546.33
7152.95 3533.07
7142.59 3521.88
7130.53 3511.79
7116.68 3502.69
7102.52 3493.98
7088.26 3486.25
7074.47 3478.90
7063.51 3469.25
7055.00 3456.65
7047.44 3445.47
7040.20 3434.75
7033.50 3421.76
7047.69 3412.17
7064.28 3401.50
7080.44 3392.58
7094.77 3384.86
7109.05 3377.16
7122.54 3369.90
7136.21 3362.53
7150.28 3354.96
7162.23 3344.77
7178.08 3336.23
7194.68 3327.28
7211.38 3318.29
7228.97 3308.81
7246.16 3299.55
7263.71 3290.09
7280.37 3281.12
7290.91 3272.29
7295.80 3256.78
7309.19 3246.73
7325.96 3246.35
7341.92 3253.68
7354.70 3241.25
7367.39 3227.32
7379.67 3212.53
7392.48 3197.41
7405.94 3182.89
7419.20 3168.31
7431.93 3154.43
7445.12 3141.41
7459.34 3128.49
7473.42 3116.15
7488.24 3103.23
7505.18 3093.67
7515.42 3080.88
7517.90 3066.23
7527.27 3053.67
7543.90 3052.72
7558.67 3051.69
7573.22 3040.47
7588.96 3029.82
7604.36 3018.03
7618.95 3006.21
7633.50 2993.94
7647.61 2981.48
7662.09 2967.98
7676.08 2953.80
7688.56 2940.07
7700.96 2926.12
7713.73 2911.37
7726.20 2896.47
7737.98 2881.74
7749.98 2866.99
7762.28 2852.34
7774.97 2837.49
7787.92 2822.35
7801.37 2807.86
7814.15 2794.26
7827.23 2781.19
7840.57 2768.05
7857.16 2757.73
7872.02 2745.34
7886.24 2733.49
7901.33 2722.44
7917.32 2710.88
7933.39 2699.58
7949.79 2689.27
7966.57 2678.72
7983.29 2668.21
7999.53 2658.00
8015.19 2648.16
8031.61 2637.52
8047.21 2627.19
8063.29 2616.37
8079.41 2604.78
8094.68 2593.79
8110.39 2582.47
8125.53 2571.57
8140.78 2560.60
8155.88 2549.77
8171.61 2539.41
8187.47 2529.27
8203.46 2519.06
8219.19 2509.07
8235.44 2498.94
8253.31 2490.71
8271.03 2484.94
8289.94 2480.71
8308.87 2478.76
8327.38 2478.49
8346.49 2478.31
8365.38 2478.14
8384.94 2477.96
8403.82 2477.79
8422.69 2477.62
8441.21 2477.46
8459.83 2477.29
8478.62 2478.35
8497.23 2480.07
8516.30 2482.06
8534.84 2484.00
8553.55 2485.95
8573.13 2487.57
8592.94 2488.01
8610.36 2487.24
8623.37 2485.85
8632.02 2484.94
8636.81 2484.43
8638.30 2484.27
8638.31 2484.27
8638.31 2484.27
8638.32 2484.27
8638.32 2484.27
8638.32 2484.27
8638.32 2484.27
8638.32 2484.27
8638.32 2484.27
8638.32 2484.27
8638.32 2484.27
8638.32 2484.27
8638.32 2484.27
8638.32 2484.27
8638.32 2484.27
8638.32 2484.27
8638.32 2484.27
8638.32 2484.27
8638.32 2484.27
8638.32 2484.27
8638.32 2484.27
8638.32 2484.27
8638.32 2484.27
8638.32 2484.27
8638.32 2484.27
8638.32 2484.27
8638.32 2484.27
8640.60 2484.06
8645.70 2483.66
8652.86 2483.10
8662.40 2482.70
8674.15 2479.74
8688.03 2482.68
8703.68 2488.90
8721.25 2496.54
8738.12 2505.18
8754.97 2514.60
8771.21 2525.58
8785.51 2537.65
8799.88 2551.25
8814.88 2563.18
8830.52 2573.58
8845.34 2586.36
8858.83 2600.78
8871.78 2614.61
8884.70 2628.41
8898.10 2642.74
8911.31 2648.62
8927.56 2643.72
8943.71 2643.54
8959.88 2648.32
8975.05 2652.83
8990.59 2658.24
9006.61 2664.18
9020.87 2669.47
9035.63 2674.89
9050.93 2680.41
9065.71 2685.03
9080.05 2689.22
9094.78 2693.52
9106.87 2694.56
9115.08 2694.34
9119.86 2694.07
9126.07 2692.52
9134.34 2688.93
9146.27 2686.69
9156.43 2676.56
9165.08 2662.99
9171.20 2649.03
9176.31 2633.85
9180.51 2619.10
9184.57 2603.97
9188.48 2589.00
9192.68 2572.96
9196.82 2557.10
9203.83 2542.89
9207.62 2527.76
9211.54 2512.08
9215.24 2497.33
9219.16 2481.75
9223.36 2466.85
9227.60 2451.85
9231.86 2436.60
9236.17 2420.80
9240.54 2404.79
9244.74 2389.43
9249.11 2373.81
9253.71 2358.49
9258.15 2343.72
9262.86 2328.04
9267.81 2312.92
9272.99 2297.45
9278.17 2281.97
9283.13 2266.63
9287.10 2251.54
9290.08 2235.93
9291.77 2219.99
9293.16 2203.53
9293.94 2190.30
9294.01 2181.64
9293.63 2177.54
9293.60 2177.19
9293.58 2177.00
9293.58 2176.92
9293.57 2176.87
9293.57 2176.87
9293.57 2176.87
9293.57 2176.87
9293.57 2176.87
9293.57 2176.87
9293.57 2176.87
9293.57 2176.87
9293.57 2176.87
9293.57 2176.87
9293.57 2176.87
9290.28 2177.16
9290.28 2177.16
9290.28 2177.16
9290.28 2177.16
9290.28 2177.16
9290.28 2177.16
9290.28 2177.16
9290.28 2177.16
9290.28 2177.16
9290.28 2177.16
9290.28 2177.16
9290.28 2177.16
9290.28 2177.16
9290.28 2177.16
9290.28 2177.16
9290.28 2177.16
9290.28 2177.16
9290.28 2177.16
9290.28 2177.16
9290.28 2177.16
9290.28 2177.16
9290.28 2177.16
9290.28 2177.16
9290.28 2177.16
9290.28 2177.16
9290.28 2177.16
9290.28 2177.16
9290.28 2177.16
9290.09 2175.03
9289.68 2170.49
9289.03 2163.38
9288.79 2160.76
9285.00 2155.52
9287.55 2147.12
9286.75 2138.34
9285.73 2127.10
9284.50 2113.58
9286.47 2097.43
9285.63 2081.53
9284.87 2065.71
9284.14 2050.53
9283.37 2034.41
9283.20 2019.27
9283.21 2003.31
9283.23 1987.71
9284.38 1971.60
9286.08 1955.55
9287.68 1940.43
9289.21 1925.94
9290.32 1915.46
9291.59 1909.60
9298.01 1904.77
9307.56 1898.37
9319.22 1894.13
9322.93 1879.46
9326.59 1864.95
9330.85 1849.43
9335.38 1833.90
9339.04 1821.33
9337.29 1813.19
9334.31 1806.56
9327.37 1800.90
9319.99 1792.68
9322.00 1779.94
9323.83 1764.74
9330.41 1749.54
9337.21 1734.42
9343.67 1720.62
9350.81 1705.82
9358.06 1691.62
9365.62 1677.00
9373.17 1662.39
9380.28 1648.64
9387.32 1635.03
9393.35 1623.37
9398.01 1614.36
9401.94 1606.76
9406.08 1598.23
9408.42 1589.39
9406.78 1578.80
9405.28 1565.98
9400.89 1552.15
9396.64 1536.51
9392.59 1521.62
9388.23 1505.55
9384.74 1489.88
9382.68 1473.84
9380.66 1458.12
9378.64 1442.36
9376.64 1426.75
9374.68 1411.42
9372.64 1395.54
9370.59 1379.53
9368.63 1364.29
9366.64 1348.78
9364.69 1333.55
9362.34 1317.97
9360.03 1302.63
9357.59 1286.38
9354.09 1270.32
9349.91 1254.60
9344.61 1239.93
9339.11 1225.80
9333.26 1210.72
9327.28 1195.33
9321.66 1180.94
9315.30 1164.69
9308.16 1146.45
9300.73 1129.45
9290.79 1112.12
9278.38 1097.74
9262.33 1086.26
9243.85 1079.71
9224.88 1074.65
9205.51 1069.47
9190.38 1065.43
9179.60 1062.55
9172.92 1060.76
9168.16 1062.91
