2138.21 5146.29
2138.65 5148.02
2139.56 5151.54
2140.82 5156.44
2142.55 5163.13
2143.93 5172.37
2144.89 5183.73
2145.15 5196.81
2143.27 5212.36
2140.16 5227.79
2134.52 5242.79
2127.05 5257.48
2118.41 5270.87
2108.38 5284.28
2098.29 5296.48
2088.18 5308.54
2077.50 5321.13
2066.64 5333.93
2056.40 5345.91
2045.19 5358.56
2034.64 5370.36
2023.50 5382.42
2012.07 5394.77
2001.12 5406.62
1990.12 5418.76
1979.18 5430.95
1965.64 5441.78
1955.77 5453.92
1945.65 5466.35
1935.48 5479.10
1925.85 5491.89
1916.18 5504.74
1906.74 5517.29
1897.78 5530.34
1888.89 5543.49
1880.06 5556.95
1871.38 5570.77
1862.59 5584.77
1854.39 5598.17
1846.32 5612.40
1838.03 5627.02
1830.29 5640.66
1822.02 5655.24
1813.83 5669.68
1807.99 5680.29
1804.45 5687.03
1800.77 5697.69
1808.00 5706.51
1814.24 5716.62
1817.69 5728.30
1816.96 5741.26
1811.82 5753.70
1803.95 5764.43
1792.36 5770.04
1782.11 5776.37
1768.78 5776.08
1753.03 5779.34
1748.08 5793.61
1741.67 5808.47
1736.10 5823.62
1731.64 5839.64
1729.25 5856.12
1728.95 5872.93
1734.44 5889.21
1737.98 5904.73
1743.35 5919.96
1751.09 5934.36
1759.52 5947.98
1769.16 5960.76
1778.82 5972.82
1789.17 5984.60
1799.68 5996.56
1810.60 6008.98
1821.14 6020.99
1831.34 6032.59
1841.53 6044.20
1851.14 6055.14
1857.82 6062.74
1861.67 6067.11
1863.55 6069.26
1863.65 6069.37
1863.72 6069.45
1863.72 6069.45
1863.72 6069.45
1863.72 6069.45
1863.72 6069.45
1863.72 6069.45
1863.72 6069.45
1863.72 6069.45
1863.72 6069.45
1863.72 6069.45
1863.72 6069.45
1863.72 6069.45
1863.72 6069.45
1863.72 6069.45
1863.72 6069.45
1863.72 6069.45
1863.72 6069.45
1863.72 6069.45
1863.72 6069.45
1863.72 6069.45
1863.72 6069.45
1863.72 6069.45
1863.72 6069.45
1863.72 6069.45
1863.72 6069.45
1863.72 6069.45
1863.72 6069.45
1865.40 6071.34
1868.51 6074.84
1873.32 6080.26
1879.46 6087.05
1887.16 6095.48
1896.23 6105.38
1906.82 6116.96
1917.40 6128.52
1927.97 6140.11
1938.93 6152.24
1950.00 6164.38
1960.73 6176.91
1970.43 6190.05
1979.64 6202.84
1987.94 6217.01
1996.20 6231.12
2004.25 6245.03
2011.34 6260.07
2018.14 6274.52
2024.93 6288.95
2030.11 6303.84
2034.99 6318.88
2039.82 6334.24
2043.91 6350.03
2044.99 6367.30
2048.45 6383.50
2050.97 6398.90
2053.50 6414.35
2056.20 6430.82
2058.87 6447.12
2064.73 6462.54
2067.44 6479.08
2070.05 6495.02
2072.60 6510.57
2075.28 6526.94
2078.02 6543.66
2077.45 6560.59
2080.13 6576.94
2082.05 6593.16
2083.90 6609.18
2085.71 6624.79
2087.60 6641.12
2089.46 6657.14
2090.97 6673.82
2095.73 6690.15
2097.11 6705.84
2098.55 6722.15
2099.99 6738.53
2101.77 6755.29
2103.46 6771.12
2105.25 6787.90
2106.78 6804.11
2105.62 6820.37
2104.49 6836.34
2103.65 6848.01
2103.09 6855.98
2102.82 6859.76
2102.78 6860.26
2102.76 6860.51
2102.75 6860.66
2102.75 6860.67
2102.75 6860.67
2102.75 6860.67
2102.75 6860.67
2102.75 6860.67
2102.75 6860.67
2102.75 6860.67
2102.75 6860.67
2102.75 6860.67
2102.75 6860.67
2102.75 6860.67
2102.75 6860.67
2102.75 6860.67
2102.75 6860.67
2102.75 6860.67
2102.75 6860.67
2102.75 6860.67
2102.75 6860.67
2102.75 6860.67
2102.75 6860.67
2102.64 6862.61
2102.48 6866.00
2102.23 6871.89
2102.00 6879.38
2101.72 6888.46
2101.29 6899.78
2100.68 6912.89
2099.67 6927.47
2098.77 6944.32
2098.95 6963.16
