6147.78 5653.64
6145.45 5653.87
6141.60 5654.26
6135.84 5654.84
6128.03 5655.63
6118.15 5656.62
6107.07 5657.74
6095.63 5658.89
6083.39 5660.12
6072.90 5662.51
6072.67 5669.08
6072.80 5671.79
6073.04 5676.56
6073.38 5683.25
6073.64 5688.42
6073.71 5689.89
6073.75 5690.57
6073.78 5691.32
6073.79 5691.38
6073.79 5691.39
6073.79 5691.40
6073.79 5691.40
6073.79 5691.40
6073.79 5691.40
6073.79 5691.40
6073.79 5691.40
6073.80 5691.60
6073.87 5693.07
6074.05 5696.69
6074.24 5700.49
6074.48 5705.22
6074.82 5712.11
6075.25 5720.62
6075.75 5730.54
6076.36 5741.72
6086.79 5743.86
6098.20 5743.20
6110.20 5742.59
6121.35 5742.02
6132.70 5741.44
6144.08 5740.86
6155.87 5740.25
6167.35 5739.66
6178.53 5739.09
6190.43 5738.48
6202.49 5737.87
6214.05 5737.08
6225.50 5736.21
6237.04 5735.32
6248.43 5734.44
6260.76 5733.34
6272.59 5732.44
6285.04 5731.69
6296.37 5734.26
6307.61 5733.55
6319.39 5732.80
6327.54 5732.36
6332.61 5732.09
6333.49 5732.05
6333.51 5732.05
6333.51 5732.05
6333.51 5732.05
6333.51 5732.05
6333.51 5732.05
6333.51 5732.05
6335.85 5731.92
6339.67 5731.72
6345.43 5731.43
6353.12 5730.61
6362.37 5729.59
6373.43 5728.37
6385.13 5727.08
6396.40 5725.89
6407.58 5724.70
6418.86 5723.50
6430.50 5722.52
6442.93 5721.87
6454.35 5721.27
6466.10 5720.94
6477.62 5720.82
6489.97 5720.72
6502.26 5721.04
6514.65 5721.37
6526.88 5722.11
6538.07 5722.93
6549.45 5723.75
6560.87 5723.69
6572.74 5722.97
6583.48 5719.94
6594.88 5715.25
6604.59 5709.20
6615.35 5699.85
6619.61 5688.10
6623.84 5676.47
6626.86 5668.13
6628.95 5662.39
6629.58 5660.65
6629.92 5659.72
6630.53 5658.04
6631.54 5655.26
6631.83 5654.45
6631.83 5654.45
6631.86 5654.35
6632.61 5652.29
6633.24 5650.57
6633.38 5650.17
6633.40 5650.13
6633.41 5650.10
6633.41 5650.10
6633.41 5650.10
6633.41 5650.10
6633.41 5650.10
6633.41 5650.10
6633.41 5650.10
6633.41 5650.10
6633.41 5650.10
6633.41 5650.10
6633.41 5650.10
6633.41 5650.10
6633.41 5650.10
6633.41 5650.10
6633.41 5650.10
6633.41 5650.10
6633.41 5650.10
6633.41 5650.10
6633.41 5650.10
6633.41 5650.10
6633.41 5650.10
6633.41 5650.10
6633.41 5650.10
6633.41 5650.10
6633.41 5650.10
6633.41 5650.10
6633.41 5650.10
6633.41 5650.10
6633.41 5650.10
6633.41 5650.10
6633.41 5650.10
6633.41 5650.10
6633.41 5650.10
6633.41 5650.10
6633.41 5650.10
6633.41 5650.10
6634.49 5648.44
6635.56 5647.80
6635.86 5647.75
6635.91 5647.75
6635.92 5647.75
6635.92 5647.75
6635.92 5647.75
6637.89 5647.46
6642.62 5648.08
6648.88 5649.67
6656.52 5651.87
6666.47 5654.74
6678.45 5658.19
6692.84 5662.33
6707.11 5666.44
6720.68 5670.35
6734.97 5674.47
6748.75 5678.32
6762.56 5682.15
6776.10 5685.90
6789.50 5689.61
6804.07 5690.22
6818.52 5694.22
6832.64 5695.08
6845.70 5699.31
6858.93 5703.61
6871.96 5707.84
6885.33 5712.18
6899.39 5716.74
6912.41 5720.96
6925.85 5725.32
6939.78 5729.84
6953.52 5734.29
6966.62 5738.54
6980.26 5742.97
6993.93 5747.40
7007.09 5751.67
7021.20 5756.25
7034.25 5760.49
7047.36 5764.73
7059.69 5772.20
7072.70 5776.41
7086.23 5780.80
7099.30 5785.44
7110.96 5792.97
7123.13 5801.00
7135.21 5808.91
7146.65 5816.30
7158.51 5823.92
7169.47 5832.13
7180.56 5840.44
7192.36 5849.11
7203.45 5857.27
7214.85 5865.71
7226.92 5874.99
7241.75 5876.34
7256.21 5877.01
7270.30 5877.67
7284.50 5878.33
7299.34 5879.01
7313.02 5879.65
7327.60 5880.32
7341.30 5880.96
7355.83 5881.63
7368.56 5882.47
7380.93 5887.43
7389.65 5897.57
7393.91 5908.32
7397.04 5919.01
7400.01 5930.25
7402.13 5942.46
7404.12 5953.94
7406.13 5965.51
7408.06 5976.67
7410.08 5988.30
7412.21 6000.57
7414.18 6011.94
7416.23 6023.74
7417.51 6031.12
7418.02 6034.07
7418.02 6034.07
7418.02 6034.08
7418.02 6034.08
7418.02 6034.08
7418.02 6034.08
7418.02 6034.08
7418.02 6034.08
7418.02 6034.08
7418.02 6034.08
7418.02 6034.08
7418.02 6034.08
7414.78 6034.67
7414.83 6034.97
7414.86 6035.13
7414.86 6035.15
7414.86 6035.15
7414.86 6035.16
7414.86 6035.16
7414.86 6035.16
7414.86 6035.16
7414.86 6035.16
7415.06 6036.32
7415.58 6039.30
7419.74 6044.24
7424.25 6051.78
7425.76 6062.04
7427.15 6072.01
7428.54 6082.04
7430.13 6093.41
7431.66 6104.44
7433.59 6116.22
7436.08 6127.36
7438.57 6138.32
7441.13 6149.55
7443.67 6160.71
7446.15 6171.61
7448.69 6182.75
7451.44 6194.83
7453.98 6205.97
7457.98 6216.67
7468.71 6220.59
7477.72 6225.34
7488.36 6227.00
7499.77 6228.78
7511.80 6230.66
7523.80 6232.53
7535.58 6234.37
7547.80 6236.30
7559.59 6238.46
7570.91 6240.63
7582.20 6242.79
7594.11 6245.07
7604.60 6251.31
7615.10 6254.26
7621.28 6255.99
7623.37 6256.57
7623.39 6256.58
7623.39 6256.58
7623.39 6256.58
7623.39 6256.58
7623.39 6256.58
7623.39 6256.58
7623.39 6256.58
7623.39 6256.58
7623.39 6256.58
7623.39 6256.58
7623.39 6256.58
7623.39 6256.58
7623.39 6256.58
7623.39 6256.58
7623.39 6256.58
7623.39 6256.58
7623.39 6256.58
7623.39 6256.58
7623.39 6256.58
7623.39 6256.58
7623.39 6256.58
7623.39 6256.58
7623.39 6256.58
7623.39 6256.58
7625.87 6257.36
7630.18 6259.17
7635.43 6262.86
7642.72 6267.85
7652.41 6274.40
7662.40 6281.16
7672.52 6288.00
7681.79 6294.28
7690.52 6301.45
7699.14 6308.89
7707.65 6316.25
7716.19 6323.62
7725.17 6331.37
7734.27 6339.72
7743.01 6347.79
7751.31 6355.46
7760.53 6363.97
7769.29 6372.01
7778.61 6379.85
7787.99 6387.76
7797.34 6395.64
7806.26 6403.15
7816.05 6409.90
7824.15 6413.52
7828.98 6415.69
7830.39 6416.29
7831.03 6416.55
7831.36 6416.68
7831.37 6416.68
7831.37 6416.68
7832.75 6417.21
7835.75 6418.27
7840.51 6419.94
7847.18 6422.29
7850.96 6423.62
7857.16 6425.81
7865.39 6428.71
7875.25 6432.04
7886.54 6435.66
7898.12 6439.37
7909.47 6443.01
7920.83 6446.65
7932.63 6450.43
7944.27 6454.16
7955.92 6458.33
7966.22 6462.73
7976.50 6467.55
7986.89 6472.84
7995.96 6479.07
8005.66 6485.84
8015.13 6492.45
8024.83 6499.21
8034.76 6506.14
8044.22 6512.74
8054.07 6519.61
8063.46 6526.16
8072.55 6532.51
8077.96 6536.28
8078.50 6544.94
8077.74 6555.16
8081.26 6565.56
8087.30 6575.34
8095.51 6583.12
8105.11 6589.91
8114.24 6596.36
8123.23 6604.67
8133.43 6611.31
8144.11 6616.46
8155.27 6621.86
8166.02 6627.05
8173.09 6630.69
8176.58 6632.96
8175.73 6638.00
8167.50 6640.62
8157.15 6643.20
8146.20 6645.93
8134.92 6648.75
8123.83 6651.51
8111.59 6652.85
8099.49 6651.43
8087.48 6650.02
8076.89 6646.73
8065.63 6642.79
8054.84 6639.03
8043.73 6635.15
8032.84 6631.34
8021.70 6627.46
8010.86 6623.67
7999.45 6624.50
7988.30 6626.22
7976.32 6628.08
7964.16 6629.96
7956.06 6636.23
7953.39 6647.46
7950.55 6659.38
7947.81 6670.88
7951.09 6682.12
7956.83 6692.86
7962.42 6703.33
7968.13 6714.03
7967.32 6725.86
7966.26 6737.62
7965.21 6749.21
7964.20 6760.51
7957.08 6767.51
7946.88 6772.11
7936.66 6776.72
7925.83 6780.14
7913.90 6780.96
7902.50 6781.73
7890.72 6782.54
7880.04 6786.28
7869.52 6790.68
7859.25 6796.68
7854.79 6807.15
7851.96 6818.35
7856.59 6828.36
7860.24 6835.84
7862.67 6839.74
7867.08 6845.24
7875.88 6844.92
7887.29 6843.77
7899.02 6842.84
7909.95 6842.55
7920.31 6849.50
7929.22 6857.64
7934.59 6868.08
7945.85 6870.36
7956.94 6871.58
7968.38 6872.83
7980.52 6874.16
7992.88 6875.53
8004.31 6876.80
8015.70 6878.06
8027.57 6879.44
8039.05 6880.78
8050.21 6882.11
8062.48 6883.61
8073.97 6884.97
8085.51 6886.31
8097.57 6887.71
8109.54 6889.54
8121.74 6892.07
8133.09 6894.97
8144.21 6898.28
8155.16 6901.91
8166.18 6905.59
8177.48 6910.18
8188.05 6915.00
8198.84 6919.92
8210.04 6925.02
8220.63 6929.85
8232.00 6935.03
8242.85 6940.17
8253.17 6945.42
8263.83 6950.84
8274.85 6956.44
8285.09 6961.66
8296.16 6967.29
8306.27 6972.55
8315.73 6978.73
8325.22 6984.94
8334.67 6991.12
8344.13 6997.30
8354.37 7004.00
8364.85 7010.66
8375.84 7015.99
8386.66 7020.34
8398.27 7023.82
8409.49 7027.18
8421.46 7029.97
8433.73 7032.30
8445.33 7034.05
8456.69 7034.96
8468.15 7035.88
8480.23 7036.86
8492.04 7037.96
8503.62 7038.93
8515.63 7040.00
8527.64 7041.46
8539.64 7043.99
8550.49 7046.90
8561.93 7049.97
8573.84 7053.16
8585.16 7056.08
8596.88 7057.78
8608.88 7057.87
8620.80 7056.98
8632.09 7055.30
8643.85 7053.14
8656.06 7050.92
8667.26 7049.11
8679.33 7047.15
8691.64 7045.49
8703.12 7044.51
8714.61 7044.70
8727.20 7045.89
8739.44 7048.48
8751.21 7051.27
8762.06 7056.15
8772.54 7060.86
8782.52 7067.19
8792.15 7073.93
8800.36 7081.54
8809.20 7090.13
8817.17 7099.49
8824.74 7109.01
8832.09 7118.00
8840.21 7126.09
8848.88 7134.23
8858.35 7140.23
8868.24 7145.89
8878.80 7150.19
8889.63 7154.12
8900.24 7158.02
8911.51 7162.20
8922.34 7165.66
8933.74 7169.36
8944.98 7173.08
8956.64 7176.79
8968.39 7180.40
8979.53 7183.75
8991.33 7187.41
9001.89 7190.91
9012.51 7194.42
9024.31 7198.34
9036.16 7202.26
9047.36 7205.97
9058.12 7209.54
9069.89 7213.48
9081.36 7217.34
9092.50 7221.10
9103.25 7224.72
9114.45 7228.49
9125.66 7232.27
9136.29 7235.85
9148.03 7239.81
9159.53 7243.68
9170.84 7247.49
9182.09 7251.28
9193.42 7255.10
9205.12 7259.04
9216.37 7262.83
9227.50 7266.58
9239.03 7270.47
9249.65 7274.04
9261.22 7277.94
9272.54 7281.76
9283.20 7285.35
9293.74 7288.90
9305.41 7292.83
9316.17 7296.46
9327.01 7300.11
9338.41 7303.95
9350.09 7307.88
9361.80 7311.83
9372.78 7315.53
9384.10 7319.22
9394.76 7322.63
9405.72 7326.11
9416.91 7329.61
9427.92 7333.21
9439.45 7336.74
9451.17 7340.29
9462.54 7343.92
9473.67 7347.49
9485.58 7351.37
9496.27 7354.98
9508.10 7358.98
9518.69 7362.57
9529.74 7366.31
9540.67 7370.02
9551.88 7373.81
9563.42 7377.72
9574.00 7381.31
9585.47 7385.19
9597.18 7389.16
9608.16 7392.88
9618.72 7396.46
9630.25 7400.36
9640.93 7403.98
9652.65 7407.95
9664.15 7411.85
9675.67 7415.75
9686.60 7419.45
9698.28 7423.40
9708.83 7426.98
9716.26 7429.50
9720.67 7430.99
