4117.29 11262.48
4117.60 11261.14
4121.61 11258.42
4122.96 11252.51
4128.08 11244.88
4130.43 11234.61
4130.30 11221.81
4127.08 11207.41
4123.57 11191.73
4119.62 11175.79
4115.46 11159.21
4111.39 11142.95
4107.79 11128.58
4094.45 11120.52
4085.05 11119.12
4077.25 11113.49
4071.05 11104.07
4070.06 11094.84
4073.30 11086.54
4076.30 11081.27
4082.81 11076.54
4092.00 11071.27
4103.50 11069.06
4115.25 11077.13
4124.11 11082.45
4136.83 11080.55
4151.32 11078.38
4164.65 11076.37
4178.95 11074.22
4192.41 11072.20
4206.37 11070.89
4220.27 11069.63
4234.18 11068.37
4248.16 11067.10
4261.97 11065.84
4275.99 11065.28
4290.03 11069.00
4303.45 11072.56
4316.77 11076.10
4330.12 11079.64
4343.80 11083.27
4356.91 11086.74
4370.55 11090.36
4384.32 11094.02
4397.31 11097.46
4411.02 11101.10
4424.89 11104.78
4438.40 11108.37
4452.41 11112.08
4465.70 11114.50
4479.30 11116.98
4493.21 11119.51
4506.95 11122.00
4520.98 11124.55
4534.68 11126.26
4548.57 11125.32
4562.85 11124.36
4576.87 11123.41
4590.77 11122.47
4604.70 11121.53
4618.36 11120.61
4631.85 11119.70
4645.18 11117.34
4659.22 11113.51
4672.62 11109.86
4685.70 11106.29
4699.06 11102.65
4712.08 11099.10
4725.49 11095.45
4738.08 11090.48
4750.81 11084.51
4764.07 11078.28
4777.11 11072.16
4789.61 11066.29
4802.23 11060.37
4814.57 11054.57
4827.43 11048.53
4840.02 11042.62
4852.87 11036.59
4865.19 11030.80
4877.91 11024.83
4890.34 11018.99
4902.79 11013.15
4915.61 11007.13
4927.89 11001.36
4940.93 10995.24
4953.57 10989.30
4966.54 10983.22
4979.75 10977.01
4992.92 10970.82
5006.06 10964.66
5019.08 10958.54
5032.36 10952.31
5045.64 10946.07
5058.18 10940.18
5070.35 10934.47
5083.23 10928.42
5096.33 10922.65
5109.92 10917.31
5122.99 10912.17
5135.61 10907.21
5148.50 10902.14
5161.67 10896.96
5174.18 10892.05
5187.06 10888.75
5201.41 10887.85
5215.88 10886.95
5229.72 10886.09
5238.75 10882.97
5244.85 10872.97
5255.01 10865.90
5267.45 10864.11
5278.94 10866.42
5290.02 10862.01
5302.15 10856.26
5315.05 10850.13
5325.17 10840.64
5333.61 10829.92
5342.21 10818.41
5350.53 10806.81
5358.15 10795.43
5364.85 10783.44
5371.50 10771.04
5377.41 10757.64
5382.49 10744.97
5387.19 10732.41
5392.24 10718.89
5397.21 10705.59
5402.02 10692.72
5406.92 10679.61
5411.95 10666.15
5417.09 10652.41
5422.00 10639.28
5426.85 10626.30
5431.79 10613.07
5436.82 10599.63
5441.66 10586.66
5446.65 10573.33
5451.72 10559.76
5456.75 10546.09
5461.45 10533.14
5466.37 10519.56
5471.00 10506.90
5475.93 10493.45
5480.84 10480.08
5485.70 10466.81
5490.37 10454.09
5495.31 10440.61
5500.03 10427.75
5505.08 10413.98
5509.86 10400.92
5514.68 10387.80
5519.32 10375.13
5524.18 10361.88
5528.85 10349.15
5533.82 10335.59
5538.70 10322.28
5543.39 10309.51
5548.53 10295.75
5553.70 10282.25
5558.55 10269.58
5563.73 10256.05
5568.96 10242.39
5573.76 10229.86
5578.92 10216.39
5584.05 10202.99
5588.95 10190.21
5593.78 10177.58
5598.73 10164.63
5603.84 10151.23
5608.70 10138.49
5613.80 10125.14
5618.58 10112.60
5623.82 10098.87
5628.78 10085.89
5633.88 10072.51
5638.81 10059.58
5643.75 10046.66
5648.58 10034.00
5653.77 10020.38
5658.94 10006.80
5663.73 9993.86
5668.49 9980.99
5673.37 9967.80
5678.08 9955.06
5683.13 9941.41
5688.01 9928.12
5692.87 9914.70
5697.55 9901.79
5702.28 9888.75
5707.06 9875.55
5711.95 9862.06
5716.92 9848.35
5721.61 9835.41
5726.46 9822.01
5731.15 9809.08
5735.75 9796.40
5740.52 9783.24
5745.20 9770.30
5749.89 9757.55
5754.98 9743.79
5759.85 9730.65
5764.58 9717.87
5769.38 9704.93
5774.40 9691.35
5779.16 9678.52
5784.20 9664.91
5788.99 9651.97
5793.94 9638.60
5798.64 9625.93
5803.71 9612.22
5808.65 9598.90
5813.70 9585.26
5818.48 9572.35
5823.15 9559.74
5827.95 9546.79
5832.94 9533.32
5837.98 9519.72
5842.66 9507.08
5847.49 9493.65
5852.18 9480.37
5856.64 9467.72
5861.43 9454.13
5866.16 9440.73
5870.69 9427.89
5875.39 9414.57
5879.94 9401.69
5884.67 9388.27
5889.14 9375.61
5893.66 9362.79
5898.22 9349.86
5902.80 9336.89
5905.93 9328.01
5907.86 9322.52
5908.70 9320.14
5908.93 9319.49
5908.95 9319.44
5908.96 9319.43
5908.96 9319.42
5908.96 9319.42
5908.96 9319.42
5908.96 9319.42
5908.96 9319.42
5908.96 9319.42
5908.96 9319.42
5908.96 9319.42
5908.96 9319.42
5908.96 9319.42
5908.96 9319.42
5908.96 9319.42
5908.96 9319.42
5908.96 9319.42
5908.96 9319.42
5908.96 9319.42
5908.96 9319.42
5908.96 9319.42
5908.96 9319.42
5908.96 9319.42
5908.96 9319.42
5908.96 9319.42
5908.96 9319.42
5908.96 9319.42
5908.96 9319.42
5908.96 9319.42
5908.96 9319.42
5908.96 9319.42
5908.96 9319.42
5908.96 9319.42
5908.96 9319.42
5908.96 9319.42
5908.96 9319.42
5908.96 9319.42
5908.96 9319.42
5908.96 9319.42
5908.96 9319.42
5908.96 9319.42
5908.96 9319.42
5908.96 9319.42
5908.96 9319.42
5908.96 9319.42
5908.96 9319.42
5909.62 9317.59
5911.20 9313.40
5913.29 9307.84
5916.00 9300.76
5919.50 9291.89
5923.59 9281.51
5927.84 9269.80
5932.49 9256.39
5937.06 9243.36
5941.89 9229.65
5946.54 9216.46
5954.03 9205.12
5958.52 9192.36
5963.21 9179.05
5967.84 9165.89
5972.54 9152.55
5977.36 9138.85
5981.47 9124.93
5985.02 9111.72
5989.44 9099.07
5994.38 9086.17
6001.81 9074.65
6009.40 9063.18
6017.31 9052.00
6025.46 9040.22
6033.79 9028.16
6042.20 9016.93
6050.62 9005.78
6059.43 8994.11
6068.31 8983.24
6077.92 8972.45
6086.93 8962.35
6094.41 8953.96
6099.21 8948.57
6101.70 8945.78
6102.14 8945.29
6102.31 8945.09
6102.40 8945.00
6102.45 8944.94
6102.46 8944.93
6102.46 8944.93
6102.46 8944.93
6102.46 8944.93
6102.46 8944.93
6102.46 8944.93
6102.46 8944.93
6103.38 8943.90
6105.05 8942.03
6107.79 8938.95
6109.51 8937.09
6109.88 8936.71
6110.21 8936.37
6110.23 8936.35
6110.24 8936.34
6110.25 8936.33
6110.25 8936.33
6110.25 8936.33
6111.49 8935.06
6114.29 8932.17
6118.79 8928.07
6124.95 8922.76
6132.37 8916.90
6141.19 8910.54
6151.77 8903.05
6163.64 8894.79
6175.65 8887.54
6187.47 8881.37
6199.60 8872.93
6213.29 8869.28
6226.62 8865.82
6240.37 8863.58
6254.60 8861.34
6268.84 8859.95
6282.88 8858.58
6296.96 8857.22
6310.70 8856.22
6324.50 8855.21
6339.08 8854.15
6353.71 8853.08
6368.16 8851.75
6381.72 8850.50
6394.84 8847.65
6408.29 8843.39
6421.23 8837.33
6433.01 8829.76
6444.11 8822.09
6454.82 8813.83
6466.05 8804.66
6477.69 8795.80
6488.75 8787.39
6500.84 8780.74
6513.26 8774.19
6525.45 8767.76
6538.60 8761.84
6551.90 8756.27
6564.35 8750.23
6576.01 8743.54
6587.46 8735.82
6596.84 8725.55
6604.74 8714.03
6609.20 8701.21
6612.42 8687.57
6614.44 8673.62
6618.44 8660.36
6624.48 8647.55
6631.78 8635.55
6641.66 8625.81
6652.69 8616.30
6663.56 8607.30
6673.34 8597.30
6682.79 8586.18
6689.10 8573.11
6694.66 8560.44
6697.62 8547.28
6700.56 8533.46
6703.68 8519.59
6706.25 8506.45
6708.39 8492.22
6710.43 8478.62
6701.99 8475.87
6690.10 8478.39
6679.09 8482.31
6668.37 8487.72
6658.72 8493.32
6649.32 8500.25
6640.10 8507.47
6632.22 8515.34
6626.26 8521.30
6623.04 8523.68
6616.93 8522.38
6610.71 8517.05
6602.93 8510.28
6594.18 8502.66
6585.19 8495.05
6576.60 8487.83
6567.85 8480.47
6559.17 8473.17
6549.96 8465.42
6540.81 8457.73
6531.86 8450.20
6523.43 8443.11
6514.66 8435.73
6503.97 8430.84
6492.10 8429.80
6482.77 8428.99
6476.86 8428.35
6472.49 8423.65
6473.10 8413.75
6474.52 8402.27
6475.91 8391.03
6476.74 8384.25
6478.85 8376.16
6481.50 8372.20
6482.29 8370.77
6482.44 8370.46
