3298.06 1996.17
3299.51 1996.61
3303.53 1997.85
3309.32 1999.64
3317.31 2002.10
3326.62 2004.98
3337.99 2008.48
3349.96 2015.62
3364.62 2020.15
3381.56 2025.37
3399.09 2030.78
3416.24 2036.20
3433.61 2042.39
3451.29 2048.69
3466.61 2050.71
3477.20 2042.90
3489.61 2044.31
3495.66 2055.57
3506.72 2061.62
3519.42 2065.62
3531.34 2069.38
3544.32 2073.47
3556.21 2077.21
3567.54 2084.24
3579.62 2087.96
3591.72 2091.73
3604.52 2095.72
3617.49 2099.76
3630.47 2103.80
3643.03 2107.71
3655.34 2111.60
3665.76 2114.92
3677.03 2118.51
3688.48 2122.17
3698.95 2125.50
3710.64 2129.27
3719.00 2131.90
3724.11 2133.51
3730.45 2135.51
3735.37 2137.05
3739.52 2138.36
3746.05 2140.42
3754.48 2143.07
3764.74 2146.29
3777.45 2150.29
3789.21 2153.99
3801.48 2157.86
3813.64 2161.68
3825.82 2165.51
3833.71 2168.00
3841.99 2170.60
3849.10 2172.84
3857.51 2175.49
3867.12 2178.52
3873.82 2180.63
3880.25 2182.65
3888.13 2185.13
3890.95 2186.99
3891.62 2192.26
3891.95 2199.32
3893.31 2207.99
3897.68 2217.87
3903.19 2228.75
3910.38 2240.74
3916.63 2251.49
3921.98 2260.91
3926.47 2268.96
3929.07 2273.68
3932.43 2280.21
3935.88 2289.47
3939.34 2300.22
3943.45 2312.98
3948.16 2327.63
3953.61 2344.54
3959.31 2362.25
3964.95 2379.76
3970.81 2397.98
3976.33 2415.13
3982.19 2433.33
3987.80 2450.88
3992.77 2468.12
3997.81 2485.59
4002.36 2501.38
4007.01 2517.52
4011.39 2532.97
4014.52 2549.51
4017.65 2566.08
4020.72 2582.32
4023.99 2599.60
4026.97 2615.26
4030.24 2632.42
4033.15 2647.67
4036.27 2664.07
4039.31 2680.04
4042.33 2695.88
4045.44 2712.24
4048.19 2729.16
4050.72 2745.56
4053.25 2761.89
4055.89 2778.98
4058.51 2795.87
4059.74 2811.39
4059.75 2828.21
4059.76 2844.22
4061.68 2862.39
4063.29 2882.21
4064.91 2903.67
4066.68 2927.09
4065.23 2952.52
4067.09 2977.25
4068.75 3002.96
4070.11 3029.71
4071.58 3059.17
4071.89 3089.54
4072.22 3121.14
4072.54 3152.56
4072.53 3181.52
4072.37 3207.65
4072.20 3233.68
4072.03 3260.09
4071.20 3287.58
4070.18 3314.25
4069.09 3342.85
4067.99 3371.34
4066.96 3398.31
4065.86 3427.03
4064.77 3455.62
4063.62 3485.63
4062.47 3515.73
4061.27 3546.99
4060.11 3577.33
4061.85 3604.17
4060.27 3628.72
4058.96 3649.17
4057.62 3670.16
4056.76 3688.15
4057.39 3706.64
4058.02 3725.05
4058.10 3742.96
4057.65 3761.28
4057.21 3779.18
4056.74 3798.09
4055.76 3817.11
4054.70 3834.45
4053.68 3851.12
4055.07 3869.11
4057.55 3886.78
4060.04 3905.47
4062.94 3923.97
4067.43 3942.65
4074.53 3960.22
4082.99 3976.11
4095.82 3989.11
4111.75 3998.25
4128.83 4004.14
4147.26 4005.22
4165.75 4004.30
4184.56 4002.34
4203.22 3999.28
4221.08 3995.19
4239.35 3990.74
4256.27 3984.46
4271.36 3974.48
4286.30 3963.78
4300.69 3952.80
4315.96 3941.15
4330.11 3929.48
4344.47 3917.62
4359.13 3905.52
4373.75 3893.45
4387.83 3881.82
4402.44 3870.50
4417.29 3859.21
4433.40 3846.96
4451.06 3833.53
4470.34 3818.86
4491.55 3803.13
4515.51 3789.72
4540.09 3771.81
4566.55 3753.98
4594.41 3735.22
4618.92 3719.56
4643.44 3704.02
4670.26 3687.35
4693.83 3673.56
4719.11 3658.77
4746.21 3643.36
4775.34 3627.75
4801.23 3613.87
4829.64 3599.62
4859.83 3584.68
4886.84 3571.69
4916.28 3558.32
4947.33 3544.22
4979.22 3531.08
5007.00 3519.79
5036.84 3507.99
5068.30 3496.01
5095.79 3486.29
5125.44 3475.81
5151.62 3467.26
5180.47 3458.21
5211.73 3448.67
5240.02 3440.04
5269.92 3431.92
5297.80 3424.53
5328.21 3416.94
5361.09 3409.37
5395.14 3401.65
5429.31 3394.91
5462.57 3388.49
5495.26 3382.80
5526.77 3377.50
5560.09 3372.68
5594.20 3367.70
5627.19 3362.93
5662.50 3357.90
5694.81 3354.01
5729.78 3349.80
5763.50 3345.73
5795.49 3341.88
5827.34 3338.04
5860.53 3334.04
5891.10 3330.36
5922.66 3326.56
5954.96 3322.52
5987.04 3318.31
6018.47 3314.09
6050.83 3306.08
6081.91 3301.64
6108.91 3297.70
6131.86 3294.09
6150.38 3291.10
6168.78 3287.73
6186.57 3283.84
6204.37 3279.66
6222.99 3275.29
6240.73 3271.12
6259.21 3266.78
6276.94 3262.62
6295.29 3258.28
6313.03 3254.09
6330.90 3249.87
6349.60 3245.46
6367.43 3240.28
6385.78 3234.94
6404.23 3229.72
6421.52 3224.83
6439.40 3219.78
6457.87 3214.56
6475.13 3209.67
6492.85 3204.66
6510.61 3199.64
6528.87 3194.48
6546.93 3189.13
6564.98 3182.91
6582.38 3176.92
6600.33 3170.73
6615.27 3165.59
6628.33 3161.09
6638.25 3157.67
6643.99 3155.69
6652.19 3152.84
6662.39 3149.20
6674.32 3144.77
6688.15 3139.64
6703.40 3133.97
6720.40 3127.66
6738.05 3121.09
6750.42 3109.07
6766.90 3101.58
6783.86 3093.88
6799.84 3085.81
6815.89 3077.21
6828.25 3063.24
6836.84 3046.79
6840.67 3029.16
6840.05 3010.73
6834.89 2993.13
6826.68 2977.15
6814.27 2963.72
6798.39 2953.24
6781.33 2947.64
6762.77 2946.05
6744.10 2949.11
6727.16 2956.18
6712.34 2967.95
6702.01 2982.63
6693.98 2999.98
6691.06 3018.69
6692.03 3037.35
6694.66 3055.27
6698.70 3073.71
6702.55 3091.26
6706.38 3108.74
6710.72 3127.32
6715.84 3144.82
6721.10 3162.73
6726.33 3180.59
6731.62 3198.65
6736.96 3216.84
6741.96 3234.72
6746.47 3252.37
6752.43 3270.02
6760.02 3288.95
6767.81 3307.79
6776.63 3327.66
6788.09 3347.97
6797.66 3371.71
6811.91 3396.70
6828.01 3422.38
6847.11 3447.48
6867.86 3475.08
6887.26 3501.73
6904.55 3525.42
6920.93 3546.91
6935.43 3564.54
6947.22 3578.57
6959.26 3592.85
6971.97 3606.96
6984.18 3620.07
6996.45 3634.51
7008.41 3648.60
7021.13 3661.80
7035.06 3673.28
7052.08 3681.89
7069.60 3685.70
7088.72 3685.09
7107.24 3680.37
7123.03 3671.97
7136.73 3660.55
7148.70 3645.94
7156.02 3629.29
7162.29 3611.75
7165.06 3594.03
7165.64 3576.75
7163.06 3560.24
7158.57 3544.27
7150.25 3528.28
7136.66 3516.92
7122.99 3506.57
7108.50 3497.66
7095.53 3490.13
7080.62 3482.18
7067.60 3475.23
7058.88 3462.41
7050.51 3450.01
7040.74 3435.55
7034.06 3420.41
7047.28 3412.41
7060.68 3403.75
7073.67 3396.23
7084.82 3390.22
7096.00 3384.20
7105.53 3375.31
7118.01 3368.59
7132.27 3360.91
7146.19 3353.41
7159.84 3346.06
7173.94 3338.46
7188.42 3330.65
7202.64 3323.00
7216.53 3315.51
7230.41 3308.03
7243.95 3300.74
7258.15 3293.09
7272.56 3285.32
7285.66 3278.27
7290.78 3268.78
7296.74 3255.73
7307.32 3247.60
7321.32 3245.22
7334.70 3250.56
7344.00 3247.10
7355.18 3236.16
7365.78 3224.09
7376.12 3211.65
7386.01 3199.73
7396.50 3188.23
7406.80 3177.06
7417.47 3165.30
7428.48 3153.22
7439.83 3141.73
7451.39 3131.40
7462.46 3120.92
7474.96 3110.43
7487.05 3099.90
7500.70 3092.27
7512.33 3085.63
7512.08 3072.89
7518.18 3059.94
7530.29 3052.71
7543.65 3052.63
7556.08 3053.75
7567.58 3044.62
7580.24 3035.72
7593.04 3027.02
7605.74 3016.94
7618.35 3006.72
7630.42 2996.54
7642.65 2986.10
7653.88 2975.63
7665.91 2964.41
7676.53 2953.30
7687.03 2941.75
7697.51 2930.11
7708.22 2917.74
7718.53 2905.84
7728.49 2893.61
7738.07 2881.63
7747.68 2869.74
7757.92 2857.47
7768.40 2845.18
7778.53 2833.33
7788.50 2821.67
7799.04 2810.33
7809.48 2799.23
7820.40 2787.91
7831.85 2776.64
7842.98 2765.69
7854.81 2755.39
7867.44 2744.86
7879.93 2734.46
7891.97 2725.14
7904.81 2715.85
7918.18 2706.17
7930.75 2697.33
7944.05 2688.97
7957.58 2680.47
7970.92 2672.09
7984.63 2663.47
7998.23 2654.92
8011.95 2646.30
8025.49 2637.62
8039.22 2628.53
8052.73 2619.58
8065.91 2610.43
8078.29 2601.52
8090.60 2592.65
8103.79 2583.16
8116.86 2573.75
8129.47 2564.67
8142.34 2555.40
8155.51 2546.00
8168.24 2537.64
8181.92 2528.90
8195.70 2520.10
8209.18 2511.49
8218.75 2501.28
8222.99 2488.31
8234.00 2481.41
8244.67 2474.72
8256.04 2467.59
8266.76 2460.87
8278.19 2453.84
8289.18 2447.64
8301.49 2442.85
8313.77 2443.53
8326.66 2446.00
8339.61 2448.49
8351.92 2450.86
8365.29 2452.57
8378.61 2454.11
8391.64 2455.62
8404.39 2456.81
8417.07 2456.73
8430.71 2456.65
8442.49 2456.50
8445.96 2450.54
8446.67 2446.49
8448.53 2441.42
8455.75 2439.30
8466.16 2439.92
8477.95 2440.63
8491.14 2440.51
8503.78 2437.27
8515.43 2431.01
8525.94 2424.56
8522.80 2411.20
8526.14 2395.72
8533.22 2381.41
8541.90 2367.36
8550.47 2353.49
8559.67 2340.47
8569.93 2328.81
8581.12 2316.44
8591.30 2304.97
8599.93 2292.39
8606.06 2278.29
8612.08 2264.43
8618.45 2249.76
8624.33 2234.48
8627.93 2219.58
8630.61 2204.59
8633.07 2189.37
8635.59 2173.73
8638.18 2157.70
8640.80 2141.69
8643.98 2126.20
8647.62 2110.13
8651.22 2094.38
8654.95 2078.54
8658.63 2062.91
8661.88 2047.94
8665.25 2031.96
8671.19 2017.12
8673.52 2001.24
8674.80 1985.80
8675.85 1970.02
8676.87 1954.56
8677.94 1938.44
8680.22 1922.56
8683.29 1906.68
8686.36 1890.77
8688.30 1874.39
8688.82 1857.61
8686.77 1841.72
8684.77 1826.13
8682.41 1810.15
8679.64 1793.89
8677.07 1778.82
8674.19 1763.29
8670.10 1747.70
8664.95 1732.75
8658.28 1718.64
8649.81 1705.18
8639.55 1692.39
8628.89 1681.26
8618.84 1670.78
8611.93 1663.57
8607.89 1658.62
8607.51 1651.21
8615.32 1644.33
8625.96 1636.91
8636.52 1629.15
8646.47 1620.89
8655.89 1611.93
8664.71 1602.38
8672.66 1592.37
8679.20 1578.82
8687.22 1568.71
8695.29 1558.55
8703.98 1548.08
8712.35 1537.84
8720.53 1527.48
8728.67 1517.18
8735.62 1506.90
8739.57 1494.14
8741.68 1480.63
8743.43 1467.44
8745.14 1454.47
8746.92 1441.01
8748.68 1427.66
8750.44 1414.37
8752.12 1401.67
8753.76 1389.24
8755.44 1376.50
8757.17 1363.42
8758.97 1349.83
8760.64 1337.14
8762.34 1324.30
8764.07 1311.21
8765.71 1298.77
8767.34 1286.43
8769.11 1273.10
8770.82 1260.13
8772.58 1246.78
8774.36 1233.36
8776.00 1220.93
8777.66 1208.38
8779.39 1195.30
8781.08 1182.48
8782.73 1170.01
8784.51 1156.56
8786.53 1144.07
8790.85 1132.33
8799.39 1121.79
8809.89 1113.65
8820.14 1106.26
8831.24 1098.26
8841.70 1090.72
8852.04 1083.27
8862.24 1075.69
8872.12 1067.23
8881.78 1058.97
8891.42 1050.72
8901.06 1041.62
8910.28 1032.40
8919.40 1023.26
8928.32 1014.34
8937.43 1005.78
8948.38 1000.22
8961.87 1000.77
8974.62 1003.90
8987.77 1007.14
9001.01 1010.40
9014.22 1013.65
9026.53 1016.68
9038.92 1019.73
9051.56 1022.84
9064.91 1026.13
9078.00 1029.35
9090.06 1032.32
9101.96 1035.25
9110.35 1037.08
9114.43 1036.48
9115.37 1036.34
9116.09 1036.23
9116.19 1036.22
9116.20 1036.22
9116.20 1036.22
9116.20 1036.22
9116.20 1036.22
9116.20 1036.22
9116.20 1036.22
9116.20 1036.22
9116.20 1036.22
9116.20 1036.22
9116.20 1036.22
9116.20 1036.22
9116.20 1036.22
9116.20 1036.22
9116.20 1036.22
9116.20 1036.22
9116.20 1036.22
9116.20 1036.22
9116.20 1036.22
9116.20 1036.22
9116.20 1036.22
9116.20 1036.22
9116.20 1036.22
9116.20 1036.22
9116.20 1036.22
9116.20 1036.22
9116.20 1036.22
9116.20 1036.22
9118.71 1035.43
9117.98 1031.19
9114.70 1025.83
9110.06 1018.17
9104.46 1008.70
9097.77 997.38
9089.52 984.51
9080.52 971.45
9069.73 958.98
9057.85 948.08
9045.38 937.63
9032.66 927.84
9019.64 918.08
9007.40 908.99
8994.74 899.62
8982.80 890.09
8970.81 879.98
8958.81 868.93
8946.77 857.85
8935.41 846.61
8924.03 834.97
8914.04 823.53
8903.82 811.03
8894.08 799.12
8884.43 787.33
8872.65 777.35
8859.39 768.98
8845.12 762.62
8830.45 757.38
8815.63 752.09
8801.28 746.96
8788.13 739.09
8775.61 730.30
8763.89 719.55
8754.45 707.26
8745.59 694.93
8737.75 681.56
8729.61 667.68
8721.53 653.92
8713.35 639.98
8705.10 625.93
8698.04 611.79
8693.38 597.25
8690.70 581.66
8690.19 565.57
8689.69 549.82
8689.20 534.21
8688.72 518.90
8688.21 502.84
8687.71 486.98
8686.29 471.67
8680.87 456.57
8673.79 443.10
8665.96 428.78
8658.47 415.07
8651.11 401.61
8643.49 387.68
8635.68 373.40
8628.15 359.62
8620.28 345.23
8612.99 331.90
8605.53 318.26
8598.23 304.90
8590.81 291.34
8583.75 276.90
8577.24 263.15
8570.38 248.28
8566.89 236.40
8564.60 228.61
8563.67 224.82
8563.36 222.90
