10025.89 10679.23
10024.67 10678.27
10021.81 10676.00
10017.24 10672.38
10011.65 10667.65
10004.48 10661.23
9995.43 10653.12
9986.39 10644.92
9977.68 10636.56
9969.77 10628.63
9961.65 10620.49
9953.47 10612.29
9945.65 10604.46
9937.59 10595.76
9930.06 10586.50
9922.58 10577.32
9915.32 10568.39
9907.67 10558.99
9900.45 10550.11
9893.22 10541.23
9886.57 10532.25
9880.11 10522.83
9873.84 10513.69
9867.18 10503.97
9860.81 10494.70
9854.53 10485.54
9847.95 10475.96
9841.54 10466.61
9835.25 10457.44
9828.44 10447.51
9821.63 10437.59
9814.88 10428.87
9807.39 10419.70
9800.26 10411.04
9792.36 10402.51
9784.84 10394.40
9776.33 10385.89
9768.09 10378.39
9759.15 10370.24
9750.06 10362.30
9740.59 10355.15
9731.29 10348.37
9721.68 10341.49
9711.40 10335.05
9701.91 10329.20
9691.60 10323.35
9681.21 10317.88
9670.66 10312.91
9660.40 10308.52
9650.10 10304.11
9639.08 10299.39
9627.70 10294.98
9617.24 10291.35
9606.88 10287.76
9595.39 10283.77
9584.38 10280.09
9573.73 10277.10
9562.28 10273.92
9550.54 10270.84
9539.21 10267.86
9527.71 10264.84
9516.64 10261.93
9505.46 10259.00
9493.80 10255.93
9482.43 10252.99
9470.61 10249.95
9458.93 10246.94
9448.21 10244.19
9436.54 10241.19
9425.68 10238.40
9414.89 10235.62
9404.20 10232.87
9392.55 10229.87
9381.64 10227.07
9370.52 10224.21
9359.72 10221.40
9348.22 10218.40
9336.49 10215.34
9324.88 10212.30
9313.25 10209.27
9301.69 10206.25
9290.68 10203.38
9279.71 10200.51
9268.66 10197.63
9257.33 10194.67
9246.69 10191.89
9235.85 10189.06
9224.10 10185.99
9213.09 10183.12
9201.86 10180.18
9190.74 10177.28
9179.39 10174.32
9168.10 10171.37
9156.84 10168.56
9146.10 10165.91
9135.44 10163.20
9124.10 10160.35
9113.18 10157.61
9101.92 10154.79
9090.72 10151.91
9078.94 10148.55
9067.64 10145.04
9057.04 10141.40
9046.24 10137.70
9035.14 10133.24
9024.01 10128.48
9013.36 10123.54
9002.80 10118.13
8992.12 10112.65
8982.09 10107.51
8971.38 10102.02
8960.68 10096.54
8950.62 10090.59
8941.09 10084.48
8931.18 10077.96
8921.37 10070.81
8912.35 10064.23
8902.94 10056.92
8893.97 10049.66
8885.08 10042.41
8876.52 10035.21
8868.08 10028.10
8859.08 10020.52
8850.05 10012.91
8841.37 10005.61
8832.61 9998.23
8823.27 9990.36
8813.95 9982.52
8805.17 9975.12
8795.81 9966.87
8787.30 9958.52
8778.34 9951.07
8768.89 9943.70
8759.34 9936.41
8752.02 9927.19
8742.94 9920.76
8733.80 9914.47
8724.46 9908.51
8714.83 9902.37
8705.15 9896.63
8695.50 9890.91
8685.26 9885.08
8674.56 9879.16
8663.92 9873.27
8653.91 9867.72
8643.49 9861.95
8633.37 9856.35
8623.52 9850.88
8612.88 9844.79
8602.84 9839.03
8592.35 9833.02
8581.95 9827.06
8571.31 9820.97
8561.07 9815.10
8550.78 9809.20
8540.97 9802.94
8532.82 9797.70
8525.06 9788.78
8515.38 9782.56
8505.30 9776.08
8495.71 9769.71
8485.96 9762.85
8476.12 9755.93
8466.60 9749.22
8456.79 9742.06
8447.43 9734.90
8437.78 9727.52
8429.03 9720.82
8420.09 9713.44
8411.41 9705.69
8402.52 9697.76
8393.51 9689.72
8384.64 9681.81
8376.38 9674.33
8368.12 9666.67
8359.40 9658.60
8351.52 9651.29
8346.61 9646.74
8345.00 9645.25
8344.34 9644.64
8344.31 9644.61
8344.28 9644.59
8344.28 9644.58
8344.27 9644.58
8344.27 9644.58
8344.27 9644.58
8344.27 9644.58
8344.27 9644.58
8344.27 9644.58
8344.27 9644.58
8344.27 9644.58
8344.27 9644.58
8344.27 9644.58
8344.27 9644.58
8344.27 9644.58
8344.27 9644.58
8344.27 9644.58
8344.27 9644.58
8344.27 9644.58
8344.27 9644.58
8344.27 9644.58
8344.27 9644.58
8344.27 9644.58
8344.27 9644.58
8344.27 9644.58
8344.27 9644.58
8344.27 9644.58
8344.27 9644.58
8344.27 9644.58
8344.27 9644.58
8344.27 9644.58
8344.27 9644.58
8344.27 9644.58
8344.27 9644.58
8344.27 9644.58
8344.27 9644.58
8344.27 9644.58
8344.27 9644.58
8344.27 9644.58
8344.27 9644.58
8343.23 9643.42
8341.67 9640.94
8341.69 9640.05
8341.73 9637.69
8344.09 9633.42
8349.07 9628.16
8351.33 9619.83
8347.43 9609.91
8338.44 9601.84
8330.06 9594.30
8321.84 9586.91
8313.02 9578.99
8304.26 9571.11
8295.30 9563.05
8286.44 9555.09
8277.34 9546.91
8268.42 9538.89
8260.04 9531.36
8252.24 9522.59
8244.20 9513.43
8236.46 9504.62
8228.58 9495.63
8222.12 9486.35
8215.93 9476.89
8209.33 9466.81
8202.68 9456.66
8196.19 9446.74
8189.28 9436.85
8181.26 9428.24
8173.59 9420.04
8167.29 9413.58
8163.81 9409.81
8160.24 9405.94
8156.57 9402.16
8151.75 9397.10
8145.76 9390.72
8138.04 9382.42
8130.10 9373.89
8120.76 9366.18
8111.61 9359.37
8101.98 9352.20
8092.84 9345.39
8083.28 9338.27
8072.83 9331.90
8062.34 9325.58
8052.64 9319.74
8042.40 9313.57
8032.10 9307.36
8021.63 9301.05
8011.36 9294.86
8000.85 9288.52
7990.52 9282.29
7980.91 9276.50
7971.37 9270.75
7962.00 9264.48
7953.08 9257.44
7944.08 9250.34
7935.02 9243.19
7925.48 9235.66
7916.48 9227.88
7907.80 9220.35
7902.45 9214.89
7900.07 9212.11
7900.03 9212.05
7900.01 9212.03
7900.01 9212.03
7900.01 9212.03
7900.01 9212.03
7900.01 9212.03
7900.01 9212.03
7900.01 9212.03
7900.01 9212.03
7900.01 9212.03
7900.01 9212.03
7900.01 9212.03
7900.01 9212.03
7900.01 9212.03
7900.01 9212.03
7900.01 9212.03
7900.01 9212.03
7900.01 9212.03
7900.01 9212.03
7898.91 9210.75
7896.87 9208.36
7893.33 9204.20
7888.93 9199.02
7883.21 9192.36
7876.26 9183.44
7869.69 9173.90
7863.20 9164.48
7856.60 9154.91
7850.15 9145.55
7843.56 9135.99
7836.80 9126.18
7830.40 9116.89
7822.21 9108.30
7812.42 9101.24
7802.91 9094.36
7793.75 9087.48
7784.42 9079.59
7776.19 9071.10
7770.44 9061.48
7764.65 9051.80
7758.38 9041.31
7752.36 9031.24
7747.01 9021.58
7741.62 9010.69
7736.31 8999.97
7731.81 8989.77
7729.65 8977.78
7727.63 8966.60
7727.49 8955.12
7727.20 8943.44
7723.76 8932.09
7720.37 8924.91
7718.63 8921.23
7718.04 8919.98
7717.90 8919.74
7717.83 8919.62
7717.82 8919.60
7717.82 8919.60
7717.82 8919.60
7717.82 8919.60
7717.82 8919.60
7717.82 8919.60
7717.82 8919.60
7717.82 8919.60
7717.82 8919.60
7717.82 8919.60
7717.82 8919.60
7717.82 8919.60
7717.82 8919.60
7717.82 8919.60
7717.82 8919.60
7717.82 8919.60
7717.25 8918.63
7715.67 8915.97
7712.92 8911.86
7709.39 8906.68
7706.25 8902.09
7702.62 8897.22
7697.63 8891.40
7690.01 8888.07
7680.96 8894.42
7668.42 8898.04
7654.43 8901.53
7641.42 8895.63
7633.34 8884.81
7626.03 8872.67
7618.98 8860.98
7611.95 8849.30
7605.17 8836.90
7600.25 8823.84
7592.86 8812.34
7578.78 8810.51
7565.75 8815.74
7553.73 8823.12
7542.83 8831.99
7530.81 8838.34
7517.40 8844.28
7504.10 8850.12
7492.41 8857.52
7482.14 8866.29
7472.59 8876.31
7464.01 8885.87
7453.99 8894.78
7442.47 8892.54
7431.15 8887.83
7420.51 8884.19
7408.77 8881.88
7396.95 8879.55
7384.92 8877.18
7373.39 8875.95
7361.26 8876.25
7348.88 8874.34
7340.01 8867.20
7333.66 8858.08
7326.93 8848.43
7320.21 8839.53
7313.03 8830.26
7306.17 8821.43
7299.07 8812.28
7293.09 8802.62
7287.84 8791.61
7283.39 8780.74
7277.54 8769.56
7276.78 8758.37
7276.60 8746.87
7276.68 8735.27
7276.76 8723.32
7276.81 8711.23
7276.84 8699.16
7276.85 8687.01
7276.82 8675.87
7276.80 8664.82
7276.77 8652.92
7277.81 8641.09
7278.97 8629.08
7280.13 8617.11
7281.41 8605.74
7282.74 8594.28
7284.15 8582.38
7285.48 8571.11
7286.83 8559.69
7288.26 8547.63
7289.64 8535.99
7290.79 8524.18
7291.61 8512.80
7292.44 8501.31
7293.13 8490.31
7293.72 8478.77
7294.24 8466.62
7294.66 8455.67
7295.11 8443.99
7295.55 8432.36
7295.65 8420.43
7295.66 8408.68
7295.67 8396.89
7295.68 8385.26
7295.69 8373.53
7295.70 8361.84
7295.71 8349.77
7295.47 8338.78
7294.91 8326.67
7294.35 8314.47
7293.84 8303.46
7293.31 8291.81
7292.75 8279.73
7292.19 8267.54
7291.68 8256.56
7291.50 8245.23
7291.55 8233.13
7291.07 8221.82
7290.45 8210.00
7290.01 8198.87
7289.53 8187.06
7289.04 8175.00
7288.58 8163.90
7288.11 8152.32
7287.61 8140.14
7287.15 8128.70
7286.70 8117.74
7286.21 8105.69
7285.75 8094.49
7285.30 8083.46
7284.85 8072.41
7284.39 8061.10
7283.90 8049.17
7283.49 8037.28
7283.23 8025.41
7282.99 8014.40
7282.74 8002.65
7282.49 7991.19
7282.23 7979.41
7281.97 7967.63
7280.78 7956.65
7279.15 7945.04
7278.02 7936.98
7277.42 7932.70
7277.32 7932.04
7277.27 7931.66
7277.27 7931.66
7277.19 7931.12
7277.03 7929.97
7276.65 7927.22
7275.36 7922.28
7271.38 7916.74
7264.35 7920.56
7262.37 7931.72
7263.42 7944.72
7261.25 7956.27
7258.24 7972.41
7252.97 7988.23
7247.76 8003.91
7242.65 8019.28
7237.24 8035.51
7232.91 8051.44
7232.47 8067.21
7232.61 8083.85
7232.74 8100.08
7233.02 8116.93
7233.69 8132.67
7234.39 8149.09
7235.06 8164.92
7236.15 8181.05
7238.88 8197.13
7241.72 8213.83
7241.88 8229.62
7231.92 8240.99
7216.91 8238.87
7212.79 8223.35
7213.95 8206.61
7213.60 8190.63
7213.25 8174.71
7211.84 8157.70
7210.22 8140.95
7208.61 8124.30
7207.03 8107.96
7203.60 8091.40
7193.31 8080.61
7180.87 8070.04
7165.81 8064.66
7150.42 8059.85
7134.70 8054.94
7118.70 8049.94
7102.72 8044.95
7086.42 8039.86
7070.31 8034.64
7054.41 8029.19
7038.88 8022.16
7023.71 8014.16
7010.29 8003.61
7000.33 7990.73
6992.06 7975.67
6982.74 7964.03
6972.96 7959.30
6963.48 7966.48
6954.19 7973.53
6946.84 7981.78
6940.83 7992.30
6935.10 8002.35
6931.25 8009.10
6925.13 8015.96
6916.00 8010.13
6907.31 8002.24
6898.43 7994.18
6890.18 7986.68
6882.27 7979.51
6876.95 7974.67
6869.80 7972.72
6861.47 7981.60
6855.13 7993.89
6848.50 8006.75
6843.93 8015.61
6840.77 8020.44
6833.69 8020.53
6826.01 8015.23
6816.75 8008.24
6807.62 8001.35
6798.27 7994.30
6789.50 7987.69
6780.07 7980.58
6771.14 7973.84
6763.37 7967.97
6758.66 7964.42
6757.27 7963.38
6756.61 7962.88
6756.57 7962.85
6756.54 7962.82
6756.54 7962.82
6756.54 7962.82
6756.54 7962.82
6756.54 7962.82
6756.54 7962.82
6756.54 7962.82
6756.54 7962.82
6756.54 7962.82
6756.54 7962.82
6756.54 7962.82
6756.54 7962.82
6756.54 7962.82
6756.54 7962.82
6756.54 7962.82
6756.54 7962.82
6756.54 7962.82
6756.54 7962.82
6756.54 7962.82
6756.54 7962.82
6756.54 7962.82
6756.54 7962.82
6756.54 7962.82
6756.54 7962.82
6756.54 7962.82
6756.54 7962.82
6756.54 7962.82
6756.54 7962.82
6756.54 7962.82
6756.54 7962.82
6756.54 7962.82
6756.54 7962.82
6756.54 7962.82
6756.54 7962.82
6756.54 7962.82
6756.54 7962.82
6756.54 7962.82
6754.89 7961.73
6751.50 7961.93
6748.25 7965.74
6743.61 7971.44
6737.38 7979.11
6730.16 7987.98
6722.44 7997.48
6715.06 8006.55
6707.32 8016.08
6699.70 8025.45
6692.70 8034.05
6685.74 8042.61
6678.38 8051.66
6670.99 8060.76
6663.70 8069.72
6657.18 8078.77
6654.19 8089.59
6648.61 8099.28
6643.10 8108.87
6637.24 8119.06
6631.44 8129.36
6625.98 8139.10
6620.40 8149.08
6614.80 8159.10
6609.66 8168.81
6604.79 8179.50
6599.75 8190.67
6594.97 8200.73
6590.34 8210.78
6585.84 8221.38
6581.49 8231.94
6576.61 8242.80
6570.98 8253.56
6565.65 8263.57
6560.35 8273.53
6554.79 8283.98
6549.39 8294.12
6544.06 8304.14
6536.48 8310.97
6527.10 8304.04
6517.56 8296.49
6509.97 8288.51
6502.21 8280.33
6493.95 8271.62
6485.63 8262.84
6477.96 8254.74
6469.62 8245.95
6461.59 8237.48
6453.31 8228.74
6445.08 8220.06
6437.14 8211.69
6428.93 8203.03
6421.20 8194.88
6413.19 8186.42
6405.33 8178.13
6396.94 8169.29
6391.58 8163.63
6385.23 8155.49
6387.52 8144.35
6393.29 8134.84
6399.12 8125.21
6404.68 8116.04
6407.91 8110.71
6408.96 8108.98
6409.40 8108.26
