10120.19 874.26
10118.76 875.44
10115.82 877.86
10111.50 881.41
10106.16 885.81
10099.08 891.63
10090.00 899.10
10079.77 907.52
10067.77 917.39
10054.40 928.40
10040.04 940.13
10025.61 951.93
10010.39 963.26
9994.29 972.83
9977.00 979.63
9958.40 984.44
9939.48 989.34
9920.65 994.21
9902.14 999.00
9883.97 1004.40
9866.44 1010.52
9849.16 1017.41
9831.58 1025.68
9815.64 1034.70
9800.03 1045.34
9784.33 1056.76
9768.54 1067.78
9752.02 1076.79
9736.41 1079.26
9725.08 1079.33
9717.27 1078.84
9712.64 1078.55
9712.45 1078.54
9712.39 1078.54
9712.36 1078.53
9712.34 1078.53
9712.34 1078.53
9712.34 1078.53
9712.34 1078.53
9712.34 1078.53
9712.34 1078.53
9712.34 1078.53
9712.34 1078.53
9712.34 1078.53
9712.34 1078.53
9710.97 1078.46
9707.78 1078.38
9702.83 1079.55
9699.14 1085.93
9694.61 1094.61
9689.13 1105.09
9682.94 1116.93
9676.07 1130.09
9669.04 1143.53
9662.02 1156.98
9654.71 1170.96
9647.36 1184.84
9640.29 1198.11
9633.00 1211.79
9625.75 1225.31
9618.57 1238.65
9610.96 1253.05
9603.62 1267.27
9596.03 1281.31
9588.36 1295.51
9580.88 1309.35
9573.32 1323.36
9565.83 1337.21
9558.18 1351.38
9550.69 1365.23
9543.26 1379.00
9535.84 1392.74
9528.42 1406.47
9520.78 1420.61
9513.34 1434.38
9506.13 1447.73
9498.47 1461.90
9490.84 1476.03
9483.61 1489.42
9476.11 1503.31
9468.54 1517.32
9461.31 1530.70
9454.34 1544.59
9449.24 1559.48
9446.17 1574.57
9443.33 1589.67
9440.40 1605.20
9437.41 1621.06
9434.44 1636.80
9427.94 1650.16
9416.54 1660.71
9404.34 1671.31
9398.10 1685.30
9392.39 1699.65
9386.74 1713.84
9381.09 1727.97
9375.32 1742.02
9370.30 1756.73
9365.67 1772.24
9360.76 1786.48
9355.24 1798.50
9351.50 1806.35
9348.85 1810.12
9342.96 1811.71
9336.39 1808.17
9333.31 1805.79
9332.84 1805.42
9332.67 1805.29
9332.63 1805.26
9332.62 1805.25
9332.61 1805.24
9332.61 1805.24
9332.61 1805.24
9332.61 1805.24
9332.61 1805.24
9332.61 1805.24
9332.61 1805.24
9331.12 1804.01
9328.55 1801.87
9324.49 1798.20
9319.86 1792.49
9317.64 1782.61
9321.08 1772.45
9318.79 1762.56
9306.23 1758.11
9297.87 1755.14
9293.58 1753.62
9287.51 1750.64
9288.74 1743.02
9292.60 1733.87
9296.82 1722.46
9301.79 1708.81
9308.13 1695.13
9314.57 1681.26
9321.32 1666.70
9328.06 1652.18
9334.50 1638.30
9341.00 1624.28
9347.43 1610.41
9353.82 1596.66
9360.88 1583.10
9370.57 1571.24
9381.15 1564.13
9388.82 1559.58
9393.87 1559.25
9398.37 1555.42
9395.84 1546.15
9392.69 1534.58
9388.99 1520.98
9384.83 1505.66
9381.52 1490.80
9379.49 1474.96
9377.58 1460.08
9375.54 1444.18
9373.62 1429.19
9371.66 1413.85
9369.71 1398.66
9367.67 1382.78
9365.69 1367.30
9363.76 1352.24
9361.69 1336.10
9359.49 1321.19
9357.23 1306.17
9354.85 1290.34
9352.09 1275.60
9348.53 1262.26
9344.74 1249.40
9339.73 1236.49
9334.40 1222.78
9329.69 1210.64
9324.75 1197.93
9319.05 1183.32
9312.72 1167.14
9306.80 1152.01
9301.19 1137.68
9293.70 1123.42
9285.01 1109.66
9273.65 1098.03
9260.54 1089.03
9245.40 1083.55
9229.71 1079.36
9214.02 1075.16
9197.58 1070.77
9182.81 1066.82
9166.96 1062.59
9151.93 1057.56
9138.20 1050.17
9125.08 1043.98
9109.77 1047.18
9094.79 1043.68
9079.51 1039.92
9064.62 1036.26
9049.45 1032.52
9034.39 1028.81
9019.41 1025.13
9004.60 1021.48
8989.16 1017.68
8974.20 1014.00
8958.89 1010.23
8943.69 1013.44
8932.36 1024.30
8921.66 1035.01
8910.94 1045.74
8899.71 1056.65
8887.59 1067.03
8875.89 1077.05
8863.55 1087.19
8850.88 1096.31
8838.39 1105.31
8825.93 1114.29
8813.37 1123.34
8801.95 1133.50
8795.90 1147.86
8793.67 1162.75
8791.54 1178.83
8789.57 1193.79
8787.56 1209.00
8785.49 1224.68
8783.37 1240.66
8781.30 1256.34
8779.29 1271.59
8777.27 1286.85
8775.14 1302.98
8773.10 1318.38
8771.11 1333.48
8769.07 1348.92
8766.96 1364.84
8764.91 1380.34
8762.80 1396.31
8760.81 1411.38
8758.69 1427.43
8756.64 1442.98
8754.50 1459.12
8752.41 1474.96
8750.30 1490.90
8746.72 1506.10
8738.89 1520.21
8728.98 1532.75
8719.03 1545.34
8709.35 1557.09
8699.39 1569.31
8689.68 1581.55
8680.60 1592.98
8672.09 1603.70
8662.11 1615.14
8652.40 1624.38
8641.99 1633.19
8632.66 1640.28
8625.24 1645.46
8618.68 1650.04
8614.66 1656.86
8622.94 1665.51
8632.67 1675.67
8640.62 1688.73
8651.59 1701.92
8661.86 1718.34
8669.52 1735.41
8675.06 1753.30
8679.10 1771.08
8682.17 1789.13
8685.27 1807.32
8688.10 1826.19
8690.58 1845.46
8692.57 1863.95
8690.82 1882.81
8687.61 1901.70
8684.10 1919.85
8681.23 1938.73
8679.94 1958.11
8678.69 1976.98
8677.43 1995.91
8675.03 2014.32
8671.90 2032.30
8667.90 2051.35
8663.65 2070.40
8659.20 2089.25
8654.99 2107.51
8650.86 2125.72
8646.94 2144.82
8643.93 2163.50
8641.03 2181.46
8638.02 2200.13
8634.91 2218.82
8630.57 2236.75
8623.93 2253.72
8616.64 2270.51
8609.04 2287.99
8599.80 2304.79
8587.90 2318.87
8574.74 2333.32
8562.12 2347.68
8551.66 2364.12
8541.84 2380.01
8533.09 2396.25
8529.38 2409.54
8531.28 2418.51
8531.97 2423.05
8531.81 2423.52
8531.79 2423.58
8531.78 2423.61
8530.49 2425.71
8526.86 2428.60
8521.24 2431.68
8513.76 2435.63
8504.91 2440.42
8492.82 2443.60
8478.00 2443.93
8462.87 2443.03
8452.17 2442.73
8449.54 2449.20
8446.85 2457.86
8436.67 2459.91
8424.29 2459.99
8410.34 2460.07
8394.55 2459.27
8378.38 2457.41
8362.30 2455.55
8347.24 2453.31
8332.06 2450.40
8316.88 2447.48
8301.49 2446.20
8286.79 2452.67
8272.80 2460.98
8259.54 2469.29
8246.20 2477.65
8234.53 2484.97
8226.33 2490.10
8223.67 2496.02
8220.65 2504.65
8216.94 2514.36
8208.13 2523.91
8196.81 2531.14
8188.53 2536.42
8183.96 2539.35
8183.18 2539.84
8183.03 2539.94
8183.01 2539.95
8183.01 2539.95
8183.01 2539.95
8183.01 2539.95
8183.01 2539.95
8182.18 2540.48
8179.59 2542.14
8176.26 2544.26
8171.57 2547.26
8165.68 2551.03
8158.81 2555.79
8150.44 2561.77
8140.21 2569.14
8128.38 2577.66
8118.15 2585.02
8106.94 2593.09
8096.76 2600.42
8086.12 2608.08
8075.72 2615.56
8065.43 2622.90
8054.77 2630.09
8044.03 2637.21
8033.13 2644.43
8022.26 2651.51
8012.20 2657.83
8001.34 2664.66
7991.24 2671.01
7980.79 2677.58
7970.14 2684.27
7959.22 2691.14
7948.96 2697.59
7937.56 2704.75
7926.89 2712.10
7917.18 2719.12
7907.65 2726.02
7897.68 2733.23
7887.69 2740.87
7878.71 2748.36
7869.13 2756.35
7859.79 2764.13
7850.18 2772.49
7840.97 2781.55
7832.02 2790.36
7823.02 2799.28
7813.66 2809.24
7804.93 2818.53
7795.72 2828.48
7787.69 2837.86
7779.22 2847.76
7771.09 2857.26
7762.73 2867.14
7755.29 2876.06
7747.16 2886.12
7739.41 2895.81
7731.80 2905.34
7723.21 2915.56
7715.51 2924.45
7707.74 2933.43
7699.08 2943.22
7690.09 2953.10
7681.17 2962.91
7672.78 2971.53
7663.84 2979.88
7658.18 2985.15
7653.76 2989.28
7649.34 2993.40
7643.45 2998.50
7639.29 3002.01
7633.82 3006.61
7626.84 3012.50
7618.90 3019.12
7609.11 3026.89
7601.48 3032.95
7592.50 3039.36
7582.14 3046.38
7572.61 3053.26
7563.68 3060.35
7560.72 3068.07
7561.69 3082.11
7556.33 3092.90
7546.35 3100.21
7533.94 3101.74
7522.13 3097.22
7512.05 3097.54
7498.44 3104.59
7486.07 3113.88
7474.87 3123.52
7464.96 3132.24
7454.02 3142.32
7442.67 3152.94
7433.22 3162.68
7423.57 3173.31
7413.37 3184.55
7404.44 3194.23
7394.67 3204.80
7384.72 3216.78
7376.07 3227.19
7366.77 3238.39
7357.32 3247.92
7348.58 3256.47
7344.80 3264.55
7345.05 3278.34
7340.00 3289.38
7329.77 3297.23
7316.75 3299.85
7304.70 3296.26
7294.53 3286.62
7281.52 3288.00
7266.83 3295.91
7250.26 3304.83
7234.05 3313.57
7217.72 3322.36
7201.35 3331.18
7184.29 3340.38
7168.04 3349.13
7151.45 3358.07
7134.43 3367.24
7117.38 3376.42
7100.86 3385.33
7084.53 3394.12
7067.42 3403.48
7054.03 3412.04
7044.36 3417.92
7038.45 3421.35
7036.42 3422.53
7032.96 3424.69
7028.34 3428.61
7022.25 3433.87
7014.28 3440.74
7004.44 3449.22
6992.84 3459.23
6979.94 3470.35
6965.71 3482.62
6951.36 3495.00
6936.62 3507.71
6921.97 3520.34
6907.17 3533.11
6893.09 3545.24
6878.97 3557.43
6864.82 3569.62
6850.03 3582.38
6835.45 3595.15
6823.02 3609.40
6809.64 3623.42
6796.51 3637.17
6783.76 3650.52
6771.11 3663.78
6758.96 3676.08
6749.44 3685.58
6742.44 3692.56
6738.62 3696.36
6731.98 3695.98
6724.60 3689.39
6718.51 3680.07
6718.12 3668.31
6728.86 3657.28
6741.16 3644.64
6755.05 3630.36
6770.35 3614.64
6785.85 3598.76
6801.76 3583.42
6818.01 3567.74
6833.60 3551.96
6843.63 3532.61
6840.16 3511.01
6831.89 3493.53
6822.34 3477.79
6820.06 3459.92
6810.03 3442.26
6800.05 3424.67
6785.55 3410.15
6771.12 3396.09
6760.84 3379.20
6745.24 3367.36
6726.29 3361.26
6707.21 3357.77
6687.55 3355.37
6669.12 3353.12
6650.39 3350.82
6631.33 3348.26
6612.18 3345.20
6594.03 3342.13
6575.29 3337.76
6556.24 3332.34
6537.93 3326.75
6520.81 3320.85
6503.53 3313.89
6485.47 3305.57
6469.34 3298.13
6452.92 3290.56
6434.85 3286.01
6416.10 3285.64
6397.47 3285.60
6378.23 3285.55
6360.43 3289.22
6342.79 3292.88
6324.74 3296.62
6307.29 3300.23
6289.49 3303.92
6271.73 3307.60
6255.91 3310.65
6242.13 3310.25
6227.56 3309.82
6213.21 3308.48
6197.19 3311.02
6181.96 3313.42
6164.28 3316.22
6146.64 3319.01
6128.84 3321.82
6110.18 3324.77
6091.91 3327.45
6074.58 3329.89
6057.68 3332.28
6041.69 3334.53
6023.75 3337.06
6007.67 3339.33
5989.09 3341.95
5971.70 3344.40
5954.83 3346.63
5938.56 3348.71
5921.82 3350.85
5906.45 3352.81
5889.47 3354.98
5873.37 3357.03
5856.88 3359.14
5839.94 3361.30
5823.10 3363.45
5806.42 3365.59
5791.59 3367.48
5775.06 3369.59
5759.08 3371.63
5740.89 3373.96
5724.31 3376.07
5706.92 3377.99
5689.28 3378.33
5671.57 3378.68
5653.53 3380.08
5634.36 3382.94
5613.80 3386.00
5591.33 3386.01
5567.97 3389.49
5543.55 3389.74
5516.58 3393.89
5487.51 3398.81
5456.39 3404.12
5422.97 3407.15
5388.64 3413.86
5352.68 3421.80
5314.73 3430.26
5275.09 3441.08
5235.30 3452.25
5195.20 3464.33
5155.60 3476.60
5116.29 3489.94
5076.97 3504.01
5037.96 3518.61
4998.59 3534.22
4959.82 3549.98
4921.62 3566.87
4883.89 3583.75
4846.49 3602.20
4808.97 3620.92
4771.92 3640.79
4735.62 3660.61
4699.42 3681.83
4663.49 3703.02
4627.79 3725.83
4592.30 3748.92
4557.78 3772.26
4523.15 3796.76
4489.26 3821.26
4455.72 3847.18
4422.87 3872.65
4390.89 3898.76
4359.36 3925.50
4328.86 3953.10
4298.33 3981.43
4268.43 4010.19
4238.92 4039.39
4209.56 4068.44
4180.37 4099.00
4152.32 4130.33
4125.08 4161.73
4098.37 4193.14
4071.41 4225.88
4046.03 4258.67
4020.76 4291.32
3997.49 4325.38
3973.50 4359.35
3949.25 4393.69
3925.20 4428.53
3902.99 4464.08
3881.56 4500.03
3860.82 4536.15
3841.17 4572.71
3821.77 4610.00
3802.65 4647.48
3784.77 4685.07
3767.35 4722.78
3750.62 4760.38
3734.75 4799.53
3719.88 4837.97
3705.37 4876.71
3691.74 4915.93
3678.19 4955.89
3665.68 4995.28
3653.90 5034.98
3642.62 5075.44
3632.18 5116.11
3622.65 5157.15
3613.98 5197.66
3605.75 5238.87
3598.21 5279.98
3591.69 5320.61
3585.96 5362.33
3581.04 5404.14
3576.27 5445.52
3572.17 5487.59
3569.37 5529.70
3567.19 5571.53
3566.23 5613.49
3566.21 5655.90
3566.18 5696.37
3566.23 5734.88
3571.10 5771.51
3572.71 5808.95
3574.64 5844.97
3577.55 5879.54
3580.49 5914.47
3583.32 5948.12
3586.25 5982.93
3589.66 6015.74
3593.48 6046.55
3600.35 6075.17
3603.85 6103.40
3607.45 6132.46
3610.84 6159.83
3615.33 6188.56
3620.17 6219.33
3625.07 6250.49
3629.79 6280.47
3634.36 6309.49
3642.40 6339.07
3646.50 6365.09
3649.89 6386.66
3652.98 6403.72
3655.84 6418.27
3659.09 6433.95
3662.05 6449.89
3664.89 6465.51
3667.54 6480.05
3670.33 6495.37
3673.27 6511.50
3676.15 6527.36
3678.87 6542.28
3681.82 6558.49
3684.51 6573.26
3687.46 6587.82
3692.03 6602.51
3702.50 6613.49
3716.38 6620.74
3731.44 6623.81
3747.42 6621.01
3760.89 6615.12
3772.57 6605.01
3780.10 6592.09
3783.88 6576.85
3783.06 6561.77
3776.66 6547.02
3767.80 6535.32
3758.15 6523.33
3748.31 6511.25
3738.66 6498.48
3729.73 6486.14
3721.31 6473.71
3712.97 6459.05
3705.13 6445.57
3697.16 6432.25
3689.52 6419.48
3681.75 6406.49
3673.41 6392.55
3665.32 6379.02
3657.19 6365.43
3641.98 6368.46
3626.34 6372.58
3611.92 6379.85
3598.49 6387.17
3585.06 6394.95
3571.81 6402.61
3559.64 6410.44
3549.38 6422.22
3538.98 6429.71
3532.24 6434.57
3529.15 6436.79
3524.95 6439.82
3519.11 6444.08
3511.85 6449.55
3503.48 6455.89
3493.66 6463.09
3481.86 6471.71
3468.37 6481.70
3453.75 6492.68
3439.76 6503.20
3425.83 6513.66
3412.00 6524.06
3398.35 6534.31
3385.56 6543.92
3373.36 6553.09
3359.60 6563.43
3347.27 6572.70
3334.65 6582.18
3322.02 6591.67
3309.57 6601.02
3296.69 6610.70
3283.70 6620.46
3270.88 6630.10
3259.10 6639.79
3247.62 6649.47
3236.40 6659.80
3224.78 6671.63
3214.05 6682.54
3203.74 6694.82
3193.30 6707.71
3183.82 6719.89
3175.97 6732.72
3169.48 6743.36
3171.21 6748.22
3179.22 6758.56
3181.07 6769.70
3177.79 6782.51
3171.11 6793.11
3161.18 6800.41
3149.69 6803.67
3137.27 6802.17
3129.58 6802.29
3120.08 6813.25
3110.26 6826.16
3101.10 6838.99
3091.47 6852.47
3081.75 6866.08
3074.62 6876.07
3066.57 6887.35
3056.94 6900.65
3045.24 6912.00
3034.29 6922.62
3022.51 6934.04
3011.29 6944.92
2999.33 6956.39
2988.64 6966.57
2977.73 6976.96
2969.96 6989.58
2968.45 7004.55
2972.76 7016.82
2976.28 7024.87
2987.27 7026.86
2998.90 7031.67
3008.17 7039.91
3013.90 7049.44
3016.84 7060.39
3016.45 7071.85
3012.06 7083.57
3004.87 7092.33
2994.48 7099.29
2981.87 7102.55
2972.55 7105.19
2964.03 7116.93
2957.52 7132.66
2950.09 7150.65
2941.73 7170.36
2930.70 7189.50
2917.86 7207.61
2903.51 7224.11
2889.02 7240.26
2873.71 7256.77
2858.77 7272.87
2843.54 7289.30
2828.29 7305.75
2813.29 7321.93
2798.39 7337.79
2783.38 7353.70
2768.50 7369.46
2753.56 7385.28
2738.68 7400.85
2722.67 7416.04
2706.08 7431.12
2689.42 7445.83
2672.43 7459.99
2654.85 7472.99
2638.13 7488.48
2618.86 7500.74
2599.20 7512.10
2579.90 7522.44
2559.58 7532.28
2539.77 7540.99
2519.59 7548.86
2498.21 7556.64
2476.80 7563.19
2456.04 7569.42
2435.09 7575.71
2414.18 7581.14
2391.87 7585.39
2369.71 7587.32
2347.28 7587.28
2324.64 7588.90
2302.38 7590.76
2284.04 7592.40
2281.32 7602.86
2277.37 7619.20
2268.13 7633.68
2274.93 7642.14
2288.37 7650.81
2299.93 7660.55
2309.40 7673.54
2314.76 7688.07
2319.51 7702.50
2324.40 7717.27
2329.48 7732.78
2334.22 7747.23
2339.27 7762.61
2344.34 7778.08
2349.12 7792.67
2354.05 7807.69
2358.99 7822.75
2363.74 7837.25
2368.69 7852.35
2373.73 7867.72
2378.53 7882.46
2383.42 7897.58
2388.06 7911.94
2392.76 7926.48
2397.63 7941.53
2406.92 7953.11
2421.57 7958.82
2436.48 7960.33
2452.02 7961.49
2467.99 7962.67
2483.64 7967.07
2499.58 7967.67
2514.61 7968.62
2530.33 7970.12
2545.59 7973.03
2559.73 7980.02
2568.59 7991.46
2571.92 8006.04
2570.08 8021.10
2567.97 8036.75
2565.83 8052.53
2563.65 8068.60
2561.59 8083.86
2559.54 8098.97
2557.48 8114.26
2555.46 8130.09
2553.50 8145.60
2551.90 8160.67
2550.35 8175.72
2550.65 8191.82
2550.96 8208.05
2551.51 8224.13
2552.01 8239.12
2552.38 8249.86
2551.99 8256.13
2551.46 8258.16
2551.24 8258.74
2551.19 8258.88
2551.17 8258.93
2550.59 8260.50
2548.84 8263.22
2544.90 8266.28
2538.03 8268.54
2528.53 8270.93
2517.93 8276.99
2505.15 8280.21
2490.19 8284.00
2474.63 8288.18
2459.81 8295.54
2444.42 8299.72
2429.00 8304.00
2413.82 8308.30
2398.39 8312.81
2383.48 8316.63
2368.29 8320.48
2352.60 8324.37
2337.87 8327.82
2321.98 8331.54
2307.36 8334.96
2296.60 8342.49
2296.75 8358.23
2303.65 8371.50
2313.52 8383.47
2327.31 8388.52
2342.85 8389.19
2358.39 8389.86
2373.38 8390.51
2389.03 8391.19
2404.40 8391.85
2419.25 8392.49
2429.61 8392.93
2436.66 8393.14
2439.20 8393.22
2439.54 8393.23
