812.25 5480.12
814.02 5480.59
818.25 5481.69
823.81 5483.13
831.41 5485.11
840.86 5487.57
851.74 5490.39
864.05 5493.59
878.42 5497.33
892.73 5500.84
907.15 5504.09
921.21 5507.26
935.17 5510.42
949.26 5513.60
963.70 5516.79
977.44 5519.58
991.50 5522.43
1005.62 5525.30
1019.42 5528.10
1033.13 5530.89
1047.03 5533.71
1061.02 5536.55
1075.49 5539.49
1089.94 5542.43
1104.71 5545.43
1119.36 5548.40
1133.15 5551.18
1147.58 5554.07
1160.14 5559.96
1176.21 5563.15
1194.69 5566.80
1215.28 5570.87
1234.94 5574.81
1254.61 5578.75
1275.24 5582.89
1295.00 5586.85
1314.81 5590.87
1334.71 5594.97
1355.45 5599.23
1374.32 5606.49
1394.57 5610.65
1414.20 5614.76
1434.02 5618.92
1453.63 5623.04
1473.51 5627.21
1494.03 5631.52
1514.62 5635.84
1534.68 5640.05
1554.66 5644.56
1574.73 5650.15
1594.63 5655.71
1614.88 5661.85
1634.26 5668.95
1654.03 5676.20
1672.61 5683.76
1690.74 5693.01
1709.11 5702.39
1725.97 5711.00
1744.62 5711.29
1756.07 5701.30
1767.66 5695.47
1779.54 5693.66
1791.75 5695.79
1803.59 5702.00
1810.65 5710.11
1815.04 5718.50
1817.74 5728.92
1817.48 5739.82
1814.32 5748.34
1809.46 5757.95
1800.79 5765.36
1789.13 5773.17
1776.14 5776.73
1762.30 5777.98
1751.64 5787.63
1744.06 5802.67
1739.53 5814.29
1734.95 5827.67
1730.70 5843.04
1728.77 5860.78
1728.98 5874.12
1731.07 5889.13
1735.07 5906.39
1739.48 5918.89
1745.91 5932.00
1754.49 5946.73
1765.05 5960.79
1776.11 5974.72
1788.07 5988.35
1800.06 6001.99
1811.39 6014.89
1823.22 6028.35
1831.67 6042.97
1842.40 6055.19
1850.31 6064.19
1855.90 6070.55
1858.48 6073.50
1858.67 6073.71
1858.72 6073.76
1858.73 6073.78
1858.74 6073.79
1858.74 6073.79
1858.74 6073.79
1858.74 6073.79
1858.74 6073.79
1858.74 6073.79
1858.74 6073.79
1858.74 6073.79
1858.74 6073.79
1858.74 6073.79
1858.74 6073.79
1858.74 6073.79
1860.01 6075.23
1863.02 6078.60
1867.20 6083.30
1872.69 6089.41
1879.31 6096.67
1887.47 6105.59
1897.34 6116.37
1911.49 6126.94
1923.28 6139.85
1935.47 6153.34
1947.15 6166.16
1958.78 6179.81
1968.86 6193.48
1978.96 6208.22
1987.99 6223.64
1996.91 6238.87
2005.11 6254.60
2012.68 6270.68
2023.15 6285.16
2029.52 6302.00
2035.00 6318.88
2040.12 6335.42
2044.56 6352.53
2048.84 6369.01
2052.27 6386.44
2055.14 6403.93
2058.01 6421.51
2060.79 6438.45
2063.66 6455.98
2066.50 6473.34
2069.29 6490.37
2072.22 6508.27
2075.15 6526.11
2078.01 6543.62
2080.95 6561.52
2083.76 6579.27
2085.85 6597.32
2087.85 6614.56
2089.88 6632.04
2091.94 6649.82
2093.71 6667.22
2095.22 6684.43
2096.81 6702.42
2098.33 6719.67
2099.89 6737.36
2101.77 6755.27
2103.69 6773.28
2105.56 6790.84
2106.50 6808.05
2101.92 6825.93
2100.91 6840.12
2100.16 6850.61
2099.66 6857.70
2099.47 6860.37
2099.46 6860.43
2099.46 6860.44
2099.46 6860.44
2099.46 6860.44
2099.46 6860.44
2099.46 6860.44
2099.46 6860.44
2099.46 6860.44
2099.46 6860.44
2099.46 6860.44
2099.46 6860.44
2099.46 6860.44
2099.46 6860.44
2099.46 6860.44
2099.46 6860.44
2099.46 6860.44
2099.46 6860.44
2099.46 6860.44
2099.46 6860.44
2099.46 6860.44
2099.46 6860.44
2099.46 6860.44
2099.46 6860.44
2099.46 6860.44
2099.46 6860.44
2099.46 6860.44
2099.34 6862.44
2099.18 6865.95
2098.93 6871.60
2098.72 6878.69
2098.45 6887.60
2098.04 6898.67
2100.85 6909.94
2096.62 6923.72
2095.68 6937.28
2095.55 6953.16
2095.71 6970.77
2096.84 6990.38
2097.98 7009.75
2100.57 7025.69
2103.78 7042.81
2107.71 7060.60
2112.14 7078.14
2117.57 7095.70
2123.97 7114.05
2131.49 7133.04
2138.31 7150.23
2143.57 7163.52
2153.79 7169.80
2167.71 7170.48
2180.54 7176.66
2189.71 7186.60
2198.05 7198.78
2197.96 7213.89
2192.15 7228.04
2184.63 7239.12
2188.41 7253.26
2193.71 7270.93
2195.62 7290.66
2195.27 7306.27
2194.06 7317.93
2193.21 7326.14
2192.73 7330.74
2192.56 7332.34
2192.26 7335.25
2191.69 7340.28
2190.83 7347.16
2189.85 7354.97
2188.86 7362.90
2188.08 7369.13
2194.21 7372.93
2201.41 7373.67
2210.01 7374.02
2218.45 7368.31
2229.74 7362.66
2242.76 7356.90
2256.34 7350.89
2269.16 7344.07
2281.22 7336.78
2294.12 7332.57
2305.80 7325.23
2316.79 7318.00
2328.86 7309.26
2340.32 7300.97
2351.96 7292.55
2363.36 7284.30
2374.94 7275.97
2386.22 7267.93
2397.63 7259.80
2409.03 7251.59
2420.70 7243.10
2432.63 7234.43
2443.75 7225.99
2454.79 7217.21
2466.38 7207.61
2476.15 7197.69
2485.88 7186.97
2495.34 7176.10
2503.39 7162.67
2513.66 7152.21
2525.14 7143.75
2536.73 7135.21
2548.79 7126.31
2560.70 7117.53
2572.52 7108.82
2584.58 7099.93
2595.78 7091.68
2607.90 7082.89
2620.86 7076.16
2634.59 7070.48
2648.18 7066.36
2662.23 7063.48
2676.60 7062.03
2691.51 7061.06
2705.70 7061.47
2719.91 7062.85
2734.70 7064.29
2749.46 7065.85
2764.45 7067.71
2779.37 7069.66
2794.47 7071.10
2808.64 7072.13
2823.52 7071.28
2838.33 7070.38
2852.77 7069.05
2866.65 7067.77
2881.66 7066.38
2896.44 7067.14
2909.67 7062.38
2921.98 7057.96
2930.55 7057.36
2934.64 7057.10
2941.38 7056.00
2946.75 7049.21
2951.37 7042.28
2956.16 7037.64
2962.56 7032.77
2971.88 7029.69
2984.30 7029.63
2995.90 7033.80
3002.60 7038.31
3006.46 7041.10
3012.44 7038.88
3018.85 7032.88
3026.49 7025.75
3035.85 7017.00
3046.55 7006.99
3061.29 7000.19
3078.03 6995.13
3095.07 6991.57
3111.96 6991.25
3129.29 6993.26
3146.27 6997.40
3162.46 7003.17
3178.69 7008.95
3195.75 7015.03
3211.82 7020.74
3228.35 7026.54
3244.77 7032.30
3260.96 7037.97
3277.44 7043.75
3294.00 7049.56
3310.88 7055.47
3327.56 7061.32
3344.29 7067.19
3361.04 7073.06
3377.83 7078.95
3394.69 7084.86
3411.69 7090.82
3428.66 7096.77
3444.76 7102.42
3460.92 7108.08
3476.98 7113.71
3493.78 7119.60
3509.73 7125.20
3526.62 7131.12
3543.37 7136.99
3559.93 7143.41
3577.27 7147.41
3593.49 7154.51
3609.74 7161.64
3618.75 7155.41
3632.85 7149.30
3646.60 7147.02
3659.63 7150.28
3670.53 7157.29
3677.07 7166.80
3678.79 7174.00
3682.03 7184.66
3694.12 7190.02
3707.89 7195.80
3723.86 7201.83
3740.86 7207.14
3758.06 7212.36
3775.37 7217.21
3791.78 7221.81
3808.81 7226.59
3825.74 7231.33
3843.15 7234.62
3861.10 7235.83
3878.32 7233.52
3894.74 7226.72
3909.48 7217.51
3922.66 7205.09
3933.82 7192.13
3943.92 7177.26
3952.94 7162.27
3960.03 7150.71
3964.82 7143.06
3968.12 7139.70
3974.55 7141.34
3979.85 7148.76
3986.02 7158.53
3993.53 7170.44
4002.76 7180.88
4013.19 7190.74
4023.93 7200.90
4034.86 7211.23
4047.00 7219.82
4059.82 7227.72
4072.56 7235.58
4084.50 7242.94
4096.94 7249.98
4109.31 7256.75
4121.92 7263.64
4135.18 7269.81
4144.64 7273.48
4149.75 7275.84
4152.70 7282.19
4153.43 7290.90
4154.17 7301.51
4155.02 7313.61
4155.96 7327.14
4160.52 7341.21
4167.13 7353.97
4174.45 7367.24
4181.67 7379.18
4189.49 7392.13
4196.99 7404.55
4204.70 7417.32
4213.15 7427.72
4227.43 7426.23
4241.47 7424.77
4256.20 7423.24
4270.45 7421.76
4285.16 7420.23
4299.93 7418.69
4313.95 7417.24
4327.98 7415.78
4342.63 7414.25
4357.67 7412.69
4372.49 7411.15
4386.98 7409.64
4401.18 7408.16
4415.69 7406.65
4429.71 7405.20
4444.37 7403.67
4459.27 7402.12
4470.90 7406.09
4475.85 7419.13
4481.22 7433.30
4486.18 7446.36
4491.34 7459.96
4496.31 7473.06
4501.61 7487.02
4506.65 7500.30
4511.89 7514.10
4517.16 7528.01
4522.20 7541.28
4525.64 7550.34
4527.48 7555.20
4532.54 7558.71
4541.01 7556.23
4551.97 7553.00
4565.16 7549.22
4579.17 7545.58
4592.83 7542.03
4607.37 7537.70
4621.36 7533.40
4635.73 7528.85
4649.34 7524.22
4662.75 7519.66
4676.45 7514.76
4689.66 7510.12
4702.81 7505.29
4716.64 7499.34
4730.46 7493.26
4743.53 7486.82
4756.22 7480.07
4769.41 7472.72
4781.43 7465.69
4792.16 7459.58
4799.53 7455.42
4803.53 7454.06
4807.53 7458.61
4810.94 7465.42
4814.94 7473.41
4819.55 7482.59
4822.47 7488.75
4822.73 7493.00
4817.67 7496.60
4814.18 7498.25
