1201.54 8347.87
1204.03 8348.03
1208.46 8348.32
1214.85 8348.74
1223.03 8349.28
1233.37 8349.96
1245.19 8350.74
1259.34 8351.67
1273.66 8352.62
1287.19 8353.51
1301.33 8354.45
1313.51 8355.26
1321.21 8355.77
1324.41 8355.98
1324.44 8355.98
1324.46 8355.98
1324.46 8355.98
1324.46 8355.98
1324.46 8355.98
1324.46 8355.98
1324.46 8355.98
1324.46 8355.98
1324.46 8355.98
1324.46 8355.98
1324.46 8355.98
1324.46 8355.98
1324.46 8355.98
1324.46 8355.98
1324.46 8355.98
1324.46 8355.98
1324.46 8355.98
1324.46 8355.98
1324.46 8355.98
1324.46 8355.98
1324.46 8355.98
1324.46 8355.98
1324.46 8355.98
1324.46 8355.98
1324.46 8355.98
1324.46 8355.98
1324.46 8355.98
1324.46 8355.98
1324.46 8355.98
1324.46 8355.98
1324.46 8355.98
1324.46 8355.98
1324.46 8355.98
1324.46 8355.98
1324.46 8355.98
1324.46 8355.98
1324.46 8355.98
1324.46 8355.98
1324.46 8355.98
1324.46 8355.98
1324.46 8355.98
1324.46 8355.98
1326.23 8356.10
1330.17 8356.36
1336.21 8356.75
1344.75 8357.31
1355.23 8357.98
1367.85 8358.79
1382.63 8359.74
1396.85 8360.60
1411.19 8361.54
1425.57 8362.34
1439.44 8363.10
1453.29 8363.76
1466.34 8364.44
1479.38 8365.24
1493.83 8366.14
1508.66 8367.05
1522.94 8367.94
1536.82 8368.71
1550.39 8368.92
1564.99 8369.14
1578.53 8369.34
1590.72 8369.46
1595.77 8365.45
1602.89 8356.70
1609.31 8352.06
1616.90 8348.56
1627.20 8347.88
1637.76 8350.36
1647.74 8355.29
1654.60 8364.35
1658.91 8374.90
1668.72 8377.17
1678.78 8378.37
1688.04 8379.47
1698.37 8380.70
1708.42 8380.80
1718.42 8380.70
1727.71 8380.63
1737.48 8380.56
1748.08 8380.51
1758.52 8380.47
1768.66 8380.44
1777.93 8380.41
1787.78 8380.38
1797.79 8380.35
1807.22 8380.32
1817.13 8380.29
1826.57 8380.14
1836.63 8379.91
1846.18 8379.69
1856.24 8379.46
1866.81 8379.22
1876.68 8379.00
1886.07 8378.79
1896.21 8378.56
1906.17 8378.33
1915.78 8378.11
1926.40 8377.87
1936.24 8377.65
1946.56 8377.41
1957.02 8377.05
1966.80 8376.59
1976.85 8376.12
1987.26 8375.62
1997.55 8375.05
2007.24 8374.49
2017.05 8373.91
2027.19 8373.36
2037.34 8372.82
2047.28 8372.21
2056.57 8371.52
2066.01 8370.38
2076.56 8369.10
2085.94 8371.08
2094.14 8369.82
2097.90 8369.25
2098.14 8369.21
2098.33 8369.18
2098.33 8369.18
2098.33 8369.18
2100.42 8368.85
2104.64 8368.16
2111.61 8366.97
2121.13 8365.27
2131.05 8363.50
2140.49 8361.67
2150.55 8359.62
2160.27 8357.44
2169.44 8355.38
2179.41 8353.13
2188.63 8351.05
2198.87 8348.74
2208.64 8346.47
2218.73 8343.88
2228.73 8341.31
2239.05 8338.66
2249.11 8336.07
2258.39 8333.68
2268.18 8331.17
2278.22 8328.59
2287.95 8326.09
2297.55 8323.70
2306.90 8321.51
2316.52 8319.26
2326.37 8316.95
2336.02 8314.69
2345.27 8312.52
2355.30 8310.15
2364.68 8307.78
2373.68 8305.50
2383.55 8302.99
2393.34 8300.54
2402.92 8297.74
2412.22 8295.02
2422.38 8292.14
2432.39 8289.36
2442.52 8286.55
2451.47 8284.06
2455.97 8279.49
2463.04 8277.64
2471.51 8275.35
2480.59 8272.88
2490.05 8270.38
2500.12 8267.85
2509.21 8265.57
2518.41 8263.26
2527.53 8260.97
2532.29 8259.78
2532.70 8259.67
2532.82 8259.64
2532.84 8259.64
2532.86 8259.63
2532.86 8259.63
2532.86 8259.63
2532.86 8259.63
2532.86 8259.63
2532.86 8259.63
2532.86 8259.63
2532.86 8259.63
2532.86 8259.63
2532.86 8259.63
2532.86 8259.63
2532.86 8259.63
2532.86 8259.63
2532.86 8259.63
2532.86 8259.63
2532.86 8259.63
2532.86 8259.63
2532.86 8259.63
2532.86 8259.63
2532.86 8259.63
2532.86 8259.63
2532.86 8259.63
2532.86 8259.63
2532.86 8259.63
2532.86 8259.63
2532.86 8259.63
2532.86 8259.63
2532.86 8259.63
2532.86 8259.63
2532.86 8259.63
2532.86 8259.63
2532.86 8259.63
2532.86 8259.63
2532.86 8259.63
2532.86 8259.63
2532.86 8259.63
2532.86 8259.63
2532.86 8259.63
2532.86 8259.63
2532.86 8259.63
2534.14 8259.31
2537.19 8258.55
2542.60 8257.18
2550.42 8255.20
2558.63 8253.12
2568.41 8250.63
2576.20 8248.64
2584.88 8246.43
2593.70 8244.18
2602.45 8241.91
2610.74 8239.76
2620.05 8237.34
2630.30 8234.68
2639.06 8232.37
2647.74 8230.08
2656.93 8227.66
2665.97 8225.27
2674.75 8222.96
2685.29 8223.60
2695.28 8220.98
2704.11 8215.33
2713.69 8213.14
2723.46 8210.79
2733.23 8208.26
2743.35 8205.63
2752.67 8203.24
2761.95 8200.86
2771.33 8198.45
2781.35 8195.87
2791.36 8193.31
2801.61 8190.67
2811.92 8188.02
2821.03 8185.67
2825.79 8184.45
2831.64 8182.95
2839.52 8180.93
2846.66 8179.10
2854.47 8177.09
2862.70 8174.98
2871.67 8172.67
2880.12 8170.50
2888.71 8168.26
2896.88 8166.11
2905.86 8163.74
2914.18 8161.55
2923.74 8159.04
2930.07 8157.37
2932.04 8156.85
2932.61 8156.70
2933.11 8156.57
2933.24 8156.54
2933.26 8156.53
2933.27 8156.53
2933.27 8156.53
2934.10 8159.72
2935.47 8159.36
2938.96 8158.44
2939.85 8158.21
2940.14 8158.13
2940.29 8158.09
2940.38 8158.07
2940.39 8158.07
2940.39 8158.07
2940.39 8158.06
2940.39 8158.06
2940.39 8158.06
2940.39 8158.06
2940.39 8158.06
2940.39 8158.06
2940.39 8158.06
2940.39 8158.06
2940.39 8158.06
2940.39 8158.06
2940.39 8158.06
2940.39 8158.06
2940.39 8158.06
2940.39 8158.06
2940.39 8158.06
2940.39 8158.06
2940.39 8158.06
2940.39 8158.06
2940.39 8158.06
2940.39 8158.06
2940.39 8158.06
2940.39 8158.06
2940.39 8158.06
2940.39 8158.06
2940.39 8158.06
2940.39 8158.06
2940.39 8158.06
2940.39 8158.06
2940.78 8157.96
2940.86 8157.94
2941.71 8161.13
2943.37 8160.69
2947.04 8159.73
2951.50 8159.37
2955.81 8163.21
2956.62 8171.53
2955.59 8181.86
2954.59 8191.10
2953.47 8201.52
2952.43 8211.16
2951.32 8221.45
2950.25 8231.35
2949.14 8241.66
2948.02 8252.10
2946.98 8261.71
2945.99 8270.93
2944.86 8281.39
2943.85 8290.80
2942.81 8300.42
2941.79 8309.85
2940.70 8319.99
2939.60 8330.22
2938.53 8340.11
2937.49 8349.74
2936.44 8359.52
2935.39 8369.23
2934.39 8378.58
2933.34 8388.32
2932.33 8397.64
2932.03 8407.99
2942.08 8410.05
2951.34 8411.20
2961.51 8412.46
2971.73 8413.73
2981.01 8414.89
2991.53 8416.19
3001.89 8417.48
3010.37 8418.53
3015.63 8419.19
3022.32 8419.85
3030.86 8418.97
3040.81 8417.79
3051.08 8416.57
3061.37 8415.35
3071.95 8414.09
3082.46 8412.85
3093.02 8411.59
3102.81 8410.43
3113.24 8409.20
3122.88 8408.05
3132.31 8406.93
3142.83 8405.69
3152.21 8404.57
3162.71 8403.33
3173.03 8402.10
3182.83 8400.94
3193.04 8399.73
3203.43 8398.50
3212.87 8397.38
3222.15 8396.28
3231.94 8395.12
3242.45 8393.87
3251.73 8392.77
3261.32 8391.63
3271.41 8390.43
3280.63 8389.34
3291.21 8388.09
3301.16 8386.90
3311.07 8385.73
3319.38 8384.74
3324.09 8384.18
3331.11 8383.67
3340.94 8383.50
3350.93 8383.73
3360.26 8383.95
3369.73 8384.17
3379.09 8384.38
3388.44 8384.60
3397.77 8384.59
3407.94 8384.20
3417.65 8383.82
3427.89 8383.43
3438.30 8382.99
3448.17 8382.36
3457.75 8381.68
3468.25 8380.94
3478.09 8380.29
3487.73 8379.70
3497.79 8379.09
3507.14 8378.53
3517.51 8377.57
3526.78 8376.12
3537.16 8374.49
3547.15 8372.56
3556.24 8369.31
3566.12 8365.79
3574.64 8362.01
3582.73 8357.13
3589.81 8352.85
3593.93 8350.32
3599.19 8346.79
3604.72 8340.09
3611.11 8331.85
3617.41 8323.94
3620.95 8319.61
3626.21 8313.95
3634.79 8313.30
3644.71 8318.50
3655.25 8324.03
3666.20 8329.64
3676.86 8334.49
3687.52 8339.34
3698.91 8344.52
3709.71 8348.64
3720.95 8352.72
3732.86 8356.36
3744.82 8359.28
3756.12 8361.90
3768.75 8360.82
3781.34 8362.79
3793.93 8364.61
3806.26 8365.77
3818.64 8366.51
3830.16 8366.83
3842.52 8366.84
3854.12 8366.58
3866.18 8366.14
3878.31 8365.05
3889.87 8363.81
3901.78 8362.54
3913.44 8360.05
3925.08 8357.42
3937.09 8354.51
3948.67 8351.34
3959.85 8347.82
3970.75 8344.14
3981.95 8339.94
3993.10 8335.46
4003.80 8330.71
4015.24 8325.12
4026.12 8319.59
4036.11 8313.45
4045.99 8307.38
4056.39 8301.00
4066.75 8294.61
4076.35 8287.23
4085.69 8280.05
4095.38 8272.60
4104.85 8265.33
4113.91 8257.34
4123.40 8248.92
4132.14 8241.16
4140.67 8233.06
4149.56 8224.11
4157.80 8215.81
4166.51 8207.04
4175.04 8198.46
4183.49 8189.96
4192.45 8180.94
4201.35 8171.98
4210.18 8163.10
4218.53 8154.74
4226.72 8146.55
4236.77 8139.73
4247.38 8134.01
4257.56 8128.52
4268.49 8122.62
4279.79 8116.53
4290.85 8112.19
4302.62 8108.81
4314.98 8105.25
4327.14 8101.76
4339.47 8098.33
4351.53 8095.11
4362.72 8092.12
4374.94 8089.51
4387.54 8087.99
4398.95 8087.46
4410.63 8087.19
4422.37 8087.65
4434.76 8089.25
4446.40 8091.26
4458.17 8093.29
4470.68 8095.45
4482.94 8097.56
4495.28 8099.81
4506.75 8102.78
4518.12 8106.58
4528.94 8110.87
4538.76 8118.41
4546.89 8127.23
4553.40 8136.65
4559.06 8147.75
4564.71 8158.82
4570.30 8169.77
4574.57 8181.29
4578.43 8192.86
4582.08 8205.08
4583.93 8216.59
4584.62 8228.10
4585.34 8240.12
4583.94 8252.27
4582.29 8264.14
4579.87 8275.76
4577.19 8288.21
4574.56 8300.40
4571.87 8312.87
4568.69 8324.05
4565.46 8335.22
4562.09 8346.89
4558.27 8358.54
4553.50 8369.78
4549.01 8380.37
4544.30 8391.44
4539.47 8402.07
4533.52 8413.23
4527.60 8424.34
4521.86 8435.11
4515.88 8445.88
4510.06 8456.24
4504.87 8467.74
4500.86 8478.85
4498.91 8490.55
4500.60 8502.17
4505.50 8513.66
4512.23 8523.71
4520.30 8532.73
4529.32 8539.85
4538.74 8546.44
4549.84 8552.18
4560.76 8556.47
4572.52 8560.12
4584.52 8563.04
4595.90 8565.33
4608.52 8566.52
4621.05 8567.06
4633.20 8565.55
4644.62 8563.54
4655.93 8560.84
4667.07 8556.85
4677.98 8552.83
4688.30 8547.09
4698.55 8541.21
4708.54 8535.47
4718.57 8529.71
4728.55 8523.97
4739.63 8517.61
4750.54 8511.35
4762.02 8506.34
4772.85 8501.99
4784.80 8498.42
4796.93 8495.60
4809.42 8494.64
4821.75 8493.92
4833.41 8493.45
4845.54 8492.99
4857.04 8492.56
4869.26 8492.09
4880.93 8491.65
4893.36 8491.18
4905.68 8490.71
4918.14 8490.24
4930.72 8489.76
4942.81 8489.30
4955.40 8488.82
4967.39 8488.37
4979.35 8487.92
4992.01 8487.43
5004.75 8486.95
5016.45 8486.51
5029.19 8486.02
5041.45 8485.56
5053.67 8485.30
5065.99 8485.61
5078.33 8485.91
5090.22 8486.20
5102.66 8486.89
5115.26 8488.22
5127.85 8489.55
5139.49 8490.77
5150.32 8495.22
5162.47 8496.68
5173.68 8498.83
5185.57 8502.36
5196.59 8505.98
5208.59 8510.07
5220.05 8514.06
5231.05 8517.89
5242.14 8521.60
5254.05 8524.91
5265.68 8529.06
5276.51 8532.91
5287.68 8537.65
5299.36 8542.21
5310.39 8546.22
5321.22 8550.16
5332.23 8554.16
5343.19 8558.14
5354.38 8562.21
5366.02 8566.44
5378.04 8570.80
5389.05 8574.77
5397.11 8577.68
5400.93 8579.09
5401.45 8579.29
5401.57 8579.33
5401.63 8579.35
5401.65 8579.36
5401.66 8579.36
5401.66 8579.36
5401.66 8579.36
5401.66 8579.36
5401.66 8579.36
5401.66 8579.36
5401.66 8579.36
5401.66 8579.36
5401.66 8579.36
5401.66 8579.36
5401.66 8579.36
5401.66 8579.36
5401.66 8579.36
5401.66 8579.36
5401.66 8579.36
5401.66 8579.36
5401.66 8579.36
5401.66 8579.36
5401.66 8579.36
5401.66 8579.36
5401.66 8579.36
5401.66 8579.36
5401.66 8579.36
5401.66 8579.36
5401.66 8579.36
5401.66 8579.36
5401.66 8579.36
5401.66 8579.36
5401.66 8579.36
5401.66 8579.36
5401.66 8579.36
5401.66 8579.36
5401.66 8579.36
5404.20 8580.47
5409.34 8583.09
5414.56 8589.34
5413.31 8599.25
5410.75 8609.17
5410.26 8617.83
5409.96 8623.01
5409.85 8624.96
