4052.32 11371.34
4053.65 11369.91
4056.37 11366.98
4063.63 11364.01
4070.04 11357.12
4077.89 11348.66
4086.20 11339.71
4097.81 11331.96
4103.93 11317.28
4111.00 11300.36
4118.18 11283.13
4123.30 11265.82
4127.32 11248.23
4131.47 11230.07
4128.02 11211.63
4124.09 11194.08
4119.60 11175.70
4114.98 11157.28
4110.69 11140.12
4104.92 11123.41
4090.05 11120.35
4080.67 11116.70
4072.81 11107.74
4070.21 11097.58
4072.42 11088.09
4075.88 11082.02
4078.14 11079.59
4083.40 11076.18
4090.19 11071.98
4101.01 11068.54
4114.35 11076.33
4123.93 11082.47
4137.19 11080.50
4152.52 11078.20
4168.29 11075.83
4183.85 11073.49
4199.65 11071.50
4215.15 11070.09
4230.33 11068.71
4246.10 11067.28
4261.37 11065.90
4276.70 11065.47
4290.99 11069.26
4305.44 11073.09
4320.53 11077.09
4335.46 11081.06
4350.79 11085.12
4365.19 11088.94
4379.49 11092.74
4394.66 11096.76
4409.92 11100.81
4424.62 11104.71
4439.95 11108.78
4454.66 11112.50
4469.76 11115.24
4485.40 11118.08
4500.77 11120.88
4515.73 11123.60
4531.47 11126.46
4546.61 11125.45
4562.49 11124.38
4578.49 11123.30
4593.28 11122.30
4608.41 11121.28
4623.64 11120.25
4638.97 11119.03
4653.72 11115.01
4667.98 11111.13
4682.51 11107.16
4698.00 11102.94
4713.06 11098.84
4727.53 11094.89
4741.62 11088.82
4755.23 11082.43
4769.74 11075.62
4783.70 11069.06
4798.04 11062.33
4811.63 11055.95
4825.64 11049.37
4839.78 11042.73
4853.22 11036.42
4866.73 11030.08
4880.78 11023.48
4894.75 11016.92
4908.46 11010.49
4922.89 11003.71
4936.35 10997.39
4950.55 10990.72
4964.17 10984.32
4978.04 10977.81
4992.22 10971.15
5005.79 10964.78
5020.32 10957.96
5034.00 10951.54
5047.66 10945.12
5060.99 10938.86
5074.55 10932.50
5088.03 10926.17
5101.69 10920.54
5116.66 10914.66
5130.41 10909.25
5144.62 10903.67
5159.24 10897.92
5173.13 10892.46
5187.49 10888.72
5203.33 10887.73
5219.00 10886.76
5233.75 10885.84
5240.83 10878.81
5249.88 10868.64
5262.96 10864.12
5276.15 10866.05
5286.35 10863.75
5299.99 10857.28
5314.47 10850.41
5325.94 10839.66
5335.45 10827.58
5344.73 10814.91
5353.70 10802.39
5361.70 10789.09
5369.42 10775.25
5375.88 10761.13
5381.82 10746.77
5387.11 10732.62
5392.62 10717.87
5397.82 10703.95
5403.33 10689.22
5408.55 10675.26
5414.02 10660.61
5419.63 10645.61
5424.79 10631.81
5430.07 10617.67
5435.45 10603.27
5440.85 10588.85
5446.21 10574.51
5451.78 10559.59
5457.33 10544.48
5462.74 10529.56
5467.76 10515.72
5472.93 10501.65
5478.06 10487.64
5483.15 10473.76
5488.31 10459.69
5493.76 10444.83
5499.23 10429.93
5504.78 10414.78
5510.09 10400.32
5515.59 10385.30
5520.95 10370.68
5526.15 10356.52
5531.68 10341.43
5537.02 10326.88
5542.22 10312.68
5547.49 10298.47
5552.97 10284.14
5558.47 10269.80
5564.11 10255.06
5569.83 10240.12
5575.21 10226.08
5580.75 10211.62
5586.03 10197.82
5591.81 10182.73
5597.17 10168.73
5602.54 10154.65
5607.89 10140.61
5613.39 10126.21
5618.88 10111.82
5624.28 10097.68
5629.83 10083.11
5635.56 10068.10
5641.30 10053.06
5646.84 10038.54
5652.43 10023.91
5658.00 10009.29
5663.21 9995.28
5668.50 9980.97
5673.99 9966.12
5679.40 9951.48
5684.86 9936.72
5690.14 9922.23
5695.62 9907.11
5700.91 9892.52
5706.03 9878.40
5711.22 9864.07
5716.49 9849.55
5721.84 9834.78
5726.92 9820.77
5732.36 9805.73
5737.37 9791.91
5742.87 9776.73
5748.18 9762.15
5753.52 9747.75
5759.08 9732.74
5764.29 9718.66
5769.81 9703.77
5775.16 9689.31
5780.27 9675.51
5785.52 9661.33
5791.06 9646.38
5796.21 9632.48
5801.35 9618.60
5806.85 9603.76
5811.96 9589.96
5817.15 9575.96
5822.42 9561.73
5827.63 9547.66
5832.74 9533.85
5838.22 9519.05
5843.34 9505.24
5848.65 9490.36
5853.55 9476.48
5858.75 9461.73
5863.69 9447.73
5868.62 9433.75
5873.67 9419.46
5878.97 9404.43
5884.06 9390.00
5888.95 9376.14
5893.98 9361.87
5899.23 9347.00
5904.36 9332.44
5909.34 9317.94
5898.70 9308.51
5885.31 9299.94
5873.53 9291.15
5865.78 9277.40
5858.15 9263.86
5850.81 9250.84
5843.13 9237.21
5838.60 9222.41
5836.46 9206.89
5834.44 9192.19
5832.27 9176.48
5831.95 9160.84
5838.48 9147.20
5845.00 9133.57
5851.75 9119.49
5858.45 9105.47
5871.30 9097.39
5885.53 9089.82
5899.09 9082.59
5912.34 9075.54
5922.84 9064.44
5932.15 9051.37
5941.56 9038.16
5950.55 9025.54
5959.75 9012.63
5965.21 8998.66
5965.95 8983.09
5963.85 8968.60
5953.04 8956.61
5939.09 8951.01
5924.03 8950.87
5908.53 8952.43
5893.06 8953.98
5877.23 8955.57
5862.16 8957.08
5847.31 8957.66
5831.51 8958.12
5815.88 8958.58
5800.73 8959.03
5785.72 8963.79
5770.65 8969.05
5756.00 8974.17
5741.79 8979.13
5726.13 8980.91
5710.21 8980.64
5694.60 8980.38
5678.61 8980.11
5663.82 8979.86
5648.88 8979.61
5633.33 8977.15
5618.84 8971.93
5604.67 8966.81
5589.64 8961.39
5574.84 8956.05
5559.62 8951.53
5544.14 8948.01
5531.32 8940.96
5521.94 8929.46
5515.55 8919.59
5516.21 8911.00
5516.54 8906.56
5516.57 8906.14
5516.60 8905.84
5516.60 8905.77
5516.60 8905.76
5516.60 8905.76
5516.60 8905.76
5516.60 8905.76
5516.60 8905.76
5516.60 8905.76
5516.60 8905.76
5516.60 8905.76
5516.60 8905.76
5516.60 8905.76
5516.60 8905.76
5516.60 8905.76
5516.60 8905.76
5516.60 8905.76
5516.60 8905.76
5516.60 8905.76
5516.60 8905.76
5516.60 8905.76
5516.60 8905.76
5516.60 8905.76
5516.60 8905.76
5516.60 8905.76
5516.60 8905.76
5516.60 8905.76
5516.60 8905.76
5516.60 8905.76
5516.60 8905.76
5516.60 8905.76
5516.60 8905.76
5516.60 8905.76
5516.73 8903.06
5513.78 8899.44
5506.76 8896.23
5499.51 8888.59
5488.28 8882.55
5477.84 8875.65
5467.56 8867.85
5457.93 8858.93
5448.61 8849.22
5441.16 8839.31
5434.15 8829.34
5429.17 8817.96
5424.68 8806.53
5420.46 8794.15
5421.37 8780.10
5419.73 8770.70
5418.61 8764.24
5418.25 8762.14
5418.20 8761.87
5418.17 8761.70
5414.92 8762.22
5414.91 8762.20
5414.91 8762.20
5414.91 8762.20
5414.91 8762.20
5414.91 8762.20
5411.65 8762.77
5411.65 8762.77
5411.65 8762.77
5411.65 8762.77
5411.65 8762.77
5411.65 8762.77
5411.65 8762.77
5411.65 8762.77
5411.65 8762.77
5411.26 8760.50
5410.60 8756.56
5412.86 8750.11
5411.45 8741.79
5409.82 8731.95
5411.12 8719.63
5409.03 8706.93
5406.89 8694.58
5404.76 8682.43
5403.45 8670.07
5402.81 8658.15
5402.14 8645.76
5402.74 8633.67
5403.49 8620.66
5404.30 8607.46
5407.43 8595.68
5411.72 8583.97
5416.80 8572.55
5422.31 8561.14
5429.55 8551.16
5437.84 8541.49
5446.94 8533.09
5456.34 8524.80
5465.94 8516.31
5474.86 8508.37
5483.44 8498.60
5489.07 8492.19
5499.63 8489.98
5512.27 8493.75
5526.48 8491.40
5539.03 8481.80
5549.82 8470.55
5559.98 8458.43
5568.91 8446.70
5576.29 8432.72
5581.60 8417.83
5585.37 8403.44
5589.18 8388.90
5593.10 8373.97
5594.98 8353.77
5599.03 8338.32
5602.42 8323.73
5604.47 8308.98
5606.66 8293.19
5609.86 8277.71
5618.24 8265.05
5633.37 8265.10
5642.54 8277.23
5639.82 8291.95
5638.63 8307.22
5646.45 8320.56
5661.12 8322.15
5676.23 8317.27
5689.86 8310.06
5702.99 8303.05
5714.88 8293.98
5727.29 8283.73
5741.98 8277.68
5755.33 8271.18
5769.32 8264.37
5782.90 8257.76
5797.72 8252.29
5812.41 8248.68
5827.54 8245.73
5842.47 8244.00
5858.41 8242.30
5873.37 8241.36
5889.06 8240.36
5905.00 8238.10
5920.33 8234.94
5936.03 8231.65
5950.19 8226.73
5964.25 8220.21
5977.80 8212.55
5990.81 8204.60
6003.59 8196.73
6016.24 8188.91
6028.96 8179.52
6040.71 8169.72
6049.39 8160.72
6055.22 8154.14
6059.10 8151.63
6065.17 8153.19
6072.38 8158.23
6081.19 8164.75
6091.37 8172.28
6102.17 8180.27
6111.86 8187.45
6121.78 8194.79
6132.29 8202.57
6143.08 8210.55
6153.13 8217.99
6163.54 8225.69
6174.09 8233.50
6184.66 8241.45
6194.86 8249.29
6205.15 8257.20
6215.01 8264.77
6225.10 8272.53
6235.64 8280.63
6246.29 8288.81
6256.80 8296.89
6264.74 8302.99
6269.82 8306.89
6277.01 8307.97
6283.58 8298.25
6290.39 8288.17
6297.73 8277.12
6304.61 8266.89
6311.55 8256.27
6318.46 8245.37
6325.18 8235.05
6331.98 8224.93
6338.71 8214.58
6345.26 8204.40
6351.95 8194.01
6358.45 8183.90
6365.36 8173.15
6372.40 8162.22
6379.44 8151.15
6385.99 8140.50
6392.36 8130.00
6398.88 8119.24
6404.93 8109.26
6411.17 8098.98
6417.95 8087.79
6424.63 8076.77
6431.14 8066.03
6437.88 8054.93
6444.57 8043.89
6451.00 8033.29
6457.80 8022.06
6464.21 8011.49
6473.18 8001.37
6483.24 7992.66
6493.09 7984.14
6502.62 7975.90
6512.12 7967.68
6521.63 7959.44
6531.32 7951.06
6541.29 7942.44
6551.23 7933.84
6560.32 7925.98
6570.39 7917.26
6580.13 7908.83
6589.42 7900.79
6599.51 7892.07
6609.44 7883.48
6618.70 7875.46
6626.35 7868.84
6630.61 7865.16
6631.57 7864.33
6631.82 7864.11
6631.94 7864.01
6631.96 7863.99
6631.96 7863.99
6631.96 7863.99
6631.96 7863.98
6631.96 7863.98
6631.96 7863.98
6631.96 7863.98
6631.96 7863.98
6631.96 7863.98
6631.96 7863.98
6631.96 7863.98
6631.96 7863.98
6631.96 7863.98
6631.96 7863.98
6631.96 7863.98
6631.96 7863.98
6631.96 7863.98
6631.96 7863.98
6631.96 7863.98
6631.96 7863.98
6631.96 7863.98
6631.96 7863.98
6631.96 7863.98
6631.96 7863.98
6631.96 7863.98
6631.96 7863.98
6631.96 7863.98
6631.96 7863.98
6631.96 7863.98
6631.96 7863.98
6631.96 7863.98
6634.10 7862.14
6638.91 7859.31
6645.98 7856.80
6655.59 7853.41
6667.31 7849.28
6679.61 7844.94
6691.65 7840.00
6702.85 7835.30
6714.11 7830.59
6725.44 7824.67
6735.92 7818.46
6746.47 7812.15
6756.91 7805.77
6767.85 7799.08
6778.08 7792.84
6788.89 7786.23
6799.27 7779.73
6808.05 7771.35
6817.54 7762.30
6826.45 7753.79
6835.69 7744.98
6841.75 7739.19
6844.57 7736.50
6845.86 7735.27
6845.91 7735.23
6845.91 7735.23
6845.91 7735.23
6845.91 7735.23
6845.91 7735.23
6845.91 7735.23
6845.91 7735.23
6845.91 7735.23
6845.91 7735.23
6845.91 7735.23
6845.91 7735.23
6845.91 7735.23
6845.91 7735.23
6845.91 7735.23
6847.92 7733.81
6852.03 7731.70
6858.20 7729.31
6865.09 7722.96
6873.09 7714.65
6883.08 7704.27
6894.91 7691.97
6907.78 7678.60
6920.63 7665.18
6930.00 7648.95
6938.87 7633.58
6946.12 7622.00
6953.70 7616.67
6957.60 7613.93
6958.02 7613.63
6958.13 7613.56
6958.18 7613.52
6958.22 7613.49
6958.23 7613.49
6958.23 7613.49
6958.23 7613.49
6958.23 7613.49
6958.23 7613.49
6958.23 7613.49
6958.23 7613.49
6958.23 7613.49
6958.23 7613.49
6958.23 7613.49
6958.23 7613.49
6958.23 7613.49
6958.23 7613.49
6958.23 7613.49
6958.23 7613.49
6958.23 7613.49
6958.23 7613.49
6958.23 7613.49
6958.23 7613.49
6958.23 7613.49
6958.23 7613.49
6958.23 7613.49
6958.23 7613.49
6958.23 7613.49
6958.23 7613.49
6958.23 7613.49
6958.23 7613.49
6958.23 7613.49
6958.23 7613.49
6958.23 7613.49
6958.23 7613.49
6958.23 7613.49
6958.23 7613.49
6958.23 7613.49
6958.23 7613.49
6958.23 7613.49
6958.23 7613.49
6958.23 7613.49
6958.23 7613.49
6958.23 7613.49
6958.23 7613.49
6958.23 7613.49
6958.23 7613.49
6958.23 7613.49
6960.20 7611.95
6963.76 7608.98
6968.11 7603.64
6971.28 7595.84
6974.84 7586.53
6978.62 7574.82
6981.70 7561.75
6984.67 7549.11
6987.55 7537.07
6991.44 7524.29
6994.94 7512.71
6998.48 7500.86
7002.27 7488.43
7005.99 7476.14
7009.54 7464.34
7013.04 7452.72
7016.81 7440.19
7020.46 7427.78
7024.15 7415.16
7027.88 7402.37
7031.48 7390.07
7034.96 7378.15
7038.37 7366.47
7041.34 7356.29
7043.25 7349.77
7043.89 7347.56
7043.97 7347.29
7044.02 7347.12
7044.03 7347.10
7044.03 7347.09
7044.03 7347.09
7044.03 7347.09
7044.03 7347.09
7044.03 7347.09
7044.03 7347.09
7044.73 7344.66
7046.22 7339.49
7048.30 7332.27
7050.91 7323.18
7054.02 7312.32
7057.56 7299.97
7060.97 7288.07
7063.79 7278.23
7065.73 7271.47
7066.43 7269.03
7066.46 7268.93
7066.46 7268.92
7066.46 7268.91
7066.46 7268.91
7066.46 7268.91
7066.46 7268.91
7066.46 7268.91
7066.46 7268.91
7066.46 7268.91
7066.46 7268.91
7066.46 7268.91
7066.46 7268.91
7066.46 7268.91
7066.46 7268.91
7066.46 7268.91
7066.46 7268.91
7066.46 7268.91
7066.46 7268.91
7066.46 7268.91
7066.46 7268.91
7066.46 7268.91
7066.46 7268.91
7066.46 7268.91
7066.46 7268.91
7066.46 7268.91
7066.46 7268.91
7066.46 7268.91
7066.46 7268.91
7066.46 7268.91
7066.46 7268.91
7066.46 7268.91
7066.46 7268.91
7066.46 7268.91
7066.46 7268.91
7066.46 7268.91
7066.46 7268.91
7066.46 7268.91
7066.46 7268.91
7066.46 7268.91
7066.46 7268.91
7066.46 7268.91
7066.46 7268.91
7066.46 7268.91
7066.46 7268.91
7066.46 7268.91
7067.23 7266.59
7069.05 7261.56
7072.42 7255.00
7076.55 7246.41
7077.24 7233.70
7081.03 7221.79
7083.65 7213.57
7085.39 7208.09
7082.81 7202.26
7072.58 7199.43
7060.54 7196.21
7047.88 7192.60
7035.51 7189.37
7023.06 7186.02
7010.27 7182.41
6998.36 7179.35
6991.28 7168.66
6989.42 7155.91
6989.90 7143.49
6990.38 7130.92
6990.78 7120.43
6991.02 7114.19
6991.09 7112.50
6991.09 7112.48
6991.09 7112.48
6991.09 7112.48
6991.09 7112.48
6991.09 7112.48
6991.09 7112.48
6991.13 7111.45
6991.19 7109.87
6991.34 7106.01
6991.50 7101.80
6991.77 7094.75
6986.79 7086.22
6975.73 7087.81
6963.28 7089.59
6950.15 7091.47
6937.39 7091.93
6931.04 7082.86
6931.58 7070.84
6932.31 7057.49
6933.00 7044.92
6933.67 7032.51
6934.38 7019.58
6935.07 7006.94
6935.76 6994.37
6936.46 6981.47
6937.13 6969.31
6937.80 6957.05
6938.31 6947.78
6938.67 6941.08
6938.86 6937.59
6938.97 6935.66
6939.20 6931.36
6939.48 6926.36
6939.85 6919.60
6940.11 6914.74
6940.22 6912.67
6940.24 6912.35
6940.24 6912.32
6940.24 6912.31
6940.24 6912.30
6940.24 6912.30
6940.24 6912.30
6940.24 6912.30
6940.24 6912.30
6940.24 6912.30
6940.24 6912.30
6940.24 6912.30
6936.95 6912.12
6937.05 6910.11
6937.25 6906.13
6937.48 6901.56
6937.79 6895.46
6938.24 6886.41
6935.46 6875.40
6936.06 6862.80
6936.66 6850.18
6937.29 6836.93
6938.46 6824.31
6940.35 6811.91
6941.87 6802.75
6942.82 6797.01
6943.17 6794.92
6943.27 6794.32
6943.28 6794.29
6943.28 6794.29
6943.28 6794.29
6943.28 6794.29
6943.28 6794.29
6943.28 6794.29
6943.28 6794.29
6943.28 6794.29
6943.28 6794.29
6943.28 6794.29
6943.28 6794.29
6943.28 6794.29
6943.28 6794.29
6943.28 6794.29
6943.28 6794.29
6943.28 6794.29
6943.28 6794.29
6943.28 6794.29
6943.28 6794.29
6943.28 6794.29
6943.28 6794.29
6943.28 6794.29
6943.28 6794.29
6943.28 6794.29
6943.28 6794.29
6943.28 6794.29
6943.28 6794.29
6943.28 6794.29
6943.28 6794.29
6943.28 6794.29
6943.28 6794.29
6943.28 6794.29
6943.28 6794.29
6943.28 6794.29
6943.28 6794.29
6943.28 6794.29
6943.28 6794.29
6943.28 6794.29
6943.28 6794.29
6943.28 6794.29
6943.28 6794.29
6943.28 6794.29
6943.28 6794.29
6943.28 6794.29
6943.28 6794.29
6943.28 6794.29
6943.28 6794.29
6943.28 6794.29
6943.28 6794.29
6943.78 6791.48
6944.74 6786.25
6946.71 6778.99
6950.55 6769.39
6955.36 6757.57
6960.18 6745.71
6964.78 6734.40
6969.68 6722.34
6974.33 6710.89
6979.38 6698.47
6984.44 6686.01
6989.08 6674.59
6993.65 6663.35
6998.37 6651.73
7003.30 6639.58
7008.06 6627.89
7012.97 6615.80
7017.77 6603.99
7022.61 6592.07
7027.46 6580.13
7035.07 6570.17
7039.40 6559.52
7042.04 6553.02
7043.66 6549.04
7043.67 6549.01
7043.67 6549.00
7043.67 6549.00
7043.67 6549.00
7043.67 6549.00
7043.67 6549.00
7043.67 6549.00
7043.67 6549.00
7043.67 6549.00
7043.67 6549.00
7043.67 6549.00
7043.67 6549.00
7043.67 6549.00
7043.67 6549.00
7043.67 6549.00
7043.96 6548.29
7044.05 6548.08
7044.05 6548.07
7044.05 6548.07
7044.05 6548.07
7044.05 6548.07
7044.05 6548.07
7044.05 6548.07
7044.05 6548.07
7044.05 6548.07
7044.05 6548.07
7044.05 6548.07
7040.99 6546.83
7041.05 6546.67
7041.74 6544.76
7042.99 6540.53
7041.35 6535.04
7034.38 6531.32
7025.01 6526.33
7013.82 6520.36
7001.17 6513.61
6988.05 6506.62
6973.79 6499.01
6960.86 6490.10
6949.26 6479.33
6938.24 6468.64
6927.48 6458.21
6916.02 6447.09
6905.38 6436.73
6893.98 6425.31
6883.58 6414.89
6872.94 6404.21
6862.12 6392.62
6852.10 6380.19
6842.09 6367.79
6832.39 6355.76
6823.88 6342.28
6815.63 6328.87
6807.54 6315.72
6799.57 6303.26
6790.87 6290.03
6782.59 6277.44
6774.81 6263.97
6767.76 6250.73
6762.46 6236.28
6758.86 6221.52
6755.36 6206.89
6752.87 6192.24
6750.68 6177.05
6752.40 6161.91
6755.96 6146.32
6761.77 6132.55
6770.60 6118.96
6781.47 6108.59
6793.26 6097.75
6805.10 6086.77
6816.28 6076.03
6827.81 6064.86
6839.03 6054.00
6847.79 6040.83
6854.47 6027.46
6858.99 6013.46
6863.91 5998.23
6868.50 5983.98
6873.13 5969.65
6877.60 5955.80
6880.88 5945.64
6882.78 5939.75
6883.58 5937.26
6883.66 5937.02
6883.70 5936.88
6883.71 5936.87
6883.71 5936.87
6883.71 5936.87
6883.71 5936.87
6883.71 5936.87
6883.71 5936.87
6883.71 5936.87
6883.71 5936.87
6883.71 5936.87
6883.71 5936.87
6883.71 5936.87
6883.71 5936.87
6883.71 5936.87
6883.71 5936.87
6884.11 5935.63
6885.35 5931.76
6885.61 5927.03
6879.91 5920.66
6870.41 5919.60
6858.54 5923.02
6845.22 5923.02
6833.06 5913.67
6824.72 5900.67
6816.39 5887.71
6807.97 5874.59
6799.60 5861.56
6791.00 5848.16
6782.35 5834.70
6771.50 5823.91
6763.20 5811.10
6754.54 5798.73
6745.50 5785.83
6735.65 5773.49
6725.10 5762.95
6712.63 5755.15
6698.37 5748.76
6684.14 5742.36
6670.12 5736.02
6656.18 5730.15
6644.88 5725.52
6637.73 5722.60
6634.71 5721.36
6634.63 5721.33
6634.62 5721.32
6634.62 5721.32
6634.62 5721.32
6634.62 5721.32
6634.62 5721.32
6634.62 5721.32
6634.62 5721.32
6634.62 5721.32
6634.62 5721.32
6634.62 5721.32
6634.62 5721.32
6634.62 5721.32
6634.62 5721.32
6634.62 5721.32
6634.62 5721.32
6634.62 5721.32
6634.62 5721.32
6634.62 5721.32
6634.62 5721.32
6634.62 5721.32
6634.62 5721.32
6634.62 5721.32
6634.62 5721.32
6634.62 5721.32
6633.79 5720.99
6631.50 5720.05
6626.69 5718.08
6619.18 5715.67
6610.32 5717.29
6598.93 5720.50
6588.19 5725.46
6575.57 5729.03
6563.15 5730.17
6549.91 5730.40
6537.21 5729.48
6525.19 5728.61
6512.29 5727.91
6499.64 5727.58
6487.57 5727.31
6474.98 5727.45
6462.75 5727.58
6449.49 5728.14
6436.20 5728.84
6423.96 5729.60
6411.48 5730.93
6399.48 5732.20
6386.80 5733.55
6378.34 5733.70
6374.37 5733.64
6373.55 5733.43
6373.33 5733.37
6373.28 5733.36
6373.27 5733.36
6373.17 5733.33
6370.47 5732.64
6365.28 5731.24
6358.72 5726.91
6352.77 5719.27
6347.08 5708.31
6341.13 5696.87
6335.20 5685.46
6329.65 5673.55
6326.54 5663.15
6324.20 5655.27
6323.12 5651.62
6319.78 5651.97
6318.72 5648.39
6317.20 5643.24
6315.12 5636.40
6312.21 5626.92
6308.54 5615.32
6304.82 5603.55
6304.14 5590.42
6300.35 5577.75
6296.97 5565.05
6294.31 5552.74
6292.21 5539.73
6290.27 5527.66
6288.53 5514.91
6287.01 5502.40
6285.50 5489.96
6284.11 5477.76
6282.81 5465.65
6281.41 5452.34
6279.81 5439.49
6277.81 5426.46
6275.89 5414.33
6273.75 5402.02
6271.68 5389.36
6269.55 5376.24
6267.49 5363.58
6265.26 5350.76
6262.93 5337.70
6260.98 5325.82
6258.94 5313.00
6257.26 5301.37
6256.16 5293.00
6256.46 5289.07
6260.64 5284.46
6268.33 5281.92
6278.46 5280.30
6290.87 5277.08
6302.40 5273.45
6314.90 5269.51
6327.11 5265.63
6339.34 5261.00
6351.79 5256.29
6363.84 5251.73
6375.79 5247.32
6387.56 5239.76
6399.61 5235.59
6411.20 5231.59
6422.90 5227.55
6434.89 5223.41
6447.60 5219.02
6459.72 5214.84
6471.87 5210.64
6483.29 5206.70
6494.96 5202.67
6506.69 5198.56
6518.75 5194.32
6530.87 5190.11
6542.57 5186.12
6554.87 5181.92
6566.86 5177.82
6578.88 5173.72
6591.22 5169.50
6602.92 5165.51
6614.79 5161.45
6626.18 5157.56
6639.60 5156.47
6652.19 5152.17
6664.96 5147.81
6676.78 5143.77
6688.54 5139.69
6700.59 5135.48
6712.19 5131.44
6723.59 5127.47
6735.63 5123.27
6747.07 5119.28
6758.99 5115.12
6771.40 5110.79
6782.87 5106.79
6794.43 5102.76
6807.15 5098.33
6819.10 5094.16
6831.59 5089.81
6843.38 5085.22
6855.14 5080.87
6867.75 5076.60
6880.51 5072.57
6893.08 5068.62
6905.50 5065.07
6916.31 5061.87
6922.94 5060.30
6930.92 5063.23
6934.76 5073.08
6938.74 5085.26
6942.77 5097.56
6946.73 5109.66
6950.85 5122.28
6957.96 5133.38
6961.96 5145.61
6966.06 5158.15
6969.89 5169.83
6973.81 5181.83
6977.67 5193.66
6981.40 5205.83
6991.49 5212.50
7004.53 5214.20
7017.85 5215.94
7030.15 5217.55
7043.53 5219.30
7055.91 5220.92
7068.54 5222.57
7080.65 5224.15
7092.95 5225.76
7105.17 5227.58
7117.94 5231.85
7129.88 5237.28
7141.34 5243.40
7152.03 5249.66
7163.65 5256.46
7174.62 5262.85
7185.97 5269.47
7197.56 5276.22
7208.82 5283.42
7219.26 5291.17
7229.02 5299.00
7237.51 5307.78
7246.30 5316.85
7254.62 5326.33
7261.82 5337.71
7268.22 5349.35
7273.12 5360.66
7276.06 5373.76
7277.18 5387.04
7276.40 5399.42
7275.02 5412.79
7273.74 5425.28
7270.02 5437.30
7264.98 5448.84
7259.82 5460.63
7254.88 5471.93
7249.52 5484.19
7243.97 5495.46
7256.29 5496.51
7268.51 5495.42
7281.62 5495.65
7293.96 5496.18
7306.73 5498.90
7319.52 5501.63
7329.44 5499.68
7326.32 5486.50
7321.75 5474.53
7316.93 5462.43
7311.90 5449.79
7306.98 5437.45
7302.15 5425.32
7297.56 5413.78
7292.71 5401.62
7287.95 5389.66
7283.12 5377.56
7278.44 5365.79
7273.64 5353.76
7269.14 5342.45
7264.61 5330.25
7261.23 5318.10
7260.02 5304.88
7261.13 5291.41
7265.25 5278.77
7272.58 5268.22
7281.80 5259.31
7292.28 5250.69
7301.99 5243.99
7309.16 5238.96
7312.60 5236.53
7312.95 5236.29
