9809.13 862.27
9808.19 864.19
9806.44 867.75
9803.70 873.36
9799.91 881.09
9795.31 890.49
9789.91 901.52
9783.89 913.82
9777.85 926.17
9772.22 937.66
9766.53 949.26
9760.79 960.94
9754.77 973.19
9749.00 984.94
9743.19 996.77
9737.61 1008.13
9731.82 1019.93
9726.14 1031.50
9717.02 1042.59
9711.92 1052.99
9708.80 1059.35
9707.42 1062.17
9707.29 1062.42
9707.28 1062.46
9707.27 1062.48
9707.26 1062.49
9707.26 1062.49
9707.26 1062.49
9707.26 1062.49
9707.26 1062.49
9707.26 1062.49
9707.26 1062.49
9707.26 1062.49
9707.26 1062.49
9707.26 1062.49
9707.26 1062.49
9707.26 1062.49
9707.26 1062.49
9707.26 1062.49
9707.26 1062.49
9707.26 1062.49
9707.26 1062.49
9707.26 1062.49
9707.26 1062.49
9707.26 1062.49
9707.26 1062.49
9707.26 1062.49
9707.26 1062.49
9707.26 1062.49
9707.26 1062.49
9707.26 1062.49
9707.26 1062.49
9706.13 1064.77
9704.08 1068.88
9701.14 1074.79
9697.16 1082.59
9692.40 1091.69
9686.74 1102.53
9680.55 1114.38
9674.69 1125.60
9668.42 1137.61
9662.12 1149.65
9656.12 1161.13
9650.09 1172.67
9643.57 1184.93
9637.38 1196.56
9631.27 1208.03
9625.01 1219.73
9619.02 1230.85
9612.91 1242.22
9606.52 1254.51
9600.69 1265.76
9594.34 1277.50
9587.93 1289.37
9581.43 1301.40
9575.30 1312.75
9568.85 1324.68
9562.31 1336.80
9555.95 1348.57
9549.67 1360.19
9543.62 1371.39
9537.24 1383.21
9531.11 1394.56
9525.00 1405.86
9518.89 1417.17
9512.28 1429.40
9505.63 1441.72
9499.44 1453.18
9493.07 1464.97
9486.55 1477.04
9479.92 1489.32
9473.49 1501.23
9467.05 1513.14
9460.82 1524.67
9454.37 1536.62
9447.84 1548.72
9441.69 1560.13
9436.47 1569.82
9432.72 1576.79
9431.10 1579.79
9430.64 1580.64
9430.55 1580.81
9430.54 1580.82
9430.54 1580.84
9430.53 1580.84
9430.53 1580.84
9430.53 1580.84
9430.53 1580.84
9430.53 1580.84
9430.53 1580.84
9430.53 1580.84
9430.53 1580.84
9430.53 1580.84
9430.53 1580.84
9430.53 1580.84
9430.53 1580.84
9430.53 1580.84
9430.53 1580.84
9430.53 1580.84
9430.53 1580.84
9430.53 1580.84
9430.53 1580.84
9430.53 1580.84
9430.53 1580.84
9430.53 1580.84
9430.53 1580.84
9430.53 1580.84
9430.53 1580.84
9430.53 1580.84
9430.53 1580.84
9430.53 1580.84
9430.53 1580.84
9429.33 1583.09
9427.17 1587.17
9423.74 1593.65
9419.34 1601.96
9413.88 1612.40
9407.74 1624.27
9401.77 1635.82
9395.69 1647.58
9389.57 1659.41
9383.25 1671.64
9377.39 1682.96
9371.46 1694.43
9365.69 1705.71
9359.78 1717.35
9354.25 1729.15
9348.40 1741.64
9342.94 1753.83
9337.46 1766.14
9332.71 1779.21
9328.40 1792.17
9324.12 1805.28
9319.82 1818.45
9315.71 1831.02
9312.62 1843.33
9309.54 1855.72
9306.22 1869.07
9303.21 1881.51
9300.46 1894.65
9298.06 1907.98
9296.28 1921.78
9294.82 1935.67
9293.39 1949.13
9291.99 1962.42
9290.66 1975.01
9289.82 1988.96
9289.81 2002.80
9289.80 2016.66
9289.79 2030.06
9290.43 2043.84
9291.06 2057.10
9291.67 2069.79
9292.33 2083.44
9293.06 2097.02
9294.13 2110.25
9295.34 2123.45
9296.59 2137.17
9297.54 2147.61
9298.14 2154.24
9298.50 2158.15
9298.50 2158.17
9298.50 2158.18
9298.50 2158.18
9298.50 2158.18
9298.50 2158.18
9298.50 2158.18
9298.50 2158.18
9298.50 2158.18
9298.50 2158.18
9298.50 2158.18
9298.50 2158.18
9298.50 2158.18
9298.50 2158.18
9298.50 2158.18
9298.50 2158.18
9298.50 2158.18
9298.50 2158.18
9298.50 2158.18
9298.50 2158.18
9298.50 2158.18
9298.50 2158.18
9298.50 2158.18
9298.50 2158.18
9298.50 2158.18
9298.50 2158.18
9298.50 2158.18
9298.50 2158.18
9298.50 2158.18
9298.50 2158.18
9298.50 2158.18
9298.50 2158.18
9298.63 2159.64
9298.91 2162.68
9299.41 2168.17
9300.05 2175.22
9300.87 2184.24
9300.26 2195.32
9299.40 2208.48
9298.20 2222.38
9296.90 2235.07
9294.55 2248.66
9291.32 2262.08
9287.68 2274.29
9283.26 2287.55
9278.90 2300.58
9274.45 2313.86
9270.43 2325.87
9266.54 2338.73
9266.04 2351.85
9262.42 2363.90
9258.92 2375.57
9255.14 2388.94
9251.91 2400.75
9248.31 2413.95
9244.88 2426.48
9241.45 2439.04
9237.86 2451.94
9234.24 2464.73
9230.52 2477.90
9227.06 2490.83
9223.75 2504.05
9220.57 2516.76
9217.32 2529.76
9214.10 2542.62
9210.76 2555.93
9207.26 2569.38
9203.87 2582.34
9200.69 2594.50
9198.47 2602.97
9197.22 2607.77
9196.94 2608.83
9196.83 2609.23
9196.83 2609.25
9196.82 2609.27
9196.82 2609.28
9196.82 2609.28
9196.82 2609.28
9196.82 2609.28
9196.82 2609.28
9196.82 2609.28
9196.82 2609.28
9196.82 2609.28
9196.82 2609.28
9196.82 2609.28
9196.82 2609.28
9196.82 2609.28
9196.82 2609.28
9196.82 2609.28
9196.82 2609.28
9196.82 2609.28
9196.82 2609.28
9196.82 2609.28
9196.82 2609.28
9196.82 2609.28
9196.82 2609.28
9196.82 2609.28
9196.82 2609.28
9196.82 2609.28
9196.82 2609.28
9196.82 2609.28
9196.82 2609.28
9196.82 2609.28
9196.82 2609.28
9196.82 2609.28
9196.82 2609.28
9196.82 2609.28
9196.82 2609.28
9196.82 2609.28
9196.82 2609.28
9196.82 2609.28
9196.82 2609.28
9196.82 2609.28
9196.50 2610.50
9195.75 2613.39
9194.45 2618.20
9192.62 2624.82
9190.27 2633.19
9187.05 2644.13
9182.23 2657.23
9176.73 2669.27
9169.61 2680.45
9160.37 2691.32
9149.87 2699.89
9137.45 2705.70
9124.36 2709.97
9111.33 2710.95
9097.21 2711.32
9084.62 2707.74
9071.84 2704.01
9059.30 2700.35
9046.75 2696.45
9033.60 2691.70
9020.64 2687.00
9008.40 2682.44
8995.81 2677.77
8984.13 2673.44
8972.40 2669.26
8960.59 2665.74
8948.28 2662.08
8935.70 2659.34
8923.31 2661.46
8912.35 2667.74
8903.65 2678.33
8895.28 2688.43
8886.57 2698.60
8877.00 2708.19
8868.01 2717.19
8858.62 2726.59
8848.78 2736.44
8839.11 2746.12
8829.56 2755.68
8819.74 2765.52
8810.59 2774.67
8803.46 2785.22
8796.60 2795.85
8789.95 2807.80
8783.96 2818.74
8778.58 2830.08
8773.35 2842.20
8768.10 2854.36
8764.26 2867.35
8761.12 2879.67
8757.98 2891.96
8754.88 2904.15
8751.87 2917.51
8750.25 2930.85
8751.18 2944.16
8756.19 2955.93
8761.85 2968.10
8767.31 2979.73
8772.75 2991.32
8778.41 3003.38
8784.23 3015.78
8790.18 3028.44
8795.37 3040.43
8800.16 3053.54
8804.79 3066.22
8808.52 3079.57
8809.39 3092.72
8810.26 3105.77
8811.18 3119.74
8812.03 3132.44
8812.87 3145.27
8813.75 3158.45
8814.62 3171.38
8815.55 3184.88
8816.13 3198.60
8815.21 3212.41
8813.40 3225.40
8810.04 3238.05
8804.55 3250.54
8798.56 3262.39
8791.37 3273.05
8783.67 3283.38
8773.99 3292.32
8763.91 3300.44
8752.43 3307.90
8741.72 3314.84
8730.60 3322.08
8719.61 3329.38
8709.00 3336.42
8698.38 3343.47
8687.47 3350.71
8676.49 3358.00
8665.27 3365.45
8654.22 3373.36
8643.94 3380.73
8633.75 3388.31
8623.62 3396.22
8613.14 3404.62
8603.77 3414.02
8594.15 3423.66
8585.19 3433.46
8576.50 3443.12
8567.92 3453.30
8559.49 3463.56
8550.95 3473.94
8542.29 3484.47
8533.68 3494.95
8525.38 3505.71
8518.18 3516.31
8510.62 3527.43
8503.23 3538.60
8497.43 3550.09
8491.40 3562.03
8485.48 3573.75
8480.05 3586.65
8474.90 3598.97
8469.80 3611.16
8464.51 3623.82
8459.12 3636.71
8453.83 3649.36
8448.89 3661.17
8443.61 3672.69
8438.03 3684.52
8432.22 3696.30
8425.71 3708.64
8419.26 3721.03
8412.98 3732.77
8405.56 3744.66
8399.02 3756.80
8392.84 3768.25
8386.48 3780.04
8380.42 3791.29
8374.24 3802.74
8368.16 3814.02
8361.73 3825.93
8355.63 3837.26
8349.32 3848.95
8342.89 3860.88
8336.51 3872.85
8330.08 3884.91
8323.87 3896.58
8317.85 3907.87
8311.32 3920.12
8304.99 3931.87
8296.18 3941.23
8287.00 3950.98
8276.79 3959.21
8265.31 3964.20
8254.99 3972.50
8244.57 3980.87
8233.67 3989.58
8224.69 3999.02
8216.53 4008.83
8208.42 4019.34
8199.98 4030.28
8191.35 4041.00
8182.66 4051.21
8174.16 4061.17
8165.35 4071.51
8156.56 4081.83
8147.48 4092.48
8138.63 4102.87
8130.36 4112.58
8122.96 4121.80
8116.42 4132.01
8111.28 4142.66
8106.38 4153.35
8101.73 4163.67
8097.75 4174.12
8093.05 4186.41
8088.53 4198.92
8087.45 4212.30
8083.09 4225.29
8078.74 4238.26
8074.67 4250.40
8070.49 4262.86
8066.36 4275.19
8062.27 4287.43
8057.86 4300.60
8053.69 4313.04
8049.26 4326.28
8044.84 4339.46
8040.73 4351.74
8036.70 4363.74
8032.24 4377.01
8027.93 4389.86
8023.64 4402.62
8019.18 4415.90
8015.25 4427.62
8012.67 4435.30
8008.40 4437.66
8006.92 4442.06
8006.47 4443.42
8006.47 4443.42
8006.47 4443.42
8006.47 4443.42
8006.47 4443.42
8006.47 4443.42
8006.47 4443.42
8006.47 4443.42
8006.47 4443.42
8006.47 4443.42
8006.47 4443.42
8006.47 4443.42
8006.47 4443.42
8006.47 4443.42
8006.47 4443.42
8006.47 4443.42
8006.47 4443.42
8006.47 4443.42
8006.47 4443.42
8006.47 4443.42
8006.47 4443.42
8006.47 4443.42
8006.47 4443.42
8006.47 4443.42
8006.47 4443.42
8006.47 4443.42
8006.47 4443.42
8006.47 4443.42
8006.47 4443.42
8006.47 4443.42
8005.99 4444.84
8005.30 4446.90
8004.07 4450.58
8002.35 4455.70
8000.08 4462.45
7997.22 4471.09
7993.64 4481.95
7989.68 4494.05
7985.56 4506.65
7981.55 4518.93
7977.25 4531.70
7972.96 4544.41
7968.68 4557.08
7964.29 4570.07
7959.84 4583.28
7955.41 4596.39
7951.14 4609.05
7946.94 4621.51
7942.72 4634.08
7938.41 4646.92
7934.19 4659.51
7929.75 4672.76
7925.39 4685.76
7921.33 4697.87
7917.17 4710.31
7912.72 4723.23
7908.19 4736.08
7903.99 4748.00
7899.43 4760.93
7895.23 4772.85
7893.86 4786.64
7889.52 4798.94
7884.94 4811.88
7880.42 4824.68
7875.76 4837.42
7870.45 4849.59
7864.81 4862.42
7859.29 4874.96
7853.85 4887.12
7847.12 4898.96
7840.28 4910.12
7833.45 4921.26
7826.42 4932.72
7819.38 4944.19
7812.44 4955.48
7805.15 4966.81
7797.82 4977.78
7790.51 4988.70
7783.38 4999.36
7775.59 5011.01
7768.44 5021.69
7761.23 5032.39
7753.40 5043.48
7745.58 5054.49
7737.62 5065.70
7729.58 5077.00
7722.07 5087.58
7716.31 5095.68
7712.37 5101.22
7711.05 5103.08
7710.31 5104.12
7710.28 5104.17
7710.26 5104.19
7710.26 5104.19
7710.26 5104.19
7710.26 5104.19
7710.26 5104.19
7710.26 5104.19
7710.26 5104.19
7710.26 5104.19
7709.69 5104.99
7707.95 5107.44
7705.61 5110.73
7701.92 5115.93
7696.69 5123.18
7687.99 5129.30
7682.40 5132.54
7678.34 5134.90
7675.43 5136.30
7673.95 5136.98
7673.53 5137.18
7673.24 5137.31
7673.15 5137.35
7673.13 5137.36
7673.13 5137.36
7673.13 5137.36
7673.13 5137.36
7673.13 5137.36
7673.13 5137.36
7673.13 5137.36
7673.13 5137.36
7673.13 5137.36
7673.13 5137.36
7673.13 5137.36
7673.13 5137.36
7673.13 5137.36
7673.13 5137.36
7673.13 5137.36
7673.13 5137.36
7673.13 5137.36
7672.16 5137.81
7670.49 5138.59
7667.30 5140.06
7661.94 5142.54
7654.76 5145.86
7644.69 5150.08
7632.64 5153.86
7619.72 5157.61
7607.51 5160.88
7594.20 5163.44
7580.58 5165.43
7567.84 5166.60
7553.88 5168.13
7540.92 5170.00
7527.29 5171.99
7513.64 5173.99
7499.83 5175.98
7487.07 5177.80
7474.29 5179.62
7462.84 5181.26
7449.80 5183.23
7437.90 5186.60
7425.17 5190.20
7412.71 5193.72
7401.20 5197.39
7389.69 5204.57
7378.65 5211.45
7367.23 5218.57
7356.82 5225.51
7346.62 5232.71
7335.67 5240.43
7324.41 5248.38
7313.71 5255.93
7303.10 5263.25
7292.81 5271.61
7283.54 5280.57
7277.71 5291.98
7276.55 5304.70
7278.02 5317.71
7281.84 5329.74
7286.48 5341.42
7291.52 5354.06
7296.32 5366.13
7301.34 5378.74
7306.16 5390.83
7310.84 5402.56
7315.67 5414.71
7320.50 5426.81
7325.58 5439.56
7329.87 5450.34
7333.70 5459.94
7336.39 5466.69
7337.93 5470.57
7338.34 5471.60
7338.66 5472.40
7335.24 5472.74
7335.35 5473.03
7335.41 5473.16
7335.44 5473.23
7335.44 5473.23
7335.44 5473.23
7335.44 5473.23
7335.44 5473.23
7335.44 5473.23
7335.44 5473.23
7335.44 5473.23
7335.44 5473.23
7335.44 5473.23
7335.44 5473.23
7335.44 5473.23
7335.44 5473.23
7335.44 5473.23
7335.44 5473.23
7335.44 5473.23
7335.44 5473.23
7335.44 5473.23
7335.44 5473.23
7335.44 5473.23
7335.44 5473.23
7335.44 5473.23
7335.44 5473.23
7335.72 5473.94
7336.49 5475.89
7337.80 5479.17
7339.33 5484.15
7340.92 5490.87
7342.94 5499.36
7345.58 5510.43
7349.00 5523.56
7353.35 5535.57
7358.12 5548.72
7362.66 5561.24
7367.00 5573.23
7371.94 5585.93
7377.19 5598.93
7382.06 5610.96
7384.20 5625.06
7388.74 5636.29
7391.60 5643.35
7395.03 5651.71
7399.18 5661.75
7404.33 5674.29
7409.16 5686.07
7414.10 5698.09
7419.32 5710.79
7424.38 5723.11
7427.88 5734.82
7430.56 5747.49
7431.71 5760.88
7430.95 5774.12
7429.24 5786.58
7425.70 5799.56
7421.24 5811.48
7415.29 5823.09
7409.54 5834.32
7403.59 5845.95
7397.73 5857.39
7393.93 5864.90
7391.63 5869.52
7391.31 5870.17
7391.10 5870.60
7391.02 5870.75
7391.02 5870.75
7391.02 5870.76
7391.02 5870.76
7391.02 5870.76
7391.02 5870.76
7391.02 5870.76
7391.02 5870.76
7391.02 5870.76
7391.02 5870.76
7391.02 5870.76
7391.02 5870.76
7391.02 5870.76
7391.02 5870.76
7391.02 5870.76
7391.02 5870.76
7391.02 5870.76
7391.02 5870.76
7391.02 5870.76
7391.02 5870.76
7391.02 5870.76
7391.02 5870.76
7391.02 5870.76
7391.02 5870.76
7391.02 5870.76
7391.02 5870.76
7391.02 5870.76
7391.02 5870.76
7391.02 5870.76
7391.02 5870.76
7391.02 5870.76
7391.02 5870.76
7391.02 5870.76
7391.02 5870.76
7391.02 5870.76
7391.02 5870.76
7391.02 5870.76
7391.02 5870.76
7391.02 5870.76
7391.02 5870.76
7391.02 5870.76
7391.02 5870.76
7391.02 5870.76
7391.02 5870.76
7391.02 5870.76
7391.02 5870.76
7391.02 5870.76
7390.51 5871.79
7388.94 5874.88
7386.52 5879.69
7382.90 5887.00
7378.18 5896.54
7372.48 5908.07
7366.33 5920.62
7360.60 5932.35
7354.80 5944.23
7349.16 5955.76
7343.16 5968.03
7337.22 5980.18
7331.12 5992.67
7327.89 6006.64
7321.92 6018.68
7315.80 6031.04
7309.79 6043.16
7303.96 6054.93
7297.79 6067.42
7291.68 6079.93
7285.97 6091.70
7280.24 6103.64
7274.98 6114.60
7271.62 6121.62
7269.88 6125.25
7269.36 6126.33
7269.27 6126.51
7269.20 6126.65
7266.21 6125.24
7266.02 6125.64
7266.00 6125.68
7266.00 6125.69
7265.99 6125.70
7265.99 6125.70
7265.99 6125.70
7265.99 6125.70
7265.99 6125.70
7265.99 6125.70
7265.99 6125.70
7265.99 6125.70
7265.99 6125.70
7265.99 6125.70
7265.99 6125.70
7265.99 6125.70
7265.99 6125.70
7265.99 6125.70
7265.99 6125.70
7265.99 6125.70
7265.99 6125.70
7265.99 6125.70
7265.99 6125.70
7265.99 6125.70
7265.99 6125.70
7265.99 6125.70
7265.99 6125.70
7265.99 6125.70
7265.99 6125.70
7265.99 6125.70
7265.99 6125.70
7265.99 6125.70
7265.99 6125.70
7265.99 6125.70
7265.99 6125.70
7265.99 6125.70
7265.99 6125.70
7265.99 6125.70
7265.99 6125.70
7265.99 6125.70
7265.99 6125.70
7265.99 6125.70
7265.42 6126.90
7263.89 6130.08
7261.39 6135.27
7258.11 6142.04
7253.64 6151.18
7248.42 6161.85
7242.81 6173.33
7236.67 6185.89
7230.89 6197.71
7225.10 6209.48
7219.13 6221.33
7212.95 6233.59
7207.10 6245.20
7200.94 6257.43
7194.68 6269.84
7188.45 6282.20
7182.42 6294.10
7176.11 6306.54
7170.10 6318.40
7163.91 6330.61
7157.90 6342.47
7151.64 6354.82
7145.66 6366.63
7139.47 6378.84
7133.64 6390.34
7127.90 6401.67
7121.97 6413.36
7115.79 6425.55
7109.49 6437.98
7103.75 6449.18
7097.74 6460.58
7091.30 6472.71
7085.21 6484.19
7079.29 6495.34
7073.36 6506.52
7067.94 6516.73
7064.05 6523.86
7061.83 6527.61
7061.57 6528.05
7061.47 6528.22
7061.44 6528.26
7061.43 6528.28
7061.43 6528.28
7061.43 6528.28
7061.43 6528.28
7061.43 6528.28
7061.43 6528.28
7061.43 6528.28
7061.43 6528.28
7061.43 6528.28
7061.43 6528.28
7061.43 6528.28
7061.43 6528.28
7061.43 6528.28
7061.43 6528.28
7061.43 6528.28
7061.43 6528.28
7061.43 6528.28
7061.43 6528.28
7061.43 6528.28
7061.43 6528.28
7061.43 6528.28
7061.43 6528.28
7061.43 6528.28
7061.43 6528.28
7061.43 6528.28
7061.43 6528.28
7061.43 6528.28
7061.43 6528.28
7061.43 6528.28
7061.43 6528.28
7061.43 6528.28
7061.43 6528.28
7061.43 6528.28
7061.43 6528.28
7061.43 6528.28
7061.43 6528.28
7061.43 6528.28
7061.43 6528.28
7060.33 6530.32
7058.15 6534.66
7054.94 6541.06
7050.61 6549.68
7049.05 6562.07
7043.90 6574.73
7038.87 6587.11
7034.11 6598.85
7028.96 6611.51
7024.11 6623.44
7019.06 6635.87
7014.26 6647.69
7009.38 6659.70
7004.46 6671.82
6999.24 6684.65
6990.95 6696.29
6986.15 6708.11
6981.37 6719.87
6976.34 6732.23
6971.36 6744.49
6967.98 6752.80
6966.01 6757.67
6965.67 6758.50
6965.52 6758.88
6965.44 6759.05
6965.43 6759.09
6965.43 6759.10
6965.43 6759.10
6965.43 6759.10
6965.43 6759.10
6965.43 6759.10
6965.43 6759.10
6965.15 6759.79
6964.26 6761.97
6962.72 6765.76
6960.50 6771.40
6958.07 6779.23
6955.14 6788.65
6952.26 6800.57
6950.07 6813.82
6948.08 6827.07
6947.01 6840.73
6946.53 6850.93
6946.26 6856.63
6946.10 6860.14
6946.09 6860.28
6946.08 6860.37
6946.08 6860.41
6946.08 6860.45
6946.08 6860.46
6946.08 6860.47
6946.08 6860.47
6946.08 6860.47
6946.04 6861.35
6945.88 6864.65
6945.64 6869.74
6945.52 6872.33
6945.48 6873.24
6945.45 6873.75
6945.45 6873.85
6948.74 6874.06
6948.63 6876.26
6948.44 6880.36
6948.16 6886.32
6948.01 6889.36
6948.01 6889.43
6948.01 6889.43
6948.01 6889.43
6948.01 6889.43
6948.01 6889.43
6948.01 6889.43
6948.01 6889.43
6948.01 6889.43
6951.31 6889.59
6951.31 6889.59
6951.31 6889.59
6951.31 6889.59
6951.31 6889.59
6951.31 6889.59
6951.31 6889.59
6951.31 6889.59
6951.31 6889.59
6951.31 6889.59
6951.31 6889.59
6951.31 6889.59
6951.31 6889.59
6951.31 6889.59
6951.31 6889.59
6951.31 6889.59
6951.31 6889.59
6951.31 6889.59
6951.31 6889.59
6951.31 6889.59
6951.31 6889.59
6951.31 6889.59
6951.31 6889.59
6951.31 6889.59
6951.31 6889.59
6951.31 6889.59
6951.31 6889.59
6951.31 6889.59
6951.31 6889.59
6951.31 6889.59
6951.31 6889.59
6951.31 6889.59
6951.31 6889.59
6951.31 6889.59
6951.31 6889.59
6951.31 6889.59
6951.31 6889.59
6951.31 6889.59
6951.31 6889.59
6951.31 6889.59
6951.31 6889.59
6951.31 6889.59
6951.31 6889.59
6951.31 6889.59
6951.31 6889.59
6951.31 6889.59
6951.31 6889.59
6951.20 6891.77
6951.19 6892.01
6951.04 6894.90
6947.48 6899.86
6943.83 6906.76
6943.35 6916.03
6942.76 6926.90
6942.04 6939.92
6941.30 6953.53
6940.54 6967.45
6939.85 6980.10
6939.11 6993.62
6938.41 7006.30
6937.71 7019.14
6936.98 7032.40
6936.41 7042.85
6936.01 7050.28
6935.73 7055.33
6935.67 7056.43
6935.64 7056.97
6935.62 7057.37
6935.61 7057.43
6935.53 7058.99
6935.31 7062.99
6935.27 7063.65
6935.26 7063.82
6935.26 7063.90
6935.26 7063.92
6935.26 7063.94
6935.26 7063.94
6935.26 7063.94
6935.26 7063.94
6935.26 7063.94
6935.26 7063.94
6935.26 7063.94
6935.26 7063.94
6935.26 7063.97
6935.22 7064.61
6935.07 7067.31
6934.83 7071.74
6934.50 7077.85
6934.33 7080.83
6934.31 7081.31
6934.31 7081.35
6934.30 7081.36
6934.30 7081.36
6934.30 7081.36
6934.30 7081.36
6934.30 7081.36
6934.30 7081.36
6934.30 7081.36
6934.30 7081.36
6934.30 7081.36
6934.30 7081.36
6934.30 7081.36
6934.30 7081.36
6934.30 7081.36
6934.30 7081.36
6934.30 7081.36
6934.30 7081.36
6934.30 7081.36
6934.30 7081.36
6934.30 7081.36
6934.30 7081.36
6934.30 7081.36
6934.30 7081.36
6934.30 7081.36
6934.30 7081.36
6934.30 7081.36
6934.30 7081.36
6934.30 7081.36
6934.30 7081.36
6934.30 7081.36
6934.30 7081.36
6934.30 7081.36
6934.30 7081.36
6934.30 7081.36
6934.30 7081.36
6934.30 7081.36
6934.30 7081.36
6934.30 7081.36
6934.30 7081.36
6934.30 7081.36
6934.30 7081.36
6934.30 7081.36
6934.30 7081.36
6934.30 7081.36
6934.30 7081.36
6934.30 7081.36
6934.30 7081.36
6933.95 7083.76
6933.16 7087.45
6930.15 7091.64
6924.33 7094.67
6915.49 7096.41
6904.18 7098.01
6891.48 7099.81
6877.19 7101.83
6861.08 7104.11
6844.86 7106.41
6832.00 7108.23
6824.06 7112.69
6819.97 7113.27
6819.75 7113.30
6819.66 7113.31
6819.63 7113.32
6819.63 7113.32
6819.62 7113.32
6819.62 7113.32
6819.62 7113.32
6819.62 7113.32
6819.62 7113.32
6819.62 7113.32
6819.62 7113.32
6819.62 7113.32
6819.62 7113.32
6819.62 7113.32
6819.62 7113.32
6819.62 7113.32
6819.62 7113.32
6816.88 7113.71
6812.04 7114.39
6804.74 7115.42
6795.34 7116.75
6783.18 7118.47
6768.89 7120.49
6753.16 7126.08
6736.87 7128.30
6720.60 7130.55
6705.03 7133.10
6689.19 7136.61
6673.57 7141.55
6658.61 7146.41
6643.74 7153.53
6629.66 7161.50
6615.67 7169.41
6601.69 7177.31
6587.72 7185.21
6573.67 7193.38
6558.42 7202.10
6542.00 7212.10
6525.81 7221.96
6511.99 7229.09
6496.07 7234.86
6483.74 7238.40
6471.45 7241.60
6459.17 7244.79
6445.85 7248.26
6432.27 7251.79
6419.67 7255.07
6407.20 7258.31
6394.92 7261.50
6381.62 7264.96
6372.68 7267.29
6368.10 7268.48
6367.16 7268.72
6366.84 7268.81
6366.58 7268.87
6365.67 7265.71
6363.77 7266.20
6359.64 7267.28
6358.66 7267.53
6358.43 7267.59
6358.41 7267.59
6358.41 7267.60
6358.40 7267.60
6358.40 7267.60
6358.40 7267.60
6358.40 7267.60
6358.40 7267.60
6358.40 7267.60
6358.40 7267.60
6358.40 7267.60
6358.40 7267.60
6358.40 7267.60
6358.40 7267.60
6358.40 7267.60
6358.40 7267.60
6358.40 7267.60
6358.40 7267.60
6358.40 7267.60
6358.40 7267.60
6358.40 7267.60
6358.05 7267.69
6355.23 7268.42
6352.02 7269.26
6346.22 7270.77
6337.88 7272.95
6327.94 7275.58
6315.73 7278.83
6303.28 7282.20
6290.22 7285.73
6277.04 7289.30
6263.94 7293.08
6251.39 7296.81
6238.26 7300.72
6225.87 7304.09
6212.79 7307.41
6200.44 7310.81
6187.08 7314.54
6174.79 7317.73
6162.23 7320.94
6148.85 7324.36
6136.03 7327.96
6123.56 7331.46
6110.46 7335.14
6098.03 7338.57
6085.49 7342.03
6073.26 7345.35
6060.81 7348.49
6047.52 7351.99
6035.27 7355.22
6022.06 7358.48
6008.46 7361.72
5995.06 7365.14
5982.58 7368.69
5969.42 7372.42
5955.98 7376.15
5943.26 7379.65
5930.71 7383.10
5917.43 7386.76
5905.20 7390.09
5892.52 7393.48
5879.33 7397.00
5866.22 7400.53
5854.48 7403.73
5842.54 7407.01
5829.38 7410.63
5817.33 7413.94
5805.43 7417.21
5792.54 7417.33
5780.51 7420.63
5768.65 7423.89
5757.02 7427.15
5744.28 7430.79
5731.68 7434.38
5719.11 7437.96
5706.04 7441.61
5693.66 7445.02
5681.32 7448.41
5668.84 7451.73
5656.93 7455.04
5648.78 7457.29
5644.15 7458.55
5643.00 7458.87
5642.92 7458.89
5642.90 7458.90
5642.89 7458.90
5642.89 7458.90
5642.89 7458.90
5642.89 7458.90
5642.89 7458.90
5642.89 7458.90
5642.89 7458.90
5642.89 7458.90
5642.89 7458.90
5642.89 7458.90
5642.89 7458.90
5642.89 7458.90
5642.89 7458.90
5642.89 7458.90
5642.89 7458.90
5642.89 7458.90
5642.89 7458.90
5642.89 7458.90
5642.89 7458.90
5642.89 7458.90
5642.89 7458.90
5642.89 7458.90
5642.89 7458.90
5642.89 7458.90
5642.89 7458.90
5642.89 7458.90
5642.89 7458.90
5642.89 7458.90
5642.89 7458.90
5642.89 7458.90
5642.89 7458.90
5642.89 7458.90
5642.89 7458.90
5642.89 7458.90
5641.35 7459.32
5637.67 7460.32
5631.89 7461.86
5623.52 7464.05
5613.81 7466.54
5602.55 7469.44
5589.02 7472.92
5576.41 7476.16
5562.84 7479.66
