6112.39 5657.20
6109.99 5657.44
6105.20 5657.93
6098.92 5658.56
6090.05 5659.45
6081.16 5660.35
6076.74 5660.79
6076.29 5660.84
6076.29 5660.84
6076.29 5660.84
6076.29 5660.84
6076.29 5660.84
6073.67 5661.57
6072.54 5666.58
6072.89 5673.58
6073.36 5682.94
6073.91 5693.89
6074.57 5707.04
6075.22 5720.04
6075.79 5731.29
6076.12 5738.04
6076.24 5740.30
6076.24 5740.33
6076.24 5740.34
6076.24 5740.35
6076.24 5740.35
6076.24 5740.35
6076.24 5740.35
6076.24 5740.35
6076.24 5740.35
6076.24 5740.35
6076.24 5740.35
6076.24 5740.35
6076.24 5740.35
6076.24 5740.35
6076.24 5740.35
6076.24 5740.35
6076.24 5740.35
6076.24 5740.35
6076.24 5740.35
6076.24 5740.35
6076.24 5740.35
6076.24 5740.35
6076.24 5740.35
6076.24 5740.35
6076.24 5740.35
6076.24 5740.35
6076.24 5740.35
6076.24 5740.35
6076.24 5740.35
6076.24 5740.35
6076.24 5740.35
6076.52 5742.51
6080.09 5744.25
6086.55 5747.18
6095.54 5746.66
6106.76 5749.37
6120.01 5748.69
6133.15 5748.02
6146.21 5747.35
6159.55 5746.67
6172.82 5745.99
6184.93 5745.37
6197.56 5744.72
6209.85 5744.01
6222.60 5743.04
6235.53 5742.06
6248.22 5741.08
6260.93 5739.95
6274.00 5738.97
6287.26 5738.15
6300.22 5737.32
6313.34 5736.48
6325.92 5735.74
6334.02 5735.32
6337.83 5735.12
6338.85 5735.07
6339.06 5735.05
6339.14 5735.05
6339.18 5735.05
6339.18 5735.05
6339.18 5735.05
6339.18 5735.05
6339.18 5735.05
6339.18 5735.05
6339.18 5735.05
6339.18 5735.05
6339.18 5735.05
6339.18 5735.05
6339.18 5735.05
6339.18 5735.05
6339.18 5735.05
6339.18 5735.05
6339.18 5735.05
6339.18 5735.05
6339.18 5735.05
6339.18 5735.05
6339.18 5735.05
6339.89 5735.01
6342.90 5734.86
6347.66 5734.78
6353.37 5735.13
6360.62 5736.75
6369.32 5740.74
6379.04 5747.14
6389.41 5754.48
6398.75 5762.19
6407.76 5770.62
6413.54 5781.13
6418.88 5793.05
6423.54 5804.33
6428.18 5815.66
6432.91 5827.22
6440.38 5836.76
6445.23 5848.60
6449.30 5860.33
6453.37 5871.63
6457.81 5883.31
6462.35 5895.15
6466.81 5906.78
6471.11 5917.98
6475.48 5929.39
6480.18 5941.73
6484.39 5952.98
6489.00 5965.32
6493.63 5977.72
6498.08 5989.63
6502.33 6001.02
6506.49 6012.28
6510.50 6024.09
6514.69 6036.65
6518.85 6049.13
6523.06 6061.79
6527.26 6074.38
6531.31 6086.53
6533.97 6098.53
6536.34 6110.81
6536.50 6123.04
6538.01 6135.32
6535.83 6147.52
6533.97 6159.76
6532.75 6171.94
6531.44 6184.60
6527.96 6196.74
6524.50 6208.84
6521.09 6220.77
6517.59 6233.01
6513.83 6245.54
6510.15 6257.73
6506.29 6270.51
6502.77 6282.16
6499.17 6294.06
6495.37 6306.63
6492.49 6319.44
6490.25 6332.47
6488.71 6341.38
6487.91 6346.02
6487.49 6348.47
6487.44 6348.80
6487.42 6348.89
6487.42 6348.90
6484.17 6348.35
6484.17 6348.35
6484.17 6348.35
6484.17 6348.35
6484.17 6348.35
6480.91 6347.80
6480.86 6348.07
6480.82 6348.29
6480.82 6348.29
6480.82 6348.29
6480.82 6348.29
6480.82 6348.29
6480.82 6348.29
6480.82 6348.29
6480.82 6348.29
6480.82 6348.29
6480.82 6348.29
6480.82 6348.29
6480.82 6348.29
6480.82 6348.29
6480.82 6348.29
6480.82 6348.29
6480.82 6348.29
6480.82 6348.29
6480.82 6348.29
6480.82 6348.29
6480.82 6348.29
6480.66 6349.26
6480.12 6352.35
6479.33 6357.55
6478.29 6365.10
6478.08 6374.67
6478.00 6385.89
6477.90 6398.95
6477.80 6411.83
6477.67 6423.97
6480.70 6436.37
6480.42 6449.43
6480.67 6461.69
6481.42 6474.51
6482.14 6486.81
6483.14 6499.50
6483.66 6511.86
6484.22 6524.18
6485.55 6536.09
6487.02 6549.09
6487.72 6561.61
6488.65 6574.34
6489.75 6587.50
6491.47 6600.69
6490.39 6612.72
6488.26 6624.98
6486.01 6637.96
6483.96 6649.79
6481.83 6662.09
6479.70 6674.95
6477.64 6687.86
6475.57 6700.82
6473.62 6713.09
6471.65 6725.46
6469.56 6738.53
6467.48 6751.57
6465.45 6764.31
6463.80 6774.05
6462.56 6781.09
6462.10 6783.70
6462.05 6784.01
6462.03 6784.08
6462.03 6784.11
6462.03 6784.11
6462.03 6784.11
6462.03 6784.11
6462.03 6784.11
6461.78 6785.51
6461.39 6787.73
6460.65 6791.95
6459.65 6797.62
6458.23 6805.53
6455.74 6815.51
6451.86 6826.28
6447.57 6837.77
6443.23 6849.41
6439.00 6860.75
6436.30 6867.97
6435.08 6871.25
6433.06 6876.66
6432.26 6878.79
6432.26 6878.80
6432.26 6878.80
6432.26 6878.80
6432.26 6878.80
6432.26 6878.80
6432.26 6878.80
6432.26 6878.80
6432.26 6878.80
6432.26 6878.80
6432.26 6878.80
6432.26 6878.80
6432.26 6878.80
6432.26 6878.80
6432.26 6878.80
6432.26 6878.80
6432.26 6878.80
6432.26 6878.80
6432.26 6878.80
6432.26 6878.80
6432.26 6878.80
6432.26 6878.80
6432.26 6878.80
6432.26 6878.80
6432.26 6878.80
6432.26 6878.80
6432.26 6878.80
6432.26 6878.80
6432.26 6878.80
6432.26 6878.80
6432.26 6878.80
6432.26 6878.80
6432.26 6878.80
6432.26 6878.80
6432.26 6878.80
6432.26 6878.80
6432.26 6878.80
6432.26 6878.80
6432.26 6878.80
6432.26 6878.80
6431.51 6880.78
6429.97 6884.81
6427.57 6891.06
6424.29 6899.55
6420.01 6910.50
6415.30 6922.58
6410.54 6934.78
6402.70 6945.81
6397.60 6957.72
6392.25 6969.91
6388.43 6981.66
6384.72 6993.50
6382.80 7006.55
6383.17 7019.34
6385.89 7032.36
6390.64 7043.96
6395.80 7055.57
6402.50 7065.97
6409.52 7077.24
6416.50 7088.44
6423.21 7099.20
6430.50 7110.48
6437.37 7120.50
6444.24 7130.52
6451.37 7140.93
6458.20 7150.89
6465.56 7161.62
6472.56 7171.84
6479.44 7181.88
6486.86 7192.70
6493.47 7202.35
6498.69 7209.96
6501.11 7214.98
6501.24 7222.37
6493.75 7228.19
6483.17 7231.74
6470.42 7235.05
6458.68 7238.11
6446.56 7241.26
6433.73 7244.60
6422.75 7250.86
6410.67 7254.00
6398.04 7257.29
6386.15 7260.38
6374.23 7263.48
6361.54 7266.78
6352.52 7269.13
6347.87 7270.34
6347.02 7270.56
6346.87 7270.60
6345.97 7267.43
6345.66 7267.50
6345.52 7267.54
6345.49 7267.55
6345.47 7267.55
6345.47 7267.55
6345.46 7267.56
6345.46 7267.56
6345.46 7267.56
6345.46 7267.56
6345.46 7267.56
6345.46 7267.56
6345.46 7267.56
6345.46 7267.56
6345.46 7267.56
6345.46 7267.56
6345.46 7267.56
6345.46 7267.56
6345.46 7267.56
6345.46 7267.56
6345.46 7267.56
6345.46 7267.56
6345.46 7267.56
6345.46 7267.56
6345.46 7267.56
6345.46 7267.56
6345.46 7267.56
6345.46 7267.56
6345.46 7267.56
6345.46 7267.56
6345.46 7267.56
6343.77 7268.00
6340.83 7268.76
6335.19 7270.25
6328.21 7272.10
6318.57 7274.66
6306.74 7277.85
6294.54 7281.15
6281.87 7284.58
6270.02 7291.27
6258.54 7294.69
6246.01 7298.42
6234.11 7301.96
6221.23 7305.27
6208.48 7308.57
6196.89 7311.80
6184.61 7315.22
6171.96 7318.45
6160.08 7321.49
6148.07 7324.58
6135.19 7328.19
6123.51 7331.47
6111.63 7334.81
6099.74 7338.10
6087.23 7341.56
6074.69 7344.97
6062.18 7348.12
6049.63 7351.43
6037.59 7354.61
6025.42 7357.68
6012.62 7360.73
5999.69 7363.82
5987.49 7367.29
5979.17 7369.66
5975.17 7370.80
5973.83 7371.18
5973.76 7371.20
5973.70 7371.21
5973.70 7371.22
5973.69 7371.22
5973.69 7371.22
5973.69 7371.22
5973.69 7371.22
5973.69 7371.22
5973.69 7371.22
5973.69 7371.22
5973.69 7371.22
5973.69 7371.22
5973.69 7371.22
5973.69 7371.22
5973.69 7371.22
5973.69 7371.22
5973.69 7371.22
5973.69 7371.22
5973.69 7371.22
5973.69 7371.22
5973.69 7371.22
5973.69 7371.22
5973.69 7371.22
5973.69 7371.22
5973.69 7371.22
5973.69 7371.22
5973.69 7371.22
5973.69 7371.22
5973.69 7371.22
5973.69 7371.22
5973.69 7371.22
5973.69 7371.22
5973.69 7371.22
5973.69 7371.22
5973.69 7371.22
5973.69 7371.22
5973.69 7371.22
5973.69 7371.22
5973.69 7371.22
5973.69 7371.22
5973.69 7371.22
5973.69 7371.22
5973.69 7371.22
5973.69 7371.22
5971.75 7371.76
5967.54 7372.94
5961.43 7374.65
5953.56 7376.81
5943.80 7379.50
5931.85 7382.79
5919.20 7386.27
5907.49 7389.47
5895.51 7392.68
5883.32 7395.94
5870.82 7399.28
5858.47 7402.64
5846.55 7405.91
5834.13 7409.32
5822.28 7412.58
5809.86 7415.99
5797.59 7419.36
5785.39 7422.72
5775.43 7425.45
5769.76 7427.01
5762.28 7429.09
5753.17 7431.67
5741.99 7434.87
5729.48 7438.44
5716.87 7442.02
5704.17 7445.55
5691.67 7448.98
5679.49 7452.36
5666.76 7455.74
5654.51 7459.13
5642.91 7462.31
5635.65 7464.28
5626.28 7466.74
5615.19 7469.59
5602.58 7472.83
5589.71 7476.15
5577.15 7479.38
5565.45 7482.39
5552.74 7485.65
5539.82 7488.98
5527.68 7492.10
5515.54 7495.25
5502.91 7498.57
5490.39 7501.86
5477.62 7505.22
5464.81 7508.58
5452.16 7511.86
5439.23 7515.16
5426.30 7518.54
5414.67 7521.62
5402.64 7524.80
5390.06 7528.13
5377.40 7531.48
5364.76 7534.82
5352.13 7538.17
5340.55 7541.23
5327.87 7544.59
5316.26 7547.66
5304.17 7550.86
5291.74 7554.10
5279.45 7557.18
5267.39 7560.37
5255.10 7563.78
5242.55 7567.17
5230.03 7570.65
5217.27 7574.31
5204.55 7577.96
5192.38 7581.44
5180.82 7584.75
5168.92 7588.16
5156.75 7591.65
5146.67 7594.54
5140.80 7596.22
5138.02 7597.02
5137.01 7597.31
5136.99 7597.31
5136.98 7597.31
5136.98 7597.31
5136.98 7597.31
5136.98 7597.31
5134.78 7597.94
5130.42 7599.15
5124.91 7604.03
5116.79 7606.01
5106.03 7608.63
5093.10 7611.78
5080.18 7614.94
5067.99 7617.91
5055.20 7621.03
5042.51 7624.12
5030.03 7627.16
5017.88 7630.13
5004.90 7633.20
4992.94 7635.82
4985.38 7637.47
4982.22 7638.17
4981.84 7638.25
4981.81 7638.26
4981.81 7638.26
4981.81 7638.26
4981.80 7638.26
4980.81 7638.48
4977.48 7639.21
4971.76 7640.66
4963.97 7642.79
4954.81 7645.30
4943.48 7648.71
4931.21 7652.52
4918.32 7655.97
4906.71 7659.05
4894.20 7658.95
4881.55 7662.30
4869.48 7665.49
4856.73 7668.87
4844.12 7672.20
4832.45 7675.29
4820.69 7678.40
4808.32 7681.61
4796.19 7684.74
4784.46 7687.78
4772.12 7690.97
4759.88 7694.13
4747.19 7697.41
4734.70 7700.69
4722.46 7703.91
4709.68 7707.26
4696.91 7710.62
4684.36 7713.91
4672.42 7717.05
4660.08 7720.25
4647.60 7723.42
4635.96 7726.37
4623.29 7729.57
4610.79 7732.73
4599.05 7735.70
4587.41 7738.65
4574.49 7741.92
4562.12 7745.11
4550.43 7748.17
4537.91 7751.48
4526.23 7754.58
4514.12 7757.80
4501.29 7761.15
4489.35 7763.92
4477.48 7766.76
4465.15 7769.84
4452.49 7772.92
4440.67 7775.79
4428.75 7778.68
4416.88 7781.56
4404.03 7784.68
4391.06 7787.82
4379.10 7790.70
4366.21 7793.82
4354.35 7796.68
4341.55 7799.78
4328.74 7802.87
4316.73 7805.77
4304.83 7808.65
4292.65 7811.59
4280.35 7814.56
4267.71 7817.59
4255.71 7820.47
4243.39 7823.84
4230.81 7827.31
4218.69 7830.65
4206.32 7834.06
4194.51 7837.32
4182.43 7840.65
4169.84 7844.13
4157.92 7847.42
4145.91 7850.73
4133.25 7854.22
4120.56 7857.73
4107.83 7861.24
4097.07 7867.63
4084.94 7870.98
4073.33 7874.18
4061.82 7877.35
4049.06 7880.87
4036.55 7884.33
4025.59 7887.37
4014.40 7890.49
4006.76 7896.13
4002.68 7909.20
3993.74 7919.46
3982.52 7925.44
3969.45 7926.64
3957.62 7923.82
3947.12 7915.15
3935.24 7911.45
3923.29 7914.36
3910.43 7917.49
3897.93 7920.54
3885.79 7923.50
3872.83 7926.66
3860.85 7929.57
3848.42 7932.60
3835.77 7935.69
3824.00 7938.57
3821.46 7944.88
3821.06 7950.58
3819.17 7957.15
3815.39 7964.82
3808.76 7971.85
3801.16 7976.70
3794.68 7979.04
3791.98 7979.61
3790.90 7979.84
3789.87 7980.03
3786.19 7980.02
3780.78 7979.77
3773.86 7977.86
3764.68 7973.69
3756.55 7965.46
3750.21 7961.55
3737.31 7964.44
3725.15 7966.98
3712.08 7969.73
3699.94 7972.72
3687.37 7975.95
3675.48 7979.10
3663.85 7982.44
3652.36 7985.76
3640.81 7989.14
3628.20 7992.82
3615.68 7996.48
3604.02 7999.55
3591.31 8002.88
3578.55 8006.53
3566.27 8009.99
3554.24 8013.37
3541.44 8013.47
3530.71 8016.32
3524.33 8018.02
3522.30 8018.56
3522.06 8018.63
3522.04 8018.63
3522.04 8018.63
3522.04 8018.63
3522.04 8018.63
3522.04 8018.63
3522.04 8018.63
3522.04 8018.63
3522.04 8018.63
3522.04 8018.63
3522.04 8018.63
3522.04 8018.63
3522.04 8018.63
3522.04 8018.63
3519.65 8019.25
3514.74 8020.50
3508.21 8022.17
3499.21 8024.45
3487.55 8027.35
3475.53 8030.33
3462.85 8033.60
3450.58 8036.78
3438.03 8040.04
3426.06 8043.14
3414.10 8046.14
3401.15 8049.35
3388.68 8052.47
3376.90 8055.46
3365.20 8058.42
3352.88 8061.54
3340.74 8064.63
3328.93 8067.62
3317.44 8074.04
3305.51 8077.21
3293.94 8080.27
3281.32 8083.62
3269.25 8086.82
3257.20 8090.01
3245.02 8093.00
3234.83 8095.47
3228.36 8097.03
3226.00 8097.60
3224.96 8097.86
3224.88 8097.88
3224.85 8097.88
3224.84 8097.88
3224.84 8097.88
3224.84 8097.88
3224.84 8097.88
3224.84 8097.88
3224.84 8097.88
3224.84 8097.88
3224.84 8097.88
3224.84 8097.88
3224.84 8097.88
3224.84 8097.88
3224.84 8097.88
3224.84 8097.88
3224.84 8097.88
3224.84 8097.88
3224.84 8097.88
3224.84 8097.88
3224.84 8097.88
3224.84 8097.88
3224.84 8097.88
3224.84 8097.88
3224.84 8097.88
3224.84 8097.88
3224.84 8097.88
3224.84 8097.88
3224.84 8097.88
3224.84 8097.88
3224.84 8097.88
3224.84 8097.88
3224.84 8097.88
3224.84 8097.88
3224.84 8097.88
3224.84 8097.88
3224.84 8097.88
3224.84 8097.88
3224.84 8097.88
3224.84 8097.88
3224.84 8097.88
3224.84 8097.88
3222.74 8098.41
3219.02 8099.38
3213.77 8100.75
3206.98 8102.59
3198.16 8104.98
3187.36 8107.91
3175.44 8111.15
3163.22 8114.46
3150.58 8117.89
3138.71 8121.28
3125.96 8125.02
3113.68 8128.62
3101.89 8132.07
3089.58 8135.60
3076.71 8139.08
3064.54 8142.22
3052.58 8144.88
3040.46 8147.58
3027.90 8150.37
3015.66 8153.09
3002.90 8156.17
2990.66 8159.14
2978.02 8162.21
2969.75 8164.22
2965.85 8165.16
2965.78 8165.18
2965.76 8165.18
2965.76 8165.18
2965.76 8165.18
2965.76 8165.18
2965.76 8165.18
2965.76 8165.18
2965.76 8165.18
2965.76 8165.18
2965.76 8165.18
2965.76 8165.18
2965.76 8165.18
2965.76 8165.18
2965.76 8165.18
2965.76 8165.18
2965.76 8165.18
2965.76 8165.18
2965.76 8165.18
2965.76 8165.18
2965.76 8165.18
2965.76 8165.18
2965.76 8165.18
2965.76 8165.18
2965.76 8165.18
2965.76 8165.18
2963.98 8165.63
2960.05 8166.62
2953.73 8168.23
2944.90 8170.52
2933.42 8173.55
2921.55 8176.67
2908.89 8180.00
2896.31 8183.32
2884.21 8186.48
2871.38 8189.78
2859.35 8192.87
2847.34 8195.96
2835.54 8198.98
2823.11 8202.17
2810.97 8205.30
2798.29 8208.56
2786.13 8211.68
2774.39 8214.70
2762.64 8217.72
2749.87 8221.00
2737.44 8224.21
2724.66 8227.53
2712.59 8230.30
2700.53 8233.27
2688.24 8236.47
2675.89 8239.73
2664.12 8242.83
2651.85 8246.06
2639.53 8249.31
2627.79 8252.38
2615.08 8255.68
2602.78 8258.87
2590.34 8262.07
2578.31 8265.13
2570.50 8267.13
2566.17 8268.23
2564.99 8268.53
2564.36 8268.69
2564.29 8268.71
2564.27 8268.72
2564.25 8268.72
2564.24 8268.72
2564.24 8268.72
2564.24 8268.72
2564.24 8268.72
2564.24 8268.72
2564.24 8268.72
2564.24 8268.72
2564.24 8268.72
2564.24 8268.72
2564.24 8268.72
2564.24 8268.72
2564.24 8268.72
2564.24 8268.72
2564.24 8268.72
2564.24 8268.72
2564.24 8268.72
2564.24 8268.72
2564.24 8268.72
2564.24 8268.72
2564.24 8268.72
2564.24 8268.72
2564.24 8268.72
2564.24 8268.72
2564.24 8268.72
2564.24 8268.72
2564.24 8268.72
2564.24 8268.72
2564.24 8268.72
2564.24 8268.72
2564.24 8268.72
2564.24 8268.72
2564.24 8268.72
2564.24 8268.72
2564.24 8268.72
2564.24 8268.72
2564.24 8268.72
2564.24 8268.72
2564.24 8268.72
2564.24 8268.72
2564.24 8268.72
2564.24 8268.72
2564.24 8268.72
2564.24 8268.72
2564.24 8268.72
2564.24 8268.72
2564.24 8268.72
2564.24 8268.72
2564.24 8268.72
2564.24 8268.72
2562.05 8269.28
2557.74 8270.37
2551.18 8272.04
2545.77 8273.41
