4079.89 11341.65
4081.09 11340.35
4083.27 11338.01
4090.04 11335.57
4094.93 11330.29
4098.25 11322.32
4102.15 11312.98
4109.58 11303.75
4114.76 11291.33
4120.77 11276.88
4124.70 11259.66
4129.17 11240.11
4129.81 11219.61
4125.22 11199.11
4120.60 11179.72
4115.72 11160.23
4110.65 11139.98
4103.54 11122.20
4088.43 11120.00
4078.56 11114.74
4070.75 11103.42
4070.68 11091.57
4074.80 11083.92
4077.68 11080.01
4078.48 11079.28
4078.76 11079.03
4078.84 11078.96
4080.19 11078.15
4083.77 11075.96
4088.90 11072.48
4097.26 11071.35
4108.13 11071.27
4118.28 11080.97
4130.55 11081.50
4146.11 11079.16
4162.56 11076.69
4179.10 11074.20
4196.20 11071.81
4213.45 11070.25
4230.72 11068.68
4247.43 11067.16
4264.41 11065.62
4281.91 11066.85
4298.86 11071.35
4315.74 11075.82
4332.13 11080.17
4349.03 11084.65
4366.07 11089.18
4382.38 11093.50
4398.80 11097.86
4415.66 11102.33
4431.81 11106.62
4448.82 11111.13
4466.24 11114.60
4482.77 11117.61
4499.57 11120.66
4516.75 11123.79
4533.21 11126.36
4550.01 11125.22
4567.00 11124.08
4584.25 11122.91
4601.02 11121.78
4618.13 11120.63
4635.25 11119.47
4652.20 11115.43
4668.63 11110.95
4684.93 11106.50
4701.85 11101.89
4718.52 11097.35
4735.48 11091.71
4751.49 11084.19
4766.68 11077.06
4781.76 11069.97
4797.12 11062.77
4812.47 11055.56
4828.28 11048.13
4843.74 11040.87
4859.10 11033.66
4874.97 11026.21
4890.95 11018.71
4906.91 11011.21
4922.10 11004.08
4937.56 10996.82
4953.52 10989.33
4969.30 10981.92
4985.26 10974.43
5000.92 10967.07
5016.29 10959.86
5031.77 10952.59
5047.26 10945.31
5062.59 10938.11
5078.15 10930.81
5093.80 10923.64
5110.07 10917.25
5126.61 10910.75
5143.01 10904.30
5159.48 10897.83
5175.45 10891.55
5191.97 10888.44
5208.74 10887.40
5225.75 10886.34
5238.60 10883.36
5246.37 10870.77
5259.35 10864.13
5274.11 10865.01
5286.62 10863.62
5301.28 10856.67
5316.95 10849.23
5328.05 10836.98
5338.35 10823.80
5348.71 10809.35
5358.58 10794.68
5366.88 10779.81
5374.70 10763.79
5381.52 10747.57
5387.34 10731.99
5393.43 10715.69
5399.40 10699.72
5405.54 10683.31
5411.57 10667.18
5417.73 10650.69
5423.86 10634.28
5430.06 10617.72
5436.32 10600.95
5442.18 10585.27
5448.35 10568.77
5454.43 10552.50
5460.40 10536.02
5466.14 10520.19
5472.23 10503.54
5478.13 10487.45
5484.20 10470.90
5490.30 10454.27
5496.26 10438.03
5502.16 10421.94
5508.24 10405.37
5514.35 10388.70
5520.24 10372.63
5525.97 10357.01
5532.04 10340.46
5537.91 10324.45
5544.07 10307.65
5549.97 10291.99
5555.99 10276.26
5562.23 10259.98
5568.36 10243.96
5574.76 10227.24
5581.17 10210.52
5587.15 10194.90
5593.18 10179.15
5599.27 10163.22
5605.59 10146.64
5611.58 10130.95
5617.74 10114.81
5624.10 10098.14
5630.27 10081.98
5636.62 10065.33
5642.97 10048.70
5649.35 10031.97
5655.53 10015.76
5661.46 9999.98
5667.24 9984.37
5673.22 9968.21
5681.92 9954.18
5687.83 9938.21
5693.62 9922.32
5699.36 9906.48
5705.22 9890.31
5711.19 9873.84
5717.21 9857.23
5723.17 9840.79
5728.88 9825.04
5734.77 9808.77
5740.77 9792.22
5746.80 9775.60
5752.67 9759.54
5758.66 9743.37
5761.83 9725.32
5767.89 9708.94
5773.77 9693.08
5779.71 9677.03
5785.50 9661.39
5791.39 9645.50
5797.21 9629.79
5803.35 9613.21
5809.19 9597.43
5815.30 9580.94
5821.33 9564.66
5827.23 9548.72
5833.28 9532.41
5839.36 9515.99
5845.46 9499.41
5851.10 9483.41
5856.82 9467.20
5862.40 9451.40
5868.03 9435.44
5873.66 9419.48
5879.35 9403.35
5884.88 9387.67
5890.45 9371.87
5896.20 9355.60
5901.27 9341.21
5905.24 9329.97
5907.71 9322.97
5908.68 9320.21
5908.83 9319.78
5908.93 9319.51
5908.95 9319.45
5908.95 9319.43
5908.96 9319.43
5908.96 9319.42
5908.96 9319.42
5908.96 9319.42
5908.96 9319.42
5908.96 9319.42
5908.96 9319.42
5908.96 9319.42
5908.96 9319.42
5908.96 9319.42
5908.96 9319.42
5908.96 9319.42
5908.96 9319.42
5908.96 9319.42
5908.96 9319.42
5908.96 9319.42
5908.96 9319.42
5908.96 9319.42
5908.96 9319.42
5908.96 9319.42
5908.96 9319.42
5908.96 9319.42
5908.96 9319.42
5908.96 9319.42
5908.96 9319.42
5908.96 9319.42
5908.96 9319.42
5908.96 9319.42
5908.96 9319.42
5908.96 9319.42
5909.70 9317.38
5911.03 9313.87
5912.99 9308.65
5915.77 9301.34
5919.14 9292.81
5923.10 9282.74
5927.31 9271.32
5932.13 9257.42
5937.54 9242.01
5946.40 9226.76
5952.02 9210.82
5957.70 9194.69
5963.29 9178.82
5969.20 9162.04
5974.75 9146.27
5980.29 9129.33
5984.66 9113.07
5990.48 9096.34
5997.80 9080.79
6007.42 9066.05
6017.45 9051.80
6027.44 9037.35
6037.18 9023.57
6047.66 9009.69
6057.79 8996.28
6068.47 8983.06
6080.11 8970.00
6091.14 8957.63
6099.45 8948.30
6105.23 8941.82
6108.02 8938.69
6108.10 8938.61
6108.10 8938.60
6108.10 8938.60
6108.10 8938.60
6108.10 8938.60
6108.10 8938.60
6108.10 8938.60
6108.10 8938.60
6108.10 8938.60
6108.10 8938.60
6109.87 8936.72
6113.25 8933.24
6118.53 8928.29
6125.53 8922.28
6134.18 8915.54
6144.40 8908.27
6156.58 8899.65
6170.26 8890.80
6185.44 8882.18
6201.37 8875.87
6218.04 8871.42
6234.42 8867.89
6251.37 8865.13
6268.11 8863.34
6285.06 8861.69
6301.72 8860.18
6318.42 8858.96
6335.18 8857.74
6352.16 8856.51
6369.74 8854.92
6387.57 8853.27
6403.46 8844.91
6418.91 8838.44
6433.53 8829.40
6447.42 8819.54
6461.32 8808.61
6474.81 8798.00
6488.35 8787.69
6503.01 8779.60
6517.89 8771.75
6533.66 8763.84
6549.25 8757.51
6565.00 8749.85
6579.57 8741.50
6592.88 8730.70
6603.22 8716.42
6609.22 8701.12
6612.86 8684.54
6615.70 8667.46
6621.88 8651.81
6630.71 8637.31
6642.18 8625.32
6655.26 8614.17
6668.71 8602.65
6680.33 8589.19
6688.48 8574.54
6695.20 8558.69
6698.73 8542.08
6702.38 8524.93
6705.94 8508.38
6708.57 8490.99
6710.26 8475.72
6696.97 8476.71
6683.75 8480.65
6670.48 8486.63
6657.94 8493.89
6646.05 8502.66
6635.48 8512.09
6628.24 8519.32
6623.79 8523.31
6616.18 8521.80
6608.29 8514.94
6599.41 8507.22
6589.38 8498.58
6578.77 8489.65
6567.36 8480.06
6556.45 8470.88
6545.85 8461.97
6535.01 8452.85
6523.99 8443.58
6513.37 8434.64
6499.64 8430.46
6488.04 8429.45
6480.28 8428.77
6475.86 8428.15
6472.51 8424.05
6472.78 8416.41
6473.88 8407.43
6475.19 8396.85
6476.35 8387.42
6476.96 8382.45
6478.90 8376.06
6483.52 8368.34
6488.64 8358.24
6494.68 8346.30
6501.36 8333.11
6508.01 8319.99
6512.66 8310.81
6515.63 8304.95
6519.41 8297.59
6524.44 8288.08
6530.59 8276.64
6537.06 8264.61
6543.96 8251.78
6550.95 8238.78
6557.68 8226.17
6563.88 8213.88
6569.94 8200.92
6576.44 8187.66
6583.15 8174.71
6588.88 8163.85
6592.83 8156.38
6597.70 8147.31
6603.61 8136.76
6610.63 8124.26
6618.05 8111.92
6626.00 8099.84
6634.45 8088.71
6644.93 8078.83
6657.36 8072.30
6666.71 8060.79
6675.75 8049.67
6684.92 8038.40
6693.97 8027.26
6703.36 8015.71
6712.50 8004.47
6721.59 7993.30
6730.31 7982.56
6738.98 7971.91
6747.76 7961.10
6757.21 7950.66
6767.62 7939.96
6777.48 7929.59
6787.16 7919.12
6796.39 7908.86
6805.59 7898.54
6815.25 7887.85
6824.70 7877.51
6834.51 7866.81
6843.85 7856.64
6853.46 7846.17
6863.48 7835.26
6872.95 7824.27
6881.99 7813.51
6891.08 7802.67
6897.28 7795.29
6901.23 7790.58
6902.79 7788.73
6902.85 7788.65
6902.86 7788.65
6902.86 7788.65
6902.86 7788.65
6902.86 7788.65
6902.86 7788.65
6902.86 7788.65
6902.86 7788.65
6902.86 7788.65
6902.86 7788.65
6902.86 7788.65
6902.86 7788.65
6903.70 7787.59
6905.52 7784.92
6905.88 7779.95
6902.81 7772.49
6896.25 7767.03
6888.39 7760.39
6878.73 7752.19
6868.78 7743.75
6861.54 7737.61
6858.67 7732.96
6861.92 7726.26
6868.66 7719.25
6877.01 7710.57
6886.55 7700.65
6897.47 7689.31
6910.02 7676.27
6922.39 7662.13
6929.58 7649.67
6934.68 7640.85
6937.52 7635.92
6938.11 7634.90
6938.29 7634.59
6938.39 7634.43
6938.40 7634.40
6938.40 7634.40
6938.40 7634.40
6938.40 7634.40
6938.40 7634.40
6938.40 7634.40
6938.40 7634.40
6938.40 7634.40
6938.40 7634.40
6938.40 7634.40
6938.40 7634.40
6938.82 7633.68
6940.37 7630.99
6941.93 7628.28
6944.04 7624.64
6947.94 7620.72
6954.14 7616.36
6957.60 7613.93
6959.28 7612.72
6959.59 7612.46
6959.74 7612.34
6959.76 7612.32
6960.44 7611.75
6962.74 7609.83
6965.99 7606.77
6969.39 7600.93
6972.28 7593.13
6978.98 7585.22
6982.16 7574.23
6985.13 7561.60
6988.42 7547.61
6991.96 7533.91
6995.97 7520.72
7000.01 7507.24
7004.14 7493.62
7008.32 7479.84
7012.63 7465.56
7016.72 7451.95
7020.74 7438.61
7024.68 7425.14
7028.54 7411.91
7032.60 7397.99
7036.78 7383.68
7040.70 7370.24
7043.48 7360.73
7046.32 7351.01
7048.37 7345.86
7055.27 7344.56
7064.85 7346.82
7076.70 7349.81
7089.93 7352.95
7103.30 7356.11
7117.12 7359.39
7126.66 7361.65
7135.80 7363.81
7141.72 7365.21
7147.85 7363.33
7150.39 7354.22
7153.53 7342.97
7155.86 7334.60
7157.22 7329.74
7157.85 7327.47
7157.91 7327.27
7157.94 7327.18
7157.95 7327.14
7157.95 7327.13
7157.95 7327.13
7157.95 7327.13
7157.95 7327.13
7157.95 7327.13
7157.95 7327.13
7157.95 7327.13
7157.95 7327.13
7157.95 7327.13
7157.95 7327.13
7157.95 7327.13
7157.95 7327.13
7157.95 7327.13
7157.95 7327.13
7157.95 7327.13
7157.95 7327.13
7157.95 7327.13
7157.95 7327.13
7157.95 7327.13
7157.95 7327.13
7157.95 7327.13
7157.95 7327.13
7157.95 7327.13
7157.95 7327.13
7157.95 7327.13
7157.95 7327.13
7157.95 7327.13
7157.95 7327.13
7157.95 7327.13
7157.95 7327.13
7157.95 7327.13
7157.95 7327.13
7157.95 7327.13
7157.95 7327.13
7158.13 7326.48
7158.78 7324.14
7159.72 7320.77
7161.34 7314.96
7162.36 7311.32
7163.90 7305.92
7165.86 7299.06
7168.36 7290.35
7171.54 7279.45
7175.14 7267.18
7179.20 7253.36
7182.11 7243.43
7183.95 7237.19
7187.08 7229.50
7196.30 7227.58
7208.61 7231.09
7222.57 7235.20
7236.27 7239.27
7250.23 7243.42
7263.76 7247.44
7274.86 7250.74
7282.54 7253.02
7292.65 7255.75
7304.45 7258.75
7318.33 7260.23
7329.93 7253.50
7339.57 7237.92
7348.62 7227.66
7358.41 7216.57
7369.79 7207.48
7381.22 7199.19
7392.96 7190.06
7402.12 7179.50
7409.82 7168.01
7416.77 7156.00
7424.24 7143.12
7431.11 7131.30
7438.24 7119.13
7448.11 7109.99
7459.78 7108.88
7469.08 7106.31
7479.68 7104.54
7486.03 7094.76
7493.35 7083.44
7501.57 7071.44
7510.28 7059.95
7519.37 7049.31
7529.39 7038.90
7539.42 7028.65
7549.76 7018.69
7561.37 7009.65
7574.16 7002.27
7585.32 6995.30
7595.37 6990.26
7605.79 6984.70
7609.84 6978.51
7599.51 6975.63
7587.59 6973.26
7575.65 6970.89
7563.19 6968.76
7553.89 6967.76
7542.22 6966.57
7531.44 6965.69
7520.50 6961.58
7512.48 6955.80
7509.72 6944.42
7514.15 6935.49
7523.53 6930.84
7533.46 6930.77
7543.73 6927.57
7549.65 6917.61
7543.35 6909.36
7535.15 6902.18
7532.32 6891.35
7530.95 6880.96
7527.91 6870.26
7524.85 6859.49
7521.60 6848.09
7519.19 6835.98
7518.32 6824.55
7517.19 6813.68
7515.84 6802.77
7514.99 6791.17
7514.67 6780.40
7514.48 6769.42
7515.39 6758.17
7517.61 6747.93
7519.65 6736.60
7521.16 6726.17
7522.64 6715.92
7524.76 6705.04
7527.64 6692.83
7528.38 6683.46
7529.87 6672.45
7533.97 6661.70
7537.80 6651.74
7545.25 6648.64
7553.35 6646.19
7562.21 6646.77
7570.96 6650.32
7576.78 6647.59
7582.36 6641.64
7589.40 6637.80
7594.32 6637.13
7595.23 6637.04
7595.34 6637.03
7597.38 6636.38
7599.16 6633.04
7601.50 6627.94
7605.05 6620.84
7610.71 6612.01
7617.83 6601.85
7626.42 6589.80
7634.82 6578.79
7643.60 6567.66
7652.42 6555.90
7660.67 6544.92
7668.63 6534.33
7676.35 6524.43
7683.95 6515.08
7691.05 6506.46
7699.37 6496.68
7706.79 6488.33
7714.32 6479.42
7719.91 6469.21
7725.00 6458.50
7725.82 6447.46
7719.23 6437.73
7712.74 6428.70
7705.27 6420.07
7697.54 6411.15
7688.35 6402.82
7678.83 6394.56
7667.52 6384.95
7655.84 6375.91
7644.18 6366.87
7631.54 6359.14
7619.25 6351.65
7607.49 6344.69
7594.84 6337.61
7582.34 6330.74
7569.16 6324.77
7556.19 6318.90
7542.45 6313.81
7529.04 6308.98
7515.73 6304.48
7502.29 6300.28
7488.10 6297.07
7473.84 6294.03
7459.51 6292.50
7444.88 6291.98
7430.84 6292.26
7416.04 6292.55
7402.36 6294.45
7388.23 6297.55
7374.20 6302.69
7362.64 6310.80
7352.69 6320.86
7346.04 6333.60
7336.86 6344.84
7324.24 6348.72
7314.50 6339.73
7315.95 6326.38
7323.77 6313.64
7332.19 6301.25
7343.35 6291.64
7354.71 6282.41
7367.64 6275.31
7381.06 6269.87
7392.31 6266.10
7398.84 6262.76
7400.59 6260.76
7400.93 6260.01
7400.93 6260.00
7400.93 6260.00
7400.93 6260.00
7400.93 6260.00
7400.93 6260.00
7400.93 6260.00
7400.93 6260.00
7400.93 6260.00
7400.93 6260.00
7400.93 6260.00
7400.93 6260.00
7400.93 6260.00
7400.93 6260.00
7400.93 6260.00
7400.93 6260.00
7400.93 6260.00
7400.93 6260.00
7400.93 6260.00
7400.93 6260.00
7400.93 6260.00
7400.93 6260.00
7400.93 6260.00
7400.93 6260.00
7400.93 6260.00
7400.93 6260.00
7400.93 6260.00
7400.93 6260.00
7400.93 6260.00
7400.93 6260.00
7400.93 6260.00
7400.93 6260.00
7400.93 6260.00
7400.93 6260.00
7401.27 6259.27
7402.35 6256.89
7402.92 6254.63
7402.95 6254.45
7402.96 6254.37
7402.96 6254.36
7402.96 6254.36
7402.96 6254.36
7402.96 6254.36
7403.38 6252.18
7404.09 6248.43
7405.43 6242.20
7407.74 6234.81
7415.10 6229.54
7423.74 6227.42
7429.14 6226.09
7431.01 6225.63
7431.18 6225.59
7431.25 6225.57
7431.25 6225.57
7431.25 6225.57
7431.25 6225.57
7431.25 6225.57
7431.25 6225.57
7431.25 6225.57
7431.25 6225.57
7431.25 6225.57
7431.25 6225.57
7431.25 6225.57
7431.25 6225.57
7431.25 6225.57
7431.25 6225.57
7431.25 6225.57
7431.25 6225.57
7431.25 6225.57
7431.25 6225.57
7431.25 6225.57
7431.25 6225.57
7431.25 6225.57
7431.25 6225.57
7431.25 6225.57
7431.25 6225.57
7431.25 6225.57
7431.25 6225.57
7431.25 6225.57
7431.25 6225.57
7431.25 6225.57
7431.25 6225.57
7431.25 6225.57
7431.25 6225.57
7431.25 6225.57
7431.25 6225.57
7431.25 6225.57
7431.25 6225.57
7431.25 6225.57
7431.25 6225.57
7431.25 6225.57
7431.25 6225.57
7431.25 6225.57
7431.25 6225.57
7431.25 6225.57
7431.25 6225.57
7431.25 6225.57
7431.25 6225.57
7431.77 6225.44
7434.52 6224.77
7438.36 6223.84
7444.75 6222.48
7452.72 6221.67
7463.04 6223.01
7475.54 6221.66
7487.91 6223.59
7499.19 6225.35
7510.41 6227.10
7522.08 6228.92
7533.63 6230.72
7545.07 6232.50
7548.85 6224.76
7546.65 6213.83
7544.01 6202.27
7541.23 6190.10
7538.72 6178.98
7536.28 6166.93
7533.98 6155.29
7531.70 6143.74
7529.47 6132.47
7527.08 6120.38
7524.82 6108.93
7523.00 6099.71
7522.05 6094.91
7520.83 6088.71
7520.70 6077.95
7511.63 6071.80
7501.34 6064.83
7494.57 6060.24
7490.71 6057.62
7486.75 6054.48
7487.18 6049.14
7494.64 6045.22
7504.43 6041.20
7514.50 6033.50
7527.68 6028.09
7541.57 6022.40
7554.02 6017.29
7564.74 6009.31
7577.35 6004.14
7590.70 5998.66
7601.62 5994.19
7614.82 5993.45
7623.67 5995.24
7628.05 5996.18
7629.13 5996.41
7630.17 5996.64
7630.24 5996.65
7630.26 5996.66
7630.27 5996.66
7630.28 5996.66
7630.28 5996.66
7630.28 5996.66
7630.28 5996.66
7630.28 5996.66
7630.28 5996.66
7630.28 5996.66
7630.28 5996.66
7630.28 5996.66
7630.28 5996.66
7630.28 5996.66
7630.28 5996.66
7630.28 5996.66
7630.28 5996.66
7630.28 5996.66
7630.28 5996.66
7630.28 5996.66
7630.28 5996.66
7631.62 5996.95
7635.35 5997.76
7640.26 5998.83
7646.74 5997.97
7652.98 5989.55
7656.07 5979.93
7659.62 5968.89
7663.86 5955.69
7668.18 5942.22
7671.34 5932.40
7673.12 5926.85
7673.83 5924.64
7673.91 5924.37
7673.93 5924.31
7673.94 5924.29
7673.94 5924.29
7673.94 5924.29
7673.94 5924.29
7673.94 5924.29
7673.94 5924.29
7673.94 5924.29
7673.94 5924.29
7673.94 5924.29
7673.94 5924.29
7673.94 5924.29
7673.94 5924.29
7673.94 5924.29
7673.94 5924.29
7673.94 5924.29
7673.94 5924.29
7673.94 5924.29
7673.94 5924.29
7673.94 5924.29
7673.94 5924.29
7673.94 5924.29
7673.94 5924.29
7674.47 5922.64
7675.55 5919.28
7677.02 5913.70
7678.46 5905.88
7679.73 5896.20
7681.26 5884.45
7683.01 5871.03
7684.42 5856.19
7685.49 5844.08
7686.28 5835.10
7686.80 5829.18
7686.83 5821.30
7686.76 5811.78
7686.95 5800.18
7687.16 5787.23
7687.33 5776.16
7687.45 5768.59
7688.36 5765.44
7689.03 5764.75
7689.11 5764.67
7689.13 5764.65
7689.15 5764.64
7689.15 5764.63
7689.15 5764.63
7689.15 5764.63
7689.15 5764.63
7689.15 5764.63
7689.15 5764.63
7689.15 5764.63
7689.15 5764.63
7689.15 5764.63
7689.15 5764.63
7689.15 5764.63
7689.19 5764.59
7690.37 5763.62
7693.84 5762.34
7699.73 5761.54
7707.82 5761.32
7717.57 5761.38
7729.31 5761.47
7742.90 5761.56
7756.61 5763.12
7771.08 5765.83
7780.21 5756.08
7785.99 5743.55
7791.84 5730.84
7797.93 5717.64
7804.05 5704.34
7810.18 5691.05
7816.20 5677.95
7821.28 5665.07
7825.90 5652.23
7830.63 5639.08
7835.69 5625.74
7844.20 5613.97
7855.13 5604.37
7867.28 5598.59
7875.97 5596.73
7884.99 5595.56
7889.54 5594.97
7896.79 5590.67
7896.65 5581.54
7896.48 5571.11
7896.28 5558.25
7896.05 5543.66
7895.94 5529.09
7896.05 5515.09
7896.34 5500.57
7896.65 5485.71
7896.95 5471.96
7897.38 5458.21
7898.78 5444.46
7900.38 5430.33
7901.77 5418.12
7902.90 5409.97
7904.87 5405.58
7910.48 5402.59
7919.13 5402.31
7929.43 5402.36
7941.43 5402.26
7955.16 5402.48
7970.24 5402.57
7986.79 5402.90
8004.37 5403.57
8021.17 5405.17
8038.12 5408.00
8055.36 5410.88
8073.03 5413.83
8090.55 5416.75
8106.99 5419.49
8123.65 5422.44
8140.33 5425.83
8157.42 5429.33
8173.74 5432.79
8190.79 5437.00
8207.60 5441.26
8224.74 5445.90
8241.20 5450.10
8258.41 5454.28
8275.24 5458.35
8292.09 5462.57
8309.90 5463.63
8326.52 5467.48
8343.35 5471.81
8360.47 5476.34
8376.95 5480.97
8393.95 5485.53
8410.98 5489.85
8428.16 5494.21
8445.31 5498.56
8462.47 5502.92
8479.56 5507.26
8496.39 5511.54
8513.27 5514.77
8530.37 5516.49
8547.23 5517.68
8564.94 5518.12
8579.82 5513.13
8585.94 5496.67
8591.86 5480.74
8597.95 5464.38
8603.93 5448.30
8610.60 5432.73
8618.16 5416.53
8625.46 5400.87
8636.35 5386.57
8647.05 5372.99
8661.13 5361.69
8675.45 5352.41
8691.06 5345.22
8707.24 5339.26
8723.88 5334.95
8741.25 5331.54
8758.17 5328.40
8775.46 5326.80
8792.25 5325.30
8809.23 5321.38
8825.07 5315.92
8840.23 5307.09
8854.80 5298.11
8868.95 5287.82
8882.51 5277.95
8896.44 5267.82
8910.17 5257.83
8923.99 5247.77
8937.52 5237.92
8951.23 5228.24
8965.22 5218.52
8977.99 5206.18
8989.30 5193.92
9000.32 5179.83
9010.80 5166.40
9021.77 5152.37
9032.48 5138.66
9045.33 5127.56
9061.82 5122.96
9079.08 5126.23
9095.24 5132.95
9111.26 5139.88
9127.41 5146.87
9143.68 5153.91
9160.21 5160.13
9171.95 5151.32
9178.01 5136.40
9192.11 5126.72
9205.94 5115.85
9217.05 5103.08
9226.77 5088.38
9230.70 5072.09
9232.14 5055.13
9235.87 5038.08
9249.91 5029.66
9264.68 5037.98
9272.36 5052.95
9279.62 5068.50
9286.78 5083.85
9298.47 5096.81
9312.95 5106.85
9329.10 5108.98
9344.01 5101.72
9357.63 5091.54
9370.67 5081.13
9383.78 5070.67
9397.83 5059.53
9404.74 5047.68
9396.60 5032.14
9388.22 5017.39
9379.99 5002.17
9371.85 4987.54
9362.83 4972.15
9353.90 4958.05
9345.37 4942.89
9346.70 4925.32
9352.65 4909.84
9363.26 4896.56
9376.12 4884.22
9389.84 4873.51
9404.72 4865.17
9421.00 4858.79
9436.80 4852.84
9453.10 4847.15
9469.38 4843.72
9487.14 4842.66
9504.91 4844.14
9521.71 4849.67
9538.00 4855.04
9553.79 4860.93
9569.81 4867.01
9585.57 4872.92
9601.89 4877.52
9617.96 4882.04
9635.56 4881.86
9652.46 4881.18
9667.66 4874.76
9681.04 4864.68
9693.23 4852.27
9706.73 4841.05
9719.55 4830.40
9732.74 4819.43
9745.60 4808.75
9758.60 4797.94
9771.42 4787.28
9784.61 4776.31
9797.90 4765.27
9811.07 4754.32
9824.15 4743.45
9837.89 4732.02
9851.19 4720.97
9864.25 4710.12
9877.82 4699.81
9891.35 4689.91
9906.06 4681.73
9922.05 4675.39
9938.87 4669.98
9955.96 4665.17
9972.29 4660.57
9990.72 4656.71
10006.18 4648.72
10020.56 4639.81
10034.14 4629.41
10047.57 4617.58
10060.17 4606.21
10072.82 4594.78
10085.55 4583.19
10098.02 4571.84
10110.96 4560.07
10123.58 4548.48
10136.13 4536.26
10148.45 4524.09
10160.75 4511.95
10173.03 4499.83
10185.15 4487.86
10197.51 4475.66
10209.70 4463.63
10221.65 4451.83
10234.32 4439.29
10246.98 4426.82
10259.14 4414.86
10269.73 4404.45
10277.24 4396.71
10280.86 4391.35
10282.30 4390.12
10282.52 4390.01
10282.56 4389.99
10282.57 4389.99
10282.57 4389.99
10284.44 4389.04
10288.51 4389.50
10293.41 4392.40
10298.82 4397.75
10305.30 4404.16
10309.86 4408.67
10311.52 4410.31
