7710.33 11225.75
7710.08 11224.08
7709.46 11220.04
7708.55 11214.03
7707.34 11206.07
7705.74 11195.55
7703.70 11182.18
7701.23 11165.94
7698.68 11149.16
7696.01 11131.57
7693.24 11113.37
7690.49 11095.30
7687.87 11077.89
7685.28 11060.27
7682.69 11043.21
7680.12 11025.49
7678.10 11007.88
7676.58 10990.32
7675.56 10973.25
7674.64 10956.80
7673.84 10944.61
7673.42 10936.91
7673.28 10933.70
7673.23 10932.71
7673.22 10932.53
7673.22 10932.51
7673.14 10929.69
7673.02 10924.92
7672.94 10918.45
7672.93 10909.98
7672.91 10899.86
7672.89 10886.90
7674.04 10871.27
7675.54 10853.75
7677.04 10836.33
7678.50 10819.37
7679.98 10802.10
7681.43 10785.15
7682.91 10767.93
7684.41 10750.48
7685.94 10732.74
7687.50 10714.49
7689.07 10696.24
7690.61 10678.28
7692.07 10661.29
7693.59 10643.67
7695.07 10626.36
7696.66 10608.50
7698.35 10591.06
7700.01 10573.98
7701.69 10556.82
7703.38 10539.47
7705.14 10521.38
7706.80 10504.40
7708.35 10486.34
7709.54 10469.14
7710.81 10450.67
7712.05 10432.61
7713.29 10414.60
7714.46 10397.54
7715.67 10379.89
7717.47 10362.05
7719.47 10344.65
7724.23 10328.34
7735.29 10315.04
7751.51 10307.53
7768.92 10303.92
7786.11 10302.09
7803.43 10300.62
7821.57 10298.92
7834.79 10288.77
7836.15 10271.15
7834.03 10253.68
7831.99 10236.82
7829.94 10218.87
7828.55 10200.77
7827.19 10183.14
7825.79 10164.87
7824.47 10147.78
7823.12 10130.14
7821.77 10112.59
7820.37 10094.46
7819.37 10076.85
7818.33 10058.65
7817.34 10041.36
7816.37 10024.34
7815.39 10007.15
7814.35 9988.91
7813.37 9971.78
7812.34 9953.69
7811.37 9936.71
7810.37 9919.17
7809.37 9901.66
7808.38 9884.19
7807.35 9867.17
7806.13 9849.82
7804.84 9832.47
7806.83 9814.80
7805.48 9796.79
7804.12 9778.53
7802.82 9761.12
7801.50 9743.36
7800.62 9725.02
7800.42 9707.05
7800.86 9689.63
7803.22 9672.54
7807.18 9654.92
7811.83 9637.34
7816.35 9620.25
7824.14 9603.95
7833.70 9589.93
7844.34 9575.72
7854.51 9562.13
7865.56 9549.23
7877.94 9535.66
7884.40 9520.02
7889.00 9503.28
7892.43 9484.66
7888.87 9467.80
7886.73 9450.63
7893.80 9435.52
7903.85 9422.76
7910.27 9412.51
7914.78 9405.36
7917.57 9401.82
7923.87 9398.97
7932.66 9401.59
7943.97 9406.21
7957.19 9411.62
7971.01 9417.27
7983.97 9422.56
7998.14 9424.78
8011.74 9430.79
8024.47 9436.73
8037.73 9442.91
8051.36 9449.26
8064.56 9455.41
8078.04 9461.69
8090.83 9467.65
8104.51 9474.02
8116.31 9478.57
8122.76 9470.82
8127.74 9464.08
8130.05 9460.96
8130.32 9460.60
8130.36 9460.54
8130.38 9460.53
8130.38 9460.52
8130.38 9460.52
8130.38 9460.51
8130.38 9460.51
8130.38 9460.51
8130.38 9460.51
8130.38 9460.51
8130.38 9460.51
8130.38 9460.51
8130.38 9460.51
8130.38 9460.51
8130.38 9460.51
8130.38 9460.51
8130.38 9460.51
8130.38 9460.51
8130.38 9460.51
8130.38 9460.51
8130.38 9460.51
8130.38 9460.51
8130.38 9460.51
8130.38 9460.51
8130.38 9460.51
8130.38 9460.51
8130.38 9460.51
8130.38 9460.51
8130.38 9460.51
8130.38 9460.51
8130.38 9460.51
8131.65 9458.54
8130.09 9454.53
8124.58 9450.73
8117.29 9445.70
8108.01 9439.30
8097.11 9431.79
8084.50 9423.10
8072.45 9414.79
8060.51 9406.57
8047.87 9398.00
8035.86 9389.91
8023.92 9381.85
8012.22 9373.96
7999.74 9365.54
7987.00 9356.95
7975.20 9348.99
7962.83 9340.24
7950.83 9331.09
7939.58 9322.52
7930.43 9310.84
7918.81 9300.82
7908.07 9290.71
7897.49 9280.35
7887.80 9270.09
7878.15 9259.58
7868.73 9249.32
7859.67 9238.02
7850.97 9227.12
7841.74 9215.54
7832.82 9204.37
7824.01 9193.33
7814.87 9181.96
7805.23 9170.17
7795.61 9159.29
7785.59 9148.67
7775.18 9139.07
7764.22 9130.01
7752.41 9121.68
7740.11 9113.99
7727.24 9107.41
7714.64 9101.31
7702.39 9092.59
7688.47 9086.75
7674.74 9080.87
7661.93 9075.23
7648.74 9068.91
7635.81 9061.55
7624.22 9053.24
7612.52 9043.93
7601.64 9034.62
7590.33 9024.70
7580.05 9014.01
7570.31 9003.88
7560.48 8993.65
7550.85 8983.63
7540.84 8973.21
7530.97 8962.95
7520.77 8952.33
7511.09 8942.26
7500.91 8931.67
7491.18 8921.61
7480.27 8911.69
7469.76 8903.48
7462.54 8898.45
7459.16 8888.75
7464.40 8875.51
7475.46 8863.73
7488.54 8852.19
7503.12 8843.18
7519.12 8836.32
7533.36 8829.70
7546.31 8821.16
7544.98 8809.90
7534.82 8798.55
7525.26 8787.87
7515.53 8777.00
7505.70 8766.01
7496.25 8755.45
7486.69 8744.77
7476.68 8733.59
7466.89 8722.59
7456.71 8711.35
7446.84 8701.24
7436.39 8690.54
7434.63 8676.50
7443.20 8665.13
7453.01 8654.80
7453.89 8641.11
7451.06 8626.34
7448.21 8611.51
7445.38 8597.19
7442.46 8582.94
7439.48 8568.36
7438.03 8554.32
7436.55 8540.00
7435.10 8525.26
7433.71 8510.50
7432.54 8495.63
7432.75 8480.42
7432.96 8466.27
7434.86 8452.50
7436.87 8438.06
7438.89 8423.41
7441.25 8409.73
7444.46 8395.44
7447.73 8380.90
7451.20 8366.16
7454.66 8351.57
7458.64 8337.26
7462.68 8323.83
7467.10 8309.09
7470.94 8295.73
7474.90 8282.06
7479.22 8267.62
7483.23 8254.23
7487.18 8240.84
7491.16 8227.87
7495.21 8215.15
7498.76 8202.18
7501.86 8190.68
7503.59 8178.90
7504.15 8165.52
7504.66 8153.20
7503.27 8140.20
7501.47 8127.56
7499.59 8114.40
7498.00 8103.29
7492.34 8090.79
7485.74 8080.07
7479.75 8070.35
7473.34 8059.93
7466.54 8048.90
7461.81 8041.20
7458.35 8035.90
7454.75 8030.41
7451.29 8025.13
7444.61 8020.80
7433.81 8023.78
7420.29 8027.25
7407.58 8030.12
7399.16 8031.01
7394.99 8031.30
7393.53 8031.47
7388.54 8033.16
7388.66 8039.63
7388.81 8048.48
7389.02 8060.14
7389.28 8074.29
7389.31 8090.24
7389.23 8108.19
7387.25 8125.59
7385.12 8143.55
7382.58 8160.85
7379.18 8177.90
7375.91 8194.77
7372.66 8211.54
7369.40 8228.37
7366.14 8245.19
7362.92 8261.79
7360.04 8276.81
7360.48 8292.33
7357.32 8309.24
7354.52 8325.98
7351.55 8342.49
7348.17 8359.57
7344.75 8374.40
7340.73 8391.84
7337.32 8406.28
7333.50 8422.35
7329.23 8440.25
7327.52 8454.87
7325.69 8471.01
7323.61 8489.27
7322.35 8503.05
7321.05 8519.40
7319.65 8537.16
7318.50 8550.40
7317.08 8565.28
7317.07 8582.14
7318.09 8595.20
7314.60 8609.62
7300.50 8616.08
7292.30 8628.31
7290.82 8643.60
7289.98 8658.15
7290.01 8672.25
7290.05 8686.96
7290.04 8701.00
7290.01 8711.64
7289.99 8719.05
7289.97 8722.36
7289.96 8723.31
7293.26 8723.42
7293.26 8723.42
7293.26 8723.42
7293.24 8725.37
7293.22 8728.94
7293.19 8734.37
7293.14 8742.38
7293.17 8751.93
7293.37 8762.89
7292.33 8776.16
7297.74 8789.53
7304.06 8802.40
7313.37 8814.57
7322.14 8825.87
7331.22 8837.58
7339.72 8849.48
7347.82 8861.08
7356.12 8874.01
7362.87 8887.75
7369.26 8900.69
7376.11 8913.59
7383.10 8925.69
7390.74 8938.62
7397.05 8951.90
7406.69 8963.88
7416.17 8974.57
7425.99 8985.16
7435.89 8995.85
7445.73 9006.46
7455.79 9017.65
7465.82 9028.91
7475.51 9040.39
7485.13 9052.36
7494.52 9064.05
7503.63 9075.38
7512.64 9086.60
7520.18 9095.99
7525.75 9102.92
7528.49 9106.33
7528.73 9106.63
7528.75 9106.65
7528.76 9106.66
7528.76 9106.67
7528.76 9106.67
7528.76 9106.67
7528.76 9106.67
7528.76 9106.67
7528.76 9106.67
7528.76 9106.67
7528.76 9106.67
7528.76 9106.67
7528.76 9106.67
7528.76 9106.67
7531.33 9104.60
7531.33 9104.60
7531.33 9104.60
7531.33 9104.60
7531.33 9104.60
7531.33 9104.60
7533.90 9102.54
7533.90 9102.54
7533.90 9102.54
7533.90 9102.54
7533.90 9102.54
7533.90 9102.54
7533.90 9102.54
7533.90 9102.54
7533.90 9102.54
7533.90 9102.54
7533.90 9102.54
7533.90 9102.54
7533.90 9102.54
7533.90 9102.54
7533.90 9102.54
7533.90 9102.54
7533.90 9102.54
7533.90 9102.54
7533.90 9102.54
7533.90 9102.54
7533.90 9102.54
7533.90 9102.54
7533.90 9102.54
7533.90 9102.54
7535.24 9104.16
7535.27 9109.32
7537.23 9116.35
7543.28 9122.38
7551.11 9130.18
7560.83 9139.85
7571.44 9150.42
7581.55 9160.49
7591.93 9170.83
7602.12 9180.98
7611.00 9189.83
7617.42 9196.22
7620.67 9200.41
7618.93 9207.27
7614.63 9215.57
7616.36 9227.14
7620.75 9239.60
7625.93 9254.03
7630.62 9267.12
7635.63 9281.09
7641.13 9295.23
7646.70 9309.32
7651.11 9323.14
7644.63 9335.40
7632.28 9342.81
7619.68 9350.46
7606.86 9358.31
7594.11 9366.12
7583.08 9376.75
7572.79 9386.83
7562.47 9396.93
7553.16 9405.57
7546.89 9406.09
7547.41 9396.44
7549.72 9384.21
7552.55 9369.33
7554.80 9355.63
7555.13 9340.89
7555.45 9326.22
7555.78 9311.44
7554.53 9296.73
7552.60 9282.78
7550.68 9268.90
7548.37 9255.03
7545.80 9240.39
7538.08 9228.43
7529.60 9216.08
7521.42 9204.17
7513.28 9192.31
7504.99 9180.24
7496.62 9168.06
7488.30 9155.94
7482.53 9147.53
7479.48 9142.32
7483.24 9135.99
7493.15 9131.21
7505.57 9125.22
7518.25 9119.11
7517.44 9108.39
7508.20 9096.88
7499.10 9085.55
7490.16 9074.43
7481.23 9063.31
7471.81 9051.59
7463.02 9040.65
7453.72 9030.21
7444.18 9019.51
7434.14 9008.52
7424.03 8997.62
7415.45 8988.36
7409.64 8982.09
7406.68 8978.90
7406.30 8978.49
7406.11 8978.29
