10075.60 10715.38
10073.45 10713.94
10070.05 10711.68
10065.39 10708.57
10059.22 10704.46
10051.74 10699.47
10043.44 10693.12
10034.17 10685.78
10023.53 10677.36
10012.74 10668.62
10005.04 10661.73
9999.86 10657.10
9997.77 10655.23
9997.74 10655.20
9997.73 10655.19
9997.73 10655.19
9997.73 10655.19
9997.73 10655.19
9997.73 10655.19
9997.73 10655.19
9997.73 10655.19
9997.73 10655.19
9997.73 10655.19
9997.73 10655.19
9997.73 10655.19
9997.73 10655.19
9997.73 10655.19
9997.73 10655.19
9997.73 10655.19
9997.73 10655.19
9997.73 10655.19
9997.73 10655.19
9997.73 10655.19
9997.73 10655.19
9997.73 10655.19
9997.73 10655.19
9997.73 10655.19
9997.73 10655.19
9997.73 10655.19
9997.73 10655.19
9997.73 10655.19
9997.73 10655.19
9997.73 10655.19
9997.73 10655.19
9997.73 10655.19
9997.73 10655.19
9997.73 10655.19
9997.73 10655.19
9997.73 10655.19
9997.73 10655.19
9997.73 10655.19
9997.73 10655.19
9997.73 10655.19
9997.73 10655.19
9997.73 10655.19
9997.73 10655.19
9996.01 10653.64
9993.07 10650.97
9989.00 10647.28
9983.02 10641.86
9975.57 10634.45
9966.40 10625.25
9957.03 10615.86
9947.40 10606.21
9938.12 10596.42
9929.69 10586.05
9921.04 10575.42
9912.29 10564.67
9903.76 10554.18
9894.91 10543.31
9886.46 10532.08
9878.99 10521.19
9871.31 10510.01
9863.57 10498.72
9855.79 10487.38
9848.29 10476.45
9840.68 10465.35
9833.00 10454.16
9825.12 10442.67
9817.51 10432.10
9808.91 10421.56
9800.52 10411.32
9791.55 10401.64
9781.97 10391.31
9772.24 10382.17
9761.71 10372.56
9751.46 10363.36
9740.66 10355.21
9729.46 10347.06
9718.09 10339.18
9706.05 10331.76
9694.71 10324.99
9682.69 10318.66
9670.66 10312.92
9658.09 10307.53
9645.47 10302.13
9632.94 10296.80
9619.47 10292.13
9606.59 10287.66
9593.60 10283.15
9580.73 10279.07
9567.47 10275.35
9554.15 10271.79
9540.72 10268.26
9527.50 10264.79
9514.44 10261.35
9501.43 10257.94
9488.45 10254.54
9475.10 10251.10
9461.68 10247.65
9448.57 10244.28
9435.76 10240.99
9422.99 10237.70
9410.42 10234.47
9397.67 10231.19
9384.21 10227.73
9370.90 10224.31
9357.77 10220.89
9344.13 10217.33
9331.30 10213.98
9317.65 10210.42
9304.82 10207.07
9292.13 10203.75
9279.21 10200.38
9265.66 10196.84
9252.72 10193.46
9238.96 10189.87
9225.46 10186.35
9212.16 10182.88
9199.05 10179.45
9185.49 10175.91
9172.50 10172.52
9160.75 10169.52
9147.50 10166.26
9135.84 10159.90
9125.15 10153.81
9112.26 10150.58
9099.19 10147.29
9085.61 10143.59
9073.18 10139.96
9060.10 10135.48
9046.46 10134.29
9033.29 10128.86
9021.04 10123.62
9008.77 10117.48
8997.00 10111.45
8984.46 10105.02
8972.15 10098.71
8959.85 10092.41
8947.88 10084.92
8936.52 10077.64
8924.97 10069.35
8914.43 10061.65
8904.02 10053.55
8893.27 10044.85
8882.40 10035.84
8872.22 10027.27
8862.26 10018.88
8852.30 10010.49
8841.78 10001.64
8831.27 9992.78
8820.82 9983.98
8809.93 9974.80
8799.22 9965.49
8789.27 9955.84
8778.52 9947.03
8767.32 9938.29
8756.46 9930.34
8745.39 9922.50
8733.89 9914.52
8722.77 9907.43
8711.75 9900.55
8699.91 9893.52
8688.47 9886.86
8676.20 9880.07
8664.04 9873.33
8651.89 9866.61
8640.34 9860.21
8628.22 9853.50
8616.45 9846.84
8604.17 9839.80
8592.22 9832.95
8580.35 9826.14
8568.81 9819.53
8557.20 9812.88
8545.95 9806.14
8534.17 9798.57
8522.94 9791.34
8510.92 9783.62
8499.51 9776.28
8488.69 9768.81
8477.55 9760.96
8463.88 9755.38
8452.63 9747.18
8441.60 9738.75
8430.99 9730.63
8419.78 9722.01
8409.77 9713.07
8399.88 9704.25
8389.25 9694.76
8379.48 9686.05
8369.51 9676.96
8359.51 9667.70
8349.56 9658.47
8339.24 9648.91
8329.06 9639.42
8318.86 9629.85
8308.92 9620.53
8298.60 9610.86
8288.88 9601.73
8278.92 9592.39
8269.19 9583.27
8259.08 9573.78
8248.77 9564.12
8239.21 9555.14
8228.83 9545.42
8219.35 9536.52
8209.05 9526.86
8199.01 9517.44
8188.73 9507.80
8178.60 9498.30
8168.38 9488.72
8158.57 9479.51
8148.41 9469.99
8138.09 9460.96
8127.76 9452.92
8116.54 9445.19
8105.16 9437.34
8093.64 9429.40
8082.62 9421.81
8071.51 9414.15
8059.90 9406.14
8048.91 9398.71
8037.84 9391.24
8026.08 9383.31
8015.05 9375.87
8003.70 9368.21
7992.81 9360.87
7981.55 9353.27
7969.88 9345.40
7959.39 9337.62
7948.31 9329.17
7937.12 9320.64
7926.92 9312.17
7916.91 9303.54
7907.36 9294.64
7897.89 9285.36
7887.95 9275.14
7878.64 9264.99
7869.38 9254.92
7860.35 9244.16
7851.85 9233.51
7843.01 9222.43
7834.45 9211.70
7825.72 9200.76
7816.96 9189.78
7811.13 9177.39
7802.76 9167.15
7793.17 9156.67
7785.14 9143.64
7774.76 9134.42
7764.44 9126.12
7752.91 9118.10
7741.32 9110.89
7729.17 9104.69
7716.33 9098.45
7704.25 9093.37
7691.38 9087.97
7678.70 9082.61
7666.15 9077.11
7657.22 9073.13
7647.87 9068.42
7638.71 9063.20
7628.94 9056.62
7619.88 9050.12
7609.88 9041.67
7601.21 9034.24
7591.98 9026.34
7583.49 9017.58
7574.72 9008.46
7566.24 8999.64
7557.45 8990.50
7549.16 8981.87
7540.39 8972.74
7531.85 8963.86
7523.60 8955.28
7514.55 8945.86
7506.12 8937.09
7497.39 8928.01
7489.37 8919.80
7479.80 8911.31
7473.27 8906.16
7470.24 8903.84
7469.55 8903.32
7469.41 8903.21
7469.40 8903.21
7469.39 8903.20
7468.67 8902.65
7466.73 8901.23
7464.53 8899.92
7464.06 8899.64
7463.82 8899.50
7461.65 8898.33
7457.23 8895.98
7450.60 8892.47
7440.97 8891.89
7430.37 8887.50
7417.92 8883.68
7404.19 8880.97
7390.92 8875.00
7379.32 8872.72
7371.20 8872.76
7367.58 8872.93
7367.31 8872.95
7367.23 8872.95
7367.22 8872.95
7367.22 8872.95
7367.22 8872.95
7367.22 8872.95
7367.22 8872.95
7367.22 8872.95
7367.22 8872.95
7367.22 8872.95
7367.22 8872.95
7367.22 8872.95
7367.22 8872.95
7367.22 8872.95
7367.22 8872.95
7367.22 8872.95
7367.22 8872.95
7367.22 8872.95
7367.22 8872.95
7367.22 8872.95
7367.22 8872.95
7367.22 8872.95
7367.22 8872.95
7367.22 8872.95
7367.22 8872.95
7367.22 8872.95
7367.22 8872.95
7367.22 8872.95
7365.07 8873.00
7361.45 8872.99
7355.68 8872.60
7348.31 8870.60
7341.62 8863.72
7334.93 8854.14
7327.03 8842.95
7318.72 8832.22
7310.72 8821.92
7302.61 8811.47
7295.80 8800.66
7290.07 8788.48
7285.63 8776.48
7283.96 8767.78
7283.45 8761.74
7283.41 8760.09
7283.41 8760.08
7283.41 8760.08
7283.41 8760.08
7283.41 8760.08
7283.41 8760.08
7283.41 8760.08
7283.41 8760.08
7283.41 8760.08
7283.41 8760.08
7283.41 8760.08
7283.41 8760.08
7283.41 8760.08
7283.41 8760.08
7283.41 8760.08
7283.41 8760.08
7283.41 8760.08
7283.41 8760.08
7283.41 8760.08
7283.41 8760.08
7283.41 8760.08
7283.41 8760.08
7283.40 8759.24
7280.07 8757.91
7280.01 8754.74
7279.93 8749.62
7279.93 8742.42
7279.99 8733.30
7280.06 8722.84
7280.11 8710.48
7276.85 8696.41
7276.84 8682.43
7276.81 8668.21
7276.78 8654.85
7277.79 8641.20
7279.16 8627.12
7280.48 8614.01
7282.00 8600.46
7283.56 8587.30
7285.12 8574.20
7286.72 8560.63
7288.35 8546.91
7290.00 8532.96
7291.16 8519.02
7292.17 8505.05
7293.05 8491.80
7293.74 8478.40
7294.33 8464.32
7294.85 8450.78
7295.35 8437.65
7295.65 8423.72
7295.66 8409.63
7295.67 8395.58
7295.68 8381.71
7295.69 8368.26
7295.70 8354.95
7295.58 8341.13
7294.97 8327.99
7294.37 8314.88
7293.74 8301.22
7293.11 8287.62
7292.50 8274.21
7291.87 8260.62
7291.50 8246.57
7291.55 8233.25
7290.98 8220.13
7290.27 8206.03
7289.74 8192.29
7289.17 8178.38
7288.64 8165.35
7288.09 8151.69
7287.55 8138.56
7286.99 8124.99
7286.45 8111.77
7285.91 8098.53
7285.37 8085.21
7284.82 8071.66
7284.28 8058.41
7283.71 8044.74
7283.35 8030.87
7283.07 8017.73
7282.76 8003.73
7282.47 7990.30
7282.19 7977.60
7282.01 7969.12
7281.71 7963.29
7281.13 7959.18
7281.00 7958.24
7280.58 7955.26
7283.17 7949.96
7285.57 7943.33
7284.58 7936.29
7283.95 7931.77
7283.79 7930.65
7283.66 7929.74
7283.65 7929.64
7283.65 7929.63
7283.65 7929.63
7283.64 7929.63
7283.64 7929.63
7283.64 7929.63
7283.64 7929.63
7283.52 7928.73
7283.14 7926.05
7282.53 7921.67
7279.03 7915.62
7275.86 7909.10
7274.79 7901.28
7273.32 7891.39
7271.53 7879.25
7269.63 7866.39
7267.70 7853.35
7265.72 7839.90
7263.70 7826.28
7261.68 7812.61
7259.77 7799.66
7257.71 7785.71
7255.81 7772.86
7253.79 7759.23
7251.82 7745.89
7249.79 7732.12
7247.83 7718.88
7245.88 7705.67
7244.21 7694.39
7239.56 7685.53
7238.24 7676.60
7236.64 7665.78
7234.80 7653.30
7232.81 7639.83
7230.86 7626.64
7228.91 7613.43
7226.90 7599.87
7224.94 7586.57
7222.80 7573.47
7220.58 7560.19
7215.39 7548.94
7213.53 7537.76
7212.54 7530.29
7212.70 7522.10
7212.87 7513.92
7213.04 7505.73
7213.79 7497.60
7215.47 7487.12
7216.60 7480.02
7217.74 7472.91
7218.87 7465.81
7221.05 7458.10
7223.46 7450.44
7225.98 7442.44
7229.01 7432.80
7232.56 7421.53
7236.17 7410.06
7239.43 7400.00
7241.68 7393.42
7242.79 7390.17
7243.31 7388.64
7243.60 7387.81
7243.74 7387.37
7243.78 7387.26
7243.80 7387.20
7243.81 7387.17
7243.82 7387.14
7243.83 7387.14
7243.83 7387.14
7243.83 7387.14
7243.83 7387.14
7243.83 7387.14
7243.83 7387.14
7243.83 7387.14
7243.83 7387.14
7243.83 7387.14
7243.83 7387.14
7243.83 7387.14
7243.83 7387.14
7243.83 7387.14
7243.83 7387.14
7243.83 7387.14
7243.83 7387.14
7243.83 7387.14
7243.83 7387.14
7243.83 7387.14
7243.83 7387.14
7243.83 7387.14
7243.83 7387.14
7243.83 7387.14
7243.83 7387.14
7243.83 7387.14
7243.83 7387.14
7243.83 7387.14
7243.83 7387.14
7243.83 7387.14
7243.83 7387.14
7243.83 7387.14
7243.83 7387.14
7243.83 7387.14
7243.89 7386.96
7244.21 7386.00
7245.18 7383.18
7246.75 7378.62
7248.94 7372.41
7251.95 7363.90
7255.56 7353.66
7249.51 7346.50
7236.25 7342.77
7225.71 7337.56
7219.25 7334.37
7212.59 7327.39
7203.73 7323.01
7192.61 7317.51
7180.79 7311.66
7168.37 7305.57
7156.24 7299.81
7143.58 7293.95
7130.97 7288.12
7118.56 7282.38
7106.49 7276.80
7094.33 7271.18
7081.55 7265.41
7069.25 7260.27
7056.13 7255.18
7042.81 7250.33
7030.54 7245.85
7018.31 7241.39
7005.79 7237.09
6992.56 7233.38
6980.00 7229.86
6967.86 7226.47
6960.06 7224.28
6956.67 7223.11
6956.55 7223.04
6956.44 7222.97
6956.43 7222.97
6956.43 7222.96
6956.42 7222.96
6956.42 7222.96
6956.42 7222.96
6956.42 7222.96
6956.42 7222.96
6956.42 7222.96
6956.42 7222.96
6956.42 7222.96
6956.42 7222.96
6956.42 7222.96
6956.42 7222.96
6954.74 7225.81
6952.73 7224.58
6950.38 7223.14
6949.64 7222.70
6949.61 7222.68
6949.60 7222.67
6949.59 7222.67
6949.59 7222.66
6949.59 7222.66
6949.59 7222.66
6949.59 7222.66
6949.59 7222.66
6949.59 7222.66
6949.59 7222.66
6949.59 7222.66
6949.59 7222.66
6949.59 7222.66
6949.59 7222.66
6949.59 7222.66
6949.59 7222.66
6949.59 7222.66
6949.59 7222.66
6949.59 7222.66
6949.59 7222.66
6949.59 7222.66
6949.59 7222.66
6949.59 7222.66
6949.59 7222.66
6949.59 7222.66
6949.59 7222.66
6949.59 7222.66
6949.59 7222.66
6949.59 7222.66
6949.59 7222.66
6949.59 7222.66
6949.59 7222.66
6948.18 7221.86
6944.31 7220.28
6938.45 7222.03
6931.79 7226.74
6923.20 7233.17
6913.26 7240.61
6901.82 7249.17
6892.25 7258.39
6903.07 7268.94
6915.21 7279.26
6928.25 7289.66
6941.56 7298.71
6955.14 7307.57
6969.68 7315.98
6985.06 7321.97
7001.19 7327.10
7013.13 7330.66
7025.35 7334.31
7034.08 7336.65
7038.56 7337.86
7038.82 7337.93
7038.86 7337.94
7038.87 7337.94
7038.88 7337.94
7038.88 7337.94
7040.23 7338.25
7043.04 7337.47
7047.83 7333.90
7049.53 7327.96
7051.60 7320.78
7054.22 7311.61
7057.43 7300.42
7061.31 7286.88
7063.97 7277.61
7065.63 7271.82
7066.20 7269.82
7066.41 7269.09
7066.45 7268.97
7066.46 7268.94
7066.46 7268.91
7066.46 7268.91
7066.46 7268.91
7066.46 7268.91
7066.46 7268.91
7066.46 7268.91
7067.20 7266.67
7068.63 7262.73
7071.41 7256.85
7075.20 7249.73
7075.62 7238.81
7079.22 7227.50
7082.77 7216.34
7084.98 7209.37
7085.86 7206.62
7085.88 7206.57
7085.93 7204.24
7081.79 7201.95
7074.72 7200.00
7065.49 7197.55
7054.27 7194.48
7041.41 7190.91
7028.00 7187.37
7014.66 7183.60
7001.90 7180.26
6992.53 7170.62
6989.37 7157.20
6989.92 7142.96
6990.44 7129.45
6990.97 7115.48
6991.50 7101.83
6989.84 7089.30
6975.58 7087.83
6961.79 7089.81
6949.29 7091.60
6939.84 7092.34
6935.07 7091.09
6934.52 7090.90
6932.80 7088.97
6931.22 7084.34
6931.21 7077.65
6931.71 7068.50
6932.33 7057.16
6933.05 7043.95
6933.77 7030.84
6934.51 7017.28
6935.25 7003.73
6936.01 6989.82
6936.73 6976.69
6937.47 6963.00
6938.18 6950.03
6938.86 6937.68
6939.30 6929.66
6939.54 6925.19
6939.82 6920.09
6940.19 6913.36
6941.28 6908.09
6941.71 6907.29
6942.12 6906.76
6942.16 6906.72
6942.17 6906.71
6942.17 6906.71
6942.17 6906.71
6942.17 6906.71
6942.17 6906.71
6942.17 6906.71
6942.17 6906.71
6942.17 6906.71
6942.17 6906.71
6942.17 6906.71
6942.17 6906.71
6942.17 6906.71
6942.17 6906.71
6942.17 6906.71
6942.17 6906.71
6942.17 6906.71
6942.17 6906.71
6942.17 6906.71
6942.17 6906.71
6942.17 6906.71
6942.17 6906.71
6942.17 6906.71
6942.20 6906.67
6942.22 6906.64
6942.23 6906.63
6942.23 6906.63
6943.34 6905.26
6946.09 6903.52
6951.84 6902.66
6959.99 6900.18
6969.38 6901.55
6980.73 6903.21
6993.80 6907.48
7001.22 6903.30
7002.42 6890.35
7004.87 6876.55
7005.15 6863.28
7006.75 6849.85
7007.88 6840.30
7008.49 6835.22
7013.13 6830.50
7022.12 6827.04
7033.31 6827.05
7046.41 6827.06
7059.71 6827.08
7072.27 6826.32
7072.63 6814.17
7072.27 6804.70
7072.07 6799.73
7069.15 6794.87
7060.34 6791.38
7049.51 6791.21
7037.22 6791.02
7023.24 6790.81
7009.76 6790.60
6995.81 6790.39
6981.64 6790.17
6968.80 6789.98
6955.55 6789.65
6942.88 6786.62
6929.85 6782.46
6918.48 6777.99
6907.77 6771.47
6897.28 6764.53
6886.25 6756.75
6875.40 6749.10
6864.42 6741.36
6853.77 6733.85
6843.08 6726.35
6831.72 6718.48
6820.94 6711.02
6810.07 6703.49
6798.74 6695.65
6787.51 6687.87
6775.77 6679.75
6764.33 6671.82
6752.71 6663.78
6740.98 6655.66
6729.52 6647.72
6718.13 6639.83
6707.25 6632.31
6695.60 6624.24
6684.45 6616.55
6673.01 6608.70
6662.27 6601.23
6650.76 6593.19
6639.54 6585.35
6628.51 6577.64
6617.69 6570.11
6606.44 6562.32
6594.72 6554.40
6583.01 6546.50
6571.73 6538.91
6560.32 6531.38
6549.26 6523.05
6538.47 6515.30
6526.91 6507.41
6516.30 6499.73
6506.48 6492.97
6500.37 6488.75
6497.22 6486.58
6496.86 6486.32
6496.71 6486.22
6496.70 6486.21
6496.70 6486.21
6496.70 6486.21
6496.70 6486.21
6496.70 6486.21
6496.70 6486.21
6496.70 6486.21
6496.70 6486.21
6496.70 6486.21
6496.70 6486.21
6496.70 6486.21
6496.70 6486.21
6496.70 6486.21
6496.70 6486.21
6496.70 6486.21
6496.70 6486.21
6496.70 6486.21
6496.70 6486.21
6496.70 6486.21
6496.70 6486.21
6496.70 6486.21
6496.70 6486.21
6496.70 6486.21
6496.70 6486.21
6495.09 6485.11
6492.25 6483.15
6487.87 6479.95
6481.93 6475.57
6473.14 6471.37
6462.48 6468.12
6454.83 6468.83
6450.22 6468.33
6448.07 6462.00
6446.69 6453.76
6445.20 6443.75
6443.33 6431.20
6441.32 6417.67
6439.36 6404.52
6437.26 6390.46
6435.33 6377.44
6433.83 6367.41
6432.85 6360.83
6429.73 6353.42
6420.45 6347.71
6409.20 6340.92
6397.91 6334.10
6386.75 6327.36
6375.76 6319.80
6364.66 6311.48
6353.30 6302.94
6342.61 6294.89
6331.40 6286.46
6320.11 6277.96
6309.45 6269.94
6298.63 6261.92
6287.45 6255.02
6276.32 6247.60
6264.42 6239.72
6252.88 6232.24
6241.42 6225.58
6229.69 6218.23
6217.80 6211.09
6209.27 6206.02
6204.92 6202.79
6204.40 6202.06
6204.24 6201.65
6204.14 6201.41
6203.87 6199.34
6207.09 6196.73
6212.50 6194.78
6220.47 6192.44
6230.29 6189.56
6242.25 6186.04
6255.51 6182.15
6268.56 6178.37
6281.92 6174.99
6295.33 6171.69
6308.60 6168.41
6321.30 6165.28
6335.05 6161.89
6348.33 6158.62
6361.24 6155.57
6373.43 6150.67
6370.84 6137.48
6368.04 6124.35
6364.83 6110.58
6361.86 6097.32
6362.10 6083.40
6362.58 6069.25
6363.04 6055.72
6363.46 6042.66
6363.89 6029.43
6364.35 6015.26
6364.61 6001.15
6364.64 5990.12
6364.75 5982.65
6370.24 5976.34
6380.06 5972.78
6392.12 5968.51
6404.38 5964.18
6417.13 5959.66
6430.27 5955.02
6443.11 5950.47
6453.11 5946.94
6459.38 5944.73
6465.39 5940.34
6464.79 5929.17
6460.27 5917.36
6455.34 5904.52
6450.29 5891.34
6445.54 5878.92
6440.96 5866.49
6436.46 5853.51
6431.44 5841.03
6426.47 5828.91
6421.39 5816.51
6416.14 5803.68
6411.10 5791.53
6405.38 5779.52
6398.52 5771.01
6391.56 5764.51
6383.15 5758.12
6374.61 5751.89
6364.96 5743.20
6356.68 5732.61
6350.12 5721.31
6343.94 5709.42
6337.42 5696.89
6331.09 5684.63
6322.59 5673.02
6318.56 5659.46
6315.73 5649.89
6314.19 5644.71
6313.96 5643.92
6313.89 5643.67
6313.88 5643.64
6313.87 5643.61
6313.87 5643.61
6313.87 5643.61
6313.87 5643.61
6313.87 5643.61
6313.87 5643.61
6313.87 5643.61
6313.87 5643.61
6313.87 5643.61
6313.87 5643.61
6313.87 5643.61
6313.87 5643.61
6313.87 5643.61
6313.87 5643.61
6313.87 5643.61
6313.87 5643.61
6313.87 5643.61
6313.87 5643.61
6313.87 5643.61
6313.87 5643.61
6313.87 5643.61
6313.87 5643.61
6313.87 5643.61
6313.87 5643.61
6313.87 5643.61
6313.87 5643.61
6313.87 5643.61
6313.87 5643.61
6313.87 5643.61
6313.87 5643.61
6313.87 5643.61
6313.87 5643.61
6313.87 5643.61
6313.87 5643.61
6313.87 5643.61
6313.87 5643.61
6313.87 5643.61
6313.87 5643.61
6313.87 5643.61
6313.87 5643.61
6313.87 5643.61
6313.87 5643.61
6313.43 5642.13
6312.40 5638.78
6310.83 5633.64
6308.63 5626.52
6305.73 5617.37
6302.36 5606.71
6298.27 5593.75
6294.31 5580.71
6290.91 5568.09
6287.85 5554.15
6285.71 5540.85
6283.58 5527.67
6281.78 5514.07
6280.17 5500.83
6278.49 5487.02
6269.40 5477.46
6253.90 5473.44
6237.60 5469.20
6221.52 5465.02
6205.99 5460.34
6191.02 5455.10
6175.80 5449.66
6160.83 5444.60
6145.15 5439.30
6127.26 5436.74
6111.32 5431.35
6095.31 5425.94
6080.24 5419.88
6067.47 5409.09
6060.18 5394.52
6055.54 5379.32
6051.33 5363.91
6046.86 5347.51
6041.47 5332.14
6034.50 5316.66
6024.72 5306.18
6009.85 5300.43
5993.64 5295.49
5977.25 5290.48
5961.43 5285.66
5945.57 5280.81
5929.53 5275.92
5913.69 5271.08
5897.98 5266.21
5883.00 5259.58
5868.24 5253.05
5853.52 5246.54
5837.93 5239.65
5823.14 5233.10
5808.61 5226.48
5793.40 5218.64
5778.92 5210.63
5765.26 5201.95
5751.62 5193.28
5737.62 5184.40
5724.14 5175.83
5710.06 5166.68
5696.75 5157.80
5683.30 5148.82
5668.94 5139.86
5655.06 5131.01
5641.36 5122.44
5627.65 5113.72
5613.64 5104.72
5600.28 5096.14
5587.70 5084.13
5574.34 5075.54
5560.19 5066.46
5545.76 5057.22
5531.71 5048.27
5518.19 5039.66
5504.17 5030.73
5490.07 5021.74
5475.74 5012.58
5462.86 5002.89
5450.38 4993.15
5438.22 4982.50
5426.67 4971.22
5415.41 4959.09
5405.19 4945.68
5395.83 4932.55
5388.24 4917.98
5381.95 4902.31
5378.07 4886.05
5376.05 4869.77
5377.71 4853.59
5381.41 4838.24
5385.37 4821.90
5389.34 4805.38
5393.19 4789.12
5397.53 4772.85
5402.14 4756.45
5406.98 4740.06
5411.15 4724.08
5415.18 4708.00
5419.27 4692.44
5423.37 4676.37
5427.11 4659.97
5430.94 4643.94
5434.71 4628.05
5438.72 4612.30
5443.25 4596.22
5448.59 4580.50
5453.51 4565.08
5457.81 4549.50
5460.85 4533.20
5461.42 4520.62
5461.78 4512.56
5462.91 4507.85
5467.86 4502.63
5475.62 4497.12
5481.90 4487.04
5489.36 4475.06
5496.50 4462.91
5503.63 4450.73
5510.22 4439.50
5516.98 4427.96
5524.01 4415.97
5530.30 4404.40
5536.31 4391.89
5541.94 4380.16
5547.78 4368.01
5553.89 4355.29
5559.86 4342.86
5565.59 4330.92
5571.24 4319.16
5576.10 4309.05
5579.29 4302.41
5580.53 4299.82
5580.54 4299.80
5580.54 4299.79
5580.55 4299.79
5581.55 4298.26
5584.04 4296.00
5589.27 4297.28
5595.39 4302.46
5602.70 4308.84
5609.52 4314.79
5613.57 4318.33
5614.23 4318.91
