5793.26 11210.08
5791.40 11208.37
5787.97 11205.20
5783.02 11200.65
5777.20 11193.86
5770.26 11185.36
5762.54 11175.24
5754.01 11164.06
5745.90 11153.42
5737.72 11142.70
5729.17 11132.47
5720.60 11122.27
5710.76 11112.83
5699.90 11104.06
5688.49 11094.99
5677.39 11087.60
5665.24 11080.35
5652.38 11074.08
5639.84 11068.28
5626.77 11062.23
5614.12 11056.38
5601.54 11050.86
5589.31 11045.57
5576.24 11039.91
5564.03 11034.62
5550.92 11028.91
5537.92 11023.18
5526.58 11014.56
5510.99 11007.69
5495.57 11000.88
5480.46 10994.22
5464.73 10987.54
5449.40 10981.54
5433.32 10975.83
5416.75 10972.10
5400.10 10968.46
5383.62 10964.86
5366.70 10961.15
5350.77 10956.66
5334.77 10951.96
5319.27 10946.37
5306.28 10935.91
5293.76 10923.99
5281.62 10913.46
5267.49 10915.77
5255.02 10913.22
5246.77 10907.22
5243.05 10901.41
5241.12 10892.78
5242.90 10881.62
5251.09 10871.75
5262.41 10867.42
5275.06 10869.19
5289.62 10865.85
5302.91 10855.89
5317.75 10848.85
5328.76 10836.08
5338.69 10823.32
5348.80 10809.22
5358.40 10794.99
5366.55 10780.41
5374.05 10765.26
5380.64 10749.91
5386.40 10734.50
5392.15 10719.13
5397.83 10703.94
5403.63 10688.40
5409.31 10673.22
5415.17 10657.54
5420.93 10642.13
5426.62 10626.91
5432.42 10611.39
5438.32 10595.61
5444.13 10580.07
5450.22 10563.77
5456.21 10547.58
5461.98 10531.67
5467.57 10516.25
5473.25 10500.77
5478.96 10485.20
5484.75 10469.40
5490.38 10454.06
5496.11 10438.44
5501.73 10423.10
5507.73 10406.75
5513.42 10391.23
5519.24 10375.36
5525.03 10359.58
5531.00 10343.30
5536.69 10327.77
5542.44 10312.09
5548.17 10296.67
5554.11 10281.18
5560.30 10265.01
5566.51 10248.78
5572.52 10233.10
5578.57 10217.31
5584.35 10202.20
5590.26 10186.78
5596.49 10170.50
5602.63 10154.41
5608.84 10138.14
5614.62 10122.98
5620.45 10107.70
5626.33 10092.29
5632.48 10076.17
5638.61 10060.12
5644.81 10043.86
5650.63 10028.62
5656.69 10012.74
5662.39 9997.47
5668.01 9982.28
5674.01 9966.05
5679.79 9950.45
5685.44 9935.16
5691.18 9919.39
5696.98 9903.36
5702.68 9887.64
5708.53 9871.50
5714.23 9855.77
5719.78 9840.46
5725.62 9824.34
5733.81 9811.43
5739.45 9795.87
5745.30 9779.72
5751.18 9763.57
5757.08 9747.64
5763.07 9731.45
5769.10 9715.18
5775.07 9699.05
5781.09 9682.80
5787.03 9666.76
5792.99 9650.67
5798.91 9634.68
5804.86 9618.63
5807.97 9600.74
5813.81 9584.98
5819.57 9569.42
5825.63 9553.06
5831.54 9537.10
5837.53 9520.94
5843.20 9505.62
5848.95 9489.51
5854.57 9473.60
5860.24 9457.51
5865.81 9441.72
5871.31 9426.13
5877.00 9410.01
5882.46 9394.53
5887.84 9379.28
5893.29 9363.84
5898.95 9347.78
5904.71 9331.46
5910.52 9315.22
5916.75 9298.85
5923.12 9282.70
5928.66 9267.42
5934.16 9251.60
5939.68 9235.92
5945.16 9220.38
5950.74 9204.54
5956.19 9189.05
5961.72 9173.34
5967.15 9157.93
5972.84 9141.76
5977.88 9125.60
5982.32 9109.09
5988.28 9092.86
5995.55 9078.21
6004.52 9064.47
6014.25 9050.62
6023.76 9036.88
6033.48 9023.01
6043.95 9009.15
6053.96 8995.89
6064.70 8982.33
6074.68 8971.13
6086.12 8958.30
6094.57 8948.83
6104.42 8937.76
6099.33 8929.74
6086.41 8925.83
6073.34 8921.92
6060.21 8918.07
6047.34 8914.26
6034.31 8910.29
6021.00 8906.79
6007.73 8903.47
5993.82 8901.09
5980.48 8900.10
5967.12 8899.70
5953.46 8899.84
5939.72 8901.08
5926.17 8902.71
5911.87 8904.86
5897.50 8907.32
5884.20 8909.80
5870.93 8912.55
5857.34 8915.37
5844.14 8917.65
5829.86 8919.97
5815.46 8922.38
5801.95 8924.97
5788.35 8927.57
5774.05 8930.29
5759.92 8931.25
5746.02 8931.53
5732.19 8931.50
5718.29 8930.56
5704.37 8929.30
5689.99 8928.00
5676.36 8926.76
5662.85 8925.54
5648.36 8924.35
5633.89 8923.28
5620.38 8922.28
5606.87 8921.28
5592.62 8919.40
5578.92 8917.40
5565.57 8914.93
5552.14 8911.84
5538.84 8908.67
5525.25 8904.88
5511.96 8898.63
5499.71 8892.44
5486.76 8885.47
5474.91 8877.57
5463.15 8868.57
5453.22 8858.97
5444.18 8848.81
5435.57 8837.37
5428.58 8824.83
5423.09 8811.79
5418.15 8798.27
5415.34 8783.99
5412.97 8770.32
5410.69 8757.09
5408.41 8743.62
5406.07 8729.52
5403.87 8716.15
5401.51 8702.05
5398.97 8687.60
5397.06 8674.22
5396.34 8660.78
5395.61 8647.11
5396.19 8632.60
5397.01 8618.31
5398.10 8605.10
5400.43 8596.31
5401.60 8591.90
5401.82 8591.07
5401.86 8590.93
5401.89 8590.83
5402.32 8589.14
5400.67 8586.10
5395.55 8584.14
5388.09 8581.44
5378.98 8578.15
5368.42 8574.33
5355.45 8569.62
5340.35 8564.13
5323.95 8558.17
5308.19 8552.45
5292.51 8546.75
5276.66 8539.97
5261.30 8534.50
5245.32 8529.02
5229.46 8524.32
5213.53 8518.78
5197.92 8513.37
5182.46 8508.29
5165.79 8503.89
5149.16 8501.74
5132.85 8500.02
5115.70 8498.22
5098.68 8496.42
5082.29 8495.90
5065.86 8495.50
5048.86 8495.18
5032.55 8495.80
5015.32 8496.45
4998.40 8497.09
4981.77 8497.72
4964.45 8498.38
4947.07 8499.04
4930.01 8499.69
4913.34 8500.32
4896.55 8500.96
4880.28 8501.58
4863.54 8502.21
4847.01 8502.84
4829.75 8503.49
4813.55 8504.31
4796.92 8505.78
4781.01 8509.47
4765.16 8515.74
4750.02 8523.05
4735.74 8531.26
4721.54 8539.41
4706.74 8547.92
4692.48 8556.10
4677.81 8563.44
4662.21 8569.20
4646.07 8573.37
4628.95 8576.05
4612.83 8576.80
4595.69 8575.28
4578.57 8571.90
4562.09 8567.26
4545.97 8561.33
4531.56 8553.86
4518.39 8543.94
4506.12 8531.72
4496.60 8517.99
4490.72 8503.02
4489.67 8485.80
4493.51 8468.90
4500.40 8453.43
4508.80 8438.26
4517.08 8423.03
4524.81 8408.53
4532.76 8393.30
4539.16 8378.22
4545.97 8362.20
4551.81 8346.83
4556.36 8331.08
4561.10 8314.65
4564.85 8298.50
4568.40 8281.99
4571.97 8265.43
4574.41 8248.95
4574.94 8232.10
4573.95 8215.72
4569.87 8198.83
4564.52 8182.61
4558.03 8167.53
4550.41 8152.60
4542.94 8137.96
4532.02 8125.72
4518.42 8117.22
4502.69 8111.94
4486.63 8108.24
4470.44 8105.45
4454.32 8102.67
4437.21 8099.72
4421.20 8097.49
4403.93 8097.24
4387.60 8097.95
4371.00 8100.15
4354.22 8104.64
4338.50 8108.86
4322.78 8113.31
4306.84 8117.89
4290.53 8122.59
4275.30 8130.19
4260.72 8138.06
4246.28 8145.84
4232.02 8155.24
4220.41 8166.86
4208.80 8178.54
4197.35 8190.06
4185.04 8202.45
4173.47 8214.09
4161.74 8225.89
4150.19 8237.53
4137.58 8249.56
4125.44 8260.34
4113.12 8271.27
4100.12 8281.45
4087.04 8291.49
4074.01 8301.50
4060.19 8310.28
4046.21 8318.86
4031.27 8328.04
4016.56 8335.50
4000.53 8339.60
3985.01 8345.82
3969.65 8351.48
3953.32 8356.91
3937.22 8361.31
3921.38 8365.02
3905.50 8368.61
3888.91 8370.56
3872.23 8372.35
3856.04 8373.14
3839.64 8373.51
3822.94 8373.23
3805.63 8372.34
3788.79 8370.53
3772.29 8368.13
3755.74 8365.21
3739.56 8361.44
3722.82 8356.74
3706.65 8351.03
3690.97 8344.53
3675.34 8337.42
3660.58 8330.56
3645.51 8322.66
3630.38 8314.70
3617.03 8304.68
3603.70 8293.74
3591.76 8282.02
3580.30 8269.40
3570.38 8256.55
3560.76 8242.20
3552.90 8227.32
3546.00 8212.68
3539.76 8196.56
3534.30 8180.60
3529.80 8165.20
3526.90 8148.94
3525.38 8131.76
3524.87 8115.16
3524.35 8097.94
3523.45 8081.56
3521.77 8069.75
3520.63 8061.81
3519.05 8051.60
3516.56 8040.24
3513.25 8027.38
3507.79 8013.23
3499.41 8000.55
3492.89 7991.95
3488.77 7986.50
3487.37 7984.65
3486.81 7983.91
