6115.81 5656.86
6114.56 5656.98
6112.05 5657.24
6107.55 5657.69
6101.64 5658.29
6094.05 5659.05
6084.87 5659.97
6074.46 5661.17
6072.82 5672.07
6073.50 5685.74
6074.20 5699.70
6074.92 5714.05
6075.59 5727.30
6076.03 5736.06
6076.24 5740.33
6076.24 5740.35
6076.24 5740.35
6076.24 5740.35
6076.24 5740.35
6076.24 5740.35
6076.24 5740.35
6076.24 5740.35
6076.24 5740.35
6076.24 5740.35
6076.24 5740.35
6076.24 5740.35
6076.24 5740.35
6076.24 5740.35
6076.24 5740.35
6076.24 5740.35
6076.24 5740.35
6076.24 5740.35
6076.24 5740.35
6076.24 5740.35
6076.24 5740.35
6076.24 5740.35
6076.24 5740.35
6076.24 5740.35
6076.24 5740.35
6076.24 5740.35
6076.24 5740.35
6076.24 5740.35
6076.24 5740.35
6076.24 5740.35
6076.24 5740.35
6076.24 5740.35
6076.24 5740.35
6076.24 5740.35
6076.24 5740.35
6076.24 5740.35
6076.24 5740.35
6076.24 5740.35
6076.24 5740.35
6076.24 5740.35
6076.24 5740.35
6076.24 5740.35
6076.24 5740.35
6076.24 5740.35
6076.24 5740.35
6076.24 5740.35
6076.24 5740.35
6076.24 5740.35
6076.24 5740.35
6076.46 5742.18
6079.39 5744.26
6084.59 5743.99
6091.40 5743.59
6099.65 5743.13
6109.08 5742.65
6120.74 5742.05
6133.77 5741.38
6147.48 5740.68
6161.97 5739.94
6176.51 5739.19
6191.20 5738.44
6205.28 5737.72
6219.14 5736.69
6233.32 5735.61
6247.60 5734.51
6261.56 5733.27
6275.92 5732.25
6289.60 5731.39
6303.74 5730.49
6318.14 5732.88
6330.45 5732.21
6338.94 5731.76
6343.75 5731.51
6344.85 5731.46
6344.97 5731.45
6344.99 5731.45
6345.00 5731.45
6345.00 5731.45
6345.00 5731.45
6345.00 5731.45
6345.00 5731.45
6345.00 5731.45
6345.00 5731.45
6345.00 5731.45
6345.00 5731.45
6345.00 5731.45
6345.00 5731.45
6345.00 5731.45
6345.00 5731.45
6345.00 5731.45
6345.00 5731.45
6345.00 5731.45
6345.00 5731.45
6345.00 5731.45
6346.45 5731.35
6349.18 5731.05
6354.21 5730.49
6360.91 5729.75
6368.42 5725.61
6376.65 5724.70
6386.84 5723.59
6399.43 5725.56
6412.89 5724.13
6427.39 5722.69
6441.43 5721.95
6455.23 5721.22
6468.93 5720.91
6482.82 5720.76
6497.44 5720.91
6511.56 5721.29
6526.10 5722.06
6540.76 5723.12
6555.27 5724.02
6569.39 5723.18
6582.11 5720.32
6590.89 5717.74
6594.85 5715.27
6595.00 5715.18
6595.04 5715.15
6595.05 5715.15
6595.05 5715.15
6595.06 5715.14
6595.06 5715.14
6595.06 5715.14
6595.06 5715.14
6595.06 5715.14
6596.43 5714.29
6598.80 5712.81
6602.83 5710.29
6608.17 5706.26
6615.44 5699.60
6618.78 5690.40
6622.86 5679.15
6627.31 5666.89
6630.36 5658.51
6631.86 5654.36
6631.95 5654.11
6632.42 5652.82
6633.49 5649.88
6637.70 5647.48
6645.08 5648.69
6654.13 5651.19
6665.04 5654.33
6677.59 5657.94
6692.00 5662.09
6706.74 5666.34
6721.25 5670.52
6735.80 5674.71
6750.73 5678.87
6765.50 5682.96
6781.74 5687.46
6797.76 5691.90
6814.78 5696.61
6831.14 5698.06
6847.54 5703.38
6863.86 5708.68
6880.16 5713.97
6896.12 5719.14
6912.38 5724.42
6928.09 5729.51
6939.52 5733.21
6946.58 5735.74
6949.48 5743.20
6946.73 5752.86
6943.30 5763.59
6939.21 5776.41
6935.07 5789.37
6930.78 5802.81
6926.62 5815.85
6922.24 5829.57
6917.88 5843.22
6913.60 5856.61
6909.27 5870.18
6906.17 5879.90
6904.19 5886.11
6896.86 5886.81
6888.62 5881.20
6883.36 5870.42
6879.42 5856.74
6875.35 5842.60
6871.43 5828.98
6867.75 5815.18
6864.28 5801.96
6861.09 5787.94
6860.59 5773.89
6860.49 5760.15
6861.94 5746.35
6864.79 5733.63
6867.29 5725.14
6868.59 5720.99
6865.93 5716.29
6860.32 5714.47
6858.99 5714.04
