9752.69 977.43
9751.60 979.66
9749.42 984.08
9746.39 990.26
9742.17 998.85
9737.17 1009.03
9730.90 1021.81
9724.91 1034.02
9720.90 1042.18
9718.49 1047.11
9716.39 1051.38
9713.90 1056.47
9710.71 1062.97
9706.46 1071.51
9701.60 1081.22
9693.44 1089.70
9686.90 1102.23
9680.01 1115.41
9673.27 1128.33
9666.93 1140.45
9660.98 1151.84
9655.07 1163.14
9649.41 1173.97
9643.58 1184.93
9637.66 1196.02
9632.59 1205.55
9627.43 1215.23
9624.97 1226.75
9619.61 1236.73
9614.21 1246.77
9609.06 1256.79
9603.09 1268.24
9597.45 1278.69
9592.07 1288.65
9586.10 1299.70
9580.35 1310.34
9574.34 1321.47
9568.05 1333.10
9561.88 1344.53
9556.34 1354.77
9550.13 1366.28
9544.96 1375.85
9538.99 1386.90
9533.18 1397.65
9527.11 1408.89
9521.14 1419.94
9515.20 1430.95
9509.83 1440.88
9504.63 1450.50
9498.54 1461.78
9491.77 1474.32
9484.74 1487.33
9477.73 1500.31
9470.95 1512.85
9464.46 1524.87
9458.59 1535.74
9453.03 1547.55
9449.54 1558.25
9447.51 1567.36
9445.48 1578.27
9443.10 1590.89
9440.51 1604.60
9437.75 1619.23
9434.99 1633.90
9430.40 1646.96
9420.19 1657.55
9409.03 1667.24
9401.01 1677.99
9395.79 1691.11
9390.42 1704.60
9385.25 1717.57
9379.74 1731.25
9374.51 1743.99
9370.02 1757.66
9365.96 1771.26
9361.43 1785.03
9355.59 1797.74
9351.54 1806.29
9348.67 1810.22
9342.70 1811.69
9336.40 1808.18
9332.81 1805.39
9326.74 1800.37
9320.12 1792.90
9318.21 1780.88
9322.79 1767.44
9312.60 1760.36
9301.65 1756.48
9294.94 1754.10
9287.00 1749.87
9290.14 1739.70
9295.26 1726.97
9299.73 1713.66
9305.93 1699.89
9312.19 1686.38
9317.95 1673.96
9324.24 1660.42
9330.02 1647.95
9336.19 1634.65
9342.44 1621.17
9348.34 1608.45
9354.15 1595.93
9360.34 1583.77
9369.37 1572.72
9380.64 1564.43
9388.96 1559.50
9394.49 1559.23
9395.56 1559.17
9395.69 1559.17
9395.74 1559.17
9395.74 1559.17
9397.24 1558.88
9398.28 1555.10
9396.50 1548.57
9394.18 1540.05
9391.27 1529.37
9387.74 1516.38
9383.96 1502.47
9381.32 1489.25
9379.62 1475.96
9378.00 1463.31
9376.25 1449.66
9374.57 1436.54
9372.93 1423.80
9371.25 1410.66
9369.50 1397.02
9367.84 1384.08
9366.25 1371.64
9364.71 1359.62
9363.14 1347.44
9361.72 1336.36
9359.91 1324.00
9358.21 1312.70
9356.28 1299.82
9354.43 1287.50
9352.39 1276.73
9349.18 1264.69
9346.10 1253.13
9342.00 1242.33
9337.62 1231.07
9333.15 1219.54
9328.34 1207.17
9323.99 1195.97
9318.87 1182.85
9313.66 1169.55
9308.44 1156.21
9302.64 1141.40
9296.89 1129.28
9289.43 1115.93
9280.74 1104.09
9268.97 1094.44
9255.94 1087.10
9242.34 1082.73
9228.54 1079.04
9214.16 1075.20
9199.43 1071.27
9186.02 1067.68
9171.35 1063.76
9157.46 1060.05
9145.17 1054.08
9133.59 1046.51
9122.93 1044.74
9110.93 1047.01
9098.28 1044.54
9084.44 1037.73
9070.19 1034.23
9055.55 1030.62
9041.88 1027.26
9027.60 1023.74
9014.00 1020.39
8999.71 1016.88
8986.05 1013.52
8972.50 1010.18
8958.63 1006.76
8945.07 1008.61
8933.77 1018.21
8923.19 1028.80
8913.12 1038.89
8905.80 1046.21
8901.34 1050.68
8894.54 1056.73
8885.56 1064.42
8874.60 1073.81
8863.28 1083.32
8851.15 1092.05
8839.14 1100.70
8827.21 1109.30
8815.43 1117.79
8803.83 1126.68
8794.78 1138.34
8791.76 1152.31
8789.81 1166.74
8787.85 1181.63
8785.89 1196.43
8784.01 1210.71
8784.95 1228.71
8783.13 1242.52
8781.19 1257.16
8779.43 1270.52
8777.62 1284.20
8776.01 1296.38
8774.48 1307.96
8773.11 1318.30
8771.70 1329.01
8770.26 1339.88
8769.01 1349.33
8767.69 1359.31
8766.29 1369.94
8764.88 1380.64
8763.43 1391.57
8761.97 1402.62
8760.46 1414.03
8758.89 1425.92
8757.58 1435.84
8756.26 1445.82
8754.81 1456.77
8753.44 1467.14
8751.94 1478.49
8750.55 1489.05
8748.56 1499.46
8744.79 1510.63
8738.67 1520.48
8732.25 1528.61
8725.58 1537.06
8719.00 1545.38
8711.62 1554.37
8704.53 1562.85
8698.00 1571.07
8691.43 1579.34
8684.54 1588.03
8678.26 1595.94
8670.83 1605.30
8663.66 1613.66
8655.22 1621.69
8647.20 1628.89
8637.96 1636.52
8630.23 1641.98
8624.79 1645.77
8618.62 1650.08
8612.38 1659.27
8620.57 1667.82
8630.34 1678.01
8641.66 1689.82
8652.40 1703.11
8661.53 1717.72
8668.75 1733.40
8674.24 1750.30
8678.27 1766.40
8681.28 1783.87
8684.15 1800.70
8686.94 1817.81
8689.16 1834.41
8691.47 1852.33
8692.15 1868.60
8690.58 1885.43
8687.41 1902.76
8684.21 1919.28
8681.41 1936.75
8680.19 1954.36
8679.00 1972.28
8677.87 1989.37
8676.11 2006.92
8673.29 2024.30
8670.15 2040.94
8666.48 2057.92
8662.50 2075.26
8658.63 2091.64
8654.77 2108.47
8650.96 2125.28
8647.33 2142.64
8644.65 2159.05
8641.91 2175.99
8639.09 2193.51
8636.38 2210.25
8633.05 2226.48
8628.64 2242.88
8622.00 2258.15
8615.03 2274.20
8608.33 2289.62
8600.17 2304.31
8589.48 2317.20
8577.04 2330.71
8565.31 2344.05
8554.82 2359.00
8545.79 2373.63
8536.36 2388.89
8530.53 2402.25
8529.42 2413.62
8531.84 2420.04
8529.01 2427.22
8520.34 2432.16
8509.30 2438.04
8496.15 2442.85
8482.43 2444.03
8468.55 2443.37
8455.29 2442.59
8449.83 2447.54
8448.94 2452.63
8445.89 2458.69
8436.86 2459.91
8424.80 2459.98
8410.19 2460.07
8396.25 2459.47
8382.70 2457.90
8368.96 2456.32
8355.43 2454.75
8341.55 2452.22
8326.81 2449.39
8312.52 2446.65
8298.31 2446.79
8286.14 2453.02
8273.74 2460.39
8261.98 2467.76
8249.62 2475.50
8237.00 2483.41
8228.19 2488.94
8224.26 2494.21
8223.07 2497.87
8222.98 2498.16
8222.94 2498.29
8222.93 2498.30
8222.93 2498.30
8222.93 2498.30
8222.93 2498.30
8222.93 2498.30
8222.93 2498.30
8222.93 2498.30
8222.93 2498.30
8222.13 2500.53
8220.40 2505.35
8218.04 2511.88
8211.81 2517.64
8202.14 2523.82
8191.02 2530.92
8179.01 2538.59
8167.31 2546.07
8157.56 2556.67
8145.75 2565.15
8133.77 2573.77
8122.72 2581.73
8111.65 2589.70
8099.58 2598.39
8087.50 2607.09
8075.47 2615.74
8063.99 2623.89
8052.39 2631.67
8040.43 2639.59
8028.80 2647.30
8016.56 2655.09
8004.10 2662.92
7992.27 2670.36
7979.56 2678.35
7967.98 2685.63
7955.34 2693.58
7943.76 2700.85
7931.55 2708.73
7920.00 2717.08
7908.36 2725.50
7896.73 2733.91
7885.06 2743.07
7873.91 2752.36
7863.22 2761.27
7852.08 2770.63
7842.16 2780.39
7831.91 2790.47
7821.66 2800.73
7811.44 2811.61
7801.57 2822.11
7791.83 2833.03
7782.55 2843.87
7772.99 2855.04
7763.42 2866.32
7754.10 2877.49
7745.54 2888.14
7736.36 2899.63
7726.89 2911.32
7717.89 2921.70
7708.97 2932.00
7699.64 2942.61
7690.18 2953.00
7680.75 2963.37
7670.73 2973.45
7660.51 2982.98
7649.92 2992.86
7638.97 3002.28
7628.06 3011.47
7617.32 3020.37
7606.57 3028.91
7595.59 3037.27
7583.65 3045.36
7571.91 3053.82
7560.91 3062.58
7562.39 3075.13
7558.82 3089.44
7547.04 3099.85
7532.57 3101.48
7519.26 3095.24
7506.70 3100.31
7491.18 3109.42
7478.31 3120.64
7465.06 3132.14
7452.01 3144.11
7439.26 3156.40
7427.59 3168.88
7415.73 3181.95
7404.23 3194.46
7392.57 3207.33
7381.73 3220.37
7370.20 3234.26
7358.87 3246.40
7347.20 3257.82
7345.54 3269.67
7342.97 3284.29
7333.54 3295.31
7319.71 3299.96
7304.70 3296.26
7294.32 3286.65
7281.49 3291.76
7265.74 3300.25
7250.13 3308.66
7234.30 3317.19
7218.88 3325.49
7203.17 3333.96
7187.88 3342.19
7173.22 3350.09
7157.96 3358.31
7142.73 3366.52
7127.22 3374.88
7112.14 3383.00
7096.94 3391.19
7082.06 3399.20
7070.91 3409.55
7081.84 3426.45
7092.89 3443.53
7107.14 3457.40
7125.50 3467.75
7144.74 3476.02
7159.84 3482.51
7170.83 3487.15
7178.45 3486.63
7183.15 3486.31
7189.57 3487.10
7191.69 3496.09
7193.31 3508.44
7193.26 3522.68
7193.13 3538.99
7192.68 3557.63
7191.60 3577.34
7186.70 3596.79
7179.74 3615.80
7171.72 3634.52
7162.93 3652.19
7152.40 3669.77
7140.25 3685.42
7126.34 3700.13
7110.65 3713.80
7094.52 3725.44
7077.08 3734.85
7058.42 3743.34
7038.88 3749.70
7018.37 3754.07
6998.27 3757.91
6977.94 3760.96
6957.18 3763.03
6936.30 3762.74
6915.74 3759.88
6895.78 3756.47
6875.63 3753.02
6856.17 3749.70
6836.19 3746.52
6818.49 3743.80
6801.66 3740.71
6785.19 3733.87
6769.33 3727.28
6755.85 3717.02
6742.81 3705.89
6727.08 3708.07
6715.33 3720.08
6702.69 3732.99
6690.54 3745.41
6678.83 3757.38
6666.50 3769.98
6654.30 3781.77
6641.52 3794.18
6630.31 3804.21
6620.90 3812.10
6614.79 3817.23
6605.32 3815.99
6595.19 3808.19
6584.26 3799.51
6573.66 3790.52
6563.98 3780.85
6554.03 3770.92
6543.45 3760.35
6533.34 3750.25
6524.20 3738.63
6515.56 3727.63
6506.91 3716.64
6498.06 3705.39
6489.32 3694.76
6479.83 3683.39
6470.57 3672.28
6466.71 3659.25
6463.47 3645.01
6460.26 3630.93
6458.28 3617.46
6456.26 3603.32
6454.19 3588.90
6452.15 3574.63
6449.41 3560.34
6445.82 3546.83
6442.22 3533.27
6433.65 3527.51
6420.12 3529.07
6406.57 3530.76
6392.34 3533.06
6377.57 3535.45
6363.05 3537.80
6348.89 3537.64
6335.05 3533.74
6321.55 3530.46
6307.50 3532.07
6293.17 3534.53
6279.37 3537.31
6265.64 3539.46
6250.84 3541.77
6236.27 3544.05
6221.87 3546.31
6207.26 3548.50
6192.69 3550.46
6178.05 3552.42
6164.42 3554.76
6150.30 3556.96
6136.36 3558.76
6122.15 3560.54
6107.89 3563.13
6094.05 3565.72
6080.48 3568.25
6066.00 3570.95
6051.66 3574.82
6038.79 3579.42
6025.27 3584.26
6011.40 3589.22
5997.74 3595.66
5985.98 3601.20
5977.46 3605.22
5972.13 3607.73
5964.28 3611.14
5953.85 3612.50
5947.14 3602.81
5939.87 3591.10
5932.63 3579.44
5924.97 3567.11
5917.22 3554.61
5909.05 3542.62
5897.62 3533.02
5888.95 3521.61
5879.93 3510.25
5870.69 3498.77
5861.15 3487.77
5851.56 3477.51
5841.08 3466.81
5830.89 3456.80
5820.54 3446.16
5811.31 3435.19
5804.14 3422.91
5799.06 3408.92
5795.69 3395.19
5793.83 3380.37
5793.30 3366.07
5793.00 3351.39
5792.72 3337.53
5792.66 3323.06
5794.87 3308.58
5795.08 3294.74
5788.99 3287.13
5777.22 3275.20
5764.43 3266.32
5750.90 3263.49
5736.81 3263.88
5722.94 3265.01
5709.52 3267.51
5695.06 3270.69
5681.91 3277.27
5668.75 3283.66
5653.95 3285.95
5639.01 3287.66
5624.46 3285.81
5610.77 3283.53
5597.02 3280.85
5583.35 3277.04
5569.63 3273.02
5556.47 3268.46
5543.67 3262.94
5530.73 3256.82
5517.52 3250.46
5504.21 3244.06
5491.68 3238.03
5479.40 3232.11
5466.00 3225.66
5452.59 3219.20
5439.34 3212.83
5426.02 3206.42
5413.34 3200.31
5400.96 3194.35
5387.44 3187.85
5375.11 3181.91
5366.83 3177.92
5361.85 3175.53
5359.47 3174.38
5359.17 3174.24
