6134.82 5654.94
6133.38 5655.09
6130.35 5655.39
6125.60 5655.87
6119.31 5656.51
6115.89 5656.85
6114.28 5657.01
6114.15 5657.03
6114.12 5657.03
6114.10 5657.03
6114.10 5657.03
6114.10 5657.03
6114.10 5657.03
6114.10 5657.03
6114.10 5657.03
6114.10 5657.03
6114.10 5657.03
6114.10 5657.03
6114.10 5657.03
6114.10 5657.03
6114.10 5657.03
6114.10 5657.03
6114.10 5657.03
6114.10 5657.03
6114.10 5657.03
6114.10 5657.03
6114.10 5657.03
6114.10 5657.03
6114.10 5657.03
6114.10 5657.03
6114.10 5657.03
6114.10 5657.03
6114.10 5657.03
6114.10 5657.03
6114.10 5657.03
6114.10 5657.03
6114.10 5657.03
6113.67 5657.07
6112.69 5657.17
6109.28 5657.52
6103.75 5658.07
6096.93 5658.76
6087.84 5659.68
6076.15 5660.85
6072.84 5672.45
6073.52 5686.15
6074.16 5698.92
6074.70 5709.57
6075.06 5716.71
6075.27 5720.93
6075.30 5721.67
6075.32 5722.09
6075.34 5722.32
6075.34 5722.35
6075.34 5722.36
6075.34 5722.37
6075.34 5722.37
6075.34 5722.37
6075.34 5722.37
6075.34 5722.37
6075.34 5722.37
6075.34 5722.37
6075.34 5722.37
6075.34 5722.37
6075.34 5722.37
6075.34 5722.37
6075.34 5722.37
6075.34 5722.37
6075.34 5722.37
6075.34 5722.37
6075.34 5722.37
6075.34 5722.37
6075.34 5722.37
6075.34 5722.37
6075.34 5722.37
6075.34 5722.37
