423.27 5401.34
425.51 5401.60
429.64 5402.08
435.81 5402.79
443.78 5403.71
453.29 5404.84
464.81 5406.42
478.30 5408.27
491.71 5410.10
504.65 5411.88
517.32 5413.90
530.41 5416.06
543.34 5418.20
556.82 5420.42
570.22 5422.63
583.03 5424.93
596.75 5427.59
609.41 5430.05
622.93 5432.86
636.41 5435.86
650.01 5438.88
663.49 5442.01
676.01 5445.01
689.29 5448.19
702.08 5451.48
715.34 5454.93
728.46 5458.34
741.14 5461.64
754.48 5465.10
767.08 5468.38
779.50 5471.61
792.41 5474.96
805.04 5478.25
818.33 5481.71
831.39 5485.10
844.57 5488.53
858.03 5492.03
871.21 5495.46
884.26 5498.85
897.35 5501.88
910.35 5504.81
924.02 5507.90
937.49 5510.94
950.65 5513.91
963.49 5516.74
976.93 5519.47
990.24 5522.18
1003.61 5524.89
1017.14 5527.64
1030.76 5530.41
1043.56 5533.01
1056.31 5535.60
1069.14 5538.20
1082.41 5540.90
1095.23 5543.50
1108.25 5546.15
1121.91 5548.92
1135.48 5551.65
1148.75 5554.31
1161.91 5556.95
1175.48 5559.64
1188.42 5562.19
1201.93 5564.86
1215.22 5567.49
1227.55 5573.33
1242.32 5576.29
1258.65 5579.56
1276.99 5583.24
1295.56 5586.96
1313.79 5590.66
1332.72 5594.56
1351.21 5598.36
1369.57 5602.14
1388.63 5606.06
1407.79 5610.04
1426.64 5614.00
1443.47 5620.90
1461.63 5624.72
1480.34 5628.64
1498.47 5632.45
1517.34 5636.41
1536.37 5640.40
1555.31 5644.74
1573.75 5649.87
1591.75 5654.89
1609.42 5660.12
1627.89 5666.62
1646.01 5673.26
1663.35 5679.61
1680.76 5687.92
1697.54 5696.48
1714.91 5705.35
1731.36 5713.75
1748.15 5708.27
1757.80 5699.95
1769.55 5694.77
1782.10 5693.43
1794.00 5696.50
1805.47 5703.35
1812.96 5713.61
1817.47 5725.44
1818.25 5737.67
1813.72 5749.74
1807.32 5761.66
1795.79 5766.83
1786.16 5775.63
1773.69 5776.51
1759.75 5774.67
1751.23 5788.28
1744.19 5802.37
1738.34 5817.54
1733.58 5832.63
1730.00 5848.84
1728.72 5864.86
1729.57 5881.52
1736.22 5898.23
1740.95 5913.14
1747.20 5927.67
1755.09 5941.21
1764.40 5954.45
1774.24 5967.49
1784.77 5979.59
1795.08 5991.32
1805.30 6002.96
1815.62 6014.70
1826.45 6027.03
1836.77 6038.78
1847.23 6050.68
1855.09 6059.62
1860.42 6065.69
1862.92 6068.54
1863.34 6069.02
1863.63 6069.34
1863.69 6069.42
1863.71 6069.44
1863.72 6069.44
1863.72 6069.45
1863.72 6069.45
1863.72 6069.45
1863.72 6069.45
1863.72 6069.45
1863.72 6069.45
1863.72 6069.45
1863.72 6069.45
1863.72 6069.45
1863.72 6069.45
1863.72 6069.45
1863.72 6069.45
1863.72 6069.45
1863.72 6069.45
1863.72 6069.45
1863.72 6069.45
1863.72 6069.45
1863.72 6069.45
1863.72 6069.45
1863.72 6069.45
1863.72 6069.45
1863.72 6069.45
1863.72 6069.45
1863.72 6069.45
1863.72 6069.45
1863.72 6069.45
1863.72 6069.45
1863.72 6069.45
1863.72 6069.45
1863.72 6069.45
1863.72 6069.45
1863.72 6069.45
1863.72 6069.45
1863.72 6069.45
1865.23 6071.16
1868.10 6074.39
1872.48 6079.31
1878.21 6085.68
1885.34 6093.49
1893.57 6102.48
1902.97 6112.75
1913.76 6124.54
1924.42 6136.19
1935.10 6148.01
1946.37 6160.40
1957.67 6172.79
1967.12 6185.56
1976.64 6198.46
1985.46 6212.78
1993.40 6226.35
2001.40 6240.00
2008.95 6255.01
2016.12 6270.22
2022.90 6284.64
2028.68 6299.42
2033.86 6315.38
2039.02 6331.29
2043.13 6347.00
2047.21 6362.74
2051.07 6379.11
2053.79 6395.71
2056.36 6411.43
2059.09 6428.06
2061.70 6444.03
2064.40 6460.48
2067.02 6476.47
2069.71 6492.91
2072.29 6508.70
2074.85 6524.33
2077.57 6540.93
2080.18 6556.83
2082.87 6573.29
2084.97 6589.68
2086.88 6606.14
2088.69 6621.80
2090.63 6638.50
2092.51 6654.75
2094.06 6671.23
2095.49 6687.43
2096.94 6703.93
2098.35 6719.94
2099.83 6736.65
2101.45 6752.29
2103.14 6768.10
2104.89 6784.55
2106.64 6801.02
2105.85 6817.15
2104.66 6833.89
2100.44 6846.70
2099.81 6855.60
2099.49 6860.01
2099.46 6860.41
2099.46 6860.44
2099.46 6860.44
2102.75 6860.67
2102.75 6860.67
2102.75 6860.67
2102.75 6860.67
2102.75 6860.67
2102.75 6860.67
2102.75 6860.67
2102.75 6860.67
2102.75 6860.67
2102.75 6860.67
2102.75 6860.67
2102.75 6860.67
2102.75 6860.67
2102.75 6860.67
2102.75 6860.67
2102.75 6860.67
2102.75 6860.67
2102.75 6860.67
2102.75 6860.67
2102.75 6860.67
2102.66 6862.09
2102.52 6865.20
2102.31 6869.54
2102.09 6876.29
2101.83 6884.82
2101.49 6895.14
2100.95 6907.73
2100.13 6920.81
2095.86 6934.74
2095.53 6950.51
2095.69 6968.21
2096.67 6987.55
2097.77 7006.23
2100.48 7025.20
2103.88 7043.34
2108.00 7061.78
2112.76 7080.56
2118.47 7098.31
2124.67 7115.80
2131.59 7133.27
2138.44 7150.57
2144.57 7166.04
2155.48 7169.66
2168.45 7170.79
2180.21 7176.35
2189.65 7186.51
2197.93 7197.80
2198.30 7212.45
2193.18 7226.47
2184.83 7237.25
2187.43 7250.01
2192.38 7266.51
2195.54 7284.72
2195.50 7304.10
2193.51 7323.25
2191.87 7338.87
2190.46 7350.09
2189.54 7357.50
2189.06 7361.27
2188.97 7362.05
2188.96 7362.11
2188.96 7362.11
2188.96 7362.12
2188.96 7362.12
2188.96 7362.12
2188.96 7362.12
2188.96 7362.12
2188.96 7362.12
2188.96 7362.12
2188.96 7362.12
2188.96 7362.12
2188.83 7363.16
2188.50 7365.82
2187.99 7369.86
2187.18 7376.03
2186.17 7383.72
2184.89 7393.41
2183.26 7404.66
2181.43 7417.17
2180.75 7431.25
2180.89 7447.50
2183.36 7465.73
2187.81 7481.38
2192.32 7492.34
2195.36 7499.76
2196.77 7503.26
2196.85 7503.46
2196.86 7503.48
2196.86 7503.48
2196.86 7503.48
2196.86 7503.48
2196.86 7503.48
2196.86 7503.48
2196.86 7503.48
2196.86 7503.48
2196.86 7503.48
2196.86 7503.48
2196.86 7503.48
2196.86 7503.48
2196.86 7503.48
2197.55 7505.18
2198.79 7508.22
2200.92 7513.40
2203.88 7520.62
2207.60 7529.58
2212.01 7540.20
2217.01 7550.97
2227.80 7549.39
2242.34 7551.49
2255.76 7557.40
2268.06 7565.94
2277.36 7575.43
2290.37 7575.21
2308.25 7573.71
2327.66 7572.09
2346.90 7570.78
2365.79 7570.81
2384.28 7569.68
2403.43 7566.76
2421.89 7562.29
2440.32 7556.90
2458.02 7551.60
2476.33 7546.11
2494.71 7540.36
2512.92 7533.73
2531.14 7526.64
2548.92 7518.97
2565.53 7511.16
2582.65 7502.49
2599.11 7493.20
2615.49 7483.58
2631.64 7472.93
2647.34 7462.13
2662.36 7451.06
2677.30 7438.82
2691.53 7426.36
2705.38 7414.13
2719.41 7400.94
2732.92 7387.92
2746.32 7373.72
2759.26 7360.02
2772.62 7345.86
2785.49 7332.24
2798.47 7318.49
2811.56 7304.39
2824.58 7290.34
2837.10 7276.83
2850.19 7262.72
2862.71 7249.21
2875.44 7235.48
2888.58 7221.13
2900.91 7207.00
2912.68 7192.58
2922.39 7176.43
2931.66 7160.37
2942.24 7143.70
2949.61 7125.88
2956.71 7108.72
2958.67 7094.15
2949.88 7084.78
2944.60 7072.93
2943.82 7059.83
2948.21 7046.91
2953.83 7039.59
2956.51 7033.06
2962.72 7028.56
2971.66 7026.38
2983.21 7026.04
2997.35 7030.83
3009.52 7037.02
3019.98 7027.30
3032.06 7016.02
3043.51 7005.31
3057.76 6997.97
3073.42 6992.84
3089.37 6989.03
3105.68 6988.06
3122.10 6988.71
3138.61 6991.45
3153.65 6996.52
3168.43 7001.79
3183.50 7007.16
3198.72 7012.58
3214.48 7018.18
3229.59 7023.48
3244.95 7028.86
3259.96 7034.13
3275.21 7039.47
3290.75 7044.92
3306.66 7050.50
3322.48 7056.05
3338.19 7061.56
3353.68 7066.99
3369.16 7072.41
3385.03 7077.98
3400.81 7083.51
3416.33 7088.95
3432.03 7094.46
3447.05 7099.73
3462.10 7105.00
3477.37 7110.36
3493.06 7115.86
3508.49 7121.27
3523.91 7126.68
3539.42 7132.11
3555.14 7137.71
3570.34 7144.37
3585.63 7151.07
3600.88 7157.75
3613.01 7162.25
3621.18 7152.70
3633.31 7145.72
3646.97 7143.72
3660.43 7147.00
3672.46 7154.53
3680.77 7166.74
3682.49 7180.32
3693.44 7186.16
3707.15 7195.49
3721.90 7201.22
3737.68 7206.15
3753.48 7211.08
3769.51 7215.57
3785.15 7219.95
3801.17 7224.44
3816.47 7228.73
3831.98 7232.94
3848.40 7235.14
3864.40 7235.86
3880.91 7232.58
3896.42 7225.89
3909.66 7217.37
3921.87 7205.88
3932.85 7193.44
3941.91 7180.59
3950.56 7166.22
3957.88 7154.17
3962.98 7145.97
3966.36 7141.31
3972.93 7140.11
3978.75 7147.03
3984.58 7156.25
3991.39 7167.04
3999.55 7177.84
4009.33 7187.09
4018.98 7196.21
4028.34 7205.06
4038.20 7214.38
4050.04 7221.69
4061.52 7228.77
4072.47 7235.53
4084.02 7242.65
4095.33 7249.10
4107.43 7255.72
4119.22 7262.16
4131.71 7268.46
4144.31 7273.36
4157.30 7277.77
4169.90 7281.32
4182.52 7284.86
4195.38 7287.62
4208.89 7289.77
4222.11 7291.88
4235.33 7293.99
4248.45 7295.21
4261.74 7296.22
4275.65 7297.26
4288.76 7298.25
4301.72 7299.16
4315.54 7299.90
4328.66 7300.60
4342.21 7301.33
4355.46 7301.97
4369.46 7302.41
4382.56 7302.82
4395.70 7303.23
4408.89 7303.64
4422.61 7302.68
4436.51 7301.68
4449.74 7300.72
4463.18 7299.76
4476.27 7296.89
4488.55 7293.06
4501.26 7289.09
4514.30 7285.02
4526.52 7279.73
4538.80 7274.32
4550.88 7269.00
4562.92 7263.70
4574.41 7257.10
4585.27 7250.17
4596.57 7242.96
4607.42 7236.03
4619.05 7230.16
4631.73 7224.59
4644.05 7219.17
4656.25 7213.77
4668.88 7208.03
4681.23 7202.43
4693.99 7196.63
4707.06 7192.68
4720.58 7189.05
4733.86 7185.77
4747.41 7183.50
4760.05 7181.38
4772.76 7179.78
4785.69 7179.80
4799.54 7179.82
4812.47 7179.84
4825.64 7179.38
4838.88 7178.91
4852.21 7179.65
4865.33 7180.51
4875.43 7180.24
4881.21 7179.76
4888.51 7179.17
4897.35 7178.46
4908.15 7177.62
4921.21 7176.60
4934.27 7175.59
4947.90 7174.53
4961.17 7173.50
4974.90 7172.43
4987.94 7171.42
5000.81 7170.42
5014.38 7169.36
5028.30 7168.28
5041.67 7167.24
5054.55 7166.24
5068.07 7165.19
5081.57 7164.27
5094.55 7163.40
5108.04 7162.49
5121.83 7161.57
5134.92 7160.69
5148.54 7159.78
5161.61 7158.78
5175.28 7157.62
5188.40 7157.00
5201.87 7156.65
5215.82 7156.41
5229.10 7156.46
5242.64 7156.55
5255.89 7157.19
5269.21 7157.82
5283.17 7158.49
5297.17 7159.16
5310.16 7159.93
5323.18 7160.83
5336.24 7161.74
5349.44 7162.65
5362.56 7163.56
5376.04 7164.49
5389.10 7165.40
5402.69 7166.42
5416.11 7167.74
5429.71 7169.17
5442.71 7170.54
5456.42 7171.98
5470.08 7173.38
5483.90 7174.69
5497.37 7175.96
5510.45 7177.20
5523.88 7178.47
5537.15 7179.72
5550.55 7181.01
5562.94 7182.86
5572.42 7184.27
5577.44 7185.02
5578.01 7185.10
5578.06 7185.11
5578.07 7185.11
5578.08 7185.11
5578.09 7185.11
5578.09 7185.11
5580.05 7185.38
5584.04 7185.86
5589.27 7186.48
5596.62 7187.24
5605.21 7188.10
5616.01 7189.18
5628.25 7190.40
5641.66 7191.74
5655.25 7193.10
5668.69 7194.44
5682.16 7195.79
5695.38 7197.11
5708.20 7198.39
5721.35 7199.70
5734.95 7201.06
5748.63 7202.33
5761.77 7203.37
5775.08 7204.43
5788.63 7205.50
5801.58 7206.42
5815.47 7207.36
5828.37 7208.23
5841.41 7209.11
5854.98 7210.02
5867.89 7210.89
5880.91 7211.77
5893.82 7212.64
5906.94 7213.52
5920.72 7214.45
5934.57 7215.38
5947.46 7216.25
5960.88 7217.23
5973.71 7218.30
5987.22 7219.42
6000.09 7220.49
6014.04 7221.64
6024.54 7222.45
6030.90 7221.46
6036.86 7217.54
6037.71 7206.48
6047.71 7198.08
6061.33 7200.36
6068.75 7212.79
6082.04 7214.35
6095.87 7215.44
6109.58 7216.51
6123.39 7217.60
6136.44 7218.62
6150.03 7219.71
6163.70 7220.82
6176.65 7221.86
6190.04 7222.95
6202.92 7223.98
6216.05 7224.87
6229.48 7224.61
6243.05 7223.49
6256.07 7220.78
6269.54 7217.40
6282.62 7213.85
6295.21 7210.42
6307.73 7213.43
6316.11 7223.84
6321.75 7236.27
6323.34 7245.51
6324.26 7250.86
6324.49 7251.75
6324.59 7252.11
6324.62 7252.25
6324.64 7252.30
6324.64 7252.31
6324.64 7252.31
6324.64 7252.31
6324.64 7252.31
6324.64 7252.31
6324.64 7252.31
6324.64 7252.31
6324.64 7252.31
6324.64 7252.31
6324.64 7252.31
6324.64 7252.31
6324.64 7252.31
6324.64 7252.31
6324.64 7252.31
6324.64 7252.31
6324.64 7252.31
6324.64 7252.31
6324.64 7252.31
6324.64 7252.31
6324.64 7252.31
6324.64 7252.31
6324.64 7252.31
6324.64 7252.31
6324.64 7252.31
6324.64 7252.31
6324.64 7252.31
6324.64 7252.31
6324.64 7252.31
6324.64 7252.31
6324.64 7252.31
6324.64 7252.31
6324.64 7252.31
6324.95 7253.48
6325.62 7256.05
6326.83 7260.11
6329.60 7266.00
6333.34 7274.02
6336.60 7284.44
6340.03 7297.12
6346.10 7306.92
6349.19 7319.76
6350.19 7333.53
6351.20 7347.34
6361.62 7350.23
6370.72 7340.75
6379.17 7329.83
6389.46 7320.69
6400.22 7312.61
6411.71 7305.23
6423.84 7298.17
6435.66 7291.48
6447.48 7284.79
6458.67 7278.45
6470.81 7271.55
6482.09 7264.50
6488.91 7258.94
6491.80 7254.49
6492.66 7252.83
6493.09 7252.01
6493.17 7251.85
6493.18 7251.83
6493.19 7251.82
6493.19 7251.82
6493.19 7251.82
6493.19 7251.82
6493.19 7251.82
6493.19 7251.82
6493.19 7251.82
6493.19 7251.82
6493.19 7251.82
6493.19 7251.82
6493.19 7251.82
6493.19 7251.82
6493.19 7251.82
6493.19 7251.82
6493.19 7251.82
6493.19 7251.82
6493.19 7251.82
6493.19 7251.82
6493.19 7251.82
6493.19 7251.82
6493.19 7251.82
6493.19 7251.82
6493.19 7251.82
6493.19 7251.82
6493.19 7251.82
6493.19 7251.82
6493.19 7251.82
6493.19 7251.82
6493.19 7251.82
6493.19 7251.82
6493.19 7251.82
6493.19 7251.82
6493.19 7251.82
6493.19 7251.82
6493.19 7251.82
6493.19 7251.82
6493.19 7251.82
6493.19 7251.82
6493.19 7251.82
6493.19 7251.82
6493.19 7251.82
6493.19 7251.82
6493.61 7251.01
6494.78 7248.50
6496.62 7244.31
6499.08 7238.88
6502.51 7232.57
6506.81 7224.65
6511.95 7215.19
6523.53 7211.76
6535.04 7204.75
6545.27 7198.52
6552.40 7194.18
6555.69 7192.18
6556.54 7191.66
6556.55 7191.65
6556.56 7191.64
6556.57 7191.64
6555.08 7188.68
6556.37 7187.89
6559.63 7185.91
6564.35 7183.38
6565.34 7182.88
6565.44 7182.84
6565.51 7182.80
6565.52 7182.79
6565.52 7182.79
6565.53 7182.79
6565.53 7182.79
6565.53 7182.79
6565.53 7182.79
6565.53 7182.79
6565.53 7182.79
6565.53 7182.79
6565.53 7182.79
6567.31 7181.83
6570.44 7180.04
6575.47 7177.16
6581.81 7173.38
6589.83 7168.85
6601.17 7166.24
6612.27 7159.96
6625.21 7152.64
6638.78 7144.97
6653.77 7137.71
6668.91 7132.68
6683.92 7127.81
6699.72 7123.93
6715.38 7121.37
6731.89 7118.98
6747.39 7116.88
6763.88 7114.53
6779.49 7112.33
6793.07 7110.41
6802.25 7109.11
6807.23 7108.57
6810.85 7114.07
6813.87 7122.10
6817.16 7131.83
6824.20 7142.36
6828.86 7156.15
6835.33 7171.02
6841.82 7185.69
6848.15 7200.09
6855.74 7214.73
6863.84 7229.12
6874.41 7241.14
6887.40 7251.04
6900.65 7241.80
6913.36 7232.29
6923.52 7224.69
6930.36 7219.57
6934.30 7216.86
6935.06 7216.36
6935.67 7215.95
6935.77 7215.89
6935.77 7215.89
6935.77 7215.89
6935.77 7215.89
6935.77 7215.89
6935.77 7215.89
6935.77 7215.89
6935.77 7215.89
6935.77 7215.89
6935.77 7215.89
6935.77 7215.89
6935.77 7215.89
6935.77 7215.89
6935.77 7215.89
6935.77 7215.89
6935.77 7215.89
6935.77 7215.89
6935.77 7215.89
6935.77 7215.89
6935.77 7215.89
6935.77 7215.89
6935.77 7215.89
6935.77 7215.89
6935.77 7215.89
6935.77 7215.89
6935.77 7215.89
6935.77 7215.89
6935.77 7215.89
6935.77 7215.89
6935.77 7215.89
6935.77 7215.89
6935.77 7215.89
6935.77 7215.89
6935.77 7215.89
6935.77 7215.89
6936.95 7215.15
6939.70 7213.69
6943.76 7212.24
6949.94 7212.05
6958.37 7212.56
6967.10 7215.98
6977.58 7218.91
6991.84 7219.47
7004.40 7222.98
7016.67 7226.74
7029.13 7231.29
7041.96 7235.96
7051.06 7239.28
7057.27 7241.55
7059.28 7242.28
7059.67 7242.42
7059.91 7242.51
7059.92 7242.51
7059.93 7242.51
7059.93 7242.51
7059.93 7242.51
7059.93 7242.51
7059.93 7242.51
7059.93 7242.51
7059.93 7242.51
7059.93 7242.51
7059.93 7242.51
7059.93 7242.51
7059.93 7242.51
7059.93 7242.51
7059.93 7242.51
7059.93 7242.51
7059.93 7242.51
7059.93 7242.51
7059.93 7242.51
7059.93 7242.51
7059.93 7242.51
7059.93 7242.51
7059.93 7242.51
7059.93 7242.51
7059.93 7242.51
7059.93 7242.51
7059.93 7242.51
7059.93 7242.51
7059.93 7242.51
7059.93 7242.51
7061.67 7243.15
7065.31 7244.48
7071.09 7246.04
7078.49 7240.65
7081.72 7230.51
7085.30 7219.28
7087.71 7211.70
7091.70 7202.83
7102.09 7201.07
7114.30 7204.59
7127.41 7208.51
7140.23 7212.10
7153.55 7216.08
7166.62 7219.56
7177.29 7222.37
7184.17 7224.21
7187.11 7225.86
7187.48 7226.44
7188.43 7228.13
7188.61 7231.77
7187.36 7237.29
7185.23 7244.53
7182.70 7253.15
7179.50 7264.05
7176.77 7273.35
7175.30 7278.34
7174.66 7280.55
7174.52 7281.01
7174.45 7281.26
7174.44 7281.29
7174.43 7281.31
7174.43 7281.31
7174.43 7281.31
7174.43 7281.31
7174.43 7281.31
7174.43 7281.31
7174.43 7281.31
7174.43 7281.31
7174.43 7281.31
7174.43 7281.31
7174.43 7281.31
7174.43 7281.31
7174.43 7281.31
7174.43 7281.31
7174.43 7281.31
7174.10 7282.46
7173.40 7284.84
7172.31 7288.62
7174.34 7293.37
7180.75 7296.91
7189.24 7301.11
7199.13 7306.01
7210.45 7311.61
7218.74 7315.71
7226.87 7319.73
7235.11 7323.81
7240.07 7326.26
7245.74 7329.06
7252.88 7330.34
7261.86 7329.49
7270.47 7320.87
7274.29 7309.76
7278.43 7297.74
7282.85 7284.89
7287.30 7271.99
7293.99 7259.38
7308.06 7256.27
7321.67 7256.37
7331.30 7247.18
7340.20 7237.21
7349.17 7227.05
7357.94 7217.11
7366.71 7209.91
7373.01 7204.90
7375.84 7202.76
7376.33 7202.44
7378.06 7197.32
7381.82 7194.83
7386.43 7191.46
7392.29 7186.25
7398.79 7178.42
7407.04 7172.80
7413.77 7161.19
7420.27 7149.96
7426.70 7138.87
7433.35 7127.47
7440.19 7115.80
7451.25 7108.82
7464.18 7109.23
7477.42 7109.80
7485.98 7100.91
7493.19 7089.82
7500.27 7078.72
7508.50 7067.75
7516.71 7057.48
7525.45 7047.47
7535.18 7037.79
7544.87 7027.89
7555.11 7018.45
7566.31 7010.45
7577.66 7004.14
7589.14 6997.07
7601.27 6991.01
7613.39 6984.16
7625.97 6979.74
7638.80 6980.42
7651.75 6983.69
7664.96 6987.43
7678.35 6991.18
7691.43 6994.78
7704.38 6998.36
7716.78 7001.79
7729.32 7005.26
7742.61 7008.08
7755.68 7011.29
7768.87 7014.54
7782.06 7017.81
7794.52 7020.90
7807.60 7024.15
7820.17 7027.43
7832.40 7032.46
7844.76 7038.49
7857.04 7044.91
7868.41 7050.85
7880.36 7057.10
7891.76 7063.06
7903.31 7069.10
7915.34 7075.46
7925.81 7083.17
7936.83 7091.73
7946.98 7100.72
7957.39 7109.59
7967.47 7119.11
7977.43 7127.70
7987.16 7136.69
7996.84 7145.75
8006.15 7154.97
8015.28 7164.92
8024.14 7174.50
8033.24 7184.32
8042.51 7194.33
8053.45 7200.35
8065.67 7204.45
8078.57 7205.40
8092.34 7206.41
8105.14 7205.69
8118.05 7203.84
8130.78 7201.68
8144.12 7198.15
8156.58 7194.84
8169.32 7191.13
8179.76 7188.03
8186.99 7185.88
8191.10 7184.94
8191.21 7184.92
8191.25 7184.91
8191.26 7184.91
8191.26 7184.91
8191.26 7184.91
8191.26 7184.91
8191.26 7184.91
8191.26 7184.91
8191.26 7184.91
8191.26 7184.91
8192.56 7184.56
8194.56 7182.60
8194.36 7178.28
8194.65 7171.85
8196.17 7163.82
8199.03 7154.65
8204.99 7145.28
8213.40 7136.19
8222.17 7126.33
8230.77 7116.30
8227.10 7103.55
8223.28 7090.29
8215.76 7080.06
8206.68 7070.43
8197.74 7060.92
8188.22 7051.25
8178.44 7041.73
8168.60 7032.13
8159.29 7023.07
8149.84 7014.02
8139.29 7004.80
8128.20 6996.62
8116.67 6988.93
8104.48 6982.80
8091.00 6978.99
8077.36 6976.31
8063.78 6973.81
8050.15 6971.24
8036.31 6968.18
8022.36 6965.19
8009.43 6962.63
7996.58 6960.08
7982.87 6957.36
7969.53 6954.71
7956.32 6952.09
7949.06 6947.29
7935.72 6944.68
7923.02 6942.19
7910.05 6939.65
7897.24 6937.20
7883.97 6935.00
7870.48 6932.77
7857.69 6929.54
7844.89 6926.16
7832.87 6921.23
7822.89 6912.21
7817.09 6902.08
7818.79 6888.33
7820.49 6874.53
7831.82 6868.39
7843.86 6864.63
7857.41 6865.52
7870.93 6866.42
7883.87 6867.37
7897.41 6868.50
7910.94 6869.83
7924.60 6871.35
7938.46 6872.88
7952.33 6874.39
7965.21 6875.80
7978.46 6877.26
7992.20 6878.78
8006.02 6880.31
8019.83 6878.54
8032.69 6880.03
8046.40 6881.65
8060.32 6883.34
8074.11 6884.99
8087.65 6886.56
8100.94 6888.10
8114.17 6890.50
8126.78 6893.18
8139.48 6896.88
8151.93 6900.83
8164.21 6904.93
8176.87 6909.90
8189.01 6915.43
8200.73 6920.78
8212.72 6926.25
8224.96 6931.82
8237.16 6937.39
8248.97 6943.28
8261.25 6949.53
8272.71 6955.36
8284.49 6961.35
8296.40 6967.41
8307.68 6973.47
8319.22 6981.02
8330.73 6988.54
8341.93 6995.86
8353.32 7003.31
8364.35 7010.42
8376.17 7016.15
8388.18 7020.79
8400.84 7024.59
8413.20 7028.06
8425.75 7030.97
8439.10 7033.19
8452.44 7034.62
8465.49 7035.66
8478.81 7036.74
8491.82 7037.94
8505.21 7039.06
8519.02 7040.31
8532.19 7042.34
8544.92 7045.41
8558.04 7048.93
8570.64 7052.30
8583.92 7055.84
8597.23 7057.81
8606.24 7058.05
8610.89 7057.74
8611.31 7057.71
8611.61 7057.69
8611.69 7057.68
8611.72 7057.68
8612.87 7057.60
8616.19 7057.38
8620.50 7057.02
8625.82 7056.40
8632.76 7055.17
8641.54 7053.56
8652.25 7051.60
8664.86 7049.50
8677.92 7047.38
8690.80 7045.57
8704.01 7044.43
8717.29 7044.95
8729.16 7042.75
8733.74 7030.19
8738.46 7017.17
8743.07 7004.43
8747.49 6992.21
8752.00 6979.75
8756.51 6967.31
8760.98 6954.95
8764.03 6946.52
8765.55 6942.33
8769.26 6937.29
8777.45 6938.68
8786.78 6942.08
8794.89 6945.03
8798.91 6946.50
8800.02 6946.90
8800.51 6947.08
