4122.16 11215.69
4121.67 11213.47
4120.89 11210.00
4119.80 11205.13
4118.25 11198.17
4116.26 11189.54
4113.60 11178.91
4110.51 11166.57
4106.95 11152.35
4103.00 11136.58
4098.64 11127.15
4085.47 11126.12
4073.81 11119.48
4063.14 11124.79
4051.01 11133.73
4039.28 11142.36
4026.74 11151.60
4014.62 11160.53
4001.73 11169.65
3988.52 11177.90
3974.79 11185.40
3961.76 11192.53
3948.04 11200.03
3935.13 11207.08
3921.75 11214.38
3907.67 11220.75
3894.26 11226.80
3880.70 11232.93
3866.84 11238.92
3852.23 11244.41
3838.54 11249.54
3824.37 11254.41
3809.97 11259.14
3795.97 11263.73
3781.48 11268.06
3766.63 11272.49
3751.65 11276.96
3737.20 11281.27
3722.44 11285.46
3707.41 11289.65
3692.85 11293.71
3678.62 11297.68
3664.27 11301.58
3649.57 11305.32
3635.37 11308.94
3619.97 11312.53
3604.94 11315.48
3589.58 11317.75
3575.13 11319.49
3560.53 11320.91
3545.94 11321.66
3530.31 11321.75
3515.10 11320.99
3499.72 11320.08
3484.43 11318.23
3469.76 11316.44
3454.67 11313.34
3439.71 11309.99
3424.97 11306.14
3410.36 11301.58
3396.29 11296.73
3381.86 11291.35
3368.26 11285.90
3354.78 11279.96
3341.25 11273.75
3327.83 11267.49
3313.82 11260.96
3300.40 11254.70
3287.17 11248.53
3273.31 11242.07
3259.94 11235.83
3246.15 11229.40
3232.53 11223.05
3219.25 11216.86
3205.02 11210.22
3191.25 11203.80
3177.74 11197.50
3163.90 11191.04
3150.35 11184.73
3136.74 11178.38
3123.57 11172.23
3109.35 11165.60
3095.55 11159.17
3081.60 11152.66
3067.93 11146.29
3054.59 11140.06
3040.62 11133.55
3028.91 11124.86
3018.13 11114.93
3008.38 11103.92
2998.51 11092.82
2988.33 11081.37
2978.41 11070.22
2969.40 11058.73
2960.44 11046.06
2951.74 11033.76
2942.96 11021.35
2935.53 11008.28
2928.47 10994.78
2921.17 10980.81
2914.28 10967.61
2907.52 10954.69
2900.67 10941.59
2895.52 10927.61
2890.45 10913.23
2885.37 10898.84
2880.19 10884.15
2875.05 10869.58
2869.98 10855.21
2865.05 10841.23
2859.87 10826.54
2854.65 10811.76
2849.63 10797.53
2844.53 10783.05
2839.37 10768.43
2834.28 10754.01
2829.14 10739.45
2823.92 10724.63
2819.15 10709.55
2814.69 10694.62
2812.38 10680.31
2810.83 10664.56
2810.65 10649.47
2811.17 10633.85
2813.25 10619.41
2815.51 10604.82
2818.09 10589.32
2820.19 10574.14
2821.14 10558.77
2820.60 10543.82
2819.53 10528.48
2818.50 10513.60
2817.44 10498.31
2815.01 10483.14
2810.56 10468.16
2806.17 10453.40
2802.01 10439.39
2797.54 10424.38
2793.09 10409.39
2788.61 10394.32
2784.16 10380.24
2778.88 10365.66
2773.83 10351.72
2769.08 10337.90
2764.74 10323.51
2760.41 10309.16
2755.92 10294.26
2752.76 10279.41
2751.13 10264.04
2749.50 10248.74
2747.96 10234.23
2746.39 10219.45
2744.74 10203.86
2743.17 10189.13
2741.50 10173.41
2739.85 10157.70
2738.38 10142.86
2736.88 10127.71
2735.41 10112.81
2733.85 10097.08
2732.42 10082.59
2730.94 10067.69
2729.43 10052.42
2727.99 10037.87
2727.49 10022.91
2727.18 10007.08
2727.11 9992.31
2727.62 9977.20
2728.19 9962.24
2729.04 9947.12
2730.25 9931.75
2731.47 9916.26
2732.66 9900.99
2733.86 9885.73
2735.04 9870.75
2736.26 9855.22
2737.41 9840.52
2738.62 9825.07
2738.76 9809.57
2738.82 9794.08
2738.87 9778.38
2738.71 9762.85
2738.05 9748.09
2736.42 9732.40
2733.96 9717.55
2729.86 9703.26
2724.90 9688.39
2719.56 9674.82
2712.66 9661.39
2704.99 9648.30
2696.43 9635.60
2687.27 9624.05
2677.52 9612.67
2667.23 9602.36
2656.26 9592.14
2647.45 9589.36
2634.58 9593.10
2621.85 9591.35
2610.78 9585.15
2602.61 9575.09
2598.81 9562.02
2600.16 9549.57
2604.93 9537.53
2600.79 9525.55
2594.33 9511.57
2587.76 9497.53
2582.58 9483.42
2578.14 9468.60
2573.95 9453.93
2571.39 9439.57
2569.77 9424.60
2569.24 9408.99
2569.50 9393.94
2570.71 9378.68
2572.90 9363.94
2575.08 9349.25
2577.50 9333.73
2580.70 9318.47
2583.93 9303.06
2586.97 9288.51
2589.72 9274.13
2592.57 9259.23
2595.35 9244.65
2598.20 9229.78
2601.11 9214.72
2603.91 9200.18
2608.21 9185.55
2613.36 9171.12
2618.37 9157.07
2623.54 9142.97
2624.82 9133.05
2614.59 9124.45
2609.18 9113.08
2608.84 9099.37
2613.89 9087.27
2615.22 9076.20
2608.66 9065.48
2602.77 9054.90
2597.05 9044.23
2591.37 9032.56
2585.88 9020.91
2580.58 9009.51
2575.49 8998.40
2570.39 8987.26
2564.94 8975.38
2559.60 8963.72
2554.15 8951.82
2549.08 8940.76
2544.28 8929.83
2539.50 8918.77
2534.30 8906.74
2529.18 8894.88
2525.12 8883.42
2520.98 8871.09
2517.73 8859.29
2514.71 8846.57
2512.70 8834.14
2510.68 8821.51
2509.41 8809.53
2508.08 8797.07
2506.99 8784.49
2506.47 8772.59
2505.93 8760.13
2505.71 8747.97
2505.76 8735.35
2505.82 8722.20
2505.87 8709.01
2505.92 8696.38
2506.03 8684.01
2506.51 8670.94
2506.99 8657.97
2507.59 8644.98
2508.25 8632.51
2508.94 8619.37
2510.44 8606.53
2512.34 8593.67
2514.12 8581.62
2516.03 8568.64
2517.77 8556.86
2519.65 8544.14
2521.39 8532.32
2523.21 8520.01
2524.97 8508.07
2526.87 8495.17
2528.72 8482.66
2530.64 8469.64
2531.95 8460.77
2532.60 8456.36
2532.65 8455.97
2532.67 8455.89
2532.67 8455.86
2532.67 8455.84
2532.67 8455.84
2532.67 8455.84
2532.67 8455.84
2532.67 8455.84
2532.67 8455.84
2532.67 8455.84
2532.67 8455.84
2532.67 8455.84
2532.67 8455.84
2532.67 8455.84
2532.67 8455.84
2532.67 8455.84
2532.67 8455.84
2532.67 8455.84
2532.67 8455.84
2532.67 8455.84
2532.67 8455.84
2532.67 8455.84
2532.67 8455.84
2532.67 8455.84
2532.67 8455.84
2532.67 8455.84
2532.67 8455.84
2532.67 8455.84
2532.67 8455.84
2532.67 8455.84
2532.67 8455.84
2532.67 8455.84
2532.67 8455.84
2532.67 8455.84
2532.67 8455.84
2532.67 8455.84
2532.67 8455.84
2532.67 8455.84
2532.67 8455.84
2532.67 8455.84
2532.67 8455.84
2532.67 8455.84
2532.67 8455.84
2532.67 8455.84
2532.67 8455.84
2532.67 8455.84
2532.67 8455.84
2532.67 8455.84
2532.67 8455.84
2532.67 8455.84
2532.67 8455.84
2532.67 8455.84
2532.67 8455.84
2532.67 8455.84
2532.67 8455.84
2532.67 8455.84
2532.67 8455.84
2532.67 8455.84
2532.67 8455.84
2532.67 8455.84
2532.67 8455.84
2532.67 8455.84
2532.67 8455.84
2532.67 8455.84
2532.67 8455.84
2532.88 8454.44
2533.36 8451.19
2534.20 8445.57
2535.30 8438.13
2536.73 8428.64
2538.54 8416.80
2540.39 8404.40
2530.13 8400.87
2517.95 8400.25
2505.06 8399.59
2492.91 8398.97
2480.68 8398.12
2467.67 8397.39
2455.29 8397.02
2443.28 8396.65
2430.47 8396.26
2418.52 8395.77
2405.58 8395.21
2393.55 8394.69
2381.46 8394.17
2368.42 8393.60
2355.44 8393.04
2342.36 8392.48
2329.76 8391.94
2317.76 8391.42
2308.66 8382.78
2300.58 8372.96
2293.51 8363.12
2293.39 8352.07
2293.32 8345.14
2289.85 8339.23
2278.96 8338.61
2266.74 8338.35
2254.63 8341.46
2242.64 8344.55
2230.17 8347.75
2218.10 8350.85
2206.00 8353.90
2193.21 8356.78
2180.77 8359.59
2168.01 8362.46
2156.40 8365.08
2144.46 8367.59
2132.56 8369.93
2121.27 8371.95
2114.41 8373.18
2111.60 8373.68
2111.25 8373.75
2111.09 8373.78
2111.03 8373.79
2111.01 8373.79
2110.99 8373.79
2110.99 8373.79
2110.99 8373.79
2110.99 8373.79
2110.99 8373.79
2110.99 8373.79
2110.99 8373.79
2110.99 8373.79
2110.99 8373.79
2110.99 8373.79
2110.99 8373.79
2110.99 8373.79
2110.99 8373.79
2110.99 8373.79
2110.99 8373.79
2110.99 8373.79
2110.99 8373.79
2110.99 8373.79
2110.99 8373.79
2110.99 8373.79
2110.99 8373.79
2108.68 8373.77
2105.47 8371.81
2102.68 8366.56
2100.39 8358.95
2097.74 8348.89
2094.92 8336.43
2092.48 8323.89
2090.30 8312.16
2088.55 8299.45
2086.61 8286.42
2085.00 8273.97
2083.45 8261.69
2082.07 8249.69
2080.89 8236.88
2079.73 8224.32
2078.59 8211.87
2077.47 8199.72
2076.68 8186.89
2076.23 8174.73
2075.77 8162.28
2075.32 8150.11
2074.83 8137.01
2074.38 8124.99
2073.90 8113.07
2073.35 8100.13
2072.84 8088.07
2072.34 8075.95
2071.83 8063.83
2071.32 8051.80
2070.67 8039.61
2069.72 8026.58
2068.83 8014.61
2067.88 8001.76
2066.95 7989.23
2066.35 7976.53
2066.59 7963.82
2066.78 7953.63
2067.09 7947.95
2064.15 7942.05
2054.11 7941.00
2041.50 7939.69
2028.38 7938.41
2015.37 7937.22
2002.32 7935.81
1990.52 7934.17
1978.59 7932.41
1966.60 7930.77
1953.58 7928.94
1940.67 7927.17
1927.74 7925.37
1914.68 7923.55
1902.56 7921.85
1889.73 7920.04
1877.12 7918.23
1865.06 7916.50
1852.06 7914.64
1840.15 7912.93
1827.46 7910.83
1815.48 7908.62
1803.50 7906.43
1790.54 7904.12
1778.44 7901.97
1765.86 7899.73
1754.08 7897.63
1744.23 7895.88
1732.27 7893.41
1720.87 7889.98
1708.33 7886.55
1696.51 7884.44
1684.57 7882.74
1672.48 7881.02
1659.44 7879.53
1647.41 7878.27
1635.17 7876.99
1622.16 7876.87
1609.84 7876.95
1597.67 7877.04
1585.70 7877.12
1572.61 7877.21
1560.44 7877.29
1548.43 7877.38
1536.43 7878.18
1523.75 7878.87
1510.62 7878.99
1498.12 7879.11
1485.19 7879.23
1472.81 7879.34
1460.63 7879.46
1448.41 7879.57
1435.78 7879.69
1423.09 7879.80
1410.39 7879.92
1398.42 7880.03
1385.40 7880.15
1373.36 7880.26
1360.53 7880.38
1352.01 7880.33
1347.82 7879.66
1343.90 7874.99
1345.42 7866.32
1347.91 7855.77
1350.66 7843.93
1353.60 7830.51
1356.79 7815.97
1359.86 7802.00
1362.16 7791.54
1363.26 7785.45
1363.45 7783.77
1363.51 7783.25
1363.53 7783.03
1360.44 7780.93
1360.81 7777.48
1361.33 7772.60
1362.06 7765.99
1363.01 7757.81
1364.04 7747.28
1364.66 7734.86
1364.66 7720.38
1364.14 7705.55
1362.72 7690.95
1361.16 7675.96
1359.54 7660.46
1357.95 7645.23
1356.62 7633.89
1355.60 7627.01
