7220.44 11047.20
7220.47 11044.90
7220.51 11041.13
7220.57 11034.86
7220.66 11026.76
7220.77 11016.23
7220.90 11003.55
7221.04 10991.17
7221.17 10978.92
7221.31 10965.70
7221.44 10953.13
7221.33 10940.29
7222.65 10928.05
7224.35 10916.01
7226.27 10904.06
7228.31 10891.70
7230.56 10878.80
7233.21 10865.94
7235.91 10854.20
7238.72 10841.93
7241.51 10829.89
7244.50 10817.34
7247.87 10804.54
7250.71 10791.62
7252.51 10781.19
7253.64 10774.62
7254.12 10771.89
7254.21 10771.34
7254.28 10770.91
7254.29 10770.86
7254.30 10770.84
7254.30 10770.83
7254.30 10770.83
7254.30 10770.83
7254.30 10770.83
7254.30 10770.83
7254.30 10770.83
7254.30 10770.83
7254.30 10770.83
7254.30 10770.83
7254.30 10770.83
7254.30 10770.83
7254.30 10770.83
7254.30 10770.83
7254.30 10770.83
7254.30 10770.83
7254.30 10770.83
7254.30 10770.83
7254.30 10770.83
7254.30 10770.83
7254.30 10770.83
7254.30 10770.83
7254.30 10770.83
7254.30 10770.83
7254.30 10770.83
7254.30 10770.83
7254.30 10770.83
7254.30 10770.83
7254.30 10770.83
7254.30 10770.83
7254.30 10770.83
7254.30 10770.83
7254.30 10770.83
7254.30 10770.83
7254.30 10770.83
7254.30 10770.83
7254.30 10770.83
7254.30 10770.83
7254.30 10770.83
7254.30 10770.83
7254.30 10770.83
7254.30 10770.83
7254.30 10770.83
7254.30 10770.83
7254.30 10770.83
7254.62 10769.19
7255.54 10765.10
7256.94 10758.95
7259.06 10751.52
7261.78 10742.10
7264.99 10731.02
7268.57 10718.60
7271.95 10706.92
7275.30 10695.33
7278.92 10682.80
7282.40 10670.78
7285.76 10659.15
7289.28 10646.97
7292.82 10634.69
7296.24 10622.87
7299.62 10610.14
7302.86 10597.93
7306.29 10585.97
7309.86 10573.58
7313.44 10560.95
7316.63 10548.73
7319.79 10535.96
7322.72 10524.08
7325.83 10511.44
7329.01 10498.90
7332.08 10487.05
7335.17 10475.12
7338.52 10462.68
7341.91 10450.70
7345.22 10439.01
7348.53 10427.16
7351.81 10415.29
7355.30 10402.69
7358.77 10390.14
7361.75 10379.39
7363.75 10372.18
7364.55 10369.31
7364.85 10368.22
7364.86 10368.19
7364.86 10368.17
7364.86 10368.17
7364.86 10368.17
7364.86 10368.17
7364.86 10368.17
7364.86 10368.17
7364.86 10368.17
7364.86 10368.17
7364.86 10368.17
7364.86 10368.17
7364.86 10368.17
7364.86 10368.17
7364.86 10368.17
7364.86 10368.17
7364.86 10368.17
7364.86 10368.17
7364.86 10368.17
7364.86 10368.17
7364.86 10368.17
7364.86 10368.17
7364.86 10368.17
7364.86 10368.17
7364.86 10368.17
7364.86 10368.17
7364.86 10368.17
7364.86 10368.17
7364.86 10368.17
7364.86 10368.17
7364.86 10368.17
7364.86 10368.17
7364.86 10368.17
7364.86 10368.17
7364.86 10368.17
7364.86 10368.17
7364.86 10368.17
7364.86 10368.17
7364.86 10368.17
7364.86 10368.17
7364.86 10368.17
7364.86 10368.17
7364.86 10368.17
7365.33 10366.45
7366.16 10363.30
7367.50 10358.20
7369.29 10350.63
7371.87 10340.74
7375.01 10328.55
7378.02 10316.70
7381.15 10303.89
7384.11 10291.78
7387.09 10279.57
7390.36 10267.98
7394.01 10255.50
7397.25 10243.21
7400.57 10230.46
7404.34 10218.03
7408.23 10205.64
7411.79 10193.29
7414.96 10180.75
7417.99 10168.81
7421.06 10156.71
7424.14 10144.57
7427.19 10132.54
7430.35 10120.07
7433.59 10107.27
7436.81 10094.60
7439.79 10082.84
7442.79 10071.00
7446.00 10058.35
7449.25 10046.29
7453.01 10034.82
7457.05 10022.49
7460.91 10010.72
7464.91 9998.51
7468.83 9986.56
7472.67 9974.85
7476.61 9962.83
7480.56 9950.78
7484.35 9938.92
7488.20 9926.76
7491.87 9915.23
7495.74 9903.72
7500.39 9891.28
7504.75 9879.82
7509.24 9868.08
7514.42 9855.90
7519.83 9843.92
7524.90 9832.69
7530.16 9821.06
7535.26 9809.77
7540.56 9798.04
7545.68 9786.70
7551.11 9774.70
7556.08 9763.66
7561.25 9752.09
7566.50 9740.30
7571.69 9728.64
7576.99 9716.74
7581.89 9705.75
7587.16 9693.94
7592.51 9682.03
7597.69 9670.63
7602.68 9659.66
7607.81 9648.36
7613.19 9636.55
7618.36 9625.25
7623.72 9613.55
7629.07 9601.86
7634.00 9589.81
7638.97 9578.15
7643.94 9567.05
7648.94 9555.67
7653.98 9544.20
7658.86 9533.09
7663.89 9521.62
7668.79 9510.47
7673.61 9499.50
7679.15 9487.56
7684.36 9476.50
7689.62 9465.34
7694.74 9454.47
7699.96 9443.38
7703.83 9431.15
7706.38 9418.37
7707.91 9405.45
7708.02 9392.54
7708.13 9379.42
7708.24 9366.84
7708.31 9354.29
7706.87 9341.23
7704.01 9328.93
7700.38 9317.26
7695.16 9305.41
7688.78 9294.00
7681.99 9283.63
7674.50 9273.31
7666.62 9264.10
7657.85 9254.28
7649.92 9245.08
7641.17 9235.53
7632.50 9226.25
7623.97 9217.05
7615.03 9207.85
7606.23 9199.04
7597.44 9190.29
7588.82 9181.70
7580.02 9172.93
7570.63 9163.59
7562.12 9155.11
7552.92 9145.94
7544.03 9137.09
7535.10 9128.21
7529.37 9122.49
7522.35 9114.45
7514.85 9105.16
7506.81 9095.16
7498.79 9085.17
7490.88 9075.33
7482.54 9064.95
7474.70 9055.19
7466.47 9044.94
7457.88 9034.88
7449.38 9025.35
7441.07 9016.02
7432.41 9006.66
7423.38 8996.91
7415.02 8987.90
7406.31 8978.50
7398.27 8969.20
7390.46 8959.51
7382.33 8949.26
7375.62 8939.19
7369.44 8928.41
7363.11 8917.39
7357.98 8907.65
7354.87 8901.35
7353.48 8898.53
7353.07 8897.71
7352.97 8897.49
7352.94 8897.44
7352.94 8897.43
7352.94 8897.43
7352.94 8897.43
7352.94 8897.43
7352.94 8897.43
7352.94 8897.43
7352.94 8897.43
7352.94 8897.43
7352.94 8897.43
7352.94 8897.43
7352.94 8897.43
7352.94 8897.43
7352.94 8897.43
7352.94 8897.43
7352.94 8897.43
7352.94 8897.43
7352.94 8897.43
7352.94 8897.43
7352.94 8897.43
7352.94 8897.43
7352.94 8897.43
7352.94 8897.43
7352.54 8896.62
7351.54 8894.60
7349.74 8890.99
7347.07 8886.14
7343.75 8880.16
7339.63 8872.72
7333.70 8863.91
7330.24 8853.18
7323.23 8843.42
7315.18 8833.04
7307.80 8823.53
7300.06 8813.56
7293.25 8802.94
7287.97 8791.90
7283.34 8780.56
7280.76 8768.68
7280.03 8755.99
7279.92 8743.69
7280.00 8731.39
7280.09 8718.44
7280.13 8705.26
7280.16 8692.06
7280.13 8679.92
7276.80 8667.01
7276.77 8653.75
7277.82 8640.92
7279.04 8628.28
7280.23 8616.21
7281.58 8604.19
7283.08 8591.39
7284.55 8578.98
7286.01 8566.67
7287.42 8554.75
7288.96 8541.69
7290.46 8528.80
7291.40 8515.67
7292.27 8503.69
7293.09 8491.08
7293.72 8478.83
7294.27 8465.92
7294.77 8452.89
7295.24 8440.58
7295.64 8427.58
7295.65 8414.62
7295.66 8401.98
7295.67 8389.97
7295.68 8376.85
7295.69 8364.07
7295.70 8350.94
7295.46 8338.61
7294.85 8325.42
7294.27 8312.70
7293.69 8300.14
7293.10 8287.27
7292.51 8274.41
7291.91 8261.38
7291.49 8248.59
7291.54 8236.10
7291.15 8223.43
7290.50 8210.83
7289.99 8198.26
7289.49 8186.09
7288.99 8173.84
7288.48 8161.28
7287.97 8148.91
7287.44 8135.84
7286.93 8123.36
7286.40 8110.49
7285.90 8098.29
7285.41 8086.22
7284.88 8073.23
7284.35 8060.19
7283.85 8048.08
7283.45 8035.53
7283.18 8022.99
7282.91 8010.54
7282.62 7997.32
7282.33 7984.18
7282.05 7970.93
7281.10 7958.95
7279.29 7946.06
7277.88 7936.03
7276.77 7928.12
7274.73 7921.25
7270.12 7912.90
7268.35 7902.90
7266.88 7892.91
7265.32 7882.41
7263.96 7873.18
7262.52 7863.43
7261.10 7853.83
7259.69 7844.31
7258.28 7834.72
7256.74 7824.35
7255.29 7814.49
7253.87 7804.89
7252.48 7795.51
7251.10 7786.15
7249.77 7777.16
7248.32 7767.38
7246.88 7757.61
7245.42 7747.73
7244.13 7739.02
7242.75 7729.67
7241.24 7719.44
7239.77 7709.50
7238.35 7699.85
7236.94 7690.31
7235.38 7679.77
7234.10 7671.09
7232.78 7662.18
7231.34 7652.42
7229.78 7641.89
7228.46 7632.93
7227.07 7623.58
7225.77 7614.75
7224.45 7605.83
7223.10 7596.69
7221.57 7586.30
7219.88 7575.92
7218.36 7566.82
7216.77 7557.21
7215.10 7547.21
7213.52 7537.69
7212.57 7528.60
7212.80 7517.47
7212.99 7508.16
7213.71 7498.15
7215.32 7488.02
7216.90 7478.12
7218.23 7469.81
7220.22 7460.73
7223.35 7450.78
7226.34 7441.27
7229.60 7430.94
7232.59 7421.44
7235.70 7411.53
7238.74 7402.04
7241.71 7393.34
7245.13 7383.32
7248.03 7374.98
7251.00 7366.58
7254.23 7357.44
7254.67 7344.02
7242.47 7341.97
7230.66 7336.33
7219.06 7330.59
7208.25 7325.25
7197.37 7319.86
7186.11 7314.30
7178.42 7310.49
7174.03 7308.32
7172.90 7307.76
7172.34 7307.48
7172.20 7307.41
7172.06 7307.35
7172.06 7307.34
7172.06 7307.34
7172.06 7307.34
7172.06 7307.34
7172.06 7307.34
7170.60 7310.30
7170.60 7310.30
7170.60 7310.30
7170.60 7310.30
7170.60 7310.30
7170.60 7310.30
7170.60 7310.30
7170.60 7310.30
7170.60 7310.30
7170.60 7310.30
7170.60 7310.30
7170.60 7310.30
7170.60 7310.30
7170.60 7310.30
7170.60 7310.30
7170.60 7310.30
7170.60 7310.30
7170.60 7310.30
7170.60 7310.30
7170.60 7310.30
7170.60 7310.30
7170.60 7310.30
7170.60 7310.30
7170.60 7310.30
7170.60 7310.30
7170.60 7310.30
7170.60 7310.30
7170.60 7310.30
7170.60 7310.30
7170.60 7310.30
7170.60 7310.30
7170.60 7310.30
7170.60 7310.30
7170.60 7310.30
7170.60 7310.30
7170.60 7310.30
7170.60 7310.30
7170.60 7310.30
7170.60 7310.30
7170.60 7310.30
7170.60 7310.30
7170.60 7310.30
7170.60 7310.30
7170.60 7310.30
7170.60 7310.30
7170.60 7310.30
7170.60 7310.30
7170.60 7310.30
7168.61 7309.33
7164.76 7307.49
7159.72 7305.07
7153.35 7302.10
7150.11 7296.97
7143.98 7294.14
7135.60 7290.26
7125.95 7285.80
7113.99 7280.27
7103.03 7275.20
7091.06 7269.66
7079.39 7264.51
7068.20 7259.84
7056.44 7255.29
7044.48 7250.93
7033.09 7246.78
7021.66 7242.62
7009.17 7238.07
6996.63 7234.52
6984.43 7231.11
6972.75 7227.84
6960.73 7224.47
6950.07 7219.09
6940.22 7209.52
6935.55 7197.06
6933.69 7183.94
6932.77 7171.21
6931.85 7158.42
6930.91 7145.41
6930.04 7133.33
6929.16 7121.19
6925.19 7111.98
6924.83 7106.90
6924.79 7106.35
6924.77 7106.16
6924.77 7106.08
6924.76 7106.03
6924.76 7106.02
6924.76 7106.02
6924.76 7106.02
6924.76 7106.02
6924.76 7106.02
6924.76 7106.02
6924.76 7106.02
6924.76 7106.02
6924.76 7106.02
6924.76 7106.02
6924.76 7106.02
6924.76 7106.02
6924.76 7106.02
6924.76 7106.02
6924.76 7106.02
6924.76 7106.02
6924.76 7106.02
6924.76 7106.02
6924.76 7106.02
6924.76 7106.02
6924.76 7106.02
6924.76 7106.02
6924.76 7106.02
6924.76 7106.02
6924.76 7106.02
6924.76 7106.02
6924.76 7106.02
6924.76 7106.02
6924.76 7106.02
6924.76 7106.02
6924.76 7106.02
6924.76 7106.02
6924.76 7106.02
6924.76 7106.02
6924.76 7106.02
6924.76 7106.02
6924.76 7106.02
6924.76 7106.02
6924.76 7106.02
6924.76 7106.02
6924.76 7106.02
6924.76 7106.02
6924.76 7106.02
6924.76 7106.02
6924.76 7106.02
6924.76 7106.02
6924.76 7106.02
6924.76 7106.02
6924.76 7106.02
6924.76 7106.02
6924.76 7106.02
6924.76 7106.02
6924.76 7106.02
6924.67 7103.68
6924.62 7099.94
6924.54 7094.09
6924.44 7086.76
6924.59 7077.75
6925.20 7066.65
6925.89 7054.01
6926.57 7041.51
6927.25 7029.04
6927.94 7016.46
6928.67 7003.19
6929.38 6990.18
6930.10 6976.91
6930.81 6964.08
6931.50 6951.44
6932.17 6939.05
6932.86 6926.54
6933.54 6914.14
6934.21 6901.02
6934.83 6888.84
6935.40 6876.78
6935.99 6864.24
6936.60 6851.55
6937.21 6838.64
6938.24 6826.18
6940.00 6814.02
6942.06 6801.63
6944.30 6788.65
6947.87 6775.96
6952.86 6763.74
6957.56 6752.18
6962.42 6740.21
6967.40 6727.95
6972.27 6715.95
6977.12 6704.02
6982.12 6691.73
6986.66 6680.55
6991.64 6668.29
6996.50 6656.34
7001.19 6644.80
7005.90 6633.20
7010.64 6621.52
7015.30 6610.05
7020.10 6598.24
7024.68 6586.96
7029.61 6574.84
7034.27 6563.37
7038.88 6552.02
7047.03 6542.14
7052.93 6530.37
7059.21 6519.07
7065.19 6507.82
7071.27 6496.37
7076.99 6485.60
7083.10 6474.09
7088.91 6463.14
7094.68 6452.27
7100.46 6441.20
7106.15 6429.98
7111.67 6419.09
7117.59 6407.41
7123.45 6395.84
7129.06 6384.78
7135.01 6373.04
7140.49 6362.22
7146.39 6350.57
7152.05 6339.41
7154.57 6327.15
7160.21 6316.01
7165.72 6305.14
7171.57 6293.61
7177.07 6282.77
7182.60 6271.83
7188.10 6260.91
7193.70 6249.79
7199.23 6238.82
7204.65 6228.06
7208.14 6221.14
7213.00 6218.84
7215.04 6214.80
7215.40 6214.06
7215.63 6213.62
7215.70 6213.47
7215.71 6213.45
7215.71 6213.45
7215.71 6213.45
7215.71 6213.45
7215.71 6213.45
7215.71 6213.45
7215.71 6213.45
7215.71 6213.45
7215.71 6213.45
7215.71 6213.45
7215.71 6213.45
7215.71 6213.45
7215.71 6213.45
7215.71 6213.45
7215.71 6213.45
7215.71 6213.45
7215.71 6213.45
7215.71 6213.45
7216.24 6212.40
7217.75 6209.41
7219.91 6205.10
7222.79 6199.25
7226.63 6191.40
7231.14 6182.18
7236.70 6170.80
7242.51 6158.92
7248.24 6147.19
7253.81 6135.79
7259.16 6124.69
7264.80 6112.94
7270.50 6101.06
7275.92 6089.77
7281.36 6078.53
7286.73 6067.52
7292.22 6056.33
7298.02 6044.61
7303.45 6033.65
7309.08 6022.29
7314.66 6011.04
7320.53 5999.19
7326.13 5987.85
7331.40 5977.05
7337.15 5965.29
7342.57 5954.21
7348.39 5942.30
7353.71 5931.42
7359.23 5920.11
7363.16 5912.07
7365.11 5908.08
7365.25 5907.80
7365.27 5907.76
7365.28 5907.75
7365.28 5907.74
7365.28 5907.74
7365.28 5907.74
7365.28 5907.74
7365.28 5907.74
7365.28 5907.74
7365.28 5907.74
7365.28 5907.74
7365.28 5907.74
7365.28 5907.74
7365.28 5907.74
7365.28 5907.74
7365.28 5907.74
7365.28 5907.74
7365.28 5907.74
7365.28 5907.74
7365.28 5907.74
7365.28 5907.74
7365.28 5907.74
7365.28 5907.74
7365.28 5907.74
7365.28 5907.74
7365.28 5907.74
7365.28 5907.74
7365.28 5907.74
7365.28 5907.74
7365.28 5907.74
7365.28 5907.74
7365.28 5907.74
7365.28 5907.74
7365.28 5907.74
7365.28 5907.74
7365.28 5907.74
7365.28 5907.74
7365.28 5907.74
7365.28 5907.74
7365.28 5907.74
7365.28 5907.74
7365.28 5907.74
7365.28 5907.74
7365.28 5907.74
7365.28 5907.74
7365.28 5907.74
7365.28 5907.74
7365.28 5907.74
7366.46 5905.50
7368.39 5902.02
7371.55 5896.63
7375.90 5890.11
7381.20 5881.96
7387.03 5871.38
7392.60 5860.19
7398.42 5848.81
7404.58 5836.79
7410.63 5824.97
7416.56 5813.37
7418.14 5801.20
7422.02 5788.75
7424.22 5776.28
7424.96 5763.22
7424.62 5751.30
7422.00 5738.90
7415.60 5728.05
7410.71 5715.89
7406.14 5704.77
7401.17 5692.66
7399.32 5679.47
7395.14 5669.28
7392.53 5662.93
7391.07 5659.36
7388.62 5653.46
7385.24 5645.25
7381.35 5635.63
7373.49 5624.98
7368.76 5613.28
7363.86 5601.18
7359.36 5590.04
7354.72 5578.08
7350.38 5566.09
7346.22 5554.63
7345.15 5542.01
7341.74 5532.61
7339.87 5527.44
7339.48 5526.36
7339.32 5525.93
7339.18 5525.52
7339.17 5525.52
7339.17 5525.51
7339.17 5525.51
7339.17 5525.51
7339.17 5525.51
7339.17 5525.51
7339.17 5525.51
7339.17 5525.51
7339.17 5525.51
7339.17 5525.51
7339.17 5525.51
7339.17 5525.51
7339.17 5525.51
7339.17 5525.51
7339.17 5525.51
7339.17 5525.51
7339.17 5525.51
7339.17 5525.51
7339.17 5525.51
7339.17 5525.51
7339.17 5525.51
7339.17 5525.51
7339.17 5525.51
7339.17 5525.51
7339.17 5525.51
7339.17 5525.51
7339.17 5525.51
7339.17 5525.51
7339.17 5525.51
7339.17 5525.51
7339.17 5525.51
7339.17 5525.51
7339.17 5525.51
7339.17 5525.51
7339.17 5525.51
7339.17 5525.51
7339.17 5525.51
7339.17 5525.51
7339.17 5525.51
7338.68 5524.11
7337.56 5520.69
7336.08 5515.64
7334.59 5508.19
7332.54 5498.45
7329.86 5487.13
7325.58 5475.21
7320.83 5463.31
7316.32 5451.97
7311.40 5439.62
7306.57 5427.50
7302.06 5416.20
7297.52 5404.79
7293.03 5393.53
7288.58 5382.37
7284.33 5371.68
7279.87 5360.48
7275.26 5348.89
7270.72 5337.48
7266.77 5326.03
7263.96 5313.52
7260.16 5298.55
7261.93 5285.50
7267.72 5274.17
7275.86 5265.05
7285.17 5256.07
7295.35 5248.57
7305.47 5241.57
7316.39 5233.86
7327.02 5226.35
7337.03 5219.28
7347.77 5211.70
7358.20 5204.75
7369.10 5197.95
7380.09 5191.11
7390.51 5184.61
7401.86 5179.64
7414.13 5176.17
7426.26 5172.74
7439.00 5169.14
7451.09 5166.30
7464.09 5164.47
7477.36 5162.57
7489.69 5160.79
7502.04 5159.01
7514.65 5157.17
7526.77 5155.40
7538.74 5153.65
7551.62 5151.79
7564.20 5150.36
7577.02 5149.22
7588.94 5147.60
7601.03 5145.49
7613.75 5142.14
7623.76 5139.37
7629.66 5137.51
7632.91 5136.49
7633.32 5136.37
7633.41 5136.34
7633.46 5136.32
7633.49 5136.31
7633.50 5136.31
7633.50 5136.31
7633.50 5136.31
7633.50 5136.31
7633.50 5136.31
7633.50 5136.31
7633.50 5136.31
7633.50 5136.31
7633.50 5136.31
7633.50 5136.31
7633.50 5136.31
7633.50 5136.31
7633.50 5136.31
7633.50 5136.31
7633.50 5136.31
7633.50 5136.31
7633.50 5136.31
7633.50 5136.31
7633.50 5136.31
7633.50 5136.31
7634.44 5136.01
7637.23 5135.14
7642.09 5133.56
7648.17 5130.74
7656.39 5126.93
7666.47 5122.26
7677.99 5116.02
7686.61 5108.98
7693.71 5098.99
7700.85 5088.95
7707.92 5079.00
7714.92 5069.14
7722.06 5059.10
7729.09 5049.21
7736.28 5039.10
7743.32 5029.15
7750.81 5018.37
7757.56 5008.29
7764.72 4997.58
7771.86 4986.92
7778.63 4976.80
7785.75 4966.14
7792.85 4955.53
7799.80 4944.54
7806.45 4933.74
7813.37 4922.45
7820.09 4911.49
7826.53 4900.99
7832.91 4890.59
7839.30 4879.45
7844.30 4868.06
7849.39 4856.48
7854.67 4844.49
7859.98 4832.40
7867.32 4822.11
7871.51 4810.27
7875.67 4798.52
7879.84 4786.70
7883.91 4775.17
7888.30 4762.73
7892.47 4750.90
7896.70 4738.90
7900.91 4726.98
7905.32 4714.45
7906.18 4701.57
7910.30 4689.26
7914.37 4677.13
7918.37 4665.21
7922.27 4653.55
7926.35 4641.37
7930.53 4628.91
7934.36 4617.48
7938.54 4605.08
7942.79 4592.49
7946.99 4580.05
7951.12 4567.83
7955.09 4556.05
7959.15 4544.03
7963.01 4532.59
7967.17 4520.26
7971.04 4508.59
7975.15 4496.04
7978.19 4486.74
7979.98 4481.27
7980.52 4479.63
7980.64 4479.25
7980.66 4479.20
7980.66 4479.19
7983.79 4480.21
7983.79 4480.21
7983.79 4480.21
7983.79 4480.21
7983.79 4480.21
7983.79 4480.21
7983.79 4480.21
7983.79 4480.21
7983.79 4480.21
7983.79 4480.21
7983.79 4480.21
7983.79 4480.21
7983.79 4480.21
7983.79 4480.21
7983.79 4480.21
7983.79 4480.21
7983.79 4480.21
7983.79 4480.21
7983.79 4480.21
7983.79 4480.21
7983.79 4480.21
7983.79 4480.21
7983.79 4480.21
7983.79 4480.21
7983.79 4480.21
7983.79 4480.21
7983.79 4480.21
7983.79 4480.21
7983.79 4480.21
7983.79 4480.21
7983.79 4480.21
7983.79 4480.21
7983.79 4480.21
7983.79 4480.21
7983.79 4480.21
7983.79 4480.21
7983.79 4480.21
7983.79 4480.21
7983.79 4480.21
7983.79 4480.21
7983.79 4480.21
7983.79 4480.21
7984.55 4477.89
7985.77 4474.16
7987.51 4468.93
7989.82 4461.97
7992.56 4453.77
7995.74 4444.30
7999.39 4433.42
8003.37 4421.56
8007.38 4409.59
8011.21 4398.19
8014.95 4387.05
8021.95 4376.55
8026.04 4364.39
8029.92 4352.84
8034.05 4340.49
8038.24 4328.00
8042.32 4315.83
8046.48 4303.39
8050.32 4291.95
8054.47 4279.54
8058.42 4267.76
8062.44 4255.76
8066.44 4243.84
8070.65 4231.27
8074.63 4219.43
8078.48 4207.95
8082.72 4195.51
8087.14 4183.36
8091.56 4171.83
8095.96 4160.27
8101.29 4148.63
8106.38 4137.56
8112.31 4126.08
8119.40 4115.54
8127.39 4105.87
8135.49 4096.36
8143.30 4087.21
8151.53 4077.55
8159.44 4068.27
8167.52 4058.79
8175.56 4049.36
8181.63 4037.15
8189.50 4027.59
8196.86 4018.10
8204.94 4007.64
8212.71 3997.87
8220.48 3988.66
8227.95 3977.26
8238.11 3969.14
8247.68 3961.44
8257.48 3953.56
8267.42 3945.57
8276.82 3937.73
8285.31 3928.72
8293.44 3918.60
8299.65 3906.96
8305.54 3895.89
8311.32 3885.04
8317.24 3873.94
8322.93 3863.24
8328.86 3852.13
8335.05 3840.65
8341.16 3829.32
8347.31 3817.93
8353.45 3806.55
8359.52 3795.28
8365.32 3784.53
8371.24 3773.56
8376.98 3762.92
8383.05 3751.66
8388.85 3740.91
8394.97 3730.47
8401.22 3720.09
8407.24 3708.30
8413.13 3697.13
8419.11 3685.79
8427.09 3676.78
8432.29 3665.76
8437.28 3654.73
8442.28 3642.78
8447.25 3630.89
8452.19 3619.08
8454.63 3604.68
8459.55 3592.91
8464.60 3580.81
8469.56 3568.97
8474.91 3558.08
8480.46 3547.09
8486.29 3535.54
8492.49 3524.75
8499.66 3514.20
8506.87 3503.59
8514.10 3492.95
8521.86 3483.34
8530.08 3473.35
8538.18 3463.50
8545.99 3453.99
8553.81 3444.48
8561.78 3434.80
8570.02 3425.65
8578.89 3415.79
8587.62 3406.84
8596.47 3397.97
8605.16 3389.71
8615.57 3381.57
8625.23 3374.01
8635.56 3366.43
8646.25 3358.77
8656.35 3351.56
8666.60 3344.76
8677.58 3337.47
8687.56 3330.84
8698.31 3323.71
8708.82 3316.72
8719.70 3309.50
8729.92 3302.83
8740.99 3295.64
8751.82 3288.62
8761.61 3281.29
8771.03 3272.58
8778.63 3262.49
8785.37 3251.93
8790.83 3241.12
8795.12 3229.98
8798.34 3217.53
8799.19 3204.63
8799.49 3191.87
8798.66 3179.74
8797.79 3167.22
8796.95 3154.40
8796.09 3141.39
8795.26 3128.87
8794.47 3116.96
8793.62 3104.09
8796.13 3092.09
8795.28 3079.21
8791.28 3067.67
8786.95 3055.83
8782.46 3043.57
8777.20 3031.85
8771.92 3020.61
8766.36 3008.77
8760.91 2997.18
8755.36 2985.36
8749.88 2973.69
8744.83 2962.80
8739.38 2951.05
8737.57 2939.00
8737.28 2926.67
8738.94 2914.74
8741.73 2902.29
8745.00 2889.48
8748.14 2877.13
8751.20 2865.15
8754.37 2852.86
8759.19 2841.71
8764.08 2830.38
8769.18 2818.57
8774.35 2807.20
8780.63 2796.26
8787.52 2785.57
8794.25 2775.15
8799.13 2762.79
8807.85 2754.06
8817.23 2744.67
8825.94 2735.95
8834.73 2727.15
8843.44 2718.43
8852.30 2709.56
8861.15 2700.70
8870.15 2691.68
8879.22 2681.94
8885.96 2673.81
8890.10 2668.81
8892.68 2665.69
8893.50 2664.70
8895.32 2662.50
8898.20 2658.61
8894.90 2653.54
8889.44 2647.98
8883.09 2641.19
8877.54 2630.44
8868.48 2620.76
8859.75 2611.42
8851.32 2602.42
8843.11 2593.64
8834.37 2584.29
8823.40 2576.78
8813.11 2569.93
8802.67 2562.98
8793.52 2554.32
8784.48 2545.77
8775.15 2537.21
8765.38 2529.36
8754.50 2522.08
8743.82 2515.64
8732.34 2509.59
8720.42 2503.40
8708.88 2498.36
8697.36 2493.35
8684.93 2488.60
8672.78 2486.25
8663.96 2485.96
8659.41 2486.07
8657.23 2486.12
8657.16 2486.13
8657.13 2486.13
8657.12 2486.13
8657.11 2486.13
8657.11 2486.13
8657.11 2486.13
8657.11 2486.13
8657.11 2486.13
8657.11 2486.13
8657.11 2486.13
8657.11 2486.13
8657.11 2486.13
8657.11 2486.13
8657.11 2486.13
8657.11 2486.13
8657.11 2486.13
8657.11 2486.13
8657.11 2486.13
8657.11 2486.13
8657.11 2486.13
8657.11 2486.13
8657.11 2486.13
8657.11 2486.13
8657.11 2486.13
8657.11 2486.13
8657.11 2486.13
8657.11 2486.13
8657.11 2486.13
8657.11 2486.13
8657.11 2486.13
8657.11 2486.13
8657.11 2486.13
8657.11 2486.13
8657.11 2486.13
8657.11 2486.13
8657.11 2486.13
8657.11 2486.13
8657.11 2486.13
8655.70 2486.07
8651.90 2484.95
8651.72 2484.84
8651.69 2484.82
8650.31 2483.95
8647.60 2481.18
8644.56 2476.56
8641.34 2470.42
8634.28 2464.60
8624.82 2459.79
8613.31 2454.44
8599.40 2449.69
8584.62 2444.67
8569.55 2440.31
8554.88 2436.69
8539.81 2432.98
8529.56 2422.89
8526.08 2409.01
8530.02 2395.04
8536.90 2381.73
8544.89 2368.80
8553.01 2355.65
8561.67 2343.19
8571.63 2331.86
8581.49 2320.86
8591.92 2309.35
8601.17 2297.65
8604.66 2281.50
8610.80 2267.37
8617.06 2252.96
8623.06 2239.15
8626.63 2224.96
8629.78 2209.74
8632.10 2195.33
8634.57 2180.09
8636.91 2165.58
8639.28 2150.91
8641.94 2135.71
8645.32 2120.30
8648.74 2105.22
8652.23 2090.04
8655.82 2074.81
8659.27 2060.04
8662.47 2045.23
8665.44 2030.89
8668.07 2015.85
8670.21 2001.08
8671.51 1985.52
8672.56 1969.65
8673.58 1954.28
8674.56 1939.48
8676.62 1923.77
8679.42 1909.30
8682.21 1894.84
8684.52 1879.21
8685.96 1863.80
8684.39 1849.06
8682.41 1833.69
8680.41 1818.75
8678.00 1803.91
8675.52 1789.36
8672.98 1774.42
8669.79 1759.04
8665.88 1744.81
8660.39 1730.08
8653.20 1716.06
8644.56 1703.34
8634.85 1692.25
8624.20 1681.14
8613.98 1670.47
8603.06 1659.16
8592.32 1648.27
8581.43 1637.39
8571.14 1626.83
8560.51 1615.12
8550.18 1603.11
8540.68 1590.51
8534.03 1576.53
8528.25 1562.92
8521.88 1549.33
8512.84 1537.48
8503.60 1525.34
8494.20 1512.98
8484.73 1500.77
8474.26 1489.66
8463.83 1479.34
8452.99 1468.75
8441.68 1457.70
8430.98 1447.24
8419.87 1436.38
8409.38 1426.13
8398.27 1415.27
8387.53 1404.78
8376.31 1393.81
8364.92 1382.68
8353.81 1371.82
8342.12 1361.92
8330.58 1352.43
8318.81 1342.76
8307.70 1332.41
8297.77 1321.19
8287.28 1309.33
8277.56 1297.78
8267.82 1286.10
8258.44 1274.28
8251.47 1264.69
8247.09 1258.66
8244.87 1255.62
