1257.55 8351.55
1259.74 8351.69
1263.72 8351.96
1269.96 8352.37
1278.58 8352.94
1289.44 8353.66
1302.07 8354.50
1310.94 8355.09
1316.32 8355.44
1317.20 8355.50
1317.45 8355.52
1317.47 8355.52
1317.47 8355.52
1318.74 8355.60
1321.42 8355.78
1325.48 8356.05
1332.00 8356.48
1340.46 8357.03
1349.78 8360.93
1360.98 8361.66
1373.86 8362.49
1387.12 8363.34
1400.39 8364.10
1414.98 8365.07
1431.75 8365.99
1450.17 8366.92
1469.78 8367.96
1488.90 8369.14
1508.93 8370.37
1528.70 8371.60
1547.83 8372.18
1567.78 8372.48
1585.97 8372.75
1598.13 8368.54
1605.29 8358.96
1612.90 8354.03
1621.19 8351.21
1626.64 8350.20
1630.48 8346.06
1631.68 8338.02
1633.24 8327.51
1635.08 8315.09
1637.18 8300.89
1638.93 8287.41
1639.95 8273.34
1637.66 8259.35
1638.39 8249.31
1638.80 8243.75
1638.93 8241.87
1638.98 8241.18
1639.00 8240.98
1639.00 8240.92
1639.01 8240.88
1639.01 8240.86
1639.01 8240.86
1639.01 8240.86
1639.01 8240.86
1639.01 8240.86
1639.01 8240.86
1639.01 8240.86
1639.01 8240.86
1639.01 8240.86
1639.01 8240.86
1639.01 8240.86
1639.01 8240.86
1639.01 8240.86
1639.01 8240.86
1639.01 8240.86
1639.01 8240.86
1639.01 8240.86
1639.01 8240.86
1639.01 8240.86
1639.01 8240.86
1639.01 8240.86
1639.01 8240.86
1639.01 8240.86
1639.01 8240.86
1639.01 8240.86
1639.01 8240.86
1639.01 8240.86
1639.01 8240.86
1639.01 8240.86
1639.01 8240.86
1639.01 8240.86
1639.01 8240.86
1639.01 8240.86
1639.01 8240.86
1639.01 8240.86
1639.01 8240.86
1639.01 8240.86
1639.01 8240.86
1639.01 8240.86
1639.13 8239.14
1639.39 8235.68
1639.75 8230.73
1640.25 8223.90
1640.88 8215.21
1641.70 8204.00
1643.37 8190.44
1646.19 8177.32
1649.20 8164.05
1652.97 8151.10
1657.65 8138.14
1662.77 8125.62
1668.45 8113.01
1671.13 8099.03
1676.60 8086.90
1682.12 8074.65
1687.45 8062.65
1692.42 8049.60
1697.44 8036.34
1701.88 8023.18
1706.03 8010.33
1709.70 7997.40
1712.27 7983.54
1714.36 7969.75
1715.37 7956.34
1716.21 7943.17
1716.85 7930.07
1716.79 7916.80
1716.56 7903.16
1716.12 7889.40
1715.44 7875.97
1715.14 7862.52
1715.27 7848.89
1715.69 7834.73
1721.21 7820.96
1725.21 7807.58
1729.73 7794.95
1735.40 7782.92
1742.56 7771.45
1750.40 7760.73
1759.06 7749.75
1768.77 7739.59
1778.78 7729.85
1789.07 7720.64
1799.49 7712.17
1810.77 7703.46
1821.79 7696.17
1833.20 7689.18
1845.50 7682.19
1857.72 7676.59
1870.64 7670.82
1882.86 7665.58
1896.24 7660.83
1909.34 7656.86
1922.12 7653.56
1938.13 7653.91
1951.27 7652.23
1964.99 7650.50
1977.88 7648.87
1990.98 7647.22
2004.10 7645.77
2017.43 7644.37
2031.45 7642.89
2044.58 7641.51
2058.12 7640.08
2071.54 7638.47
2084.51 7635.65
2097.86 7632.75
2110.74 7629.56
2123.67 7626.34
2137.20 7622.93
2150.92 7619.41
2163.25 7616.25
2171.90 7614.04
2176.94 7612.75
2184.81 7606.87
2188.60 7596.69
2191.80 7587.68
2198.00 7577.98
2203.33 7571.96
2206.43 7569.22
2211.33 7565.43
2217.95 7560.39
2227.13 7556.36
2238.85 7557.50
2251.15 7562.38
2261.66 7569.32
2271.41 7579.48
2289.27 7581.92
2306.29 7580.50
2324.78 7578.95
2344.16 7577.38
2363.54 7577.41
2383.58 7576.38
2403.45 7573.55
2422.59 7568.91
2440.07 7560.43
2458.38 7554.93
2477.46 7549.21
2495.54 7543.56
2514.11 7536.81
2532.41 7529.68
2549.96 7522.13
2567.54 7513.85
2585.14 7504.88
2602.44 7495.09
2618.69 7485.52
2635.34 7474.39
2651.66 7463.16
2667.68 7451.18
2682.17 7439.03
2696.36 7426.50
2710.75 7413.71
2724.60 7400.56
2738.55 7386.75
2752.34 7372.15
2766.16 7357.52
2777.32 7340.89
2790.44 7326.99
2803.82 7312.73
2817.29 7298.20
2830.81 7283.62
2844.13 7269.26
2857.73 7254.58
2871.00 7240.27
2883.78 7226.49
2896.39 7212.18
2908.92 7197.63
2919.32 7181.73
2928.66 7165.57
2936.66 7148.57
2944.01 7130.80
2951.48 7112.73
2957.09 7098.30
2949.39 7089.52
2942.12 7076.67
2940.38 7061.23
2944.57 7046.38
2954.76 7034.52
2958.70 7026.58
2953.51 7011.82
2951.47 6994.95
2956.49 6976.02
2969.53 6961.98
2983.98 6948.21
2998.62 6934.21
3012.51 6920.75
3026.93 6906.77
3041.13 6893.00
3053.29 6877.55
3064.45 6861.92
3075.99 6845.76
3087.76 6829.28
3099.10 6813.39
3111.07 6798.46
3119.04 6787.23
3115.11 6774.36
3117.06 6759.00
3125.92 6746.31
3138.96 6739.38
3152.44 6737.85
3160.46 6726.45
3170.19 6710.56
3182.47 6694.87
3194.53 6679.96
3207.24 6665.94
3221.09 6651.85
3235.20 6638.36
3250.34 6625.59
3265.93 6613.18
3281.19 6601.70
3297.12 6589.73
3312.42 6578.24
3328.56 6566.11
3344.06 6554.46
3359.67 6542.73
3375.44 6530.89
3391.34 6518.93
3408.88 6509.88
3423.96 6498.55
3439.91 6486.56
3455.94 6474.52
3471.51 6462.93
3485.89 6452.42
3497.04 6444.21
3504.49 6438.57
3508.88 6435.25
3514.80 6430.86
3522.81 6425.09
3532.86 6417.84
3544.47 6409.44
3557.91 6399.36
3573.89 6389.98
3591.14 6380.00
3608.78 6370.34
3623.23 6363.06
3634.70 6357.34
3642.15 6353.63
3646.06 6351.68
3652.18 6348.54
3660.28 6344.32
3669.82 6339.35
3681.44 6333.28
3695.19 6326.06
3712.85 6319.99
3729.76 6310.51
3746.80 6300.96
3764.02 6291.31
3776.52 6276.90
3784.36 6258.85
3792.37 6240.44
3801.19 6228.84
3813.08 6231.69
3824.54 6239.03
3838.37 6238.73
3851.84 6236.82
3865.29 6234.92
3879.19 6232.95
3893.60 6230.92
3904.92 6229.31
3912.09 6228.30
3916.00 6227.75
3916.72 6227.64
3916.95 6227.61
3916.99 6227.61
3916.99 6227.61
3917.00 6227.61
3917.00 6227.61
3917.00 6227.61
3917.00 6227.61
3917.00 6227.61
3917.00 6227.61
3917.00 6227.61
3917.00 6227.61
3917.00 6227.61
3917.00 6227.61
3917.00 6227.61
3917.00 6227.61
3917.00 6227.61
3917.00 6227.61
3917.00 6227.61
3917.89 6227.48
3920.23 6223.82
3924.68 6223.19
3931.00 6222.35
3939.87 6221.20
3949.58 6219.97
3960.78 6218.64
3973.46 6216.75
3987.05 6214.89
4000.30 6212.54
4013.58 6210.07
4027.06 6207.09
4040.17 6204.09
4053.44 6201.07
4066.44 6198.12
4080.26 6194.83
4093.41 6191.52
4106.70 6188.17
4120.54 6185.23
4133.64 6182.48
4146.49 6179.74
4159.36 6176.25
4173.17 6172.50
4186.89 6169.85
4200.49 6167.79
4213.93 6166.27
4227.80 6165.08
4242.00 6164.25
4255.31 6163.46
4268.58 6162.68
4281.66 6161.91
4295.19 6161.72
4309.01 6162.74
4322.94 6163.77
4336.16 6165.06
4349.94 6166.66
4363.21 6167.70
4376.92 6168.77
4390.11 6169.89
4403.91 6175.06
4416.25 6181.02
4428.51 6186.96
4441.71 6192.44
4452.15 6200.54
4463.35 6209.17
4474.29 6217.74
4485.88 6226.32
4497.30 6234.71
4508.03 6242.59
4519.63 6250.97
4531.14 6258.94
4541.96 6266.73
4552.32 6274.32
4560.20 6280.10
4564.40 6283.28
4565.27 6283.94
4565.30 6283.96
4565.32 6283.98
4565.32 6283.98
4565.33 6283.98
4565.33 6283.98
4565.33 6283.98
4565.33 6283.98
4565.33 6283.98
4565.33 6283.98
4565.33 6283.98
4565.33 6283.98
4565.33 6283.98
4565.33 6283.98
4565.33 6283.98
4565.33 6283.98
4565.33 6283.98
4565.33 6283.98
4565.33 6283.98
4565.33 6283.98
4565.33 6283.98
4565.33 6283.98
4565.33 6283.98
4565.33 6283.98
4565.33 6283.98
4567.22 6285.42
4569.66 6287.27
4574.09 6290.63
4580.45 6295.47
4588.86 6301.82
4599.25 6309.66
4610.20 6317.85
4621.08 6325.23
4632.02 6332.66
4643.69 6340.80
4653.62 6348.48
4664.49 6355.38
4676.88 6360.78
4688.95 6365.69
4701.76 6368.49
4715.54 6370.52
4728.95 6372.09
4742.43 6374.29
4754.84 6376.34
4768.75 6378.55
4782.29 6380.70
4795.39 6382.91
4809.43 6385.21
4822.37 6386.99
4835.52 6389.16
4847.03 6391.28
4854.14 6392.58
4856.87 6393.07
4857.58 6393.19
4857.28 6396.49
4859.63 6396.91
4862.18 6397.37
4862.65 6397.45
4862.79 6397.48
4862.79 6397.48
4862.79 6397.48
4862.79 6397.48
4862.79 6397.48
4862.79 6397.48
4862.79 6397.48
4864.68 6397.82
4868.21 6398.45
4874.27 6399.41
4882.54 6400.65
4892.20 6402.11
4903.59 6403.72
4917.17 6405.54
4931.02 6407.39
4944.90 6409.25
4958.49 6410.27
4972.52 6411.20
4985.98 6412.10
4999.10 6413.27
5012.23 6414.62
5026.05 6416.03
5040.30 6417.48
5053.64 6418.84
5067.02 6420.23
5081.05 6421.74
5094.80 6423.23
5108.46 6424.71
5121.92 6422.87
5136.03 6424.43
5150.22 6426.00
5164.06 6427.52
5178.02 6428.85
5190.34 6430.06
5198.94 6431.00
5203.44 6431.49
5205.65 6431.73
5205.77 6431.74
5205.84 6431.75
5205.50 6435.03
5206.35 6435.12
5206.44 6435.13
5206.48 6435.14
5206.50 6435.14
5206.51 6435.14
5206.51 6435.14
5206.51 6435.14
5207.85 6435.29
5210.19 6435.54
5214.00 6435.95
5219.67 6436.57
5227.11 6437.38
5236.35 6438.40
5247.76 6439.65
5261.64 6441.18
5275.87 6442.74
5289.81 6444.22
5303.78 6445.68
5317.63 6447.13
5331.74 6448.54
5345.81 6449.74
5359.89 6451.18
5373.35 6452.44
5387.00 6453.79
5400.89 6455.46
5414.63 6457.35
5428.15 6460.13
5440.76 6463.80
5449.36 6466.76
5454.30 6468.48
5455.27 6468.83
5455.35 6468.86
5455.40 6468.88
5455.42 6468.89
5455.42 6468.89
5455.42 6468.89
5455.43 6468.89
5455.43 6468.89
5455.43 6468.89
5455.43 6468.89
5455.97 6469.09
5456.81 6469.39
5459.94 6470.52
5464.59 6472.21
5470.65 6474.42
5478.99 6477.54
5488.45 6481.32
5498.86 6485.53
5509.99 6490.03
5521.05 6494.50
5531.00 6498.56
5541.95 6502.99
5549.97 6506.17
5558.94 6509.72
5569.30 6513.84
5579.06 6517.71
5589.60 6521.90
5599.85 6525.96
5610.71 6530.27
5621.49 6534.55
5632.93 6539.09
5642.74 6542.98
5654.06 6547.47
5663.11 6551.06
5671.53 6554.65
5678.00 6557.43
5686.19 6560.94
5695.67 6565.01
5703.55 6568.39
5709.82 6571.03
5716.75 6573.78
5724.57 6576.85
5733.04 6579.97
5740.86 6579.33
5749.28 6582.44
5757.07 6585.31
5762.30 6587.35
5765.14 6588.50
5767.54 6589.48
5769.70 6590.36
5769.71 6590.36
5769.71 6590.36
5771.35 6591.03
5774.34 6592.26
5779.63 6594.43
5784.69 6596.51
5789.06 6598.18
5792.07 6599.24
5793.19 6599.64
5796.43 6600.78
5797.91 6601.32
5801.53 6602.72
5804.90 6604.03
5809.70 6605.88
5811.09 6606.41
5810.49 6609.72
5813.10 6610.81
5817.98 6612.89
5825.00 6615.69
5834.61 6615.95
5844.69 6620.07
5856.65 6625.04
5868.01 6629.69
5875.18 6632.67
5879.01 6634.25
5880.55 6634.89
5881.53 6635.30
5882.76 6635.81
5884.57 6636.56
5888.14 6638.03
5893.44 6640.23
5900.78 6643.27
5909.96 6647.11
5921.04 6648.47
5933.37 6643.56
5943.61 6638.04
5955.56 6631.67
5966.99 6626.66
5977.63 6622.00
5987.50 6617.74
5996.73 6613.88
6007.77 6609.26
6017.74 6605.09
6028.82 6600.45
6038.20 6596.60
6047.89 6592.70
6055.03 6589.83
6061.55 6587.25
6066.85 6585.15
6071.04 6583.50
6072.17 6583.06
6072.75 6582.84
6073.32 6582.62
6075.19 6581.90
6079.44 6580.29
6085.11 6578.12
6092.96 6575.07
6098.13 6573.04
6099.24 6572.61
6100.51 6575.66
6103.96 6577.85
6105.90 6577.08
6106.40 6576.88
6106.42 6576.88
6106.42 6576.88
6106.42 6576.88
6106.42 6576.88
6106.42 6576.88
6108.19 6576.17
6110.74 6575.15
6115.39 6573.29
6121.47 6570.89
6129.47 6567.81
6139.71 6563.96
6150.57 6559.88
6161.71 6555.69
6175.14 6550.64
6188.17 6545.74
6201.49 6540.73
6214.35 6536.05
6227.56 6531.45
6237.83 6524.36
6248.26 6520.73
6259.82 6516.99
6271.42 6513.37
6283.08 6509.73
6293.94 6506.35
6303.45 6503.38
6311.11 6500.99
6316.91 6499.19
6319.87 6494.81
6325.44 6493.07
6333.45 6490.57
6343.17 6487.68
6353.21 6484.90
6363.69 6482.02
6375.40 6478.71
6385.40 6475.85
6395.19 6473.28
6406.17 6470.46
6414.30 6468.33
6419.71 6466.92
6422.85 6466.10
6423.61 6465.90
6423.99 6465.80
6424.05 6465.78
6424.08 6465.77
6424.09 6465.77
6424.09 6465.77
6424.09 6465.77
6424.09 6465.77
6424.09 6465.77
6424.09 6465.77
6424.09 6465.77
6424.09 6465.77
6424.52 6465.66
6426.06 6465.25
6430.10 6464.17
6435.72 6462.67
6443.71 6460.54
6453.79 6458.98
6465.75 6457.28
6467.33 6444.32
6467.62 6431.08
6467.86 6417.15
6467.96 6403.71
6468.05 6391.84
6468.11 6384.47
6468.16 6377.51
6468.18 6374.78
6468.18 6374.55
6468.18 6374.51
6468.18 6374.51
6468.18 6374.51
6468.18 6374.51
6468.18 6374.51
6468.18 6374.51
6468.18 6374.51
6468.18 6374.51
6468.18 6374.51
6468.18 6374.51
6468.18 6374.51
6468.18 6374.51
6468.18 6374.51
6468.18 6374.51
6468.18 6374.51
6468.18 6374.51
6468.18 6374.51
6468.18 6374.51
6468.18 6374.51
6468.18 6374.51
6468.18 6374.51
6468.18 6374.51
6468.18 6374.51
6468.18 6374.51
6468.18 6374.51
6468.18 6374.51
6468.20 6372.39
6468.23 6368.62
6468.37 6362.49
6469.81 6353.84
6471.68 6343.08
6473.93 6330.02
6476.11 6317.39
6478.78 6304.54
6482.52 6292.15
6486.59 6278.67
6490.72 6264.99
6494.75 6251.64
6498.88 6237.94
6502.90 6224.33
6506.72 6210.98
6510.53 6197.68
6514.45 6183.98
6516.36 6169.95
6517.87 6155.63
6520.15 6141.46
6522.67 6127.42
6523.26 6114.25
6520.92 6100.60
6517.66 6087.35
6513.95 6076.20
6510.84 6066.87
6511.60 6058.73
6508.52 6049.47
6505.21 6039.55
6501.78 6029.26
6497.59 6016.82
6492.81 6003.83
6487.88 5990.64
6483.14 5977.93
6478.29 5964.96
6473.32 5951.63
6468.59 5939.07
6463.46 5925.70
6458.59 5913.00
6453.54 5899.81
6448.42 5886.47
6443.42 5873.33
6438.88 5860.49
6433.89 5847.02
6428.80 5834.59
6423.38 5821.36
6418.30 5808.96
6413.08 5796.31
6407.69 5784.20
6400.60 5772.95
6390.14 5763.18
6379.75 5755.70
6369.14 5747.42
6359.88 5737.20
6352.37 5725.34
6345.77 5712.94
6339.30 5700.50
6332.91 5688.20
6327.22 5676.86
6324.49 5667.82
6323.08 5663.09
6322.83 5662.25
6322.72 5661.87
6319.64 5663.14
6318.94 5660.77
6318.81 5660.31
6318.70 5659.95
6318.64 5659.74
6318.63 5659.72
6318.63 5659.72
6318.63 5659.72
6318.63 5659.71
6318.63 5659.71
6318.63 5659.71
6318.63 5659.71
6318.63 5659.71
6318.63 5659.71
6318.63 5659.71
6318.63 5659.71
6318.63 5659.71
6318.63 5659.71
6318.63 5659.71
6318.63 5659.71
6318.63 5659.71
6318.63 5659.71
6318.63 5659.71
6318.63 5659.71
6318.63 5659.71
6318.63 5659.71
6318.63 5659.71
6318.63 5659.71
6318.44 5659.06
6317.97 5657.47
6317.03 5654.31
6315.61 5649.48
6313.73 5643.13
6311.09 5634.48
6307.71 5623.61
6303.70 5610.95
6299.43 5597.41
6295.42 5584.76
6291.88 5571.74
6288.70 5558.65
6286.36 5544.91
6284.22 5531.62
6282.22 5517.73
6280.50 5503.47
6278.77 5489.28
6277.20 5475.23
6275.70 5461.10
6274.19 5447.12
6272.20 5433.48
6270.10 5419.44
6267.72 5406.07
6265.58 5392.91
6263.46 5379.90
6261.22 5366.07
6258.91 5352.69
6256.57 5339.64
6254.25 5325.56
6252.16 5312.24
6250.17 5298.47
6248.12 5284.50
6246.16 5271.30
6244.15 5257.97
6242.18 5244.84
6240.08 5230.88
6237.96 5216.81
6235.96 5203.49
6233.99 5190.39
6231.98 5177.07
6229.94 5163.46
6227.90 5149.80
6226.10 5137.64
6224.79 5128.83
6224.14 5124.47
6223.99 5123.42
6223.90 5122.81
6223.90 5122.80
6223.90 5122.80
6223.90 5122.80
6223.90 5122.80
6223.90 5122.80
6223.90 5122.80
6223.90 5122.80
6223.90 5122.80
6223.90 5122.80
6223.90 5122.80
6223.90 5122.80
6223.90 5122.80
6223.90 5122.80
6223.90 5122.80
6223.90 5122.80
6223.90 5122.80
6223.90 5122.80
6223.90 5122.80
6223.90 5122.80
6223.90 5122.80
6223.90 5122.80
6223.90 5122.80
6223.90 5122.80
6223.90 5122.80
6223.90 5122.80
6223.90 5122.80
6223.90 5122.80
6223.90 5122.80
6223.90 5122.80
6223.90 5122.80
6223.90 5122.80
6223.90 5122.80
6223.66 5121.24
6223.15 5117.77
6222.43 5113.12
6221.28 5106.18
6219.85 5097.66
6218.09 5087.56
6215.96 5075.32
6213.69 5062.30
6211.55 5048.97
6209.30 5034.90
6206.90 5021.54
6204.11 5007.85
6202.16 4994.62
6200.21 4981.53
6198.16 4967.93
6196.06 4953.82
6194.16 4940.63
6192.29 4927.66
6190.28 4913.63
6188.36 4900.27
6186.39 4886.62
6184.40 4872.75
6182.40 4859.38
6180.42 4846.35
6178.41 4833.11
6176.29 4819.19
6174.26 4805.88
6172.29 4792.90
6170.30 4779.43
6168.33 4765.97
6166.36 4752.48
6164.31 4738.46
6162.42 4725.40
6160.49 4712.20
6158.43 4698.00
6156.14 4683.98
6154.42 4670.84
6152.67 4657.16
6151.01 4643.71
6149.39 4630.58
6148.40 4621.88
6147.38 4611.39
6146.38 4598.74
6145.36 4584.98
6144.35 4571.39
6143.32 4557.50
6142.31 4543.79
6141.31 4530.34
6140.29 4516.58
6139.24 4502.48
6138.20 4488.45
6137.23 4475.33
6136.17 4461.07
6135.18 4447.63
6134.12 4433.33
6132.93 4420.02
6131.68 4406.72
6130.46 4393.67
6129.13 4379.45
6126.32 4370.84
6113.45 4372.45
6098.60 4371.62
6084.10 4367.62
6070.84 4360.25
6059.60 4350.30
6051.24 4339.05
6044.84 4325.60
6041.88 4311.59
6042.30 4296.88
6044.83 4282.85
6049.10 4269.68
6058.63 4259.11
6070.00 4249.32
6081.84 4242.03
6092.26 4233.42
6089.59 4220.41
6087.73 4207.28
6085.76 4193.43
6083.90 4180.36
6081.91 4166.39
6076.74 4153.45
6074.80 4139.80
6072.80 4125.75
6070.75 4111.50
6068.70 4097.30
6066.66 4083.20
6064.60 4069.13
6062.59 4055.87
6060.43 4041.69
6058.35 4028.31
6056.47 4015.34
6054.27 4001.52
6052.28 3988.11
6050.45 3974.83
6051.89 3961.21
6049.80 3947.91
6048.49 3939.04
6047.75 3933.55
6047.61 3932.52
6047.56 3932.17
6047.37 3930.74
6046.96 3927.72
6046.35 3923.35
6045.37 3916.77
6044.03 3908.29
6042.43 3898.32
6040.50 3886.25
6038.26 3872.30
6036.14 3859.07
6033.90 3845.18
6031.71 3831.53
6029.49 3817.65
6027.38 3804.53
6021.99 3793.07
6017.98 3779.70
6014.01 3766.51
6010.07 3753.39
6006.06 3740.03
6001.82 3727.63
5996.81 3714.68
5991.66 3701.35
5986.67 3688.43
5981.51 3675.09
5975.43 3662.35
5969.20 3650.30
5963.17 3638.64
5957.06 3626.82
5950.51 3614.63
5943.07 3602.51
5935.95 3591.05
5928.61 3579.22
5921.71 3568.10
5914.81 3556.99
5906.82 3545.14
5898.19 3533.78
5890.22 3523.29
5881.52 3512.07
5872.38 3501.02
5863.13 3490.15
5853.41 3479.42
5844.13 3469.80
5834.38 3460.24
5824.48 3450.32
5815.56 3440.89
5808.08 3430.66
5802.79 3419.66
5798.66 3407.53
5795.49 3394.19
5794.15 3385.12
5793.68 3378.08
5796.63 3368.06
5796.41 3357.37
5796.14 3344.12
5795.86 3330.13
5796.91 3317.07
5798.61 3303.35
5797.17 3289.29
5786.48 3281.23
5780.72 3274.49
5778.20 3270.77
5776.48 3265.01
5774.84 3257.39
5777.60 3247.57
5783.93 3237.41
5795.07 3229.79
5808.15 3227.43
5820.78 3230.81
5828.75 3236.61
5832.57 3241.45
5839.94 3241.41
5849.35 3237.30
5860.06 3232.62
5872.23 3226.63
5881.78 3213.92
5891.39 3201.14
5896.83 3185.27
5900.42 3169.12
5903.33 3152.34
5904.53 3136.30
5904.75 3120.08
5904.06 3103.86
5901.39 3087.17
5898.69 3070.34
5896.05 3053.86
5893.44 3037.56
5890.88 3021.56
5888.32 3005.61
5885.76 2989.59
5882.88 2973.05
5879.95 2956.98
5877.02 2940.96
5874.13 2925.09
5871.07 2908.34
5867.98 2891.41
5864.92 2874.64
5861.99 2858.55
5858.99 2842.10
5855.92 2825.31
5853.00 2809.31
5850.09 2793.34
5847.18 2777.40
5844.21 2761.10
5841.11 2744.09
5838.05 2727.94
5835.00 2711.79
5832.22 2695.58
5829.58 2679.71
5826.86 2663.40
5824.16 2647.19
5821.41 2630.64
5818.69 2614.36
5812.69 2598.82
5806.16 2583.08
5799.61 2567.28
5793.14 2551.66
5786.96 2536.75
5780.82 2521.95
5774.28 2506.16
5767.71 2490.32
5761.54 2475.43
5755.28 2460.33
5749.88 2444.86
5744.35 2428.63
5738.32 2413.47
5731.96 2397.47
5725.78 2381.95
5719.42 2365.96
5713.22 2350.37
5706.76 2334.34
5700.26 2318.70
5694.10 2303.86
5685.51 2289.12
5676.73 2274.65
5665.71 2261.98
5654.93 2249.90
5643.83 2237.46
5633.07 2225.41
5622.26 2213.30
5610.92 2200.60
5594.87 2187.56
5584.20 2175.61
5573.22 2163.30
5561.76 2150.47
5551.06 2138.48
5539.73 2125.58
5530.32 2112.75
5522.71 2097.68
5517.78 2082.27
5514.97 2065.51
5512.63 2049.19
5511.14 2032.47
5509.66 2015.61
5511.59 1999.85
5510.12 1983.20
5508.62 1966.12
5507.14 1949.36
5505.69 1932.88
5504.20 1915.92
5502.52 1899.70
5500.24 1883.39
5497.30 1867.12
5493.73 1850.33
5490.21 1833.77
5486.66 1817.02
5483.09 1800.21
5479.63 1783.93
5476.08 1767.24
5472.54 1750.54
5469.18 1734.74
5465.75 1718.58
5462.21 1701.92
5458.79 1685.82
5455.46 1670.14
5451.97 1653.68
5448.60 1637.82
5445.25 1621.97
5441.84 1605.73
5438.94 1591.91
5436.80 1581.71
5435.56 1575.80
5434.98 1573.05
5434.92 1572.76
5434.92 1572.73
5434.69 1571.32
5434.59 1568.54
5434.95 1566.86
5435.11 1566.44
5435.24 1566.10
5435.26 1566.07
5435.26 1566.06
5435.30 1565.97
5435.88 1564.52
5438.23 1562.23
5443.11 1559.63
5449.67 1557.26
5457.60 1554.39
5467.56 1550.78
5479.37 1546.50
5493.27 1541.47
5508.62 1535.91
5524.71 1530.09
5540.25 1524.47
5555.88 1518.80
5571.11 1513.70
5586.88 1508.78
5602.88 1503.78
5619.22 1498.94
5635.01 1494.60
5651.22 1490.14
5666.99 1485.81
5682.45 1481.56
5698.12 1477.25
5713.91 1472.64
5730.17 1467.07
5745.61 1461.79
5760.86 1456.21
5775.49 1449.80
5790.82 1441.84
5806.03 1433.92
5820.28 1426.51
5833.15 1419.82
5842.02 1415.21
5846.89 1412.67
5854.33 1410.10
5864.45 1409.70
5876.52 1410.56
5889.61 1410.80
5902.82 1410.95
5916.56 1411.11
5930.10 1411.27
5943.84 1411.42
5957.98 1412.45
5970.69 1416.35
5983.73 1421.92
5996.96 1427.57
6009.80 1433.05
6022.13 1438.31
6035.17 1443.88
6048.02 1445.78
6060.44 1451.08
6073.43 1456.62
6085.98 1461.98
6098.20 1467.20
6110.75 1472.56
6123.20 1477.87
6135.38 1483.07
6148.04 1488.48
6161.10 1494.05
6170.17 1504.32
6178.42 1514.57
6187.19 1525.47
6195.70 1536.04
6204.27 1546.68
6212.87 1557.37
6221.28 1567.82
6230.09 1578.76
6238.98 1589.81
6247.29 1600.14
6256.29 1611.32
6266.22 1620.82
6277.29 1629.76
6289.61 1636.46
6302.44 1642.44
6315.59 1647.38
6329.41 1651.39
6342.29 1655.12
6355.08 1658.83
6368.47 1662.71
6382.15 1666.68
6395.51 1670.55
6408.60 1674.35
6421.47 1678.08
6434.91 1681.98
6448.70 1685.98
6461.46 1689.67
6474.13 1693.35
6486.84 1697.03
6499.61 1700.74
6512.93 1704.60
6524.92 1709.73
6536.67 1717.18
6546.63 1726.84
6555.44 1736.79
6564.55 1747.07
6573.78 1757.48
6583.30 1768.23
6592.48 1777.61
6602.98 1787.32
6613.52 1795.55
6625.31 1802.39
6638.02 1808.79
6650.43 1815.05
6663.12 1821.44
6675.66 1827.76
6688.43 1833.92
6701.06 1839.92
6713.17 1845.66
6725.56 1851.55
6738.44 1857.66
6750.52 1863.39
6763.48 1869.55
6776.04 1875.51
6788.01 1881.19
6800.67 1887.20
6811.97 1896.22
6824.74 1902.28
6836.70 1907.96
6848.72 1913.66
6861.66 1919.81
6874.34 1925.93
6886.39 1931.84
6898.45 1937.83
6911.05 1944.08
6923.43 1950.23
6935.89 1956.42
6947.65 1962.26
6960.07 1968.46
6972.37 1974.73
6985.07 1979.96
6998.12 1983.83
7011.50 1986.93
7025.51 1988.16
7039.54 1987.62
7053.88 1986.84
7067.88 1984.09
7080.85 1980.50
7094.01 1975.00
7106.88 1969.65
7120.05 1964.26
7132.55 1959.16
7145.37 1953.92
7158.39 1948.60
7170.61 1942.66
7183.15 1936.23
7194.49 1928.66
7204.69 1919.29
7216.72 1912.66
7228.54 1906.41
7241.11 1902.48
7254.22 1898.37
7267.99 1894.56
7280.74 1891.16
7294.64 1888.02
7308.38 1885.05
7322.07 1882.10
7335.57 1879.18
7348.99 1875.92
7362.52 1871.81
7375.09 1867.99
7388.27 1863.98
7401.01 1860.11
7413.38 1855.82
7426.14 1851.25
7438.63 1846.79
7450.97 1842.37
7463.47 1836.79
7474.68 1829.74
7485.48 1821.95
7496.51 1813.99
7507.84 1807.39
7520.46 1801.18
7532.94 1795.04
7544.44 1787.73
7554.50 1778.81
7564.89 1769.61
7575.50 1760.21
7586.01 1751.39
7597.32 1742.71
7608.60 1734.50
7620.12 1727.61
7632.45 1722.01
7646.02 1718.11
7659.27 1716.77
7672.43 1715.44
7686.36 1714.03
7699.51 1711.63
7713.03 1707.28
7726.58 1697.49
7737.26 1689.21
7748.53 1680.30
7759.62 1672.47
7770.69 1664.87
7782.23 1657.01
7793.84 1649.87
7805.50 1642.69
7817.59 1635.25
7829.52 1627.90
7840.91 1620.89
7852.46 1613.78
7864.63 1606.28
7875.79 1599.42
7888.01 1591.89
7900.73 1587.08
7915.08 1585.98
7928.99 1584.35
7942.12 1582.68
7955.45 1580.97
7969.36 1579.19
7983.62 1577.37
7996.94 1575.67
8009.99 1574.76
8023.79 1575.66
8037.99 1576.72
8051.91 1577.77
8066.13 1578.83
8079.67 1579.85
8093.97 1580.92
8107.07 1581.90
8120.13 1582.88
8134.34 1583.94
8147.85 1584.87
8157.32 1585.52
8162.29 1586.04
8164.07 1586.23
