10186.55 9206.89
10187.88 9205.37
10190.44 9202.45
10194.14 9198.24
10198.90 9192.81
10205.04 9185.82
10212.08 9177.79
10219.98 9168.78
10228.74 9158.80
10233.20 9147.11
10222.33 9137.71
10211.30 9128.18
10200.37 9118.73
10189.03 9108.93
10178.10 9099.48
10167.01 9089.90
10156.04 9080.42
10144.66 9070.58
10133.37 9060.82
10122.36 9051.30
10111.12 9041.58
10099.52 9031.56
10087.91 9021.52
10077.05 9012.14
10065.68 9002.29
10054.68 8992.73
10043.33 8982.82
10032.53 8973.39
10021.29 8963.57
10009.76 8953.60
9998.12 8943.63
9988.22 8935.15
9981.64 8929.52
9978.40 8926.74
9980.48 8924.18
9980.19 8923.93
9980.12 8923.87
9980.10 8923.86
9978.82 8922.76
9976.63 8920.89
9973.36 8918.03
9969.23 8914.10
9963.96 8909.11
9957.69 8903.20
9949.74 8896.31
9940.22 8887.79
9929.33 8878.25
9918.55 8868.34
9907.48 8858.11
9898.67 8845.87
9887.95 8836.43
9876.84 8826.71
9865.72 8816.98
9854.73 8807.37
9843.19 8797.31
9832.33 8788.01
9821.26 8778.53
9809.97 8768.86
9798.79 8759.29
9787.98 8750.00
9777.06 8740.63
9765.98 8731.11
9754.96 8721.63
9744.08 8712.24
9732.54 8702.15
9721.07 8692.13
9709.96 8682.41
9698.39 8672.30
9687.26 8663.15
9675.37 8653.50
9664.15 8644.39
9652.64 8634.34
9641.79 8624.63
9630.40 8614.43
9619.39 8604.57
9607.84 8594.47
9596.28 8584.38
9585.15 8574.67
9574.21 8565.12
9562.97 8555.31
9551.55 8545.14
9538.18 8537.55
9527.46 8528.11
9516.15 8518.24
9505.22 8508.92
9493.94 8499.45
9482.58 8489.85
9470.84 8479.96
9459.73 8470.68
9448.68 8461.45
9437.43 8452.28
9425.68 8442.82
9413.73 8433.19
9402.00 8423.73
9390.62 8414.57
9379.01 8405.39
9367.53 8396.63
9355.98 8387.80
9342.29 8381.55
9329.98 8372.51
9318.04 8363.75
9306.01 8354.91
9293.90 8346.25
9282.05 8337.78
9270.29 8329.38
9257.90 8320.52
9246.16 8312.13
9233.82 8303.31
9221.42 8294.45
9209.28 8285.77
9197.18 8277.12
9185.25 8268.73
9172.54 8261.05
9160.06 8253.52
9147.65 8246.02
9134.94 8238.35
9122.60 8230.89
9109.78 8223.15
9096.67 8215.24
9084.01 8207.59
9071.01 8199.74
9058.07 8191.93
9044.70 8184.55
9031.66 8177.42
9018.43 8170.19
9005.72 8163.24
8992.69 8156.11
8980.33 8148.83
8967.37 8141.76
8954.01 8134.68
8941.38 8128.02
8928.24 8121.09
8915.18 8114.27
8901.54 8107.80
8887.71 8101.24
8874.56 8095.00
8860.91 8088.52
8848.86 8083.22
8835.67 8076.73
8822.88 8069.87
8809.09 8063.65
8798.67 8055.34
8785.89 8049.59
8773.53 8044.02
8760.38 8038.11
8747.17 8032.16
8734.39 8026.41
8722.09 8020.86
8709.59 8015.56
8697.30 8007.17
8682.99 8001.53
8669.43 7996.19
8655.81 7990.83
8642.13 7985.44
8627.88 7979.82
8614.31 7974.48
8600.03 7969.30
8586.01 7964.36
8572.05 7959.44
8558.20 7954.56
8544.08 7949.58
8529.95 7944.49
8516.13 7939.74
8502.04 7935.24
8487.83 7930.82
8473.48 7926.36
8458.80 7921.79
8445.03 7917.51
8430.92 7913.12
8416.44 7908.62
8401.90 7904.10
8387.93 7899.87
8373.84 7895.75
8360.05 7891.93
8345.23 7887.86
8330.50 7883.81
8316.08 7879.85
8301.73 7876.00
8287.92 7872.42
8273.04 7868.56
8258.44 7864.78
8243.63 7860.94
8228.88 7857.11
8214.09 7853.28
8199.43 7849.68
8185.36 7846.85
8170.71 7844.20
8155.69 7841.38
8140.77 7838.58
8125.68 7835.75
8111.22 7833.04
8096.88 7830.35
8082.00 7827.56
8067.35 7823.98
8053.45 7820.18
8038.95 7816.22
8024.47 7812.26
8009.82 7809.80
7995.27 7807.53
7980.83 7805.28
7966.52 7803.05
7951.64 7800.33
7937.40 7797.56
7922.57 7794.67
7909.80 7792.19
7901.44 7790.56
7897.49 7789.80
7897.47 7789.79
7897.47 7789.79
7897.47 7789.79
7897.47 7789.79
7897.47 7789.79
7897.47 7789.79
7897.47 7789.79
7897.47 7789.79
7897.47 7789.79
7897.47 7789.79
7897.47 7789.79
7896.18 7789.54
7893.16 7788.96
7888.05 7787.95
7881.11 7786.49
7872.35 7784.63
7861.61 7782.15
7849.06 7779.25
7834.50 7775.88
7821.00 7772.77
7806.35 7769.38
7792.63 7766.38
7778.31 7763.49
7762.50 7763.65
7747.74 7760.66
7733.71 7757.82
7719.08 7754.86
7704.97 7752.01
7690.45 7749.07
7675.61 7746.07
7661.15 7743.21
7646.57 7740.44
7631.75 7737.62
7619.60 7731.95
7605.29 7729.23
7590.25 7726.37
7575.69 7723.61
7560.70 7720.76
7545.82 7717.98
7531.46 7715.31
7517.25 7712.66
7502.90 7709.99
7488.80 7707.37
7474.35 7704.68
7459.83 7701.97
7445.36 7699.28
7430.75 7696.56
7416.41 7693.89
7401.61 7691.13
7387.01 7688.41
7372.56 7685.72
7357.47 7682.91
7343.05 7680.23
7328.85 7677.58
7313.75 7674.77
7298.95 7672.02
7283.97 7669.23
7269.29 7666.49
7255.29 7660.52
7241.14 7657.92
7226.24 7655.29
7211.22 7652.65
7196.55 7650.06
7181.50 7647.40
7166.78 7644.79
7152.50 7642.21
7138.01 7639.59
7123.88 7637.03
7109.72 7634.47
7095.23 7631.84
7080.13 7629.11
7065.30 7626.43
7050.39 7623.73
7035.63 7620.14
7021.42 7616.58
7008.59 7613.36
7000.12 7611.24
6995.32 7610.04
6993.93 7609.69
6993.83 7609.67
6993.81 7609.66
6993.80 7609.66
6993.80 7609.66
6993.80 7609.66
6993.80 7609.66
6993.80 7609.66
6993.80 7609.66
6993.80 7609.66
6993.80 7609.66
6993.80 7609.66
6993.80 7609.66
6993.80 7609.66
6993.80 7609.66
6993.80 7609.66
6993.80 7609.66
6993.80 7609.66
6993.80 7609.66
6993.80 7609.66
6993.80 7609.66
6993.80 7609.66
6993.10 7609.48
6992.99 7609.45
6992.89 7609.43
6992.83 7609.41
6990.57 7608.85
6986.54 7607.84
6981.23 7605.81
6976.11 7601.17
6976.19 7592.84
6979.77 7583.34
6982.61 7572.31
6982.47 7558.48
6985.93 7543.77
6989.90 7529.35
6994.16 7515.31
6998.54 7500.66
7002.97 7486.12
7007.28 7471.87
7011.68 7457.23
7012.91 7441.72
7016.94 7428.08
7021.21 7413.45
7025.36 7399.23
7029.38 7385.47
7033.40 7371.72
7036.99 7359.41
7039.33 7351.41
7040.51 7347.36
7040.78 7346.43
7040.83 7346.26
7040.86 7346.17
7040.86 7346.17
7040.86 7346.17
7040.86 7346.17
7040.86 7346.17
7040.86 7346.17
7040.86 7346.17
7040.86 7346.17
7040.86 7346.17
7040.86 7346.17
7040.86 7346.17
7040.86 7346.17
7040.86 7346.17
7040.86 7346.17
7040.86 7346.17
7040.86 7346.17
7040.86 7346.17
7040.86 7346.17
7040.86 7346.17
7040.86 7346.17
7040.86 7346.17
7040.86 7346.17
7040.86 7346.17
7040.86 7346.17
7040.86 7346.17
7040.86 7346.17
7040.86 7346.17
7040.86 7346.17
7040.86 7346.17
7040.86 7346.17
7040.86 7346.17
7040.86 7346.17
7040.86 7346.17
7040.86 7346.17
7040.86 7346.17
7040.86 7346.17
7040.86 7346.17
7040.86 7346.17
7040.86 7346.17
7040.86 7346.17
7041.48 7344.04
7042.54 7340.36
7044.23 7334.51
7046.33 7327.18
7048.95 7318.05
7051.92 7307.67
7055.26 7296.03
7059.05 7282.82
7061.59 7273.94
7063.03 7268.94
7063.24 7268.21
7063.28 7268.06
7063.29 7268.01
7063.29 7268.00
7063.29 7268.00
7063.29 7268.00
7063.29 7268.00
7063.29 7268.00
7063.29 7268.00
7063.29 7268.00
7063.29 7268.00
7063.29 7268.00
7063.29 7268.00
7063.29 7268.00
7063.29 7268.00
7063.29 7268.00
7063.29 7268.00
7063.29 7268.00
7063.29 7268.00
7063.29 7268.00
7063.29 7268.00
7063.29 7268.00
7063.29 7268.00
7063.29 7268.00
7063.29 7268.00
7063.29 7268.00
7063.29 7268.00
7063.29 7268.00
7063.29 7268.00
7063.29 7268.00
7063.29 7268.00
7063.29 7268.00
7063.29 7268.00
7063.29 7268.00
7063.29 7268.00
7063.29 7268.00
7063.29 7268.00
7063.29 7268.00
7063.29 7268.00
7063.29 7268.00
7063.29 7268.00
7063.29 7268.00
7063.29 7268.00
7063.29 7268.00
7063.29 7268.00
7063.29 7268.00
7063.29 7268.00
7063.29 7268.00
7063.29 7268.00
7063.29 7268.00
7063.29 7268.00
7063.29 7268.00
7063.29 7268.00
7063.29 7268.00
7063.29 7268.00
7063.67 7266.53
7063.98 7263.53
7062.20 7257.39
7056.21 7255.21
7049.02 7252.59
7040.35 7249.43
7029.86 7245.61
7017.60 7241.14
7004.15 7236.63
6989.85 7232.62
6975.87 7228.71
6966.02 7225.95
6959.82 7224.21
6957.94 7223.69
6957.81 7223.65
6957.77 7223.64
6957.76 7223.64
6957.76 7223.64
6957.75 7223.64
6957.75 7223.64
6957.75 7223.64
6957.75 7223.64
6957.75 7223.64
6957.75 7223.64
6957.75 7223.64
6957.75 7223.64
6957.75 7223.64
6957.75 7223.64
6957.75 7223.64
6957.75 7223.64
6957.75 7223.64
6957.75 7223.64
6957.75 7223.64
6957.75 7223.64
6957.75 7223.64
6957.75 7223.64
6957.75 7223.64
6957.75 7223.64
6957.75 7223.64
6957.75 7223.64
6957.75 7223.64
6957.75 7223.64
6957.75 7223.64
6957.75 7223.64
6957.75 7223.64
6957.75 7223.64
6956.58 7223.06
6954.01 7221.50
6949.86 7218.96
6943.88 7214.70
6942.17 7212.76
6940.84 7210.79
6939.00 7206.98
6936.65 7201.86
6935.20 7195.23
6933.91 7186.98
6933.16 7176.65
6932.29 7164.55
6931.31 7151.02
6930.25 7136.27
6929.23 7122.06
6928.15 7107.19
6927.80 7091.89
6927.93 7077.03
6928.72 7062.62
6929.56 7047.36
6930.34 7033.09
6931.15 7018.28
6931.95 7003.65
6932.74 6989.18
6933.54 6974.54
6934.37 6959.45
6935.17 6944.72
6935.96 6930.29
6936.76 6915.72
6937.51 6900.99
6938.24 6886.42
6938.93 6871.90
6939.65 6856.63
6940.33 6842.36
6941.40 6827.50
6943.54 6812.87
6945.27 6802.44
6946.26 6796.44
6946.52 6794.89
6946.52 6794.85
6946.53 6794.83
6946.53 6794.83
6946.53 6794.83
6946.53 6794.83
6946.53 6794.83
6946.53 6794.83
6946.53 6794.83
6946.53 6794.83
6946.53 6794.83
6946.53 6794.83
6946.53 6794.83
6946.53 6794.83
6946.53 6794.83
6946.53 6794.83
6946.53 6794.83
6946.53 6794.83
6946.53 6794.83
6946.53 6794.83
6946.53 6794.83
6946.53 6794.83
6946.53 6794.83
6946.53 6794.83
6946.53 6794.83
6946.53 6794.83
6946.53 6794.83
6946.53 6794.83
6946.53 6794.83
6946.53 6794.83
6946.53 6794.83
6946.53 6794.83
6946.53 6794.83
6946.53 6794.83
6946.53 6794.83
6946.53 6794.83
6946.53 6794.83
6946.53 6794.83
6946.53 6794.83
6946.53 6794.83
6946.53 6794.83
6946.53 6794.83
6946.53 6794.83
6946.53 6794.83
6946.53 6794.83
6946.53 6794.83
6946.53 6794.83
6946.53 6794.83
6946.53 6794.83
6946.53 6794.83
6946.53 6794.83
6946.73 6793.61
6947.19 6791.12
6947.91 6787.26
6946.15 6780.70
6948.93 6773.30
6952.52 6764.57
6956.46 6754.87
6960.88 6744.01
6965.61 6732.36
6970.62 6720.02
6975.02 6709.19
6979.31 6698.65
6984.13 6686.77
6988.58 6675.82
6993.00 6664.95
6997.60 6653.62
7001.75 6643.40
7006.10 6632.70
7010.28 6622.40
7014.82 6611.25
7018.96 6601.06
7023.58 6589.67
7028.06 6578.64
7032.28 6568.26
7035.67 6559.93
7037.50 6555.41
7037.82 6554.64
7037.91 6554.41
7037.96 6554.29
7037.97 6554.27
7037.97 6554.26
7037.98 6554.24
7037.98 6554.24
7037.98 6554.24
7037.98 6554.24
7037.98 6554.24
7037.98 6554.24
7037.98 6554.24
7037.98 6554.24
7037.98 6554.24
7037.98 6554.24
7038.76 6552.31
7039.98 6549.32
7041.76 6544.71
7043.27 6538.24
7037.01 6532.73
7027.60 6527.71
7016.96 6522.03
7004.84 6515.57
6990.86 6508.12
6975.58 6499.96
6960.71 6489.96
6947.78 6477.89
6934.60 6465.11
6921.86 6452.75
6908.79 6440.07
6895.71 6427.04
6883.35 6414.65
6870.52 6401.78
6858.83 6388.54
6847.43 6374.40
6835.99 6360.22
6825.94 6345.63
6816.80 6330.78
6807.12 6315.04
6797.27 6299.77
6787.73 6285.26
6778.06 6269.98
6769.38 6253.77
6762.63 6236.95
6758.47 6219.90
6754.56 6202.18
6751.52 6184.32
6751.90 6166.34
6755.22 6148.66
6762.31 6131.72
6772.70 6116.65
6786.09 6104.34
6799.07 6092.40
6811.82 6080.35
6824.52 6068.04
6837.24 6055.73
6847.21 6041.88
6855.02 6025.76
6860.60 6008.47
6866.05 5991.58
6871.54 5974.56
6877.04 5957.52
6881.23 5944.55
6884.04 5935.84
6885.47 5931.40
6885.59 5931.02
6885.68 5930.74
6885.69 5930.72
6885.69 5930.71
6885.69 5930.71
6885.69 5930.71
6885.69 5930.71
6885.69 5930.71
6885.69 5930.71
6885.69 5930.71
6886.03 5929.53
6885.09 5926.47
6881.93 5921.44
6876.08 5919.88
6867.66 5920.06
6858.48 5923.05
6847.58 5924.11
6836.21 5917.61
6827.83 5905.52
6819.06 5891.87
6809.54 5877.04
6799.73 5861.77
6790.05 5846.68
6777.71 5833.57
6767.85 5818.22
6757.55 5803.03
6747.50 5788.68
6737.12 5774.99
6724.76 5762.71
6709.44 5753.53
6692.99 5746.36
6677.00 5739.13
6660.39 5731.87
6645.29 5725.69
6634.32 5721.20
6627.29 5718.32
6624.04 5716.99
6623.59 5716.81
6623.58 5716.81
6623.58 5716.81
6623.58 5716.81
6623.58 5716.81
6623.58 5716.81
6623.58 5716.81
6623.58 5716.81
6623.58 5716.81
6623.58 5716.81
6623.58 5716.81
6623.58 5716.81
6623.58 5716.81
6623.58 5716.81
6623.58 5716.81
6623.58 5716.81
6623.58 5716.81
6623.58 5716.81
6623.58 5716.81
6623.58 5716.81
6623.58 5716.81
6623.58 5716.81
6623.58 5716.81
6623.58 5716.81
6623.58 5716.81
6623.58 5716.81
6623.58 5716.81
6623.58 5716.81
6623.58 5716.81
6623.58 5716.81
6623.58 5716.81
6623.58 5716.81
6623.58 5716.81
6623.58 5716.81
6623.58 5716.81
6623.58 5716.81
6623.58 5716.81
6622.08 5716.25
6618.86 5715.70
6614.20 5718.43
6608.50 5722.31
6601.42 5726.73
6592.64 5731.06
6581.39 5734.24
6568.42 5736.46
6552.95 5737.24
6538.52 5736.19
6523.33 5735.09
6508.60 5734.41
6494.00 5734.03
6478.59 5734.01
6463.33 5734.18
6447.93 5734.83
6434.45 5735.54
6424.23 5732.89
6417.88 5733.57
6415.47 5733.82
6415.07 5733.86
