2875.33 6054.69
2877.00 6055.41
2880.24 6056.81
2885.64 6059.15
2892.39 6062.07
2901.33 6065.94
2911.36 6071.04
2922.83 6076.96
2934.13 6082.79
2946.20 6089.01
2957.55 6094.86
2968.79 6101.06
2980.09 6107.63
2991.72 6114.40
3003.27 6121.12
3015.04 6127.97
3026.16 6134.44
3037.13 6140.82
3047.85 6147.24
3059.17 6154.37
3070.24 6161.35
3080.76 6167.99
3091.61 6174.83
3102.52 6181.70
3113.87 6188.87
3125.30 6196.07
3136.73 6203.28
3148.34 6210.60
3159.37 6217.29
3170.81 6222.22
3182.45 6226.87
3194.14 6231.61
3206.73 6236.82
3218.86 6242.13
3230.45 6246.86
3242.56 6251.51
3254.73 6255.68
3267.31 6258.87
3279.89 6262.30
3292.51 6265.07
3305.62 6268.09
3317.74 6270.71
3330.38 6273.14
3343.88 6274.72
3356.62 6276.21
3370.18 6277.44
3382.64 6278.04
3395.51 6278.66
3408.11 6279.30
3419.68 6279.74
3427.11 6280.02
3430.43 6280.15
3430.57 6283.45
3431.60 6283.49
3431.61 6283.49
3431.61 6283.49
3431.61 6283.49
3431.61 6283.49
3431.61 6283.49
3431.61 6283.49
3431.61 6283.49
3431.61 6283.49
3431.61 6283.49
3431.61 6283.49
3431.61 6283.49
3431.61 6283.49
3433.10 6283.55
3436.00 6283.66
3440.04 6283.81
3446.51 6283.73
3454.24 6282.36
3463.36 6280.57
3474.62 6278.38
3487.48 6276.25
3499.51 6274.70
3513.03 6273.03
3525.10 6271.55
3538.07 6269.95
3550.92 6265.13
3563.35 6263.69
3575.83 6262.12
3588.41 6260.44
3601.38 6258.71
3614.47 6256.97
3627.44 6255.25
3639.80 6251.89
3652.09 6248.29
3664.09 6244.31
3676.43 6239.35
3689.12 6234.25
3701.28 6229.36
3713.51 6224.44
3725.13 6219.58
3736.62 6214.64
3748.41 6209.57
3761.05 6205.17
3773.56 6204.07
3786.11 6207.26
3793.99 6210.28
3797.17 6212.69
3797.37 6212.84
3797.42 6212.88
3797.43 6212.88
3797.43 6212.88
3797.43 6212.88
3797.43 6212.88
3797.43 6212.88
3797.43 6212.88
3797.43 6212.88
3797.43 6212.88
3797.43 6212.88
3797.43 6212.88
3797.43 6212.88
3797.43 6212.88
3797.43 6212.88
3797.43 6212.88
3797.43 6212.88
3797.43 6212.88
3797.43 6212.88
3797.43 6212.88
3797.43 6212.88
3797.43 6212.88
3797.43 6212.88
3797.43 6212.88
3797.43 6212.88
3797.43 6212.88
3797.43 6212.88
3797.43 6212.88
3797.43 6212.88
3797.43 6212.88
3797.43 6212.88
3797.43 6212.88
3797.43 6212.88
3797.43 6212.88
3797.43 6212.88
3797.43 6212.88
3797.43 6212.88
3797.43 6212.88
3797.43 6212.88
3797.43 6212.88
3797.43 6212.88
3797.43 6212.88
3797.43 6212.88
3797.43 6212.88
3797.43 6212.88
3799.31 6214.24
3802.96 6216.75
3808.43 6220.51
3815.91 6225.65
3825.04 6231.51
3836.94 6232.26
3849.06 6230.55
3861.84 6228.74
3874.10 6227.01
3887.19 6225.16
3900.28 6223.31
3912.65 6221.56
3924.86 6219.84
3937.99 6218.12
3950.75 6216.49
3964.05 6214.87
3976.94 6212.95
3990.35 6210.99
4002.78 6208.78
4015.61 6206.28
4028.17 6203.45
4040.87 6200.54
4053.32 6197.71
4066.16 6194.79
4079.50 6195.02
4092.48 6191.75
4104.74 6188.66
4117.73 6185.82
4130.13 6183.22
4142.43 6180.64
4155.23 6177.37
4167.29 6174.10
4179.60 6170.95
4191.98 6169.08
4205.15 6167.25
4218.45 6165.84
4232.00 6164.83
4244.93 6164.07
4257.94 6163.31
4270.56 6162.56
4284.20 6161.76
4297.39 6161.88
4309.76 6162.79
4322.53 6163.74
4335.64 6165.00
4348.28 6166.47
4361.06 6167.54
4371.48 6168.35
4377.42 6168.81
4378.67 6172.22
4379.83 6172.31
4380.01 6172.32
4380.17 6172.34
4380.19 6172.34
4380.20 6172.34
4380.20 6172.34
4380.20 6172.34
4380.20 6172.34
4380.20 6172.34
4380.20 6172.34
4380.20 6172.34
4380.20 6172.34
4380.20 6172.34
4380.20 6172.34
4380.20 6172.34
4380.20 6172.34
4380.20 6172.34
4380.20 6172.34
4380.20 6172.34
4380.20 6172.34
4380.20 6172.34
4380.20 6172.34
4380.20 6172.34
4380.20 6172.34
4380.20 6172.34
4380.20 6172.34
4380.20 6172.34
4380.20 6172.34
4380.20 6172.34
4380.20 6172.34
4380.20 6172.34
4380.20 6172.34
4380.20 6172.34
4380.20 6172.34
4380.20 6172.34
4380.20 6172.34
4380.20 6172.34
4380.20 6172.34
4380.20 6172.34
4380.20 6172.34
4380.20 6172.34
4381.32 6172.43
4384.85 6172.70
4389.72 6173.17
4396.39 6175.04
4403.98 6178.76
4413.13 6183.18
4423.60 6188.25
4434.28 6195.01
4444.16 6202.71
4454.23 6210.48
4464.91 6218.75
4475.19 6226.61
4486.04 6234.63
4496.48 6242.30
4506.45 6249.61
4517.42 6257.48
4527.75 6264.63
4537.93 6271.95
4548.24 6279.51
4558.92 6287.40
4565.91 6292.71
4574.94 6299.57
4587.04 6304.58
4597.48 6312.45
4608.12 6320.43
4619.26 6327.99
4629.69 6335.06
4637.48 6340.35
4641.49 6343.26
4642.65 6344.27
4643.37 6344.89
4643.46 6344.98
4643.49 6345.00
4643.50 6345.01
4643.50 6345.01
4643.50 6345.01
4643.50 6345.01
4643.50 6345.01
4643.50 6345.01
4643.50 6345.01
4643.50 6345.01
4643.50 6345.01
4643.50 6345.01
4643.50 6345.01
4643.50 6345.01
4643.50 6345.01
4643.50 6345.01
4643.50 6345.01
4643.50 6345.01
4643.50 6345.01
4643.50 6345.01
4643.50 6345.01
4643.50 6345.01
4643.50 6345.01
4643.50 6345.01
4643.50 6345.01
4643.50 6345.01
4643.50 6345.01
4643.50 6345.01
4643.50 6345.01
4643.50 6345.01
4643.50 6345.01
4643.50 6345.01
4643.50 6345.01
4643.50 6345.01
4643.50 6345.01
4643.50 6345.01
4643.50 6345.01
4643.50 6345.01
4644.71 6346.04
4647.45 6348.30
4652.05 6351.37
4658.05 6355.14
4665.86 6359.58
4675.41 6363.74
4686.20 6368.44
4699.36 6371.34
4712.05 6373.43
4724.70 6374.92
4738.09 6376.90
4750.62 6379.01
4763.03 6380.99
4775.44 6382.96
4788.04 6385.01
4800.35 6387.10
4812.98 6389.08
4825.43 6390.71
4838.79 6393.10
4852.10 6395.57
4864.54 6397.79
4876.78 6399.78
4889.86 6401.76
4903.40 6403.69
4916.75 6405.48
4930.04 6407.26
4942.47 6408.93
4955.37 6410.06
4968.31 6410.92
4981.49 6411.80
4994.96 6412.85
5008.25 6414.21
5021.04 6415.51
5033.73 6416.81
5047.01 6418.17
5059.41 6419.43
5073.07 6417.56
5086.42 6419.00
5099.29 6420.40
5111.90 6421.77
5125.05 6423.21
5137.61 6424.61
5150.42 6426.02
5162.90 6427.41
5175.66 6428.62
5188.85 6429.90
5201.43 6431.27
5209.53 6432.15
5213.17 6432.54
5213.33 6432.56
5213.33 6432.56
5213.33 6432.56
5213.33 6432.56
5213.33 6432.56
5213.33 6432.56
5213.33 6432.56
5213.33 6432.56
5213.33 6432.56
5213.33 6432.56
5213.33 6432.56
5213.33 6432.56
5213.33 6432.56
5213.33 6432.56
5213.33 6432.56
5213.33 6432.56
5213.33 6432.56
5213.33 6432.56
5213.33 6432.56
5213.33 6432.56
5213.33 6432.56
5213.33 6432.56
5213.33 6432.56
5213.33 6432.56
5213.33 6432.56
5213.33 6432.56
5213.33 6432.56
5213.33 6432.56
5213.33 6432.56
5213.33 6432.56
5213.33 6432.56
5215.62 6432.81
5220.25 6433.31
5226.92 6434.04
5235.59 6435.00
5246.38 6436.18
5259.74 6437.65
5272.67 6439.07
5285.97 6440.50
5298.88 6441.85
5311.51 6443.18
5324.28 6444.51
5336.92 6445.69
5350.29 6446.84
5363.14 6448.21
5376.84 6449.44
5389.83 6450.78
5403.08 6452.42
5416.49 6454.28
5429.02 6456.95
5442.10 6460.77
5454.91 6465.19
5463.41 6468.27
5467.75 6469.84
5468.48 6470.11
5468.76 6470.21
5468.79 6470.22
5468.81 6470.22
5468.81 6470.23
5468.81 6470.23
5468.81 6470.23
5468.81 6470.23
5468.81 6470.23
5468.81 6470.23
5468.81 6470.23
5468.81 6470.23
5468.81 6470.23
5468.81 6470.23
5468.81 6470.23
5468.81 6470.23
5468.81 6470.23
5468.81 6470.23
5468.81 6470.23
5468.81 6470.23
5468.81 6470.23
5468.81 6470.23
5468.81 6470.23
5468.81 6470.23
5468.81 6470.23
5468.81 6470.23
5468.81 6470.23
5468.81 6470.23
5468.81 6470.23
5468.81 6470.23
5468.81 6470.23
5468.81 6470.23
5468.81 6470.23
5468.81 6470.23
5468.81 6470.23
5468.81 6470.23
5468.81 6470.23
5468.81 6470.23
5468.81 6470.23
5469.69 6470.54
5472.49 6471.58
5476.73 6473.18
5482.28 6475.26
5489.75 6478.28
5499.57 6482.25
5510.01 6486.47
5521.67 6491.19
5532.82 6495.74
5544.21 6500.33
5555.28 6504.72
5565.77 6508.88
5576.52 6513.15
5586.57 6517.14
5597.31 6521.40
5607.70 6525.52
5619.26 6530.11
5629.84 6534.31
5640.91 6538.70
5652.23 6543.19
5663.79 6547.78
5673.44 6551.88
5678.93 6554.24
5681.98 6555.55
5683.34 6556.13
5683.46 6556.18
5683.57 6556.23
5683.64 6556.26
5683.67 6556.27
5683.67 6556.27
5683.67 6556.27
5683.68 6556.27
5683.68 6556.27
5683.68 6556.27
5683.68 6556.27
5683.68 6556.27
5683.68 6556.27
5683.68 6556.27
5683.68 6556.27
5683.68 6556.27
5683.68 6556.27
5683.68 6556.27
5683.68 6556.27
5683.68 6556.27
5683.68 6556.27
5683.68 6556.27
5683.68 6556.27
5683.68 6556.27
5683.68 6556.27
5683.68 6556.27
5683.68 6556.27
5683.68 6556.27
5683.68 6556.27
5683.68 6556.27
5683.68 6556.27
5683.68 6556.27
5683.68 6556.27
5683.68 6556.27
5683.68 6556.27
5683.68 6556.27
5683.68 6556.27
5683.68 6556.27
5684.25 6556.52
5685.50 6557.06
5688.53 6558.36
5692.64 6560.12
5697.60 6562.25
5703.96 6564.98
5712.13 6568.40
5721.89 6572.26
5733.98 6576.80
5745.05 6580.88
5751.91 6583.41
5757.35 6585.41
5763.38 6587.78
5771.16 6590.95
5779.97 6594.57
5790.73 6598.77
5801.64 6602.77
5811.88 6606.73
5822.79 6611.30
5833.28 6615.42
5843.27 6619.47
5854.04 6623.98
5864.02 6628.05
5873.75 6632.07
5884.29 6636.44
5894.40 6640.63
5905.49 6645.24
5912.43 6648.14
5921.23 6648.44
5931.06 6644.71
5942.64 6638.57
5954.40 6632.18
5965.81 6627.18
5977.66 6621.99
5989.34 6616.97
6001.35 6611.95
6013.42 6606.90
6025.71 6601.75
6037.90 6596.72
6050.25 6591.75
6062.79 6586.75
6074.78 6582.06
6086.56 6577.56
6096.14 6573.83
6102.37 6571.38
6107.57 6569.31
6109.66 6568.47
6110.37 6568.19
6110.43 6568.16
6110.43 6568.16
6110.43 6568.16
6110.43 6568.16
6110.43 6568.16
6110.43 6568.16
6110.43 6568.16
6110.43 6568.16
6110.43 6568.16
6110.43 6568.16
6110.43 6568.16
6110.43 6568.16
6110.43 6568.16
6110.43 6568.16
6110.43 6568.16
6110.43 6568.16
6110.43 6568.16
6110.43 6568.16
6110.43 6568.16
6110.43 6568.16
6110.43 6568.16
6110.43 6568.16
6110.43 6568.16
6110.43 6568.16
6110.43 6568.16
6110.43 6568.16
6110.43 6568.16
6110.43 6568.16
6110.43 6568.16
6110.43 6568.16
6110.43 6568.16
6110.43 6568.16
6110.43 6568.16
6110.43 6568.16
6110.43 6568.16
6110.43 6568.16
6110.43 6568.16
6110.43 6568.16
6110.43 6568.16
6111.87 6567.59
6115.42 6566.17
6121.02 6563.99
6128.28 6561.20
6137.81 6557.62
6149.16 6553.35
6159.98 6549.28
6171.05 6545.12
6182.58 6540.79
6195.05 6536.10
6207.18 6531.61
6218.32 6527.68
6228.51 6524.13
6239.48 6520.30
6250.37 6516.55
6261.27 6513.08
6273.51 6509.26
6285.32 6505.58
6292.83 6503.24
6298.40 6501.50
6305.80 6499.19
6312.42 6497.13
6316.85 6495.75
6317.82 6495.45
6318.64 6495.19
6318.68 6495.18
6318.68 6495.18
6318.69 6495.18
6318.69 6495.18
6318.69 6495.18
6318.69 6495.18
6318.69 6495.18
6319.53 6494.91
6322.61 6493.95
6327.34 6492.48
6329.28 6491.87
6332.11 6490.99
6336.72 6489.55
6342.72 6487.81
6350.05 6485.77
6359.76 6483.12
6371.03 6479.95
6382.96 6476.56
6395.31 6473.25
6407.34 6470.15
6418.70 6467.18
6431.30 6463.85
6443.50 6460.60
6454.26 6458.94
6466.28 6456.84
6467.33 6444.06
6467.61 6431.60
6467.84 6419.17
6467.94 6406.23
6468.04 6392.82
6468.12 6382.64
6468.17 6376.77
6468.19 6373.57
6468.20 6373.13
6468.20 6373.02
6468.20 6373.01
6468.20 6373.01
6468.20 6373.01
6468.20 6373.01
6468.20 6373.01
6468.20 6373.01
6468.20 6373.01
6468.20 6373.01
6468.20 6373.01
6468.20 6373.01
6468.20 6373.01
6468.20 6373.01
6468.20 6373.01
6468.20 6373.01
6468.20 6373.01
6468.20 6373.01
6468.20 6373.01
6468.20 6373.01
6468.20 6373.01
6468.20 6373.01
6468.20 6373.01
6468.20 6373.01
6468.20 6373.01
6468.20 6373.01
6468.20 6373.01
6468.20 6373.01
6468.20 6373.01
6468.20 6373.01
6468.20 6373.01
6468.20 6373.01
6468.20 6371.89
6468.23 6368.65
6468.36 6362.73
6469.48 6355.60
6471.14 6346.20
6472.97 6335.59
6474.87 6324.59
6476.90 6312.80
6480.01 6300.44
6483.52 6288.82
6487.06 6277.11
6490.57 6265.48
6493.87 6254.55
6497.12 6243.77
6500.71 6231.89
6503.82 6221.11
6507.04 6209.86
6510.28 6198.53
6513.36 6187.79
6515.38 6180.15
6515.79 6175.83
6516.18 6171.81
6516.78 6165.67
6517.66 6157.27
6519.25 6146.46
6521.58 6133.51
6523.24 6120.86
6522.29 6107.67
6519.74 6094.46
6515.92 6082.12
6512.12 6070.72
6508.00 6058.35
6503.89 6046.03
6499.67 6033.36
6495.53 6020.92
6491.01 6008.44
6490.18 5996.80
6485.53 5984.34
6480.79 5971.65
6476.18 5959.30
6471.65 5947.17
6467.16 5935.35
6462.37 5922.86
6457.51 5910.18
6452.61 5897.41
6447.92 5885.17
6443.19 5872.70
6439.05 5860.99
6434.57 5848.67
6429.74 5836.88
6424.56 5824.24
6419.56 5812.03
6414.44 5799.57
6409.12 5787.08
6402.98 5775.18
6393.55 5766.37
6383.11 5758.10
6372.57 5750.22
6363.21 5741.29
6355.45 5730.82
6348.99 5719.13
6343.19 5707.98
6336.88 5695.84
6330.64 5683.72
6325.78 5672.14
6325.50 5659.65
6322.68 5650.13
6321.11 5644.85
6320.26 5641.98
6320.21 5641.82
6320.18 5641.71
6320.18 5641.70
6320.18 5641.70
6320.18 5641.70
6320.18 5641.70
6320.18 5641.70
6320.18 5641.70
6320.18 5641.70
6320.18 5641.70
6320.18 5641.70
6320.18 5641.70
6320.18 5641.70
6320.18 5641.70
6320.18 5641.70
6320.18 5641.70
6320.18 5641.70
6320.18 5641.70
6320.18 5641.70
6320.18 5641.70
6320.18 5641.70
6320.18 5641.70
6320.18 5641.70
6320.18 5641.70
6320.18 5641.70
6320.18 5641.70
6320.18 5641.70
6320.18 5641.70
6320.18 5641.70
6320.18 5641.70
6319.46 5639.32
6318.33 5635.62
6316.46 5629.50
6314.14 5622.08
6311.13 5612.54
6304.24 5601.70
6300.23 5589.01
6296.62 5576.61
6293.35 5564.07
6290.81 5551.77
6288.76 5539.05
6286.77 5526.69
6281.73 5513.63
6280.15 5500.65
6278.55 5487.45
6277.17 5475.00
6275.78 5461.89
6274.46 5449.61
6272.74 5436.92
6270.85 5424.37
6268.75 5411.97
6266.66 5399.52
6264.60 5386.99
6262.57 5374.32
6260.39 5361.12
6258.15 5348.50
6255.84 5335.18
6253.80 5322.78
6251.76 5309.46
6249.88 5296.48
6247.93 5283.20
6246.05 5270.58
6244.03 5257.14
6242.06 5244.04
6240.15 5231.38
6238.15 5218.06
6236.14 5204.71
6234.17 5191.58
6232.22 5178.64
6230.38 5166.38
6228.36 5152.89
6226.53 5140.57
6225.02 5130.35
6224.16 5124.59
6223.87 5122.62
6223.83 5122.38
6227.08 5121.84
6227.04 5121.57
6227.01 5121.34
6227.01 5121.33
6227.01 5121.33
6227.01 5121.33
6227.01 5121.33
6227.01 5121.33
6227.01 5121.33
6227.01 5121.33
6227.01 5121.33
6227.01 5121.33
6227.01 5121.33
6227.01 5121.33
6227.01 5121.33
6227.01 5121.33
6227.01 5121.33
6227.01 5121.33
6227.01 5121.33
6227.01 5121.33
6227.01 5121.33
6227.01 5121.33
6227.01 5121.33
6227.01 5121.33
6227.01 5121.33
6227.01 5121.33
6227.01 5121.33
6227.01 5121.33
6227.01 5121.33
6227.01 5121.33
6227.01 5121.33
6227.01 5121.33
6227.01 5121.33
6227.01 5121.33
6227.01 5121.33
6226.81 5120.00
6226.37 5117.00
6225.66 5112.45
6224.54 5105.70
6223.04 5096.73
6221.11 5085.66
6218.82 5072.49
6216.54 5059.34
6214.42 5045.97
6212.31 5032.92
6209.96 5019.75
6207.26 5006.56
6205.33 4993.52
6203.34 4980.14
6201.37 4967.00
6199.42 4953.98
6197.53 4940.85
6195.65 4927.80
6193.77 4914.71
6191.83 4901.29
6190.02 4888.69
6188.18 4875.90
6186.22 4862.58
6184.22 4849.38
6178.98 4836.87
6177.03 4824.06
6175.05 4811.04
6173.13 4798.42
6171.12 4785.01
6169.15 4771.57
6167.26 4758.62
6165.40 4745.96
6163.57 4733.37
6161.74 4720.68
6159.92 4708.29
6158.09 4695.97
6155.95 4682.61
6154.25 4669.51
6152.60 4656.63
6151.15 4644.84
6150.14 4636.66
6149.60 4632.29
6149.56 4631.93
6149.55 4631.83
6149.54 4631.77
6149.54 4631.74
6149.54 4631.74
6149.54 4631.74
6149.54 4631.74
6149.54 4631.74
6149.54 4631.74
6149.54 4631.74
6149.54 4631.74
6149.54 4631.74
6149.54 4631.74
6149.54 4631.74
6149.54 4631.74
6149.54 4631.74
6149.54 4631.74
6149.54 4631.74
6149.54 4631.74
6149.54 4631.74
6149.54 4631.74
6149.54 4631.74
6149.54 4631.74
6149.54 4631.74
6149.54 4631.74
6149.54 4631.74
6149.54 4631.74
6149.54 4631.74
6149.54 4631.74
6149.54 4631.74
6149.54 4631.74
6149.54 4631.74
6149.54 4631.74
6149.54 4631.74
6149.54 4631.74
6149.54 4631.74
6149.54 4631.74
6149.54 4631.74
6149.54 4631.74
6149.54 4631.74
6149.54 4631.74
6149.54 4631.74
6149.54 4631.74
6149.54 4631.74
6149.54 4631.74
6149.54 4631.74
6149.54 4631.74
6149.54 4631.74
6149.29 4629.76
6148.85 4626.19
6148.33 4621.14
6147.69 4614.55
6146.89 4605.57
6146.09 4594.79
6145.10 4581.51
6144.17 4568.88
6143.23 4556.19
6142.31 4543.76
6141.37 4531.18
6140.44 4518.57
6139.44 4505.16
6138.45 4491.83
6137.49 4478.77
6136.48 4465.25
6135.49 4451.80
6134.48 4438.17
6133.38 4424.80
6132.13 4411.50
6130.95 4398.84
6129.78 4386.40
6128.53 4373.29
6124.67 4371.08
6112.11 4372.46
6100.51 4372.10
6088.47 4369.05
6077.19 4363.82
6066.46 4356.65
6057.33 4348.21
6049.96 4336.73
6044.53 4324.09
6041.69 4310.70
6042.33 4296.57
6044.44 4284.15
6048.19 4271.48
6056.85 4261.08
6066.97 4251.45
6078.36 4243.43
6089.43 4238.86
6087.46 4226.51
6085.41 4214.42
6083.67 4202.17
6085.09 4188.75
6083.31 4176.19
6081.38 4162.67
6079.55 4149.74
6077.70 4136.78
6075.89 4123.99
6074.10 4111.60
6072.17 4098.22
6070.24 4084.92
6068.35 4071.86
6066.42 4059.14
6064.39 4045.81
6062.40 4032.71
6060.49 4019.53
6058.34 4006.15
6056.39 3993.76
6054.66 3981.25
6052.93 3968.77
6051.06 3955.92
6049.12 3943.61
6047.85 3934.31
6047.10 3928.76
6046.79 3926.52
6046.70 3925.80
6046.66 3925.50
6046.65 3925.42
6046.64 3925.41
6046.64 3925.41
6046.64 3925.41
6046.64 3925.41
6046.64 3925.41
6046.64 3925.41
6046.64 3925.41
6046.64 3925.41
6046.64 3925.41
6046.64 3925.41
6046.64 3925.41
6046.64 3925.41
6046.64 3925.41
6046.64 3925.41
6046.64 3925.41
6046.64 3925.41
6046.64 3925.41
6046.64 3925.41
6046.64 3925.41
6046.64 3925.41
6046.42 3923.81
6045.84 3919.91
6044.95 3914.01
6043.79 3906.77
6042.30 3897.47
6040.46 3886.01
6038.36 3872.97
6036.37 3860.55
6034.31 3847.68
6032.26 3834.92
6030.24 3822.37
6028.09 3808.97
6026.07 3796.34
6022.57 3783.54
6018.82 3771.03
6011.81 3759.18
6008.14 3746.96
6004.43 3734.62
6000.01 3722.96
5995.20 3710.50
5990.68 3698.81
5986.16 3687.11
5981.31 3674.59
5975.67 3662.82
5969.64 3651.16
5963.44 3639.16
5957.33 3627.34
5951.31 3616.05
5944.33 3604.55
5937.29 3593.20
5930.70 3582.59
5923.82 3571.51
5917.11 3560.69
5910.40 3549.88
5902.29 3539.17
5894.08 3528.37
5886.40 3518.26
5878.57 3508.69
5870.06 3497.90
5861.66 3488.38
5852.40 3478.40
5843.70 3469.38
5834.18 3460.05
5825.16 3451.04
5816.24 3441.61
5808.35 3431.05
5802.39 3418.69
5798.10 3405.58
5795.12 3392.38
5793.75 3379.12
5793.29 3366.01
5793.04 3353.30
5792.77 3340.03
5792.49 3326.27
5794.08 3313.77
5795.23 3300.14
5794.06 3290.54
5783.57 3283.20
5774.97 3271.69
5761.81 3265.77
5749.66 3263.23
5736.74 3263.88
5724.37 3264.89
5712.15 3266.93
5698.92 3269.84
5686.50 3274.90
5674.88 3280.89
5663.02 3284.55
5649.95 3286.57
5636.78 3287.37
5623.85 3285.73
5610.68 3283.52
5597.68 3281.04
5584.50 3277.36
5571.86 3273.74
5558.93 3269.52
5547.01 3264.38
5534.59 3258.68
5522.67 3252.94
5510.81 3247.23
5499.03 3241.56
5486.73 3235.64
5475.48 3230.22
5464.02 3224.71
5452.34 3219.08
5440.64 3213.45
5428.54 3207.63
5417.23 3202.19
5405.87 3196.71
5394.31 3191.15
5382.97 3185.69
5371.46 3180.15
5359.55 3174.42
5347.75 3168.74
5336.31 3163.23
5324.62 3157.60
5313.00 3152.01
5301.69 3146.56
5289.43 3140.66
5277.52 3134.93
5265.38 3129.09
5253.86 3123.46
5241.99 3117.67
5230.08 3111.88
5218.70 3106.34
5207.11 3100.71
5194.94 3094.79
5183.26 3089.11
5171.88 3083.58
5160.04 3077.82
5148.31 3072.12
5136.05 3066.15
5123.88 3060.24
5112.21 3054.57
5100.88 3049.05
5089.37 3043.46
5077.49 3037.68
5065.32 3031.76
5054.14 3026.33
5042.42 3020.63
5030.11 3014.64
5018.17 3008.84
5006.35 3003.09
4994.34 2997.25
4983.09 2991.78
4971.62 2986.20
4959.90 2980.51
4948.83 2974.50
4937.75 2968.48
4925.74 2961.96
4915.43 2952.60
4905.44 2946.64
4899.37 2942.88
4897.12 2941.49
4896.76 2941.27
4896.73 2941.25
4896.70 2941.23
4896.70 2941.23
4896.70 2941.23
4896.70 2941.23
4895.14 2940.23
4891.48 2937.80
4886.09 2934.21
4878.77 2929.24
4869.84 2923.05
4859.76 2916.07
4849.22 2908.44
4838.77 2900.50
4828.84 2892.97
4818.42 2885.04
4808.37 2876.71
4798.34 2868.35
4788.26 2859.96
4778.36 2851.72
4768.50 2843.47
4758.86 2835.20
4749.16 2826.89
4737.76 2821.47
4728.86 2813.84
4718.58 2805.04
4708.82 2796.67
4698.59 2787.90
4689.15 2779.81
4679.16 2771.26
4669.73 2763.21
4660.23 2755.10
4650.39 2746.71
4640.58 2738.33
4631.07 2730.22
4621.06 2721.68
4611.51 2713.52
4601.68 2705.14
4592.24 2697.08
4582.66 2688.90
4572.39 2680.14
4562.67 2671.85
4552.42 2663.10
4542.82 2654.91
4533.27 2646.57
4523.73 2638.21
4513.41 2629.29
4503.60 2620.81
4494.05 2612.56
4484.67 2604.45
4475.15 2596.23
4465.59 2587.96
4455.31 2579.08
4445.53 2570.63
4435.35 2561.83
4425.41 2553.24
4415.29 2544.50
4405.91 2536.39
4398.37 2529.87
4392.96 2525.20
4390.96 2523.47
4390.76 2523.30
