8778.11 2067.17
8775.67 2066.88
8771.14 2066.33
8764.28 2065.26
8756.16 2061.06
8747.90 2054.41
8742.49 2043.58
8741.52 2030.64
8743.23 2017.85
8744.91 2005.28
8746.62 1992.44
8748.30 1979.85
8750.07 1966.58
8751.45 1956.20
8752.27 1950.03
8750.50 1942.63
8740.04 1941.32
8727.33 1939.79
8714.19 1938.21
8702.19 1936.76
8694.10 1935.79
8689.02 1935.18
8684.51 1939.00
8683.94 1947.69
8683.20 1958.75
8682.32 1972.08
8681.35 1986.73
8680.02 2002.44
8677.77 2017.83
8675.18 2032.70
8671.96 2048.18
8668.73 2063.13
8665.06 2078.78
8661.35 2094.50
8658.03 2109.03
8654.48 2124.68
8651.12 2140.37
8648.54 2155.65
8646.06 2171.03
8643.49 2186.91
8640.97 2202.58
8638.52 2217.71
8634.97 2232.60
8630.31 2247.31
8623.88 2262.12
8617.88 2275.94
8611.69 2290.17
8604.78 2303.76
8594.78 2316.18
8584.35 2327.44
8574.05 2339.11
8564.28 2350.22
8556.00 2363.39
8547.72 2376.79
8539.35 2390.33
8533.31 2404.72
8535.25 2419.40
8546.26 2427.77
8561.68 2431.56
8577.35 2435.42
8592.24 2440.29
8607.41 2445.45
8620.94 2450.71
8630.20 2455.02
8635.36 2457.43
8636.48 2458.08
8637.31 2458.66
8637.42 2458.74
8637.46 2458.76
8637.47 2458.77
8637.47 2458.78
8637.48 2458.78
8637.48 2458.78
8637.48 2458.78
8637.48 2458.78
8637.48 2458.78
8637.48 2458.78
8637.48 2458.78
8637.48 2458.78
8637.48 2458.78
8637.48 2458.78
8637.48 2458.78
8637.48 2458.78
8637.48 2458.78
8637.48 2458.78
8637.48 2458.78
8637.48 2458.78
8637.48 2458.78
8637.48 2458.78
8637.48 2458.78
8637.48 2458.78
8637.48 2458.78
8637.48 2458.78
8637.48 2458.78
8637.48 2458.78
8637.48 2458.78
8637.48 2458.78
8637.48 2458.78
8637.48 2458.78
8637.48 2458.78
8637.48 2458.78
8637.96 2459.12
8639.67 2460.33
8642.31 2462.19
8646.19 2465.41
8649.70 2472.29
8655.07 2479.28
8665.48 2482.62
8676.87 2483.26
8690.09 2486.88
8699.80 2490.81
8705.71 2493.38
8712.27 2496.23
8720.43 2499.78
8724.59 2502.96
8725.97 2510.10
8730.22 2518.05
8737.19 2526.50
8745.02 2535.98
8753.45 2546.18
8761.75 2556.23
8769.57 2565.70
8778.77 2575.21
8789.51 2583.22
8799.98 2590.58
8809.70 2599.13
8809.81 2611.63
8806.36 2623.72
8802.85 2636.01
8798.99 2648.23
8803.87 2657.44
8815.39 2662.64
8824.62 2671.48
8827.98 2682.97
8824.58 2694.80
8818.57 2705.84
8812.03 2716.26
8805.30 2726.99
8798.75 2737.44
8792.26 2747.78
8785.71 2758.24
8782.07 2768.34
8780.88 2774.66
8780.46 2776.87
8780.28 2777.85
8780.24 2778.06
8780.24 2778.07
8780.24 2778.07
8780.24 2778.07
8780.24 2778.07
8780.24 2778.07
8780.24 2778.07
8780.24 2778.07
8780.24 2778.07
8780.24 2778.07
8780.24 2778.07
8780.24 2778.07
8780.24 2778.07
8780.24 2778.07
8779.97 2779.48
8779.45 2782.24
8778.87 2785.28
8778.69 2786.25
8778.67 2786.37
8778.66 2786.40
8778.66 2786.42
8778.66 2786.42
8778.66 2786.42
8778.66 2786.42
8778.66 2786.42
8778.66 2786.42
8778.66 2786.42
8778.66 2786.42
8778.66 2786.42
8778.66 2786.42
8778.66 2786.42
8778.66 2786.42
8778.66 2786.42
8778.66 2786.42
8778.66 2786.42
8778.77 2788.17
8779.10 2792.16
8780.19 2798.58
8780.90 2807.61
8779.48 2817.99
8775.45 2829.01
8770.46 2840.57
8765.29 2852.53
8761.58 2864.53
8758.56 2876.36
8758.67 2889.25
8755.51 2901.66
8752.49 2913.52
8750.64 2925.67
8750.77 2938.44
8753.85 2950.88
8759.31 2962.65
8765.06 2974.95
8770.64 2986.83
8775.86 2997.94
8781.29 3009.52
8786.76 3021.17
8792.30 3032.97
8797.08 3045.13
8801.48 3057.16
8805.85 3069.12
8808.63 3081.20
8809.46 3093.65
8810.31 3106.51
8811.18 3119.75
8812.08 3133.20
8812.93 3146.15
8813.76 3158.60
8814.61 3171.27
8815.53 3184.66
8816.22 3197.24
8815.40 3209.57
8814.11 3222.73
8810.76 3235.35
8805.88 3247.90
8799.83 3259.87
8792.83 3270.99
8785.07 3281.93
8775.90 3290.56
8766.11 3299.02
8754.85 3306.33
8744.41 3313.10
8733.36 3320.27
8722.21 3327.65
8711.82 3334.55
8700.58 3342.01
8689.73 3349.21
8679.33 3356.12
8668.62 3363.23
8657.81 3370.79
8647.47 3378.20
8636.76 3385.96
8626.16 3394.24
8616.17 3402.05
8607.29 3410.49
8598.24 3419.56
8589.74 3428.40
8580.80 3438.34
8572.07 3448.25
8564.29 3457.72
8555.86 3467.97
8547.35 3478.32
8538.83 3488.68
8530.89 3498.34
8523.10 3509.07
8516.16 3519.27
8508.91 3529.95
8501.96 3541.12
8496.00 3552.92
8490.03 3564.75
8484.38 3576.28
8479.51 3587.94
8474.67 3599.51
8469.75 3611.29
8464.91 3622.87
8459.74 3635.23
8454.84 3646.94
8450.04 3658.44
8444.89 3669.97
8439.57 3681.25
8434.23 3692.48
8428.32 3703.70
8422.13 3715.43
8416.49 3726.46
8410.17 3737.26
8403.46 3748.56
8397.30 3759.97
8391.35 3771.02
8385.49 3781.88
8379.66 3792.70
8373.87 3803.43
8367.57 3815.11
8361.26 3826.82
8354.89 3838.63
8348.88 3849.76
8343.06 3860.57
8336.81 3872.29
8330.62 3883.91
8324.30 3895.76
8318.11 3907.38
8311.95 3918.95
8306.22 3929.71
8298.28 3939.00
8289.92 3947.87
8280.07 3956.56
8270.21 3964.49
8260.25 3972.51
8249.86 3980.87
8240.14 3988.64
8230.50 3997.25
8222.24 4007.03
8214.65 4016.66
8206.77 4026.87
8199.00 4036.84
8190.88 4046.64
8180.04 4054.27
8171.72 4064.04
8163.33 4073.89
8153.68 4080.11
8145.00 4090.30
8137.08 4099.59
8128.68 4109.45
8120.22 4119.99
8113.30 4130.87
8107.89 4142.12
8102.53 4153.82
8097.43 4165.72
8092.92 4177.41
8088.51 4189.19
8084.25 4201.20
8080.20 4213.19
8076.05 4225.55
8072.77 4235.34
8070.45 4242.26
8068.19 4248.98
8065.47 4257.07
8062.32 4266.47
8058.75 4277.13
8054.54 4289.71
8050.35 4302.23
8046.38 4314.08
8042.27 4326.35
8038.32 4338.16
8034.15 4350.61
8029.94 4363.14
8026.04 4374.76
8023.37 4382.02
8014.93 4385.24
8004.73 4379.91
7993.64 4373.03
7983.15 4366.53
7972.78 4360.10
7961.77 4353.29
7950.52 4346.37
7939.99 4339.89
7928.83 4333.03
7918.18 4326.48
7907.74 4320.07
7897.02 4313.47
7885.60 4306.45
7874.59 4299.68
7863.92 4293.12
7852.65 4286.18
7842.15 4279.73
7831.42 4273.13
7820.73 4266.80
7809.51 4260.40
7798.46 4254.09
7787.20 4247.81
7775.71 4243.31
7763.23 4238.42
7751.37 4233.77
7738.86 4228.86
7727.61 4224.46
7719.80 4221.40
7715.74 4219.81
7711.05 4220.84
7709.47 4227.70
7707.58 4236.44
7705.18 4247.60
7702.68 4259.16
7700.87 4267.54
7699.96 4271.77
7699.51 4272.73
7699.49 4272.77
7699.48 4272.78
7699.48 4272.79
7699.48 4272.79
7699.48 4272.79
7699.48 4272.79
7699.48 4272.79
7699.48 4272.79
7699.48 4272.79
7699.48 4272.79
7698.82 4274.09
7697.23 4277.24
7694.76 4282.16
7692.73 4288.79
7698.57 4295.08
7704.08 4304.83
7713.70 4313.92
7724.00 4322.01
7734.72 4330.15
7744.71 4337.73
7755.01 4345.55
7764.88 4353.05
7775.29 4360.94
7784.07 4367.38
7790.53 4372.12
7799.01 4378.17
7810.31 4383.65
7821.58 4389.22
7833.56 4395.13
7845.56 4401.06
7857.10 4406.75
7868.21 4412.24
7879.68 4417.90
7891.04 4423.51
7899.43 4427.66
7904.70 4430.82
7905.45 4438.31
7902.31 4447.87
7898.50 4458.64
7894.44 4470.13
7890.14 4482.29
7885.73 4494.77
7881.41 4506.99
7877.18 4518.97
7873.02 4530.74
7868.63 4543.15
7864.34 4555.29
7859.97 4567.65
7856.44 4578.40
7854.31 4584.95
7856.35 4592.32
7867.81 4595.99
7880.05 4599.91
7892.82 4603.99
7905.01 4607.90
7915.11 4611.13
7921.45 4613.15
7924.14 4614.02
7924.70 4614.20
7924.73 4614.20
7924.73 4614.21
7924.73 4614.21
7924.73 4614.21
7924.73 4614.21
7924.73 4614.21
7924.73 4614.21
7924.73 4614.21
7924.73 4614.21
7924.73 4614.21
7924.73 4614.21
7924.73 4614.21
7924.73 4614.21
7924.73 4614.21
7924.73 4614.21
7924.73 4614.21
7924.73 4614.21
7924.73 4614.21
7924.73 4614.21
7924.73 4614.21
7924.73 4614.21
7924.73 4614.21
7924.73 4614.21
7924.73 4614.21
7924.73 4614.21
7924.73 4614.21
7924.73 4614.21
7924.73 4614.21
7924.73 4614.21
7924.73 4614.21
7924.73 4614.21
7924.73 4614.21
7924.73 4614.21
7924.73 4614.21
7924.73 4614.21
7924.73 4614.21
7924.73 4614.21
7924.73 4614.21
7924.73 4614.21
7924.73 4614.21
7925.63 4614.49
7928.31 4615.35
7932.44 4616.87
7937.99 4619.86
7943.65 4625.38
7949.23 4634.06
7957.16 4643.39
7962.26 4655.86
7967.48 4668.05
7972.41 4679.82
7975.99 4691.56
7979.21 4704.21
7981.53 4716.96
7983.32 4729.37
7984.25 4742.06
7985.20 4754.93
7987.42 4766.60
8000.09 4768.43
8012.72 4769.61
8026.02 4770.85
8039.36 4772.09
8052.39 4774.47
8065.19 4777.53
8077.28 4780.42
8090.04 4783.47
8102.16 4786.37
8111.28 4788.55
8117.94 4790.14
8120.65 4790.79
8125.21 4791.87
8131.23 4793.31
8138.81 4795.12
8148.51 4797.44
8159.50 4800.07
8172.25 4803.11
8184.38 4806.01
8197.25 4809.09
8209.24 4811.95
8221.77 4814.94
8234.28 4817.93
8246.71 4818.66
8259.65 4819.03
8271.84 4818.93
8284.81 4818.20
8296.98 4817.48
8309.00 4815.27
8321.76 4812.87
8334.18 4810.30
8347.14 4807.57
8360.28 4804.93
8372.36 4802.51
8384.29 4799.92
8396.63 4797.28
8409.58 4794.53
8422.69 4791.74
8435.75 4788.97
8449.11 4786.13
8461.36 4783.53
8474.13 4780.67
8487.05 4777.73
8499.76 4779.53
8505.13 4791.18
8506.75 4803.82
8508.49 4817.38
8510.14 4830.07
8511.80 4843.46
8512.73 4856.37
8513.04 4870.01
8512.61 4882.95
8521.93 4888.12
8534.87 4888.59
8547.94 4889.06
8561.29 4889.54
8574.64 4890.03
8588.00 4890.86
8600.46 4891.78
8613.86 4892.77
8626.68 4894.35
8639.35 4896.22
8651.52 4898.01
8663.60 4899.80
8676.50 4903.33
8688.88 4907.43
8700.75 4911.66
8712.49 4917.94
8724.04 4924.11
8734.81 4931.54
8744.79 4939.48
8754.49 4947.19
8763.72 4956.87
8772.04 4967.06
8780.36 4977.32
8788.55 4987.53
8795.41 4997.65
8801.31 5008.59
8806.30 5020.02
8810.59 5032.21
8814.71 5043.90
8819.00 5056.11
8821.56 5069.09
8823.59 5081.73
8824.42 5094.40
8825.05 5107.07
8823.88 5120.27
8822.73 5133.28
8831.69 5139.24
8844.43 5142.27
8855.43 5148.79
8865.63 5156.12
8875.27 5164.64
8884.46 5172.87
8893.81 5181.75
8903.61 5190.98
8912.86 5199.91
8921.22 5209.19
8929.49 5218.37
8935.80 5225.37
8939.22 5229.17
8944.50 5232.62
8951.20 5228.26
8959.60 5222.43
8968.90 5215.24
8978.71 5205.46
8989.48 5193.69
8999.42 5180.98
9009.15 5168.52
9018.78 5156.20
9028.72 5143.47
9038.95 5132.49
9052.06 5124.41
9067.86 5123.33
9082.99 5127.66
9097.71 5134.02
9112.16 5140.27
9126.89 5146.64
9140.71 5152.62
9154.98 5158.77
9169.03 5158.56
9173.38 5144.26
9182.39 5133.39
9194.94 5124.77
9206.77 5114.90
9216.74 5103.44
9225.65 5090.91
9230.29 5076.93
9231.55 5062.00
9232.83 5046.91
9238.88 5033.66
9253.39 5031.10
9266.31 5039.98
9272.99 5054.30
9279.78 5068.85
9286.16 5082.52
9295.88 5094.40
9307.42 5103.87
9322.10 5109.47
9336.61 5106.85
9349.59 5097.85
9361.49 5088.46
9374.04 5078.45
9386.50 5068.50
9398.81 5058.75
9405.14 5048.70
9398.16 5034.84
9390.26 5021.18
9383.13 5007.98
9375.83 4994.47
9368.13 4981.21
9360.48 4968.14
9351.68 4954.66
9345.42 4941.02
9346.76 4925.08
9351.93 4910.84
9361.31 4898.47
9372.00 4887.97
9383.70 4877.79
9397.15 4869.20
9411.60 4862.47
9425.87 4856.88
9440.44 4851.57
9454.49 4846.66
9469.48 4843.71
9484.43 4842.54
9499.33 4843.19
9514.31 4847.24
9529.59 4852.27
9544.15 4857.28
9558.45 4862.70
9573.40 4868.37
9587.70 4873.52
9602.15 4877.59
9616.71 4881.69
9631.86 4881.93
9647.80 4881.47
9662.88 4877.35
9675.90 4869.91
9686.58 4858.64
9697.71 4848.55
9710.02 4838.32
9721.65 4828.65
9733.73 4818.61
9745.37 4808.94
9756.82 4799.42
9768.27 4789.90
9780.63 4779.62
9792.52 4769.74
9804.82 4759.52
9816.56 4749.76
9828.94 4739.47
9840.77 4729.63
9852.83 4719.61
9865.14 4709.38
9877.99 4699.68
9890.48 4690.39
9903.74 4683.02
9918.54 4676.67
9932.80 4671.69
9948.29 4667.33
9963.03 4663.18
9978.37 4658.14
9992.19 4652.56
10006.09 4644.95
10019.61 4636.37
10032.42 4626.58
10042.24 4617.95
10048.87 4611.96
10052.94 4608.29
10053.67 4607.63
10053.81 4607.51
