10270.73 3926.83
10269.63 3927.77
10267.02 3929.99
10263.42 3933.06
10258.69 3937.09
10253.49 3941.52
10249.38 3948.59
10255.95 3957.63
10263.15 3967.45
10267.70 3973.65
10272.12 3981.92
10267.19 3989.79
10264.55 3994.11
10262.17 4000.32
10254.42 4003.72
10244.78 4008.78
10234.27 4016.34
10222.05 4025.14
10209.73 4034.01
10197.79 4042.60
10189.51 4048.56
10184.85 4051.93
10182.69 4060.70
10189.25 4067.89
10197.36 4076.79
10199.08 4090.10
10201.19 4105.60
10203.07 4122.25
10203.19 4139.44
10203.08 4157.34
10202.96 4174.83
10207.51 4191.88
10215.52 4208.22
10223.11 4219.62
10228.17 4227.22
10230.11 4231.77
10228.30 4238.56
10221.98 4244.48
10213.60 4251.53
10205.51 4262.15
10213.22 4274.57
10222.04 4287.96
10230.23 4303.58
10238.37 4319.11
10246.79 4335.16
10261.00 4346.25
10273.09 4358.27
10281.41 4373.69
10283.95 4391.25
10273.45 4405.41
10260.86 4417.80
10248.73 4429.72
10236.10 4442.17
10223.42 4454.71
10212.87 4469.78
10200.16 4482.32
10187.67 4494.66
10174.72 4507.44
10162.26 4519.74
10149.38 4532.46
10137.01 4544.68
10124.56 4556.62
10111.06 4568.90
10098.05 4580.74
10085.26 4592.39
10071.67 4604.72
10058.18 4616.90
10044.65 4629.12
10030.43 4640.57
10015.88 4650.72
10000.74 4659.50
9984.20 4666.47
9966.86 4672.38
9950.08 4677.10
9932.45 4682.14
9915.42 4688.34
9899.76 4696.56
9885.45 4706.45
9871.42 4717.02
9857.45 4728.63
9843.52 4740.21
9829.42 4751.94
9815.53 4763.48
9801.91 4774.80
9787.79 4786.54
9774.31 4797.75
9760.66 4809.10
9747.44 4820.08
9733.80 4831.42
9720.54 4842.44
9707.02 4853.68
9693.41 4865.82
9680.65 4878.60
9664.86 4887.32
9647.59 4891.41
9629.95 4891.86
9611.99 4890.64
9594.44 4885.71
9576.93 4880.30
9560.37 4874.02
9543.47 4867.61
9526.46 4861.66
9509.10 4855.95
9491.48 4852.76
9473.78 4853.16
9456.80 4856.33
9440.07 4862.18
9422.98 4868.64
9406.34 4875.27
9391.29 4884.34
9377.79 4896.17
9365.78 4908.52
9357.25 4923.72
9355.33 4941.09
9364.23 4955.78
9373.46 4970.72
9382.65 4986.41
9391.03 5001.77
9399.55 5017.50
9408.74 5033.35
9415.99 5049.33
9409.45 5062.98
9395.87 5073.69
9381.97 5084.78
9368.11 5095.84
9354.58 5106.43
9339.95 5116.58
9322.25 5119.65
9305.95 5114.32
9292.10 5104.41
9279.48 5091.61
9271.91 5075.39
9264.31 5059.11
9255.86 5043.70
9242.72 5047.40
9241.24 5064.87
9239.74 5082.60
9232.49 5098.67
9221.48 5113.06
9209.95 5126.32
9195.22 5136.59
9182.81 5147.60
9177.85 5164.86
9160.37 5166.99
9143.89 5161.18
9127.87 5154.25
9111.45 5147.15
9095.20 5140.12
9079.12 5133.16
9061.89 5129.58
9045.92 5135.44
9033.88 5147.59
9023.23 5161.23
9012.07 5175.51
9000.88 5189.83
8990.05 5203.48
8977.28 5216.20
8963.38 5227.84
8948.59 5238.12
8934.63 5248.18
8920.26 5258.64
8906.34 5268.77
8892.38 5278.93
8877.96 5289.42
8863.69 5299.81
8848.53 5309.84
8833.60 5318.70
8817.01 5325.68
8800.11 5330.33
8782.50 5332.86
8764.54 5334.34
8746.29 5337.27
8728.99 5340.66
8711.44 5344.74
8695.16 5350.73
8679.27 5357.79
8664.22 5367.55
8650.67 5379.04
8639.40 5393.36
8629.63 5407.51
8622.15 5423.57
8614.74 5439.49
8608.17 5455.83
8601.79 5472.99
8595.39 5490.20
8589.14 5507.01
8581.29 5523.19
8564.02 5524.71
8545.84 5524.24
8528.59 5522.96
8511.48 5521.18
8494.36 5517.83
8477.34 5513.51
8460.58 5509.25
8443.75 5504.98
8426.75 5500.66
8409.66 5496.32
8392.62 5492.00
8375.26 5487.35
8357.95 5482.50
8340.42 5477.86
8323.77 5473.61
8305.95 5469.45
8288.17 5464.98
8270.77 5460.65
8254.03 5456.61
8236.64 5452.37
8218.55 5451.02
8201.70 5446.54
8183.93 5442.09
8166.36 5437.89
8149.23 5434.39
8131.39 5430.74
8113.83 5427.33
8095.92 5424.34
8077.97 5421.34
8060.99 5418.51
8043.95 5415.66
8025.93 5412.66
8013.87 5415.39
8011.65 5429.34
8009.26 5444.31
8006.62 5458.39
8003.53 5472.22
8000.27 5486.82
7997.35 5500.76
7995.01 5512.63
7993.54 5520.09
7991.07 5528.68
7982.23 5532.23
7970.14 5531.55
7955.87 5531.08
7941.53 5530.72
7926.60 5530.36
7916.12 5530.10
7909.84 5529.94
7907.47 5529.88
7906.94 5533.17
7906.77 5533.17
7906.66 5533.16
7906.65 5533.16
7906.65 5533.16
7906.65 5533.16
7906.65 5533.16
7906.65 5533.16
7906.65 5533.16
7906.65 5533.16
7906.65 5533.16
7906.65 5533.16
7906.65 5533.16
7906.65 5533.16
7906.65 5533.16
7906.65 5533.16
7906.65 5533.16
7906.65 5533.16
7906.65 5533.16
7906.65 5533.16
7906.65 5533.16
7906.65 5533.16
7906.65 5533.16
7906.65 5533.16
7906.65 5533.16
7906.65 5533.16
7906.65 5533.16
7906.65 5533.16
7906.65 5533.16
7906.65 5533.16
7906.65 5533.16
7906.65 5533.16
7906.65 5533.16
7906.65 5533.16
7906.65 5533.16
7906.65 5533.16
7906.65 5533.16
7906.65 5533.16
7906.65 5533.16
7906.65 5533.16
7906.65 5533.16
7906.65 5533.16
7906.65 5533.16
7906.65 5533.16
7906.65 5533.16
7906.65 5533.16
7904.30 5533.11
7899.57 5532.99
7893.53 5532.84
7885.62 5532.65
7876.47 5532.43
7865.92 5532.17
7853.96 5531.87
7840.26 5531.54
7825.37 5531.41
7810.83 5531.39
7796.91 5533.81
7787.48 5536.39
7781.36 5538.07
7775.81 5540.78
7773.73 5550.42
7766.91 5561.78
7755.28 5571.14
7740.30 5575.96
7728.02 5579.31
7723.49 5595.27
7718.68 5612.41
7713.86 5629.60
7709.61 5646.80
7706.45 5664.26
7702.91 5681.57
7699.81 5699.16
7696.80 5716.62
7694.61 5733.91
7694.33 5751.53
7694.05 5768.82
7693.78 5786.03
7693.50 5803.34
7693.43 5821.55
7692.55 5839.16
7690.96 5857.20
7689.19 5874.65
7686.91 5892.09
7684.57 5910.03
7695.64 5917.34
7709.96 5922.19
7724.33 5927.05
7738.17 5931.73
7751.97 5936.40
7763.78 5940.39
7772.26 5943.25
7776.47 5944.68
7780.96 5947.98
7779.48 5954.94
7775.42 5962.55
7770.71 5971.37
7765.39 5981.35
7759.06 5993.19
7752.38 6005.72
7745.81 6018.53
7750.88 6030.64
7760.02 6038.70
7765.92 6043.91
7772.48 6050.87
7770.36 6061.14
7761.05 6071.26
7749.82 6081.46
7739.35 6091.77
7728.45 6100.56
7716.65 6108.39
7703.82 6115.17
7690.07 6120.71
7675.90 6125.64
7661.58 6130.03
7648.17 6136.02
7633.65 6136.85
7618.58 6134.71
7604.47 6131.35
7590.45 6127.41
7578.16 6119.83
7565.57 6111.50
7553.68 6103.64
7541.65 6095.69
7529.16 6087.44
7517.36 6079.67
7505.09 6071.35
7493.19 6063.29
7481.07 6055.40
7466.00 6052.18
7450.91 6052.88
7436.59 6053.55
7421.94 6058.54
7420.07 6069.10
7421.73 6080.96
7423.65 6094.75
7425.08 6105.00
7425.98 6111.47
7421.56 6117.58
7411.61 6120.53
7400.06 6123.11
7386.22 6126.21
7371.33 6129.55
7357.12 6132.73
7342.39 6136.02
7327.56 6139.60
7313.14 6142.58
7298.21 6143.96
7283.63 6142.75
7269.91 6139.48
7257.11 6133.19
7242.69 6126.99
7231.02 6118.30
7219.02 6109.35
7206.89 6100.31
7195.90 6090.97
7182.81 6084.23
7169.98 6078.03
7156.39 6071.45
7143.28 6064.40
7129.90 6057.21
7117.28 6050.43
7104.79 6043.73
7091.57 6036.62
7078.79 6029.75
7065.78 6022.63
7052.53 6015.37
7039.98 6008.49
7026.98 6001.37
7014.03 5994.27
7001.42 5987.36
6988.68 5980.13
6976.09 5972.82
6962.44 5966.74
6949.51 5959.27
6937.09 5952.05
6924.89 5944.96
6912.23 5937.60
6903.02 5932.25
6897.54 5929.07
6895.50 5927.88
6895.06 5927.63
6894.93 5927.55
6894.86 5927.51
6894.82 5927.48
6894.82 5927.48
6894.82 5927.48
6894.82 5927.48
6894.82 5927.48
6894.82 5927.48
6894.82 5927.48
6894.82 5927.48
6894.82 5927.48
6894.82 5927.48
6894.82 5927.48
6894.82 5927.48
6894.82 5927.48
6894.82 5927.48
6894.82 5927.48
6894.82 5927.48
6894.82 5927.48
6894.82 5927.48
6894.82 5927.48
6894.82 5927.48
6894.82 5927.48
6894.82 5927.48
6894.82 5927.48
6894.82 5927.48
6894.82 5927.48
6894.82 5927.48
6894.82 5927.48
6894.82 5927.48
6894.82 5927.48
6894.82 5927.48
6894.82 5927.48
6894.82 5927.48
6894.82 5927.48
6894.82 5927.48
6894.82 5927.48
6894.82 5927.48
6894.82 5927.48
6894.82 5927.48
6894.82 5927.48
6894.82 5927.48
6894.82 5927.48
6894.82 5927.48
6894.82 5927.48
6894.82 5927.48
6894.82 5927.48
6894.82 5927.48
6894.82 5927.48
6894.82 5927.48
6894.82 5927.48
6894.82 5927.48
6894.82 5927.48
6894.82 5927.48
6894.82 5927.48
6894.82 5927.48
6894.82 5927.48
6894.82 5927.48
6894.82 5927.48
6894.82 5927.48
6894.82 5927.48
6893.28 5926.66
6890.03 5925.08
6885.13 5922.71
6877.44 5923.25
6868.82 5923.19
6859.28 5926.31
6850.61 5934.42
6847.22 5948.16
6846.78 5963.19
6846.32 5977.64
6845.03 5992.47
6843.49 6006.80
6837.64 6020.23
6829.18 6032.19
6818.83 6042.28
6805.72 6049.48
6790.69 6049.62
6777.20 6045.99
6766.16 6036.24
6759.64 6023.10
6753.03 6009.97
6743.23 5998.87
6728.76 5996.64
6713.84 5997.01
6699.46 5998.45
6685.09 6002.33
6671.13 6008.36
6659.07 6016.58
6648.22 6025.57
6636.99 6035.29
6625.60 6045.15
6614.33 6055.38
6603.46 6065.36
6592.94 6075.01
6584.11 6087.09
6578.68 6099.92
6576.85 6114.71
6579.04 6128.77
6584.52 6142.89
6589.76 6156.28
6593.53 6169.55
6587.48 6179.11
6581.70 6183.46
6577.93 6190.52
6581.15 6201.29
6584.81 6213.57
6589.14 6228.07
6593.49 6242.67
6597.79 6257.09
6601.84 6270.65
6606.18 6285.19
6610.54 6299.80
6614.44 6312.89
6617.06 6321.67
6617.31 6326.23
6612.51 6330.38
6604.11 6333.34
6593.94 6336.78
6581.64 6339.77
6567.36 6343.23
6553.29 6346.65
6538.61 6350.21
6524.14 6353.72
6509.81 6357.20
6495.39 6360.70
6480.45 6362.93
6466.24 6362.57
6452.48 6359.36
6437.67 6355.71
6424.23 6349.99
6411.17 6342.11
6398.25 6334.31
6386.15 6327.00
6372.31 6327.43
6357.61 6331.39
6343.77 6335.12
6329.96 6338.84
6315.27 6342.65
6300.71 6345.82
6286.82 6348.84
6272.28 6352.00
6257.38 6355.23
6242.70 6358.42
6228.56 6361.50
6214.06 6364.72
6200.18 6367.98
6186.10 6371.31
6173.39 6374.32
6164.95 6376.31
6160.88 6377.27
6154.94 6379.03
6147.85 6381.37
6139.30 6384.51
6129.46 6388.12
6118.08 6392.29
6105.35 6396.96
6091.53 6402.03
6080.33 6406.13
6072.60 6408.97
6068.90 6410.33
6065.28 6413.73
6067.73 6420.60
6070.88 6428.84
6074.77 6439.03
6079.32 6450.93
6084.37 6464.13
6089.72 6478.09
6095.08 6491.85
6100.60 6506.02
6106.10 6520.11
6111.59 6534.20
6116.31 6546.32
6119.59 6554.73
6121.24 6558.95
6121.39 6559.33
6121.41 6559.39
6121.42 6559.41
6121.42 6559.41
6121.42 6559.41
6121.42 6559.41
6121.42 6559.41
6121.42 6559.41
6121.42 6559.41
6121.42 6559.41
6121.42 6559.41
6121.42 6559.41
6121.42 6559.41
6121.42 6559.41
6121.42 6559.41
6121.42 6559.41
6121.42 6559.41
6121.42 6559.41
6121.42 6559.41
6121.42 6559.41
6121.42 6559.41
6121.42 6559.41
6121.42 6559.41
6121.99 6560.70
6124.26 6562.31
6128.37 6561.17
6133.84 6559.11
6141.16 6556.36
6150.36 6552.90
6161.23 6548.81
6173.88 6544.06
6187.69 6538.87
6201.07 6533.84
6201.79 6521.51
6196.98 6507.12
6192.37 6493.35
6187.77 6479.60
6183.25 6466.08
6178.44 6451.68
6173.91 6438.13
6169.13 6423.85
6164.40 6409.70
6159.75 6395.80
6156.53 6386.17
6154.76 6379.75
6159.91 6374.12
6170.27 6371.67
6181.85 6368.93
6195.72 6365.65
6209.58 6362.38
6223.47 6359.22
6237.44 6356.18
6251.29 6353.18
6266.03 6349.97
6280.11 6346.92
6294.31 6343.83
6305.47 6341.41
6312.87 6339.80
6318.54 6345.88
6320.51 6357.89
6322.83 6372.02
6325.22 6386.57
6327.51 6400.52
6329.93 6415.21
6332.24 6429.29
6334.59 6443.59
6336.77 6456.86
6338.36 6466.57
6339.48 6473.38
6339.90 6475.94
6339.95 6476.20
6339.97 6476.34
6339.97 6476.36
6339.97 6476.36
6339.97 6476.36
6339.97 6476.36
6339.97 6476.36
6339.97 6476.36
6339.97 6476.36
6339.97 6476.36
6339.97 6476.36
6339.97 6476.36
6339.97 6476.36
6339.97 6476.36
6339.97 6476.36
6339.97 6476.36
6339.97 6476.36
6339.97 6476.36
6339.97 6476.36
6339.97 6476.36
6339.97 6476.36
6339.97 6476.36
6339.97 6476.36
6339.97 6476.36
6340.29 6478.30
6340.75 6481.11
6341.50 6485.58
6342.56 6491.38
6343.91 6498.74
6345.54 6507.65
6347.67 6518.26
6350.06 6530.10
6351.58 6537.63
6352.92 6544.31
6353.84 6548.89
6355.28 6555.81
6357.08 6564.19
6359.28 6574.35
6361.78 6585.84
6364.55 6598.63
6367.67 6613.00
6370.82 6627.54
6373.83 6641.39
6376.86 6655.36
6379.87 6669.24
6382.86 6683.02
6385.88 6696.93
6388.97 6711.19
6392.00 6725.14
6393.16 6739.69
6394.05 6753.95
6394.70 6764.15
6395.30 6773.79
6395.63 6778.93
6398.46 6785.38
6405.76 6791.35
6416.40 6794.67
6425.18 6797.41
6430.84 6799.17
6432.20 6799.60
6435.34 6800.58
6440.49 6802.18
6441.34 6802.45
6441.58 6802.52
6441.61 6802.53
6441.61 6802.53
6441.61 6802.53
6441.61 6802.53
6441.61 6802.53
6441.61 6802.53
6441.61 6802.53
6441.61 6802.53
6441.61 6802.53
6441.61 6802.53
6441.61 6802.53
6441.61 6802.53
6441.61 6802.53
6441.61 6802.53
6441.61 6802.53
6441.61 6802.53
6441.61 6802.53
6441.61 6802.53
6441.61 6802.53
6441.61 6802.53
6441.61 6802.53
6441.61 6802.53
6441.61 6802.53
6441.61 6802.53
6441.61 6802.53
6441.61 6802.53
6440.63 6805.68
6442.17 6806.40
6445.23 6807.83
6448.99 6811.24
6450.80 6817.23
6448.82 6824.99
6445.50 6833.88
6441.37 6844.94
6436.87 6857.00
6433.94 6864.85
6431.12 6872.44
6429.38 6877.09
6429.22 6877.53
6429.18 6877.63
6429.17 6877.65
6429.17 6877.65
6429.17 6877.65
6429.17 6877.65
6432.26 6878.80
6432.26 6878.80
6432.26 6878.80
6432.26 6878.80
6432.26 6878.80
6432.26 6878.80
6432.26 6878.80
6432.26 6878.80
6432.26 6878.80
6432.26 6878.80
6432.26 6878.80
6432.26 6878.80
6432.26 6878.80
6432.26 6878.80
6432.26 6878.80
6432.26 6878.80
6432.26 6878.80
6432.26 6878.80
6432.26 6878.80
6432.26 6878.80
6432.26 6878.80
6432.26 6878.80
6432.26 6878.80
6432.26 6878.80
6432.26 6878.80
6432.26 6878.80
6432.26 6878.80
6432.26 6878.80
6432.26 6878.80
6432.26 6878.80
6431.65 6880.43
6430.25 6884.06
6428.16 6889.52
6425.34 6896.85
6421.90 6905.68
6417.66 6916.54
6409.50 6928.37
6404.11 6942.20
6398.43 6955.85
6392.55 6969.22
6387.71 6983.95
6383.02 6998.92
6382.86 7014.20
6384.91 7029.83
6390.72 7044.17
6397.06 7057.44
6404.88 7069.78
6412.48 7081.98
6420.17 7094.33
6428.13 7106.89
6436.07 7118.61
6444.48 7130.87
6452.53 7142.62
6460.96 7154.92
6469.26 7167.03
6477.26 7178.70
6485.87 7191.26
6493.39 7202.24
6498.83 7210.23
6501.22 7215.21
6501.48 7222.09
6494.89 7227.67
6485.00 7231.26
6473.28 7234.31
6460.14 7237.73
6446.42 7241.30
6431.83 7245.09
6419.12 7251.81
6404.66 7255.57
6390.78 7259.18
6377.11 7262.73
6362.67 7266.49
6348.22 7270.24
6333.51 7274.10
6318.83 7278.00
6304.19 7281.95
6289.79 7285.85
6276.05 7292.99
6262.12 7297.07
6248.49 7301.13
6234.89 7305.17
6220.19 7308.94
6205.96 7312.70
6191.35 7316.78
6176.61 7320.67
6162.91 7324.18
6148.78 7327.81
6134.63 7331.78
6119.95 7335.90
6105.79 7339.86
6091.60 7343.78
6077.16 7347.72
6062.91 7351.34
6048.79 7355.07
6034.09 7358.94
6019.59 7362.46
6004.78 7365.99
5991.14 7369.68
5981.87 7372.31
5976.20 7373.93
5974.76 7374.34
5974.62 7374.38
5974.60 7374.38
5974.60 7374.38
5974.59 7374.39
5974.59 7374.39
5974.59 7374.39
5974.59 7374.39
5974.59 7374.39
5974.59 7374.39
5972.83 7374.88
5969.74 7375.75
5964.39 7377.25
5957.85 7379.05
5950.07 7381.19
5939.97 7383.97
5928.22 7387.20
5915.20 7390.79
5901.46 7394.50
5886.68 7398.46
5872.25 7402.32
5857.77 7406.25
5844.06 7410.02
5830.20 7413.83
5815.54 7417.86
5800.96 7421.86
5786.44 7425.86
5772.72 7429.63
5759.16 7433.41
5744.34 7434.19
5733.08 7433.98
5726.15 7435.96
5723.55 7436.70
5723.51 7436.71
5723.50 7436.71
5723.50 7436.72
5723.50 7436.72
5723.50 7436.72
5723.50 7436.72
5723.50 7436.72
5723.50 7436.72
5723.50 7436.72
5723.50 7436.72
5723.50 7436.72
5723.50 7436.72
5723.50 7436.72
5723.50 7436.72
5723.50 7436.72
5723.50 7436.72
5723.50 7436.72
5723.50 7436.72
5723.50 7436.72
5723.50 7436.72
5723.50 7436.72
5723.50 7436.72
5723.50 7436.72
5723.50 7436.72
5723.50 7436.72
5723.50 7436.72
5723.50 7436.72
5723.50 7436.72
5723.50 7436.72
5723.50 7436.72
5723.50 7436.72
5723.50 7436.72
5723.50 7436.72
5723.50 7436.72
5723.50 7436.72
5723.50 7436.72
5723.50 7436.72
5721.83 7436.99
5719.01 7436.43
5716.77 7431.96
5716.46 7424.44
5717.07 7414.51
5717.76 7403.20
5718.57 7389.97
5719.45 7375.60
5716.31 7360.68
5712.18 7347.02
5704.03 7336.36
5689.88 7337.50
5675.08 7340.93
5660.86 7344.24
5646.66 7346.37
5635.31 7338.14
5634.02 7323.09
5634.73 7308.03
5635.18 7293.36
5632.20 7278.98
5625.29 7265.90
5616.46 7254.56
5605.37 7245.38
5597.88 7232.74
5592.72 7219.56
5588.71 7207.83
5586.16 7200.34
5584.85 7196.50
5584.61 7195.79
5584.49 7195.45
5584.48 7195.41
5584.47 7195.39
5584.46 7195.38
5584.46 7195.38
5584.46 7195.38
5583.96 7194.02
5582.19 7190.76
5577.91 7188.42
5570.78 7187.36
5561.35 7185.95
5549.63 7184.22
5536.38 7182.97
5522.03 7181.61
5507.82 7180.26
5493.76 7178.93
5478.61 7177.50
5464.29 7176.12
5449.16 7174.53
5434.28 7172.97
5420.13 7171.48
5405.65 7169.99
5390.85 7168.84
5375.91 7167.80
5361.73 7166.82
5347.49 7165.83
5332.54 7164.79
5317.87 7163.78
5302.94 7162.75
5288.71 7162.07
5274.11 7161.37
5259.33 7160.66
5244.22 7159.93
5229.88 7159.77
5214.68 7159.70
5199.73 7160.01
5184.58 7160.44
5170.23 7161.37
5155.48 7162.62
5140.48 7163.63
5125.29 7164.65
5110.81 7165.62
5095.75 7166.63
5080.79 7167.64
5065.98 7168.68
5051.47 7169.80
5037.18 7170.91
5022.94 7172.02
5008.82 7173.11
4993.90 7174.27
4979.35 7175.40
4964.26 7176.57
4949.49 7177.72
4934.97 7178.84
4920.23 7179.99
4909.98 7180.78
4902.75 7181.34
4896.91 7186.25
4897.84 7197.10
4898.94 7210.10
4900.15 7224.33
4901.42 7239.26
4902.71 7254.38
4904.00 7269.54
4905.20 7284.65
4906.30 7299.07
4904.12 7313.93
4905.22 7328.35
4906.38 7343.56
4908.09 7358.13
4909.86 7372.32
4912.85 7387.21
4916.71 7401.66
4921.10 7416.16
4925.52 7430.74
4929.94 7445.31
4934.27 7459.59
4938.56 7473.71
4942.96 7488.24
4947.18 7502.16
4951.44 7516.76
4954.77 7531.28
4957.59 7546.07
4959.97 7560.68
4961.86 7575.37
4963.51 7589.77
4964.47 7602.89
4964.85 7612.73
4965.07 7618.59
4965.12 7619.96
4965.12 7619.97
4965.12 7619.98
4965.12 7619.98
4965.12 7619.98
4965.12 7619.98
4965.12 7619.98
4965.15 7622.19
4965.10 7626.29
4964.69 7632.61
4963.58 7640.65
4961.48 7650.67
4958.67 7661.99
4955.40 7675.17
4951.28 7688.76
4946.96 7702.88
4946.05 7717.53
4941.83 7731.97
4937.48 7746.15
4933.30 7759.79
4928.93 7773.98
4924.69 7787.73
4920.65 7800.72
4917.95 7809.40
4916.75 7813.85
4917.48 7817.74
4923.89 7822.11
4930.60 7831.25
4932.88 7844.92
4927.29 7858.65
4914.75 7867.95
4897.86 7868.00
4890.00 7877.04
4884.89 7890.34
4879.50 7904.35
4874.56 7917.69
4870.14 7931.32
4865.71 7945.00
4861.30 7958.58
4856.87 7972.25
4852.53 7986.47
4848.33 8000.26
4843.87 8014.52
4840.27 8028.50
4843.65 8042.51
4847.10 8056.79
4850.34 8070.19
4852.80 8080.37
4854.20 8086.20
4854.26 8093.82
4845.86 8099.16
4835.60 8104.04
4823.77 8109.57
4809.98 8113.92
4795.87 8118.37
4782.02 8122.74
4767.21 8125.51
4752.98 8127.65
4738.24 8130.14
4727.42 8132.04
4720.62 8133.23
4716.84 8133.90
4713.45 8136.86
4712.78 8143.87
4708.80 8151.42
4700.39 8158.19
4687.57 8158.67
4675.41 8150.77
4671.16 8135.67
4677.95 8122.24
4684.29 8111.15
4680.93 8096.64
4677.35 8082.03
4673.45 8067.50
4669.55 8053.22
4665.18 8038.65
4661.09 8025.06
4659.38 8010.16
4663.82 7996.23
4650.22 7993.19
4635.65 7994.82
4621.77 7998.21
4607.69 8002.10
4593.09 8005.95
4578.29 8009.36
4563.57 8012.71
4548.99 8016.04
4534.95 8019.24
4520.19 8022.60
4506.02 8025.52
4491.58 8028.43
4476.93 8031.38
4461.97 8030.24
4451.70 8021.06
4446.44 8007.07
4443.28 7992.22
4440.16 7977.52
4437.20 7963.63
4426.19 7960.42
4412.19 7963.62
4397.28 7967.03
4383.01 7970.61
4368.61 7974.31
4354.62 7977.90
4340.34 7982.27
4326.72 7986.75
4313.31 7991.16
4298.87 7995.91
4284.50 8000.63
4270.94 8005.09
4257.51 8009.51
4243.84 8014.00
4230.74 8019.37
4217.36 8025.42
4204.04 8031.45
4190.77 8037.45
4177.61 8043.41
4164.23 8049.77
4157.54 8062.63
4160.86 8076.17
4168.48 8089.33
4175.57 8101.56
4183.06 8114.46
4190.21 8126.77
4198.41 8139.55
4205.49 8148.86
4209.84 8154.59
4216.87 8156.40
4224.48 8148.78
4236.10 8143.83
4247.78 8137.54
4261.27 8130.26
4276.71 8121.93
4292.78 8115.07
4309.87 8110.15
4327.22 8105.16
4343.85 8100.58
4361.05 8095.98
4378.42 8092.41
4396.08 8090.83
4413.79 8090.41
4431.73 8092.08
4449.68 8095.18
4467.02 8098.16
4484.01 8101.09
4501.57 8104.84
4518.59 8110.26
4533.70 8114.53
4546.29 8126.52
4555.69 8141.14
4564.00 8157.42
4571.84 8173.62
4577.60 8190.10
4582.54 8206.63
4584.38 8224.11
4585.42 8241.46
4582.98 8259.21
4579.63 8276.87
4575.83 8294.53
4571.98 8312.35
4567.23 8329.10
4562.44 8345.68
4556.66 8362.33
4549.72 8378.69
4542.82 8394.94
4534.95 8410.55
4526.41 8426.58
4518.06 8441.98
4509.41 8457.53
4502.26 8473.60
4498.85 8490.92
4502.57 8507.70
4511.49 8522.88
4521.00 8533.46
4528.72 8539.38
4533.69 8543.20
4535.08 8544.27
4535.36 8544.48
