8139.63 2694.53
8139.49 2692.61
8139.16 2688.25
8138.67 2681.67
8138.07 2673.50
8137.30 2663.25
8136.18 2651.77
8133.07 2645.40
8126.48 2641.67
8117.41 2648.33
8106.89 2656.05
8096.92 2663.36
8089.96 2667.01
8082.18 2663.94
8076.87 2653.61
8071.40 2642.85
8067.34 2634.65
8065.18 2630.40
8064.50 2629.05
8064.04 2628.14
8064.00 2628.06
8063.99 2628.05
8063.22 2626.21
8062.00 2622.51
8062.63 2617.36
8068.67 2612.52
8075.12 2603.80
8085.20 2596.54
8097.23 2587.88
8109.82 2578.82
8121.72 2570.25
8133.85 2561.51
8145.80 2552.91
8158.83 2543.66
8171.37 2535.64
8184.43 2527.30
8196.88 2519.34
8210.03 2510.95
8219.01 2500.32
8222.75 2488.46
8233.00 2482.03
8243.98 2475.15
8255.27 2468.07
8266.38 2461.11
8277.51 2454.25
8288.87 2447.80
8299.96 2443.13
8312.78 2443.34
8324.76 2445.64
8337.57 2448.10
8349.34 2450.36
8361.85 2452.18
8374.44 2453.63
8387.15 2455.10
8399.02 2456.47
8407.60 2456.79
8413.68 2456.75
8418.67 2456.72
8422.33 2456.70
8428.43 2456.66
8431.79 2456.64
8435.76 2456.62
8440.25 2456.59
8445.38 2453.50
8446.52 2447.33
8449.64 2440.30
8459.17 2439.51
8470.89 2440.20
8483.86 2440.72
8496.81 2439.32
8506.64 2435.72
8515.65 2430.90
8521.79 2427.66
8530.45 2424.11
8543.03 2426.98
8556.91 2430.39
8571.08 2433.88
8585.94 2438.14
8600.76 2443.18
8615.23 2448.11
8629.06 2454.49
8642.08 2462.04
8651.03 2474.67
8663.81 2479.36
8679.27 2480.21
8694.08 2484.76
8708.03 2490.79
8722.26 2496.98
8736.48 2504.31
8749.61 2511.26
8762.15 2519.06
8774.49 2528.21
8786.33 2538.43
8797.75 2549.23
8809.15 2559.36
8822.43 2568.20
8835.53 2576.86
8846.40 2587.49
8857.32 2599.17
8866.50 2608.97
8872.99 2615.91
8876.42 2619.57
8877.01 2620.20
8877.17 2620.37
8877.20 2620.41
8877.21 2620.41
8877.21 2620.42
8877.21 2620.42
8877.21 2620.42
8877.21 2620.42
8877.21 2620.42
8877.73 2620.97
8879.08 2622.41
8881.24 2624.72
8883.47 2627.11
8886.93 2630.81
8891.91 2636.13
8897.86 2642.48
8906.12 2649.73
8918.18 2645.73
8931.57 2643.11
8944.54 2643.75
8956.91 2647.43
8969.15 2651.08
8981.13 2654.73
8993.40 2659.28
9005.78 2663.88
9017.62 2668.26
9029.17 2672.55
9040.67 2676.71
9052.20 2680.87
9064.13 2684.57
9076.61 2688.21
9089.03 2691.84
9100.72 2694.73
9109.68 2694.48
9114.23 2694.36
9115.37 2694.33
9115.51 2694.33
9115.52 2694.33
9115.52 2694.33
9115.52 2694.33
9117.32 2694.28
9121.69 2693.65
9127.24 2692.13
9134.42 2688.90
9143.82 2684.47
9152.80 2675.59
9159.31 2665.92
9165.32 2655.38
9169.60 2643.85
9173.18 2632.81
9176.45 2621.40
9179.72 2609.46
9183.09 2596.58
9186.28 2584.39
9189.50 2572.07
9192.66 2560.02
9195.85 2547.58
9198.91 2535.36
9202.05 2522.80
9205.26 2509.99
9208.36 2497.61
9211.40 2485.46
9214.75 2473.07
9218.37 2460.23
9221.80 2448.11
9225.10 2436.31
9228.26 2424.74
9231.43 2413.16
9234.71 2401.14
9238.16 2388.50
9241.34 2376.84
9244.79 2365.25
9248.54 2352.77
9252.31 2340.22
9255.79 2328.66
9259.52 2316.88
9263.53 2304.91
9267.66 2292.57
9271.79 2280.23
9275.55 2268.84
9279.03 2256.86
9281.84 2245.08
9283.81 2233.32
9285.08 2220.84
9286.09 2209.09
9286.94 2196.93
9287.44 2188.52
9287.64 2184.53
9287.54 2183.38
9290.83 2183.15
9294.08 2182.47
9293.81 2179.50
9293.61 2177.25
9293.58 2177.00
9293.58 2176.91
9293.57 2176.87
9293.57 2176.87
9293.57 2176.87
9293.57 2176.87
9293.57 2176.87
9293.57 2176.87
9293.57 2176.87
9293.57 2176.87
9293.57 2176.87
9293.57 2176.87
9293.57 2176.87
9293.57 2176.87
9293.57 2176.87
9293.57 2176.87
9293.57 2176.87
9293.57 2176.87
9293.57 2176.87
9293.57 2176.87
9293.57 2176.87
9293.57 2176.87
9293.57 2176.87
9293.57 2176.87
9293.57 2176.87
9293.57 2176.87
9293.40 2174.97
9292.97 2170.33
9292.37 2163.67
9291.62 2155.48
9290.74 2145.88
9289.62 2133.54
9288.49 2121.08
9284.07 2108.93
9283.08 2096.20
9282.43 2083.76
9281.82 2070.95
9281.20 2058.03
9280.61 2045.85
9276.71 2033.33
9276.60 2020.29
9276.61 2007.27
9276.62 1994.97
9276.63 1982.38
9277.87 1970.39
9279.21 1957.74
9280.56 1944.90
9281.88 1932.46
9283.19 1920.05
9284.65 1906.91
9287.46 1893.65
9290.48 1880.79
9293.36 1868.49
9296.17 1856.47
9299.22 1843.46
9302.16 1830.89
9305.85 1818.69
9309.72 1806.85
9313.71 1794.63
9317.74 1782.30
9321.76 1770.46
9326.72 1757.81
9332.00 1745.96
9337.03 1734.80
9342.32 1723.50
9347.84 1711.71
9353.45 1700.65
9359.40 1689.02
9365.49 1677.24
9371.36 1665.89
9377.26 1654.49
9383.08 1643.24
9389.15 1631.49
9394.86 1620.45
9399.88 1610.74
9402.92 1604.86
9404.31 1602.16
9404.58 1601.65
9404.59 1601.63
9404.60 1601.61
9404.60 1601.61
9404.60 1601.61
9404.60 1601.61
9404.60 1601.61
9404.60 1601.61
9404.60 1601.61
9404.60 1601.61
9404.60 1601.61
9404.60 1601.61
9404.60 1601.61
9404.60 1601.61
9404.60 1601.61
9404.60 1601.61
9404.60 1601.61
9404.60 1601.61
9404.60 1601.61
9404.60 1601.61
9404.60 1601.61
9404.60 1601.61
9404.60 1601.61
9404.60 1601.61
9404.60 1601.61
9404.60 1601.61
9404.60 1601.61
9404.60 1601.61
9404.60 1601.61
9405.31 1600.26
9406.85 1597.34
9409.65 1592.06
9416.61 1585.96
9421.61 1576.53
9427.39 1565.80
9433.67 1554.15
9439.46 1543.42
9445.17 1532.81
9451.45 1521.18
9457.23 1510.49
9463.02 1499.76
9469.31 1488.12
9475.25 1477.12
9481.58 1465.41
9487.41 1454.61
9493.34 1443.64
9499.31 1432.58
9505.48 1421.15
9511.27 1410.45
9517.00 1399.83
9522.69 1389.29
9528.68 1378.20
9534.96 1366.58
9541.02 1355.36
9546.95 1344.39
9552.83 1333.50
9559.04 1322.00
9568.10 1312.20
9574.31 1300.69
9580.01 1290.15
9585.73 1279.56
9591.83 1268.25
9597.80 1257.11
9603.70 1245.49
9609.65 1234.36
9615.42 1223.63
9621.64 1212.06
9627.36 1201.34
9633.47 1189.86
9639.35 1178.82
9645.00 1168.15
9650.95 1156.77
9657.03 1145.15
9662.89 1133.93
9668.75 1122.72
9674.87 1111.00
9680.66 1099.92
9686.26 1089.20
9690.31 1081.46
9692.27 1077.70
9692.67 1076.93
9692.79 1076.70
9692.87 1076.54
9692.89 1076.52
9692.89 1076.52
9692.89 1076.52
9692.89 1076.52
9692.89 1076.52
9692.89 1076.52
9692.89 1076.52
9692.89 1076.52
9692.89 1076.52
9692.89 1076.52
9692.89 1076.52
9692.89 1076.52
9692.89 1076.52
9692.89 1076.52
9692.89 1076.52
9692.89 1076.52
9692.89 1076.52
9692.89 1076.52
9692.89 1076.52
9692.89 1076.52
9692.89 1076.52
9692.89 1076.52
9692.89 1076.52
9692.89 1076.52
9692.89 1076.52
9692.89 1076.52
9694.14 1074.86
9696.29 1073.32
9696.33 1073.30
9696.33 1073.30
9696.33 1073.30
9696.33 1073.30
9696.33 1073.30
9696.33 1073.30
9696.33 1073.30
9696.33 1073.30
9696.42 1073.27
9698.24 1072.64
9701.75 1072.04
9707.29 1071.79
9715.43 1072.11
9724.99 1072.71
9733.88 1072.93
9738.28 1072.36
9739.86 1072.15
9740.32 1068.77
