6416.05 4746.75
6415.18 4745.70
6413.13 4743.23
6409.68 4739.07
6404.86 4733.25
6398.92 4726.08
6391.81 4717.51
6383.21 4707.14
6371.19 4701.63
6356.85 4706.16
6341.97 4710.26
6326.88 4713.46
6311.47 4716.73
6296.47 4719.91
6281.24 4722.33
6265.80 4724.37
6250.73 4727.09
6253.66 4741.81
6257.86 4757.42
6262.03 4772.90
6266.17 4787.27
6271.46 4802.11
6276.88 4816.78
6282.42 4831.80
6288.64 4845.42
6295.58 4859.41
6302.54 4873.45
6309.47 4886.92
6316.95 4900.60
6324.47 4914.35
6334.16 4926.69
6344.04 4939.28
6353.42 4951.29
6363.03 4963.60
6371.14 4973.99
6376.66 4981.06
6379.81 4985.10
6383.69 4990.99
6381.96 4998.77
6373.32 5005.47
6364.92 5016.15
6353.27 5025.23
6340.72 5035.23
6328.79 5044.76
6317.05 5054.14
6305.19 5063.61
6292.80 5073.50
6280.91 5083.00
6269.01 5092.38
6260.07 5099.08
6254.23 5102.56
6250.84 5104.14
6250.76 5104.17
6250.74 5104.18
6250.74 5104.18
6250.74 5104.18
6250.74 5104.18
6250.74 5104.18
6250.74 5104.18
6250.74 5104.18
6250.74 5104.18
6250.74 5104.18
6250.74 5104.18
6249.25 5104.87
6246.14 5106.32
6241.05 5109.12
6236.38 5117.02
6234.65 5127.85
6236.43 5139.86
6238.59 5154.38
6240.88 5169.62
6243.25 5185.37
6245.60 5201.01
6247.93 5216.53
6250.19 5231.53
6252.56 5247.29
6254.87 5262.70
6256.52 5273.65
6256.89 5280.18
6252.46 5286.23
6243.43 5288.62
6231.64 5289.91
6217.93 5291.34
6202.92 5296.27
6186.99 5297.98
6171.81 5299.37
6155.71 5300.77
6140.07 5302.05
6124.23 5303.14
6108.80 5304.24
6093.00 5304.95
6077.88 5305.20
6063.24 5305.44
6052.81 5306.39
6047.01 5307.85
6043.81 5313.25
6047.85 5322.29
6052.89 5333.56
6054.11 5349.23
6058.43 5364.85
6063.20 5382.11
6070.14 5399.62
6082.78 5413.48
6100.66 5420.61
6118.70 5426.73
6136.37 5432.71
6154.41 5438.83
6172.39 5444.93
6190.27 5451.29
6208.32 5457.50
6225.90 5462.58
6241.98 5466.81
6254.21 5470.02
6262.07 5472.08
6265.56 5473.00
6265.79 5473.06
6265.91 5473.09
6265.94 5473.10
6265.96 5473.10
6265.96 5473.10
6265.96 5473.10
6265.96 5473.10
6265.96 5473.10
6265.96 5473.10
6265.96 5473.10
6265.96 5473.10
6265.96 5473.10
6265.96 5473.10
6265.96 5473.10
6265.96 5473.10
6265.96 5473.10
6265.96 5473.10
6265.96 5473.10
6266.75 5473.31
6269.07 5473.92
6273.66 5475.17
6280.74 5477.28
6289.41 5481.44
6295.70 5491.83
6297.26 5504.65
6298.99 5518.94
6301.05 5532.37
6303.20 5545.73
6307.90 5557.14
6322.26 5553.62
6335.90 5550.12
6345.50 5547.97
6351.31 5546.74
6358.06 5545.63
6363.36 5551.84
6363.70 5563.26
6364.11 5577.13
6364.55 5591.83
6364.91 5604.22
6365.19 5613.33
6365.33 5618.14
6365.49 5623.43
6367.30 5629.37
6375.79 5629.40
6386.63 5632.41
6399.54 5632.07
6414.35 5631.73
6430.88 5631.71
6447.28 5632.81
6463.80 5633.34
6480.65 5633.19
6498.79 5633.02
6515.67 5632.86
6533.30 5632.70
6549.17 5632.55
6565.43 5632.40
6582.45 5632.25
6600.07 5635.80
6613.18 5639.51
6621.97 5642.00
6633.03 5645.51
6638.59 5655.18
6633.59 5668.95
6628.85 5682.01
6628.15 5693.61
6624.47 5703.74
6618.13 5715.02
6607.66 5722.84
6594.73 5730.47
6581.93 5734.09
6568.07 5736.48
6553.63 5737.29
6540.38 5736.33
6526.30 5735.31
6511.47 5734.49
6496.88 5734.10
6482.77 5733.96
6468.68 5734.12
6454.46 5734.48
6441.02 5735.19
6427.46 5735.91
6414.56 5737.24
6406.16 5738.13
6401.74 5738.60
6400.78 5738.70
6400.23 5738.76
6400.12 5738.77
6400.08 5738.78
6400.07 5738.78
6400.07 5738.78
6400.07 5738.78
6400.07 5738.78
6400.07 5738.78
6400.07 5738.78
6400.07 5738.78
6400.07 5738.78
6400.07 5738.78
6400.07 5738.78
6400.07 5738.78
6400.07 5738.78
6400.07 5738.78
6400.07 5738.78
6400.07 5738.78
6400.07 5738.78
6400.07 5738.78
6400.07 5738.78
6400.07 5738.78
6400.07 5738.78
6400.07 5738.78
6400.07 5738.78
6400.07 5738.78
6400.07 5738.78
6400.07 5738.78
6400.07 5738.78
6400.07 5738.78
6400.07 5738.78
6400.07 5738.78
6400.07 5738.78
6400.07 5738.78
6400.07 5738.78
6400.07 5738.78
6400.07 5738.78
6400.07 5738.78
6400.07 5738.78
6398.79 5738.91
6396.21 5739.19
6391.25 5739.71
6384.85 5740.65
6387.13 5748.81
6393.87 5757.65
6403.84 5766.95
6412.05 5778.12
6418.50 5792.14
6423.95 5805.34
6429.10 5817.92
6434.74 5831.68
6440.28 5845.21
6443.94 5854.95
6446.91 5863.52
6449.27 5870.11
6449.59 5873.65
6446.37 5877.52
6440.25 5880.98
6431.72 5884.52
6421.72 5888.60
6410.21 5893.30
6397.20 5898.62
6382.23 5904.74
6367.37 5910.80
6353.41 5918.24
6341.37 5927.31
6330.14 5938.38
6319.49 5948.86
6308.56 5959.63
6297.83 5970.20
6286.34 5981.51
6274.87 5992.80
6264.07 6003.44
6253.27 6014.07
6242.08 6025.58
6231.96 6036.82
6221.96 6047.91
6211.85 6059.13
6201.24 6070.90
6190.73 6082.72
6180.98 6094.11
6170.45 6106.41
6159.93 6118.70
6150.05 6130.24
6140.31 6141.62
6132.53 6150.71
6127.57 6156.51
6120.82 6162.81
6110.01 6160.37
6097.81 6154.91
6083.39 6148.45
6069.86 6142.14
6060.82 6136.91
6055.68 6133.93
6049.26 6129.83
6042.94 6121.89
6036.41 6112.27
6029.02 6101.38
6020.62 6089.01
6011.61 6075.73
6005.09 6066.13
6000.96 6060.03
5998.83 6056.90
5998.56 6056.50
5997.68 6055.21
5996.03 6052.77
5993.42 6048.94
5989.26 6043.49
5984.31 6049.38
5979.59 6058.92
5974.20 6069.77
5968.12 6082.00
5960.99 6096.32
5953.77 6110.83
5946.96 6124.52
5940.20 6138.12
5933.11 6152.37
5925.91 6166.86
5918.92 6180.92
5911.77 6195.37
5901.74 6208.39
5895.05 6222.09
5888.20 6236.12
5883.32 6246.10
5880.42 6252.05
5879.49 6253.95
5879.49 6253.95
5878.44 6255.97
5876.15 6260.24
5873.04 6266.03
5868.92 6273.70
5864.00 6282.87
5858.17 6293.72
5851.64 6305.89
5844.34 6319.19
5837.27 6333.09
5830.34 6347.16
5823.56 6360.54
5816.75 6374.59
5810.43 6388.44
5804.17 6402.36
5797.19 6416.39
5790.32 6429.96
5783.17 6444.08
5776.18 6457.89
5769.26 6471.56
5762.20 6485.50
5755.16 6499.35
5748.18 6513.05
5742.35 6524.51
5738.56 6531.96
5736.62 6535.76
5736.04 6536.88
5735.78 6537.38
5735.65 6537.63
5735.62 6537.69
5735.62 6537.69
5735.62 6537.69
5735.62 6537.69
5735.62 6537.69
5735.62 6537.69
5735.62 6537.69
5735.62 6537.69
5735.62 6537.69
5735.62 6537.69
5735.62 6537.69
5735.62 6537.69
5735.62 6537.69
5735.62 6537.69
5735.62 6537.69
5735.62 6537.69
5735.62 6537.69
5735.62 6537.69
5735.62 6537.69
5735.62 6537.69
5735.62 6537.69
5735.12 6538.66
5733.71 6541.37
5732.10 6544.48
5729.83 6548.88
5726.89 6554.55
5723.23 6561.61
5718.80 6570.56
5713.74 6582.06
5708.68 6592.98
5703.03 6604.14
5697.55 6614.99
5692.50 6624.98
5687.02 6635.81
5680.52 6646.51
5674.04 6657.18
5666.99 6667.25
5659.76 6676.67
5652.18 6686.54
5644.46 6696.61
5637.25 6706.00
5629.95 6715.14
5621.90 6724.39
5613.78 6733.45
5605.57 6742.48
5597.60 6751.16
5589.22 6760.66
5581.04 6770.35
5572.98 6780.23
5564.89 6790.30
5558.12 6798.81
5550.62 6808.29
5543.47 6817.18
5535.72 6826.77
5528.05 6836.26
5520.27 6845.88
5513.64 6854.08
5509.54 6859.16
5503.97 6866.05
5501.05 6869.65
5497.15 6874.32
5491.91 6880.51
5485.68 6887.71
5478.18 6896.14
5469.28 6906.16
5459.13 6917.59
5449.39 6928.57
5439.78 6939.42
5430.05 6950.35
5420.80 6960.29
5412.12 6969.63
5402.66 6979.80
5393.92 6989.19
5384.25 6998.27
5376.00 7005.76
5366.28 7013.84
5355.90 7021.33
5345.79 7028.61
5336.02 7035.57
5325.19 7042.36
5315.09 7047.79
5304.36 7052.78
5293.47 7057.84
5282.22 7062.21
5272.05 7066.06
5260.27 7070.52
5248.62 7074.06
5236.67 7077.44
5224.87 7079.96
5213.47 7082.06
5202.21 7084.10
5189.10 7085.31
5173.71 7086.23
5158.73 7086.60
5143.53 7086.56
5128.10 7086.52
5112.27 7086.48
5096.10 7086.44
5080.18 7086.40
5064.24 7086.35
5049.09 7086.31
5033.09 7086.27
5017.11 7086.23
5000.95 7086.19
4985.96 7086.15
4970.05 7086.31
4954.26 7087.05
4938.63 7087.83
4922.44 7088.64
4909.13 7089.30
4900.32 7089.74
4895.86 7089.97
4891.61 7093.57
4891.99 7102.40
4892.48 7112.93
4889.58 7125.97
4890.76 7140.55
4891.68 7155.89
4892.64 7170.82
4893.59 7186.17
4894.90 7201.59
4896.23 7217.23
4897.56 7232.87
4898.88 7248.28
4900.17 7263.44
4901.44 7278.77
4902.65 7294.57
4903.83 7310.07
4904.97 7325.04
4906.17 7340.82
4907.89 7356.51
4909.70 7371.09
4911.78 7381.89
4913.25 7389.19
4907.92 7396.79
4897.68 7402.71
4886.15 7409.15
4872.45 7416.81
4858.91 7424.88
4845.25 7432.96
4831.36 7440.95
4818.35 7448.44
4804.80 7456.22
4791.28 7463.87
4777.70 7471.69
4763.84 7479.61
4749.78 7487.24
4735.36 7494.64
4721.15 7500.96
4707.43 7507.00
4692.44 7512.68
4677.43 7517.91
4662.53 7523.22
4647.81 7528.23
4632.90 7533.30
4617.79 7537.95
4602.50 7542.66
4587.43 7546.85
4571.76 7550.91
4556.18 7555.21
4541.21 7559.61
4526.33 7564.12
4511.70 7568.96
4496.36 7574.07
4481.23 7579.11
4466.81 7583.92
4451.33 7588.69
4436.55 7593.24
4421.22 7597.95
4405.73 7602.71
4390.90 7607.27
4376.68 7611.90
4361.32 7617.02
4346.21 7622.05
4330.88 7627.16
4315.63 7632.25
4300.55 7637.27
4285.58 7642.33
4270.64 7647.40
4256.47 7652.20
4241.45 7657.30
4227.27 7662.10
4212.77 7667.36
4198.42 7672.97
4183.37 7678.85
4168.75 7684.57
4154.41 7690.14
4139.96 7695.55
4125.16 7700.91
4109.91 7706.04
4095.21 7710.99
4081.04 7715.75
4066.43 7720.67
4052.28 7725.43
4037.37 7730.69
4023.24 7735.80
4008.58 7741.10
3993.41 7746.58
3979.36 7752.38
3965.52 7758.33
3951.04 7764.56
3936.77 7770.69
3922.64 7776.77
3908.62 7782.80
3894.39 7789.40
3880.09 7796.33
3865.62 7802.92
3851.62 7808.71
3837.65 7814.71
3823.37 7821.44
3809.10 7828.03
3795.08 7834.35
3781.27 7840.43
3766.70 7846.29
3751.80 7852.25
3737.61 7857.57
3722.70 7862.74
3707.85 7867.49
3692.48 7872.50
3677.32 7877.11
3662.10 7881.73
3646.71 7886.31
3631.14 7890.62
3616.39 7893.91
3601.05 7898.32
3585.56 7903.09
3570.14 7907.99
3555.67 7912.13
3540.66 7916.85
3526.13 7921.43
3511.08 7926.13
3495.75 7930.88
3482.68 7934.91
3473.51 7937.81
3468.64 7939.38
3461.66 7941.50
3452.77 7944.14
3441.98 7947.07
3428.73 7950.55
3413.43 7952.61
3397.46 7954.18
3382.44 7955.67
3366.33 7957.25
3350.38 7959.29
3335.28 7962.19
3319.44 7965.12
3304.39 7968.00
3289.17 7970.96
3273.78 7973.95
3259.11 7976.80
3244.46 7979.65
3229.04 7982.65
3213.95 7985.58
3198.10 7988.66
3182.24 7990.57
3166.57 7992.73
3151.14 7994.96
3135.12 7995.89
3119.24 7996.55
3103.32 7997.26
3087.97 7998.07
3072.64 7999.15
3057.34 8000.22
3041.76 8001.32
3025.86 8002.43
3010.02 8003.55
2993.86 8004.68
2978.73 8005.30
2963.68 8005.36
2948.75 8005.06
2933.22 8001.74
2917.81 7997.22
2902.76 7992.81
2887.10 7988.87
2872.20 7988.14
2856.40 7988.28
2840.59 7987.59
2825.07 7986.91
2809.88 7986.24
2794.92 7985.39
2779.63 7984.40
2763.72 7983.36
2748.56 7982.37
2732.65 7981.33
2717.05 7980.31
2701.00 7979.26
2685.43 7978.25
2670.42 7977.27
2654.47 7976.23
2639.47 7975.25
2623.95 7974.23
2607.82 7973.40
2592.78 7975.28
2582.06 7977.92
2574.13 7979.88
2568.67 7984.98
2573.59 7995.33
2575.17 8008.14
2573.68 8019.11
2568.90 8029.86
2567.42 8040.75
2565.85 8052.34
2564.16 8064.83
2562.45 8077.51
2560.72 8090.22
2559.10 8102.22
2557.46 8114.35
2555.67 8128.46
2554.03 8141.33
2552.54 8154.61
2551.13 8167.90
2550.44 8180.68
2550.68 8193.59
2550.94 8207.55
2551.39 8220.85
2551.79 8232.44
2552.25 8246.18
2552.89 8259.38
2553.65 8273.19
2557.80 8284.97
2557.93 8298.89
2556.83 8315.01
2555.80 8330.30
2554.70 8346.39
2553.65 8361.88
2552.64 8376.82
2551.56 8392.67
2561.76 8399.87
2577.90 8401.41
2593.96 8402.18
2609.67 8400.87
2624.45 8398.07
2639.36 8394.65
2653.95 8391.30
2669.32 8386.37
2684.09 8381.61
2698.66 8376.92
2713.00 8374.77
2728.43 8379.47
2743.37 8384.01
2757.84 8388.42
2772.30 8393.30
2781.54 8405.67
2790.80 8418.07
2799.81 8430.14
2808.88 8442.28
2818.43 8455.07
2812.70 8468.13
2804.51 8481.46
2796.39 8494.71
2788.34 8507.83
2780.32 8520.90
2772.41 8533.78
2761.86 8544.84
2747.47 8549.67
2732.44 8554.72
2717.09 8559.87
2701.83 8564.99
2687.13 8569.92
2675.99 8573.66
2669.08 8575.98
2665.45 8576.93
2665.18 8576.73
