1360.09 7831.76
1359.55 7834.22
1358.63 7838.40
1357.35 7844.22
1355.62 7851.91
1353.39 7861.30
1351.76 7868.22
1350.72 7872.59
1350.69 7872.70
1350.69 7872.73
1350.68 7872.75
1350.68 7872.75
1350.68 7872.75
1350.68 7872.75
1350.68 7872.75
1350.68 7872.75
1350.68 7872.75
1350.68 7872.75
1350.68 7872.75
1350.68 7872.75
1350.68 7872.75
1350.68 7872.75
1350.68 7872.75
1350.68 7872.75
1350.68 7872.75
1350.68 7872.75
1350.68 7872.75
1350.68 7872.75
1350.68 7872.75
1350.68 7872.75
1350.68 7872.75
1350.68 7872.75
1350.68 7872.75
1350.68 7872.75
1350.68 7872.75
1350.68 7872.75
1350.68 7872.75
1350.68 7872.75
1350.68 7872.75
1350.68 7872.75
1350.68 7872.75
1350.68 7872.75
1350.68 7872.75
1350.68 7872.75
1350.36 7875.36
1354.05 7877.14
1360.13 7877.09
1368.72 7877.01
1379.07 7876.91
1391.68 7876.79
1404.82 7876.67
1418.30 7876.55
1430.71 7876.43
1443.16 7876.32
1456.37 7876.19
1469.17 7876.08
1481.50 7875.96
1494.34 7875.84
1507.62 7875.72
1520.35 7875.60
1533.63 7875.29
1546.86 7874.09
1560.14 7874.00
1573.40 7873.90
1586.87 7873.81
1600.03 7873.72
1612.31 7873.63
1625.60 7873.54
1638.43 7874.02
1651.14 7875.34
1663.47 7876.63
1675.83 7878.16
1688.71 7879.99
1701.49 7881.80
1714.31 7884.01
1715.13 7871.33
1715.18 7857.71
1715.32 7844.23
1716.33 7830.70
1718.30 7818.22
1725.83 7805.82
1730.50 7793.32
1736.08 7781.49
1742.80 7771.10
1750.42 7760.69
1758.37 7750.63
1766.90 7741.55
1776.15 7732.21
1785.34 7723.97
1795.55 7715.20
1805.26 7707.71
1815.85 7699.93
1826.45 7693.21
1837.52 7686.73
1848.66 7680.63
1859.96 7675.58
1871.26 7670.55
1883.16 7665.47
1895.25 7661.18
1908.00 7657.25
1920.72 7653.85
1933.85 7651.13
1949.71 7652.42
1961.93 7650.88
1974.75 7649.27
1987.53 7647.66
1999.97 7646.21
2013.27 7644.80
2026.40 7643.42
2039.48 7642.04
2052.43 7640.68
2065.13 7639.34
2077.46 7637.18
2090.23 7634.41
2103.30 7631.41
2115.98 7628.25
2127.82 7625.31
2139.69 7622.29
2152.18 7619.09
2164.31 7615.98
2172.26 7613.95
2177.08 7612.71
2177.74 7612.54
2177.91 7612.50
2177.92 7612.50
2180.14 7611.60
2184.12 7608.62
2188.57 7600.69
2189.53 7594.01
2192.60 7586.43
2198.28 7577.53
2202.97 7572.28
2205.58 7569.97
2209.77 7566.62
2215.40 7562.33
2222.50 7557.52
2232.86 7556.25
2244.66 7558.71
2255.40 7564.79
2265.51 7572.33
2276.14 7581.84
2293.36 7578.26
2310.92 7576.80
2328.68 7575.32
2347.28 7574.09
2365.25 7574.11
2383.82 7573.04
2402.06 7570.49
2420.28 7566.08
2437.65 7557.70
2454.79 7552.56
2471.79 7547.47
2489.03 7542.30
2505.77 7536.33
2523.42 7529.65
2540.87 7522.61
2557.97 7514.90
2574.12 7506.88
2590.73 7497.93
2606.91 7488.63
2622.34 7479.32
2637.15 7469.14
2652.37 7458.60
2667.12 7447.38
2680.94 7435.72
2695.05 7423.25
2709.18 7410.65
2722.45 7398.05
2735.04 7385.67
2747.25 7372.74
2759.78 7359.47
2772.66 7345.82
2784.92 7332.84
2797.17 7319.87
2809.65 7306.44
2821.76 7293.38
2834.44 7279.71
2846.99 7266.17
2859.20 7252.99
2871.27 7239.98
2883.96 7226.30
2895.84 7212.80
2907.97 7198.87
2918.26 7183.57
2927.50 7167.57
2935.57 7151.19
2942.34 7134.82
2949.41 7117.73
2955.85 7102.16
2954.63 7094.56
2945.42 7083.64
2940.44 7069.90
2941.19 7055.95
2946.95 7042.89
2953.31 7035.73
2956.85 7032.78
2962.30 7028.85
2969.99 7026.57
2980.93 7025.57
2994.91 7029.52
3006.93 7037.64
3017.58 7029.55
3028.87 7018.99
3040.53 7008.09
3053.00 6999.73
3067.77 6994.27
3082.95 6990.56
3098.94 6988.19
3114.29 6987.90
3129.88 6990.00
3145.16 6993.50
3160.03 6998.79
3174.48 7003.95
3189.77 7009.39
3204.08 7014.49
3218.75 7019.67
3233.83 7024.96
3248.23 7030.01
3263.53 7035.38
3278.69 7040.69
3292.94 7045.69
3307.98 7050.96
3323.01 7056.23
3338.00 7061.49
3352.54 7066.59
3367.26 7071.75
3381.79 7076.84
3396.12 7081.87
3411.51 7087.26
3426.33 7092.46
3441.53 7097.79
3455.86 7102.81
3470.35 7107.89
3485.45 7113.19
3499.76 7118.21
3514.20 7123.27
3529.48 7128.63
3543.92 7133.69
3558.24 7139.07
3572.10 7145.14
3586.64 7151.51
3601.04 7157.82
3613.33 7162.06
3621.13 7152.74
3633.25 7145.74
3645.82 7143.74
3658.53 7149.75
3669.24 7155.98
3676.12 7165.10
3678.46 7172.22
3679.19 7176.07
3680.68 7183.59
3689.01 7187.88
3699.36 7192.22
3711.95 7197.51
3726.39 7202.62
3741.28 7207.27
3756.33 7211.88
3771.22 7216.05
3786.77 7220.41
3802.46 7224.81
3818.18 7229.21
3832.90 7233.08
3848.79 7235.16
3864.02 7235.86
3879.62 7233.08
3893.89 7227.15
3907.15 7219.21
3918.49 7209.21
3929.52 7197.97
3938.99 7185.10
3947.49 7171.33
3955.91 7157.35
3962.13 7147.34
3966.26 7141.43
3973.85 7140.59
3980.34 7149.54
3987.30 7160.57
3994.00 7171.18
4002.69 7180.82
4011.79 7189.42
4021.44 7198.54
4030.81 7207.40
4040.81 7216.00
4052.13 7222.98
4062.55 7229.41
4073.46 7236.14
4084.80 7243.13
4095.68 7249.29
4107.46 7255.74
4118.23 7261.62
4130.14 7267.85
4142.59 7272.69
4154.48 7276.87
4166.35 7280.32
4178.77 7283.81
4190.84 7286.90
4203.55 7288.92
4215.69 7290.86
4228.15 7292.84
4241.03 7294.66
4253.81 7295.62
4266.24 7296.55
4278.88 7297.51
4291.13 7298.43
4304.20 7299.30
4317.15 7299.99
4329.73 7300.66
4342.84 7301.36
4356.02 7301.99
4368.47 7302.38
4381.39 7302.78
4393.99 7303.18
4406.34 7303.56
4419.54 7302.90
4431.87 7302.01
4444.88 7301.07
4457.21 7300.19
4470.13 7298.81
4482.80 7294.85
4494.64 7291.15
4507.15 7287.25
4518.97 7283.06
4530.83 7277.83
4542.33 7272.77
4554.48 7267.42
4566.31 7262.21
4576.65 7255.67
4587.88 7248.50
4598.30 7241.85
4609.30 7234.83
4620.59 7229.48
4632.12 7224.42
4644.43 7219.00
4655.85 7213.94
4667.81 7208.52
4678.97 7203.45
4690.74 7198.11
4702.26 7193.97
4714.21 7190.76
4726.59 7187.43
4739.75 7184.78
4752.32 7182.68
4765.02 7180.55
4777.73 7179.78
4790.30 7179.80
4803.62 7179.83
4815.89 7179.72
4828.55 7179.28
4840.86 7178.92
4853.49 7179.74
4865.71 7180.53
4875.18 7180.26
4880.16 7179.85
4886.19 7177.03
4889.16 7167.15
4888.33 7155.60
4887.51 7142.82
4886.48 7130.34
4886.09 7117.62
4885.46 7104.24
4885.09 7095.36
4885.55 7090.68
4891.25 7087.19
4899.59 7086.47
4910.49 7085.93
4923.62 7085.27
4936.89 7084.61
4949.58 7083.98
4962.54 7083.33
4975.80 7082.87
4988.88 7082.86
5002.36 7082.89
5015.25 7082.93
5028.06 7082.96
5040.85 7082.99
5053.33 7083.03
5066.11 7083.06
5079.32 7083.09
5091.95 7083.13
5104.21 7083.16
5116.98 7083.19
5130.07 7083.22
5143.01 7083.26
5155.26 7083.29
5168.15 7083.26
5180.62 7082.51
5193.57 7081.71
5206.25 7080.03
5219.60 7077.57
5232.47 7075.20
5245.09 7071.63
5258.05 7067.83
5270.53 7063.10
5282.50 7058.57
5293.89 7054.00
5305.69 7048.52
5316.89 7043.09
5328.07 7036.65
5338.79 7029.59
5348.97 7022.25
5359.38 7014.75
5369.33 7007.15
5378.81 6998.75
5388.01 6990.40
5396.50 6981.56
5405.71 6971.66
5414.53 6962.19
5422.89 6953.21
5431.50 6943.80
5439.73 6934.50
5448.73 6924.33
5457.23 6914.76
5465.89 6905.02
5474.40 6895.44
5480.68 6888.36
5484.37 6884.21
5490.47 6878.91
5500.00 6879.21
5510.32 6885.05
5521.42 6891.66
5532.27 6898.11
5543.48 6903.79
5555.07 6909.04
5568.21 6910.62
5579.83 6914.50
5591.99 6917.78
5604.22 6921.18
5616.55 6924.22
5629.50 6926.99
5641.98 6929.14
5654.78 6930.10
5667.47 6930.35
5680.70 6930.56
5693.01 6930.75
5706.31 6930.07
5719.11 6929.34
5731.99 6928.61
5744.23 6927.91
5756.43 6927.01
5769.62 6925.66
5781.92 6924.39
5794.74 6923.08
5807.81 6921.74
5821.28 6920.36
5833.55 6919.10
5845.95 6917.83
5858.71 6916.52
5871.24 6915.23
5884.38 6913.88
5897.16 6912.57
5910.07 6911.24
5923.28 6909.88
5936.59 6908.52
5948.80 6907.27
5961.81 6905.97
5974.19 6904.76
5987.65 6903.44
6000.02 6902.28
6013.24 6901.06
6026.09 6899.97
6039.41 6898.82
6051.66 6897.65
6063.98 6896.49
6077.08 6895.23
6090.27 6893.85
6103.70 6892.50
6116.87 6891.27
6129.71 6890.13
6142.16 6888.97
6155.00 6887.69
6167.51 6886.45
6180.01 6885.24
6192.77 6884.00
6205.37 6882.79
6217.99 6881.57
6231.32 6880.28
6244.07 6879.05
6257.31 6877.77
6269.53 6876.59
6282.11 6875.37
6295.57 6874.07
6308.47 6872.83
6321.77 6871.54
6334.20 6870.34
6346.42 6869.16
6359.37 6870.60
6371.85 6872.10
6384.76 6873.65
6397.31 6875.16
6405.70 6876.17
6409.88 6876.67
6410.90 6876.79
6411.45 6876.86
6411.55 6876.87
6411.56 6876.87
6411.56 6876.87
6411.56 6876.87
6411.56 6876.87
6411.56 6876.87
6411.56 6876.87
6411.56 6876.87
6411.56 6876.87
6411.56 6876.87
6411.56 6876.87
6411.56 6876.87
6411.56 6876.87
6411.56 6876.87
6411.56 6876.87
6411.56 6876.87
6411.56 6876.87
6413.10 6877.02
6416.77 6876.96
6423.65 6873.58
6426.70 6865.41
6430.66 6854.79
6434.35 6844.88
6436.71 6838.56
6438.25 6834.42
6438.34 6834.20
6438.37 6834.12
6438.39 6834.05
6438.39 6834.05
6438.59 6833.51
6439.70 6830.55
6441.53 6825.63
6444.18 6818.50
6447.10 6809.93
6449.17 6800.03
6453.98 6791.77
6455.91 6780.78
6458.21 6767.71
6459.61 6759.06
6461.18 6749.20
6462.85 6738.70
6464.44 6728.72
6465.92 6719.47
6467.55 6709.20
6469.08 6699.64
6470.83 6688.64
6472.35 6679.09
6473.98 6669.00
6475.80 6658.25
6477.45 6648.75
6479.36 6637.71
6481.30 6626.51
6482.91 6617.24
6484.56 6607.72
6484.02 6597.05
6483.05 6587.01
6482.11 6575.93
6481.37 6564.69
6480.81 6554.65
6479.93 6544.63
6478.64 6534.25
6477.54 6523.33
6477.14 6513.82
6476.86 6507.15
6476.77 6504.99
6476.74 6504.40
6476.73 6504.09
6476.72 6504.04
6476.72 6504.03
6476.72 6504.03
6476.72 6504.03
6476.72 6504.03
6476.72 6504.03
6476.72 6504.03
6476.68 6503.05
6476.60 6501.05
6476.40 6496.48
6475.80 6490.12
6475.66 6485.79
6475.69 6484.63
6475.70 6484.20
6475.71 6483.90
6475.71 6483.72
6475.71 6483.70
6475.71 6483.69
6475.71 6483.68
6475.71 6483.68
6475.71 6483.68
6475.71 6483.63
6475.71 6483.59
6475.76 6481.80
6475.87 6477.61
6478.82 6472.68
6485.29 6471.93
6493.06 6475.96
6501.58 6481.57
6510.59 6487.78
6518.49 6493.23
6526.50 6498.98
6535.44 6505.13
6544.19 6511.24
6554.83 6519.01
6564.92 6526.50
6575.25 6533.31
6585.39 6540.14
6596.09 6547.37
6607.25 6554.90
6618.25 6562.47
6628.97 6569.92
6639.69 6577.41
6650.31 6584.83
6660.98 6592.28
6671.99 6599.97
6682.40 6607.13
6692.99 6614.41
6704.08 6622.08
6714.55 6629.33
6725.35 6636.81
6736.35 6644.42
6747.31 6652.01
6757.77 6659.25
6768.92 6666.98
6779.39 6674.22
6789.94 6681.53
6800.52 6688.85
6811.29 6696.32
6822.45 6704.04
6833.09 6711.41
6843.26 6718.45
6852.55 6724.92
6858.41 6729.05
6860.33 6731.35
6860.22 6731.99
6860.20 6732.13
6860.18 6732.24
6860.18 6732.26
6860.18 6732.26
6860.18 6732.26
6860.16 6732.34
6859.68 6733.91
6858.47 6737.22
6856.44 6742.20
6854.03 6748.81
6851.18 6757.20
6848.33 6765.59
6845.48 6773.99
6841.97 6784.29
6837.95 6796.13
6833.46 6810.05
6829.52 6824.69
6825.67 6838.95
6822.91 6849.21
6821.19 6855.59
6820.57 6857.90
6820.26 6859.02
6820.21 6859.24
6820.18 6859.35
6820.17 6859.39
6820.16 6859.42
6820.16 6859.43
6820.16 6859.43
6820.16 6859.43
6820.16 6859.43
6820.16 6859.43
6820.16 6859.43
6820.16 6859.43
6820.16 6859.43
6820.16 6859.43
6820.16 6859.43
6820.16 6859.43
6820.16 6859.43
6820.16 6859.43
6820.16 6859.43
6820.16 6859.43
6820.16 6859.43
6820.16 6859.43
6820.16 6859.43
6820.16 6859.43
6820.16 6859.43
6819.95 6860.18
6819.37 6862.33
6818.23 6866.57
6816.53 6873.21
6814.68 6881.75
6812.46 6891.95
6813.62 6904.57
6811.43 6918.56
6809.15 6934.08
6807.62 6949.47
6806.81 6965.52
6806.40 6980.69
6806.47 6996.67
6806.93 7012.12
6807.49 7027.59
6808.10 7043.33
6808.92 7058.82
6810.20 7074.58
6811.48 7090.51
6818.78 7103.44
6836.03 7101.00
6854.67 7098.36
6873.01 7095.76
6887.46 7093.72
6899.00 7092.08
6907.36 7090.90
6911.27 7090.34
6912.40 7090.18
6912.49 7090.17
6913.49 7090.03
6916.43 7089.61
6920.71 7089.09
6926.51 7088.66
6933.99 7089.02
6943.23 7089.02
6955.05 7087.43
6966.63 7085.78
6974.74 7084.61
6978.81 7084.03
6980.46 7083.79
6980.68 7083.76
6980.73 7083.76
6980.75 7083.75
6980.75 7083.75
6980.75 7083.75
6980.75 7083.75
6980.75 7083.75
6980.75 7083.75
6980.75 7083.75
6980.75 7083.75
6980.75 7083.75
6980.75 7083.75
6980.75 7083.75
6980.75 7083.75
6980.75 7083.75
6980.75 7083.75
6980.75 7083.75
6980.75 7083.75
6980.75 7083.75
6980.75 7083.75
6980.75 7083.75
6980.75 7083.75
6980.75 7083.75
6980.75 7083.75
6980.75 7083.75
6980.75 7083.75
6980.75 7083.75
6980.75 7083.75
6980.75 7083.75
6980.75 7083.75
6980.75 7083.75
6980.75 7083.75
6980.75 7083.75
6980.75 7083.75
6980.75 7083.75
6980.75 7083.75
6980.75 7083.75
6980.75 7083.75
6980.75 7083.75
6983.04 7083.43
6986.83 7082.88
6993.10 7083.02
6998.17 7089.66
7001.50 7099.73
7001.04 7111.50
7000.57 7123.72
7000.09 7136.25
6999.59 7149.13
6999.12 7161.56
7006.74 7171.28
7018.64 7174.44
7030.29 7177.72
7042.86 7181.05
7055.66 7184.58
7067.32 7187.79
7079.96 7191.15
7091.64 7194.55
7104.05 7198.20
7116.34 7201.75
7128.07 7205.26
7139.94 7208.60
7151.88 7212.21
7164.85 7215.69
7177.21 7218.94
7189.07 7222.14
7201.08 7225.51
7214.02 7229.21
7225.81 7232.72
7237.62 7236.23
7249.85 7239.86
7262.44 7243.61
7274.29 7247.13
7282.63 7249.61
7286.79 7250.85
7293.21 7252.50
7302.05 7254.74
7313.58 7257.08
7324.96 7254.02
7334.16 7244.05
7343.11 7233.91
7351.71 7224.17
7360.00 7210.97
7370.21 7202.92
7380.85 7195.47
7391.13 7187.28
7399.79 7177.11
7406.59 7167.00
7413.13 7155.71
7419.87 7144.08
7426.38 7132.86
7433.06 7121.43
7439.90 7111.20
7450.94 7105.53
7463.70 7105.88
7476.40 7106.62
7484.57 7097.01
7491.83 7085.82
7499.01 7074.80
7507.01 7064.25
7515.38 7053.96
7524.14 7044.11
7532.89 7035.41
7541.37 7026.67
7551.03 7017.60
7561.29 7009.70
7572.74 7003.01
7583.08 6996.58
7594.74 6990.58
7606.09 6984.53
7607.79 6977.83
7595.58 6974.85
7583.42 6972.43
7570.89 6969.94
7558.00 6968.20
7545.52 6966.85
7532.77 6965.80
7520.70 6961.66
7511.17 6952.92
7510.61 6940.34
7519.95 6932.07
7532.62 6930.69
7544.19 6927.07
7549.70 6916.67
7540.71 6906.97
7532.16 6898.62
7532.20 6885.34
7528.80 6873.40
7525.31 6861.13
7521.92 6849.19
7519.21 6836.20
7518.24 6823.54
7516.77 6810.27
7515.16 6796.84
7514.77 6783.79
7514.50 6770.75
7515.48 6757.74
7518.28 6744.83
7520.28 6732.26
7522.11 6719.65
7524.32 6706.92
7527.22 6694.61
7528.46 6681.49
7531.38 6668.47
7536.06 6656.26
7544.92 6648.74
7556.81 6646.41
7569.42 6649.24
7579.39 6644.81
7587.26 6638.53
7593.45 6637.22
7595.31 6637.03
7595.40 6637.02
7595.41 6637.02
7595.42 6637.02
7597.84 6637.09
7601.56 6639.45
7605.35 6644.99
7611.87 6650.79
7620.65 6656.15
7631.29 6662.55
7642.55 6669.33
7650.28 6679.24
7650.75 6691.53
7645.76 6704.03
7642.35 6716.84
7650.49 6725.21
7658.55 6734.65
7663.09 6746.63
7664.71 6759.00
7667.24 6771.73
7674.13 6782.23
7684.52 6790.74
7694.38 6798.79
7704.75 6806.66
7715.87 6813.66
7726.31 6813.81
7738.46 6813.44
7750.19 6816.85
7762.63 6822.13
7774.00 6827.07
7785.19 6832.06
7796.66 6837.18
7808.17 6841.66
7820.26 6845.50
7832.26 6847.63
7844.75 6848.61
7857.48 6847.96
7870.81 6845.58
7883.98 6844.03
7897.23 6842.98
7907.46 6842.17
7913.87 6845.18
7917.66 6847.72
7920.52 6849.64
7921.69 6850.42
7922.32 6850.84
7922.71 6851.10
7922.86 6851.20
7922.91 6851.24
7923.99 6851.96
7926.35 6853.77
7928.83 6857.11
7932.59 6862.19
7935.63 6869.05
7945.46 6870.32
7957.30 6871.62
7969.70 6872.97
7982.96 6874.43
7995.21 6875.79
8007.21 6877.12
8015.42 6878.03
8019.82 6878.54
8020.16 6878.57
8020.34 6878.60
8020.36 6878.60
8020.00 6881.88
8022.66 6882.19
8027.71 6882.77
8035.34 6883.66
8044.45 6884.75
8055.79 6886.12
8069.10 6887.72
8082.02 6889.22
8094.95 6890.73
8107.29 6892.44
8119.50 6894.98
8131.77 6898.03
8143.82 6901.61
8155.74 6905.58
8168.36 6909.80
8180.11 6915.01
8191.34 6920.13
8203.21 6925.54
8214.58 6930.72
8226.72 6936.25
8238.98 6941.90
8250.91 6947.97
8262.58 6953.91
8274.20 6959.81
8286.12 6965.88
8297.36 6971.60
8308.34 6977.84
8319.33 6985.03
8329.83 6991.89
8340.18 6998.66
8350.91 7005.67
8361.79 7012.78
8373.12 7018.34
8385.38 7023.40
8397.48 7027.02
8409.93 7030.69
8423.14 7033.75
8435.76 7035.98
8448.85 7037.64
8462.29 7038.72
8474.75 7039.73
8487.83 7040.89
8500.61 7041.99
8513.48 7043.12
8526.95 7044.69
8540.05 7047.52
8552.77 7050.93
8565.08 7054.22
8577.42 7057.53
8589.42 7060.27
8602.28 7061.52
8611.65 7060.99
8616.54 7060.66
8618.00 7060.56
8618.28 7060.54
8618.11 7057.25
8618.12 7057.25
8618.13 7057.25
8618.13 7057.25
8618.13 7057.25
8618.13 7057.25
8618.13 7057.25
8618.13 7057.25
8618.13 7057.25
8618.13 7057.25
8618.13 7057.25
8618.13 7057.25
8618.13 7057.25
8618.13 7057.25
8618.13 7057.25
8618.13 7057.25
8618.13 7057.25
8618.13 7057.25
8618.13 7057.25
8618.13 7057.25
8618.13 7057.25
8618.13 7057.25
8618.13 7057.25
8618.13 7057.25
8618.13 7057.25
8618.13 7057.25
8618.13 7057.25
8618.13 7057.25
8618.13 7057.25
8618.13 7057.25
8618.13 7057.25
8618.13 7057.25
8618.13 7057.25
8618.13 7057.25
8618.13 7057.25
8618.13 7057.25
8618.13 7057.25
8618.13 7057.25
8618.13 7057.25
8618.13 7057.25
8618.13 7057.25
8618.13 7057.25
8618.13 7057.25
8620.56 7057.01
8625.03 7056.49
8632.17 7055.28
8640.86 7053.69
8652.17 7051.61
8665.57 7049.38
8678.31 7047.32
8691.61 7045.50
8704.03 7044.43
8713.35 7044.59
8718.75 7045.08
8721.17 7045.31
