3140.19 7836.90
3141.12 7838.62
3142.58 7841.78
3144.13 7847.17
3146.38 7854.97
3149.15 7864.58
3152.37 7875.77
3156.27 7889.66
3160.00 7903.02
3163.67 7916.19
3167.24 7929.21
3170.83 7942.31
3174.41 7955.35
3178.01 7968.50
3180.44 7977.35
3181.76 7982.18
3187.10 7986.58
3196.44 7985.61
3207.22 7983.53
3220.56 7980.94
3234.76 7978.18
3248.32 7975.54
3262.48 7972.79
3276.69 7970.03
3290.01 7967.44
3304.10 7964.70
3317.77 7962.08
3331.44 7959.55
3345.50 7956.95
3359.67 7954.59
3374.20 7953.16
3388.73 7951.73
3403.23 7950.30
3416.60 7948.98
3430.56 7946.66
3440.14 7944.14
3445.93 7942.61
3454.31 7941.49
3463.12 7947.15
3470.72 7957.18
3479.48 7968.76
3489.90 7982.53
3497.61 7992.71
3502.61 7999.32
3504.81 8002.39
3504.83 8002.42
3504.84 8002.43
3504.84 8002.43
3504.84 8002.44
3504.84 8002.44
3504.84 8002.44
3504.84 8002.44
3504.84 8002.44
3504.84 8002.44
3504.84 8002.44
3504.84 8002.44
3504.84 8002.44
3504.84 8002.44
3504.84 8002.44
3504.84 8002.44
3504.84 8002.44
3504.84 8002.44
3504.84 8002.44
3504.84 8002.44
3504.84 8002.44
3504.84 8002.44
3504.84 8002.44
3504.84 8002.44
3504.84 8002.44
3504.84 8002.44
3504.84 8002.44
3504.84 8002.44
3504.84 8002.44
3504.84 8002.44
3504.84 8002.44
3504.84 8002.44
3504.84 8002.44
3504.84 8002.44
3504.84 8002.44
3504.84 8002.44
3504.84 8002.44
3504.84 8002.44
3504.84 8002.44
3504.84 8002.44
3504.84 8002.44
3504.84 8002.44
3504.84 8002.44
3504.84 8002.44
3504.84 8002.44
3506.06 8004.25
3508.71 8008.30
3512.22 8014.51
3515.43 8023.06
3518.21 8033.73
3521.60 8046.09
3523.77 8060.42
3526.18 8077.29
3527.55 8094.52
3531.37 8111.51
3531.88 8128.44
3533.08 8145.16
3535.22 8161.56
3540.06 8177.04
3542.43 8194.17
3548.20 8209.61
3555.49 8225.06
3563.03 8239.64
3572.30 8253.48
3582.25 8266.53
3596.41 8277.35
3607.97 8288.69
3621.12 8299.49
3633.94 8309.03
3648.65 8316.84
3663.04 8324.39
3678.67 8331.68
3693.71 8338.53
3708.72 8344.75
3725.33 8350.61
3741.09 8355.03
3757.20 8358.77
3774.11 8361.74
3790.26 8364.08
3807.77 8365.89
3824.07 8366.66
3841.27 8366.87
3858.66 8366.48
3875.58 8365.34
3893.03 8363.47
3910.17 8360.79
3927.12 8356.96
3942.97 8352.90
3958.86 8348.16
3974.86 8342.76
3990.00 8336.71
4005.47 8329.89
4020.19 8322.70
4034.29 8314.57
4048.40 8305.91
4062.80 8297.07
4076.87 8286.83
4090.71 8276.20
4104.52 8265.58
4117.13 8254.48
4129.40 8243.59
4141.97 8231.75
4153.90 8219.74
4166.17 8207.39
4178.16 8195.32
4189.64 8183.77
4201.51 8171.82
4213.08 8160.20
4225.40 8147.86
4239.39 8138.32
4254.01 8130.43
4269.33 8122.16
4284.57 8114.00
4301.41 8109.16
4317.30 8104.59
4333.87 8099.87
4350.62 8095.35
4367.14 8090.94
4383.74 8088.45
4400.46 8087.43
4417.96 8087.32
4434.39 8089.19
4451.46 8092.13
4467.95 8094.97
4485.06 8097.93
4502.19 8101.60
4518.44 8106.70
4533.93 8114.71
4546.54 8126.82
4555.60 8140.97
4563.15 8155.77
4571.03 8171.32
4576.74 8187.40
4581.83 8204.24
4584.16 8220.47
4585.14 8236.75
4583.73 8253.83
4580.91 8270.94
4577.25 8287.95
4573.57 8304.97
4569.51 8321.20
4564.77 8337.60
4559.87 8354.59
4553.34 8370.17
4546.47 8386.34
4539.52 8401.97
4531.51 8417.00
4517.31 8436.59
4509.12 8451.17
4501.89 8466.29
4497.02 8481.83
4496.70 8498.59
4502.02 8514.07
4511.15 8527.45
4522.81 8539.00
4536.20 8548.83
4551.84 8556.94
4568.09 8562.20
4585.10 8566.53
4602.32 8569.33
4619.37 8570.58
4635.77 8568.55
4651.74 8565.23
4667.80 8560.10
4683.97 8549.58
4698.67 8541.14
4712.99 8532.91
4727.72 8524.45
4743.05 8515.65
4757.51 8508.15
4773.86 8501.58
4790.44 8497.11
4807.39 8494.76
4824.64 8493.79
4841.60 8493.14
4858.55 8492.50
4875.10 8491.87
4892.41 8491.22
4908.68 8490.60
4925.85 8489.95
4943.24 8489.29
4959.63 8488.66
4976.60 8488.02
4994.12 8487.35
5011.26 8486.70
5028.80 8486.04
5045.45 8488.71
5061.78 8488.80
5079.07 8489.22
5096.52 8489.65
5113.60 8491.36
5131.03 8493.19
5147.24 8494.90
5164.57 8497.01
5181.43 8501.02
5198.20 8506.51
5214.04 8511.97
5230.08 8517.55
5246.18 8522.46
5262.18 8527.81
5278.81 8533.73
5294.52 8540.45
5310.44 8546.24
5326.60 8552.11
5342.29 8557.82
5358.42 8563.68
5374.71 8569.60
5387.39 8574.17
5395.84 8577.22
5400.06 8578.77
5401.10 8579.15
5401.39 8579.26
5401.58 8579.33
5401.63 8579.35
5401.65 8579.36
5401.66 8579.36
5401.66 8579.36
5401.66 8579.36
5401.66 8579.36
5401.66 8579.36
5401.66 8579.36
5401.66 8579.36
5401.66 8579.36
5401.66 8579.36
5401.66 8579.36
5401.66 8579.36
5401.66 8579.36
5401.66 8579.36
5401.66 8579.36
5401.66 8579.36
5401.66 8579.36
5401.66 8579.36
5401.66 8579.36
5401.66 8579.36
5401.66 8579.36
5401.66 8579.36
5401.66 8579.36
5401.66 8579.36
5401.66 8579.36
5401.66 8579.36
5401.66 8579.36
5401.66 8579.36
5401.66 8579.36
5401.66 8579.36
5401.66 8579.36
5401.66 8579.36
5401.66 8579.36
5401.66 8579.36
5401.66 8579.36
5401.66 8579.36
5403.06 8579.93
5406.52 8581.56
5411.08 8584.54
5414.77 8591.07
5412.98 8600.50
5410.60 8611.79
5406.55 8624.94
5405.70 8639.80
5405.92 8654.66
5406.65 8668.25
5408.02 8681.90
5410.30 8694.86
5411.82 8703.54
5412.73 8709.02
5412.99 8710.59
5413.00 8710.68
5413.01 8710.74
5413.02 8710.76
5413.02 8710.76
5413.02 8710.76
5413.02 8710.76
5413.02 8710.76
5413.02 8710.76
5413.02 8710.76
5413.02 8710.76
5413.02 8710.76
5413.02 8710.76
5413.02 8710.76
5413.02 8710.76
5413.02 8710.76
5413.02 8710.76
5413.02 8710.76
5413.02 8710.76
5413.02 8710.76
5413.02 8710.76
5413.02 8710.76
5413.02 8710.76
5413.02 8710.76
5413.02 8710.76
5413.11 8711.31
5413.27 8712.31
5413.73 8715.12
5413.96 8716.47
5414.30 8718.53
5414.38 8719.08
5414.40 8719.19
5414.42 8719.30
5414.43 8719.34
5414.56 8720.16
5414.76 8721.33
5414.89 8722.14
5415.42 8725.37
5416.17 8729.95
5416.56 8732.29
5416.57 8732.34
5416.57 8732.36
5416.57 8732.36
5416.57 8732.37
5416.57 8732.37
5416.57 8732.37
5416.57 8732.37
5416.57 8732.37
5416.57 8732.37
5416.79 8733.68
5417.24 8736.41
5417.57 8740.77
5417.38 8745.58
5414.22 8751.84
5406.48 8756.35
5396.30 8759.09
5383.76 8762.46
5369.71 8766.30
5353.62 8770.69
5336.06 8778.92
5316.78 8782.46
5296.91 8784.83
5276.66 8787.25
5258.82 8789.37
5240.01 8791.62
5221.69 8793.80
5202.71 8796.07
5184.70 8798.21
5166.24 8800.41
5147.77 8802.62
5142.81 8812.63
5147.33 8826.00
5155.77 8836.93
5170.43 8837.87
5184.50 8838.11
5198.07 8837.61
5211.64 8836.45
5225.42 8835.26
5238.97 8834.10
5253.40 8832.86
5266.78 8831.71
5280.13 8830.56
5293.85 8829.65
5308.32 8828.89
5322.87 8828.47
5336.30 8828.09
5349.40 8826.11
5349.04 8812.00
5348.41 8797.91
5347.93 8787.23
5349.48 8781.25
5351.55 8773.19
5354.44 8762.72
5364.28 8754.10
5378.19 8750.30
5392.30 8746.49
5406.00 8742.41
5409.25 8728.50
5410.35 8714.91
5408.01 8700.94
5405.50 8686.60
5403.58 8672.57
5402.86 8659.10
5402.12 8645.30
5402.88 8631.23
5403.66 8617.63
5405.33 8603.60
5409.18 8590.17
5414.29 8577.73
5420.54 8564.80
5427.67 8553.57
5436.16 8543.22
5446.21 8533.74
5456.20 8524.92
5464.71 8517.39
5470.34 8512.41
5472.77 8510.27
5474.40 8508.82
5477.09 8505.82
5480.64 8501.78
5484.93 8496.90
5489.63 8491.55
5498.17 8489.81
5507.55 8492.16
5518.66 8493.86
5531.29 8488.59
5542.04 8478.96
5553.31 8466.38
5563.32 8454.46
5571.55 8442.21
5578.21 8428.09
5582.81 8413.20
5586.90 8397.62
5591.16 8381.34
5595.15 8366.14
5599.00 8351.46
5603.16 8335.56
5606.30 8319.73
5608.55 8303.52
5611.11 8286.53
5615.97 8272.19
5629.47 8267.01
5639.07 8277.58
5636.39 8292.34
5635.49 8308.30
5642.15 8321.58
5656.69 8326.26
5673.22 8321.87
5686.90 8315.36
5700.66 8308.05
5714.28 8298.74
5726.49 8288.67
5740.47 8278.41
5754.40 8271.63
5769.55 8264.26
5783.95 8257.25
5797.98 8252.23
5814.51 8248.25
5830.93 8245.34
5847.02 8243.48
5863.21 8242.00
5879.10 8240.99
5894.79 8240.00
5910.17 8237.03
5926.52 8233.66
5942.62 8229.53
5956.75 8223.69
5966.98 8219.00
5975.76 8213.79
5984.53 8208.44
5994.70 8202.21
6006.06 8195.21
6017.43 8188.07
6029.02 8179.48
6040.30 8170.08
6049.97 8160.06
6059.18 8149.35
6068.04 8138.70
6077.54 8127.34
6085.72 8117.55
6092.58 8109.36
6097.25 8103.78
6100.34 8100.08
6101.37 8098.84
6101.54 8098.65
6101.63 8098.53
6101.67 8098.49
6101.69 8098.46
6101.69 8098.46
6101.70 8098.46
6101.70 8098.46
6101.70 8098.46
6101.70 8098.46
6103.24 8096.61
6106.06 8093.24
6108.90 8089.85
6110.60 8087.82
6111.21 8087.08
6111.84 8086.33
6111.94 8086.21
6111.96 8086.19
6111.96 8086.19
6111.96 8086.18
6111.96 8086.18
6111.96 8086.18
6111.96 8086.18
6111.96 8086.18
6111.96 8086.18
6111.96 8086.18
6111.96 8086.18
6111.96 8086.18
6112.53 8085.51
6113.90 8083.87
6116.30 8081.00
6116.67 8080.56
6117.50 8079.56
6120.13 8076.42
6122.76 8073.29
6126.64 8068.69
6132.02 8062.34
6138.45 8054.76
6146.43 8045.35
6155.64 8034.50
6161.93 8027.08
6166.35 8022.75
6174.28 8024.06
6183.17 8029.20
6193.46 8035.46
6205.00 8042.47
6217.22 8049.90
6228.98 8057.05
6240.46 8064.04
6252.42 8071.31
6264.42 8078.60
6276.73 8086.09
6288.83 8093.45
6301.02 8100.86
6313.48 8108.43
6325.29 8115.61
6337.17 8122.84
6349.61 8130.40
6361.43 8137.59
6369.99 8142.79
6375.14 8145.92
6377.30 8147.24
6379.05 8148.37
6382.39 8150.74
6387.26 8154.73
6393.14 8160.48
6400.01 8167.72
6407.98 8176.12
6417.03 8185.67
6426.51 8195.67
6436.55 8206.27
6445.88 8216.10
6455.85 8226.62
6465.44 8236.74
6474.74 8246.55
6484.25 8256.58
6493.56 8266.40
6503.34 8276.72
6513.01 8286.92
6522.87 8291.00
6529.68 8278.34
6536.58 8265.51
6543.26 8253.08
6549.67 8241.17
6556.34 8228.77
6562.98 8215.70
6569.29 8202.40
6575.42 8189.50
6581.97 8176.94
6587.98 8165.55
6592.14 8157.68
6594.35 8153.50
6597.81 8147.12
6602.07 8139.51
6607.59 8129.69
6614.27 8117.79
6622.19 8105.63
6629.95 8093.84
6640.14 8083.35
6651.67 8075.55
6661.66 8067.00
6670.41 8056.25
6679.54 8045.01
6688.71 8033.74
6697.60 8022.80
6706.24 8012.18
6715.41 8000.89
6723.84 7990.52
6732.70 7979.63
6741.51 7968.79
6747.49 7961.44
6751.17 7958.24
6757.14 7959.26
6763.47 7963.93
6771.38 7969.89
6781.38 7977.43
6792.78 7986.03
6803.71 7994.27
6815.30 8003.01
6823.75 8009.38
6829.27 8013.54
6831.19 8014.99
6831.71 8015.38
6831.73 8015.40
6831.73 8015.40
6831.73 8015.40
6831.73 8015.40
6831.73 8015.40
6831.73 8015.40
6831.73 8015.40
6831.73 8015.40
6831.73 8015.40
6831.73 8015.40
6831.73 8015.40
6831.73 8015.40
6831.73 8015.40
6831.73 8015.40
6831.73 8015.40
6831.73 8015.40
6831.73 8015.40
6831.73 8015.40
6831.73 8015.40
6831.73 8015.40
6831.73 8015.40
6831.73 8015.40
6831.73 8015.40
6831.73 8015.40
6831.73 8015.40
6831.73 8015.40
6831.73 8015.40
6831.73 8015.40
6831.73 8015.40
6831.73 8015.40
6831.73 8015.40
6831.73 8015.40
6831.73 8015.40
6831.73 8015.40
6831.73 8015.40
6831.73 8015.40
6831.73 8015.40
6831.73 8015.40
6833.82 8016.71
6840.32 8015.40
6843.90 8008.45
6848.19 8000.15
6853.23 7990.38
6859.43 7978.38
6863.75 7970.00
6867.05 7966.52
6873.39 7967.50
6880.03 7973.01
6888.13 7980.37
6897.64 7989.01
6907.73 7998.16
6917.74 8007.25
6928.07 8008.02
6934.90 7996.06
6941.99 7983.61
6950.62 7972.09
6960.35 7964.72
6967.26 7959.48
6971.07 7956.60
6976.41 7953.01
6983.96 7948.75
6994.15 7943.93
7006.36 7939.94
7020.02 7936.03
7033.10 7932.29
7045.89 7928.18
7058.60 7923.64
7070.79 7919.40
7079.88 7916.70
7084.66 7915.29
7090.34 7913.44
7098.54 7912.19
7109.10 7913.96
7122.10 7915.14
7135.99 7914.81
7150.11 7911.78
7163.79 7906.70
7176.47 7899.74
7187.78 7891.59
7196.02 7880.84
7202.47 7868.64
7207.48 7854.95
7210.56 7841.22
7212.86 7827.77
7214.62 7813.21
7216.32 7799.21
7217.94 7785.74
7219.61 7771.88
7220.76 7758.14
7221.25 7744.36
7221.68 7730.29
7221.64 7716.33
7221.50 7702.93
7221.36 7689.10
7221.22 7674.62
7220.15 7660.43
7218.50 7646.73
7216.95 7633.87
7215.71 7624.10
7215.02 7618.79
7214.79 7616.99
7214.62 7615.70
7214.44 7614.34
7214.24 7612.78
7214.08 7611.51
7214.06 7611.39
7214.05 7611.28
7214.03 7611.19
7214.03 7611.18
7214.03 7611.17
7213.97 7610.72
7213.66 7608.32
7213.24 7605.08
7212.70 7600.88
7211.85 7594.34
7211.08 7588.42
7216.70 7584.86
7227.01 7583.29
7234.95 7586.61
7236.93 7599.95
7238.89 7613.25
7240.97 7627.29
7242.99 7640.97
7244.96 7654.30
7246.93 7667.68
7249.06 7682.06
7254.31 7695.04
7256.46 7709.56
7258.56 7723.79
7260.58 7737.48
7262.56 7750.85
7264.60 7764.67
7266.57 7777.99
7268.71 7792.48
7270.79 7806.56
7272.90 7820.84
7274.96 7834.77
7276.99 7848.47
7279.13 7862.96
7281.20 7877.00
7283.22 7890.69
7285.42 7903.65
7290.85 7916.00
7293.62 7929.48
7295.52 7942.94
7297.44 7956.60
7298.55 7970.86
7298.86 7984.92
7299.16 7998.47
7299.47 8012.91
7299.79 8027.37
7300.09 8041.12
7300.66 8055.36
7301.25 8069.74
7301.82 8083.73
7302.40 8098.05
7302.98 8112.18
7303.54 8125.82
7304.11 8139.96
7304.69 8154.01
7305.29 8168.73
7305.84 8182.18
7306.39 8195.64
7306.94 8209.42
7304.31 8222.29
7304.74 8236.53
7304.68 8251.08
7305.30 8265.21
7305.94 8279.22
7306.60 8293.64
7307.26 8307.90
7307.88 8321.47
7308.50 8334.93
7308.91 8348.70
7308.89 8362.47
7308.88 8375.83
7308.87 8389.70
7308.86 8403.92
7308.85 8418.25
7312.09 8431.85
7311.54 8446.07
7311.03 8459.24
7310.53 8472.29
7309.99 8483.54
7309.38 8495.41
7308.62 8506.27
7307.88 8516.43
7307.09 8527.47
7306.09 8537.36
7304.93 8547.14
7303.75 8557.10
7302.93 8564.01
7302.53 8567.37
7302.51 8567.58
7302.50 8567.69
7302.49 8567.74
7302.49 8567.74
7302.49 8567.75
7302.49 8567.75
7302.49 8567.75
7299.11 8568.27
7298.70 8571.71
7298.09 8576.83
7297.18 8584.54
7295.95 8594.90
7294.58 8606.72
7293.01 8621.02
7291.66 8634.93
7290.33 8648.69
7289.99 8662.97
7290.02 8676.45
7290.05 8689.59
7290.04 8702.18
7290.00 8714.47
7289.94 8726.18
7289.87 8738.16
7293.14 8749.59
7293.37 8762.76
7295.53 8775.33
7300.06 8786.62
7304.99 8796.90
7310.75 8805.80
7317.80 8814.88
7324.33 8823.30
7331.52 8832.57
7338.10 8841.38
7344.63 8850.74
7348.62 8856.46
7350.69 8859.43
7351.37 8860.40
7351.70 8860.88
7351.73 8860.92
7351.74 8860.94
7351.75 8860.94
7351.75 8860.94
7351.75 8860.94
7351.75 8860.94
7351.75 8860.94
7351.75 8860.94
7351.75 8860.94
7353.10 8862.23
7357.22 8863.11
7363.95 8863.16
7372.34 8862.78
7382.45 8863.25
7394.54 8865.62
7407.86 8868.25
7421.45 8874.29
7434.64 8878.56
7443.47 8882.20
7449.06 8884.60
7451.24 8885.54
7452.00 8885.87
7452.12 8885.92
7452.14 8885.93
7452.15 8885.93
7452.15 8885.93
7452.15 8885.93
7452.15 8885.93
7452.15 8885.93
7452.15 8885.93
7452.15 8885.93
7452.15 8885.93
7452.15 8885.93
7452.15 8885.93
7452.15 8885.93
7452.15 8885.93
7452.15 8885.93
7452.15 8885.93
7452.15 8885.93
7452.15 8885.93
7452.15 8885.93
7452.15 8885.93
7452.15 8885.93
7452.15 8885.93
7454.54 8887.11
7459.36 8889.66
7466.10 8893.23
7474.28 8898.62
7484.02 8906.23
7494.47 8915.57
7504.52 8925.90
7516.38 8933.47
7526.45 8943.95
7536.52 8954.43
7546.21 8964.51
7556.01 8974.71
7565.30 8984.38
7574.99 8994.45
7584.45 9004.30
7594.52 9014.77
7605.19 9024.62
7615.94 9033.82
7627.21 9043.19
7638.08 9051.00
7650.55 9058.56
7663.61 9065.14
7676.91 9071.02
7689.30 9076.36
7701.66 9081.55
7714.12 9086.78
7727.12 9092.53
7739.04 9098.61
7751.70 9105.67
7763.48 9113.33
7774.63 9121.42
7785.29 9130.30
7795.30 9139.68
7805.04 9150.06
7814.18 9160.28
7823.18 9171.28
7831.99 9182.16
7840.79 9193.19
7849.89 9204.59
7858.21 9215.03
7866.69 9225.66
7875.75 9237.01
7884.65 9247.14
7894.31 9257.66
7903.49 9267.66
7913.80 9277.85
7923.98 9287.81
7934.93 9297.29
7945.77 9306.49
7956.63 9314.76
7967.86 9323.32
7979.65 9332.08
7991.23 9339.89
8002.95 9347.80
8014.14 9355.34
8025.42 9362.95
8037.19 9370.89
8048.24 9378.35
8059.35 9385.84
8071.53 9394.11
8083.50 9402.36
8095.07 9410.34
8106.85 9418.46
8118.61 9426.57
8129.11 9433.81
8135.90 9438.49
8138.98 9440.62
8139.11 9440.70
8139.16 9440.74
8139.16 9440.74
8139.17 9440.74
8139.17 9440.74
8139.17 9440.74
8139.17 9440.74
8139.17 9440.74
8139.17 9440.74
8139.17 9440.74
8139.17 9440.74
8139.17 9440.74
8139.17 9440.74
8140.87 9442.02
8144.42 9444.91
8149.33 9448.89
8156.15 9454.62
8163.57 9461.59
8172.15 9469.63
8182.08 9478.95
8192.48 9488.70
8202.60 9498.19
8212.76 9507.72
8223.04 9517.36
8233.12 9526.81
8243.71 9536.75
8253.92 9546.33
8263.69 9555.49
8273.72 9564.90
8284.21 9574.74
8294.93 9584.79
8305.00 9594.23
8312.91 9601.65
8317.54 9606.00
8318.89 9607.27
8319.37 9607.71
