8887.37 8429.10
8889.26 8430.20
8893.17 8432.47
8899.29 8436.02
8906.83 8440.39
8915.77 8445.59
8924.83 8453.32
8932.20 8463.36
8927.93 8476.73
8920.46 8489.20
8913.05 8501.56
8905.78 8513.69
8898.52 8525.80
8890.99 8538.36
8883.74 8550.45
8878.80 8558.69
8875.35 8563.36
8867.25 8562.41
8858.35 8557.08
8847.72 8550.72
8835.57 8543.45
8823.68 8536.33
8812.35 8529.55
8800.37 8522.38
8788.73 8515.41
8776.31 8507.97
8764.82 8501.09
8753.11 8494.09
8741.39 8487.07
8729.44 8479.92
8717.35 8472.69
8705.31 8465.47
8693.13 8458.19
8680.57 8450.66
8668.32 8443.33
8656.55 8436.29
8645.81 8429.86
8638.93 8425.74
8635.22 8423.52
8632.51 8419.01
8633.42 8409.84
8638.99 8400.26
8645.94 8388.30
8652.73 8376.47
8660.03 8363.83
8667.34 8351.86
8672.61 8343.70
8676.08 8338.32
8678.75 8331.65
8676.95 8321.32
8683.25 8306.14
8695.77 8298.03
8702.67 8286.56
8709.67 8274.78
8716.82 8262.76
8724.11 8250.48
8731.01 8238.87
8738.06 8227.01
8745.19 8215.01
8752.66 8202.45
8759.43 8191.04
8766.63 8178.94
8773.75 8166.96
8780.95 8154.83
8787.95 8143.15
8795.43 8130.80
8803.04 8118.59
8811.02 8106.93
8818.49 8096.03
8824.49 8087.25
8827.96 8082.20
8829.90 8079.35
8830.08 8079.09
8830.21 8078.90
8830.22 8078.89
8830.22 8078.89
8830.22 8078.89
8830.22 8078.89
8830.22 8078.89
8830.22 8078.89
8831.08 8077.48
8830.46 8074.30
8825.80 8071.52
8819.38 8068.28
8811.31 8064.64
8800.68 8059.86
8788.51 8054.39
8775.69 8048.61
8762.62 8042.73
8750.33 8037.20
8737.59 8031.47
8724.38 8025.52
8711.49 8019.86
8697.90 8014.51
8684.44 8009.20
8671.55 8004.12
8658.57 7999.01
8645.13 7993.71
8632.36 7988.68
8619.02 7983.42
8606.76 7978.67
8593.95 7974.15
8581.29 7969.69
8568.42 7965.16
8555.27 7960.52
8542.72 7956.10
8529.25 7951.25
8516.76 7946.91
8503.86 7942.72
8490.60 7938.60
8476.73 7934.29
8464.19 7930.38
8451.54 7926.45
8438.11 7922.27
8425.02 7918.20
8411.78 7914.09
8399.24 7910.19
8386.00 7906.19
8372.36 7902.19
8359.58 7898.64
8346.15 7894.96
8333.15 7891.39
8320.19 7884.40
8307.26 7880.85
8294.44 7877.52
8281.28 7874.11
8267.30 7870.48
8253.77 7866.98
8239.68 7863.33
8226.10 7859.81
8213.04 7856.42
8198.85 7852.94
8185.41 7850.21
8172.32 7847.85
8158.38 7845.24
8144.75 7842.68
8130.63 7840.04
8117.41 7837.56
8103.45 7834.94
8089.62 7832.35
8075.53 7829.64
8062.29 7826.02
8048.83 7822.34
8035.40 7818.67
8022.33 7815.09
8008.46 7812.93
7994.39 7810.73
7980.08 7808.50
7966.52 7806.39
7952.85 7803.92
7939.18 7801.26
7929.62 7799.41
7922.87 7798.09
7920.53 7797.64
7920.00 7797.54
7919.92 7797.52
7919.90 7797.52
7919.89 7797.51
7919.89 7797.51
7919.89 7797.51
7919.52 7797.44
7918.38 7797.22
7915.24 7796.61
7910.58 7795.70
7903.05 7794.24
7893.80 7792.44
7881.80 7790.01
7870.98 7787.71
7858.61 7784.85
7846.93 7782.14
7834.90 7779.36
7823.84 7776.81
7812.20 7774.11
7801.02 7771.53
7790.19 7769.25
7779.21 7767.03
7767.55 7764.67
7755.99 7762.33
7745.47 7760.20
7734.56 7758.00
7722.97 7755.65
7712.19 7750.10
7699.18 7747.47
7685.85 7744.77
7673.90 7742.35
7662.49 7740.10
7651.23 7737.96
7638.70 7735.58
7627.19 7733.39
7616.71 7731.40
7605.50 7729.27
7595.68 7724.05
7582.96 7721.63
7570.44 7719.25
7558.14 7716.92
7545.77 7714.62
7532.19 7712.09
7518.81 7709.60
7505.45 7707.11
7494.02 7704.98
7479.82 7702.34
7466.03 7699.77
7453.87 7697.50
7439.90 7694.90
7427.59 7692.61
7414.94 7690.26
7402.28 7687.90
7390.39 7685.68
7378.03 7683.38
7364.63 7680.89
7351.08 7678.36
7338.10 7675.94
7324.42 7673.40
7310.26 7670.76
7297.63 7668.41
7286.10 7666.26
7273.18 7663.85
7262.56 7661.88
7256.33 7660.72
7250.96 7659.72
7242.83 7658.22
7233.12 7656.49
7222.03 7657.90
7209.33 7655.67
7195.33 7653.20
7182.01 7650.84
7167.97 7648.36
7154.75 7645.97
7141.35 7643.54
7127.34 7641.01
7113.43 7638.49
7100.08 7636.08
7086.30 7633.58
7072.80 7631.14
7058.96 7628.64
7044.89 7625.86
7031.14 7622.42
7017.46 7618.99
7003.69 7615.54
6989.71 7612.03
6976.18 7608.31
6960.14 7603.67
6944.71 7598.76
6927.40 7591.21
6909.06 7582.54
6891.29 7574.15
6873.88 7564.50
6856.19 7554.20
6840.73 7545.21
6826.67 7537.00
6812.47 7528.24
6797.55 7519.03
6783.45 7510.33
6769.16 7501.83
6757.63 7491.53
6746.81 7485.42
6739.20 7481.12
6734.64 7478.54
6733.73 7478.03
6733.72 7478.02
6733.72 7478.02
6733.72 7478.02
6733.72 7478.02
6733.72 7478.02
6733.72 7478.02
6733.72 7478.02
6733.72 7478.02
6733.72 7478.02
6733.72 7478.02
6733.72 7478.02
6733.72 7478.02
6733.72 7478.02
6733.72 7478.02
6733.72 7478.02
6733.72 7478.02
6733.72 7478.02
6733.72 7478.02
6733.72 7478.02
6733.72 7478.02
6733.72 7478.02
6733.72 7478.02
6733.72 7478.02
6733.72 7478.02
6733.72 7478.02
6733.72 7478.02
6733.72 7478.02
6733.72 7478.02
6733.72 7478.02
6733.72 7478.02
6733.72 7478.02
6733.72 7478.02
6733.72 7478.02
6733.72 7478.02
6733.72 7478.02
6733.72 7478.02
6733.72 7478.02
6733.72 7478.02
6733.72 7478.02
6733.72 7478.02
6733.72 7478.02
6733.72 7478.02
6733.72 7478.02
6733.72 7478.02
6733.72 7478.02
6733.72 7478.02
6732.15 7477.10
6728.15 7474.63
6721.96 7470.80
6713.34 7465.31
6702.22 7458.12
6689.78 7450.07
6679.16 7441.68
6667.63 7434.69
6655.13 7427.36
6644.66 7419.29
6636.42 7408.89
6628.57 7397.11
6621.40 7385.67
6614.36 7374.46
6607.01 7362.75
6599.42 7350.66
6592.37 7339.44
6584.58 7327.57
6576.10 7315.70
6568.11 7304.55
6560.37 7293.75
6549.63 7284.43
6541.13 7272.56
6533.08 7261.33
6524.85 7249.83
6516.54 7238.24
6510.50 7230.59
6501.94 7222.96
6492.60 7212.74
6484.60 7201.07
6476.38 7189.08
6468.89 7178.16
6460.87 7166.46
6452.82 7154.72
6445.16 7143.54
6437.05 7131.71
6429.50 7120.70
6422.13 7109.77
6414.42 7097.60
6406.97 7085.63
6399.55 7073.73
6392.28 7061.88
6385.71 7049.32
6380.32 7036.17
6376.93 7022.32
6376.00 7007.98
6374.33 6993.55
6378.77 6979.36
6383.44 6965.34
6389.29 6952.01
6394.88 6938.61
6399.99 6925.51
6405.16 6912.24
6409.16 6902.01
6411.59 6895.78
6413.08 6891.95
6413.23 6891.56
6413.25 6891.51
6413.26 6891.50
6413.26 6891.50
6413.26 6891.50
6413.26 6891.50
6413.26 6891.50
6413.26 6891.50
6413.26 6891.50
6413.26 6891.50
6413.26 6891.50
6413.26 6891.50
6413.26 6891.50
6413.26 6891.50
6413.26 6891.50
6413.26 6891.50
6413.26 6891.50
6413.26 6891.50
6413.26 6891.50
6413.26 6891.50
6413.26 6891.50
6413.26 6891.50
6413.26 6891.50
6413.26 6891.50
6413.26 6891.50
6413.26 6891.50
6413.26 6891.50
6413.26 6891.50
6413.26 6891.50
6413.26 6891.50
6413.26 6891.50
6413.26 6891.50
6413.26 6891.50
6413.26 6891.50
6413.94 6889.74
6415.53 6885.59
6417.92 6879.37
6421.21 6870.69
6425.34 6859.61
6430.19 6846.61
6434.83 6834.16
6438.04 6825.54
6439.69 6821.13
6439.96 6820.41
6440.01 6820.26
6440.02 6820.25
6440.02 6820.24
6440.02 6820.24
6440.02 6820.24
6440.02 6820.24
6440.02 6820.24
6440.02 6820.24
6440.02 6820.24
6440.02 6820.24
6440.02 6820.24
6440.02 6820.24
6440.02 6820.24
6440.02 6820.24
6440.02 6820.24
6440.02 6820.24
6440.02 6820.24
6440.02 6820.24
6440.02 6820.24
6440.02 6820.24
6440.02 6820.24
6440.02 6820.24
6440.02 6820.24
6440.02 6820.24
6440.02 6820.24
6440.02 6820.24
6440.02 6820.24
6440.02 6820.24
6440.02 6820.24
6440.02 6820.24
6440.02 6820.24
6440.02 6820.24
6440.02 6820.24
6440.02 6820.24
6440.02 6820.24
6440.53 6818.39
6438.90 6815.66
6433.69 6813.89
6425.80 6811.43
6415.70 6808.28
6403.61 6804.50
6390.20 6800.03
6377.61 6794.30
6365.04 6788.73
6352.10 6782.99
6339.85 6777.56
6326.83 6771.79
6313.75 6765.99
6301.38 6760.51
6288.18 6755.01
6275.02 6749.98
6264.41 6742.51
6251.53 6737.92
6238.42 6733.38
6225.09 6729.13
6211.16 6725.62
6198.10 6723.26
6187.43 6721.34
6179.78 6719.96
6176.55 6719.38
6176.41 6719.36
6176.33 6719.34
6176.31 6719.34
6176.30 6719.34
6176.30 6719.34
6176.30 6719.34
6176.30 6719.34
6176.30 6719.34
6176.30 6719.34
6176.30 6719.34
6176.30 6719.34
6176.30 6719.34
6176.30 6719.34
6176.30 6719.34
6176.30 6719.34
6176.30 6719.34
6176.30 6719.34
6176.30 6719.34
6176.30 6719.34
6176.30 6719.34
6174.35 6719.00
6170.83 6718.42
6165.66 6717.57
6158.46 6716.41
6149.26 6715.04
6137.18 6713.24
6123.23 6711.16
6109.33 6709.10
6095.53 6707.04
6081.26 6704.92
6067.30 6702.84
6053.42 6700.78
6038.99 6701.96
6025.08 6699.91
6011.92 6697.97
5998.20 6695.96
5983.92 6693.85
5969.63 6689.10
5957.18 6684.33
5944.03 6679.13
5930.95 6673.76
5918.06 6668.38
5905.39 6663.08
5893.19 6658.00
5880.03 6652.54
5867.58 6647.38
5854.12 6641.83
5841.88 6636.81
5829.27 6631.59
5815.80 6626.28
5803.63 6621.22
5790.75 6616.27
5777.20 6611.26
5764.69 6606.13
5752.04 6601.04
5738.90 6596.19
5729.36 6592.68
5723.21 6590.41
5720.73 6589.50
5720.05 6589.25
5719.84 6589.17
5719.82 6589.17
5719.82 6589.17
5719.82 6589.17
5719.82 6589.17
5719.82 6589.17
5719.82 6589.17
5719.82 6589.17
5719.82 6589.17
5719.82 6589.17
5719.82 6589.17
5719.82 6589.17
5719.82 6589.17
5719.82 6589.17
5719.82 6589.17
5719.82 6589.17
5719.82 6589.17
5719.82 6589.17
5719.82 6589.17
5719.82 6589.17
5719.82 6589.17
5719.82 6589.17
5719.82 6589.17
5719.82 6589.17
5719.82 6589.17
5719.82 6589.17
5719.82 6589.17
5719.82 6589.17
5719.82 6589.17
5719.82 6589.17
5719.82 6589.17
5719.82 6589.17
5719.82 6589.17
5719.82 6589.17
5719.82 6589.17
5719.82 6589.17
5719.82 6589.17
5719.82 6589.17
5719.82 6589.17
5719.82 6589.17
5719.82 6589.17
5719.82 6589.17
5719.82 6589.17
5719.82 6589.17
5719.82 6589.17
5719.82 6589.17
5719.82 6589.17
5719.82 6589.17
5719.82 6589.17
5719.82 6589.17
5718.04 6588.49
5714.44 6587.06
5708.86 6584.84
5702.95 6578.91
5693.15 6574.71
5681.32 6569.63
5668.80 6564.26
5655.43 6558.67
5642.47 6553.53
5629.15 6548.24
5615.93 6542.99
5603.47 6538.04
5591.12 6533.14
5578.03 6527.96
5564.56 6522.61
5551.24 6517.32
5537.89 6512.02
5528.74 6508.33
5523.77 6506.30
5522.66 6505.85
5522.26 6505.69
5522.08 6505.61
5522.00 6505.58
5521.98 6505.57
5521.97 6505.57
5521.97 6505.56
5521.97 6505.56
5521.97 6505.56
5521.97 6505.56
5521.97 6505.56
5521.97 6505.56
5521.97 6505.56
5521.97 6505.56
5521.97 6505.56
5521.97 6505.56
5521.97 6505.56
5521.97 6505.56
5521.97 6505.56
5521.97 6505.56
5521.97 6505.56
5521.97 6505.56
5519.79 6504.68
5516.16 6503.20
5512.07 6501.25
5506.19 6498.31
5498.52 6494.46
5488.61 6489.50
5477.35 6483.97
5464.42 6479.16
5451.22 6474.39
5438.46 6469.99
5425.54 6466.29
5411.98 6463.64
5398.63 6461.81
5384.19 6460.11
5369.78 6458.76
5356.36 6457.44
5341.76 6456.03
5328.07 6454.83
5314.16 6453.41
5300.39 6451.97
5285.82 6450.45
5272.48 6449.01
5258.05 6447.42
5243.95 6445.87
5230.54 6444.40
5216.26 6446.15
5202.76 6444.69
5189.25 6443.22
5175.33 6441.85
5161.22 6440.50
5147.89 6439.02
5134.18 6437.51
5120.39 6435.98
5106.00 6434.40
5092.60 6432.95
5078.61 6431.44
5064.80 6429.96
5050.73 6428.50
5036.41 6427.03
5022.47 6425.61
5009.38 6424.27
4995.35 6422.84
4981.50 6421.72
4967.66 6420.80
4954.17 6419.90
4941.02 6418.72
4927.67 6416.93
4914.56 6415.18
4904.59 6413.84
4892.10 6412.10
4878.90 6410.12
4865.50 6408.02
4851.53 6405.53
4838.18 6403.06
4824.75 6400.62
4810.55 6398.72
4797.52 6396.66
4783.19 6394.22
4769.37 6392.01
4755.84 6389.86
4742.19 6387.64
4727.92 6385.27
4713.38 6383.56
4699.95 6381.61
4686.07 6378.57
4673.19 6373.57
4662.89 6369.09
4656.05 6365.66
4652.61 6363.41
4652.37 6363.25
4652.36 6363.25
4652.36 6363.25
4652.36 6363.25
4652.36 6363.25
4652.36 6363.25
4652.36 6363.25
4652.36 6363.25
4652.36 6363.25
4652.36 6363.25
4652.36 6363.25
4652.36 6363.25
4652.36 6363.25
4652.36 6363.25
4652.36 6363.25
4652.36 6363.25
4652.36 6363.25
4652.36 6363.25
4652.36 6363.25
4652.36 6363.25
4652.36 6363.25
4652.36 6363.25
4652.36 6363.25
4652.36 6363.25
4652.36 6363.25
4652.36 6363.25
4652.36 6363.25
4652.36 6363.25
4652.36 6363.25
4652.36 6363.25
4650.17 6361.76
4646.62 6359.30
4641.42 6355.68
4634.96 6350.70
4625.82 6344.39
4615.16 6337.17
4604.01 6329.61
4592.75 6321.29
4582.11 6313.26
4570.64 6304.59
4559.92 6296.45
4548.62 6287.98
4537.51 6279.82
4525.89 6271.41
4514.35 6263.37
4503.00 6255.27
4491.34 6246.71
4480.31 6238.61
4468.91 6230.17
4458.42 6222.05
4446.89 6213.15
4435.85 6204.60
4425.31 6196.41
4413.90 6190.89
4406.09 6187.11
4400.93 6184.61
4399.65 6183.99
4399.38 6183.86
4399.34 6183.84
4399.33 6183.84
4399.33 6183.84
4399.33 6183.84
4399.33 6183.84
4399.33 6183.84
4399.33 6183.84
4399.33 6183.84
4399.33 6183.84
4399.33 6183.84
4399.33 6183.84
4399.33 6183.84
4397.42 6182.89
4393.20 6180.81
4386.39 6179.44
4377.42 6178.74
4365.74 6177.83
4351.73 6176.74
4337.74 6175.21
4324.38 6173.80
4310.40 6172.77
4296.21 6171.72
4282.18 6171.79
4267.80 6172.64
4253.97 6173.46
4239.80 6174.30
4225.44 6175.15
4212.05 6176.40
4198.66 6178.08
4184.50 6180.22
4170.47 6183.50
4157.07 6187.14
4143.80 6190.48
4129.55 6193.46
4116.51 6196.18
4102.67 6202.79
4089.89 6206.01
4076.71 6209.31
4062.83 6212.46
4049.48 6215.50
4036.60 6218.43
4022.80 6221.64
4009.30 6224.42
3995.67 6226.76
3981.69 6228.94
3967.78 6230.99
3955.70 6232.50
3947.74 6233.51
3943.93 6233.99
3943.52 6234.05
3943.49 6234.05
3943.46 6234.05
3943.46 6234.05
3940.91 6234.38
3935.94 6235.02
3928.57 6235.99
3919.58 6237.25
3908.71 6238.78
3896.12 6240.56
3881.68 6242.60
3867.78 6244.57
3853.04 6246.65
3839.90 6248.51
3827.39 6245.97
3814.98 6240.73
3803.38 6233.04
3792.43 6225.50
3780.97 6219.43
3767.13 6217.62
3753.94 6221.56
3740.71 6227.25
3727.82 6232.80
3714.40 6238.31
3701.11 6243.65
3688.06 6248.89
3674.70 6254.26
3661.27 6259.35
3647.76 6263.31
3634.03 6267.33
3620.02 6269.55
3605.68 6271.46
3591.43 6273.36
3577.31 6275.24
3562.99 6277.02
3548.51 6278.70
3534.65 6280.35
3520.47 6282.09
3506.37 6283.82
3492.20 6285.60
3477.94 6287.82
3466.37 6290.07
3458.49 6291.61
3454.82 6292.33
3454.63 6292.37
3454.62 6292.37
3454.62 6292.37
3454.62 6292.37
3454.62 6292.37
3454.62 6292.37
3454.62 6292.37
3454.62 6292.37
3454.62 6292.37
3454.62 6292.37
3454.62 6292.37
3454.62 6292.37
3454.62 6292.37
3454.62 6292.37
3454.62 6292.37
3454.62 6292.37
3454.62 6292.37
3454.62 6292.37
3454.62 6292.37
3454.62 6292.37
3454.62 6292.37
3454.62 6292.37
3454.62 6292.37
3454.62 6292.37
3454.62 6292.37
3454.62 6292.37
3454.62 6292.37
3454.62 6292.37
3454.62 6292.37
3454.62 6292.37
3454.62 6292.37
3454.62 6292.37
3454.62 6292.37
3454.62 6292.37
3454.62 6292.37
3454.62 6292.37
3454.62 6292.37
3454.62 6292.37
3454.62 6292.37
3451.75 6292.91
3446.00 6293.76
3437.41 6293.62
3426.22 6293.20
3412.52 6292.68
3398.06 6292.01
3383.80 6291.31
3369.40 6290.63
3355.52 6289.38
3341.64 6287.75
3327.27 6286.06
3312.99 6283.22
3299.25 6280.18
3285.90 6273.70
3271.75 6270.44
3257.87 6266.73
3244.59 6262.68
3231.30 6257.86
3218.00 6252.49
3204.97 6250.39
3192.03 6245.01
3179.01 6239.71
3168.81 6235.64
3161.92 6232.88
3158.18 6231.39
3158.04 6231.33
3158.00 6231.31
3157.98 6231.31
3157.97 6231.30
3157.97 6231.30
3157.97 6231.30
3157.97 6231.30
3157.97 6231.30
3157.97 6231.30
3157.97 6231.30
3157.97 6231.30
3157.97 6231.30
3157.97 6231.30
3157.97 6231.30
3157.97 6231.30
3156.44 6230.68
3153.04 6229.13
3148.45 6226.26
3141.90 6222.14
3133.88 6217.08
3124.41 6211.11
3113.16 6204.02
3101.80 6196.86
3090.59 6189.79
3078.50 6182.16
3066.60 6174.66
3054.50 6167.03
3043.29 6159.97
3031.09 6152.58
3018.84 6145.45
3006.76 6138.43
2994.80 6131.47
2983.33 6124.79
2970.10 6120.92
2957.93 6113.84
2945.86 6107.41
2933.11 6100.83
2921.36 6094.77
2909.05 6088.42
2896.95 6082.18
2884.34 6076.56
2871.20 6070.88
2857.90 6065.12
2845.26 6059.44
2833.25 6054.01
2819.91 6048.98
2806.95 6044.85
2793.74 6040.57
2780.29 6035.85
2767.48 6031.34
2754.26 6026.69
2741.06 6023.13
2727.44 6019.79
2714.15 6016.40
2700.22 6012.56
2687.17 6008.97
2673.84 6005.30
2660.26 6001.57
2646.82 5997.87
2633.69 5994.27
2619.72 5991.22
2606.02 5988.33
2592.56 5985.59
2578.56 5982.74
2565.02 5980.03
2551.74 5977.50
2537.68 5974.83
2524.74 5972.31
2511.21 5969.61
2496.94 5966.76
2483.72 5964.12
2470.14 5961.42
2457.22 5958.92
2443.79 5956.33
2429.47 5953.57
2415.53 5950.89
2401.44 5948.17
2387.88 5945.56
2373.85 5942.86
2359.58 5940.11
2346.15 5937.52
2333.32 5931.69
2320.25 5929.18
2305.99 5926.43
2291.95 5923.72
2278.94 5921.22
2264.62 5918.46
2251.23 5915.88
2236.98 5913.14
2222.04 5913.61
2209.57 5907.86
2195.65 5905.18
2182.44 5902.63
2168.49 5899.78
2154.47 5896.92
2140.58 5894.09
2126.54 5891.22
2112.68 5887.68
2099.09 5884.17
2086.21 5880.84
2073.34 5877.51
2060.04 5873.27
2046.62 5868.86
2034.40 5861.37
2021.11 5856.83
2007.63 5852.20
1995.20 5847.31
1982.25 5842.00
1968.74 5836.47
1955.31 5830.96
1942.56 5825.43
1929.96 5819.86
1917.11 5814.18
1903.97 5808.03
1891.65 5801.38
1880.32 5794.37
1869.07 5787.40
1857.38 5780.17
1845.05 5772.54
1834.20 5765.82
1826.14 5760.83
1821.90 5758.21
1821.47 5757.95
1821.29 5757.84
1818.21 5756.45
1812.03 5756.74
1806.65 5762.80
1799.62 5765.70
1791.12 5771.24
1780.63 5776.64
1772.48 5776.41
1767.63 5775.98
1760.72 5773.65
1751.93 5768.27
1744.01 5758.68
1738.88 5747.18
1737.70 5738.13
1738.22 5733.43
1740.49 5727.18
1743.34 5719.34
1746.81 5709.78
1752.29 5700.09
1764.48 5693.13
1778.22 5690.47
1792.07 5692.38
