7735.23 8584.23
7738.71 8583.98
7737.08 8579.85
7735.42 8574.13
7735.64 8565.66
7737.65 8555.66
7743.81 8546.36
7753.46 8539.76
7763.77 8536.60
7775.25 8536.44
7787.04 8538.30
7797.67 8541.41
7809.63 8541.47
7821.53 8545.29
7832.52 8549.09
7843.33 8553.21
7855.04 8557.68
7865.73 8561.75
7876.75 8565.95
7888.27 8570.55
7898.67 8575.30
7909.46 8581.01
7919.16 8587.37
7929.37 8594.06
7939.27 8600.56
7949.46 8607.25
7958.81 8613.47
7968.05 8620.21
7977.76 8627.29
7987.00 8634.03
7996.48 8640.94
8005.54 8647.55
8015.12 8654.53
8024.23 8661.18
8033.62 8668.03
8042.70 8674.64
8051.79 8681.28
8062.34 8687.81
8072.80 8693.69
8083.42 8699.66
8094.00 8705.60
8104.07 8711.26
8114.48 8717.11
8125.14 8723.10
8136.07 8729.23
8146.90 8735.32
8157.83 8741.46
8168.17 8747.24
8178.88 8753.12
8189.26 8758.82
8199.85 8762.47
8210.92 8764.51
8223.24 8764.00
8235.31 8761.96
8243.00 8757.34
8247.66 8747.60
8251.66 8739.44
8257.05 8731.05
8262.14 8722.66
8267.08 8714.33
8271.95 8706.22
8276.82 8697.72
8280.94 8689.40
8285.23 8680.84
8289.76 8672.06
8294.23 8663.18
8298.14 8654.98
8302.50 8645.74
8306.79 8636.66
8310.52 8627.35
8313.28 8618.50
8316.13 8609.35
8319.22 8599.43
8322.18 8589.92
8324.93 8581.06
8327.73 8572.09
8330.68 8562.62
8333.64 8553.09
8336.58 8543.65
8339.36 8534.72
8342.18 8525.66
8344.89 8516.95
8347.67 8508.01
8350.59 8498.66
8353.63 8489.09
8356.81 8479.13
8360.24 8470.25
8363.86 8461.49
8367.68 8452.25
8371.30 8443.49
8376.05 8434.41
8380.85 8426.17
8383.54 8421.54
8384.67 8419.60
8385.20 8418.69
8385.24 8418.61
8385.25 8418.61
8385.25 8418.61
8385.25 8418.61
8385.25 8418.61
8385.25 8418.61
8385.25 8418.61
8385.25 8418.61
8385.25 8418.61
8385.25 8418.61
8385.25 8418.61
8385.25 8418.61
8385.25 8418.61
8385.25 8418.61
8385.25 8418.61
8385.25 8418.61
8385.25 8418.61
8385.25 8418.61
8385.25 8418.61
8385.25 8418.61
8385.25 8418.61
8385.25 8418.61
8385.25 8418.61
8385.25 8418.61
8385.25 8418.61
8385.25 8418.61
8385.25 8418.61
8385.25 8418.61
8385.25 8418.61
8385.25 8418.61
8385.25 8418.61
8385.25 8418.61
8385.25 8418.61
8385.25 8418.61
8385.25 8418.61
8385.25 8418.61
8385.25 8418.61
8385.25 8418.61
8385.25 8418.61
8385.25 8418.61
8385.25 8418.61
8385.25 8418.61
8385.25 8418.61
8385.25 8418.61
8385.25 8418.61
8385.25 8418.61
8385.92 8417.32
8385.79 8414.05
8381.55 8411.16
8375.80 8407.57
8368.77 8403.16
8360.52 8398.06
8352.57 8393.14
8344.56 8388.19
8336.40 8383.15
8328.18 8378.07
8319.54 8372.73
8311.72 8367.90
8302.89 8362.44
8294.39 8357.19
8285.51 8351.70
8276.97 8346.42
8268.61 8341.26
8260.15 8336.02
8251.69 8330.69
8242.91 8325.01
8234.74 8319.72
8226.44 8314.34
8218.38 8309.12
8210.63 8304.11
8203.04 8298.90
8195.11 8293.43
8187.61 8288.25
8179.54 8282.68
8171.36 8276.80
8163.47 8270.48
8155.84 8264.37
8147.88 8258.00
8140.32 8251.95
8137.45 8245.37
8132.24 8241.11
8130.17 8239.41
8129.72 8239.04
8129.67 8239.00
8129.65 8238.99
8129.64 8238.98
8129.64 8238.97
8129.63 8238.97
8129.63 8238.97
8129.63 8238.97
8129.63 8238.97
8128.12 8237.75
8124.85 8235.14
8120.46 8231.67
8114.63 8227.14
8106.97 8221.18
8099.04 8215.02
8088.89 8211.78
8080.81 8206.21
8073.70 8200.38
8066.15 8193.82
8059.17 8187.75
8051.30 8180.91
8044.39 8174.90
8037.30 8168.74
8029.89 8162.30
8022.13 8155.54
8014.76 8148.76
8008.04 8142.30
8001.41 8135.53
7994.84 8127.77
7988.42 8119.83
7982.78 8112.52
7976.66 8103.99
7971.31 8095.40
7966.09 8086.75
7961.36 8078.57
7956.57 8069.85
7952.70 8061.31
7949.07 8052.71
7945.49 8042.98
7942.32 8034.09
7938.93 8024.68
7935.65 8015.75
7932.49 8006.94
7929.20 7997.90
7926.05 7989.25
7922.76 7980.26
7919.37 7970.97
7916.14 7962.05
7912.59 7952.19
7909.36 7943.25
7905.85 7933.53
7902.44 7924.09
7899.11 7914.86
7895.71 7905.41
7892.52 7896.53
7889.34 7887.22
7886.19 7877.98
7883.01 7868.38
7879.97 7858.53
7876.87 7848.47
7874.86 7839.33
7874.10 7829.59
7873.32 7819.59
7873.23 7810.33
7873.66 7805.57
7874.11 7800.62
7874.55 7795.07
7872.42 7788.06
7862.42 7785.73
7852.36 7783.40
7842.19 7781.05
7832.81 7778.88
7823.71 7776.78
7814.54 7774.66
7804.54 7772.34
7795.09 7770.24
7785.15 7768.23
7776.13 7766.41
7766.71 7764.50
7757.05 7762.55
7747.38 7760.59
7737.73 7758.64
7727.76 7756.62
7718.43 7754.73
7708.60 7752.74
7698.53 7750.71
7689.22 7748.82
7679.55 7746.87
7670.27 7744.99
7659.97 7742.99
7650.33 7741.15
7640.19 7739.23
7630.09 7737.31
7620.90 7735.56
7611.78 7733.83
7602.51 7732.07
7593.20 7730.30
7583.70 7728.49
7574.34 7726.72
7565.05 7724.95
7555.84 7723.21
7546.52 7721.48
7536.29 7719.57
7526.78 7717.80
7517.32 7716.04
7508.02 7714.31
7498.55 7712.54
7489.59 7710.87
7480.07 7709.10
7470.70 7707.36
7461.31 7705.61
7451.87 7703.85
7441.65 7701.95
7431.66 7700.08
7422.33 7698.35
7413.30 7696.67
7403.25 7694.80
7393.71 7693.02
7384.07 7691.22
7373.99 7689.35
7363.83 7687.45
7354.08 7685.64
7344.34 7683.82
7334.91 7682.07
7325.26 7680.27
7316.01 7678.55
7306.00 7676.68
7296.76 7674.96
7287.81 7673.30
7277.61 7671.40
7268.22 7669.65
7259.01 7667.93
7248.75 7666.02
7239.41 7664.32
7230.01 7662.65
7220.12 7660.91
7209.78 7659.10
7200.46 7657.46
7191.05 7655.79
7181.45 7654.09
7171.61 7652.35
7162.49 7650.73
7153.26 7649.06
7143.61 7647.31
7134.28 7645.62
7125.19 7643.98
7115.11 7642.15
7105.72 7640.45
7095.94 7638.68
7085.75 7636.84
7076.62 7635.19
7067.34 7633.51
7057.73 7631.77
7048.09 7630.03
7039.03 7627.80
7029.78 7625.48
7019.97 7623.02
7009.83 7620.48
7001.51 7614.99
6991.97 7612.60
6986.79 7611.30
6985.98 7611.10
6985.74 7611.04
6985.72 7611.03
6985.72 7611.03
6985.72 7611.03
6985.72 7611.03
6985.72 7611.03
6985.72 7611.03
6985.72 7611.03
6985.72 7611.03
6985.72 7611.03
6985.72 7611.03
6985.72 7611.03
6985.72 7611.03
6985.72 7611.03
6985.72 7611.03
6985.72 7611.03
6985.72 7611.03
6985.72 7611.03
6985.72 7611.03
6985.72 7611.03
6985.72 7611.03
6985.72 7611.03
6985.72 7611.03
6985.72 7611.03
6985.72 7611.03
6985.72 7611.03
6985.72 7611.03
6983.93 7610.55
6980.53 7609.57
6975.64 7608.15
6968.46 7606.08
6958.76 7603.27
6945.76 7602.57
6932.90 7597.46
6920.60 7591.65
6908.50 7585.93
6895.33 7579.71
6883.02 7573.63
6870.49 7566.34
6858.05 7559.11
6845.73 7551.94
6835.93 7546.24
6825.53 7540.18
6815.65 7534.08
6805.85 7528.03
6796.05 7521.99
6786.48 7516.07
6776.47 7509.90
6765.60 7503.61
6755.77 7498.06
6745.75 7492.40
6735.44 7486.58
6725.53 7480.76
6715.69 7474.69
6705.34 7468.00
6695.64 7461.72
6685.85 7455.40
6677.73 7448.74
6669.75 7443.65
6661.19 7438.51
6652.85 7433.67
6644.24 7428.34
6639.72 7423.68
6635.62 7418.52
6630.37 7411.89
6624.60 7403.20
6619.15 7394.51
6613.90 7386.15
6608.37 7377.34
6603.51 7369.60
6598.09 7360.97
6592.60 7352.22
6587.39 7343.91
6581.80 7335.25
6576.05 7326.95
6570.54 7319.27
6565.23 7311.86
6559.73 7304.18
6554.22 7296.49
6548.42 7288.40
6542.93 7280.73
6538.42 7274.43
6536.40 7271.62
6536.29 7271.46
6536.27 7271.43
6536.26 7271.42
6536.26 7271.42
6536.26 7271.42
6536.26 7271.42
6536.26 7271.42
6536.26 7271.42
6536.26 7271.42
6536.26 7271.42
6536.26 7271.42
6536.26 7271.42
6536.26 7271.42
6536.26 7271.42
6536.26 7271.42
6535.95 7270.99
6534.76 7269.33
6532.48 7266.14
6530.02 7262.71
6528.44 7260.50
6527.42 7259.09
6525.84 7256.88
6523.37 7253.43
6519.71 7248.33
6516.39 7243.69
6512.24 7237.89
6505.23 7232.26
6495.37 7231.98
6486.09 7234.39
6477.18 7236.71
6468.22 7239.04
6459.06 7241.42
6449.42 7243.93
6439.36 7246.54
6429.33 7249.15
6419.79 7251.63
6410.61 7254.02
6401.70 7256.34
6392.56 7258.71
6383.82 7260.99
6379.44 7262.12
6375.88 7263.05
6373.51 7263.67
6369.44 7264.73
6363.74 7266.21
6356.64 7271.46
6347.45 7273.85
6337.50 7276.46
6328.26 7278.91
6319.32 7281.29
6309.65 7283.90
6300.20 7286.46
6290.11 7289.18
6280.28 7291.84
6270.28 7294.64
6261.05 7297.39
6252.21 7300.02
6242.58 7302.88
6233.71 7305.51
6223.88 7308.00
6214.28 7310.44
6204.53 7313.10
6194.42 7315.92
6185.53 7318.39
6175.57 7320.93
6166.26 7323.32
6157.12 7325.66
6147.10 7328.28
6138.23 7330.77
6129.42 7333.24
6119.99 7335.89
6109.99 7338.70
6100.06 7341.44
6090.42 7344.11
6081.43 7346.56
6071.64 7349.22
6062.61 7351.42
6053.33 7353.87
6044.48 7356.20
6034.44 7358.85
6025.03 7361.17
6014.86 7363.59
6005.22 7365.89
5999.77 7367.22
5997.02 7364.58
5994.23 7365.37
5994.06 7365.42
5993.91 7365.46
5993.90 7365.46
5993.90 7365.47
5993.89 7365.47
5993.89 7365.47
5993.89 7365.47
5993.89 7365.47
5993.89 7365.47
5993.89 7365.47
5993.89 7365.47
5992.98 7365.73
5990.59 7366.41
5986.29 7367.63
5979.69 7369.51
5971.30 7371.89
5961.20 7374.71
5951.10 7377.49
5941.86 7380.03
5932.68 7382.56
5922.83 7385.27
5913.26 7387.90
5903.20 7390.62
5893.70 7393.16
5884.45 7395.64
5875.29 7398.09
5866.07 7400.57
5856.19 7403.26
5847.09 7405.76
5836.98 7408.54
5827.85 7411.05
5819.74 7416.70
5811.29 7419.03
5802.32 7421.49
5792.25 7424.26
5783.25 7426.73
5773.35 7429.45
5763.95 7432.05
5754.98 7434.60
5745.08 7437.42
5735.13 7436.82
5728.26 7438.78
5724.65 7439.82
5719.00 7441.42
5710.84 7443.70
5701.68 7446.24
5691.92 7448.91
5682.85 7451.40
5673.00 7454.07
5663.34 7456.69
5653.83 7459.32
5647.46 7461.07
5645.20 7461.68
5643.91 7458.62
5643.09 7458.84
5642.94 7458.88
5642.90 7458.89
5642.90 7458.90
5642.90 7458.90
5642.89 7458.90
5642.89 7458.90
5642.89 7458.90
5642.89 7458.90
5642.89 7458.90
5642.89 7458.90
5642.89 7458.90
5642.89 7458.90
5642.89 7458.90
5642.89 7458.90
5642.89 7458.90
5642.89 7458.90
5642.89 7458.90
5642.89 7458.90
5642.89 7458.90
5642.89 7458.90
5642.89 7458.90
5642.89 7458.90
5642.89 7458.90
5642.89 7458.90
5642.89 7458.90
5642.89 7458.90
5642.89 7458.90
5642.89 7458.90
5642.89 7458.90
5642.89 7458.90
5642.89 7458.90
5642.89 7458.90
5642.89 7458.90
5642.89 7458.90
5640.99 7459.42
5636.98 7460.51
5631.67 7461.92
5625.48 7463.54
5617.04 7465.71
5607.41 7468.19
5597.41 7470.76
5587.42 7473.33
5577.34 7475.93
5567.65 7478.42
5557.57 7481.01
5547.95 7483.49
5538.08 7486.03
5528.29 7488.54
5518.62 7491.04
5509.54 7493.41
5499.60 7496.02
5490.68 7498.37
5481.54 7504.19
5472.47 7509.98
5462.69 7512.55
5453.04 7515.04
5443.20 7517.55
5434.09 7519.89
5425.26 7522.23
5415.58 7524.79
5405.47 7527.46
5395.82 7530.02
5386.37 7532.52
5377.09 7534.97
5367.60 7537.48
5358.43 7539.91
5348.63 7542.50
5339.82 7544.84
5329.96 7547.45
5320.76 7549.88
5310.76 7552.53
5301.87 7554.88
5292.34 7557.36
5283.34 7559.61
5273.38 7562.19
5263.69 7564.81
5254.87 7567.26
5245.23 7569.87
5236.37 7572.27
5226.86 7575.00
5217.15 7577.78
5207.65 7580.50
5198.86 7583.02
5190.03 7585.55
5180.34 7588.32
5171.35 7590.90
5161.98 7593.58
5153.81 7595.92
5148.77 7593.94
5144.70 7595.10
5143.76 7595.37
5143.72 7595.39
5143.71 7595.39
5143.71 7595.39
5143.71 7595.39
5143.71 7595.39
5143.71 7595.39
5143.71 7595.39
5143.71 7595.39
5143.71 7595.39
5143.71 7595.39
5143.71 7595.39
5143.71 7595.39
5143.71 7595.39
5143.71 7595.39
5143.71 7595.39
5143.71 7595.39
5143.71 7595.39
5143.71 7595.39
5143.71 7595.39
5143.71 7595.39
5143.71 7595.39
5143.71 7595.39
5143.71 7595.39
5141.39 7596.05
5137.18 7597.26
5131.05 7598.97
5123.31 7601.02
5114.28 7603.22
5104.53 7605.60
5094.41 7608.06
5085.25 7610.30
5076.12 7612.52
5066.19 7614.95
5056.47 7617.32
5047.00 7619.63
5038.13 7621.79
5029.01 7624.01
5020.38 7626.12
5011.72 7628.23
5002.73 7630.29
4995.40 7631.90
4990.66 7632.94
4988.36 7630.07
4987.03 7630.36
4986.37 7630.51
4986.27 7630.53
4986.25 7630.53
4986.25 7630.53
4986.25 7630.53
4986.25 7630.53
4986.25 7630.53
4986.25 7630.53
4986.25 7630.53
4986.25 7630.53
4986.25 7630.53
4986.25 7630.53
4986.25 7630.53
4986.25 7630.53
4986.25 7630.53
4986.25 7630.53
4986.25 7630.53
4986.25 7630.53
4986.25 7630.53
4986.25 7630.53
4986.25 7630.53
4986.25 7630.53
4986.25 7630.53
4986.25 7630.53
4986.25 7630.53
4986.25 7630.53
4986.25 7630.53
4986.25 7630.53
4986.25 7630.53
4986.25 7630.53
4984.83 7630.84
4981.58 7631.56
4975.98 7632.78
4974.57 7633.09
4974.22 7633.17
4973.84 7633.27
4973.77 7633.28
4973.75 7633.29
4973.74 7633.29
4973.74 7633.29
4973.74 7633.29
4973.74 7633.29
4974.44 7636.51
4972.24 7637.11
4968.37 7638.17
4961.80 7639.97
4953.01 7642.37
4943.27 7645.32
4934.42 7648.07
4926.07 7653.92
4916.85 7656.36
4907.56 7658.82
4897.88 7661.39
4888.74 7663.81
4879.70 7666.20
4869.89 7668.80
4860.61 7671.25
4851.47 7673.67
4842.25 7676.11
4832.69 7678.64
4823.04 7681.19
4813.99 7683.55
4803.84 7686.17
4793.98 7688.72
4784.81 7691.09
4774.75 7693.69
4764.61 7696.31
4755.03 7698.79
4745.32 7701.31
4735.20 7703.97
4725.27 7706.58
4716.09 7708.99
4706.67 7711.46
4697.37 7713.91
4688.14 7716.33
4678.53 7718.85
4668.95 7721.37
4659.81 7723.73
4650.68 7726.05
4641.56 7728.35
4631.69 7730.85
4622.54 7733.17
4612.95 7735.59
4604.10 7737.83
4594.54 7740.25
4585.33 7742.58
4575.96 7744.96
4566.47 7747.39
4557.46 7749.74
4547.38 7752.37
4538.25 7754.80
4528.71 7757.34
4519.87 7759.69
4510.63 7762.15
4501.73 7764.44
4492.68 7766.54
4483.15 7768.75
4473.11 7771.25
4462.96 7773.78
4452.80 7776.24
4442.81 7778.66
4432.71 7781.11
4423.42 7783.37
4413.64 7785.74
4404.68 7787.92
4395.12 7790.23
4385.40 7792.58
4375.59 7794.95
4366.29 7797.20
4357.09 7799.42
4347.26 7801.79
4338.31 7803.96
4328.69 7806.28
4319.32 7808.54
4309.91 7810.82
4300.46 7813.10
4291.19 7815.34
4281.18 7817.75
4271.16 7820.16
4262.04 7822.32
4253.04 7824.62
4243.06 7827.35
4233.40 7830.01
4223.76 7832.68
4214.44 7835.25
4205.17 7837.80
4195.74 7840.40
4186.09 7843.07
4176.04 7845.84
4166.82 7848.38
4157.34 7851.00
4147.64 7853.68
4138.86 7856.10
4129.01 7858.82
4119.70 7861.38
4109.86 7864.10
4100.82 7866.59
4091.27 7869.23
4082.11 7871.76
4073.32 7874.18
4064.53 7876.61
4055.16 7879.19
4045.80 7881.78
4036.26 7884.41
4026.52 7887.11
4017.16 7889.72
4008.94 7892.20
4006.49 7900.12
4002.50 7909.59
3996.50 7917.39
3987.84 7923.20
3978.26 7926.08
3968.44 7926.45
3959.10 7924.78
3950.63 7919.28
3944.22 7911.11
3934.29 7911.68
3924.80 7913.99
3914.68 7916.46
3904.97 7918.82
3895.10 7921.23
3886.10 7923.42
3876.48 7925.77
3866.90 7928.10
3857.17 7930.47
3848.20 7932.66
3838.89 7934.93
3828.76 7937.40
3822.02 7940.54
3821.16 7949.14
3819.23 7957.01
3814.57 7965.85
3807.07 7973.12
3797.99 7978.25
3788.93 7980.03
3784.35 7980.02
3784.33 7980.02
3784.32 7980.02
3784.32 7980.02
3784.32 7980.02
3784.32 7980.02
3784.32 7980.02
3784.32 7980.02
3784.32 7980.02
3784.32 7980.02
3784.32 7980.02
3784.32 7980.02
3784.32 7980.02
3784.32 7980.02
3784.32 7980.02
3784.32 7980.02
3784.32 7980.02
3784.32 7980.02
3784.32 7980.02
3784.32 7980.02
3781.31 7979.89
3776.42 7978.61
3769.30 7975.79
3762.17 7971.54
3756.90 7965.84
3753.36 7961.03
3744.53 7962.83
3735.36 7964.86
3726.17 7966.79
3715.89 7968.87
3706.57 7971.04
3696.55 7973.59
3686.98 7976.05
3677.29 7978.58
3667.91 7981.27
3657.93 7984.14
3648.00 7987.03
3638.41 7989.84
3629.56 7992.42
3619.69 7995.31
3610.31 7997.93
3600.89 8000.36
3590.91 8003.00
3581.24 8005.76
3571.34 8008.56
3562.37 8011.08
3552.57 8013.84
3543.52 8016.34
3534.21 8015.39
3527.27 8017.24
3522.48 8018.51
3522.05 8018.63
3522.04 8018.63
