7650.67 7008.46
7649.16 7008.64
7645.86 7009.04
7640.03 7009.75
7633.03 7012.27
7630.61 7021.55
7635.71 7031.29
7647.70 7032.25
7661.60 7029.97
7675.39 7028.59
7688.63 7027.93
7702.34 7029.11
7715.81 7033.26
7728.73 7037.25
7741.22 7042.67
7753.96 7048.47
7766.31 7054.03
7779.24 7059.55
7788.98 7068.91
7794.16 7081.36
7784.12 7087.47
7770.86 7084.92
7758.57 7078.25
7746.56 7070.84
7734.10 7064.96
7721.17 7060.31
7707.69 7057.93
7694.48 7056.59
7680.23 7057.12
7666.66 7057.62
7652.91 7059.56
7640.23 7064.29
7627.82 7069.07
7616.19 7076.72
7604.31 7084.55
7593.11 7091.92
7581.59 7098.69
7569.56 7105.62
7560.57 7116.12
7552.18 7126.53
7543.81 7137.23
7535.68 7148.41
7527.74 7160.32
7519.80 7172.22
7512.17 7184.18
7504.70 7196.00
7497.86 7207.29
7492.90 7220.13
7487.99 7232.86
7483.24 7245.16
7478.32 7257.92
7471.79 7270.50
7464.30 7282.57
7456.08 7294.35
7448.49 7305.70
7440.62 7317.76
7431.41 7327.24
7424.62 7332.84
7421.00 7335.06
7414.58 7333.46
7407.88 7328.39
7399.53 7322.09
7391.05 7323.37
7383.32 7335.41
7376.17 7346.55
7368.52 7358.47
7361.16 7369.93
7357.12 7383.00
7352.59 7395.82
7349.10 7409.61
7345.91 7423.55
7342.96 7436.49
7340.06 7450.03
7349.54 7458.03
7363.03 7462.65
7375.53 7464.14
7377.38 7450.37
7379.12 7436.08
7380.24 7422.31
7380.70 7408.68
7382.56 7395.43
7387.25 7382.22
7392.96 7369.07
7400.38 7357.04
7408.72 7346.05
7416.88 7335.57
7427.63 7326.08
7437.18 7316.79
7444.84 7305.25
7452.80 7293.29
7460.53 7282.20
7467.73 7271.14
7473.91 7259.34
7479.27 7246.27
7484.32 7233.20
7489.23 7220.49
7494.26 7207.46
7501.07 7195.59
7508.25 7184.22
7515.61 7172.57
7523.57 7160.64
7531.57 7148.64
7539.71 7136.84
7548.41 7126.16
7557.29 7114.88
7566.47 7104.06
7577.90 7096.99
7590.15 7089.91
7601.75 7082.27
7613.07 7074.83
7625.01 7066.97
7637.12 7061.92
7649.64 7057.25
7662.67 7054.47
7676.55 7053.96
7690.58 7053.44
7704.67 7054.16
7718.04 7056.08
7731.55 7060.54
7744.22 7065.53
7756.20 7072.92
7767.91 7080.14
7781.04 7084.70
7789.28 7077.44
7782.11 7066.65
7770.90 7059.58
7758.23 7054.05
7745.35 7048.19
7733.30 7042.69
7720.26 7038.09
7707.51 7034.16
7693.60 7030.98
7679.72 7031.67
7665.35 7032.70
7651.75 7034.93
7637.51 7037.26
7628.16 7027.01
7628.80 7013.32
7638.69 7006.59
7652.55 7004.90
7657.29 6992.02
7659.33 6978.18
7656.72 6964.66
7648.86 6953.84
7638.80 6944.33
7629.26 6935.26
7620.38 6925.54
7611.27 6914.50
7601.50 6905.74
7591.07 6897.16
7580.21 6888.69
7572.76 6877.31
7566.55 6864.32
7560.40 6851.52
7554.21 6839.10
7549.42 6825.54
7547.84 6811.90
7547.69 6797.78
7547.55 6783.76
7547.42 6769.73
7547.28 6755.93
7547.15 6742.51
7548.07 6728.46
7550.59 6715.91
7553.29 6702.52
7556.19 6691.46
7558.35 6683.95
7560.32 6679.36
7561.80 6675.90
7563.53 6671.85
7565.19 6667.99
7567.55 6662.49
7570.78 6655.23
7576.13 6648.29
7581.95 6642.08
7586.30 6638.86
7588.93 6637.96
7588.99 6637.94
7589.01 6637.93
7590.94 6637.47
7594.21 6637.14
7598.44 6635.34
7601.04 6628.96
7604.63 6621.51
7610.17 6612.86
7616.96 6603.06
7625.09 6591.85
7632.96 6581.27
7641.73 6570.08
7649.65 6559.59
7657.88 6548.63
7665.77 6538.13
7674.23 6527.04
7682.69 6516.63
7691.76 6505.62
7700.51 6495.40
7709.51 6485.27
7717.75 6474.00
7723.62 6461.41
7725.96 6448.08
7718.49 6436.65
7710.19 6425.75
7701.50 6415.72
7691.86 6405.87
7681.90 6397.22
7671.85 6388.50
7661.20 6380.06
7650.75 6371.95
7639.81 6364.17
7627.70 6356.79
7616.45 6349.94
7604.07 6342.77
7592.46 6336.28
7580.18 6329.76
7567.46 6324.01
7554.45 6318.13
7541.45 6313.45
7528.48 6308.78
7515.73 6304.48
7502.92 6300.48
7489.20 6297.31
7475.66 6294.34
7462.29 6292.80
7448.19 6291.92
7434.20 6292.19
7419.79 6292.48
7405.81 6293.90
7392.55 6296.22
7379.20 6300.65
7367.23 6307.32
7356.58 6316.36
7348.92 6328.08
7341.40 6340.25
7330.86 6348.53
7318.15 6345.55
7314.19 6332.81
7319.59 6320.03
7327.33 6308.19
7336.05 6298.18
7346.16 6289.13
7357.53 6280.76
7369.81 6274.25
7382.46 6269.40
7392.64 6265.99
7398.97 6262.69
7400.57 6260.80
7401.31 6259.18
7402.81 6255.26
7403.76 6250.19
7405.18 6243.15
7408.08 6234.01
7412.41 6226.81
7418.50 6225.31
7420.68 6224.78
7421.07 6224.68
7421.23 6224.64
7421.24 6224.64
7421.24 6224.64
7421.24 6224.64
7421.24 6224.64
7421.24 6224.64
7421.24 6224.64
7421.24 6224.64
7421.24 6224.64
7421.24 6224.64
7421.24 6224.64
7421.24 6224.64
7421.24 6224.64
7421.24 6224.64
7423.64 6224.05
7428.31 6222.90
7434.75 6221.32
7439.45 6216.47
7437.27 6206.91
7434.76 6195.88
7431.70 6182.44
7428.52 6168.49
7425.35 6154.53
7422.28 6141.04
7419.35 6128.16
7412.13 6120.41
7398.28 6123.51
7384.72 6126.55
7371.28 6129.56
7358.12 6132.50
7344.98 6135.44
7332.10 6138.47
7318.25 6141.89
7303.98 6143.82
7290.17 6143.43
7279.74 6141.83
7273.64 6140.41
7271.92 6140.00
7271.57 6139.92
7271.44 6139.89
7269.55 6139.36
7266.38 6138.27
7262.09 6136.15
7256.43 6132.78
7249.20 6127.73
7240.74 6121.42
7230.49 6113.79
7219.96 6105.93
7208.50 6097.39
7211.04 6090.65
7225.07 6088.03
7239.00 6085.44
7252.80 6082.87
7266.78 6080.27
7280.15 6077.75
7295.26 6074.85
7309.97 6068.65
7326.14 6065.47
7342.42 6062.28
7358.22 6059.18
7374.73 6055.93
7388.25 6053.28
7397.36 6051.49
7402.06 6050.57
7403.05 6050.37
7403.06 6050.37
7403.06 6050.37
7403.06 6050.37
7403.06 6050.37
7403.06 6050.37
7403.06 6050.37
7403.06 6050.37
7403.06 6050.37
7403.06 6050.37
7403.06 6050.37
7403.06 6050.37
7403.06 6050.37
7403.06 6050.37
7403.06 6050.37
7403.06 6050.37
7403.06 6050.37
7403.06 6050.37
7403.06 6050.37
7403.06 6050.37
7403.06 6050.37
7403.06 6050.37
7403.06 6050.37
7403.06 6050.37
7403.06 6050.37
7403.06 6050.37
7403.06 6050.37
7403.06 6050.37
7403.06 6050.37
7403.06 6050.37
7403.06 6050.37
7403.06 6050.37
7403.06 6050.37
7403.06 6050.37
7403.06 6050.37
7403.06 6050.37
7404.65 6049.90
7406.51 6046.99
7405.80 6040.82
7404.51 6033.37
7402.98 6024.58
7402.22 6020.21
7401.21 6014.36
7399.91 6006.86
7398.54 5998.97
7397.17 5991.11
7395.56 5981.82
7394.10 5973.41
7392.59 5964.68
7390.90 5954.94
7389.13 5944.78
7387.58 5935.81
7385.52 5926.78
7382.91 5917.53
7379.64 5906.76
7374.85 5894.17
7363.71 5885.31
7347.33 5884.55
7331.18 5883.80
7315.03 5883.05
7298.55 5882.28
7282.02 5881.52
7265.74 5880.76
7249.78 5880.02
7238.32 5879.49
7231.35 5879.15
7226.37 5872.87
7224.24 5862.18
7222.59 5849.13
7220.79 5834.98
7219.01 5820.86
7217.27 5807.25
7212.91 5793.74
7208.26 5781.29
7203.58 5768.75
7198.61 5755.43
7193.71 5742.30
7189.03 5729.91
7184.15 5717.48
7179.26 5705.13
7174.28 5692.55
7169.37 5680.15
7164.47 5667.76
7159.22 5654.55
7154.16 5641.82
7149.20 5629.35
7144.25 5616.89
7139.58 5604.60
7134.91 5591.36
7130.49 5578.83
7125.82 5565.59
7121.80 5554.18
7119.10 5546.52
7117.84 5542.96
7116.14 5537.07
7115.67 5528.46
7123.35 5520.05
7134.97 5517.62
7148.16 5514.75
7161.95 5511.71
7175.46 5509.02
7189.22 5506.20
7202.72 5503.48
7216.75 5501.14
7229.90 5498.26
7237.24 5486.56
7243.26 5473.78
7248.68 5461.41
7253.95 5449.35
7259.25 5437.23
7263.90 5424.28
7265.28 5410.85
7266.66 5397.42
7266.93 5383.34
7265.73 5370.27
7261.17 5357.44
7254.63 5345.18
7247.73 5333.95
7238.48 5323.01
7229.30 5313.52
7219.86 5303.95
7208.69 5295.66
7198.05 5287.96
7186.12 5281.01
7174.78 5274.40
7162.38 5267.17
7150.56 5260.28
7139.16 5253.57
7127.60 5247.26
7115.66 5241.53
7102.50 5237.13
7089.23 5235.27
7075.63 5233.49
7062.17 5231.73
7048.15 5229.89
7034.55 5228.11
7021.55 5226.41
7007.45 5224.57
6993.86 5222.79
6981.37 5218.41
6972.05 5209.09
6967.81 5195.33
6963.69 5182.75
6959.40 5169.64
6954.93 5155.95
6950.73 5143.14
6946.27 5129.50
6942.10 5116.75
6937.73 5103.39
6933.64 5090.87
6930.09 5080.03
6927.64 5072.53
6920.87 5067.43
6909.35 5070.80
6896.34 5074.55
6883.76 5078.46
6870.43 5082.66
6857.82 5086.92
6845.24 5091.59
6832.32 5096.54
6819.59 5100.98
6806.39 5105.58
6793.00 5110.25
6780.55 5114.59
6767.82 5119.03
6755.06 5123.48
6741.89 5128.07
6728.60 5132.71
6716.15 5137.05
6703.46 5141.47
6690.38 5146.04
6677.18 5150.61
6663.57 5155.26
6650.01 5159.89
6637.39 5164.19
6624.08 5168.74
6610.50 5173.38
6597.85 5177.70
6584.62 5182.21
6572.16 5186.47
6559.71 5190.72
6545.27 5192.17
6532.03 5196.69
6518.73 5201.31
6505.87 5205.86
6493.27 5210.24
6480.24 5214.74
6466.99 5219.31
6453.69 5223.91
6440.36 5228.51
6427.33 5233.01
6413.94 5237.63
6401.52 5241.92
6387.96 5246.60
6375.32 5250.97
6362.91 5255.60
6350.21 5260.41
6337.38 5265.27
6324.46 5269.95
6310.82 5274.26
6297.19 5278.55
6284.64 5282.50
6275.10 5284.18
6269.62 5285.06
6261.77 5286.16
6251.88 5287.51
6240.13 5288.99
6226.00 5290.50
6212.43 5291.92
6198.18 5293.46
6184.19 5294.91
6170.27 5296.19
6155.97 5297.43
6142.85 5298.55
6129.66 5299.45
6115.93 5300.42
6102.21 5301.39
6088.19 5301.72
6073.92 5301.96
6060.65 5302.31
6050.92 5303.27
6045.86 5304.75
6044.56 5305.13
6044.49 5305.15
6044.42 5305.17
6043.05 5305.64
6040.09 5306.65
6035.74 5307.42
6029.91 5305.21
6023.16 5301.69
6013.88 5298.36
6002.16 5294.64
5988.07 5290.34
5972.10 5285.46
5955.58 5280.42
5939.14 5275.40
5923.71 5270.69
5907.18 5265.64
5891.95 5259.93
5876.41 5253.06
5860.93 5246.21
5845.87 5239.55
5830.70 5232.84
5815.39 5226.07
5800.63 5218.65
5785.96 5211.09
5772.30 5202.51
5758.44 5193.70
5744.40 5184.78
5730.47 5175.94
5716.44 5166.92
5702.89 5157.95
5688.89 5148.60
5674.66 5139.61
5661.16 5130.91
5646.68 5121.89
5632.54 5112.93
5618.95 5104.20
5604.85 5095.14
5590.49 5085.92
5576.37 5080.78
5561.86 5071.45
5549.68 5063.64
5535.41 5054.54
5522.70 5046.44
5508.04 5037.09
5497.10 5030.13
5484.84 5022.31
5471.23 5013.49
5457.68 5003.04
5446.95 4994.66
5435.28 4984.30
5423.48 4972.63
5412.06 4960.22
5403.83 4949.35
5394.14 4936.44
5386.33 4921.45
5381.30 4910.17
5376.66 4897.23
5374.18 4881.78
5372.57 4864.85
5374.57 4852.58
5377.91 4838.77
5373.18 4827.21
5355.95 4825.42
5339.32 4823.86
5323.25 4822.36
5306.29 4820.17
5289.39 4816.73
5273.59 4812.55
5257.45 4808.28
5241.47 4803.95
5224.81 4799.38
5208.44 4794.89
5192.10 4790.55
5175.33 4786.36
5158.86 4782.12
5142.31 4777.85
5126.12 4773.68
5110.34 4769.62
5094.70 4765.59
5078.21 4761.32
5062.35 4757.21
5046.18 4753.03
5030.26 4749.17
5013.92 4745.45
4997.08 4741.90
4980.44 4738.99
4963.88 4737.24
4947.41 4735.85
4930.19 4734.90
4914.09 4734.44
4897.87 4733.99
4880.69 4733.51
4864.32 4733.05
4847.66 4732.58
4830.95 4732.10
4813.95 4731.63
4797.23 4731.15
4780.79 4728.69
4764.14 4725.43
4748.16 4721.44
4732.19 4715.02
4717.62 4706.70
4703.84 4698.44
4689.32 4689.72
4674.30 4681.55
4658.79 4674.46
4643.09 4669.88
4626.60 4665.03
4610.05 4660.15
4593.72 4655.34
4577.91 4650.94
4561.89 4646.48
4546.17 4642.11
4529.82 4641.72
4513.06 4641.80
4496.38 4641.87
4488.06 4652.06
4488.04 4664.70
4488.51 4673.07
4488.78 4677.91
4488.81 4678.51
4488.82 4678.72
