5425.09 7688.68
5426.91 7688.34
5430.30 7687.71
5436.42 7686.58
5443.78 7683.05
5449.67 7676.04
5452.66 7672.49
5459.04 7669.56
5467.23 7673.65
5478.88 7672.75
5493.16 7671.65
5507.12 7670.79
5520.79 7671.84
5534.39 7672.89
5546.78 7670.73
5544.78 7657.20
5542.69 7643.42
5540.52 7629.12
5538.38 7615.00
5536.24 7600.92
5534.03 7586.35
5531.94 7572.53
5529.81 7558.50
5527.76 7544.94
5525.30 7530.41
5522.53 7516.58
5520.64 7507.17
5519.64 7502.16
5519.48 7501.34
5519.21 7499.69
5518.51 7495.00
5518.68 7487.45
5525.65 7482.40
5536.99 7479.48
5551.00 7475.88
5564.49 7472.41
5577.68 7469.02
5591.20 7465.54
5603.98 7458.85
5618.31 7455.16
5632.00 7451.60
5645.10 7448.03
5658.69 7444.28
5672.86 7440.50
5686.43 7436.73
5697.85 7433.61
5706.56 7431.19
5710.95 7429.98
5711.04 7429.95
5711.08 7429.94
5711.09 7429.94
5711.09 7429.94
5711.10 7429.94
5711.10 7429.94
5711.10 7429.94
5711.10 7429.94
5711.10 7429.94
5711.10 7429.94
5711.10 7429.94
5711.10 7429.94
5711.10 7429.94
5711.10 7429.94
5711.10 7429.94
5711.10 7429.94
5711.10 7429.94
5711.10 7429.94
5711.10 7429.94
5711.10 7429.94
5711.10 7429.94
5711.10 7429.94
5711.10 7429.94
5711.10 7429.94
5711.10 7429.94
5711.10 7429.94
5711.10 7429.94
5711.10 7429.94
5711.10 7429.94
5711.10 7429.94
5711.10 7429.94
5713.13 7429.37
5717.51 7428.13
5724.73 7426.07
5734.36 7423.32
5744.37 7420.46
5750.06 7418.84
5751.41 7418.45
5752.16 7418.24
5752.33 7418.19
5752.35 7418.19
5752.35 7418.19
5752.36 7418.19
5752.36 7418.18
5752.36 7418.18
5752.36 7418.18
5752.36 7418.18
5752.36 7418.18
5752.36 7418.18
5752.36 7418.18
5752.36 7418.18
5752.36 7418.18
5752.36 7418.18
5752.36 7418.18
5752.36 7418.18
5752.36 7418.18
5752.36 7418.18
5752.36 7418.18
5752.36 7418.18
5752.36 7418.18
5752.36 7418.18
5752.36 7418.18
5752.36 7418.18
5752.36 7418.18
5752.36 7418.18
5752.36 7418.18
5753.85 7417.76
5758.20 7416.53
5765.10 7414.60
5774.14 7412.12
5785.75 7408.93
5798.73 7405.36
5812.23 7401.65
5825.49 7398.01
5838.57 7394.41
5852.83 7390.50
5867.23 7386.58
5880.39 7383.06
5894.01 7379.41
5907.83 7375.71
5921.12 7372.05
5934.31 7368.42
5946.79 7364.98
5954.94 7362.74
5958.93 7361.64
5958.98 7361.63
5958.98 7361.63
5958.98 7361.63
5958.98 7361.63
5958.98 7361.63
5958.98 7361.63
5958.98 7361.63
5958.98 7361.63
5958.98 7361.63
5958.98 7361.63
5958.98 7361.63
5958.98 7361.63
5958.98 7361.63
5958.98 7361.63
5958.98 7361.63
5958.98 7361.63
5958.98 7361.63
5958.98 7361.63
5958.98 7361.63
5958.98 7361.63
5958.98 7361.63
5958.98 7361.63
5958.98 7361.63
5958.98 7361.63
5958.98 7361.63
5958.98 7361.63
5958.98 7361.63
5958.98 7361.63
5958.98 7361.63
5958.98 7361.63
5958.98 7361.63
5958.98 7361.63
5958.98 7361.63
5958.98 7361.63
5958.98 7361.63
5958.98 7361.63
5958.98 7361.63
5958.98 7361.63
5958.98 7361.63
5958.98 7361.63
5958.98 7361.63
5961.28 7360.99
5965.82 7359.71
5972.20 7357.91
5980.21 7355.64
5990.67 7352.66
6002.99 7349.46
6016.80 7346.17
6030.32 7342.87
6044.45 7339.15
6057.69 7335.66
6071.78 7332.07
6084.95 7328.49
6098.57 7324.73
6112.47 7320.86
6126.87 7316.82
6140.15 7313.09
6154.18 7309.38
6168.56 7305.70
6181.77 7302.32
6195.21 7298.58
6208.36 7294.92
6222.33 7291.37
6235.52 7287.76
6249.40 7283.63
6262.38 7279.77
6276.41 7275.79
6289.57 7272.23
6300.92 7269.16
6309.15 7266.94
6313.03 7265.89
6313.38 7265.79
6313.61 7265.73
6313.61 7265.73
6313.61 7265.73
6313.61 7265.73
6313.61 7265.73
6313.61 7265.73
6313.61 7265.73
6313.61 7265.73
6313.61 7265.73
6315.89 7265.12
6319.95 7264.04
6325.50 7262.57
6332.97 7260.59
6342.24 7258.16
6353.45 7255.24
6367.41 7251.61
6381.31 7248.00
6394.37 7244.60
6408.39 7240.96
6422.64 7237.25
6435.92 7233.80
6449.78 7230.19
6463.75 7226.56
6474.41 7223.79
6481.28 7222.00
6485.90 7220.70
6486.41 7220.55
6486.48 7220.52
6486.49 7220.52
6486.49 7220.52
6486.49 7220.52
6486.49 7220.52
6486.49 7220.52
6486.49 7220.52
6486.49 7220.52
6486.49 7220.52
6486.49 7220.52
6486.49 7220.52
6486.49 7220.52
6486.49 7220.52
6486.49 7220.52
6486.49 7220.52
6486.49 7220.52
6486.49 7220.52
6486.49 7220.52
6486.49 7220.52
6486.49 7220.52
6486.49 7220.52
6486.49 7220.52
6486.49 7220.52
6486.49 7220.52
6486.49 7220.52
6486.49 7220.52
6486.49 7220.52
6486.49 7220.52
6486.49 7220.52
6486.49 7220.52
6486.49 7220.52
6486.49 7220.52
6486.49 7220.52
6486.49 7220.52
6486.49 7220.52
6486.49 7220.52
6486.49 7220.52
6486.49 7220.52
6486.49 7220.52
6486.49 7220.52
6486.49 7220.52
6486.49 7220.52
6486.49 7220.52
6486.49 7220.52
6486.49 7220.52
6486.49 7220.52
6486.49 7220.52
6486.49 7220.52
6486.49 7220.52
6486.49 7220.52
6486.49 7220.52
6486.49 7220.52
6486.49 7220.52
6486.49 7220.52
6486.49 7220.52
6486.49 7220.52
6486.49 7220.52
6486.49 7220.52
6486.49 7220.52
6486.49 7220.52
6486.49 7220.52
6486.49 7220.52
6486.49 7220.52
6486.49 7220.52
6486.49 7220.52
6486.49 7220.52
6486.49 7220.52
6486.49 7220.52
6486.49 7220.52
6486.49 7220.52
6486.49 7220.52
6486.49 7220.52
6486.49 7220.52
6486.49 7220.52
6486.49 7220.52
6486.49 7220.52
6486.49 7220.52
6487.91 7220.05
6490.91 7218.91
6495.77 7217.05
6502.45 7214.50
6511.32 7211.08
6521.25 7205.42
6533.42 7198.01
6544.96 7190.98
6552.65 7186.29
6556.95 7183.67
6557.42 7183.39
6557.43 7183.38
6557.43 7183.38
6557.43 7183.38
6557.43 7183.38
6557.43 7183.38
6557.43 7183.38
6557.43 7183.38
6557.43 7183.38
6557.43 7183.38
6557.43 7183.38
6557.43 7183.38
6557.43 7183.38
6557.43 7183.38
6557.43 7183.38
6557.43 7183.38
6559.27 7182.26
6562.04 7180.85
6566.47 7178.51
6572.25 7175.21
6578.71 7171.35
6587.51 7166.37
6598.36 7160.24
6611.62 7152.74
6626.20 7144.50
6641.43 7135.89
6657.99 7129.23
6674.83 7123.71
6691.86 7118.79
6708.72 7115.77
6725.31 7113.22
6742.54 7110.87
6759.33 7108.52
6776.08 7106.14
6793.54 7103.67
6810.04 7101.34
6827.88 7098.82
6847.26 7096.07
6867.03 7093.27
6887.26 7090.41
6907.14 7087.59
6923.45 7083.92
6928.29 7070.51
6929.07 7056.27
6929.85 7041.92
6930.60 7028.27
6931.38 7014.01
6932.16 6999.67
6932.95 6985.38
6933.71 6971.50
6934.49 6957.16
6935.21 6943.94
6935.73 6934.48
6936.01 6929.44
6936.04 6928.82
6939.34 6928.93
6939.35 6928.67
6939.36 6928.51
6939.36 6928.45
6939.36 6928.43
6939.36 6928.43
6939.36 6928.43
6939.36 6928.43
6939.36 6928.43
6939.36 6928.43
6939.36 6928.43
6939.36 6928.43
6939.36 6928.43
6939.36 6928.43
6939.36 6928.43
6939.36 6928.43
6939.36 6928.43
6939.36 6928.43
6939.36 6928.43
6939.36 6928.43
6939.36 6928.43
6939.36 6928.43
6939.42 6927.33
6939.62 6923.77
6939.90 6918.69
6940.27 6911.75
6940.72 6902.93
6941.27 6892.05
6941.87 6879.64
6942.50 6866.32
6942.96 6856.71
6943.28 6849.98
6943.46 6846.17
6943.49 6845.46
6943.50 6845.30
6943.51 6845.10
6943.51 6845.03
6940.21 6844.84
6940.34 6842.10
6940.57 6837.41
6941.13 6829.83
6942.43 6819.54
6947.81 6807.27
6950.25 6792.75
6953.58 6779.50
6958.65 6767.02
6963.77 6754.42
6969.07 6741.38
6974.52 6727.96
6980.08 6714.28
6985.28 6701.50
6990.47 6688.71
6996.03 6675.03
7001.49 6661.59
7007.11 6647.76
7012.55 6634.39
7018.13 6620.64
7023.61 6607.16
7029.01 6593.87
7033.89 6581.85
7037.08 6574.00
7041.35 6563.51
7045.37 6553.61
7049.48 6545.09
7052.66 6541.35
7058.37 6538.65
7066.90 6539.79
7077.57 6544.17
7090.22 6549.30
7103.12 6553.85
7116.73 6550.93
7128.71 6542.50
7138.71 6531.60
7146.92 6520.10
7155.00 6507.59
7162.94 6495.30
7170.94 6482.91
7178.88 6470.53
7186.79 6458.18
7194.86 6445.58
7202.53 6433.61
7210.22 6421.60
7218.07 6409.26
7225.43 6397.64
7233.27 6385.24
7241.24 6372.64
7248.54 6361.09
7255.96 6349.37
7263.48 6337.49
7271.36 6325.02
7279.50 6313.66
7291.14 6301.50
7304.55 6287.51
7320.70 6275.14
7337.81 6265.50
7355.89 6256.54
7369.94 6249.59
7380.28 6244.47
7388.34 6240.48
7396.98 6236.59
7405.44 6232.91
7415.18 6229.52
7422.43 6227.74
7426.96 6226.63
7428.07 6226.36
7428.46 6226.26
7428.79 6226.18
7428.82 6226.17
7428.82 6226.17
7428.82 6226.17
7428.82 6226.17
7428.82 6226.17
7428.82 6226.17
7428.82 6226.17
7428.82 6226.17
7428.82 6226.17
7428.82 6226.17
7428.82 6226.17
7428.82 6226.17
7428.82 6226.17
7428.82 6226.17
7428.82 6226.17
7428.82 6226.17
7428.82 6226.17
7428.82 6226.17
7428.82 6226.17
7428.82 6226.17
7428.82 6226.17
7428.82 6226.17
7428.82 6226.17
7428.82 6226.17
7428.82 6226.17
7428.82 6226.17
7428.82 6226.17
7428.82 6226.17
7428.82 6226.17
7428.82 6226.17
7428.82 6226.17
7428.82 6226.17
7428.82 6226.17
7428.82 6226.17
7428.82 6226.17
7428.82 6226.17
7428.82 6226.17
7428.82 6226.17
7428.82 6226.17
7428.82 6226.17
7428.82 6226.17
7428.82 6226.17
7428.82 6226.17
7428.82 6226.17
7428.82 6226.17
7428.82 6226.17
7428.82 6226.17
7428.82 6226.17
7428.82 6226.17
7430.47 6225.76
7433.86 6224.93
7438.73 6223.76
7445.92 6222.24
7453.85 6221.78
7463.64 6223.11
7475.64 6225.02
7490.17 6227.28
7503.71 6229.40
7517.91 6231.61
7531.24 6233.69
7544.72 6235.80
7558.46 6238.25
7571.89 6240.82
7585.66 6243.45
7598.92 6246.29
7611.26 6249.75
7619.28 6252.00
7622.98 6253.04
7624.07 6253.34
7624.24 6253.39
7624.27 6253.40
7624.27 6253.40
7624.28 6253.40
7624.28 6253.40
7624.28 6253.40
7624.28 6253.40
7624.28 6253.40
7624.28 6253.40
7624.28 6253.40
7624.28 6253.40
7624.28 6253.40
7624.28 6253.40
7624.28 6253.40
7624.28 6253.40
7624.28 6253.40
7624.28 6253.40
7624.28 6253.40
7624.28 6253.40
7624.28 6253.40
7624.28 6253.40
7624.28 6253.40
7624.28 6253.40
7624.28 6253.40
7626.53 6254.09
7630.76 6255.74
7636.53 6259.60
7644.37 6264.98
7654.34 6271.72
7665.74 6279.43
7677.77 6287.57
7689.05 6295.82
7700.21 6305.45
7711.45 6315.17
7722.65 6324.84
7733.09 6334.14
7743.22 6343.50
7754.06 6353.50
7764.05 6362.73
7774.37 6371.97
7784.75 6380.72
7795.73 6389.96
7806.64 6399.16
7817.93 6407.12
7831.15 6413.04
7844.72 6417.93
7857.73 6422.51
7871.09 6427.22
7884.49 6431.54
7898.02 6435.87
7911.86 6440.31
7925.05 6444.54
7937.96 6448.67
7951.47 6453.02
7965.18 6458.70
7978.40 6464.82
7991.88 6470.22
8004.52 6477.00
8015.76 6484.84
8026.95 6492.65
8038.20 6500.50
8049.67 6508.50
8061.73 6516.91
8072.83 6524.65
8083.65 6532.62
8093.27 6542.18
8105.13 6549.14
8117.53 6555.39
8131.29 6561.06
8145.08 6565.57
8158.77 6570.05
8172.44 6574.44
8186.02 6578.20
8199.07 6581.82
8212.05 6585.42
8225.91 6589.05
8240.25 6592.54
8253.59 6595.79
8267.23 6599.11
8281.39 6602.56
8295.72 6605.31
8309.32 6606.79
8323.06 6607.13
8336.85 6602.69
8350.12 6599.66
8363.84 6594.90
8377.06 6589.91
8390.02 6583.85
8403.38 6577.43
8416.12 6571.31
8428.57 6565.09
8440.16 6562.86
8453.89 6557.59
8467.62 6553.22
8481.48 6548.82
8495.50 6544.74
8510.23 6543.07
8524.78 6541.42
8538.65 6539.85
8552.79 6538.25
8567.33 6537.41
8581.23 6537.27
8595.68 6539.24
8609.78 6543.21
8623.16 6546.90
8636.15 6552.02
8648.44 6559.31
8660.05 6567.20
8671.95 6575.52
8682.68 6583.84
8692.63 6593.40
8700.87 6605.17
8707.67 6617.87
8714.03 6629.74
8720.27 6641.88
8725.84 6654.50
8731.00 6667.27
8736.14 6680.12
8741.93 6693.65
8748.82 6705.81
8756.05 6718.59
8763.20 6731.23
8771.38 6743.06
8781.36 6754.08
8790.91 6764.62
8800.12 6774.46
8811.40 6783.87
8824.79 6790.73
8836.03 6798.60
8848.70 6805.67
8861.49 6812.80
8874.84 6818.91
8887.30 6824.51
8900.42 6829.29
8913.83 6833.76
8927.07 6838.16
8941.03 6842.81
8954.62 6847.33
8968.22 6851.85
8981.58 6856.30
8995.30 6860.87
9008.40 6865.23
9021.47 6869.57
9034.57 6873.93
9048.54 6878.58
9061.89 6883.02
9074.97 6887.38
9088.62 6891.92
9102.54 6896.55
9116.42 6901.17
9129.34 6905.47
9142.35 6909.80
9156.25 6914.43
9169.41 6918.81
9182.31 6923.10
9196.27 6927.75
9209.78 6932.24
9223.91 6936.94
9237.16 6942.01
9249.85 6947.36
9263.05 6954.01
9274.74 6960.96
9286.38 6967.88
9299.17 6975.48
9311.69 6982.92
9324.21 6990.36
9337.04 6997.99
9349.24 7005.24
9360.93 7012.19
9372.58 7019.11
9385.33 7026.69
9398.11 7034.29
9410.04 7041.38
9422.43 7048.61
9435.71 7054.06
9448.34 7059.24
9461.00 7064.44
9474.43 7069.96
9486.97 7075.11
9499.49 7080.25
9512.87 7085.74
9526.31 7091.27
9538.85 7096.40
9552.36 7101.93
9565.96 7107.49
9579.50 7113.03
9592.17 7118.21
9605.78 7123.78
9618.77 7129.09
9632.16 7134.56
9645.88 7140.18
9658.44 7145.31
9671.70 7150.74
9685.43 7156.35
9698.90 7161.86
9712.02 7167.23
9724.63 7172.38
9737.92 7177.82
9742.38 7170.17
9730.04 7163.04
9716.42 7157.10
9703.14 7150.90
9690.71 7143.69
9679.43 7135.06
9671.52 7123.81
9668.80 7110.32
9668.71 7096.38
9673.45 7082.90
9678.26 7069.74
9683.53 7056.37
9689.76 7043.53
9698.41 7032.84
9707.33 7021.92
9716.94 7010.69
9725.74 7000.40
9734.51 6990.15
9744.19 6978.83
9753.36 6968.35
9763.09 6958.13
9773.39 6947.32
9783.19 6937.03
9793.01 6926.70
9802.51 6916.73
9812.53 6906.21
9822.21 6895.57
9830.82 6885.03
9839.34 6874.59
9847.76 6864.04
9855.91 6852.93
9863.65 6840.79
9871.18 6828.70
9878.82 6816.43
9886.34 6804.33
9894.01 6792.02
9901.43 6780.08
9908.56 6768.15
9910.51 6757.42
9910.93 6749.96
9907.11 6742.76
9895.72 6740.33
9883.34 6735.21
9870.67 6729.65
9857.40 6723.88
9844.62 6718.35
9831.77 6713.09
9818.70 6708.56
9804.50 6704.18
9791.30 6700.22
9778.18 6696.25
9764.98 6692.46
9751.26 6688.89
9737.92 6685.45
9723.96 6681.88
9709.72 6678.25
9695.74 6674.69
9683.94 6672.80
9676.04 6671.72
9672.60 6671.25
9672.35 6671.22
