8046.40 4004.16
8043.80 4003.42
8039.76 4002.27
8033.75 4000.55
8025.68 3997.40
8016.25 3993.64
8004.97 3989.13
7992.32 3984.08
7980.93 3979.53
7973.71 3976.66
7965.46 3976.21
7960.48 3987.14
7954.82 3999.75
7949.47 4011.64
7942.91 4023.25
7935.23 4034.99
7929.32 4046.45
7923.67 4058.48
7917.65 4071.28
7912.16 4082.98
7906.65 4094.70
7900.89 4107.72
7895.43 4120.61
7889.91 4133.43
7884.25 4145.96
7878.41 4158.80
7884.31 4168.33
7897.21 4174.35
7909.72 4180.18
7921.82 4185.82
7934.38 4191.68
7946.09 4197.14
7958.78 4203.06
7971.64 4209.05
7983.68 4214.66
7996.10 4220.46
8008.37 4226.18
8020.79 4231.97
8032.65 4237.50
8043.44 4242.53
8050.57 4245.85
8053.61 4247.27
8054.18 4247.54
8054.51 4247.69
8054.60 4247.73
8054.60 4247.73
8054.61 4247.74
8054.61 4247.74
8054.61 4247.74
8054.61 4247.74
8054.61 4247.74
8056.98 4248.96
8060.80 4250.93
8066.09 4254.74
8067.24 4262.18
8064.12 4271.52
8060.51 4282.28
8056.15 4295.30
8052.02 4307.63
8047.86 4320.06
8043.50 4333.07
8039.28 4345.67
8035.01 4358.41
8030.65 4371.39
8026.13 4384.84
8021.78 4397.80
8017.42 4410.77
8013.31 4423.02
8009.86 4433.30
8007.85 4439.31
8007.26 4441.05
8007.26 4441.05
8007.26 4441.05
8007.26 4441.05
8007.26 4441.05
8007.26 4441.05
8007.26 4441.05
8007.26 4441.05
8007.26 4441.05
8007.26 4441.05
8007.26 4441.05
8007.26 4441.05
8007.26 4441.05
8007.26 4441.05
8007.26 4441.05
8007.26 4441.05
8007.26 4441.05
8007.26 4441.05
8007.26 4441.05
8007.26 4441.05
8007.09 4441.57
8006.37 4443.71
8005.12 4447.45
8003.41 4452.52
8001.22 4459.05
7998.49 4467.25
7995.17 4477.29
7991.34 4489.00
7987.48 4500.79
7983.44 4513.14
7979.25 4525.78
7974.87 4538.74
7970.80 4550.80
7966.38 4563.89
7962.50 4575.40
7958.24 4588.00
7954.11 4600.24
7949.79 4613.03
7945.68 4625.27
7941.74 4636.99
7937.66 4649.16
7933.40 4661.85
7929.22 4674.34
7925.00 4686.92
7921.02 4698.81
7916.81 4711.38
7912.47 4723.96
7908.33 4735.70
7903.80 4748.54
7899.28 4761.36
7895.34 4772.53
7890.71 4785.66
7886.48 4797.64
7882.44 4809.08
7878.37 4820.58
7873.81 4833.30
7868.34 4846.21
7863.17 4857.96
7858.25 4869.13
7852.93 4881.23
7847.72 4891.70
7841.08 4902.52
7834.61 4913.06
7827.62 4924.46
7820.75 4935.66
7813.69 4947.16
7807.06 4957.85
7800.15 4968.37
7792.58 4979.68
7785.80 4989.82
7778.62 5000.55
7771.60 5011.05
7764.73 5021.32
7757.57 5031.86
7749.78 5042.88
7742.37 5053.31
7734.76 5064.01
7726.99 5074.95
7719.46 5085.55
7714.30 5092.80
7710.19 5098.59
7707.99 5101.69
7707.54 5102.32
7707.41 5102.51
7707.30 5102.66
7707.28 5102.68
7707.28 5102.69
7707.28 5102.69
7707.28 5102.69
7707.28 5102.69
7706.85 5103.29
7705.29 5105.50
7702.64 5109.22
7698.78 5114.65
7693.97 5121.23
7686.90 5126.11
7677.81 5131.40
7666.18 5136.94
7654.11 5142.53
7641.89 5147.50
7629.12 5151.51
7616.59 5155.04
7604.48 5158.28
7592.39 5160.41
7579.28 5162.27
7566.53 5163.41
7553.43 5164.87
7540.78 5166.69
7527.84 5168.58
7514.50 5170.53
7500.97 5172.48
7488.21 5174.31
7474.94 5176.20
7460.86 5178.21
7447.13 5180.56
7434.49 5184.13
7421.25 5187.87
7408.84 5191.38
7396.52 5196.42
7385.41 5203.34
7373.97 5210.47
7362.05 5217.91
7351.19 5225.44
7339.73 5233.53
7328.94 5241.15
7317.52 5249.21
7305.89 5257.33
7294.71 5265.19
7285.45 5274.14
7276.97 5284.86
7273.59 5297.73
7273.76 5311.67
7276.76 5324.87
7281.17 5337.00
7286.38 5350.07
7291.50 5362.92
7296.26 5374.88
7301.13 5387.10
7306.22 5399.88
7311.35 5412.75
7316.38 5425.39
7321.49 5438.22
7326.73 5451.38
7331.66 5463.75
7335.71 5473.91
7338.25 5480.30
7339.05 5482.98
7339.22 5483.68
7339.26 5483.86
7339.30 5484.02
7339.30 5484.04
7339.30 5484.04
7339.30 5484.04
7339.30 5484.04
7339.30 5484.04
7339.30 5484.04
7339.30 5484.04
7339.30 5484.04
7339.30 5484.04
7339.30 5484.04
7339.30 5484.04
7339.30 5484.04
7339.30 5484.04
7339.30 5484.04
7339.30 5484.04
7339.30 5484.04
7339.30 5484.04
7339.30 5484.04
7339.30 5484.04
7339.47 5484.77
7340.17 5487.71
7341.27 5492.33
7342.42 5497.19
7344.20 5504.64
7346.15 5512.85
7348.78 5522.96
7353.26 5535.31
7357.75 5547.71
7361.81 5558.90
7364.33 5565.85
7365.32 5568.58
7365.68 5569.56
