4051.34 9873.37
4049.99 9871.01
4047.44 9866.55
4044.02 9860.57
4039.54 9852.74
4034.02 9843.09
4027.53 9831.75
4020.66 9819.74
4013.55 9807.32
4006.51 9795.00
3999.69 9783.09
3992.87 9771.16
3985.91 9758.99
3979.02 9746.96
3972.52 9734.13
3967.19 9722.04
3962.69 9708.37
3959.12 9695.21
3961.40 9681.60
3964.15 9668.75
3968.44 9656.16
3978.48 9646.19
3986.37 9635.35
3996.08 9625.89
4007.05 9617.18
4018.01 9609.14
4029.17 9601.05
4040.37 9593.08
4052.10 9584.99
4063.61 9577.04
4074.90 9569.25
4086.17 9561.47
4097.44 9553.69
4108.91 9545.77
4120.01 9538.11
4131.93 9529.88
4143.61 9521.82
4154.87 9514.05
4166.71 9505.88
4177.55 9498.40
4189.05 9490.46
4200.97 9482.23
4212.46 9474.30
4224.23 9466.18
4233.95 9455.46
4245.51 9447.48
4256.91 9439.62
4267.87 9432.06
4279.00 9424.37
4291.38 9416.94
4303.76 9409.69
4316.32 9403.21
4328.40 9397.13
4340.46 9391.37
4352.47 9385.69
4364.55 9379.98
4376.72 9372.34
4387.98 9363.89
4397.50 9354.71
4405.75 9342.93
4412.35 9330.83
4418.66 9319.28
4425.53 9306.68
4432.05 9294.73
4438.42 9283.04
4445.32 9270.40
4454.18 9259.18
4463.29 9249.71
4473.37 9241.01
4485.33 9232.75
4496.66 9225.46
4508.74 9217.68
4520.26 9210.26
4532.19 9202.59
4543.95 9195.01
4555.83 9187.37
4567.30 9179.99
4579.32 9172.25
4590.63 9164.97
4602.55 9157.30
4614.13 9149.84
4626.27 9142.03
4637.98 9134.21
4649.92 9126.52
4661.15 9119.29
4672.48 9112.00
4684.07 9104.54
4695.74 9097.02
4707.15 9089.68
4718.72 9082.23
4730.20 9074.84
4742.33 9067.03
4753.57 9059.79
4764.84 9052.54
4776.69 9044.91
4788.79 9037.12
4798.52 9027.97
4808.29 9017.89
4816.52 9006.38
4823.68 8994.81
4831.04 8983.12
4838.43 8971.23
4845.66 8959.43
4852.80 8947.80
4861.58 8939.80
4868.90 8927.88
4876.12 8916.11
4883.18 8904.60
4891.64 8894.44
4901.00 8884.11
4909.51 8869.81
4919.97 8864.15
4930.98 8854.91
4941.71 8845.89
4953.37 8838.73
4965.95 8831.56
4977.98 8826.03
4990.80 8820.14
5004.14 8815.51
5017.41 8810.91
5029.97 8806.81
5043.05 8804.21
5056.72 8801.63
5070.24 8799.65
5083.99 8797.63
5097.74 8795.61
5111.92 8793.53
5125.46 8791.83
5138.82 8790.36
5152.61 8788.74
5166.10 8787.14
5179.47 8785.54
5193.59 8783.86
5206.74 8782.29
5220.61 8780.64
5234.40 8778.99
5247.73 8777.40
5262.68 8778.94
5276.09 8777.34
5290.34 8775.64
5304.05 8774.01
5317.80 8772.37
5331.53 8769.90
5345.39 8766.10
5359.26 8762.31
5372.76 8758.62
5385.48 8755.17
5395.11 8752.57
5400.80 8751.04
5403.14 8750.41
5403.90 8750.20
5404.21 8750.12
5404.23 8750.11
5404.24 8750.11
5404.24 8750.11
5404.24 8750.11
5404.24 8750.11
5404.24 8750.11
5404.24 8750.11
5403.38 8746.93
5403.38 8746.93
5403.38 8746.93
5403.38 8746.93
5403.38 8746.93
5403.38 8746.93
5403.38 8746.93
5403.38 8746.93
5403.38 8746.93
5403.38 8746.93
5403.38 8746.93
5403.38 8746.93
5403.38 8746.93
5403.38 8746.93
5403.38 8746.93
5403.38 8746.93
5405.60 8746.52
5411.01 8745.86
5418.32 8747.99
5422.08 8752.16
5421.21 8759.98
5422.85 8769.34
5424.85 8780.87
5427.13 8793.99
5432.05 8807.49
5437.23 8819.91
5444.44 8832.69
5453.05 8844.14
5462.71 8854.37
5472.92 8863.62
5484.19 8872.17
5496.45 8879.44
5507.28 8885.27
5514.94 8889.12
5518.59 8890.75
5518.80 8890.84
5518.85 8890.86
5518.85 8890.86
5518.86 8890.86
5518.86 8890.86
5518.86 8890.86
5518.86 8890.86
5518.86 8890.86
5518.86 8890.86
5518.86 8890.86
5518.86 8890.86
5518.86 8890.86
5518.86 8890.86
5518.86 8890.86
5518.86 8890.86
5518.86 8890.86
5520.86 8892.44
5521.82 8893.97
5521.85 8894.06
5521.85 8894.07
5521.85 8894.08
5521.85 8894.08
5521.85 8894.08
5521.85 8894.08
5521.87 8894.16
5522.64 8896.87
5523.00 8901.12
5522.99 8906.89
5522.52 8915.14
5526.08 8924.08
5533.91 8933.69
5545.24 8941.50
5561.87 8945.28
5585.45 8949.35
5601.13 8955.01
5616.50 8960.55
5632.81 8966.43
5649.51 8969.72
5665.51 8969.99
5681.56 8970.26
5698.40 8970.55
5714.94 8970.83
5731.72 8971.11
5748.26 8966.39
5763.91 8960.92
5780.03 8955.29
5795.25 8949.97
5811.86 8948.79
5829.07 8948.29
5846.34 8947.78
5862.50 8947.10
5879.20 8945.42
5896.12 8943.72
5913.38 8941.99
5929.93 8940.32
5946.11 8942.98
5960.92 8950.58
5971.91 8962.78
5975.60 8978.14
5976.44 8994.92
5971.87 9010.42
5963.04 9025.08
5953.76 9038.10
5944.34 9051.33
5934.67 9064.90
5925.19 9078.21
5911.32 9087.30
5895.98 9095.46
5881.71 9103.06
5866.64 9111.27
5859.29 9126.65
5852.24 9141.38
5845.17 9156.16
5841.67 9172.09
5843.98 9188.88
5846.31 9205.79
5848.63 9222.59
5854.97 9238.04
5863.36 9252.93
5871.57 9267.50
5879.60 9281.74
5891.05 9291.86
5900.49 9297.90
5906.78 9301.93
5909.30 9303.54
5909.78 9303.84
5909.91 9303.93
5910.00 9303.99
5910.04 9304.01
5910.04 9304.01
5910.04 9304.01
5910.04 9304.01
5910.04 9304.01
5911.62 9304.89
5914.45 9304.25
5916.57 9299.33
5919.32 9292.33
5922.64 9283.92
5926.68 9273.13
5931.30 9259.83
5939.43 9246.56
5944.88 9231.10
5950.33 9215.62
5956.08 9199.31
5961.41 9184.14
5966.92 9168.50
5972.55 9152.52
5978.14 9136.64
5982.77 9120.12
5987.75 9103.47
5993.58 9088.24
6002.38 9073.78
6011.86 9059.71
6021.43 9046.05
6030.75 9032.56
6040.23 9019.54
6050.14 9006.41
6060.34 8992.90
6070.87 8980.36
6080.46 8969.60
6088.59 8960.48
6096.31 8951.83
6104.30 8942.87
6111.20 8935.77
6115.44 8932.44
6122.09 8929.79
6131.75 8929.60
6143.69 8932.42
6156.91 8936.31
6169.95 8940.15
6182.95 8943.98
6196.52 8947.97
6210.25 8952.01
6224.64 8952.71
6237.73 8956.46
6250.53 8960.12
6263.67 8963.88
6276.60 8967.59
6289.30 8971.22
6302.30 8974.94
6316.19 8978.92
6328.89 8982.67
6342.03 8986.61
6355.47 8987.20
6368.40 8991.12
6381.05 8995.04
6393.99 8999.04
6406.81 9003.00
6420.53 9006.65
6434.51 9010.16
6447.87 9013.15
6460.74 9015.30
6474.40 9016.37
6487.70 9016.34
6501.45 9015.44
6514.39 9013.10
6527.36 9010.03
6540.87 9005.47
6553.20 9000.66
6565.29 8995.34
6577.85 8988.64
6589.53 8982.42
6601.28 8976.02
6612.72 8968.95
6624.01 8961.32
6635.56 8953.53
6646.46 8944.97
6656.31 8936.35
6667.10 8926.68
6676.76 8917.16
6685.94 8907.53
6695.22 8897.23
6703.91 8887.06
6712.65 8875.49
6720.75 8864.77
6727.92 8853.71
6735.09 8842.44
6742.43 8830.30
6749.37 8818.80
6756.24 8807.43
6764.54 8796.43
6774.14 8785.52
6783.85 8775.42
6794.09 8767.10
6805.06 8758.61
6816.60 8749.90
6827.65 8741.56
6838.81 8733.10
6849.29 8725.10
6860.51 8716.92
6871.91 8709.52
6883.84 8703.19
6897.56 8697.97
6911.11 8693.42
6924.45 8691.29
6937.99 8688.43
6952.31 8688.17
6966.89 8687.91
6980.35 8688.06
6993.87 8688.22
7007.16 8688.38
7020.54 8688.54
7034.89 8689.06
7049.09 8692.46
7062.34 8695.88
7076.26 8700.28
7089.20 8704.34
7101.76 8708.23
7114.83 8712.27
7127.96 8714.40
7141.99 8715.42
7155.20 8715.92
7168.38 8716.44
7182.21 8716.98
7195.66 8717.58
7209.77 8718.68
7223.30 8719.90
7237.16 8721.40
7247.88 8723.09
7255.16 8724.24
7259.28 8724.89
7259.75 8724.96
7259.90 8724.99
7261.74 8725.28
7265.56 8725.88
7271.33 8726.79
7280.05 8723.99
7283.40 8714.08
7283.44 8701.71
7283.45 8687.24
7283.42 8672.93
7283.39 8659.75
7283.94 8646.23
7285.23 8632.88
7286.09 8623.97
7286.52 8619.49
7286.53 8619.39
7286.53 8619.38
7286.53 8619.38
7286.53 8619.38
7286.53 8619.38
7286.53 8619.38
7286.53 8619.38
7286.53 8619.38
7286.53 8619.38
7286.53 8619.38
7286.53 8619.38
7286.53 8619.38
7286.53 8619.38
7286.53 8619.38
7286.53 8619.38
7286.53 8619.38
7286.53 8619.38
7286.53 8619.38
7286.53 8619.38
7286.53 8619.38
7287.05 8617.35
7288.20 8615.06
7288.59 8614.72
7288.69 8614.64
7288.69 8614.64
7288.69 8614.64
7288.69 8614.64
7288.69 8614.64
7290.11 8613.40
7294.06 8611.30
7300.57 8609.23
7308.40 8606.86
7311.58 8597.61
7310.80 8585.83
7309.87 8571.44
7311.43 8555.07
7309.93 8534.36
7311.26 8517.32
7312.58 8500.37
7314.19 8483.90
7316.15 8466.93
7318.00 8450.90
7320.44 8434.45
7324.35 8418.04
7328.16 8402.04
7332.04 8385.47
7335.79 8369.18
7339.46 8353.27
7342.41 8337.38
7345.26 8321.44
7348.09 8304.69
7351.13 8288.47
7354.14 8272.47
7357.37 8255.73
7360.55 8239.33
7363.64 8223.38
7366.79 8207.15
7369.94 8190.88
7373.21 8174.07
7376.54 8156.98
7378.78 8141.04
7380.72 8124.60
7382.63 8107.64
7382.68 8091.44
7382.69 8075.00
7382.39 8058.83
7382.12 8044.02
7381.93 8033.69
7383.93 8025.59
7392.28 8021.45
7403.98 8020.70
7417.15 8017.85
7431.79 8013.97
7445.46 8007.53
7449.87 7993.96
7447.93 7977.98
7445.93 7961.42
7443.92 7944.88
7441.88 7928.03
7439.90 7911.66
7437.83 7894.64
7435.48 7878.01
7433.13 7861.78
7430.75 7845.31
7428.20 7828.93
7425.36 7812.20
7422.54 7795.54
7419.63 7778.34
7417.15 7761.79
7416.77 7745.60
7416.40 7729.50
7416.01 7712.84
7415.62 7696.03
7415.69 7679.57
7415.79 7662.96
7416.50 7645.78
7418.26 7629.73
7421.66 7613.45
7425.61 7596.99
7432.15 7581.90
7434.56 7565.09
7435.28 7548.59
7436.19 7532.27
7437.73 7515.88
7439.31 7499.14
7440.70 7482.23
7448.31 7466.41
7457.40 7451.65
7467.30 7438.51
7478.06 7425.71
7488.27 7412.93
7500.15 7401.75
7510.08 7387.59
7520.02 7373.42
7529.51 7359.54
7539.16 7345.22
7548.79 7331.01
7557.80 7317.73
7567.24 7304.72
7578.37 7291.53
7590.72 7281.10
7603.32 7270.91
7616.71 7261.44
7631.07 7251.77
7645.04 7242.83
7659.18 7233.72
7672.83 7224.92
7686.48 7216.12
7701.67 7208.41
7718.19 7205.99
7735.28 7205.54
7752.36 7206.32
7769.15 7209.52
7785.42 7215.50
7801.68 7221.20
7818.49 7225.31
7834.69 7229.03
7850.92 7232.65
7867.30 7236.26
7883.01 7239.58
7899.87 7243.12
7916.04 7246.50
7931.85 7249.81
7946.58 7252.88
7957.67 7255.20
7964.34 7256.60
7966.59 7257.07
