7717.21 8869.32
7715.42 8870.44
7712.13 8872.53
7707.45 8875.76
7701.06 8880.25
7693.25 8885.75
7681.77 8889.80
7670.96 8896.99
7658.02 8901.51
7645.25 8898.45
7636.08 8889.36
7628.98 8877.56
7622.34 8866.54
7615.74 8855.60
7608.59 8843.73
7603.17 8831.59
7598.66 8819.63
7589.79 8811.24
7576.76 8811.31
7564.03 8816.61
7552.20 8824.62
7541.15 8832.93
7528.92 8839.18
7516.31 8844.76
7503.64 8850.37
7492.13 8857.75
7481.61 8866.85
7472.50 8876.40
7464.05 8885.82
7454.75 8894.42
7443.89 8893.15
7433.41 8888.76
7423.13 8884.70
7412.32 8882.57
7401.48 8880.44
7390.79 8878.34
7379.62 8876.14
7372.03 8876.02
7367.49 8876.24
7367.42 8876.25
7367.38 8876.25
7367.36 8876.25
7367.36 8876.25
7367.36 8876.25
7367.36 8876.25
7367.36 8876.25
7367.36 8876.25
7367.36 8876.25
7367.36 8876.25
7367.36 8876.25
7367.36 8876.25
7367.36 8876.25
7367.36 8876.25
7367.36 8876.25
7367.36 8876.25
7367.36 8876.25
7367.36 8876.25
7367.36 8876.25
7367.36 8876.25
7367.36 8876.25
7367.36 8876.25
7367.36 8876.25
7367.36 8876.25
7367.36 8876.25
7367.36 8876.25
7367.36 8876.25
7367.36 8876.25
7367.36 8876.25
7367.36 8876.25
7367.36 8876.25
7367.36 8876.25
7367.36 8876.25
7367.36 8876.25
7367.36 8876.25
7367.36 8876.25
7367.36 8876.25
7367.36 8876.25
7367.36 8876.25
7367.36 8876.25
7367.36 8876.25
7367.36 8876.25
7367.36 8876.25
7367.36 8876.25
7367.36 8876.25
7365.52 8876.29
7361.84 8876.26
7356.61 8876.06
7349.45 8874.58
7342.01 8869.79
7336.01 8861.46
7329.53 8852.17
7323.28 8843.49
7316.41 8834.63
7309.97 8826.33
7302.95 8817.28
7296.53 8809.01
7291.49 8799.45
7286.76 8789.16
7282.80 8778.88
7280.69 8768.19
7280.12 8760.30
7280.05 8756.88
7280.04 8756.23
7280.03 8755.91
7280.03 8755.76
7280.03 8755.74
7280.03 8755.74
7280.03 8755.74
7280.03 8755.74
7280.03 8755.74
7280.03 8755.74
7280.03 8755.74
7280.03 8755.74
7280.03 8755.74
7280.03 8755.74
7280.03 8755.74
7280.03 8755.74
7280.03 8755.74
7280.03 8755.74
7280.03 8755.74
7280.00 8754.34
7279.95 8750.81
7279.92 8744.69
7279.97 8737.04
7280.03 8727.75
7280.10 8716.42
7280.13 8705.56
7280.15 8694.72
7280.14 8683.54
7280.12 8672.77
7280.09 8661.67
7280.22 8650.45
7281.26 8639.68
7282.28 8629.11
7280.00 8618.42
7281.20 8607.59
7282.48 8596.46
7283.75 8585.75
7284.96 8575.49
7286.23 8564.77
7287.49 8554.17
7288.75 8543.49
7290.07 8532.34
7290.98 8521.54
7291.79 8510.33
7292.61 8498.98
7293.23 8488.35
7293.75 8478.16
7294.22 8467.12
7294.65 8455.90
7295.09 8444.54
7295.50 8433.80
7295.65 8423.23
7295.65 8411.92
7295.66 8400.96
7295.67 8389.85
7295.68 8378.95
7295.69 8367.48
7295.70 8356.76
7295.71 8345.99
7295.30 8335.04
7294.79 8324.03
7294.30 8313.34
7293.81 8302.69
7293.29 8291.43
7292.80 8280.76
7292.29 8269.74
7291.77 8258.33
7291.50 8247.20
7291.54 8236.37
7291.24 8225.15
7290.66 8214.01
7290.19 8203.58
7289.78 8193.21
7289.34 8182.48
7288.92 8172.15
7288.49 8161.72
7288.04 8150.60
7287.59 8139.68
7287.14 8128.52
7286.70 8117.79
7286.28 8107.42
7285.84 8096.76
7285.38 8085.37
7284.95 8074.80
7284.51 8064.14
7284.04 8052.59
7283.59 8041.63
7283.34 8030.21
7283.09 8018.62
7282.84 8007.53
7282.60 7996.20
7282.36 7985.20
7282.13 7974.69
7281.72 7963.38
7280.33 7953.49
7279.40 7946.86
7279.04 7944.25
7278.98 7943.83
7278.95 7943.65
7278.93 7943.51
7278.93 7943.50
7278.93 7943.50
7278.80 7942.57
7278.45 7940.09
7277.91 7936.19
7277.20 7931.20
7276.30 7924.72
7272.51 7917.59
7268.93 7907.56
7267.37 7896.26
7265.82 7885.78
7264.24 7875.08
7262.69 7864.57
7261.09 7853.78
7259.48 7842.87
7257.90 7832.15
7256.23 7820.90
7254.69 7810.45
7253.03 7799.23
7251.40 7788.19
7249.89 7777.94
7248.37 7767.67
7246.76 7756.78
7245.22 7746.38
7243.70 7736.09
7242.03 7724.76
7240.45 7714.11
7238.78 7702.77
7237.25 7692.42
7235.62 7681.38
7234.02 7670.59
7232.63 7661.15
7231.13 7651.05
7229.45 7639.69
7227.90 7629.16
7226.29 7618.27
7224.75 7607.86
7223.16 7597.11
7221.63 7586.72
7219.94 7576.27
7218.10 7565.24
7216.37 7554.81
7215.26 7548.15
7214.46 7543.35
7213.77 7539.18
7212.75 7533.07
7212.66 7524.52
7212.84 7515.31
7213.06 7504.92
7214.18 7495.21
7215.75 7485.36
7217.23 7476.07
7218.90 7465.63
7221.81 7455.69
7225.19 7444.95
7228.32 7435.00
7231.36 7425.34
7234.22 7416.26
7236.72 7408.30
7238.51 7402.71
7239.91 7398.59
7240.36 7397.30
7240.73 7396.20
7240.81 7395.96
7240.84 7395.87
7240.87 7395.79
7240.89 7395.74
7240.89 7395.72
7240.90 7395.71
7240.90 7395.70
7240.90 7395.70
7240.90 7395.70
7240.90 7395.70
7240.90 7395.70
7240.90 7395.70
7240.90 7395.70
7240.90 7395.70
7240.90 7395.70
7240.90 7395.70
7240.90 7395.70
7240.90 7395.70
7240.90 7395.70
7240.90 7395.70
7240.90 7395.70
7240.90 7395.70
7240.97 7395.51
7241.15 7394.96
7241.89 7392.79
7243.12 7389.21
7245.00 7383.68
7247.46 7376.60
7250.47 7368.08
7254.03 7358.02
7256.06 7348.13
7245.29 7345.79
7236.73 7339.33
7226.38 7334.21
7216.44 7329.29
7206.58 7324.42
7197.12 7319.74
7187.11 7314.79
7176.96 7309.77
7166.66 7304.74
7156.81 7300.07
7146.84 7295.46
7137.32 7291.06
7127.82 7286.66
7117.62 7281.95
7107.20 7277.13
7097.35 7272.58
7089.96 7269.16
7086.24 7267.44
7085.72 7267.20
7085.71 7267.19
7085.71 7267.19
7085.71 7267.19
7085.71 7267.19
7085.71 7267.19
7085.71 7267.19
7085.71 7267.19
7085.71 7267.19
7085.71 7267.19
7084.32 7270.18
7084.32 7270.18
7084.32 7270.18
7084.32 7270.18
7084.32 7270.18
7084.32 7270.18
7084.32 7270.18
7084.32 7270.18
7084.32 7270.18
7084.32 7270.18
7084.32 7270.18
7084.32 7270.18
7084.32 7270.18
7084.32 7270.18
7084.32 7270.18
7084.32 7270.18
7084.32 7270.18
7084.32 7270.18
7084.32 7270.18
7084.32 7270.18
7084.32 7270.18
7084.32 7270.18
7084.32 7270.18
7084.32 7270.18
7084.32 7270.18
7084.32 7270.18
7084.32 7270.18
7084.32 7270.18
7084.32 7270.18
7084.32 7270.18
7084.32 7270.18
7084.32 7270.18
7084.32 7270.18
7084.32 7270.18
7084.32 7270.18
7084.32 7270.18
7084.32 7270.18
7084.32 7270.18
7084.32 7270.18
7084.32 7270.18
7084.32 7270.18
7084.32 7270.18
7084.32 7270.18
7084.32 7270.18
7084.32 7270.18
7084.32 7270.18
7082.22 7269.26
7077.77 7267.40
7072.49 7261.63
7064.27 7258.19
7054.06 7254.42
7043.61 7250.62
7032.97 7246.74
7023.16 7243.16
7013.43 7239.62
7002.36 7236.12
6991.30 7233.03
6981.24 7230.21
6970.06 7227.08
6960.03 7224.27
6950.16 7219.15
6941.64 7211.97
6936.40 7201.31
6934.30 7190.49
6933.37 7179.48
6932.58 7168.61
6928.57 7158.78
6927.75 7147.34
6926.99 7136.91
6926.21 7126.03
6925.40 7114.84
6924.67 7103.57
6924.51 7092.30
6924.38 7081.70
6924.98 7070.58
6925.57 7059.90
6926.16 7049.12
6926.78 7037.72
6927.40 7026.43
6928.00 7015.49
6928.59 7004.62
6929.22 6993.12
6929.81 6982.34
6930.44 6970.84
6931.03 6959.92
6931.65 6948.71
6932.18 6938.85
6932.61 6931.11
6932.83 6926.97
6932.89 6926.00
6932.90 6925.79
6932.91 6925.65
6932.91 6925.62
6932.91 6925.58
6932.91 6925.57
6932.91 6925.57
6932.91 6925.57
6932.91 6925.57
6932.91 6925.57
6932.91 6925.57
6932.91 6925.57
6932.91 6925.57
6932.91 6925.57
6932.91 6925.57
6932.91 6925.57
6932.91 6925.57
6932.91 6925.57
6932.91 6925.57
6932.91 6925.57
6932.91 6925.57
6936.21 6925.75
6936.31 6923.99
6936.45 6921.44
6936.46 6921.26
6936.46 6921.26
6936.46 6921.26
6936.46 6921.26
6936.46 6921.26
6936.46 6921.26
6936.46 6921.26
6936.46 6921.26
6936.46 6921.26
6936.46 6921.26
6936.46 6921.26
6936.46 6921.26
6936.46 6921.26
6936.46 6921.26
6936.46 6921.26
6936.46 6921.26
6936.46 6921.26
6936.46 6921.26
6936.46 6921.26
6936.46 6921.26
6936.46 6921.26
6936.46 6921.26
6936.46 6921.26
6936.46 6921.26
6936.50 6920.40
6936.66 6917.46
6936.93 6912.49
6937.26 6905.99
6934.20 6901.27
6934.52 6895.00
6934.93 6886.60
6935.41 6876.64
6935.86 6867.12
6936.28 6858.12
6936.75 6848.22
6937.26 6837.51
6938.15 6826.96
6939.36 6817.85
6941.16 6807.05
6942.91 6796.46
6937.66 6788.44
6926.59 6784.87
6917.31 6777.30
6907.51 6771.30
6898.83 6765.62
6889.88 6759.31
6881.09 6753.12
6872.40 6746.99
6863.49 6740.71
6854.68 6734.50
6845.26 6727.86
6836.10 6721.51
6826.96 6715.19
6818.23 6709.14
6808.92 6702.70
6799.97 6696.50
6790.74 6690.11
6781.31 6683.58
6771.81 6677.01
6762.86 6670.80
6753.61 6664.40
6745.08 6658.50
6736.56 6652.59
6727.47 6646.30
6719.81 6636.99
6711.20 6631.03
6702.68 6625.13
6693.93 6619.07
6684.92 6612.87
6675.42 6606.35
6665.98 6599.80
6657.35 6593.77
6648.79 6587.78
6639.33 6581.18
6630.08 6574.71
6620.88 6568.31
6612.20 6562.29
6603.09 6556.07
6594.49 6550.26
6585.24 6544.02
6576.09 6537.83
6566.95 6531.79
6558.39 6525.90
6549.48 6519.06
6540.47 6512.67
6531.13 6506.24
6522.08 6499.77
6513.36 6493.70
6504.52 6487.61
6494.98 6481.02
6486.70 6474.79
6480.07 6468.49
6477.24 6464.82
6477.11 6464.60
6477.10 6464.59
6477.07 6464.54
6476.07 6462.85
6474.44 6458.82
6473.77 6451.91
6473.96 6443.16
6474.18 6432.71
6474.42 6421.68
6474.50 6410.86
6474.59 6399.74
6474.67 6388.97
6474.72 6382.34
6474.75 6379.32
6474.75 6379.18
6474.75 6379.13
6474.75 6379.07
6474.75 6379.07
6474.75 6379.07
6474.75 6379.07
6474.75 6379.07
6474.75 6379.07
6474.76 6377.88
6474.78 6374.83
6474.82 6369.56
6474.96 6363.03
6476.22 6355.44
6477.88 6345.92
6479.69 6335.46
6481.48 6325.06
6483.26 6314.69
6485.70 6304.44
6488.73 6294.38
6492.05 6283.41
6495.19 6273.02
6498.35 6262.55
6501.65 6251.63
6504.80 6241.21
6507.92 6230.80
6510.82 6220.68
6513.94 6209.76
6516.95 6199.23
6520.06 6188.36
6522.22 6177.97
6522.83 6171.64
6523.15 6168.29
6523.20 6167.75
6523.22 6167.60
6523.23 6167.52
6523.23 6167.52
6523.23 6167.52
6523.23 6167.52
6523.23 6167.52
6523.23 6167.52
6523.23 6167.52
6523.23 6167.52
6523.23 6167.52
6523.23 6167.52
6523.23 6167.52
6523.23 6167.52
6523.23 6167.52
6523.23 6167.52
6523.23 6167.52
6523.23 6167.52
6523.23 6167.52
6523.23 6167.52
6523.23 6167.52
6523.23 6167.52
6523.23 6167.52
6523.23 6167.52
6523.23 6167.52
6523.39 6165.85
6523.71 6162.53
6524.26 6157.67
6525.20 6150.63
6526.87 6141.38
6528.74 6130.94
6529.84 6119.28
6529.14 6108.37
6526.97 6097.07
6524.19 6086.06
6520.84 6075.99
6517.49 6065.94
6514.08 6055.72
6510.71 6045.60
6507.00 6034.47
6503.57 6024.16
6499.90 6013.47
6496.70 6004.83
6491.08 5999.20
6487.93 5990.77
6484.25 5980.91
6480.60 5971.15
6476.68 5960.65
6472.99 5950.77
6465.95 5941.42
6462.22 5931.69
6458.50 5921.99
6454.46 5911.44
6450.65 5901.52
6446.63 5891.03
6442.92 5881.35
6439.07 5871.10
6435.33 5860.32
6431.54 5849.98
6427.48 5840.09
6423.37 5830.05
6419.10 5819.62
6414.76 5809.02
6410.51 5798.70
6406.26 5788.76
6401.72 5779.56
6394.12 5771.41
6386.34 5764.43
6379.65 5759.68
6376.20 5757.23
6375.23 5756.55
6374.66 5756.14
6374.51 5756.04
6374.50 5756.02
6374.50 5756.02
6374.50 5756.02
6374.50 5756.02
6374.50 5756.02
6374.50 5756.02
6374.50 5756.02
6374.50 5756.02
6374.50 5756.02
6374.50 5756.02
6374.50 5756.02
6374.50 5756.02
6374.50 5756.02
6374.50 5756.02
6374.50 5756.02
6374.50 5756.02
6374.50 5756.02
6374.50 5756.02
6374.50 5756.02
6374.50 5756.02
6374.50 5756.02
6374.50 5756.02
6374.50 5756.02
6374.50 5756.02
6374.50 5756.02
6374.50 5756.02
6374.50 5756.02
6374.50 5756.02
6374.50 5756.02
6374.50 5756.02
6374.50 5756.02
6374.50 5756.02
6374.50 5756.02
6374.50 5756.02
6374.50 5756.02
6374.50 5756.02
6372.58 5754.62
6369.58 5752.38
6364.85 5749.00
6358.27 5745.68
6348.83 5744.63
6338.24 5745.02
6327.39 5745.59
6316.11 5746.23
6305.10 5746.93
6293.87 5747.65
6283.13 5748.34
6272.80 5748.97
6261.54 5749.83
6250.50 5750.82
6239.32 5751.69
6228.46 5752.52
6217.72 5753.34
6206.69 5754.16
6196.17 5754.70
6184.77 5755.29
6173.39 5755.87
6162.66 5756.42
6151.66 5756.99
6140.16 5757.58
6128.88 5758.16
6117.89 5758.72
6107.11 5759.27
6096.33 5759.84
6087.04 5760.37
6082.25 5760.65
6081.82 5760.67
6081.59 5760.69
6081.54 5760.69
6081.51 5760.69
6081.51 5760.69
6081.51 5760.69
6081.51 5760.69
6081.51 5760.69
6081.51 5760.69
6081.51 5760.69
6081.51 5760.69
6081.51 5760.69
6081.51 5760.69
6081.51 5760.69
6081.51 5760.69
6079.71 5760.80
6076.30 5761.04
6070.89 5761.40
6063.76 5761.89
6054.85 5762.57
6043.68 5763.47
6032.59 5764.43
6021.22 5765.41
6010.70 5766.32
5999.60 5767.28
5989.09 5768.19
5978.05 5769.15
5966.53 5770.14
5954.95 5771.15
5944.06 5772.09
5933.29 5773.17
5922.08 5774.60
5911.38 5775.96
5900.68 5777.33
5889.51 5778.75
5877.98 5780.22
5867.51 5781.56
5856.13 5782.95
5845.21 5784.22
5834.65 5785.41
5823.72 5786.39
5813.05 5787.23
5802.63 5788.01
5791.49 5788.84
5780.16 5789.68
5769.64 5790.46
5758.10 5791.32
5747.48 5792.65
5734.35 5794.30
5719.58 5796.16
5704.68 5798.03
5688.99 5800.01
5673.63 5801.94
5657.93 5803.92
5642.31 5805.88
5626.64 5807.86
5610.72 5809.86
5595.23 5811.81
5579.48 5813.79
5563.99 5815.74
5548.25 5817.72
5532.98 5819.65
5516.85 5821.68
5501.41 5823.62
5485.99 5825.56
5469.94 5827.58
5458.35 5829.04
5451.23 5829.94
5448.52 5830.28
5447.76 5830.37
5447.59 5830.40
