9862.26 3870.00
9863.56 3869.11
9866.07 3867.40
9870.30 3865.32
9875.75 3863.00
9882.48 3860.13
9890.82 3856.58
9901.73 3856.34
9913.23 3857.29
9924.51 3858.23
9935.70 3859.16
9946.49 3860.06
9956.98 3863.17
9965.58 3869.42
9972.75 3877.03
9980.47 3885.32
9988.27 3893.68
9995.85 3901.82
10003.70 3909.91
10012.08 3917.62
10020.17 3925.06
10027.96 3932.23
10036.44 3940.03
10044.54 3946.02
10049.64 3948.30
10056.61 3949.96
10063.46 3955.26
10070.23 3963.00
10077.95 3971.82
10087.12 3982.29
10095.83 3992.24
10104.80 4002.49
10113.58 4012.52
10122.46 4022.66
10131.29 4032.79
10141.56 4041.58
10152.95 4048.67
10165.11 4053.02
10177.93 4056.83
10187.11 4065.55
10195.78 4075.05
10198.65 4086.98
10200.45 4100.12
10202.24 4113.27
10203.26 4125.79
10203.19 4139.36
10203.11 4153.17
10203.02 4166.72
10203.65 4179.81
10207.63 4192.16
10212.90 4204.14
10220.17 4215.19
10226.23 4224.31
10229.43 4229.79
10228.96 4237.58
10222.24 4244.27
10213.34 4251.75
10205.94 4263.41
10213.13 4274.43
10220.69 4285.55
10226.74 4296.93
10232.64 4308.17
10239.00 4320.31
10244.99 4331.73
10254.00 4341.03
10264.78 4349.07
10273.53 4359.09
10280.03 4371.13
10283.74 4383.23
10281.36 4396.17
10272.63 4406.22
10263.05 4415.64
10253.96 4424.58
10244.70 4433.69
10237.78 4445.16
10228.44 4454.40
10218.61 4464.11
10208.81 4473.78
10199.56 4482.91
10190.44 4491.92
10180.90 4501.34
10171.80 4510.32
10162.37 4519.63
10153.31 4528.58
10143.98 4537.79
10134.21 4547.44
10124.46 4556.71
10115.06 4565.26
10105.25 4574.19
10095.49 4583.07
10085.35 4592.30
10075.50 4601.26
10065.68 4610.13
10055.76 4619.09
10045.69 4628.18
10035.30 4636.84
10024.69 4644.95
10014.00 4651.81
10002.58 4658.43
9990.86 4663.78
9979.02 4668.56
9966.76 4672.41
9954.00 4676.00
9940.66 4679.76
9928.46 4683.59
9916.32 4688.01
9904.93 4693.68
9893.75 4700.20
9883.17 4708.16
9872.29 4716.35
9861.84 4724.98
9851.40 4733.66
9841.06 4742.26
9830.61 4750.95
9820.21 4759.59
9807.75 4765.65
9797.61 4774.09
9787.00 4782.90
9776.64 4791.52
9766.03 4800.33
9756.23 4808.48
9748.25 4819.41
9738.15 4827.81
9727.91 4836.32
9717.73 4844.78
9707.69 4853.12
9697.43 4861.65
9688.43 4871.26
9678.77 4879.71
9667.45 4886.15
9655.09 4890.93
9641.48 4891.67
9628.67 4891.88
9615.52 4891.64
9602.24 4887.90
9589.45 4884.31
9577.17 4880.39
9564.43 4875.56
9552.39 4870.99
9540.19 4866.37
9527.52 4862.01
9514.62 4857.77
9502.46 4853.76
9489.70 4852.68
9476.15 4852.88
9462.81 4854.46
9449.71 4858.81
9436.74 4863.35
9422.82 4865.16
9410.59 4869.96
9398.39 4876.13
9387.03 4883.63
9376.71 4892.60
9367.58 4901.56
9361.39 4914.64
9356.57 4926.62
9355.37 4939.31
9361.02 4950.85
9368.53 4962.37
9375.49 4974.19
9382.46 4986.10
9388.83 4997.71
9394.96 5009.06
9401.65 5021.12
9408.09 5032.23
9413.82 5043.69
9417.53 5056.06
9407.51 5064.50
9396.97 5072.81
9386.57 5081.10
9376.15 5089.42
9365.42 5097.99
9354.59 5106.43
9343.99 5113.78
9331.93 5118.53
9319.38 5119.00
9306.99 5114.89
9295.70 5107.77
9286.22 5098.92
9277.94 5088.30
9272.46 5076.58
9266.72 5064.26
9260.95 5051.91
9252.60 5041.50
9242.83 5046.06
9241.75 5058.80
9240.60 5072.45
9238.69 5085.90
9232.95 5098.01
9224.98 5109.04
9215.92 5119.45
9206.79 5128.64
9195.76 5136.22
9184.57 5143.91
9181.05 5156.10
9174.79 5166.68
9162.77 5171.03
9149.56 5167.23
9137.32 5161.94
9124.80 5156.52
9112.34 5151.13
9099.79 5145.70
9087.41 5140.35
9074.86 5135.30
9062.28 5132.91
9049.68 5136.71
9039.62 5145.62
9031.15 5156.45
9022.71 5167.25
9014.38 5177.90
9006.12 5188.47
8998.19 5198.63
8989.70 5208.48
8978.62 5214.87
8968.78 5224.09
8957.93 5231.62
8946.63 5239.52
8935.99 5247.19
8925.67 5254.70
8915.15 5262.36
8904.26 5270.28
8893.59 5278.05
8882.87 5285.85
8873.58 5296.69
8862.70 5304.61
8851.76 5311.76
8839.91 5318.79
8828.39 5325.25
8814.56 5326.52
8802.03 5329.90
8789.47 5332.30
8775.81 5333.39
8762.77 5334.52
8749.75 5336.59
8736.85 5339.12
8723.28 5341.79
8710.04 5345.26
8697.44 5349.90
8685.34 5354.35
8673.69 5361.41
8662.73 5368.51
8651.80 5377.61
8643.24 5388.49
8634.82 5399.19
8628.21 5410.56
8622.54 5422.73
8617.08 5434.47
8611.80 5446.40
8607.07 5458.80
8602.63 5470.74
8597.84 5483.61
8593.09 5496.39
8588.30 5509.28
8582.78 5521.70
8570.65 5524.82
8557.50 5524.59
8544.48 5524.20
8531.26 5523.17
8517.69 5522.07
8505.02 5520.25
8492.03 5517.24
8478.91 5517.31
8465.73 5513.96
8452.77 5510.68
8439.81 5507.38
8427.00 5504.13
8413.99 5500.83
8401.36 5497.62
8387.99 5494.18
8375.46 5490.84
8362.38 5487.14
8349.32 5483.62
8336.60 5480.26
8323.85 5477.02
8311.36 5474.11
8298.79 5471.06
8285.51 5467.72
8272.15 5464.39
8258.91 5461.19
8246.54 5458.20
8233.51 5454.98
8220.52 5451.60
8207.88 5448.08
8194.89 5444.83
8181.86 5441.56
8168.91 5438.44
8155.55 5435.68
8142.95 5433.10
8129.61 5430.38
8116.44 5427.76
8103.00 5425.52
8090.42 5423.42
8077.72 5421.30
8064.93 5419.17
8051.36 5416.90
8038.28 5414.72
8025.08 5412.52
8014.11 5414.03
8012.43 5424.42
8010.73 5435.07
8008.94 5446.32
8006.80 5457.57
8004.29 5468.80
8001.82 5479.87
7999.51 5490.21
7997.43 5500.34
7996.01 5507.54
7995.46 5510.33
7995.44 5510.46
7995.16 5511.88
7994.54 5515.04
7993.49 5520.35
7991.70 5527.55
7984.37 5532.36
7973.49 5531.70
7962.64 5531.24
7952.02 5530.98
7940.77 5530.70
7929.21 5533.72
7918.51 5533.46
7907.49 5533.19
7896.45 5532.92
7885.71 5532.65
7874.53 5532.38
7863.95 5532.12
7852.85 5531.85
7842.31 5531.59
7831.52 5531.42
7820.65 5531.40
7809.68 5531.39
7799.08 5533.21
7788.75 5536.04
7781.69 5537.98
7778.95 5538.73
7776.02 5540.47
7775.15 5546.07
7771.54 5554.45
7764.60 5563.64
7755.73 5570.77
7744.76 5574.61
7732.74 5576.21
7727.33 5581.58
7724.10 5593.07
7720.45 5606.10
7716.83 5619.03
7713.27 5631.73
7710.13 5644.45
7707.89 5657.23
7705.07 5670.75
7702.46 5684.06
7700.12 5697.40
7697.74 5711.01
7695.57 5724.01
7694.55 5737.38
7694.35 5750.73
7694.13 5764.06
7693.92 5777.22
7693.70 5790.87
7693.49 5804.13
7693.36 5817.77
7693.25 5831.14
7692.08 5844.50
7690.92 5857.66
7689.64 5871.19
7687.97 5884.03
7686.28 5896.96
7684.48 5910.75
7681.16 5923.36
7677.02 5936.27
7673.08 5948.55
7668.96 5961.37
7664.79 5974.37
7660.75 5986.93
7656.86 5999.06
7654.70 6011.34
7655.76 6023.96
7656.99 6036.98
7659.54 6049.76
7663.83 6062.33
7669.33 6074.62
7673.32 6083.54
7675.70 6088.88
7676.27 6090.14
7676.33 6090.28
7676.35 6090.32
7676.36 6090.34
7676.36 6090.35
7676.36 6090.35
7676.36 6090.35
7676.36 6090.35
7676.36 6090.35
7676.36 6090.35
7676.36 6090.35
7676.36 6090.35
7676.36 6090.35
7676.36 6090.35
7676.36 6090.35
7676.36 6090.35
7676.36 6090.35
7676.36 6090.35
7676.36 6090.35
7676.36 6090.35
7676.73 6091.17
7677.52 6092.94
7679.04 6096.34
7681.40 6101.61
7684.47 6108.47
7688.41 6117.23
7690.02 6128.72
7695.27 6138.23
7698.67 6144.37
7700.61 6147.88
7701.28 6149.09
7701.50 6149.49
7701.54 6149.56
7701.54 6149.56
7701.54 6149.56
7701.54 6149.56
7701.54 6149.56
7701.54 6149.56
7701.54 6149.56
7701.54 6149.56
7701.54 6149.56
7701.54 6149.56
7701.54 6149.56
7701.54 6149.56
7701.54 6149.56
7701.54 6149.56
7701.54 6149.56
7701.54 6149.56
7701.54 6149.56
7701.54 6149.56
7701.87 6150.16
7702.66 6151.60
7704.07 6154.14
7706.57 6158.67
7709.36 6163.72
7712.91 6170.12
7718.16 6177.79
7725.32 6185.25
7733.85 6194.13
7740.59 6204.90
7745.87 6217.15
7750.80 6229.50
7758.26 6239.29
7763.27 6251.83
7768.22 6264.23
7773.17 6276.64
7775.57 6291.55
7780.33 6303.46
7785.17 6315.60
7790.07 6327.87
7795.20 6339.66
7803.22 6350.63
7810.73 6360.90
7818.48 6371.48
7824.22 6379.33
7827.83 6384.26
7828.79 6385.57
7829.08 6385.96
7829.13 6386.03
7829.15 6386.06
7829.15 6386.07
7829.16 6386.07
7829.16 6386.07
7829.24 6386.19
7829.41 6386.42
7829.51 6386.55
7832.28 6384.75
7833.61 6386.57
7835.81 6389.58
7835.86 6389.65
7835.87 6389.66
7835.87 6389.66
7835.87 6389.66
7835.87 6389.66
7835.87 6389.66
7835.87 6389.66
7835.87 6389.66
7835.87 6389.66
7835.87 6389.66
7835.87 6389.66
7836.80 6390.93
7838.48 6393.22
7840.71 6396.27
7844.00 6400.77
7848.37 6406.98
7851.94 6416.78
7860.33 6424.88
7870.11 6430.25
7880.94 6433.86
7891.23 6437.16
7901.27 6440.38
7911.67 6443.71
7922.43 6447.16
7932.86 6450.50
7943.69 6453.98
7953.82 6457.43
7963.85 6461.71
7973.53 6466.06
7983.45 6471.05
7992.46 6476.60
8001.39 6482.86
8010.53 6489.24
8017.76 6494.28
8022.94 6497.90
8026.76 6500.56
8031.68 6503.99
8037.65 6508.16
8043.48 6512.22
8048.23 6515.54
8053.00 6518.87
8057.96 6522.33
8063.29 6526.05
8069.35 6530.27
8072.75 6532.65
8077.56 6536.00
8078.63 6543.28
8077.47 6552.09
8079.17 6562.08
8085.15 6571.90
8091.71 6580.44
8100.22 6586.45
8109.60 6593.08
8117.82 6599.58
8125.81 6606.53
8134.81 6611.97
8145.01 6616.90
8153.88 6621.18
8159.94 6624.11
8165.87 6626.98
8169.78 6628.87
8174.39 6631.48
8176.92 6636.96
8169.08 6640.22
8159.54 6642.60
8148.34 6645.40
8138.17 6647.94
8127.82 6650.52
8116.71 6653.29
8105.72 6652.16
8094.73 6650.87
8083.71 6649.11
8073.71 6645.62
8063.14 6641.93
8053.20 6638.45
8042.31 6634.65
8032.08 6631.08
8022.22 6627.64
8012.25 6624.15
8001.47 6624.19
7991.14 6625.78
7980.33 6627.46
7970.00 6629.06
7959.06 6630.75
7955.10 6640.27
7952.53 6651.07
7950.10 6661.25
7947.45 6672.38
7950.90 6681.77
7956.20 6691.69
7961.51 6701.63
7966.91 6711.75
7967.64 6722.27
7966.66 6733.22
7965.64 6744.51
7964.69 6755.08
7961.97 6765.31
7952.12 6769.75
7942.10 6774.27
7931.91 6778.87
7921.67 6780.43
7910.71 6781.17
7899.27 6781.96
7888.60 6782.70
7878.92 6786.75
7868.48 6791.11
7859.36 6796.44
7855.06 6806.52
7852.09 6817.24
7855.96 6826.99
7860.35 6836.01
7863.27 6840.71
7868.40 6845.72
7877.52 6844.71
7888.44 6843.68
7899.20 6842.82
7909.53 6842.27
7918.35 6848.18
7926.93 6854.55
7932.09 6861.52
7934.30 6864.96
7933.33 6871.31
7930.17 6879.33
7921.23 6880.94
7910.20 6879.72
7899.60 6878.61
7889.19 6877.76
7877.72 6876.80
7867.77 6879.44
7856.60 6878.70
7846.31 6878.01
7835.95 6880.99
7831.99 6889.19
7830.64 6900.05
7837.23 6907.37
7845.95 6912.78
7856.27 6915.50
7866.64 6918.24
7877.46 6920.54
7888.52 6922.37
7899.49 6924.19
7910.47 6926.28
7920.51 6928.25
7931.10 6930.32
7942.01 6932.46
7952.09 6934.44
7963.05 6936.61
7973.22 6938.63
7983.39 6940.64
7993.78 6942.70
8004.07 6944.74
8014.72 6946.86
8025.12 6948.92
8035.73 6951.18
8045.90 6953.39
8056.42 6955.67
8066.84 6957.60
8077.72 6959.61
8087.85 6961.48
8098.30 6963.82
8109.03 6966.87
8118.80 6970.96
8128.12 6976.63
8137.44 6982.95
8146.49 6989.30
8154.51 6996.07
8162.66 7003.37
8170.57 7011.01
8178.12 7018.37
8186.11 7026.15
8194.29 7034.13
8202.28 7041.91
8210.21 7050.11
8218.03 7058.40
8225.59 7066.42
8233.34 7074.67
8238.78 7084.54
8241.92 7095.43
8245.10 7106.45
8248.13 7116.97
8245.91 7126.32
8237.95 7133.26
8230.47 7141.93
8223.24 7149.90
8216.29 7157.90
8212.19 7167.93
8211.01 7178.31
8220.35 7184.12
8230.94 7186.54
8241.41 7186.32
8251.72 7186.61
8262.76 7186.92
8270.46 7189.03
8274.27 7190.22
8274.34 7190.24
8274.34 7190.24
8276.33 7190.96
8279.33 7192.18
8282.99 7194.54
8286.78 7199.10
8291.16 7205.06
8297.34 7212.94
8304.50 7222.07
8311.66 7231.20
8318.49 7239.92
8325.06 7248.69
8331.66 7258.13
8337.99 7267.19
8344.38 7276.33
8350.41 7284.95
8358.18 7293.16
8366.92 7300.50
8375.59 7307.10
8383.22 7312.66
8386.19 7316.40
8384.58 7323.02
8378.15 7328.79
8371.58 7333.71
8363.72 7332.66
8360.51 7328.97
8360.03 7328.40
8359.88 7328.21
