3257.26 8481.70
3259.20 8481.56
3263.05 8481.27
3269.17 8480.83
3277.47 8480.22
3288.16 8479.43
3300.23 8478.55
3313.23 8477.60
3325.75 8476.68
3336.48 8473.09
3335.46 8459.84
3334.45 8447.35
3333.39 8434.25
3332.40 8421.96
3331.60 8408.99
3330.88 8397.35
3330.44 8390.20
3331.11 8386.29
3336.52 8383.45
3345.27 8383.60
3355.95 8383.85
3368.49 8384.14
3381.17 8384.43
3394.09 8384.73
3406.45 8384.25
3419.70 8383.74
3432.12 8383.26
3445.39 8382.55
3458.56 8381.63
3471.13 8380.75
3483.94 8379.93
3496.55 8379.17
3509.49 8378.38
3521.71 8376.91
3534.01 8374.99
3546.36 8372.84
3558.48 8368.52
3569.93 8364.43
3580.73 8358.34
3589.00 8353.35
3593.60 8350.52
3599.79 8346.19
3605.93 8338.53
3613.47 8328.80
3619.22 8321.72
3622.18 8318.11
3626.76 8313.57
3633.94 8312.85
3642.20 8317.19
3652.33 8322.50
3664.32 8328.78
3677.85 8334.93
3691.97 8341.36
3705.71 8347.15
3720.48 8352.58
3734.75 8356.94
3749.77 8360.43
3764.59 8363.45
3779.61 8365.88
3795.56 8364.84
3810.54 8366.10
3826.25 8366.72
3841.35 8366.87
3857.24 8366.51
3873.16 8365.60
3888.16 8364.00
3902.88 8362.42
3917.58 8359.12
3932.47 8355.75
3947.91 8351.55
3963.14 8346.71
3977.47 8341.74
3991.55 8336.08
4005.87 8329.70
4020.14 8322.72
4033.41 8315.11
4046.80 8306.89
4059.48 8299.10
4072.65 8290.07
4084.54 8280.94
4097.12 8271.27
4109.14 8261.58
4120.35 8251.62
4131.45 8241.77
4142.99 8230.72
4154.10 8219.54
4165.37 8208.20
4176.18 8197.32
4186.77 8186.66
4197.33 8176.03
4207.83 8165.46
4218.82 8154.44
4229.61 8143.65
4243.72 8135.98
4257.67 8128.46
4270.97 8121.28
4285.22 8113.81
4300.56 8109.40
4315.22 8105.18
4329.62 8101.06
4344.79 8096.91
4359.55 8092.96
4375.12 8089.49
4389.94 8087.71
4405.63 8087.31
4422.00 8090.93
4437.22 8093.03
4452.44 8095.65
4467.10 8098.18
4481.88 8100.73
4497.37 8103.76
4511.68 8107.76
4526.46 8113.13
4538.69 8122.58
4548.51 8134.34
4555.51 8148.05
4562.25 8161.26
4568.78 8174.86
4574.02 8189.65
4578.48 8204.54
4580.80 8219.43
4581.75 8235.36
4580.89 8250.30
4578.63 8265.90
4575.25 8281.56
4572.10 8296.18
4568.81 8311.39
4564.50 8326.66
4560.30 8341.23
4555.83 8355.85
4549.66 8370.38
4543.47 8384.96
4537.05 8399.59
4529.80 8413.18
4522.54 8426.81
4515.16 8440.42
4507.66 8453.78
4501.33 8467.56
4496.96 8482.22
4496.60 8497.98
4501.44 8512.89
4509.59 8525.70
4520.14 8536.96
4532.03 8546.08
4545.65 8553.73
4559.75 8559.62
4574.36 8564.14
4589.22 8567.40
4604.33 8569.49
4619.48 8570.57
4634.60 8568.70
4649.80 8565.70
4664.01 8561.50
4678.55 8556.13
4692.48 8548.50
4705.32 8541.12
4718.51 8533.54
4731.99 8525.80
4744.93 8518.37
4758.55 8507.73
4772.95 8501.95
4787.75 8497.73
4802.91 8495.02
4818.50 8494.11
4834.05 8493.43
4849.64 8492.84
4864.89 8492.26
4880.86 8491.65
4896.39 8491.06
4911.36 8490.50
4926.52 8489.92
4941.88 8489.34
4957.62 8488.74
4972.95 8488.16
4987.81 8487.59
5002.90 8487.02
5017.70 8486.46
5033.23 8485.87
5048.55 8485.29
5063.91 8485.55
5078.86 8485.92
5093.52 8489.58
5108.48 8490.82
5123.61 8492.41
5139.46 8494.08
5155.30 8495.75
5170.30 8497.90
5184.93 8502.15
5199.44 8506.92
5213.85 8511.90
5228.37 8516.95
5243.02 8521.79
5257.92 8526.29
5271.88 8531.26
5286.25 8536.92
5300.10 8542.48
5314.17 8547.59
5329.15 8553.04
5343.52 8558.27
5357.72 8563.43
5372.31 8568.73
5385.39 8573.45
5394.32 8576.67
5399.94 8578.73
5401.48 8579.30
5401.61 8579.34
5401.65 8579.36
5401.66 8579.36
5401.66 8579.36
5401.66 8579.36
5401.66 8579.36
5401.66 8579.36
5401.66 8579.36
5401.66 8579.36
5401.66 8579.36
5401.66 8579.36
5401.66 8579.36
5401.66 8579.36
5401.66 8579.36
5401.66 8579.36
5401.66 8579.36
5401.66 8579.36
5401.66 8579.36
5401.66 8579.36
5401.66 8579.36
5401.66 8579.36
5401.66 8579.36
5401.66 8579.36
5401.66 8579.36
5401.66 8579.36
5401.66 8579.36
5401.66 8579.36
5401.66 8579.36
5401.66 8579.36
5401.66 8579.36
5401.66 8579.36
5401.66 8579.36
5401.66 8579.36
5401.66 8579.36
5401.66 8579.36
5401.66 8579.36
5401.66 8579.36
5401.66 8579.36
5401.66 8579.36
5403.33 8580.07
5406.00 8581.39
5409.44 8583.93
5412.08 8588.74
5410.65 8596.43
5408.03 8606.27
5406.94 8618.01
5406.20 8630.93
5405.47 8643.79
5406.03 8656.72
5406.74 8669.96
5408.07 8682.19
5410.38 8695.36
5412.61 8708.27
5414.42 8719.27
5415.59 8726.37
5416.26 8730.48
5416.28 8730.62
5416.29 8730.68
5416.30 8730.71
5416.30 8730.72
5416.30 8730.72
5416.30 8730.72
5416.30 8730.72
5416.30 8730.72
5416.30 8730.72
5416.30 8730.72
5416.30 8730.72
5416.30 8730.72
5416.30 8730.72
5416.30 8730.72
5416.30 8730.72
5416.30 8730.72
5416.30 8730.72
5416.30 8730.72
5416.30 8730.72
5416.57 8732.37
5417.19 8736.14
5417.50 8739.07
5417.52 8739.51
5417.57 8740.72
5417.71 8744.20
5416.27 8749.13
5411.79 8754.06
5404.42 8760.32
5393.96 8763.13
5381.95 8766.37
5368.17 8770.14
5354.95 8775.93
5351.29 8788.55
5351.86 8801.21
5352.37 8812.39
5352.71 8819.92
5352.87 8823.60
5355.91 8827.48
5360.08 8827.38
5361.20 8827.35
5362.13 8827.32
