10550.24 8036.84
10550.38 8034.55
10550.68 8029.57
10551.10 8022.71
10551.63 8013.88
10552.20 8004.54
10552.49 7999.69
10553.96 7993.62
10562.36 7991.63
10573.67 7992.13
10581.95 7992.50
10586.63 7992.71
10591.92 7990.06
10592.80 7981.58
10593.84 7971.33
10595.05 7959.48
10596.40 7946.19
10597.55 7932.53
10598.38 7922.31
10599.55 7916.76
10605.97 7913.80
10616.19 7913.67
10627.87 7913.52
10640.75 7913.36
10653.51 7913.21
10666.70 7913.04
10680.47 7912.87
10693.46 7912.70
10706.08 7912.33
10714.21 7912.10
10718.95 7911.96
10723.13 7908.50
10723.41 7900.45
10723.74 7890.90
10724.15 7878.89
10724.60 7865.61
10725.08 7851.76
10725.63 7838.76
10726.83 7825.01
10728.21 7811.49
10729.47 7799.24
10730.39 7791.08
10731.36 7787.49
10733.13 7781.95
10736.90 7774.40
10746.93 7773.57
10758.60 7777.45
10771.58 7781.78
10783.66 7785.80
10796.92 7790.21
10810.30 7794.67
10823.25 7798.99
10836.45 7803.38
10848.67 7807.45
10860.80 7811.49
10873.79 7815.82
10886.56 7820.07
10899.02 7824.22
10911.23 7828.29
10924.36 7832.66
10936.72 7836.78
10950.47 7837.94
10962.97 7842.23
10974.16 7846.08
10986.44 7850.30
10998.62 7854.34
11010.10 7858.15
11021.51 7861.83
11034.35 7865.87
11046.00 7869.60
11058.05 7873.71
11070.23 7877.90
11083.19 7882.16
11094.18 7885.76
11106.26 7889.80
11118.48 7893.96
11131.28 7898.37
11142.29 7901.95
11154.72 7905.95
11165.41 7905.76
11161.18 7892.26
11155.21 7878.49
11149.02 7864.23
11142.85 7849.98
11136.74 7835.90
11130.67 7821.91
11124.17 7806.90
11118.14 7793.01
11112.00 7778.86
11106.17 7765.41
11100.03 7751.24
11093.91 7737.14
11087.56 7722.50
11081.88 7709.39
11076.01 7695.88
11069.62 7681.69
11063.55 7668.21
11057.31 7654.35
11050.94 7640.21
11044.76 7626.50
11038.93 7613.54
11032.72 7599.76
11026.31 7585.53
11019.77 7571.02
11013.33 7556.72
11007.07 7542.82
11001.04 7529.43
10995.00 7516.03
10988.69 7502.01
10982.88 7489.04
10976.43 7474.62
10969.40 7461.04
10961.43 7447.04
10953.76 7434.53
10944.40 7423.06
10933.63 7411.92
10921.66 7405.93
10913.22 7401.71
10908.78 7399.49
10907.07 7398.63
10906.60 7398.40
10904.18 7397.19
10900.04 7395.12
10894.47 7392.33
10886.62 7388.40
10877.18 7383.68
10865.70 7377.94
10853.95 7372.42
10848.34 7380.24
10839.10 7391.24
10828.11 7401.01
10816.96 7408.24
10803.37 7411.19
10790.00 7412.68
10777.11 7411.55
10766.86 7408.55
10761.18 7406.36
10753.15 7402.71
10743.96 7396.09
10735.53 7387.12
10729.30 7377.45
10725.96 7370.29
10723.51 7363.71
10722.40 7359.27
10721.18 7352.65
10720.24 7343.97
10721.65 7333.52
10724.80 7321.34
10731.09 7308.18
10739.92 7296.77
10742.54 7286.42
10733.12 7274.40
10724.94 7259.87
10719.01 7242.57
10721.71 7223.59
10726.64 7205.61
10731.22 7186.91
10731.93 7168.64
10727.61 7150.76
10720.12 7132.11
10711.97 7111.91
10703.01 7090.07
10692.32 7065.99
10683.60 7040.00
10669.68 7013.85
10654.32 6986.70
10637.82 6958.34
10617.82 6929.37
10597.35 6900.39
10575.95 6871.16
10554.84 6842.35
10533.25 6812.88
10511.67 6783.42
10491.48 6753.06
10472.09 6722.54
10454.82 6691.50
10438.25 6659.31
10422.48 6627.13
10407.07 6594.46
10394.16 6561.28
10381.64 6527.53
10370.97 6492.84
10360.73 6458.07
10352.02 6422.47
10344.43 6387.93
10339.12 6353.02
10334.81 6317.50
10331.42 6281.19
10330.91 6245.79
10330.02 6209.86
10328.97 6173.89
10329.06 6138.53
10329.96 6103.05
10330.87 6066.94
10331.77 6031.01
10331.64 5994.37
10330.81 5958.41
10329.99 5922.58
10329.16 5886.06
10326.18 5850.22
10322.16 5814.59
10318.18 5779.33
10314.08 5742.96
10307.21 5707.12
10300.09 5672.50
10292.15 5637.21
10283.46 5601.60
10274.83 5567.31
10264.45 5533.50
10257.08 5498.74
10244.32 5465.14
10231.43 5431.19
10217.11 5397.49
10202.81 5364.12
10188.39 5330.47
10171.81 5298.24
10155.21 5266.78
10137.91 5235.44
10119.86 5204.23
10101.28 5173.57
10080.94 5143.16
10060.55 5112.84
10040.30 5083.54
10020.13 5054.35
9998.36 5025.03
9978.41 4993.54
9956.70 4965.18
9934.02 4937.15
9911.53 4909.99
9888.41 4882.08
9865.07 4853.89
9842.31 4826.41
9819.64 4799.03
9796.17 4771.90
9773.09 4745.07
9749.89 4717.68
9726.83 4690.45
9703.80 4663.25
9680.29 4635.50
9656.57 4607.49
9633.50 4580.25
9609.78 4552.25
9586.94 4523.70
9564.28 4495.37
9541.98 4467.49
9519.83 4439.05
9498.27 4410.77
9477.36 4382.18
9456.82 4353.38
9436.54 4323.53
9416.04 4293.35
9395.93 4263.39
9376.20 4232.77
9354.61 4205.36
9335.23 4175.25
9317.31 4144.56
9299.09 4113.38
9281.03 4082.45
9263.12 4051.79
9245.11 4020.29
9227.11 3988.68
9209.31 3957.42
9191.24 3925.68
9172.79 3894.38
9154.61 3863.90
9135.84 3832.41
9117.67 3801.95
9099.38 3771.29
9080.93 3740.36
9060.50 3710.29
9040.10 3680.36
9020.00 3650.86
9000.09 3621.94
8980.65 3591.43
8958.71 3568.46
8936.94 3540.80
8915.97 3515.81
8894.59 3490.92
8872.48 3467.08
8850.76 3443.65
8828.92 3421.42
8806.37 3399.19
8782.22 3375.85
8758.23 3353.99
8735.03 3333.25
8709.77 3311.89
8685.73 3292.80
8662.52 3274.38
8637.42 3255.16
8610.75 3235.56
8582.54 3214.85
8553.36 3194.79
8523.64 3175.57
8492.50 3156.52
8461.14 3138.51
8430.32 3121.18
8398.75 3104.49
8367.21 3088.50
8334.77 3072.21
8302.73 3057.05
8269.97 3042.94
8236.29 3029.27
8203.37 3016.02
8168.84 3003.58
8134.16 2991.68
8100.57 2980.80
8066.00 2970.89
8030.62 2961.36
7995.09 2952.39
7959.29 2944.52
7923.85 2937.21
7888.55 2930.53
7852.84 2924.61
7816.70 2920.31
7780.39 2916.12
7743.79 2913.49
7707.17 2911.03
7671.14 2910.41
7634.70 2910.10
7598.18 2910.64
7561.83 2912.04
7526.10 2914.38
7489.94 2917.57
7453.80 2921.88
7417.83 2927.20
7383.16 2932.91
7347.69 2939.42
7313.56 2949.73
7278.01 2958.04
7243.01 2967.55
7208.94 2977.51
7175.07 2987.97
7140.83 2999.13
7107.12 3010.78
7073.80 3023.07
7040.46 3035.38
7009.58 3050.51
6981.40 3061.21
6955.60 3071.19
6934.00 3079.54
6916.21 3087.14
6898.97 3095.28
6882.42 3103.79
6865.31 3112.49
6847.70 3121.29
6833.45 3133.91
6819.72 3147.22
6808.42 3162.04
6798.30 3177.58
6790.35 3194.51
6783.68 3211.92
6779.20 3230.26
6776.31 3249.74
6775.99 3268.92
6777.25 3288.26
6780.83 3306.68
6787.01 3324.03
6793.27 3341.60
6801.62 3358.49
6811.32 3375.21
6820.83 3391.62
6828.55 3409.06
6835.92 3425.89
6843.94 3443.24
6856.54 3460.02
6870.56 3478.68
6885.84 3499.73
6902.46 3522.68
6919.88 3545.53
6935.21 3564.29
6947.91 3579.39
6960.22 3593.99
6973.24 3608.30
6986.55 3622.86
6998.79 3637.27
7010.74 3651.33
7024.44 3664.52
7039.26 3675.83
7056.50 3682.94
7075.42 3685.89
7094.09 3683.99
7112.17 3678.55
7127.75 3668.78
7140.90 3655.45
7152.73 3640.46
7158.71 3623.32
7163.49 3605.32
7166.06 3585.90
7164.37 3566.49
7160.12 3547.91
7151.51 3530.20
7137.00 3517.20
7121.73 3505.79
7105.72 3495.95
7089.30 3486.81
7072.81 3478.01
7060.07 3464.16
7049.35 3448.30
7038.97 3432.93
7035.67 3419.15
7049.93 3410.79
7063.22 3402.13
7077.28 3394.28
7089.35 3387.78
7099.54 3378.54
7113.14 3371.21
7127.91 3363.26
7141.74 3355.81
7155.54 3348.37
7170.25 3340.45
7185.14 3332.42
7199.38 3324.75
7214.05 3316.85
7227.84 3309.42
7241.89 3301.85
7255.85 3294.33
7269.70 3286.87
7283.90 3279.22
7290.80 3270.99
7295.13 3257.53
7305.64 3248.38
7319.79 3245.27
7333.90 3249.77
7345.57 3250.19
7356.92 3239.08
7367.64 3227.02
7378.42 3214.04
7388.34 3202.10
7399.29 3190.09
7410.57 3177.81
7421.52 3165.75
7430.30 3151.38
7441.72 3140.03
7453.70 3129.34
7465.42 3118.44
7477.34 3108.35
7489.92 3097.86
7504.45 3090.33
7512.42 3083.19
7512.97 3069.62
7520.58 3057.84
7533.09 3051.81
7546.54 3053.67
7558.58 3051.77
7569.91 3042.77
7582.80 3033.99
7595.52 3025.05
7608.30 3014.90
7621.13 3004.37
7633.07 2994.31
7645.81 2983.16
7657.64 2972.12
7669.70 2960.81
7680.43 2949.01
7691.62 2936.72
7702.57 2924.27
7713.22 2911.97
7723.47 2899.89
7733.63 2887.18
7743.44 2874.93
7754.20 2861.93
7764.37 2849.89
7774.59 2837.95
7784.78 2826.02
7795.40 2814.21
7806.29 2802.63
7817.28 2790.97
7828.80 2779.64
7840.16 2768.46
7852.45 2757.36
7864.66 2747.18
7876.69 2737.15
7889.71 2726.78
7902.82 2717.29
7917.46 2710.78
7930.29 2701.52
7944.37 2692.67
7958.63 2683.71
7972.09 2675.25
7985.95 2666.53
7999.96 2657.73
8013.62 2649.14
8027.06 2640.54
8040.10 2631.90
8053.94 2622.73
8067.49 2613.37
8080.99 2603.65
8094.68 2593.79
8107.83 2584.32
8121.20 2574.69
8133.20 2566.05
8141.72 2559.92
8147.83 2555.52
8150.48 2553.61
8150.72 2553.43
8150.80 2553.38
8150.81 2553.37
8150.82 2553.37
8150.82 2553.36
8150.82 2553.36
8150.82 2553.36
8150.82 2553.36
8150.82 2553.36
8150.82 2553.36
8150.82 2553.36
8150.82 2553.36
8150.82 2553.36
8150.82 2553.36
8150.82 2553.36
8150.82 2553.36
8150.82 2553.36
8150.82 2553.36
8150.82 2553.36
8150.82 2553.36
8150.82 2553.36
8150.82 2553.36
8150.82 2553.36
8150.82 2553.36
8150.82 2553.36
8150.82 2553.36
8150.82 2553.36
8150.82 2553.36
8150.82 2553.36
8150.82 2553.36
8150.82 2553.36
8150.82 2553.36
8150.82 2553.36
8150.82 2553.36
8150.82 2553.36
8150.82 2553.36
8150.82 2553.36
8150.82 2553.36
8150.82 2553.36
8152.60 2552.10
8155.62 2549.96
8160.64 2546.42
8167.79 2541.85
8176.52 2536.26
8187.61 2529.18
8200.84 2520.73
8214.63 2511.93
8228.46 2503.29
8241.95 2495.16
8257.26 2489.16
8272.36 2484.57
8288.40 2480.97
8304.82 2479.10
8321.14 2478.54
8337.74 2478.39
8353.62 2478.25
8369.95 2478.10
8386.38 2477.95
8401.52 2474.51
8417.62 2474.37
8433.79 2474.22
8450.54 2474.07
8466.87 2474.16
8483.03 2475.37
8499.84 2477.03
8515.79 2478.69
8532.51 2480.43
8549.32 2482.19
8566.20 2483.87
8583.14 2484.83
8599.39 2484.53
8615.33 2483.40
8626.75 2482.18
8634.44 2481.36
8637.70 2481.01
8637.84 2481.00
8637.96 2480.99
8637.96 2480.99
8637.96 2480.99
8637.96 2480.99
8637.96 2480.99
8637.96 2480.99
8637.96 2480.99
8637.96 2480.99
8637.96 2480.99
8637.96 2480.99
8637.96 2480.99
8637.96 2480.99
8637.96 2480.99
8637.96 2480.99
8637.96 2480.99
8637.96 2480.99
8637.96 2480.99
8637.96 2480.99
8637.96 2480.99
8637.96 2480.99
8637.96 2480.99
8637.96 2480.99
8637.96 2480.99
8637.96 2480.99
8637.96 2480.99
8637.96 2480.99
8637.96 2480.99
8637.96 2480.99
8637.96 2480.99
8637.96 2480.99
8637.96 2480.99
8637.96 2480.99
8637.96 2480.99
8637.96 2480.99
8637.96 2480.99
8637.96 2480.99
8637.96 2480.99
8637.96 2480.99
8637.96 2480.99
8637.96 2480.99
8637.96 2480.99
8637.96 2480.99
8637.96 2480.99
8637.96 2480.99
8637.96 2480.99
8637.96 2480.99
8637.96 2480.99
8637.96 2480.99
8637.96 2480.99
8640.08 2480.79
8644.66 2480.43
8650.81 2479.95
8659.30 2479.47
8669.44 2477.83
8672.95 2465.01
8672.26 2452.29
8668.39 2439.21
8669.26 2425.75
8672.12 2412.64
8675.06 2399.21
8678.05 2385.51
8680.99 2372.07
8683.38 2361.16
8684.99 2353.81
8685.77 2350.24
8686.79 2345.23
8688.13 2338.38
8689.61 2330.03
8691.42 2319.86
8693.59 2307.63
8695.96 2294.26
8698.40 2280.50
8700.67 2267.86
8703.47 2254.12
8706.15 2241.01
8708.78 2228.11
8711.43 2215.15
8714.10 2202.07
8716.76 2189.02
8719.32 2176.49
8720.97 2168.37
8721.85 2164.07
8720.56 2158.51
8712.64 2156.43
8702.14 2153.81
8689.33 2150.61
8675.71 2147.20
8664.78 2144.47
8657.33 2142.61
8654.20 2141.83
8654.15 2141.82
8654.15 2141.81
8651.53 2140.91
8647.72 2138.85
8645.76 2133.54
8647.51 2125.59
8649.72 2115.84
8652.43 2103.85
8655.76 2089.44
8659.55 2073.38
8663.25 2057.23
8666.55 2041.96
8669.53 2026.65
8672.33 2010.39
8674.28 1993.72
8675.33 1977.83
8676.43 1961.18
8677.53 1944.60
8679.09 1929.04
8682.06 1913.04
8685.09 1897.36
8687.61 1881.69
8689.09 1865.92
8687.74 1849.23
8685.63 1832.82
8683.47 1816.85
8680.80 1800.69
8678.18 1785.28
8675.54 1769.81
8671.66 1753.38
8666.79 1737.53
8660.48 1722.83
8652.03 1708.43
8642.43 1695.40
8631.02 1683.49
8620.63 1672.65
8613.19 1664.88
8608.84 1659.96
8606.92 1656.46
8607.49 1651.25
8612.53 1646.28
8620.42 1640.78
8630.02 1634.08
8640.24 1626.08
8650.34 1617.22
8659.73 1608.28
8665.91 1595.56
8674.26 1585.05
8682.96 1574.08
8691.28 1563.60
8699.46 1553.47
8707.69 1543.66
8716.19 1532.98
8724.32 1522.68
8732.36 1512.50
8738.35 1499.93
8740.90 1486.53
8742.66 1473.23
8744.42 1459.89
8746.20 1446.44
8747.97 1433.04
8749.81 1419.14
8751.49 1406.38
8753.28 1392.85
8755.12 1378.91
8756.89 1365.58
8758.60 1352.60
8760.35 1339.39
8762.19 1325.47
8764.00 1311.76
8765.67 1299.12
8767.50 1285.28
8769.25 1272.00
8771.05 1258.42
8772.87 1244.62
8774.64 1231.21
8776.31 1218.58
8778.06 1205.32
8779.83 1191.92
8781.58 1178.70
8783.30 1165.71
8785.04 1152.51
8787.50 1138.65
8794.64 1126.61
8804.22 1117.73
8816.67 1112.83
8827.60 1104.96
8838.10 1097.39
8848.50 1089.90
8859.28 1082.13
8869.82 1073.55
8880.52 1064.39
8890.62 1055.74
8900.23 1047.13
8909.72 1037.62
8919.16 1028.18
8929.02 1018.30
8938.21 1009.42
8949.96 1003.38
8963.13 1004.47
8975.95 1007.63
8989.14 1010.88
9002.29 1014.11
9014.71 1017.17
9027.65 1020.36
9040.77 1023.59
9052.36 1026.44
9061.09 1028.59
9070.70 1030.95
9080.57 1033.38
9091.67 1036.11
9103.70 1039.08
9115.17 1039.71
9128.37 1038.13
9143.52 1041.74
9158.46 1049.77
9172.64 1053.85
9188.77 1058.16
9204.46 1062.35
9220.69 1066.69
9235.35 1070.61
9250.95 1074.90
9266.14 1080.87
9279.04 1089.61
9291.22 1101.30
9298.43 1111.51
9305.41 1124.23
9312.14 1138.50
9318.08 1153.67
9324.27 1169.50
9328.82 1181.12
9333.56 1193.27
9338.51 1206.03
9343.23 1218.17
9347.62 1229.47
9352.30 1241.54
9356.28 1252.90
9359.25 1264.03
9362.17 1275.01
9364.07 1285.09
9365.41 1294.05
9367.00 1304.57
9368.80 1316.54
9370.85 1330.20
9372.60 1343.40
9374.14 1355.37
9375.82 1368.48
9377.38 1380.68
9379.15 1394.47
9380.84 1407.59
9382.44 1420.07
9384.14 1433.37
9385.74 1445.83
9386.77 1453.83
9387.48 1459.37
9387.62 1460.45
9387.94 1462.95
9388.49 1467.25
9389.26 1473.29
9390.26 1481.10
9391.53 1491.00
9394.38 1503.03
9398.07 1516.61
9401.44 1529.00
9404.44 1540.05
9406.49 1547.57
9407.61 1551.71
9407.71 1552.05
9407.71 1552.05
9407.71 1552.05
9407.71 1552.05
9407.71 1552.05
9407.71 1552.05
9407.71 1552.05
9408.45 1554.59
9409.70 1558.68
9411.80 1564.54
9414.97 1572.56
9423.56 1572.92
9429.55 1568.74
9433.11 1562.52
9437.43 1555.41
9440.85 1549.77
9447.66 1543.65
9449.15 1553.99
9447.28 1567.46
9445.03 1580.61
9442.44 1594.35
9440.05 1607.08
9437.52 1620.50
9435.07 1633.49
9433.34 1646.31
9431.96 1660.20
9431.22 1674.24
9430.93 1688.21
9431.48 1700.94
9432.08 1714.70
9432.69 1728.79
9433.29 1742.80
9434.56 1756.19
9435.81 1768.94
9437.12 1782.17
9438.37 1794.85
9439.71 1808.55
9441.02 1821.82
9442.29 1834.73
9444.94 1847.45
9448.65 1860.75
9452.39 1874.13
9455.88 1886.63
9458.81 1897.09
9461.12 1905.01
9464.87 1911.25
9470.27 1917.33
9471.97 1926.11
9468.68 1937.24
9470.01 1951.33
9471.51 1967.19
9473.04 1983.39
9474.81 1998.86
9477.41 2013.81
9481.82 2029.09
9488.51 2043.00
9495.33 2057.20
9501.19 2072.71
9505.46 2087.71
9508.18 2103.38
9510.22 2119.03
9511.62 2135.36
9510.58 2151.91
9506.05 2167.26
9496.47 2180.02
9482.98 2187.75
9467.19 2194.04
9450.62 2195.63
9434.89 2196.46
9418.32 2195.99
9401.58 2195.53
9385.02 2195.06
9368.88 2194.61
9353.81 2189.91
9339.81 2181.65
9328.66 2175.62
9320.19 2172.60
9315.28 2172.17
9313.85 2172.05
9313.07 2171.98
9312.87 2171.97
9312.82 2171.96
9312.81 2171.96
9312.80 2171.96
9312.80 2171.96
9312.80 2171.96
9311.83 2171.88
9308.28 2171.71
9303.40 2173.67
9300.69 2182.25
9300.45 2192.08
9299.78 2203.49
9298.70 2216.49
9297.52 2230.22
9295.52 2243.83
9292.57 2257.01
9288.81 2270.61
9284.78 2283.00
9280.50 2295.79
9276.07 2309.01
9271.76 2321.90
9267.73 2334.78
9264.06 2346.98
9260.14 2360.04
9256.16 2373.27
9255.51 2387.59
9251.82 2401.10
9248.34 2413.81
9244.73 2427.04
9241.02 2440.63
9237.57 2452.96
9233.80 2466.32
9230.06 2479.54
9226.59 2492.73
9223.49 2505.10
9220.31 2517.82
9216.97 2531.15
9213.88 2543.51
9210.57 2556.68
9207.35 2569.04
9203.82 2582.52
9200.95 2593.51
9199.03 2600.84
9197.63 2606.19
9196.31 2611.23
9195.05 2617.95
9202.46 2621.23
9212.22 2623.83
9224.38 2627.07
9238.68 2630.98
9253.61 2635.40
9269.78 2640.45
9284.84 2645.14
9299.77 2650.24
9314.33 2655.85
9330.10 2661.93
9345.21 2667.75
9360.20 2673.53
9374.73 2678.94
9380.19 2669.77
9382.61 2663.38
9383.44 2661.19
9383.70 2660.51
