2089.20 6818.75
2089.39 6816.06
2089.78 6810.57
2090.18 6802.22
2089.13 6792.36
2087.78 6779.67
2086.18 6764.65
2084.48 6748.72
2082.87 6732.19
2081.48 6716.36
2080.07 6700.40
2078.64 6684.26
2077.19 6667.75
2075.43 6650.68
2073.46 6633.68
2071.50 6616.76
2069.55 6599.93
2067.69 6583.91
2065.16 6567.16
2062.42 6550.44
2059.76 6534.24
2056.98 6517.25
2054.27 6500.71
2051.58 6484.30
2049.00 6468.52
2046.39 6452.61
2043.71 6436.23
2040.98 6419.58
2038.39 6403.75
2035.73 6387.56
2032.54 6371.87
2028.50 6356.30
2027.38 6338.84
2022.67 6323.65
2017.76 6308.55
2012.33 6293.18
2005.31 6278.26
1998.18 6263.12
1990.67 6247.80
1981.99 6232.99
1973.92 6219.20
1965.62 6205.76
1955.55 6192.12
1945.33 6178.85
1934.43 6166.90
1923.37 6154.71
1911.93 6142.08
1901.18 6130.34
1889.99 6118.11
1879.64 6106.81
1872.33 6098.82
1868.07 6094.14
1866.64 6092.57
1866.36 6092.27
1866.17 6092.05
1866.14 6092.03
1866.13 6092.02
1866.13 6092.02
1864.28 6089.96
1860.77 6086.00
1855.39 6079.96
1848.66 6072.30
1840.65 6063.19
1831.88 6053.20
1822.54 6042.57
1813.09 6031.82
1804.34 6021.86
1798.36 6010.06
1787.86 5998.10
1776.91 5985.64
1765.87 5972.83
1756.37 5960.26
1746.99 5946.99
1738.72 5932.78
1732.36 5918.56
1727.12 5903.29
1723.97 5887.30
1722.27 5870.49
1722.84 5853.87
1725.44 5837.30
1730.06 5820.92
1735.72 5805.52
1742.06 5790.90
1749.53 5778.62
1746.80 5762.81
1740.36 5750.98
1737.98 5740.48
1738.00 5734.04
1740.84 5726.22
1744.52 5716.09
1750.73 5705.86
1761.37 5697.81
1774.14 5694.15
1787.05 5694.35
1799.87 5699.38
1812.35 5706.87
1818.87 5719.11
1821.38 5733.12
1819.97 5747.21
1830.70 5755.88
1842.74 5763.34
1856.57 5768.03
1867.97 5775.08
1879.33 5782.11
1890.96 5789.31
1903.21 5796.71
1915.12 5802.37
1928.10 5808.21
1940.39 5813.64
1953.08 5819.25
1965.45 5824.42
1977.62 5829.41
1989.71 5834.37
2001.93 5839.37
2014.13 5843.97
2027.35 5848.51
2040.14 5852.83
2053.23 5857.14
2066.01 5861.34
2078.50 5865.22
2091.46 5868.56
2104.69 5871.98
2118.34 5875.52
2132.14 5878.90
2146.14 5881.75
2159.23 5884.42
2172.61 5887.15
2186.54 5889.98
2199.86 5892.55
2212.90 5895.06
2226.10 5897.60
2239.05 5900.09
2251.86 5902.56
2265.83 5905.25
2279.94 5907.97
2292.73 5910.43
2305.55 5912.90
2319.38 5915.56
2332.07 5918.01
2345.95 5920.68
2358.64 5923.13
2372.74 5925.84
2385.72 5928.34
2399.51 5931.00
2413.49 5933.69
2426.98 5936.29
2440.41 5938.87
2454.23 5941.54
2467.01 5944.00
2481.12 5946.78
2495.17 5949.58
2508.03 5952.15
2521.78 5954.89
2535.27 5957.57
2548.34 5960.06
2561.81 5962.63
2575.59 5965.30
2588.36 5967.90
2601.65 5970.61
2615.66 5973.46
2629.46 5976.47
2642.43 5979.56
2655.79 5983.23
2668.36 5986.69
2681.03 5993.60
2693.51 6000.46
2704.79 6003.56
2712.89 6005.79
2716.65 6006.82
2717.42 6007.03
2717.67 6007.10
2717.71 6007.11
2717.71 6007.11
2717.71 6007.11
2717.71 6007.11
2717.71 6007.11
2717.71 6007.11
2717.71 6007.11
2717.71 6007.11
2717.71 6007.11
2717.71 6007.11
2717.71 6007.11
2717.71 6007.11
2717.71 6007.11
2717.71 6007.11
2717.71 6007.11
2717.71 6007.11
2717.71 6007.11
2719.85 6007.67
2723.59 6008.62
2729.15 6010.02
2737.18 6012.00
2747.14 6014.43
2759.05 6017.89
2772.33 6022.55
2785.32 6027.12
2798.29 6031.68
2811.72 6035.94
2824.87 6040.21
2837.36 6044.99
2849.81 6050.64
2862.18 6056.19
2874.07 6061.34
2886.92 6066.90
2899.03 6072.14
2910.77 6078.16
2923.02 6084.49
2935.71 6091.03
2947.53 6097.13
2960.00 6103.58
2971.41 6110.22
2982.91 6116.91
2994.52 6123.67
3006.14 6130.43
3017.61 6137.11
3029.46 6144.00
3041.09 6150.78
3052.45 6157.94
3065.64 6162.36
3077.74 6169.99
3089.77 6177.57
3101.38 6184.89
3113.46 6192.51
3124.53 6199.49
3138.11 6204.15
3147.13 6209.83
3152.49 6213.21
3155.06 6214.84
3155.57 6215.15
3155.63 6215.19
3155.63 6215.19
3155.63 6215.19
3155.63 6215.19
3155.63 6215.19
3155.63 6215.19
3155.63 6215.19
3155.63 6215.19
3155.63 6215.19
3158.01 6216.55
3162.42 6218.86
3169.63 6221.74
3178.65 6225.35
3189.77 6229.82
3202.46 6235.02
3214.68 6240.27
3226.64 6245.34
3238.96 6250.23
3251.60 6254.62
3264.96 6258.29
3277.76 6261.86
3291.27 6264.78
3303.91 6267.70
3316.90 6270.54
3330.13 6273.11
3343.19 6274.64
3356.44 6276.19
3370.56 6277.46
3384.43 6278.12
3398.52 6278.81
3412.78 6279.48
3425.38 6279.95
3433.51 6280.26
3437.15 6280.40
3438.09 6280.44
3438.18 6280.44
3438.23 6280.44
3438.24 6280.44
3438.24 6280.44
3438.24 6280.44
3438.24 6280.44
3438.24 6280.44
3438.24 6280.44
3438.24 6280.44
3438.24 6280.44
3438.24 6280.44
3438.24 6280.44
3438.24 6280.44
3438.24 6280.44
3438.24 6280.44
3438.24 6280.44
3438.24 6280.44
3438.24 6280.44
3438.24 6280.44
3438.24 6280.44
3438.24 6280.44
3438.24 6280.44
3438.24 6280.44
3438.24 6280.44
3438.24 6280.44
3438.24 6280.44
3438.24 6280.44
3438.24 6280.44
3438.24 6280.44
3438.24 6280.44
3438.24 6280.44
3438.24 6280.44
3438.24 6280.44
3438.24 6280.44
3440.43 6280.52
3445.35 6280.54
3452.32 6279.37
3462.11 6277.45
3474.04 6275.13
3487.71 6272.87
3501.73 6271.10
3515.93 6269.35
3529.93 6267.63
3543.73 6265.97
3556.70 6264.46
3570.35 6262.85
3584.57 6260.95
3597.71 6259.20
3611.66 6257.35
3625.75 6255.47
3638.49 6252.27
3651.13 6248.57
3664.36 6244.20
3676.58 6239.29
3689.17 6234.23
3701.73 6229.18
3714.63 6223.99
3727.38 6218.61
3740.05 6213.16
3752.41 6208.05
3765.68 6204.50
3779.21 6205.27
3792.97 6209.84
3803.98 6217.45
3815.07 6225.08
3826.80 6232.64
3839.41 6231.91
3852.56 6230.05
3866.25 6228.12
3879.22 6226.28
3892.44 6224.42
3905.84 6222.52
3915.63 6221.14
3921.08 6220.37
3922.46 6220.17
3923.28 6220.06
3923.56 6220.02
3923.69 6220.00
3923.70 6220.00
3923.70 6220.00
3923.70 6220.00
3923.70 6220.00
3923.70 6220.00
3923.70 6220.00
3923.70 6220.00
3923.70 6220.00
3923.70 6220.00
3923.70 6220.00
3923.70 6220.00
3923.70 6220.00
3923.70 6220.00
3923.70 6220.00
3923.70 6220.00
3923.70 6220.00
3923.70 6220.00
3923.70 6220.00
3923.70 6220.00
3923.70 6220.00
3923.70 6220.00
3923.70 6220.00
3923.70 6220.00
3923.70 6220.00
3923.70 6220.00
3923.70 6220.00
3923.70 6220.00
3923.70 6220.00
3923.70 6220.00
3923.70 6220.00
3923.70 6220.00
3923.70 6220.00
3923.70 6220.00
3923.70 6220.00
3923.70 6220.00
3923.70 6220.00
3926.01 6219.68
3930.68 6219.07
3937.21 6218.22
3946.64 6217.01
3958.75 6215.55
3972.47 6213.56
3986.15 6211.69
3999.11 6209.39
4011.99 6207.03
4025.75 6204.01
4039.41 6200.87
4053.47 6197.68
4066.48 6194.72
4080.22 6191.43
4093.01 6188.21
4104.09 6188.83
4115.04 6186.38
4125.17 6184.26
4137.04 6181.77
4148.62 6179.16
4162.21 6175.48
4174.84 6172.05
4188.25 6169.64
4201.43 6167.68
4214.94 6166.17
4227.51 6165.10
4240.70 6164.32
4253.98 6163.54
4267.47 6162.74
4281.52 6161.91
4295.46 6161.74
4308.59 6162.71
4321.32 6163.65
4334.27 6164.84
4347.72 6166.40
4360.99 6167.53
4370.60 6168.28
4376.71 6168.76
4379.24 6168.95
4379.93 6169.01
4380.36 6169.04
4380.41 6169.04
4380.43 6169.05
4380.44 6169.05
4380.44 6169.05
4380.44 6169.05
4380.44 6169.05
4380.44 6169.05
4380.44 6169.05
4380.44 6169.05
4380.44 6169.05
4380.44 6169.05
4380.44 6169.05
4380.44 6169.05
4380.44 6169.05
4380.44 6169.05
4380.44 6169.05
4380.44 6169.05
4380.44 6169.05
4380.44 6169.05
4380.44 6169.05
4380.44 6169.05
4380.44 6169.05
4380.44 6169.05
4380.44 6169.05
4380.44 6169.05
4380.44 6169.05
4380.44 6169.05
4380.44 6169.05
4380.44 6169.05
4380.44 6169.05
4380.44 6169.05
4380.44 6169.05
4380.44 6169.05
4380.44 6169.05
4380.44 6169.05
4380.44 6169.05
4380.44 6169.05
4380.44 6169.05
4380.44 6169.05
4380.44 6169.05
4382.35 6169.20
4386.93 6169.55
4393.18 6170.38
4401.69 6173.97
4412.00 6178.97
4424.79 6185.15
4435.85 6192.06
4447.09 6200.80
4457.94 6209.17
4469.08 6217.86
4480.20 6226.22
4490.74 6233.99
4501.27 6241.72
4512.59 6250.03
4523.37 6257.58
4534.96 6265.73
4546.07 6273.82
4557.01 6281.85
4567.55 6289.81
4578.75 6298.32
4590.15 6306.93
4603.21 6312.65
4614.44 6320.73
4625.61 6328.31
4636.97 6336.01
4648.02 6344.49
4659.30 6352.02
4670.68 6358.08
4683.47 6363.65
4696.51 6367.34
4709.31 6369.78
4722.62 6371.35
4736.03 6373.20
4748.70 6375.36
4762.56 6377.57
4776.35 6379.76
4789.64 6381.93
4803.75 6384.33
4817.41 6386.34
4830.78 6388.31
4843.71 6390.66
4856.99 6393.09
4865.87 6394.68
4870.49 6395.48
4870.71 6395.51
4870.72 6395.52
4870.73 6395.52
4870.73 6395.52
4870.73 6395.52
4870.73 6395.52
4870.73 6395.52
4870.73 6395.52
4870.73 6395.52
4870.73 6395.52
4870.73 6395.52
4870.73 6395.52
4870.73 6395.52
4870.73 6395.52
4870.73 6395.52
4870.73 6395.52
4870.73 6395.52
4870.73 6395.52
4870.73 6395.52
4870.73 6395.52
4870.73 6395.52
4870.73 6395.52
4870.73 6395.52
4870.73 6395.52
4870.73 6395.52
4870.73 6395.52
4870.73 6395.52
4870.73 6395.52
4870.73 6395.52
4870.73 6395.52
4870.73 6395.52
4870.73 6395.52
4870.73 6395.52
4870.73 6395.52
4870.73 6395.52
4870.73 6395.52
4870.73 6395.52
4870.73 6395.52
4870.73 6395.52
4870.73 6395.52
4870.73 6395.52
4870.73 6395.52
4870.73 6395.52
4870.73 6395.52
4870.73 6395.52
4872.89 6395.86
4876.86 6396.46
4883.33 6397.43
4891.89 6398.72
4902.65 6400.26
4916.18 6402.08
4929.07 6403.81
4942.26 6405.57
4956.24 6406.81
4969.69 6407.71
4983.71 6408.64
4997.31 6409.77
5011.21 6411.19
5025.19 6412.62
5038.82 6414.01
5052.85 6415.45
5067.15 6416.93
5081.35 6418.45
5094.25 6419.85
5107.49 6421.29
5121.35 6422.80
5135.50 6424.37
5149.40 6425.91
5163.03 6427.42
5176.48 6428.70
5189.97 6430.02
5200.78 6431.20
5208.67 6432.06
5213.08 6432.53
5213.33 6432.56
5213.33 6432.56
5213.33 6432.56
5213.33 6432.56
5213.33 6432.56
5213.33 6432.56
5213.33 6432.56
5213.33 6432.56
5213.33 6432.56
5213.33 6432.56
5213.33 6432.56
5213.33 6432.56
5213.33 6432.56
5213.33 6432.56
5213.33 6432.56
5213.33 6432.56
5213.33 6432.56
5213.33 6432.56
5213.33 6432.56
5213.33 6432.56
5213.33 6432.56
5213.33 6432.56
5213.33 6432.56
5213.33 6432.56
5213.33 6432.56
5213.33 6432.56
5213.33 6432.56
5213.33 6432.56
5213.33 6432.56
5213.33 6432.56
5213.33 6432.56
5213.33 6432.56
5213.33 6432.56
5213.33 6432.56
5213.33 6432.56
5213.33 6432.56
5213.33 6432.56
5213.33 6432.56
5213.33 6432.56
5213.33 6432.56
5213.33 6432.56
5215.89 6432.84
5220.58 6433.35
5227.07 6434.06
5236.35 6435.08
5248.33 6436.40
5261.63 6437.86
5274.63 6439.29
5288.29 6440.75
5301.81 6442.16
5314.92 6443.53
5328.95 6444.97
5342.65 6446.17
5356.71 6447.53
5369.78 6448.82
5383.85 6450.11
5398.19 6451.75
5411.76 6453.62
5425.56 6456.10
5438.41 6459.50
5451.62 6464.05
5462.60 6467.98
5470.51 6470.84
5474.21 6472.23
5474.60 6472.38
5473.71 6475.57
5472.75 6478.73
5475.65 6479.82
5478.22 6480.78
5478.55 6480.91
5478.58 6480.92
5478.59 6480.92
5478.59 6480.92
5478.59 6480.92
5478.59 6480.92
5478.59 6480.92
5478.59 6480.92
5478.59 6480.92
5478.59 6480.92
5478.59 6480.92
5478.59 6480.92
5478.59 6480.92
5478.59 6480.92
5478.59 6480.92
5478.59 6480.92
5478.59 6480.92
5478.59 6480.92
5478.59 6480.92
5478.59 6480.92
5478.59 6480.92
5478.59 6480.92
5478.59 6480.92
5478.59 6480.92
5478.59 6480.92
5478.59 6480.92
5478.59 6480.92
5478.59 6480.92
5478.59 6480.92
5478.59 6480.92
5478.59 6480.92
5478.59 6480.92
5478.59 6480.92
5478.59 6480.92
5478.59 6480.92
5478.59 6480.92
5478.59 6480.92
5478.59 6480.92
5478.59 6480.92
5478.59 6480.92
5478.59 6480.92
5478.59 6480.92
5478.59 6480.92
5478.59 6480.92
5478.59 6480.92
5478.59 6480.92
5478.59 6480.92
5478.59 6480.92
5478.59 6480.92
5478.59 6480.92
5478.59 6480.92
5478.59 6480.92
5478.59 6480.92
5478.59 6480.92
5478.59 6480.92
5478.59 6480.92
5478.59 6480.92
5478.59 6480.92
5478.59 6480.92
5478.59 6480.92
5478.59 6480.92
5478.59 6480.92
5480.73 6481.76
5484.89 6483.44
5490.54 6485.72
5498.88 6489.09
5508.75 6493.08
5520.55 6497.86
5533.81 6503.27
5546.56 6508.36
5558.73 6513.19
5570.92 6518.04
5583.69 6523.10
5596.84 6528.32
5608.97 6533.13
5621.13 6537.96
5634.08 6543.10
5646.48 6548.01
5658.76 6552.88
5671.87 6558.39
5684.19 6563.67
5692.64 6567.30
5697.75 6569.49
5700.81 6570.81
5704.45 6572.37
5709.96 6574.63
5717.35 6577.57
5726.12 6580.94
5736.35 6584.71
5748.21 6589.07
5761.53 6594.15
5774.39 6599.41
5787.27 6601.05
5799.97 6605.66
5812.63 6610.61
5825.37 6615.84
5837.37 6620.60
5849.57 6625.71
5861.74 6630.69
5873.95 6635.73
5887.09 6641.18
5899.03 6646.13
5911.29 6651.24
5923.53 6656.35
5936.12 6661.61
5948.48 6666.69
5961.20 6671.73
5973.91 6676.62
5986.79 6680.94
6000.01 6682.88
6013.34 6684.84
6027.20 6686.88
6041.47 6685.65
6054.76 6687.63
6068.24 6689.63
6081.23 6691.57
6094.16 6693.49
6107.12 6695.42
6120.48 6697.40
6133.70 6699.37
6143.83 6700.88
6150.95 6701.94
6153.62 6702.34
6153.98 6702.39
6154.09 6702.41
6154.09 6702.41
6154.09 6702.41
6154.09 6702.41
6154.09 6702.41
6154.09 6702.41
6154.09 6702.41
6154.09 6702.41
6154.09 6702.41
6154.09 6702.41
6154.09 6702.41
6154.09 6702.41
6154.09 6702.41
6154.09 6702.41
6154.09 6702.41
6154.09 6702.41
6154.09 6702.41
6154.09 6702.41
6154.09 6702.41
6154.09 6702.41
6154.09 6702.41
6154.09 6702.41
6154.09 6702.41
6154.09 6702.41
6154.09 6702.41
6154.09 6702.41
6154.09 6702.41
6154.09 6702.41
6154.09 6702.41
6154.09 6702.41
6154.09 6702.41
6154.09 6702.41
6154.09 6702.41
6154.09 6702.41
6154.09 6702.41
6154.09 6702.41
6154.09 6702.41
6154.09 6702.41
6154.09 6702.41
6154.09 6702.41
6154.09 6702.41
6154.09 6702.41
6154.09 6702.41
6154.09 6702.41
6154.09 6702.41
6154.09 6702.41
6154.09 6702.41
6154.09 6702.41
6154.09 6702.41
6154.09 6702.41
6154.09 6702.41
6155.30 6702.59
6156.47 6702.76
6160.55 6703.37
6167.45 6704.48
6176.31 6705.94
6186.99 6707.84
6200.49 6710.28
6213.81 6712.68
6227.71 6716.15
6241.49 6720.48
6255.06 6725.18
6268.32 6729.87
6277.41 6733.24
6286.15 6736.55
6294.71 6739.85
6303.66 6743.48
6314.03 6748.08
6326.62 6753.66
6339.52 6759.37
6351.71 6764.77
6363.88 6770.17
6376.69 6775.84
6388.70 6781.16
6400.34 6786.20
6412.85 6790.11
6425.81 6794.15
6438.71 6798.17
6451.60 6801.96
6464.61 6805.68
6477.15 6808.90
6490.88 6812.43
6503.51 6815.67
6514.79 6818.57
6521.71 6820.35
6524.28 6821.01
6524.54 6821.07
6524.76 6821.13
6524.77 6821.13
6525.94 6821.43
6528.31 6822.04
6532.68 6823.17
6538.49 6824.47
6546.32 6826.06
6557.18 6828.04
6570.85 6830.52
6584.81 6833.05
6598.50 6835.54
6612.47 6838.07
6625.51 6840.44
6638.77 6842.85
6652.54 6845.35
6665.45 6847.69
6678.19 6850.01
6691.17 6852.36
6704.86 6854.85
6718.60 6857.34
6732.04 6859.78
6745.39 6862.20
6758.27 6864.54
6771.47 6866.94
6784.40 6869.29
6798.43 6871.83
6812.16 6874.33
6825.44 6876.49
6838.76 6878.51
6853.00 6880.68
6867.23 6882.84
6881.22 6884.97
6894.28 6886.95
6907.51 6888.96
6921.39 6891.07
6934.46 6891.28
6935.34 6878.06
6935.96 6864.99
6936.59 6851.63
6937.21 6838.57
6938.38 6825.00
6940.11 6813.36
6941.29 6806.25
6941.73 6803.59
6941.87 6802.74
6941.88 6802.68
6941.88 6802.67
6941.88 6802.67
6941.88 6802.67
6941.88 6802.67
6941.88 6802.67
6941.88 6802.67
6942.17 6800.94
6942.72 6797.63
6943.60 6792.46
6945.01 6784.96
6947.83 6776.05
6951.80 6766.34
6956.39 6755.05
6960.76 6744.30
6965.21 6733.34
6969.36 6723.13
6974.02 6711.66
6978.36 6700.98
6982.58 6690.60
6989.93 6681.28
6995.01 6668.78
6998.96 6659.05
7003.06 6648.96
7007.48 6638.07
7011.62 6627.90
7016.37 6616.21
7020.55 6605.90
7024.93 6595.13
7029.20 6584.63
7033.29 6574.56
7036.47 6566.72
7039.05 6560.38
7039.97 6558.11
7040.42 6557.00
7040.45 6556.94
7040.46 6556.91
7041.08 6555.37
7042.51 6551.87
7044.63 6546.91
7051.17 6541.23
7052.68 6538.22
7054.92 6533.76
7058.10 6527.41
7062.89 6519.21
7068.59 6508.46
7075.23 6495.96
7081.29 6484.53
7087.90 6472.06
7094.67 6459.31
7101.04 6447.22
7107.09 6435.41
7113.14 6423.48
7119.43 6411.06
7125.95 6398.21
7132.32 6385.64
7138.72 6373.01
7145.15 6360.34
7149.53 6351.69
7153.22 6344.40
7157.11 6336.74
7160.99 6329.08
7164.88 6321.41
7168.76 6313.75
7172.65 6306.08
7176.53 6298.42
7180.58 6290.44
7183.49 6284.70
7187.19 6277.37
7191.83 6268.17
7196.88 6258.13
7201.73 6248.52
7206.47 6239.10
7210.68 6230.75
7213.58 6225.00
7214.45 6223.27
7214.62 6222.93
7214.73 6222.71
7214.81 6222.57
7214.82 6222.54
7214.83 6222.52
7214.83 6222.52
7214.83 6222.52
7214.83 6222.52
7214.83 6222.52
7214.83 6222.52
7214.83 6222.52
7214.83 6222.52
7214.83 6222.52
7214.83 6222.52
7214.83 6222.52
7214.83 6222.52
7214.83 6222.52
7214.83 6222.52
7214.83 6222.52
7214.83 6222.52
7214.83 6222.52
7214.83 6222.52
7214.83 6222.52
7214.83 6222.52
7214.83 6222.52
7214.83 6222.52
7214.83 6222.52
7214.83 6222.52
7214.83 6222.52
7214.83 6222.52
7214.83 6222.52
7214.83 6222.52
7214.83 6222.52
7214.83 6222.52
7214.83 6222.52
7214.83 6222.52
7214.83 6222.52
7214.83 6222.52
7214.83 6222.52
7214.83 6222.52
7214.83 6222.52
7214.83 6222.52
7215.10 6221.99
7216.42 6219.37
7218.06 6216.12
7220.69 6210.89
7224.21 6203.84
7228.73 6194.62
7233.49 6184.88
7238.61 6174.42
7243.59 6164.22
7248.38 6154.44
7253.62 6143.71
7259.02 6132.60
7264.12 6121.99
7268.48 6112.90
7271.95 6105.67
7273.62 6102.18
7274.21 6100.95
7274.84 6099.65
7274.94 6099.42
7274.97 6099.37
7274.98 6099.36
7275.00 6099.31
7275.59 6098.08
7276.86 6095.42
7278.87 6091.25
7280.72 6087.39
7284.03 6082.24
7285.50 6080.79
7285.75 6080.61
7285.98 6080.46
7285.99 6080.45
7285.99 6080.45
7287.79 6079.20
7291.15 6077.31
7297.50 6074.88
7306.87 6072.62
7318.94 6070.25
7333.08 6067.47
7348.84 6064.38
7365.73 6061.06
7382.30 6057.81
7398.86 6054.55
7414.64 6050.78
7430.84 6043.91
7447.07 6043.15
7464.08 6042.35
7480.07 6043.71
7494.32 6041.78
7509.26 6035.65
7524.19 6029.53
7539.56 6023.22
7554.76 6016.99
7567.59 6008.15
7582.29 6002.11
7597.11 5996.03
7611.40 5993.14
7620.96 5994.69
7626.06 5995.75
7626.76 5995.90
7627.07 5995.97
7627.28 5996.01
7627.31 5996.02
7627.31 5996.02
7627.31 5996.02
7627.31 5996.02
7627.31 5996.02
7627.31 5996.02
7627.31 5996.02
7627.31 5996.02
7627.31 5996.02
7627.31 5996.02
7627.31 5996.02
7627.31 5996.02
7627.31 5996.02
7627.31 5996.02
7627.31 5996.02
7627.31 5996.02
7627.31 5996.02
7627.31 5996.02
7627.31 5996.02
7627.31 5996.02
7627.31 5996.02
7627.31 5996.02
7627.31 5996.02
7627.31 5996.02
7627.31 5996.02
7627.31 5996.02
7627.31 5996.02
7627.31 5996.02
7627.31 5996.02
7627.31 5996.02
7627.31 5996.02
7627.31 5996.02
7627.31 5996.02
7627.31 5996.02
7627.31 5996.02
7627.31 5996.02
7627.31 5996.02
7627.31 5996.02
7627.60 5996.08
7627.70 5996.10
7628.77 5996.33
7631.48 5996.92
7634.79 5997.64
7639.78 5998.72
7646.75 5997.94
7649.58 5989.35
7656.30 5979.23
7660.67 5965.63
7665.42 5950.82
7669.36 5938.55
7671.92 5930.56
7673.18 5926.64
7673.51 5925.64
7673.70 5925.02
7673.75 5924.86
7673.77 5924.81
7673.78 5924.78
7673.78 5924.77
7673.79 5924.76
7673.79 5924.76
7673.79 5924.76
7673.79 5924.76
7673.79 5924.76
7673.79 5924.76
7673.79 5924.76
7673.79 5924.76
7673.79 5924.76
7673.79 5924.76
7673.79 5924.76
7673.79 5924.76
7673.79 5924.76
7673.79 5924.76
7673.79 5924.76
7673.79 5924.76
7674.01 5924.05
7674.67 5922.01
7675.02 5920.93
7675.22 5920.31
7675.36 5919.85
7675.40 5919.75
7675.42 5919.69
7675.43 5919.65
7672.28 5918.63
7672.89 5916.73
7673.88 5912.67
7675.15 5905.76
7676.37 5896.39
7677.85 5885.07
7679.61 5871.60
7681.13 5856.00
7682.53 5840.06
7683.57 5823.41
7683.53 5807.29
7683.80 5790.94
7684.06 5774.10
7687.64 5757.07
7687.91 5740.50
7688.76 5724.75
7691.54 5707.99
7694.50 5691.30
7697.31 5675.74
7700.63 5660.00
7703.53 5643.76
7707.62 5627.41
7711.74 5612.71
7715.63 5598.83
7719.11 5586.41
7720.44 5572.17
7709.16 5563.87
7703.13 5554.07
7701.33 5542.25
7703.05 5529.59
7710.62 5520.67
7721.87 5514.28
7726.53 5501.37
7722.58 5488.53
7722.35 5476.30
7723.56 5461.75
7726.14 5447.02
7729.87 5433.06
7733.29 5421.37
7737.55 5408.23
7742.55 5398.09
7748.06 5389.85
7752.19 5384.66
7754.85 5382.02
7755.61 5381.26
7756.45 5380.43
7756.76 5380.13
7756.92 5379.96
7756.95 5379.93
7756.99 5379.90
7757.00 5379.89
7757.00 5379.89
7757.00 5379.89
7757.00 5379.89
7757.00 5379.89
7757.00 5379.89
7757.00 5379.89
7757.00 5379.89
7757.00 5379.89
7757.00 5379.89
7757.00 5379.89
7757.00 5379.89
7757.00 5379.89
7757.00 5379.89
7757.00 5379.89
7757.00 5379.89
7757.00 5379.89
7757.00 5379.89
7757.00 5379.89
7757.00 5379.89
7757.00 5379.89
7757.00 5379.89
7757.00 5379.89
7757.00 5379.89
7757.00 5379.89
7757.00 5379.89
7757.00 5379.89
7757.00 5379.89
7757.00 5379.89
7757.00 5379.89
7757.39 5379.50
7759.20 5377.71
7763.03 5373.91
7767.49 5370.78
7774.16 5367.90
7783.20 5364.74
7795.65 5363.55
7809.70 5363.79
7825.17 5365.64
7842.00 5369.05
7857.31 5375.58
7870.89 5383.83
7884.00 5394.09
7898.17 5401.15
7915.24 5402.28
7932.12 5402.35
7948.79 5402.46
7965.14 5402.52
7981.14 5402.75
7998.35 5403.32
8015.24 5404.42
8030.98 5406.81
8047.86 5409.63
8063.62 5412.26
8079.24 5414.86
8095.53 5417.58
8112.19 5420.36
8128.91 5423.50
8145.61 5426.91
8162.09 5430.28
8178.40 5433.87
8195.03 5438.06
8209.24 5441.62
8220.94 5444.84
8234.81 5448.50
8251.53 5452.61
8268.06 5456.61
8284.70 5460.71
8301.23 5464.86
8317.64 5468.76
8334.28 5472.82
8351.32 5473.92
8367.54 5478.32
8384.05 5482.88
8400.00 5487.06
8416.39 5491.22
8432.38 5495.28
8448.30 5499.32
8464.33 5503.40
8480.69 5507.55
8497.23 5511.75
8513.33 5514.78
8529.93 5516.45
8547.07 5517.67
8562.86 5518.09
8578.86 5515.68
8584.53 5500.47
8590.28 5484.99
8596.01 5469.58
8601.53 5454.75
8607.69 5438.97
8614.56 5424.23
8621.34 5409.71
8629.76 5394.95
8639.99 5381.94
8650.17 5369.23
8663.94 5359.87
8677.63 5351.00
8693.09 5344.47
8709.02 5338.61
8725.79 5334.57
8741.50 5331.49
8758.34 5328.38
8774.90 5326.84
8791.61 5325.44
8807.34 5321.97
8822.44 5316.82
8837.39 5308.77
8851.44 5300.44
8864.27 5291.22
8877.43 5281.65
8890.57 5272.09
8903.73 5262.51
8916.67 5253.09
8930.51 5243.02
8943.53 5233.63
8956.63 5224.49
8969.64 5214.50
8981.21 5202.96
8991.70 5190.85
9002.15 5177.48
9011.98 5164.89
9021.71 5152.44
9031.68 5139.68
9044.24 5128.40
9059.19 5122.80
9075.10 5125.05
9090.96 5131.10
9106.68 5137.90
9122.46 5144.73
9137.47 5151.22
9153.00 5157.93
9168.04 5159.12
9173.32 5144.58
9183.27 5132.79
9196.34 5123.81
9208.81 5112.55
9221.92 5102.42
9230.40 5088.30
9234.00 5072.20
9235.40 5055.71
9238.57 5039.99
9252.04 5034.12
9264.50 5043.90
9271.70 5059.34
9278.80 5074.54
9285.70 5089.33
9297.63 5100.55
9310.75 5109.41
9326.16 5112.86
9341.03 5107.80
9354.25 5098.46
9367.37 5087.99
9380.51 5077.51
9393.71 5066.97
9406.55 5056.86
9406.50 5043.03
9398.35 5028.58
9390.26 5014.25
9382.48 4999.84
9374.60 4985.72
9366.56 4971.99
9357.47 4957.49
9348.65 4943.82
9349.46 4928.01
9354.49 4912.93
9364.26 4900.19
9376.01 4888.67
9388.07 4878.41
9402.73 4869.73
9417.66 4863.64
9433.10 4857.63
9448.85 4852.12
9465.33 4847.52
9481.30 4845.71
9497.24 4846.41
9513.54 4850.46
9529.54 4855.73
9544.64 4860.99
9559.73 4866.71
9575.07 4872.53
9590.88 4877.85
9606.68 4882.30
9623.07 4885.37
9639.10 4885.11
9655.98 4884.10
9671.24 4876.48
9684.26 4866.05
9695.68 4854.52
9708.94 4843.50
9721.55 4833.02
9734.06 4822.63
9746.67 4812.15
9759.22 4801.72
9771.76 4791.29
9784.99 4780.29
9797.97 4769.51
9810.15 4759.38
9822.40 4749.20
9835.57 4738.25
9847.73 4728.14
9860.74 4717.32
9873.89 4706.90
9887.49 4696.65
9901.35 4688.12
9916.27 4681.00
9931.21 4675.57
9946.78 4671.18
9963.11 4666.59
9978.88 4661.50
9993.78 4655.48
10007.68 4647.85
10021.28 4639.26
10035.00 4628.75
10047.30 4617.83
10059.90 4606.45
10071.70 4595.80
10084.21 4584.42
10096.67 4573.08
10109.16 4561.71
10121.31 4550.64
10132.73 4539.61
10144.87 4527.63
10156.95 4515.70
10168.30 4504.50
10180.36 4492.59
10191.76 4481.34
10203.96 4469.30
10215.52 4457.88
10227.34 4446.21
10238.79 4434.86
10250.33 4423.52
10262.13 4411.92
10273.89 4400.36
10280.84 4386.10
10275.96 4370.53
10267.67 4355.34
10254.10 4345.23
10242.64 4334.36
10235.14 4320.06
10227.24 4304.99
10219.27 4289.79
10210.32 4276.18
10202.15 4262.40
10207.26 4248.24
10215.32 4241.46
10219.94 4237.58
10225.05 4228.48
10218.67 4218.90
10210.99 4207.37
10204.37 4192.96
10199.67 4177.61
10199.76 4160.71
10199.87 4144.02
10199.97 4127.63
10198.64 4111.25
10196.43 4095.06
10194.66 4078.72
10186.14 4069.38
10180.38 4063.07
10178.57 4059.57
10179.94 4053.50
10185.75 4047.20
10195.04 4040.51
10206.08 4032.57
10217.48 4024.35
10228.52 4016.41
10239.71 4008.35
10251.64 4000.83
10261.19 3993.88
10268.68 3983.35
10278.07 3972.83
10287.20 3962.42
10295.87 3952.52
10304.40 3942.80
10310.55 3935.78
10313.74 3932.15
10313.96 3931.90
