10008.43 4172.65
10009.70 4174.16
10012.13 4177.04
10015.94 4181.53
10020.88 4187.37
10027.13 4194.75
10034.92 4203.95
10041.81 4214.96
10038.18 4223.27
10034.37 4226.80
10034.41 4232.75
10040.60 4239.31
10048.54 4247.73
10057.83 4257.58
10067.47 4267.79
10077.52 4278.41
10087.42 4288.63
10097.48 4298.96
10107.61 4309.46
10117.08 4319.48
10126.56 4329.51
10136.74 4340.20
10146.91 4350.56
10156.63 4360.42
10166.31 4370.23
10176.10 4380.15
10186.31 4390.50
10196.51 4400.84
10206.35 4410.82
10216.83 4421.44
10224.15 4428.86
10228.30 4433.07
10229.38 4434.17
10229.79 4434.58
10229.80 4434.59
10231.25 4436.34
10233.38 4439.84
10232.45 4445.65
10226.52 4451.66
10219.02 4459.06
10210.15 4467.82
10199.57 4478.27
10187.69 4489.99
10177.59 4504.60
10165.60 4516.44
10153.24 4528.65
10140.60 4541.12
10128.10 4553.29
10115.01 4565.31
10101.97 4577.18
10089.58 4588.45
10076.89 4600.00
10063.57 4612.03
10050.75 4623.61
10037.13 4635.44
10023.10 4646.17
10008.78 4654.84
9993.36 4662.77
9977.63 4669.12
9960.43 4674.19
9943.24 4679.03
9926.58 4684.28
9909.90 4690.92
9894.40 4699.71
9880.52 4710.15
9866.37 4721.21
9852.96 4732.36
9839.72 4743.37
9826.72 4754.18
9813.00 4765.58
9799.14 4777.11
9786.16 4787.90
9772.63 4799.15
9758.96 4810.51
9745.72 4821.52
9732.81 4832.25
9719.70 4843.15
9706.61 4854.02
9693.88 4865.31
9681.97 4877.82
9667.10 4886.31
9651.20 4891.18
9633.25 4891.81
9615.35 4891.59
9598.59 4886.87
9581.29 4881.95
9564.73 4875.68
9548.48 4869.51
9531.53 4863.34
9515.38 4858.02
9498.35 4853.07
9481.62 4852.32
9464.96 4854.20
9448.32 4859.30
9431.64 4865.25
9415.67 4871.51
9399.91 4879.06
9386.15 4888.70
9373.71 4900.17
9362.25 4913.44
9355.84 4929.75
9358.24 4946.59
9368.05 4961.64
9376.87 4976.55
9385.55 4991.64
9393.86 5007.02
9402.07 5021.85
9410.74 5036.81
9417.47 5053.17
9407.11 5064.82
9393.10 5075.89
9379.12 5087.05
9365.84 5097.65
9351.97 5108.25
9338.05 5117.42
9320.54 5119.27
9304.39 5113.48
9290.99 5103.37
9279.35 5091.34
9272.26 5076.14
9265.08 5060.75
9257.92 5045.42
9244.01 5043.75
9241.64 5060.13
9240.23 5076.83
9235.49 5093.13
9226.50 5107.29
9214.91 5120.61
9201.76 5132.09
9187.35 5142.00
9180.58 5157.40
9169.27 5169.78
9153.43 5168.59
9137.30 5161.93
9121.58 5155.13
9105.46 5148.15
9089.87 5141.41
9073.57 5134.92
9056.68 5133.31
9041.89 5142.73
9031.09 5156.52
9020.70 5169.82
9009.68 5183.93
8999.07 5197.50
8987.21 5210.97
8975.16 5222.98
8960.99 5233.52
8946.55 5243.63
8932.24 5254.00
8917.86 5264.46
8904.24 5274.37
8890.22 5284.58
8876.52 5294.55
8861.08 5301.71
8846.42 5311.09
8831.24 5320.10
8815.50 5326.20
8798.98 5330.58
8782.48 5332.86
8764.96 5334.29
8746.96 5337.14
8729.44 5340.58
8712.39 5344.39
8696.31 5350.31
8680.08 5357.26
8665.25 5366.88
8651.25 5378.31
8640.59 5391.86
8630.39 5405.89
8622.86 5422.06
8615.67 5437.49
8609.04 5453.51
8602.97 5469.83
8596.72 5486.63
8590.83 5502.47
8584.74 5518.58
8570.64 5524.82
8552.94 5524.45
8535.40 5523.50
8517.95 5522.11
8501.34 5519.60
8484.82 5515.41
8467.41 5510.99
8450.03 5506.58
8432.61 5502.15
8415.60 5497.83
8398.79 5493.56
8382.18 5489.21
8365.56 5484.61
8348.90 5480.10
8332.62 5475.79
8315.37 5471.64
8298.69 5467.63
8281.79 5463.38
8264.27 5459.08
8247.15 5454.95
8230.06 5454.10
8213.28 5449.47
8196.91 5445.33
8179.74 5441.02
8163.36 5437.27
8145.82 5433.69
8128.47 5430.14
8111.31 5426.91
8093.64 5423.96
8076.39 5421.08
8059.13 5418.20
8041.71 5415.29
8024.96 5412.50
8013.87 5415.38
8011.57 5429.82
8009.24 5444.46
8006.69 5458.05
8003.63 5471.78
8000.55 5485.56
7997.56 5499.68
7995.35 5510.93
7993.90 5518.26
7993.08 5522.45
7991.54 5527.83
7986.33 5532.33
7978.18 5535.28
7969.95 5537.89
7969.81 5550.28
7969.66 5564.83
7969.51 5579.25
7969.41 5589.18
7969.35 5595.52
7967.45 5603.60
7958.03 5602.24
7947.06 5598.77
7933.45 5598.31
7920.75 5597.88
7912.55 5597.60
7906.63 5602.02
7911.75 5614.22
7917.72 5627.99
7924.09 5641.71
7930.16 5655.14
7936.04 5668.11
7942.13 5681.41
7947.29 5694.51
7949.26 5708.36
7947.83 5723.05
7942.68 5737.20
7937.01 5750.97
7931.19 5764.36
7925.44 5777.44
7919.73 5790.43
7914.04 5803.36
7908.32 5816.37
7902.37 5829.62
7895.75 5842.63
7885.87 5854.09
7878.96 5866.98
7871.86 5880.23
7864.85 5893.48
7858.27 5906.25
7851.36 5919.04
7844.56 5931.97
7837.58 5944.39
7830.12 5957.15
7822.89 5969.79
7816.12 5981.90
7809.17 5994.39
7801.91 6007.44
7795.19 6019.52
7787.99 6032.45
7780.96 6045.08
7773.49 6056.92
7764.41 6067.99
7753.82 6077.93
7743.62 6087.30
7733.05 6096.85
7722.09 6105.20
7711.08 6111.36
7702.55 6115.71
7695.05 6118.87
7687.42 6121.64
7678.27 6124.84
7667.92 6131.54
7654.96 6134.80
7641.21 6136.76
7630.41 6136.63
7617.20 6134.44
7605.20 6131.53
7592.88 6128.34
7582.36 6122.60
7571.67 6115.54
7560.52 6108.17
7550.53 6101.56
7539.79 6094.46
7529.31 6087.54
7519.89 6081.38
7509.47 6074.33
7499.18 6067.35
7489.56 6060.82
7479.06 6054.17
7464.36 6052.26
7449.73 6052.94
7439.54 6053.41
7433.78 6053.68
7430.12 6053.85
7428.91 6053.90
7428.89 6053.90
7428.89 6053.90
7428.89 6053.90
7428.89 6053.90
7428.89 6053.90
7428.89 6053.90
7428.89 6053.90
7428.89 6053.90
7428.89 6053.90
7428.89 6053.90
7428.89 6053.90
7428.89 6053.90
7428.89 6053.90
7428.89 6053.90
7428.89 6053.90
7428.89 6053.90
7428.89 6053.90
7428.89 6053.90
7428.89 6053.90
7428.89 6053.90
7428.89 6053.90
7428.89 6053.90
7428.89 6053.90
7428.89 6053.90
7428.89 6053.90
7428.89 6053.90
7428.89 6053.90
7428.89 6053.90
7428.89 6053.90
7428.89 6053.90
7428.89 6053.90
7428.89 6053.90
7428.89 6053.90
7428.89 6053.90
7428.89 6053.90
7428.89 6053.90
7428.89 6053.90
7428.89 6053.90
7428.89 6053.90
7428.89 6053.90
7428.89 6053.90
7428.89 6053.90
7428.89 6053.90
7428.89 6053.90
7428.89 6053.90
7428.89 6053.90
7428.89 6053.90
7428.89 6053.90
7428.89 6053.90
7428.89 6053.90
7428.89 6053.90
7428.89 6053.90
7428.89 6053.90
7428.89 6053.90
7427.56 6054.02
7425.18 6055.75
7422.39 6061.82
7420.02 6068.75
7421.15 6076.86
7422.59 6087.15
7424.34 6099.71
7425.55 6108.38
7425.84 6114.10
7419.35 6118.52
7409.33 6121.04
7397.02 6123.79
7382.48 6127.05
7367.91 6130.31
7353.78 6133.48
7339.15 6136.75
7324.89 6140.25
7310.56 6142.93
7295.70 6143.79
7284.00 6142.83
7275.61 6140.87
7271.59 6139.93
7271.39 6139.88
7271.38 6139.88
7271.38 6139.88
7271.38 6139.88
7271.38 6139.88
7271.38 6139.88
7271.38 6139.88
7271.38 6139.88
7271.38 6139.88
7271.38 6139.88
7271.38 6139.88
7271.38 6139.88
7271.38 6139.88
7271.38 6139.88
7271.38 6139.88
7271.38 6139.88
7271.38 6139.88
7271.38 6139.88
7271.38 6139.88
7271.38 6139.88
7271.38 6139.88
7271.38 6139.88
7271.38 6139.88
7271.38 6139.88
7271.38 6139.88
7271.38 6139.88
7271.38 6139.88
7271.38 6139.88
7271.38 6139.88
7271.38 6139.88
7271.38 6139.88
7271.38 6139.88
7271.38 6139.88
7271.38 6139.88
7271.38 6139.88
7271.38 6139.88
7271.38 6139.88
7271.38 6139.88
7269.73 6139.62
7266.37 6141.03
7263.65 6145.73
7260.49 6152.20
7256.59 6160.18
7252.02 6169.52
7246.60 6180.61
7241.09 6191.89
7237.05 6200.15
7234.64 6205.09
7234.20 6205.98
7234.18 6206.02
7234.17 6206.03
7234.17 6206.04
7234.17 6206.04
7234.17 6206.04
7234.17 6206.04
7234.17 6206.04
7234.17 6206.04
7234.17 6206.04
7234.17 6206.04
7234.17 6206.04
7234.17 6206.04
7234.17 6206.04
7234.17 6206.04
7234.17 6206.04
7234.17 6206.04
7234.17 6206.04
7234.17 6206.04
7234.17 6206.04
7234.17 6206.04
7234.17 6206.04
7234.17 6206.04
7234.17 6206.04
7234.17 6206.04
7233.23 6207.94
7231.41 6211.61
7228.84 6216.71
7225.54 6223.28
7221.61 6231.08
7216.84 6240.53
7210.99 6252.15
7204.72 6264.59
7195.39 6275.77
7188.68 6289.06
7182.28 6301.69
7175.51 6315.04
7168.92 6328.05
7162.56 6340.60
7156.07 6353.38
7149.32 6366.70
7142.89 6379.39
7136.50 6392.00
7130.22 6404.38
7123.46 6417.72
7116.93 6430.60
7110.24 6443.81
7103.36 6457.01
7096.45 6470.04
7089.81 6482.55
7082.86 6495.65
7075.90 6508.75
7069.39 6521.05
7062.34 6533.64
7053.12 6544.69
7047.29 6557.65
7041.64 6571.56
7036.18 6584.98
7030.68 6598.52
7025.22 6611.96
7019.78 6625.34
7014.51 6638.32
7009.28 6651.18
7003.71 6664.89
6998.42 6677.90
6993.06 6691.11
6987.62 6704.47
6982.37 6717.41
6976.71 6731.32
6971.42 6744.34
6965.86 6758.04
6960.64 6770.93
6956.16 6785.36
6952.35 6800.03
6949.92 6814.74
6947.76 6829.77
6946.83 6844.67
6946.14 6859.17
6945.48 6873.25
6944.91 6885.19
6944.18 6892.80
6943.03 6897.03
6938.90 6901.19
6930.52 6902.37
6919.22 6904.09
6906.05 6905.43
6892.26 6903.33
6877.63 6901.11
6863.93 6899.02
6849.85 6896.89
6838.17 6895.11
6830.94 6894.01
6827.46 6893.48
6827.44 6893.48
6827.43 6893.48
6827.43 6893.48
6827.43 6893.48
6827.43 6893.48
6827.43 6893.48
6827.43 6893.48
6827.43 6893.48
6827.43 6893.48
6827.43 6893.48
6827.43 6893.48
6827.43 6893.48
6827.43 6893.48
6825.88 6893.24
6822.98 6892.80
6818.55 6892.28
6814.88 6896.86
6810.16 6905.27
6808.48 6916.02
6806.67 6928.27
6804.76 6941.87
6803.82 6957.81
6803.23 6975.59
6803.06 6992.70
6803.55 7009.57
6804.19 7027.63
6804.87 7045.23
6805.95 7063.04
6807.15 7077.88
6807.98 7088.23
6808.46 7094.08
6808.61 7096.04
6808.66 7096.57
6808.70 7097.06
6808.70 7097.08
6808.70 7097.10
6808.70 7097.10
6808.70 7097.10
6808.70 7097.10
6808.70 7097.10
6808.70 7097.10
6808.70 7097.10
6808.70 7097.10
6808.70 7097.10
6808.70 7097.10
6808.70 7097.10
6808.70 7097.10
6808.70 7097.10
6808.70 7097.10
6808.70 7097.10
6808.70 7097.10
6808.70 7097.10
6808.70 7097.10
6808.70 7097.10
6808.70 7097.10
6808.70 7097.10
6808.70 7097.10
6808.83 7098.88
6809.06 7102.78
6809.23 7109.41
6804.76 7115.42
6794.22 7116.91
6782.27 7118.60
6768.11 7120.60
6752.05 7122.90
6735.64 7128.47
6718.60 7130.88
6701.67 7133.65
6685.51 7137.65
6669.58 7142.87
6653.77 7148.45
6638.73 7156.37
6623.35 7165.06
6608.79 7173.30
6597.04 7179.94
6588.85 7184.57
6584.57 7187.05
6584.18 7187.30
6583.99 7187.42
6583.99 7187.42
6583.99 7187.42
6583.99 7187.42
6583.99 7187.42
6583.99 7187.42
6583.99 7187.42
6583.99 7187.42
6583.99 7187.42
6583.99 7187.42
6583.99 7187.42
6583.99 7187.42
6583.99 7187.42
6583.99 7187.42
6581.82 7188.72
6577.28 7191.32
6571.25 7194.69
6563.50 7199.00
6554.77 7204.32
6544.03 7210.87
6532.55 7217.86
6524.92 7222.51
6520.91 7224.74
6519.96 7225.21
6519.28 7225.55
6519.28 7225.55
6519.28 7225.55
6519.28 7225.55
6519.28 7225.55
6517.57 7226.39
6513.68 7228.27
6507.93 7230.86
6499.92 7233.70
6489.74 7236.77
6477.78 7239.95
6463.64 7243.63
6449.97 7247.19
6435.43 7250.97
6420.89 7254.75
6406.59 7258.47
6393.20 7261.95
6379.83 7265.43
6366.04 7269.02
6353.89 7272.18
6346.03 7274.22
6342.33 7275.18
6341.87 7275.30
6341.83 7275.31
6341.82 7275.32
6341.81 7275.32
6341.81 7275.32
6341.81 7275.32
6341.81 7275.32
6341.81 7275.32
6341.81 7275.32
6341.81 7275.32
6341.81 7275.32
6341.81 7275.32
6341.81 7275.32
6341.81 7275.32
6341.81 7275.32
6341.81 7275.32
6341.81 7275.32
6341.81 7275.32
6341.81 7275.32
6341.81 7275.32
6341.81 7275.32
6341.81 7275.32
6341.81 7275.32
6341.81 7275.32
6341.81 7275.32
6341.81 7275.32
6341.81 7275.32
6341.81 7275.32
6339.67 7275.88
6335.14 7277.08
6328.96 7278.73
6320.96 7280.85
6310.61 7283.64
6298.48 7286.92
6284.13 7290.80
6269.75 7294.80
6256.50 7298.74
6242.47 7302.92
6228.64 7306.80
6214.89 7310.29
6200.95 7314.10
6186.68 7318.08
6173.13 7321.56
6158.70 7325.25
6145.19 7328.82
6130.75 7332.87
6116.83 7336.78
6102.82 7340.68
6089.26 7344.43
6075.64 7348.13
6062.31 7351.50
6048.77 7355.07
6034.24 7358.90
6020.77 7362.18
6006.55 7365.57
5992.70 7369.23
5979.39 7373.02
5965.24 7377.01
5951.55 7380.78
5938.06 7384.50
5924.43 7388.25
5909.94 7392.23
5895.66 7396.05
5881.74 7399.78
5868.37 7404.54
5871.19 7417.98
5874.61 7431.52
5878.10 7445.33
5881.53 7458.90
5885.07 7472.90
5888.46 7486.33
5892.01 7500.36
5895.50 7514.19
5899.12 7528.49
5902.75 7542.86
5906.30 7556.92
5909.88 7571.07
5913.54 7585.54
5910.09 7598.11
5896.73 7604.66
5884.10 7610.85
5870.86 7617.33
5858.05 7623.61
5845.78 7630.01
5833.43 7636.92
5821.23 7644.00
5808.48 7651.94
5796.75 7659.23
5784.08 7667.03
5771.89 7674.29
5758.95 7681.07
5746.01 7686.86
5733.00 7692.29
5719.53 7697.64
5705.68 7699.98
5691.56 7702.01
5677.59 7704.02
5663.87 7705.54
5650.05 7704.65
5635.82 7703.22
5621.94 7699.64
5607.65 7695.79
5593.48 7691.33
5580.36 7687.20
5566.32 7682.78
5552.59 7678.46
5538.57 7676.52
5523.68 7675.37
5509.68 7674.29
5495.28 7674.79
5481.13 7675.88
5466.58 7677.00
5454.27 7675.70
5445.25 7686.43
5431.47 7690.84
5416.85 7693.32
5402.43 7695.14
5389.61 7702.03
5375.43 7706.64
5360.70 7708.33
5345.99 7708.40
5333.50 7701.05
5321.47 7692.59
5308.36 7690.29
5294.72 7692.87
5280.38 7695.33
5265.66 7697.86
5253.69 7691.68
5240.85 7691.49
5226.94 7694.90
5212.89 7698.33
5199.38 7701.64
5186.56 7704.78
5176.93 7707.13
5171.61 7708.44
5164.00 7707.98
5163.02 7698.65
5164.07 7686.91
5164.21 7672.67
5160.22 7659.35
5154.71 7646.21
5148.33 7633.84
5141.86 7621.27
5136.82 7613.07
5134.02 7608.76
5133.27 7607.61
5133.20 7607.51
5133.19 7607.49
5133.19 7607.48
5133.19 7607.48
5133.19 7607.48
5133.19 7607.48
5133.19 7607.48
5133.19 7607.48
5133.19 7607.48
5133.19 7607.48
5133.19 7607.48
5133.19 7607.48
5133.19 7607.48
5133.19 7607.48
5133.19 7607.48
5133.19 7607.48
5133.19 7607.48
5133.19 7607.48
5133.19 7607.48
5133.19 7607.48
5133.19 7607.48
5133.19 7607.48
5133.19 7607.48
5133.19 7607.48
5133.19 7607.48
5133.19 7607.48
5133.19 7607.48
5131.73 7605.46
5127.43 7603.43
5120.52 7605.10
5112.06 7607.16
5101.27 7609.79
5088.51 7612.90
5074.16 7616.40
5060.10 7619.83
5045.92 7623.29
5032.07 7626.67
5018.08 7630.08
5004.23 7633.35
4991.38 7636.16
4982.28 7638.15
4977.52 7639.20
4976.82 7639.35
4976.52 7639.42
4976.44 7639.43
4976.43 7639.44
4976.43 7639.44
4976.43 7639.44
4976.43 7639.44
4976.43 7639.44
4976.43 7639.44
4976.43 7639.44
4976.43 7639.44
4976.43 7639.44
4976.43 7639.44
4976.43 7639.44
4976.43 7639.44
4976.43 7639.44
4976.43 7639.44
4976.43 7639.44
4976.43 7639.44
4976.43 7639.44
4974.04 7640.03
4969.80 7641.20
4964.11 7642.75
4956.04 7644.96
4945.53 7648.08
4932.64 7652.07
4919.25 7655.73
4905.61 7659.34
4891.73 7663.01
4877.54 7666.77
4863.21 7670.56
4849.11 7674.29
4835.53 7677.89
4821.32 7681.64
4808.00 7685.10
4793.75 7688.78
4779.38 7692.49
4765.68 7696.03
4751.28 7699.76
4737.32 7703.41
4723.02 7707.17
4708.91 7710.87
4695.27 7714.45
4681.50 7718.07
4667.99 7721.62
4653.60 7725.31
4640.24 7728.69
4626.21 7732.24
4611.83 7735.88
4597.73 7739.45
4583.17 7743.13
4568.77 7746.79
4555.08 7750.36
4540.98 7754.08
4527.55 7757.65
4513.86 7761.29
4499.55 7764.95
4485.69 7768.15
4471.29 7771.70
4456.72 7775.29
4442.18 7778.82
4428.71 7782.08
4414.73 7785.48
4400.45 7788.94
4386.90 7792.22
4372.86 7795.61
4359.35 7798.87
4345.42 7802.24
4331.77 7805.54
4317.78 7808.91
4303.52 7812.36
4289.49 7815.75
4275.67 7819.09
4261.33 7822.49
4247.20 7826.22
4233.05 7830.11
4219.79 7833.77
4205.86 7837.61
4192.35 7841.34
4178.13 7845.26
4164.01 7849.16
4149.89 7853.06
4136.10 7856.86
4122.49 7860.61
4108.80 7864.39
4095.28 7868.12
4081.86 7871.83
4067.72 7875.73
4054.00 7879.51
4039.71 7883.46
4025.99 7887.26
4012.30 7891.07
4006.38 7900.45
4006.62 7913.21
4021.30 7921.77
4033.71 7936.33
4043.11 7953.69
4047.67 7973.14
4047.56 7993.87
4042.14 8013.93
4036.10 8032.98
4029.58 8051.62
4020.71 8070.23
4009.49 8087.43
3995.82 8102.00
3981.84 8116.91
3967.75 8131.22
3952.76 8145.39
3938.03 8159.32
3924.05 8174.74
3913.51 8191.67
3904.93 8209.48
3896.69 8228.39
3889.58 8246.82
3882.37 8265.49
3875.20 8284.07
3867.87 8303.06
3860.39 8322.47
3852.95 8341.75
3845.55 8360.91
3838.32 8379.64
3830.39 8398.45
3821.25 8416.70
3811.96 8435.22
3803.10 8452.90
3793.76 8470.95
3783.82 8488.56
3774.11 8505.77
3763.42 8523.74
3752.88 8541.17
3742.32 8558.66
3731.18 8575.74
3719.66 8592.42
3707.82 8609.57
3695.27 8626.23
3682.36 8641.82
3669.58 8657.12
3655.46 8673.86
3640.32 8691.79
3623.73 8710.32
3604.18 8726.76
3584.51 8747.11
3563.39 8768.97
3539.87 8791.08
3514.17 8814.11
3486.25 8838.50
3456.48 8863.68
3429.29 8889.29
3402.37 8910.31
3378.81 8928.29
3358.78 8943.57
3342.93 8956.66
3326.70 8969.77
3309.63 8980.63
3292.62 8991.44
3274.95 9002.68
3257.53 9013.76
3240.46 9024.38
3222.77 9035.18
3205.00 9046.03
3187.39 9056.78
3169.69 9066.80
3153.05 9075.37
3136.80 9083.74
3120.60 9092.08
3106.14 9099.52
3090.68 9107.48
3076.50 9114.78
3062.00 9122.24
3049.37 9128.74
3035.69 9135.78
3022.93 9142.35
3009.55 9149.24
2996.51 9155.96
2983.99 9162.40
2970.31 9169.44
2956.70 9176.45
2944.29 9182.83
2930.68 9190.25
2918.38 9197.46
2905.89 9205.02
2893.91 9212.91
2882.74 9220.28
2870.96 9228.82
2860.04 9237.62
2849.24 9246.33
2838.64 9256.89
2828.64 9267.44
2819.08 9277.88
2808.77 9289.87
2800.13 9301.85
2792.11 9313.87
2784.63 9327.28
2777.23 9340.55
2770.26 9353.24
2764.00 9365.81
2757.34 9379.18
2750.97 9391.98
2744.73 9404.51
2738.28 9417.46
2731.87 9430.34
2725.20 9443.73
2718.60 9456.97
2711.97 9470.28
2704.82 9483.80
2697.67 9496.35
2690.56 9508.26
2681.41 9520.53
2672.13 9532.07
2665.39 9539.88
2660.89 9549.92
2662.73 9560.73
2660.22 9568.67
2657.42 9572.98
2654.89 9580.17
2661.05 9587.59
2669.05 9595.04
2678.61 9604.40
2688.88 9615.69
2699.70 9628.65
2709.16 9642.68
2717.96 9657.27
2725.65 9672.30
2732.12 9688.72
2737.18 9704.84
2741.82 9722.03
2743.90 9739.18
2745.06 9757.07
2745.49 9774.23
2745.42 9791.68
2745.36 9809.69
2748.60 9824.48
2747.25 9841.67
2745.90 9858.85
2744.51 9876.59
2743.20 9893.32
2741.82 9910.82
2740.48 9927.98
2739.07 9945.91
2738.02 9963.89
2737.39 9981.38
2736.93 9999.28
2737.28 10017.01
2737.62 10034.30
2739.36 10052.09
2741.05 10069.28
2742.82 10087.16
2744.47 10103.82
2746.16 10121.00
2747.82 10137.81
2749.57 10155.48
2751.33 10172.31
2753.18 10189.67
2755.04 10207.24
2756.86 10224.37
2758.70 10241.61
2760.47 10258.35
2762.28 10275.33
2765.69 10292.39
2770.64 10308.79
2775.54 10325.03
2780.63 10341.43
2786.48 10357.60
2792.20 10373.39
2797.56 10389.69
2802.47 10406.24
2807.30 10422.46
2812.27 10439.18
2817.37 10456.34
2822.30 10472.91
2826.79 10489.99
2827.95 10506.79
2829.19 10524.60
2830.39 10541.96
2831.05 10558.85
2829.94 10576.74
2827.31 10594.16
2824.46 10611.27
2821.91 10628.81
2820.61 10645.84
2820.67 10663.52
2822.38 10680.88
2825.94 10697.68
2830.87 10714.20
2836.41 10730.28
2842.29 10746.95
2848.03 10763.23
2853.67 10779.22
2859.37 10795.38
2865.34 10812.30
2871.17 10828.83
2876.91 10845.09
2882.59 10861.21
2888.18 10877.05
2894.12 10893.89
2900.02 10910.60
2905.74 10926.82
2912.27 10942.40
2920.02 10957.23
2928.30 10973.07
2936.26 10988.30
2944.48 11004.04
2953.25 11018.77
2962.96 11032.48
2973.00 11046.68
2983.14 11060.66
2994.64 11073.58
3005.83 11086.15
3017.43 11099.20
3029.01 11111.71
3042.48 11123.50
3058.42 11130.94
3073.83 11138.12
3089.84 11145.59
3105.35 11152.82
3120.66 11159.96
3135.94 11167.09
3151.57 11174.38
3167.00 11181.57
3183.19 11189.12
3199.31 11196.64
3214.50 11203.72
3230.20 11211.04
3245.59 11218.22
3261.11 11225.46
3276.61 11232.69
3292.12 11239.92
3308.41 11247.52
3323.83 11254.71
3340.07 11262.28
3355.62 11269.52
3371.71 11276.60
3387.78 11282.98
3403.57 11288.88
3420.28 11294.30
3436.79 11299.18
3454.29 11303.11
3471.85 11306.73
3489.35 11308.85
3506.42 11310.65
3524.41 11311.54
3541.64 11311.97
3558.83 11311.09
3576.73 11309.33
3594.46 11307.20
3611.89 11304.03
3628.87 11300.39
3645.94 11296.03
3663.10 11291.66
3680.25 11286.95
3697.52 11282.13
3714.30 11277.45
3731.64 11272.59
3748.38 11267.60
3764.58 11262.77
3783.18 11260.67
3800.01 11255.47
3816.32 11250.11
3832.68 11244.69
3849.34 11238.44
3865.26 11232.46
3881.73 11225.22
3897.44 11218.12
3912.84 11211.17
3928.44 11203.21
3943.37 11195.06
3958.49 11186.79
3973.85 11178.40
3989.28 11169.85
4003.58 11160.46
4017.49 11150.21
4031.81 11139.67
4044.90 11130.03
4055.29 11122.37
4062.43 11117.11
4065.95 11114.52
4066.06 11114.44
4066.07 11114.43
4067.46 11113.12
4069.06 11108.59
4070.56 11101.52
4070.06 11094.88
4072.60 11087.77
4075.92 11081.95
4078.46 11079.30
4083.85 11076.43
4091.60 11074.15
4101.58 11075.45
4110.24 11081.50
4115.96 11092.76
4115.72 11102.60
4113.81 11108.10
4108.70 11115.44
4099.28 11123.06
4086.42 11126.33
4072.69 11119.00
4060.51 11126.73
4046.08 11137.36
4032.29 11147.51
4018.51 11157.66
4004.24 11168.02
3989.78 11177.21
3974.95 11185.32
3959.84 11193.57
3945.10 11201.63
3930.22 11209.77
3914.58 11217.63
3898.83 11224.74
3882.42 11232.15
3866.84 11238.92
3851.06 11244.84
3834.82 11250.94
3818.26 11256.42
3801.22 11262.01
3784.77 11267.08
3768.26 11272.00
3751.06 11277.14
3734.41 11282.10
3717.17 11286.93
3700.73 11291.52
3684.17 11296.13
3667.36 11300.79
3650.94 11304.97
3633.47 11309.43
3616.15 11313.28
3598.82 11316.64
3581.96 11318.67
3564.96 11320.68
3547.37 11321.59
3530.44 11321.75
3512.46 11320.86
3495.71 11319.60
3478.44 11317.50
3461.07 11314.77
3444.67 11311.10
3427.47 11306.92
3410.86 11301.74
3394.34 11296.01
3378.64 11290.14
3362.44 11283.34
3346.18 11276.05
3330.29 11268.64
3315.00 11261.51
3299.19 11254.14
3283.14 11246.65
3267.37 11239.30
3251.40 11231.85
3235.67 11224.52
3219.83 11217.13
3203.88 11209.69
3187.52 11202.06
3172.16 11194.89
3156.14 11187.42
3140.44 11180.10
3124.46 11172.65
3108.21 11165.07
3092.84 11157.90
3076.83 11150.44
3060.53 11142.83
3044.67 11135.44
3030.00 11125.82
3017.09 11113.76
3005.49 11100.66
2993.94 11087.68
2982.27 11074.56
2971.23 11061.31
2961.42 11047.44
2951.74 11033.76
2941.67 11019.52
2933.60 11004.60
2925.43 10988.95
2917.25 10973.31
2909.30 10958.09
2900.96 10942.13
2894.91 10925.88
2889.04 10909.25
2883.37 10893.15
2877.69 10877.06
2871.87 10860.56
2866.29 10844.75
2860.44 10828.17
2854.47 10811.25
2848.54 10794.42
2842.55 10777.45
2836.54 10760.42
2830.57 10743.49
2824.92 10727.47
2819.38 10710.32
2814.35 10693.50
2811.93 10675.75
2810.53 10658.64
2810.76 10641.35
2812.56 10624.24
2815.08 10607.37
2817.90 10590.44
2820.22 10573.64
2824.59 10553.64
2823.37 10536.07
2822.16 10518.60
2820.92 10500.74
2818.69 10483.94
2813.79 10467.45
2808.95 10451.17
2804.03 10434.61
2798.99 10417.68
2794.16 10401.44
2789.14 10384.56
2783.36 10368.36
2777.35 10351.77
2771.71 10335.19
2766.77 10318.83
2761.64 10301.79
2756.67 10284.96
2754.79 10267.29
2753.00 10250.42
2748.31 10237.46
2746.47 10220.21
2744.66 10203.13
2742.87 10186.30
2740.99 10168.60
2739.16 10150.72
2737.51 10134.04
2735.80 10116.75
2734.05 10099.12
2732.32 10081.64
2730.66 10064.83
2728.99 10047.92
2727.63 10030.29
2727.28 10012.32
2727.03 9994.51
2727.63 9976.84
2728.30 9959.78
2729.42 9942.34
2730.77 9925.08
2732.14 9907.72
2733.54 9889.86
2734.87 9872.86
2736.26 9855.12
2737.58 9838.34
2738.72 9820.61
2738.78 9803.77
2738.84 9786.52
2738.90 9769.64
2738.22 9751.86
2736.64 9734.19
2734.69 9720.11
2732.01 9710.76
2730.57 9705.74
2730.32 9704.85
