5945.16 7155.34
5945.27 7157.84
5947.98 7160.96
5954.50 7160.91
5962.80 7160.66
5972.88 7160.38
5985.41 7160.30
5998.25 7160.19
6010.97 7160.08
6023.66 7162.25
6035.62 7167.10
6045.08 7175.55
6050.38 7185.18
6051.65 7191.65
6055.17 7197.75
6064.48 7203.48
6070.69 7213.47
6083.98 7214.51
6097.13 7215.54
6110.02 7216.55
6122.53 7217.53
6135.83 7218.57
6148.25 7219.57
6160.84 7220.59
6174.27 7221.67
6187.40 7222.73
6199.83 7223.74
6212.98 7224.69
6225.85 7224.76
6239.03 7223.99
6251.52 7221.85
6264.03 7218.90
6276.43 7215.53
6289.10 7212.08
6301.10 7211.37
6311.79 7216.88
6318.38 7227.49
6322.22 7238.99
6323.98 7249.22
6325.43 7255.34
6325.89 7257.08
6326.05 7257.70
6326.13 7258.01
6326.15 7258.08
6326.15 7258.10
6326.16 7258.11
6326.16 7258.11
6326.16 7258.11
6326.16 7258.11
6326.16 7258.11
6326.16 7258.11
6326.16 7258.11
6326.16 7258.11
6326.16 7258.11
6326.16 7258.11
6326.16 7258.11
6326.16 7258.11
6326.16 7258.11
6326.16 7258.11
6326.16 7258.11
6326.16 7258.11
6326.16 7258.11
6326.16 7258.11
6326.16 7258.11
6326.16 7258.11
6326.16 7258.11
6326.16 7258.11
6326.16 7258.11
6326.16 7258.11
6326.16 7258.11
6326.16 7258.11
6326.16 7258.11
6326.16 7258.11
6326.16 7258.11
6326.16 7258.11
6326.16 7258.11
6326.16 7258.11
6326.16 7258.11
6326.16 7258.11
6326.16 7258.11
6326.16 7258.11
6326.16 7258.11
6326.16 7258.11
6326.16 7258.11
6326.16 7258.11
6326.16 7258.11
6326.16 7258.11
6326.16 7258.11
6326.16 7258.11
6326.98 7260.48
6328.54 7264.01
6331.22 7269.27
6334.04 7276.08
6336.93 7285.68
6340.09 7297.34
6343.33 7309.31
6345.99 7321.33
6346.90 7333.80
6351.17 7346.97
6351.63 7360.83
6349.33 7374.30
6346.96 7386.47
6341.25 7397.65
6333.34 7408.37
6324.36 7418.09
6313.90 7426.39
6302.69 7433.19
6291.25 7438.92
6279.09 7442.67
6266.76 7445.29
6254.62 7447.92
6242.62 7452.73
6231.54 7459.40
6221.72 7468.24
6213.98 7478.49
6207.15 7490.06
6201.40 7502.05
6196.48 7513.65
6192.64 7525.99
6189.52 7538.18
6188.35 7550.42
6187.83 7563.77
6189.23 7576.79
6190.77 7589.22
6192.43 7601.47
6192.18 7614.89
6190.61 7627.23
6186.93 7639.93
6180.49 7651.85
6172.75 7662.17
6162.95 7669.35
6151.66 7675.17
6139.03 7678.97
6126.24 7681.55
6113.15 7684.20
6100.87 7686.65
6088.52 7689.06
6076.39 7691.42
6063.44 7693.92
6050.89 7696.19
6038.73 7698.39
6025.99 7700.69
6013.13 7703.18
6000.76 7705.62
5988.23 7708.09
5975.80 7710.55
5963.81 7714.77
5952.24 7719.87
5941.26 7726.71
5931.40 7735.13
5922.54 7743.74
5914.11 7753.78
5905.75 7763.73
5897.48 7773.56
5889.19 7783.40
5880.59 7793.56
5872.29 7803.26
5863.67 7813.32
5855.49 7822.86
5846.98 7832.79
5838.98 7842.13
5830.91 7851.55
5822.91 7860.89
5814.86 7870.29
5805.25 7879.22
5794.70 7886.65
5782.67 7890.95
5770.59 7893.51
5758.31 7895.10
5744.96 7896.82
5732.56 7898.43
5720.28 7900.01
5707.54 7901.66
5695.28 7903.28
5682.42 7904.90
5669.08 7906.96
5656.43 7909.67
5643.51 7913.00
5632.74 7918.66
5621.86 7924.50
5611.04 7930.89
5600.86 7938.79
5591.27 7947.18
5582.84 7956.54
5574.74 7965.95
5566.92 7975.76
5559.37 7986.30
5552.04 7996.52
5544.88 8006.52
5538.84 8017.35
5534.20 8029.76
5531.24 8041.76
5529.01 8052.84
5528.15 8060.91
5527.86 8064.73
5527.83 8065.46
5527.80 8066.29
5527.72 8068.65
5527.55 8073.47
5527.36 8079.01
5527.21 8086.53
5527.09 8095.24
5527.23 8105.51
5527.52 8117.69
5527.83 8130.09
5528.11 8141.17
5528.40 8152.78
5528.72 8165.28
5529.05 8178.66
5529.39 8192.18
5529.73 8203.74
5530.07 8214.14
5527.27 8225.21
5527.80 8238.13
5528.25 8250.23
5528.69 8263.03
5529.14 8276.23
5529.51 8286.84
5529.95 8299.61
5530.32 8310.33
5530.72 8322.05
5531.14 8334.18
5531.52 8345.46
5531.95 8357.77
5532.37 8369.99
5532.81 8382.75
5531.74 8394.42
5530.06 8405.88
5527.87 8416.54
5524.77 8427.90
5522.01 8438.00
5517.97 8449.34
5514.05 8460.24
5510.85 8467.34
5509.19 8470.51
5509.00 8470.89
5508.94 8471.00
5508.94 8471.01
5508.93 8471.01
5508.93 8471.02
5508.93 8471.02
5508.93 8471.02
5511.88 8472.49
5510.66 8474.82
5510.24 8475.64
5510.03 8476.04
5510.03 8476.05
5510.03 8476.05
5510.03 8476.05
5510.02 8476.05
5510.02 8476.05
5510.02 8476.05
5510.02 8476.05
5510.02 8476.05
5510.02 8476.05
5510.02 8476.05
5510.02 8476.05
5510.02 8476.05
5510.02 8476.05
5510.02 8476.05
5510.02 8476.05
5510.02 8476.05
5510.02 8476.05
5510.02 8476.05
5510.02 8476.05
5510.02 8476.05
5510.02 8476.05
5510.02 8476.05
5510.02 8476.05
5510.02 8476.05
5510.02 8476.05
5510.02 8476.05
5510.02 8476.05
5510.02 8476.05
5510.02 8476.05
5509.44 8477.16
5508.19 8479.57
5506.13 8483.52
5502.62 8489.25
5497.46 8491.32
5494.30 8496.23
5490.10 8501.01
5484.44 8507.45
5480.07 8512.43
5474.00 8513.58
5470.49 8516.69
5467.56 8519.28
5464.63 8521.88
5460.34 8525.67
5454.23 8531.08
5447.23 8537.24
5440.13 8543.89
5435.53 8548.88
5432.30 8553.00
5430.93 8554.76
5430.61 8555.17
5430.21 8555.69
5428.80 8557.49
5426.26 8560.74
5424.08 8565.08
5420.89 8571.68
5419.20 8575.16
5416.58 8580.79
5413.66 8587.92
5410.36 8597.53
5407.47 8608.86
5406.72 8621.95
5405.95 8635.43
5405.60 8648.73
5406.30 8661.67
5407.02 8675.20
5409.16 8688.37
5411.40 8701.13
5413.44 8713.31
5415.64 8726.74
5417.30 8736.82
5417.66 8742.96
5415.37 8750.60
5407.24 8756.09
5395.86 8759.21
5382.63 8762.77
5367.49 8766.90
5350.79 8771.46
5333.03 8776.32
5314.45 8779.41
5296.33 8781.57
5278.36 8783.72
5260.52 8785.84
5241.96 8788.06
5224.69 8793.44
5206.70 8795.59
5187.84 8797.84
5169.02 8800.08
5151.48 8802.17
5132.96 8804.31
5114.32 8806.52
5096.89 8809.08
5078.22 8811.82
5060.70 8814.39
5042.31 8817.82
5024.42 8822.45
5007.43 8828.34
4989.95 8835.06
4973.86 8842.45
4957.41 8851.66
4942.81 8862.21
4929.05 8873.77
4916.48 8886.69
4904.45 8899.97
4893.10 8913.67
4883.27 8929.70
4873.87 8945.01
4864.16 8960.84
4853.30 8972.22
4843.75 8987.70
4833.75 9003.59
4824.13 9019.30
4812.60 9032.81
4799.73 9045.00
4785.22 9055.11
4769.83 9065.02
4753.89 9075.28
4738.98 9084.88
4724.10 9094.46
4708.77 9104.34
4693.02 9114.47
4677.39 9124.53
4661.91 9134.50
4646.59 9144.37
4631.64 9154.27
4617.09 9163.64
4601.79 9173.49
4585.97 9179.74
4570.75 9189.54
4555.72 9199.22
4540.47 9209.03
4524.56 9219.27
4509.25 9229.13
4493.33 9239.38
4478.20 9249.70
4464.54 9262.19
4452.95 9277.07
4444.34 9292.86
4435.73 9308.65
4427.02 9324.61
4418.26 9340.67
4409.33 9356.05
4397.35 9369.02
4383.21 9379.89
4367.75 9389.41
4350.59 9397.53
4333.91 9405.47
4317.05 9413.97
4301.22 9422.58
4285.98 9431.70
4270.73 9442.11
4255.47 9452.64
4240.63 9462.88
4226.45 9472.67
4215.98 9479.89
4209.06 9484.67
4205.36 9487.22
