2505.89 8705.67
2505.89 8703.62
2505.91 8699.37
2505.94 8693.32
2505.97 8685.58
2506.34 8675.45
2506.79 8663.21
2507.35 8649.70
2508.06 8636.09
2508.78 8622.45
2510.20 8608.14
2515.49 8594.92
2517.47 8581.51
2519.47 8567.97
2521.43 8554.64
2523.41 8541.20
2525.36 8527.98
2527.32 8514.74
2529.36 8500.92
2531.41 8487.01
2533.39 8473.58
2535.43 8459.76
2537.54 8445.52
2539.61 8431.60
2541.70 8417.93
2543.81 8403.73
2545.15 8389.66
2546.14 8375.12
2547.09 8361.21
2548.01 8347.56
2548.93 8334.07
2549.88 8320.03
2550.79 8306.65
2551.75 8292.57
2550.79 8279.92
2552.01 8266.53
2562.48 8258.96
2576.49 8255.38
2590.35 8251.84
2603.54 8248.44
2616.90 8244.98
2630.55 8241.43
2643.51 8238.02
2657.30 8234.39
2670.53 8230.90
2684.35 8227.25
2698.20 8223.64
2711.72 8220.34
2725.35 8217.12
2737.50 8210.56
2751.28 8207.01
2765.35 8203.39
2779.17 8199.85
2792.73 8196.36
2806.42 8192.85
2819.17 8186.15
2832.34 8182.77
2845.83 8179.31
2859.72 8175.74
2873.73 8172.14
2887.53 8168.57
2900.92 8165.04
2914.66 8161.43
2928.41 8157.81
2942.06 8154.22
2956.17 8150.59
2969.23 8147.37
2982.72 8144.09
2996.78 8140.67
3009.86 8137.50
3023.31 8134.48
3036.38 8131.58
3049.76 8128.60
3062.97 8125.62
3076.85 8121.96
3090.55 8118.20
3104.17 8114.21
3117.23 8110.38
3131.08 8106.33
3144.79 8102.36
3158.36 8098.68
3171.45 8095.13
3183.69 8091.81
3193.76 8089.08
3199.53 8087.51
3201.47 8086.99
3202.93 8090.01
3204.80 8092.92
3207.94 8092.07
3211.32 8091.15
3211.52 8091.10
3211.57 8091.09
3211.58 8091.08
3211.58 8091.08
3211.58 8091.08
3211.58 8091.08
3211.58 8091.08
3211.58 8091.08
3211.58 8091.08
3211.58 8091.08
3211.58 8091.08
3211.58 8091.08
3211.58 8091.08
3211.58 8091.08
3211.58 8091.08
3211.58 8091.08
3211.58 8091.08
3211.58 8091.08
3211.58 8091.08
3211.58 8091.08
3211.58 8091.08
3211.58 8091.08
3211.58 8091.08
3211.58 8091.08
3211.58 8091.08
3213.59 8090.55
3217.09 8089.65
3222.71 8088.22
3229.94 8086.46
3238.53 8084.38
3248.74 8081.91
3260.35 8078.93
3274.11 8075.28
3287.34 8071.78
3300.86 8068.19
3314.16 8064.67
3327.98 8061.05
3341.76 8057.55
3354.77 8050.84
3368.11 8047.47
3381.89 8043.98
3395.09 8040.66
3408.97 8037.21
3422.76 8033.76
3435.19 8027.13
3448.22 8023.75
3462.09 8020.16
3475.37 8016.77
3486.97 8013.89
3494.21 8012.10
3497.07 8011.38
3497.40 8011.30
3497.43 8011.29
3497.44 8011.29
3497.45 8011.29
3497.45 8011.29
3497.45 8011.29
3497.45 8011.29
3497.45 8011.29
3497.45 8011.29
3497.45 8011.29
3497.45 8011.29
3497.45 8011.29
3497.45 8011.29
3497.45 8011.29
3497.45 8011.29
3497.45 8011.29
3497.45 8011.29
3497.45 8011.29
3497.45 8011.29
3497.45 8011.29
3497.45 8011.29
3497.45 8011.29
3497.45 8011.29
3497.45 8011.29
3497.45 8011.29
3497.45 8011.29
3497.45 8011.29
3497.45 8011.29
3497.45 8011.29
3497.45 8011.29
3497.45 8011.29
3497.45 8011.29
3497.45 8011.29
3497.45 8011.29
3497.45 8011.29
3497.45 8011.29
3497.45 8011.29
3497.45 8011.29
3497.45 8011.29
3497.45 8011.29
3497.45 8011.29
3497.45 8011.29
3497.45 8011.29
3497.45 8011.29
3497.45 8011.29
3497.45 8011.29
3497.45 8011.29
3497.45 8011.29
3498.71 8010.98
3501.80 8010.19
3506.60 8008.96
3513.43 8007.22
3522.08 8004.96
3532.93 8002.07
3544.72 7998.91
3555.67 7995.82
3566.62 7992.74
3577.57 7989.64
3588.52 7986.52
3595.17 7984.79
3603.10 7982.74
3612.38 7980.25
3622.75 7977.22
3634.80 7973.70
3646.35 7970.33
3657.58 7967.07
3669.50 7963.65
3682.98 7960.04
3696.11 7956.66
3708.64 7953.59
3721.80 7950.83
3734.37 7948.20
3747.82 7945.18
3753.19 7937.75
3758.80 7925.17
3769.63 7915.01
3783.00 7910.63
3796.89 7912.10
3808.98 7918.60
3817.78 7928.48
3830.31 7926.83
3842.43 7923.87
3855.46 7920.70
3868.31 7917.57
3881.72 7914.30
3895.14 7911.03
3908.00 7907.90
3921.10 7904.71
3934.20 7901.52
3938.10 7893.82
3940.24 7879.71
3947.27 7868.12
3959.36 7860.31
3972.44 7857.80
3986.23 7860.54
3998.32 7868.78
4004.93 7875.84
4016.21 7872.86
4028.48 7869.44
4041.70 7865.79
4055.03 7865.54
4068.41 7861.85
4081.94 7858.11
4095.02 7854.50
4108.57 7850.77
4122.12 7847.03
4135.22 7843.41
4148.84 7839.65
4162.40 7835.92
4175.30 7832.36
4189.09 7828.55
4202.67 7824.81
4216.05 7821.11
4229.55 7817.39
4242.51 7813.82
4255.49 7810.31
4269.04 7807.10
4282.88 7803.77
4296.76 7800.42
4310.14 7797.19
4323.28 7794.01
4337.17 7790.66
4350.32 7787.48
4364.35 7784.09
4377.35 7780.95
4391.44 7777.54
4404.74 7774.32
4418.86 7770.89
4432.42 7767.60
4445.44 7764.44
4459.58 7761.01
4472.71 7757.75
4486.83 7754.34
4500.91 7751.07
4514.15 7747.55
4527.09 7744.11
4540.60 7740.51
4554.40 7736.90
4568.19 7733.31
4581.82 7729.86
4595.31 7726.45
4609.23 7722.92
4623.35 7719.35
4636.99 7715.89
4650.68 7712.43
4663.74 7709.09
4677.30 7705.53
4691.30 7701.85
4705.06 7698.24
4718.56 7694.69
4731.73 7691.23
4745.45 7687.63
4759.19 7684.08
4772.59 7680.62
4785.81 7677.20
4799.69 7673.61
4813.74 7669.98
4827.10 7666.46
4839.87 7659.67
4853.03 7656.18
4866.57 7652.60
4880.25 7648.98
4893.60 7645.44
4907.32 7641.82
4919.17 7638.68
4927.08 7636.52
4930.86 7635.35
4931.25 7635.23
4931.35 7635.20
4931.36 7635.20
4931.36 7635.20
4931.36 7635.20
4931.36 7635.20
4931.36 7635.20
4931.36 7635.20
4931.36 7635.20
4932.80 7634.75
4935.81 7633.82
4940.39 7632.40
4946.02 7630.65
4953.95 7628.44
4963.75 7625.77
4975.73 7622.70
4988.57 7619.89
5000.91 7617.18
5014.29 7614.02
5025.84 7611.20
5036.96 7608.49
5049.21 7605.50
5059.37 7603.03
5070.66 7600.27
5082.57 7597.37
5091.75 7595.13
5096.63 7593.94
5100.36 7593.03
5101.41 7592.77
5101.93 7592.65
5102.07 7592.61
5102.08 7592.61
5102.08 7592.61
5102.08 7592.61
5102.08 7592.61
5102.08 7592.61
5102.08 7592.61
5102.08 7592.61
5102.08 7592.61
5102.08 7592.61
5102.08 7592.61
5102.08 7592.61
5102.08 7592.61
5102.08 7592.61
5102.08 7592.61
5102.08 7592.61
5102.08 7592.61
5102.08 7592.61
5102.08 7592.61
5102.08 7592.61
5102.97 7592.39
5104.69 7591.97
5108.54 7591.03
5114.38 7589.61
5121.62 7587.85
5130.68 7585.38
5141.30 7582.35
5152.09 7579.26
5162.93 7576.15
5174.14 7572.94
5186.23 7569.48
5197.01 7566.39
5207.95 7563.26
5219.51 7559.94
5231.19 7556.60
5242.27 7553.59
5252.73 7550.74
5264.32 7547.53
5277.84 7543.98
5291.69 7540.51
5304.92 7537.00
5318.20 7533.48
5331.63 7529.93
5344.46 7526.53
5356.73 7523.29
5370.34 7523.10
5384.17 7519.44
5398.23 7515.72
5412.12 7512.05
5425.04 7508.63
5438.40 7505.15
5452.41 7501.58
5466.26 7497.96
5479.45 7494.50
5493.52 7490.80
5507.04 7487.25
5520.22 7483.80
5533.68 7480.33
5546.99 7476.91
5560.53 7473.43
5573.94 7469.98
5587.43 7466.51
5601.17 7466.38
5613.53 7463.21
5621.53 7461.15
5625.17 7460.21
5625.22 7460.20
5625.22 7460.20
5625.22 7460.20
5625.22 7460.20
5625.22 7460.20
5625.22 7460.20
5625.22 7460.20
5625.22 7460.20
5625.22 7460.20
5625.22 7460.20
5625.22 7460.20
5625.22 7460.20
5625.22 7460.20
5625.22 7460.20
5625.22 7460.20
5625.22 7460.20
5625.22 7460.20
5625.22 7460.20
5625.22 7460.20
5625.22 7460.20
5625.22 7460.20
5625.22 7460.20
5625.22 7460.20
5625.22 7460.20
5625.22 7460.20
5625.22 7460.20
5625.22 7460.20
5625.22 7460.20
5625.22 7460.20
5625.22 7460.20
5625.22 7460.20
5627.21 7459.68
5631.29 7458.60
5636.96 7457.09
5644.89 7454.93
5654.85 7452.19
5666.52 7448.96
5680.38 7445.24
5693.97 7441.51
5704.28 7438.67
5710.24 7437.02
5712.31 7436.45
5712.62 7436.36
5712.77 7436.32
5712.84 7436.30
5712.85 7436.30
5714.72 7435.78
5718.07 7434.82
5722.93 7433.44
5729.28 7431.63
5737.55 7429.27
5747.39 7426.47
5752.90 7424.90
5754.12 7424.55
5754.17 7424.53
5754.17 7424.53
5754.17 7424.53
5754.17 7424.53
5754.17 7424.53
5754.17 7424.53
5754.17 7424.53
5754.17 7424.53
5754.17 7424.53
5754.17 7424.53
5754.17 7424.53
5754.17 7424.53
5754.17 7424.53
5754.17 7424.53
5754.17 7424.53
5754.17 7424.53
5754.17 7424.53
5754.17 7424.53
5754.17 7424.53
5754.17 7424.53
5754.17 7424.53
5754.17 7424.53
5754.17 7424.53
5754.17 7424.53
5754.17 7424.53
5754.17 7424.53
5754.17 7424.53
5755.52 7424.15
5758.57 7423.29
5762.90 7422.06
5769.28 7420.30
5776.92 7418.20
5786.22 7415.64
5797.48 7412.55
5810.40 7409.00
5823.45 7405.41
5837.03 7401.68
5850.02 7398.11
5862.94 7394.57
5876.01 7391.06
5889.55 7387.44
5902.51 7383.97
5915.93 7380.32
5929.34 7376.63
5942.80 7372.93
5952.06 7370.38
5958.17 7368.70
5959.94 7368.21
5960.41 7368.09
5960.62 7368.03
5960.72 7368.00
5960.73 7368.00
5960.73 7368.00
5960.73 7368.00
5960.73 7368.00
5960.73 7368.00
5960.73 7368.00
5962.64 7367.47
5966.18 7366.47
5970.94 7365.14
5977.87 7363.16
5986.86 7360.60
5998.11 7357.40
6010.71 7354.40
6024.68 7351.08
6038.32 7347.59
6051.91 7344.00
6065.26 7340.58
6078.25 7337.16
6091.88 7333.43
6105.26 7329.73
6118.30 7326.08
6131.94 7322.25
6145.15 7318.55
6159.09 7314.94
6172.71 7311.45
6185.77 7308.06
6198.91 7304.40
6211.88 7300.84
6224.43 7297.65
6233.25 7295.33
6237.73 7294.00
6237.90 7293.95
