3153.78 7784.96
3152.46 7786.39
3149.69 7789.43
3145.61 7793.87
3140.60 7799.35
3133.93 7806.63
3128.48 7815.98
3135.79 7828.77
3143.17 7843.83
3147.89 7860.22
3152.92 7877.67
3157.53 7894.19
3162.21 7910.85
3166.73 7927.34
3171.28 7943.92
3175.62 7959.79
3178.80 7971.40
3181.01 7979.47
3184.11 7989.16
3188.67 8000.74
3194.18 8013.83
3200.69 8029.28
3205.50 8043.44
3208.57 8053.97
3210.93 8062.08
3212.04 8065.87
3212.09 8066.02
3212.11 8066.12
3212.13 8066.17
3212.13 8066.18
3212.13 8066.18
3212.13 8066.18
3212.13 8066.18
3212.13 8066.18
3212.13 8066.18
3212.13 8066.18
3212.13 8066.18
3212.13 8066.18
3212.13 8066.18
3212.13 8066.18
3212.13 8066.18
3212.13 8066.18
3212.13 8066.18
3212.13 8066.18
3212.13 8066.18
3212.13 8066.18
3212.13 8066.18
3212.13 8066.18
3212.53 8067.55
3213.28 8070.13
3214.31 8073.64
3215.87 8078.95
3221.57 8081.71
3230.73 8079.48
3242.39 8076.65
3255.91 8073.28
3271.84 8069.06
3288.80 8064.56
3306.26 8063.34
3322.79 8058.96
3339.27 8054.78
3355.70 8050.61
3373.18 8046.18
3389.92 8041.95
3406.98 8037.71
3423.64 8033.53
3440.69 8029.12
3457.64 8024.72
3475.18 8020.22
3492.58 8015.90
3509.09 8011.73
3525.40 8007.49
3542.04 8003.07
3557.48 7998.75
3572.59 7994.49
3587.15 7990.34
3601.05 7986.69
3615.00 7982.93
3628.27 7979.05
3641.54 7975.18
3652.93 7971.85
3662.47 7969.10
3669.38 7963.68
3677.70 7961.40
3686.10 7959.24
3696.52 7956.56
3707.27 7953.90
3716.86 7951.78
3727.32 7949.74
3738.02 7947.39
3748.49 7945.03
3752.87 7938.88
3756.85 7928.03
3763.72 7919.43
3773.70 7913.19
3783.82 7910.64
3795.63 7911.66
3806.05 7916.33
3814.81 7924.78
3822.26 7928.79
3831.59 7926.52
3842.08 7923.96
3853.69 7921.13
3863.91 7918.64
3874.46 7916.07
3885.43 7913.40
3896.07 7910.81
3905.90 7908.41
3916.53 7905.82
3927.04 7903.26
3936.28 7900.91
3938.12 7894.06
3938.90 7884.48
3942.34 7875.31
3948.73 7867.01
3956.05 7861.52
3964.83 7858.51
3973.50 7857.81
3983.51 7859.60
3991.79 7863.59
3995.92 7866.79
4000.48 7872.06
4004.29 7875.76
4013.02 7873.75
4024.70 7870.49
4038.27 7866.73
4053.15 7862.63
4069.75 7858.05
4086.54 7853.42
4104.42 7851.91
4121.58 7847.18
4138.71 7842.45
4155.85 7837.72
4172.80 7833.05
4190.24 7828.23
4207.22 7823.55
4223.64 7819.02
4240.04 7814.50
4257.04 7809.94
4274.72 7805.74
4291.28 7801.74
4308.92 7797.48
4326.62 7793.20
4343.49 7789.13
4360.30 7785.07
4377.87 7780.82
4395.45 7776.57
4412.20 7772.51
4429.60 7768.29
4446.37 7764.22
4463.87 7759.95
4481.34 7755.62
4498.94 7751.54
4515.39 7747.22
4532.79 7742.59
4549.72 7738.12
4566.85 7733.66
4583.93 7729.33
4600.51 7725.13
4617.65 7720.79
4635.07 7716.38
4651.52 7712.22
4668.69 7707.79
4685.79 7703.30
4702.32 7698.96
4719.80 7694.37
4736.59 7689.96
4754.12 7685.39
4771.28 7680.96
4787.70 7676.71
4804.84 7672.28
4822.29 7667.73
4838.69 7663.39
4855.28 7659.00
4872.21 7654.52
4889.74 7649.88
4906.86 7645.35
4924.20 7640.76
4941.30 7635.57
4956.79 7627.67
4973.44 7623.21
4990.48 7619.47
5007.09 7615.77
5024.56 7611.51
5042.04 7607.25
5059.27 7603.05
5076.40 7598.87
5093.22 7594.77
5110.18 7590.64
5127.36 7586.31
5144.04 7581.56
5160.62 7576.81
5177.97 7571.84
5194.29 7567.17
5211.34 7562.28
5227.99 7557.52
5244.47 7553.01
5261.83 7548.21
5278.32 7543.86
5295.87 7539.40
5313.15 7534.82
5330.47 7530.24
5347.08 7525.84
5363.60 7521.47
5380.57 7516.98
5397.11 7512.61
5414.56 7507.99
5431.31 7503.56
5448.38 7499.20
5465.37 7494.78
5482.67 7493.65
5499.77 7489.16
5516.45 7484.79
5533.16 7480.47
5550.37 7476.04
5566.89 7471.79
5583.39 7467.55
5599.08 7466.92
5612.03 7463.59
5620.76 7461.35
5625.14 7460.22
5625.20 7460.21
5625.21 7460.20
5625.22 7460.20
5625.22 7460.20
5625.22 7460.20
5625.22 7460.20
5625.22 7460.20
5625.22 7460.20
5625.22 7460.20
5625.22 7460.20
5625.22 7460.20
5625.22 7460.20
5625.22 7460.20
5625.22 7460.20
5625.22 7460.20
5625.22 7460.20
5625.22 7460.20
5625.22 7460.20
5625.22 7460.20
5625.22 7460.20
5627.47 7459.61
5632.22 7458.36
5639.21 7456.48
5647.99 7454.09
5659.08 7451.02
5671.84 7447.55
5685.92 7443.72
5698.73 7440.21
5707.19 7437.87
5711.37 7436.71
5712.33 7436.44
5712.79 7436.32
5712.85 7436.30
5712.85 7436.30
5712.85 7436.30
5712.85 7436.30
5712.85 7436.30
5712.85 7436.30
5712.85 7436.30
5712.85 7436.30
5712.85 7436.30
5712.85 7436.30
5712.85 7436.30
5712.85 7436.30
5712.85 7436.30
5712.85 7436.30
5712.85 7436.30
5712.85 7436.30
5712.85 7436.30
5712.85 7436.30
5712.85 7436.30
5712.85 7436.30
5712.85 7436.30
5712.85 7436.30
5712.85 7436.30
5712.85 7436.30
5712.85 7436.30
5712.85 7436.30
5712.85 7436.30
5712.85 7436.30
5712.85 7436.30
5712.85 7436.30
5712.86 7436.30
5712.86 7436.30
5712.86 7436.30
5714.72 7435.77
5718.15 7434.80
5722.98 7433.43
5730.28 7431.35
5739.24 7428.79
5747.69 7426.38
5752.99 7424.87
5754.17 7424.53
5754.17 7424.53
5754.17 7424.53
5754.17 7424.53
5754.17 7424.53
5754.17 7424.53
5754.17 7424.53
5754.17 7424.53
5754.17 7424.53
5754.17 7424.53
5754.17 7424.53
5754.17 7424.53
5754.17 7424.53
5754.17 7424.53
5754.17 7424.53
5754.17 7424.53
5754.17 7424.53
5754.17 7424.53
5754.17 7424.53
5754.17 7424.53
5754.17 7424.53
5754.17 7424.53
5754.17 7424.53
5754.17 7424.53
5754.17 7424.53
5754.17 7424.53
5754.17 7424.53
5754.17 7424.53
5755.80 7424.07
5758.84 7423.21
5763.31 7421.94
5769.92 7420.12
5777.50 7418.04
5786.80 7415.49
5797.69 7412.49
5809.47 7409.26
5822.04 7405.80
5834.36 7402.41
5846.51 7399.08
5858.33 7395.83
5870.30 7392.58
5881.23 7389.66
5892.56 7386.63
5904.60 7379.99
5916.94 7376.62
5930.11 7376.42
5944.26 7372.53
5960.31 7368.11
5977.59 7363.24
5994.71 7358.37
6012.29 7354.03
6029.12 7350.02
6045.69 7345.64
6062.51 7341.24
6079.33 7336.87
6095.87 7332.32
6112.50 7327.71
6129.74 7322.87
6147.04 7318.02
6164.30 7313.60
6181.58 7309.18
6198.80 7304.43
6215.54 7299.91
6233.01 7295.40
6249.86 7290.39
6267.33 7285.19
6284.13 7280.54
6301.20 7275.92
6317.88 7271.42
6334.99 7266.88
6352.56 7262.30
6369.04 7254.60
6385.73 7250.26
6402.62 7245.87
6419.48 7241.48
6436.10 7237.16
6452.10 7232.99
6465.60 7229.48
6474.95 7227.05
6479.94 7225.75
6480.72 7225.55
6481.14 7225.44
6481.21 7225.42
6481.23 7225.42
6481.24 7225.41
6481.24 7225.41
6481.24 7225.41
6481.24 7225.41
6481.24 7225.41
6481.24 7225.41
6481.24 7225.41
6481.24 7225.41
6481.24 7225.41
6481.24 7225.41
6481.24 7225.41
6481.24 7225.41
6481.24 7225.41
6481.24 7225.41
6481.24 7225.41
6481.24 7225.41
6481.24 7225.41
6481.24 7225.41
6481.24 7225.41
6481.24 7225.41
6481.24 7225.41
6481.24 7225.41
6481.24 7225.41
6481.24 7225.41
6481.24 7225.41
6481.24 7225.41
6481.24 7225.41
6481.24 7225.41
6481.24 7225.41
6481.24 7225.41
6481.24 7225.41
6481.24 7225.41
6481.24 7225.41
6481.24 7225.41
6481.24 7225.41
6481.24 7225.41
6481.24 7225.41
6481.24 7225.41
6481.24 7225.41
6481.24 7225.41
6481.24 7225.41
6481.24 7225.41
6481.24 7225.41
6481.24 7225.41
6481.24 7225.41
6481.24 7225.41
6481.24 7225.41
6481.24 7225.41
6481.24 7225.41
6481.24 7225.41
6481.24 7225.41
6481.24 7225.41
6481.24 7225.41
6481.24 7225.41
6481.24 7225.41
6482.73 7225.03
6485.55 7224.25
6490.57 7222.56
6497.33 7219.98
6506.00 7216.66
6516.74 7212.03
6528.35 7204.96
6540.95 7197.28
6550.80 7191.28
6557.09 7187.45
6559.83 7185.78
6560.15 7185.59
6560.20 7185.56
6560.20 7185.56
6560.20 7185.56
6560.20 7185.56
6560.20 7185.56
6560.20 7185.56
6560.20 7185.56
6560.20 7185.56
6560.20 7185.56
6560.20 7185.56
6560.20 7185.56
6560.20 7185.56
6560.20 7185.56
6560.20 7185.56
6560.20 7185.56
6560.20 7185.56
6560.20 7185.56
6560.20 7185.56
6560.20 7185.56
6560.20 7185.56
6560.20 7185.56
6560.20 7185.56
6560.20 7185.56
6560.20 7185.56
6560.20 7185.56
6560.20 7185.56
6560.20 7185.56
6560.20 7185.56
6560.20 7185.56
6560.20 7185.56
6560.20 7185.56
6560.20 7185.56
6560.20 7185.56
6560.20 7185.56
6560.20 7185.56
6560.20 7185.56
6560.20 7185.56
6560.20 7185.56
6562.03 7184.55
6565.74 7182.68
6571.15 7179.63
6578.43 7175.30
6587.50 7170.17
6598.72 7163.82
6610.29 7153.49
6622.61 7146.52
6636.50 7138.67
6651.80 7131.38
6668.14 7125.97
6685.18 7120.60
6702.47 7116.80
6720.39 7113.89
6739.25 7111.32
6757.21 7108.84
6774.08 7106.43
6792.42 7103.83
6810.28 7101.31
6829.65 7098.57
6850.88 7095.56
6872.32 7092.52
6892.62 7089.65
6909.79 7087.22
6923.57 7083.79
6925.08 7068.88
6929.22 7053.54
6933.45 7036.64
6934.42 7018.97
6935.40 7000.99
6936.33 6983.90
6937.30 6966.16
6938.11 6951.32
6938.75 6939.61
6939.15 6932.40
6939.32 6929.16
6939.33 6929.01
6939.34 6928.93
6939.34 6928.93
6939.34 6928.93
6939.34 6928.93
6939.40 6927.75
6939.58 6924.46
6939.88 6919.07
6940.23 6912.49
6940.68 6903.73
6941.25 6892.45
6941.83 6880.37
6942.34 6869.72
6942.88 6858.33
6943.44 6846.43
6943.96 6835.67
6944.83 6826.52
6945.74 6819.76
6946.42 6815.62
6947.24 6810.68
6947.89 6806.79
6948.90 6800.69
6950.18 6793.12
6952.00 6784.41
6955.91 6773.69
6961.12 6760.94
6966.92 6746.69
6973.44 6730.64
6979.52 6715.67
6985.09 6701.96
6990.97 6687.48
6996.43 6674.05
7001.51 6661.54
7006.47 6649.33
7011.35 6637.33
7016.48 6624.71
7021.54 6612.24
7026.12 6600.98
7030.36 6590.54
7033.11 6583.78
7034.71 6579.83
7035.70 6577.41
7035.80 6577.15
7035.81 6577.14
7035.81 6577.13
7035.81 6577.12
7035.81 6577.12
7036.06 6576.51
7036.70 6574.95
7037.63 6572.65
7038.62 6570.21
7039.22 6568.74
7039.55 6567.93
7039.67 6567.63
7039.87 6567.13
7040.56 6565.44
7041.79 6562.40
7043.79 6557.50
7046.21 6551.53
7049.15 6545.25
7052.69 6538.19
7057.09 6529.42
7060.23 6517.18
7066.98 6504.46
7074.72 6489.87
7082.83 6474.59
7089.28 6462.44
7096.54 6448.75
7104.36 6433.52
7110.91 6420.59
7118.07 6406.45
7126.23 6390.37
7132.34 6378.31
7139.43 6364.31
7147.56 6348.26
7153.67 6336.22
7160.83 6322.08
7165.97 6311.95
7171.28 6301.47
7175.35 6293.45
7178.86 6286.53
7182.81 6278.73
7187.48 6269.47
7192.63 6259.26
7198.04 6248.52
7201.58 6241.50
7204.25 6236.20
7205.44 6233.84
7205.83 6233.07
7206.04 6232.65
7206.24 6232.26
7206.25 6232.23
7206.26 6232.22
7206.26 6232.21
7206.26 6232.20
7206.26 6232.20
7206.26 6232.20
7206.26 6232.20
7206.26 6232.20
7206.26 6232.20
7206.26 6232.20
7206.26 6232.20
7206.26 6232.20
7206.26 6232.20
7206.26 6232.20
7206.26 6232.20
7206.26 6232.20
7206.26 6232.20
7206.26 6232.20
7206.26 6232.20
7206.26 6232.20
7203.31 6230.72
7203.63 6230.08
7203.72 6229.91
7203.74 6229.86
7203.75 6229.84
7203.76 6229.83
7203.76 6229.82
7203.76 6229.82
7203.76 6229.82
7203.76 6229.82
7203.76 6229.82
7203.76 6229.82
7203.76 6229.82
7203.76 6229.82
7203.76 6229.82
7203.76 6229.82
7204.13 6229.09
7205.11 6227.15
7207.03 6223.33
7209.88 6217.68
7213.89 6209.73
7218.53 6200.44
7223.44 6190.40
7228.23 6180.62
7236.10 6172.04
7241.74 6160.50
7247.19 6149.34
7253.00 6137.45
7258.71 6125.63
7264.75 6113.04
7271.06 6099.89
7276.77 6088.01
7282.42 6076.35
7288.43 6064.03
7293.89 6052.96
7299.63 6041.37
7303.62 6033.31
7306.57 6027.36
7308.07 6024.34
7308.95 6022.57
7309.26 6021.93
7309.39 6021.68
7309.46 6021.52
7309.49 6021.47
7309.50 6021.45
7309.50 6021.45
7309.95 6020.54
7311.05 6018.33
7313.10 6014.18
7315.65 6009.04
7318.89 6002.50
7322.84 5994.53
7327.76 5984.50
7333.72 5972.32
7339.46 5960.58
7345.23 5948.76
7349.35 5940.33
7352.67 5933.54
7354.63 5929.53
7355.06 5928.64
7355.28 5928.20
7355.34 5928.09
7355.37 5928.02
7355.39 5927.98
7355.39 5927.97
7355.40 5927.96
7355.40 5927.96
7355.40 5927.96
7355.40 5927.96
7355.40 5927.96
7355.40 5927.96
7355.40 5927.96
7355.40 5927.96
7355.40 5927.96
7355.40 5927.96
7355.76 5927.22
7356.33 5926.05
7357.62 5923.41
7360.05 5918.44
7363.17 5912.05
7366.86 5904.78
7372.09 5895.81
7378.74 5885.91
7385.43 5874.50
7391.46 5862.48
7397.63 5850.36
7404.19 5837.54
7410.93 5824.37
7417.14 5812.25
7422.06 5799.99
7425.76 5787.03
7427.66 5773.81
7428.17 5765.00
7428.47 5759.75
7428.52 5758.93
7428.62 5757.20
7428.39 5753.15
7427.18 5747.45
7425.77 5740.77
7423.79 5732.51
7420.37 5722.03
7415.91 5711.18
7410.67 5698.41
7406.64 5688.60
7403.42 5680.77
7399.97 5672.36
7397.68 5666.78
7394.93 5660.08
7391.47 5651.73
7387.71 5642.54
7383.29 5631.63
7378.07 5618.71
7373.03 5606.23
7367.42 5592.37
7361.35 5576.95
7355.16 5559.91
7348.95 5542.80
7343.01 5526.42
7338.26 5510.09
7334.76 5493.48
7329.95 5477.30
7323.63 5461.43
7317.43 5445.86
7310.96 5429.61
7304.44 5413.24
7298.18 5397.53
7291.86 5381.66
7285.24 5365.05
7278.72 5348.67
7272.46 5332.95
7267.66 5316.39
7266.69 5299.51
7270.84 5282.32
7281.42 5268.85
7291.63 5255.14
7306.53 5244.85
7320.50 5234.99
7334.43 5225.15
7348.95 5214.90
7364.15 5204.93
7379.13 5195.60
7394.05 5186.30
7411.03 5180.48
7428.33 5175.58
7445.05 5170.85
7462.82 5167.98
7480.45 5168.79
7497.56 5166.32
7514.96 5163.79
7532.82 5161.18
7550.36 5158.64
7567.60 5156.68
7585.47 5154.75
7602.35 5151.96
7616.86 5148.14
7626.97 5145.28
7632.99 5143.39
7634.69 5142.85
7635.21 5142.69
7635.33 5142.65
7635.38 5142.64
7635.42 5142.63
7635.42 5142.63
7635.42 5142.63
7635.42 5142.63
7635.42 5142.63
7635.42 5142.63
7635.42 5142.63
7635.42 5142.63
7635.42 5142.63
7635.42 5142.63
7635.42 5142.63
7635.42 5142.63
7636.82 5142.19
7638.36 5141.70
7638.89 5141.54
7638.95 5141.52
7638.95 5141.52
7637.98 5138.36
7639.35 5137.93
7642.94 5136.76
7647.58 5134.68
7653.72 5131.80
7661.88 5128.02
7672.01 5123.31
7683.85 5120.25
7694.50 5109.28
7703.97 5095.95
7712.82 5083.49
7721.05 5071.91
7728.59 5061.30
7736.50 5050.16
7743.12 5040.86
7750.95 5029.78
7757.79 5019.82
7764.27 5010.14
7770.57 5000.70
7777.35 4990.57
7783.61 4981.21
7789.57 4972.30
7796.25 4962.32
7804.22 4949.94
7812.64 4936.26
7822.16 4920.73
7831.24 4905.93
7840.26 4891.22
7848.21 4875.56
7855.46 4859.08
7861.35 4845.70
7865.43 4836.44
7867.73 4830.72
7868.29 4829.26
7868.55 4828.51
