10270.02 750.98
10268.74 752.04
10265.97 754.32
10261.34 758.13
10255.10 763.26
10247.43 769.57
10237.78 777.51
10226.60 786.71
10214.30 796.83
10202.07 806.89
10189.57 817.18
10176.58 827.86
10164.12 838.12
10151.07 848.85
10138.66 859.06
10125.81 869.64
10113.35 879.89
10100.75 890.26
10088.32 900.48
10076.01 910.61
10063.11 921.23
10050.76 931.38
10038.38 941.50
10025.43 952.07
10011.94 962.18
9998.41 971.13
9983.84 977.16
9968.46 981.84
9952.63 985.94
9937.36 989.89
9921.44 994.01
9906.02 998.00
9890.42 1002.26
9874.89 1007.42
9860.06 1012.86
9844.58 1019.49
9829.92 1026.62
9816.03 1034.48
9802.08 1043.85
9788.57 1053.67
9775.24 1063.37
9761.76 1071.91
9746.75 1077.91
9731.72 1079.75
9721.09 1079.08
9714.96 1078.70
9712.48 1078.54
9712.35 1078.53
9712.34 1078.53
9712.34 1078.53
9712.34 1078.53
9712.34 1078.53
9712.34 1078.53
9712.34 1078.53
9712.34 1078.53
9712.34 1078.53
9712.34 1078.53
9712.34 1078.53
9712.34 1078.53
9712.34 1078.53
9712.34 1078.53
9712.34 1078.53
9712.34 1078.53
9712.34 1078.53
9712.34 1078.53
9712.34 1078.53
9712.34 1078.53
9712.34 1078.53
9712.34 1078.53
9712.34 1078.53
9712.34 1078.53
9712.34 1078.53
9712.34 1078.53
9712.34 1078.53
9712.34 1078.53
9712.34 1078.53
9712.34 1078.53
9712.34 1078.53
9712.34 1078.53
9712.34 1078.53
9712.34 1078.53
9712.34 1078.53
9712.34 1078.53
9712.34 1078.53
9712.34 1078.53
9712.34 1078.53
9712.34 1078.53
9712.34 1078.53
9712.34 1078.53
9712.34 1078.53
9712.34 1078.53
9712.34 1078.53
9709.91 1078.43
9705.05 1078.65
9700.45 1083.43
9695.99 1091.96
9690.87 1101.76
9684.96 1113.06
9678.85 1124.76
9672.70 1136.54
9666.35 1148.68
9660.38 1160.11
9653.96 1172.40
9647.82 1183.98
9641.68 1195.50
9635.36 1207.37
9628.99 1219.29
9622.68 1231.02
9616.15 1243.16
9609.90 1255.14
9603.87 1266.81
9597.60 1278.41
9591.34 1289.99
9585.00 1301.73
9578.50 1313.77
9572.31 1325.23
9566.02 1336.87
9559.61 1348.73
9552.92 1361.11
9546.76 1372.51
9540.41 1384.27
9534.08 1395.99
9527.98 1407.27
9521.41 1419.45
9514.89 1431.51
9508.67 1443.03
9502.33 1454.77
9495.71 1467.02
9489.47 1478.57
9482.96 1490.62
9476.82 1501.99
9470.55 1513.60
9464.23 1525.30
9457.83 1537.14
9452.40 1548.95
9448.63 1562.19
9445.97 1575.65
9443.51 1588.72
9440.97 1602.18
9438.60 1614.75
9436.18 1627.57
9433.53 1640.53
9426.53 1651.64
9416.81 1660.48
9406.46 1669.47
9400.09 1680.30
9395.01 1693.06
9390.14 1705.30
9384.98 1718.25
9379.81 1731.09
9374.85 1743.16
9370.55 1755.88
9366.79 1768.48
9362.90 1781.51
9357.59 1793.38
9353.08 1803.20
9350.02 1808.64
9343.62 1811.75
9334.16 1810.62
9330.86 1808.06
9326.49 1808.79
9324.09 1815.97
9321.21 1824.81
9317.84 1836.00
9314.67 1848.78
9311.39 1861.93
9308.20 1874.77
9305.90 1884.71
9304.58 1891.05
9304.00 1893.84
9303.90 1894.33
9303.87 1894.48
9303.87 1894.50
9303.86 1894.50
9303.86 1894.50
9303.86 1894.50
9303.86 1894.50
9303.86 1894.50
9303.86 1894.50
9303.86 1894.50
9303.86 1894.50
9303.86 1894.50
9303.86 1894.50
9303.86 1894.50
9303.86 1894.50
9303.86 1894.50
9303.86 1894.50
9303.86 1894.50
9303.86 1894.50
9303.86 1894.50
9303.86 1894.50
9303.86 1894.50
9303.86 1894.50
9303.86 1894.50
9303.86 1894.50
9303.86 1894.50
9303.86 1894.50
9303.86 1894.50
9303.86 1894.50
9303.86 1894.50
9303.86 1894.50
9303.86 1894.50
9303.86 1894.50
9303.86 1894.50
9303.86 1894.50
9303.86 1894.50
9303.86 1894.50
9303.55 1896.10
9303.03 1898.94
9302.26 1903.25
9301.14 1909.41
9300.06 1917.39
9299.04 1927.12
9297.84 1938.42
9296.43 1951.79
9295.05 1964.90
9293.61 1978.46
9293.12 1991.64
9293.11 2005.36
9293.10 2018.51
9293.16 2032.04
9293.81 2045.50
9294.45 2058.84
9295.13 2072.87
9295.77 2086.21
9296.53 2099.40
9297.68 2112.93
9298.93 2126.62
9300.21 2140.62
9301.44 2154.11
9302.62 2167.04
9303.86 2180.71
9303.66 2193.69
9302.82 2207.21
9301.59 2221.36
9300.28 2234.76
9298.04 2248.26
9294.78 2261.84
9290.98 2274.82
9286.92 2287.02
9282.59 2299.96
9278.12 2313.28
9273.97 2325.69
9270.21 2337.96
9266.32 2350.92
9262.54 2363.50
9258.70 2376.28
9255.17 2388.83
9251.70 2401.54
9248.25 2414.16
9244.65 2427.34
9241.01 2440.64
9237.32 2453.86
9233.57 2467.13
9229.77 2480.58
9226.38 2493.55
9223.05 2506.85
9219.63 2520.51
9216.47 2533.17
9213.07 2546.73
9209.78 2559.72
9206.45 2572.48
9203.05 2585.46
9200.65 2594.63
9199.00 2600.94
9198.46 2603.02
9198.36 2603.38
9198.35 2603.46
9198.34 2603.47
9198.34 2603.47
9198.34 2603.48
9198.34 2603.48
9198.34 2603.48
9198.34 2603.48
9198.34 2603.48
9198.34 2603.48
9198.34 2603.48
9198.34 2603.48
9198.34 2603.48
9198.34 2603.48
9198.34 2603.48
9198.34 2603.48
9198.34 2603.48
9198.34 2603.48
9198.34 2603.48
9198.34 2603.48
9198.34 2603.48
9198.34 2603.48
9198.34 2603.48
9198.04 2604.62
9197.16 2608.00
9195.66 2613.70
9193.54 2621.48
9190.92 2630.95
9187.73 2641.82
9183.88 2652.78
9180.02 2663.18
9173.49 2674.37
9166.57 2685.19
9158.16 2693.51
9146.81 2701.32
9135.43 2706.62
9122.80 2710.33
9110.47 2710.97
9097.54 2711.31
9085.45 2707.98
9074.69 2704.84
9063.34 2701.53
9052.00 2698.22
9040.33 2694.13
9027.77 2689.59
9016.73 2685.54
9006.15 2681.61
8995.62 2677.70
8984.51 2673.58
8972.75 2669.36
8961.99 2666.16
8950.04 2662.60
8937.87 2659.17
8929.65 2660.10
8925.79 2660.79
8923.64 2661.32
8923.05 2661.56
8923.02 2661.58
8923.00 2661.59
8923.00 2661.59
8922.99 2661.59
8922.99 2661.59
8922.99 2661.59
8922.99 2661.59
8922.99 2661.59
8922.99 2661.59
8922.99 2661.59
8922.99 2661.59
8922.99 2661.59
8922.99 2661.59
8922.99 2661.59
8922.99 2661.59
8922.99 2661.59
8922.99 2661.59
8922.99 2661.59
8922.99 2661.59
8922.99 2661.59
8922.99 2661.59
8922.99 2661.59
8922.99 2661.59
8922.99 2661.59
8922.99 2661.59
8922.99 2661.59
8922.99 2661.59
8922.99 2661.59
8922.99 2661.59
8922.99 2661.59
8922.99 2661.59
8922.99 2661.59
8922.99 2661.59
8922.99 2661.59
8922.99 2661.59
8922.99 2661.59
8922.99 2661.59
8922.99 2661.59
8922.99 2661.59
8922.99 2661.59
8922.99 2661.59
8922.99 2661.59
8922.99 2661.59
8922.99 2661.59
8922.99 2661.59
8921.47 2662.22
8918.79 2663.34
8915.14 2665.33
8910.81 2669.64
8903.21 2673.68
8897.37 2680.73
8891.14 2688.25
8883.66 2696.84
8871.79 2704.05
8862.95 2712.90
8853.47 2722.39
8844.28 2731.60
8834.52 2741.38
8825.26 2750.65
8815.89 2760.02
8806.62 2769.30
8798.97 2779.99
8791.45 2791.65
8785.03 2803.07
8778.60 2814.80
8772.48 2827.56
8766.95 2840.36
8761.60 2852.77
8757.77 2866.12
8754.53 2878.82
8751.22 2891.82
8747.75 2905.40
8744.95 2919.10
8743.70 2932.61
8744.69 2945.95
8749.69 2957.59
8755.54 2970.20
8761.48 2982.85
8767.40 2995.46
8772.99 3007.37
8778.55 3019.21
8784.16 3031.17
8789.26 3042.94
8793.95 3055.77
8798.60 3068.50
8802.02 3081.20
8802.92 3094.74
8803.81 3108.16
8804.71 3121.75
8805.60 3135.23
8806.52 3149.17
8807.45 3163.12
8808.35 3176.47
8809.28 3189.99
8812.39 3205.16
8811.52 3218.22
8808.54 3230.84
8804.10 3244.13
8798.21 3255.78
8791.31 3267.44
8783.64 3278.24
8774.42 3287.42
8764.58 3296.07
8752.90 3303.65
8741.74 3310.90
8730.93 3317.91
8720.20 3325.03
8708.92 3332.51
8697.86 3339.85
8686.35 3347.49
8674.75 3355.19
8663.35 3362.77
8651.94 3370.94
8641.43 3378.47
8630.90 3386.34
8619.98 3394.88
8609.32 3403.78
8599.82 3413.31
8590.77 3422.38
8581.60 3432.51
8572.78 3442.31
8564.34 3452.46
8555.78 3462.87
8547.23 3473.28
8539.05 3483.22
8530.74 3493.33
8522.87 3503.54
8515.14 3514.90
8507.88 3525.59
8500.32 3537.04
8493.98 3549.61
8487.77 3561.90
8481.82 3573.86
8476.48 3586.63
8471.24 3599.15
8466.11 3611.44
8461.12 3623.37
8455.98 3635.65
8450.92 3647.76
8445.57 3660.56
8439.98 3672.65
8434.14 3685.03
8428.18 3696.88
8421.85 3708.89
8415.94 3720.28
8409.29 3732.46
8402.18 3743.98
8395.71 3755.99
8389.37 3767.74
8382.97 3779.60
8376.66 3791.31
8370.28 3803.14
8363.80 3815.14
8357.40 3827.02
8350.89 3839.08
8344.26 3851.38
8337.99 3863.04
8331.74 3874.79
8325.59 3886.33
8319.51 3897.74
8313.33 3909.35
8306.88 3921.44
8299.88 3932.49
8290.58 3942.37
8281.02 3951.57
8270.93 3959.68
8258.88 3965.13
8248.44 3973.53
8237.85 3982.02
8227.51 3990.56
8218.92 4000.75
8210.50 4011.24
8202.03 4022.22
8193.88 4032.69
8185.22 4043.11
8176.21 4053.68
8167.27 4064.17
8158.66 4074.27
8149.94 4084.50
8141.33 4094.60
8132.49 4104.97
8124.04 4115.05
8116.20 4125.93
8109.52 4138.62
8103.79 4151.07
8098.51 4162.85
8093.54 4175.82
8088.57 4189.01
8083.88 4202.25
8079.68 4214.75
8075.35 4227.64
8071.42 4239.38
8068.77 4247.26
8066.52 4251.65
8060.38 4252.98
8052.54 4250.41
8042.97 4245.95
8031.42 4240.56
8018.81 4234.68
8007.16 4229.25
7995.04 4223.60
7982.63 4217.82
7970.91 4212.35
7958.45 4206.54
7946.16 4200.82
7934.49 4195.38
7922.06 4189.58
7909.58 4183.76
7897.01 4177.90
7886.51 4173.01
7880.09 4170.02
7872.71 4171.76
7868.36 4182.07
7863.10 4194.56
7857.91 4206.87
7852.64 4219.17
7847.02 4231.07
7840.97 4243.68
7836.02 4254.01
7832.95 4260.39
7831.21 4264.04
7827.66 4268.23
7820.15 4266.47
7811.68 4261.64
7801.23 4255.67
7789.29 4248.86
7776.82 4243.74
7764.11 4238.76
7752.18 4234.09
7739.55 4229.14
7727.95 4224.59
7719.76 4221.38
7715.60 4219.75
7709.39 4216.96
7701.30 4213.02
7691.33 4207.77
7679.26 4201.42
7667.02 4194.97
7654.60 4188.43
7643.27 4182.47
7631.21 4176.12
7619.89 4170.16
7607.79 4163.79
7596.39 4157.79
7587.32 4153.02
7581.38 4149.89
7573.53 4148.54
7565.31 4147.02
7560.79 4135.93
7557.75 4122.60
7556.71 4108.73
7556.88 4094.69
7554.52 4083.08
7552.27 4069.78
7546.69 4058.21
7537.67 4049.34
7525.49 4044.03
7512.82 4043.36
7500.55 4047.62
7489.18 4052.93
7477.55 4058.37
7468.42 4062.63
7463.47 4065.54
7462.08 4066.49
7461.71 4066.74
7461.67 4066.77
7461.65 4066.78
7461.65 4066.78
7461.65 4066.78
7461.65 4066.78
7461.65 4066.78
7461.65 4066.78
7460.65 4067.73
7459.42 4069.78
7459.22 4073.82
7460.49 4081.09
7462.39 4091.26
7461.30 4103.85
7456.95 4117.39
7450.36 4129.98
7439.39 4140.52
7427.12 4149.65
7412.91 4155.68
7398.62 4156.69
7386.13 4156.34
7379.67 4164.85
7377.28 4177.48
7375.30 4190.55
7373.61 4204.07
7374.30 4216.52
7379.76 4228.82
7385.61 4241.22
7392.27 4253.54
7397.13 4266.19
7401.29 4279.63
7403.62 4293.04
7404.59 4306.02
7404.65 4319.11
7403.93 4332.78
7401.77 4345.39
7398.82 4358.93
7394.30 4371.69
7389.41 4383.56
7384.02 4395.65
7378.16 4407.80
7371.42 4420.09
7364.84 4431.19
7358.08 4442.59
7351.48 4453.72
7344.48 4465.51
7337.06 4477.20
7330.02 4488.29
7322.52 4500.11
7314.83 4511.44
7305.17 4520.39
7291.37 4524.96
7278.06 4527.02
7264.67 4525.89
7250.85 4525.29
7237.88 4525.52
7224.42 4527.00
7211.80 4529.26
7198.27 4531.99
7184.72 4535.48
7171.66 4538.84
7159.29 4542.02
7146.53 4545.31
7133.27 4548.72
7120.73 4551.95
7108.06 4555.21
7094.71 4558.65
7082.11 4561.89
7073.86 4564.01
7064.61 4566.39
7056.24 4568.55
7046.46 4571.07
7036.77 4573.53
7024.90 4576.50
7013.27 4579.53
7002.25 4584.08
6993.08 4590.38
6983.01 4597.73
6973.56 4605.14
6963.65 4613.00
6953.76 4621.15
6945.56 4628.76
6936.73 4637.27
6928.03 4645.65
6919.31 4653.99
6911.08 4662.36
6902.57 4671.34
6895.12 4679.20
6886.98 4688.80
6879.68 4697.98
6871.98 4707.66
6864.65 4716.86
6857.28 4726.14
6850.91 4734.13
6847.08 4738.95
6842.45 4744.77
6835.93 4751.17
6823.86 4752.68
6814.76 4749.95
6802.28 4755.05
6789.79 4755.84
6778.59 4761.31
6767.17 4765.39
6753.88 4766.42
6741.46 4770.65
6728.35 4774.74
6715.03 4779.11
6701.98 4783.86
6689.18 4789.63
6676.44 4795.37
6664.39 4800.80
6653.89 4805.53
6647.50 4808.41
6644.83 4809.61
6644.55 4809.73
6644.49 4809.76
6644.48 4809.77
6644.48 4809.77
6644.48 4809.77
6644.48 4809.77
6644.48 4809.77
6644.48 4809.77
6644.48 4809.77
6644.48 4809.77
6644.48 4809.77
6644.48 4809.77
6644.48 4809.77
6644.48 4809.77
6644.48 4809.77
6644.48 4809.77
6644.48 4809.77
6644.48 4809.77
6644.48 4809.77
6644.48 4809.77
6644.48 4809.77
6644.48 4809.77
6644.48 4809.77
6644.48 4809.77
6644.48 4809.77
6644.48 4809.77
6644.48 4809.77
6643.24 4810.32
6640.43 4811.59
6635.81 4813.73
6629.49 4816.72
6621.64 4820.57
6611.67 4825.48
6600.13 4830.93
6587.72 4836.69
6575.09 4842.77
6563.92 4849.12
6552.02 4855.88
6540.94 4863.31
6530.00 4871.36
6519.44 4880.52
6509.95 4889.03
6502.08 4900.83
6492.60 4909.96
6482.94 4919.22
6472.67 4928.12
6462.79 4936.29
6452.97 4944.47
6442.29 4953.40
6432.35 4961.50
6421.60 4970.40
6411.56 4978.72
6402.01 4986.64
6392.02 4994.94
6381.65 5003.19
6371.71 5010.89
6361.08 5019.13
6350.31 5027.57
6339.71 5036.03
6329.97 5043.81
6319.80 5051.94
6309.99 5059.78
6300.62 5067.26
6290.10 5075.66
6279.37 5084.23
6268.74 5092.59
6260.18 5099.00
6254.96 5102.23
6252.48 5103.37
6251.06 5104.03
6250.88 5104.12
6250.82 5104.14
6250.77 5104.17
6250.75 5104.18
6250.74 5104.18
6250.74 5104.18
6250.74 5104.18
6250.74 5104.18
6250.74 5104.18
6250.74 5104.18
6250.74 5104.18
6250.74 5104.18
6250.74 5104.18
6250.74 5104.18
6250.74 5104.18
6250.74 5104.18
6250.74 5104.18
6250.74 5104.18
6250.74 5104.18
6250.74 5104.18
6250.74 5104.18
6250.74 5104.18
6250.74 5104.18
6250.74 5104.18
6250.74 5104.18
6250.74 5104.18
6250.74 5104.18
6250.74 5104.18
6250.74 5104.18
6250.74 5104.18
6250.74 5104.18
6250.74 5104.18
6250.74 5104.18
6250.74 5104.18
6250.74 5104.18
6250.74 5104.18
6250.74 5104.18
6250.74 5104.18
6250.74 5104.18
6250.74 5104.18
6250.74 5104.18
6250.74 5104.18
6249.66 5104.68
6246.36 5106.22
6241.85 5108.50
6236.01 5114.55
6233.97 5123.24
6235.56 5134.00
6237.53 5147.25
6239.48 5160.32
6241.53 5173.95
6243.55 5187.38
6245.54 5200.61
6247.54 5213.95
6249.53 5227.14
6251.59 5240.84
6253.52 5253.68
6255.49 5266.79
6256.94 5276.47
6256.65 5281.69
6251.32 5286.92
6241.63 5288.82
6229.25 5290.16
6215.65 5291.58
6202.38 5293.00
6189.11 5297.77
6176.25 5298.96
6162.80 5300.19
6149.62 5301.29
6136.70 5302.28
6122.93 5303.23
6110.10 5304.14
6097.21 5304.88
6084.41 5305.09
6070.72 5305.31
6058.16 5305.87
6049.73 5307.06
6045.67 5308.24
6043.53 5312.62
6046.67 5319.65
6050.38 5327.95
6051.57 5340.06
6055.09 5352.77
6059.09 5367.23
6063.51 5383.21
6069.38 5398.10
6079.60 5411.09
6093.73 5418.25
6109.05 5423.45
6125.06 5428.88
6140.37 5434.07
6155.72 5439.28
6171.41 5444.59
6187.08 5450.17
6202.57 5455.52
6218.21 5460.56
6234.51 5464.84
6248.40 5468.49
6259.94 5471.52
6267.93 5473.62
6271.89 5474.66
6277.04 5476.26
6283.70 5479.11
6288.34 5485.99
6289.70 5497.18
6291.37 5510.89
6292.99 5523.88
6295.05 5536.63
6297.29 5550.54
6300.12 5564.06
6303.53 5576.89
6307.36 5589.69
6311.46 5602.63
6315.13 5614.26
6317.45 5621.59
6318.41 5624.62
6318.48 5624.85
6318.49 5624.88
6318.49 5624.89
6318.50 5624.90
6318.50 5624.90
6318.50 5624.90
6318.50 5624.90
6318.50 5624.90
6318.50 5624.90
6318.50 5624.90
6318.50 5624.90
6318.50 5624.90
6318.50 5624.90
6318.50 5624.90
6318.50 5624.90
6318.50 5624.90
6318.50 5624.90
6318.50 5624.90
6318.50 5624.90
6318.50 5624.90
6318.50 5624.90
6318.50 5624.90
6318.50 5624.90
6318.50 5624.90
6318.50 5624.90
6318.50 5624.90
6318.50 5624.90
6318.50 5624.90
6318.50 5624.90
6318.50 5624.90
6318.50 5624.90
6318.50 5624.90
6318.50 5624.90
6318.50 5624.90
6318.50 5624.90
6318.50 5624.90
6318.50 5624.90
6318.50 5624.90
6318.50 5624.90
6318.50 5624.90
6319.15 5627.00
6320.49 5631.39
6322.47 5637.84
6323.87 5642.51
6327.83 5644.30
6329.37 5649.49
6331.56 5656.89
6334.31 5666.11
6338.54 5677.38
6344.36 5688.77
6349.49 5698.64
6352.73 5704.87
6354.10 5707.51
6354.45 5708.19
6354.55 5708.38
6354.56 5708.39
6354.56 5708.40
6354.56 5708.40
6354.56 5708.40
6354.56 5708.40
6354.56 5708.40
6354.56 5708.40
6354.56 5708.40
6354.56 5708.40
6354.56 5708.40
6354.56 5708.40
6355.55 5710.30
6357.30 5713.66
6359.88 5718.36
6363.63 5724.86
6369.04 5732.58
6376.59 5740.56
6384.36 5750.89
6394.86 5758.55
6405.02 5768.05
6412.48 5778.99
6418.04 5791.04
6423.04 5803.11
6428.20 5815.72
6433.47 5828.59
6438.36 5840.53
6443.17 5852.73
6446.08 5861.11
6448.90 5869.12
6449.54 5873.74
6444.71 5878.79
6436.34 5882.63
6426.37 5886.71
6414.71 5891.47
6402.30 5896.54
6389.26 5901.86
6377.40 5906.71
6364.61 5911.93
6352.90 5918.60
6342.54 5926.16
6332.98 5935.58
6323.34 5945.07
6313.97 5954.30
6304.37 5963.75
6295.04 5972.94
6285.34 5982.50
6275.99 5991.71
6266.47 6001.07
6256.78 6010.62
6249.97 6017.32
6245.72 6019.89
6239.03 6017.51
6231.50 6011.46
6222.06 6004.03
6212.02 5995.86
6201.31 5987.40
6192.37 5979.88
6186.81 5975.32
6179.11 5969.53
6169.28 5963.13
6158.33 5956.37
6147.10 5949.45
6136.51 5942.26
6126.12 5933.96
6115.98 5925.85
6105.69 5917.64
6094.88 5909.00
6084.18 5900.45
6073.51 5891.93
6065.77 5885.74
6061.54 5882.36
6060.83 5881.79
6060.71 5881.70
6060.68 5881.68
6060.66 5881.66
6060.65 5881.66
6060.65 5881.65
6060.65 5881.65
6060.65 5881.65
6060.65 5881.65
6060.65 5881.65
6060.65 5881.65
6060.65 5881.65
6060.65 5881.65
6060.65 5881.65
6060.65 5881.65
6060.65 5881.65
6060.65 5881.65
6060.65 5881.65
6060.65 5881.65
6060.65 5881.65
6060.65 5881.65
6060.65 5881.65
6060.65 5881.65
6060.65 5881.65
6060.65 5881.65
6060.65 5881.65
6060.65 5881.65
6060.65 5881.65
6060.65 5881.65
6060.65 5881.65
6060.65 5881.65
6060.65 5881.65
6060.65 5881.65
6060.65 5881.65
6060.65 5881.65
6060.65 5881.65
6060.65 5881.65
6060.65 5881.65
6060.65 5881.65
6058.91 5880.16
6055.98 5877.34
6053.49 5871.57
6054.00 5862.26
6057.89 5852.78
6060.89 5841.59
6061.83 5827.80
6062.71 5815.01
6063.60 5801.98
6064.47 5789.25
6065.37 5776.11
6065.90 5763.36
6053.62 5762.66
6040.53 5763.74
6026.59 5764.95
6013.14 5766.11
5999.87 5767.26
5986.68 5768.40
5973.30 5769.56
5960.07 5770.70
5946.22 5771.90
5933.44 5773.15
5919.53 5774.93
5905.75 5776.68
5892.68 5778.35
5879.94 5779.97
5866.46 5781.69
5852.76 5783.34
5839.33 5784.90
5825.45 5786.23
5812.35 5787.28
5798.71 5788.30
5785.44 5789.29
5772.03 5790.28
5759.14 5791.24
5746.45 5792.78
5731.58 5794.65
5714.33 5796.82
5695.03 5799.25
5676.15 5801.63
5661.18 5803.51
5650.67 5804.83
5644.63 5805.59
5642.82 5805.82
5642.29 5805.89
