5521.20 4404.49
5523.40 4405.42
5526.99 4407.20
5529.33 4412.68
5525.65 4419.68
5520.79 4427.98
5514.90 4438.02
5508.92 4448.23
5502.86 4458.57
5496.27 4469.80
5490.10 4480.09
5483.23 4491.14
5478.05 4499.44
5473.37 4502.78
5468.85 4508.32
5468.15 4517.81
5467.61 4529.90
5465.92 4543.52
5462.43 4558.18
5457.92 4573.00
5453.09 4587.90
5448.34 4601.73
5444.47 4616.57
5440.71 4631.18
5437.42 4645.23
5433.81 4660.34
5430.54 4674.78
5426.89 4689.43
5423.05 4704.01
5419.18 4719.11
5415.62 4733.30
5411.68 4747.65
5407.42 4761.85
5403.39 4776.48
5399.93 4789.41
5397.13 4801.13
5394.21 4813.48
5391.11 4826.21
5387.92 4839.45
5384.35 4854.32
5382.54 4868.46
5384.43 4883.83
5387.42 4897.96
5392.77 4912.40
5399.95 4926.15
5408.06 4938.53
5417.50 4950.99
5427.24 4962.12
5437.43 4972.96
5448.20 4982.54
5460.13 4992.38
5472.19 5001.81
5484.49 5010.36
5497.20 5018.46
5509.72 5026.43
5522.32 5034.46
5534.72 5042.36
5547.03 5050.19
5560.07 5058.54
5572.96 5066.82
5585.80 5075.07
5598.12 5082.98
5610.35 5090.83
5622.91 5098.91
5635.44 5106.96
5648.38 5115.17
5661.05 5123.08
5673.94 5131.30
5686.69 5139.24
5698.85 5147.27
5710.93 5155.37
5723.85 5163.87
5736.92 5172.22
5749.80 5180.40
5762.40 5188.40
5775.29 5196.59
5788.11 5204.73
5801.79 5211.81
5814.94 5218.60
5828.20 5224.51
5842.59 5230.87
5856.52 5237.04
5870.55 5243.24
5884.50 5249.41
5898.19 5255.47
5912.80 5260.45
5926.71 5264.70
5941.49 5269.21
5955.58 5273.52
5970.37 5278.03
5984.34 5282.29
5998.73 5286.69
6011.49 5294.03
6026.05 5299.35
6037.99 5307.12
6043.37 5320.35
6049.40 5333.82
6053.93 5348.58
6058.06 5363.50
6062.05 5377.94
6066.86 5392.90
6073.77 5406.10
6085.18 5415.27
6099.56 5420.24
6114.25 5425.22
6128.24 5429.96
6142.94 5434.94
6157.74 5439.96
6172.44 5444.94
6186.79 5450.06
6201.33 5455.10
6215.54 5459.86
6230.62 5463.82
6245.24 5467.66
6255.49 5470.35
6262.12 5472.09
6264.36 5472.68
6264.73 5472.78
6264.90 5472.82
6264.95 5472.84
6264.99 5472.85
6266.17 5473.16
6269.42 5474.01
6271.12 5474.46
6272.16 5474.73
6272.24 5474.75
6272.28 5474.76
6272.28 5474.76
6272.28 5474.76
6272.28 5474.76
6274.59 5475.44
6279.28 5476.83
6285.75 5479.28
6294.91 5485.37
6296.28 5496.60
6297.81 5509.17
6299.22 5520.86
6301.23 5533.50
6303.26 5546.09
6307.25 5557.21
6319.10 5554.42
6330.92 5551.40
6342.55 5548.60
6352.10 5546.58
6358.30 5545.61
6363.22 5550.88
6363.63 5561.08
6364.00 5573.41
6364.35 5585.37
6364.72 5597.79
6365.09 5610.06
6365.37 5619.57
6365.53 5624.90
6365.58 5626.45
6365.58 5626.47
6365.58 5626.47
6365.58 5626.47
6365.79 5627.81
6367.82 5629.48
6372.02 5629.50
6378.43 5629.33
6386.50 5629.12
6396.92 5632.14
6409.47 5631.83
6423.45 5631.68
6438.48 5632.17
6453.07 5633.24
6467.80 5633.31
6482.80 5633.17
6498.39 5633.02
6513.72 5632.88
6528.63 5632.74
6543.56 5632.61
6558.61 5632.47
6573.06 5632.33
6587.97 5632.38
6602.75 5636.56
6613.23 5639.53
6619.85 5641.40
6623.82 5642.52
6624.39 5642.68
6624.57 5642.73
6624.59 5642.74
6624.59 5642.74
6624.59 5642.74
6624.59 5642.74
6624.59 5642.74
6624.59 5642.74
6624.59 5642.74
6624.59 5642.74
6624.59 5642.74
6624.59 5642.74
6624.59 5642.74
6624.59 5642.74
6624.59 5642.74
6624.59 5642.74
6624.59 5642.74
6624.59 5642.74
6624.59 5642.74
6624.59 5642.74
6624.59 5642.74
6624.59 5642.74
6624.59 5642.74
6624.59 5642.74
6624.59 5642.74
6624.59 5642.74
6624.59 5642.74
6624.59 5642.74
6624.59 5642.74
6624.59 5642.74
6624.59 5642.74
6624.59 5642.74
6624.59 5642.74
6624.59 5642.74
6624.59 5642.74
6624.59 5642.74
6624.59 5642.74
6624.59 5642.74
6624.59 5642.74
6624.59 5642.74
6624.59 5642.74
6624.59 5642.74
6624.59 5642.74
6624.59 5642.74
6624.59 5642.74
6626.52 5643.29
6630.04 5644.29
6634.83 5645.66
6641.34 5647.52
6649.52 5649.85
6659.76 5652.81
6671.65 5656.23
6685.32 5660.17
6700.12 5664.43
6714.15 5668.47
6728.13 5672.50
6742.82 5676.68
6756.93 5680.59
6771.89 5684.73
6787.55 5685.64
6802.14 5689.69
6816.81 5693.75
6831.15 5694.60
6845.80 5699.35
6860.55 5704.14
6874.39 5708.63
6888.31 5713.15
6902.71 5717.82
6916.83 5722.40
6931.04 5727.00
6945.71 5731.76
6959.96 5736.38
6974.70 5741.16
6989.04 5745.82
7003.13 5750.39
7017.17 5754.94
7031.58 5759.62
7045.34 5764.08
7058.78 5771.90
7073.37 5776.63
7087.73 5781.29
7100.95 5786.40
7113.27 5794.50
7126.26 5803.04
7139.00 5811.42
7152.06 5819.66
7164.28 5828.23
7176.44 5837.35
7188.44 5846.25
7200.78 5855.30
7213.36 5864.61
7225.94 5874.45
7241.63 5876.34
7256.93 5877.05
7272.09 5877.75
7286.78 5878.43
7301.45 5879.11
7317.15 5879.84
7331.67 5880.51
7345.50 5881.15
7354.83 5881.59
7359.67 5881.81
7360.08 5881.83
7360.17 5881.83
7360.18 5881.84
7360.18 5881.84
7360.18 5881.84
7360.19 5881.84
7360.19 5881.84
7360.19 5881.84
7360.19 5881.84
7360.19 5881.84
7360.19 5881.84
7360.19 5881.84
7360.19 5881.84
7360.19 5881.84
7360.19 5881.84
7360.19 5881.84
7360.19 5881.84
7360.19 5881.84
7360.19 5881.84
7360.19 5881.84
7360.19 5881.84
7360.19 5881.84
7360.19 5881.84
7360.19 5881.84
7362.05 5881.92
7366.01 5882.11
7371.44 5883.12
7377.99 5885.40
7384.60 5890.51
7390.34 5899.11
7394.55 5910.20
7397.85 5921.88
7397.44 5934.75
7399.49 5946.54
7401.68 5959.17
7403.86 5971.71
7406.03 5984.25
7408.13 5996.34
7410.21 6008.33
7412.33 6020.59
7414.28 6031.82
7415.49 6038.80
7415.94 6041.35
7415.95 6041.45
7415.97 6041.53
7415.97 6041.54
7415.97 6041.55
7415.97 6041.55
7415.97 6041.55
7415.97 6041.55
7415.97 6041.55
7415.97 6041.55
7415.97 6041.55
7415.97 6041.55
7415.97 6041.55
7415.97 6041.55
7415.97 6041.55
7415.97 6041.55
7415.97 6041.55
7415.97 6041.55
7415.97 6041.55
7415.97 6041.55
7415.97 6041.55
7415.97 6041.55
7415.97 6041.55
7415.97 6041.55
7415.97 6041.55
7415.97 6041.55
7416.36 6043.97
7417.01 6048.17
7417.99 6054.55
7419.22 6062.95
7420.59 6072.82
7422.26 6084.80
7424.02 6097.44
7425.79 6110.12
7428.37 6123.21
7431.08 6135.11
7433.77 6146.95
7436.56 6159.18
7439.38 6171.57
7442.28 6184.31
7444.95 6196.03
7447.73 6208.23
7449.41 6217.05
7449.34 6221.49
7446.51 6226.60
7439.96 6230.18
7431.85 6235.63
7422.36 6241.35
7411.65 6246.45
7408.59 6259.12
7401.29 6268.93
7389.34 6274.05
7377.22 6278.12
7365.77 6283.60
7355.39 6290.14
7346.23 6297.93
7337.21 6305.72
7329.81 6316.46
7322.87 6327.46
7321.27 6338.90
7331.53 6340.45
7339.72 6331.44
7345.72 6319.97
7353.54 6309.78
7363.43 6301.92
7373.94 6295.66
7385.57 6291.47
7398.10 6288.45
7410.09 6286.53
7422.56 6285.82
7435.16 6285.57
7447.41 6285.33
7459.83 6285.89
7471.82 6287.18
7484.64 6289.55
7497.26 6292.31
7502.82 6296.99
7514.23 6300.56
7526.09 6304.42
7538.02 6308.71
7549.21 6312.74
7561.10 6317.50
7572.90 6322.85
7583.77 6327.78
7590.32 6331.31
7594.59 6333.69
7600.64 6337.08
7607.30 6340.80
7614.72 6345.02
7621.01 6348.85
7628.86 6353.64
7636.10 6358.04
7643.39 6362.48
7650.76 6367.79
7657.85 6373.28
7664.29 6378.27
7671.16 6383.58
7678.05 6389.50
7684.32 6394.94
7691.46 6401.15
7697.85 6406.70
7703.47 6412.95
7709.12 6419.47
7714.91 6426.16
7720.89 6434.29
7725.80 6441.54
7729.33 6449.37
7728.73 6458.35
7724.85 6466.61
7721.32 6474.46
7716.62 6481.84
7710.94 6488.63
7704.64 6495.71
7698.68 6502.41
7692.70 6509.66
7686.80 6516.81
7681.21 6523.69
7675.14 6531.16
7670.09 6537.88
7664.92 6544.76
7660.01 6551.29
7654.41 6558.75
7649.17 6565.71
7643.82 6572.73
7638.05 6579.98
7632.91 6586.84
7627.56 6594.10
7622.57 6600.98
7617.71 6607.64
7612.80 6614.87
7607.41 6623.27
7604.85 6628.51
7601.98 6635.21
7595.05 6640.37
7586.95 6642.13
7583.73 6645.00
7579.56 6649.45
7573.56 6654.04
7565.32 6650.27
7554.59 6649.58
7542.27 6653.09
7536.80 6663.54
7532.34 6675.25
7531.51 6687.89
7529.24 6700.40
7526.41 6712.92
7524.53 6725.88
7522.76 6738.09
7520.57 6749.83
7517.89 6762.17
7517.85 6775.00
7518.19 6787.65
7518.79 6799.71
7520.26 6811.62
7521.61 6824.35
7522.57 6836.97
7525.34 6849.16
7528.93 6861.78
7532.41 6873.99
7535.75 6886.06
7536.13 6898.66
7545.61 6906.93
7552.99 6917.10
7547.84 6927.98
7537.44 6934.46
7525.36 6933.70
7514.70 6939.43
7514.11 6951.39
7523.14 6959.10
7534.80 6962.66
7547.86 6963.79
7560.42 6965.15
7572.52 6966.91
7584.77 6969.34
7597.45 6971.86
7606.29 6973.86
7610.75 6975.34
7617.05 6977.04
7625.07 6979.04
7635.24 6979.49
7646.53 6982.44
7658.78 6985.68
7671.08 6989.17
7682.77 6992.40
7694.27 6995.57
7707.14 6995.70
7719.12 6999.01
7731.40 7002.33
7744.23 7005.08
7756.91 7008.20
7769.35 7011.26
7781.33 7014.24
7793.04 7017.14
7805.62 7020.26
7817.91 7023.31
7829.49 7027.70
7840.53 7032.54
7851.80 7038.44
7863.07 7044.33
7874.11 7050.10
7885.58 7056.10
7896.27 7061.69
7906.92 7067.26
7916.21 7075.91
7926.44 7083.65
7935.96 7090.97
7945.56 7099.41
7954.64 7107.00
7963.72 7115.46
7973.25 7124.08
7982.62 7132.54
7991.84 7140.92
8000.74 7149.58
8009.48 7158.46
8018.10 7167.98
8026.37 7176.90
8035.13 7186.36
8043.41 7195.29
8052.11 7203.38
8063.27 7207.58
8075.52 7208.48
8087.81 7209.38
8100.70 7209.65
8113.25 7207.86
8125.76 7206.07
8138.25 7206.53
8150.80 7203.20
8163.02 7199.89
8175.69 7196.12
8185.25 7193.28
8190.48 7191.84
8192.12 7191.48
8192.62 7191.37
8192.66 7191.36
8192.68 7191.35
8192.68 7191.35
8192.68 7191.35
8192.68 7191.35
8191.97 7188.13
8191.97 7188.13
8191.97 7188.13
8191.97 7188.13
8191.97 7188.13
8191.97 7188.13
8191.97 7188.13
8191.97 7188.13
8191.97 7188.13
8191.97 7188.13
8191.97 7188.13
8191.97 7188.13
8191.97 7188.13
8191.97 7188.13
8191.97 7188.13
8191.97 7188.13
8191.97 7188.13
8191.97 7188.13
8193.30 7187.86
8196.50 7187.37
8202.21 7186.50
8209.82 7185.34
8219.99 7187.46
8231.86 7186.46
8244.36 7186.40
8255.90 7186.73
8267.70 7188.18
8278.96 7192.02
8287.05 7199.47
8294.25 7209.00
8301.90 7218.76
8309.80 7228.83
8317.26 7238.35
8324.53 7247.93
8331.37 7257.72
8338.48 7267.89
8345.42 7277.82
8352.52 7287.97
8361.94 7296.31
8371.99 7304.48
8380.72 7310.84
8385.36 7314.96
8385.21 7321.94
8378.11 7328.83
8368.43 7336.14
8358.93 7343.42
8349.77 7351.99
8342.26 7361.55
8335.50 7372.20
8325.83 7380.13
8313.15 7381.52
8301.79 7385.44
8291.15 7391.22
8280.84 7398.33
8271.24 7406.50
8261.58 7414.67
8253.07 7422.95
8246.13 7432.65
8238.75 7443.06
8233.92 7454.16
8232.35 7465.19
8231.41 7471.76
8230.48 7479.97
8234.73 7488.94
8242.59 7498.37
8250.45 7507.67
8258.32 7518.10
8265.06 7528.13
8270.69 7538.96
8274.03 7549.79
8263.00 7552.69
8253.62 7544.56
8245.53 7535.75
8237.26 7526.77
8229.14 7518.03
8220.51 7509.51
8212.09 7501.20
8202.48 7493.26
8191.69 7486.21
8180.86 7480.32
8169.69 7476.06
8158.64 7480.37
8163.85 7488.59
8175.21 7493.29
8186.20 7499.88
8196.11 7507.44
8205.61 7515.69
8214.84 7523.70
8224.14 7532.38
8231.85 7542.07
8238.84 7552.36
8245.70 7562.46
8254.87 7571.69
8263.33 7579.95
8272.26 7588.68
8281.48 7596.33
8291.26 7603.61
8300.78 7610.69
8310.29 7617.76
8320.31 7625.11
8330.27 7631.96
8340.50 7638.98
8350.41 7645.80
8360.75 7652.90
8371.55 7659.39
8382.29 7665.81
8393.03 7672.23
8403.20 7678.30
8413.82 7684.64
8424.92 7691.27
8435.98 7697.87
8447.24 7704.60
8457.57 7710.77
8468.19 7717.11
8478.71 7723.40
8488.91 7729.56
8499.05 7736.29
8509.94 7743.51
8519.87 7750.09
8530.62 7756.69
8542.16 7762.52
8553.77 7767.41
8565.67 7772.03
8577.76 7776.72
8589.91 7781.43
8601.51 7785.93
8612.97 7790.37
8625.12 7795.07
8636.54 7799.48
8648.73 7804.18
8660.94 7808.89
8672.10 7813.20
8684.18 7817.86
8696.32 7822.16
8708.26 7825.87
8720.70 7829.73
8732.31 7833.33
8744.06 7836.98
8756.17 7840.74
8768.34 7844.41
8780.66 7847.45
8792.22 7850.31
8804.46 7853.34
8817.01 7856.44
8829.19 7859.45
8840.88 7863.03
8851.97 7867.86
8862.77 7872.69
8873.87 7877.66
8885.49 7882.85
8897.23 7888.10
8908.45 7893.12
8916.89 7896.89
8921.22 7898.82
8927.21 7902.13
8929.24 7909.53
8924.34 7919.23
8918.75 7930.11
8913.19 7940.95
8907.28 7952.45
8901.83 7963.06
8895.49 7974.10
8888.95 7985.13
8882.60 7995.83
8876.25 8007.25
8870.72 8018.32
8865.38 8029.00
8859.66 8040.44
8855.45 8048.78
8853.11 8053.30
8852.70 8054.10
8852.51 8054.46
8852.39 8054.69
8852.38 8054.72
8852.37 8054.73
8852.37 8054.73
8852.37 8054.73
8852.37 8054.73
8852.37 8054.73
8852.37 8054.73
8852.37 8054.73
8852.37 8054.73
8852.37 8054.73
8852.37 8054.73
8852.37 8054.73
8852.37 8054.73
8852.37 8054.73
8852.37 8054.73
8852.37 8054.73
8852.37 8054.73
8852.37 8054.73
8852.37 8054.73
8852.37 8054.73
8851.68 8056.01
8849.75 8059.23
8846.62 8064.45
8842.62 8071.13
8837.31 8080.01
8830.11 8090.74
8823.36 8100.59
8816.34 8110.84
8809.61 8120.67
8802.75 8131.46
8798.86 8144.26
8792.11 8155.45
8785.90 8165.91
8779.38 8176.87
8772.90 8187.78
8766.64 8198.31
8760.32 8208.94
8754.19 8219.26
8747.72 8230.15
8741.17 8241.16
8734.49 8252.40
8728.25 8262.90
8722.07 8273.31
8715.57 8284.24
8709.94 8293.71
8706.61 8299.31
8705.27 8304.29
8712.34 8313.36
8715.04 8329.10
8726.25 8335.60
8737.28 8342.00
8748.51 8348.52
8758.89 8354.54
8769.54 8360.73
8780.13 8366.87
8790.61 8372.95
8801.11 8379.04
8811.41 8385.02
8822.69 8391.57
8833.05 8397.58
8844.11 8403.99
8855.14 8410.40
8865.75 8416.55
8877.04 8423.11
8887.98 8429.45
8898.23 8435.40
8908.59 8441.41
8919.15 8447.92
8927.79 8456.14
8931.64 8465.82
8927.34 8477.72
8920.83 8488.57
8914.75 8498.74
8908.10 8509.82
8901.63 8520.62
8895.14 8531.45
8888.83 8541.97
8882.66 8552.26
8878.33 8559.48
8874.72 8563.70
8867.59 8562.61
8858.86 8557.39
8848.99 8551.48
8838.16 8545.00
8827.22 8538.45
8816.42 8531.98
8805.70 8525.57
8794.68 8518.97
8783.63 8512.35
8773.02 8506.01
8762.63 8499.79
8751.58 8493.17
8740.75 8486.69
8729.99 8480.25
8719.43 8473.93
8708.37 8467.31
8697.31 8460.68
8686.59 8454.27
8675.63 8447.71
8664.57 8441.09
8654.43 8435.02
8643.99 8428.77
8637.37 8424.81
8634.43 8423.06
8629.29 8419.97
8622.15 8415.70
8613.59 8410.57
8602.97 8404.22
8592.27 8397.82
8581.63 8391.45
8570.68 8384.90
8559.89 8378.44
8549.46 8372.20
8538.31 8365.52
8527.61 8359.12
8517.32 8352.96
8506.68 8346.59
8496.14 8340.28
8485.54 8333.93
8475.26 8327.78
8465.76 8322.09
8460.12 8318.72
8454.01 8313.75
8456.39 8305.05
8462.25 8294.58
8468.35 8283.23
8474.16 8272.41
8480.04 8261.45
8485.83 8250.67
8492.00 8239.18
8498.01 8227.97
8502.49 8219.63
8504.84 8215.26
8509.11 8210.60
8517.27 8213.36
8526.25 8218.74
8537.26 8225.32
8548.25 8231.90
8559.55 8238.53
8569.88 8244.58
8580.13 8250.57
8591.15 8257.01
8599.06 8261.64
8603.80 8264.41
8604.92 8265.07
8605.52 8265.42
8605.78 8265.57
