8093.66 8267.21
8094.85 8265.94
8097.26 8263.35
8100.86 8259.49
8105.55 8254.44
8109.06 8250.68
8110.76 8248.85
8110.77 8248.84
8110.78 8248.83
8110.78 8248.83
8110.78 8248.83
8110.78 8248.83
8110.78 8248.83
8110.78 8248.83
8110.78 8248.83
8110.78 8248.83
8110.78 8248.83
8110.78 8248.83
8111.33 8248.24
8112.97 8246.47
8115.51 8243.74
8119.28 8239.69
8117.99 8233.93
8110.88 8228.40
8101.97 8221.48
8091.78 8213.78
8080.95 8206.31
8071.04 8198.07
8061.96 8190.18
8052.55 8182.00
8042.90 8173.60
8033.83 8165.72
8024.90 8157.96
8016.30 8150.18
8007.66 8141.92
8000.12 8134.14
7992.82 8125.32
7984.79 8115.13
7977.66 8105.60
7970.85 8094.66
7964.75 8084.53
7958.63 8073.61
7953.89 8064.11
7949.22 8053.07
7944.44 8040.02
7940.01 8027.62
7935.26 8014.67
7930.47 8001.37
7925.70 7988.31
7920.92 7975.24
7916.35 7962.62
7911.82 7950.07
7907.31 7937.57
7902.76 7924.97
7898.42 7912.93
7893.78 7900.08
7889.48 7887.64
7885.00 7874.49
7881.04 7861.98
7876.92 7848.61
7874.58 7835.81
7873.86 7826.48
7873.37 7820.23
7873.13 7817.16
7873.10 7816.78
7873.08 7816.53
7873.07 7816.41
7873.07 7816.38
7873.07 7816.37
7873.07 7816.37
7873.07 7816.37
7873.07 7816.37
7873.07 7816.37
7873.07 7816.37
7873.07 7816.37
7873.07 7816.37
7873.07 7816.37
7873.07 7816.37
7873.07 7816.37
7873.07 7816.37
7873.07 7816.37
7873.07 7816.37
7873.07 7816.37
7873.07 7816.37
7873.07 7816.37
7873.07 7816.37
7873.07 7816.37
7873.07 7816.37
7873.00 7815.43
7873.06 7812.22
7873.56 7806.66
7874.19 7799.81
7874.33 7790.48
7865.06 7786.34
7853.22 7783.60
7840.01 7780.54
7826.62 7777.45
7813.27 7774.36
7799.01 7771.07
7785.11 7768.22
7770.84 7765.34
7756.36 7762.41
7742.01 7759.50
7728.14 7756.70
7713.58 7753.75
7699.77 7750.96
7686.17 7748.21
7672.11 7745.36
7658.46 7742.70
7644.88 7740.12
7630.59 7737.40
7616.92 7734.81
7603.26 7732.21
7589.43 7729.58
7574.96 7726.83
7560.36 7724.06
7546.17 7721.41
7531.58 7718.70
7517.93 7716.15
7503.74 7713.51
7489.97 7710.95
7475.67 7708.28
7461.51 7705.64
7447.22 7702.98
7433.63 7700.45
7419.71 7697.86
7405.75 7695.26
7391.18 7692.55
7376.88 7689.88
7362.43 7687.19
7348.51 7684.60
7335.02 7682.09
7320.80 7679.44
7307.18 7676.90
7293.28 7674.31
7278.72 7671.60
7264.45 7668.95
7250.75 7666.40
7236.98 7663.88
7223.47 7661.50
7209.10 7658.98
7195.61 7656.60
7181.05 7654.02
7167.40 7651.61
7153.82 7649.16
7140.22 7646.69
7126.35 7644.19
7112.27 7641.64
7098.50 7639.15
7084.97 7636.70
7071.08 7634.19
7057.29 7631.69
7043.31 7628.87
7030.41 7622.24
7016.13 7618.65
7003.07 7615.38
6992.19 7612.65
6981.68 7609.90
6969.93 7606.50
6956.41 7602.55
6941.99 7597.89
6926.36 7590.72
6910.82 7579.73
6892.53 7571.08
6875.36 7561.54
6858.40 7551.67
6842.47 7542.40
6827.44 7533.61
6813.10 7524.75
6798.49 7515.74
6783.44 7506.45
6768.57 7497.71
6753.61 7489.26
6738.01 7480.44
6723.57 7471.80
6708.63 7462.26
6694.23 7452.95
6681.59 7443.53
6670.09 7436.16
6660.85 7430.66
6655.44 7427.53
6653.93 7426.66
6653.70 7426.53
6653.65 7426.50
6653.64 7426.49
6653.64 7426.49
6653.64 7426.49
6653.64 7426.49
6653.64 7426.49
6653.64 7426.49
6653.64 7426.49
6653.64 7426.49
6653.64 7426.49
6653.64 7426.49
6653.64 7426.49
6653.64 7426.49
6653.64 7426.49
6653.64 7426.49
6653.64 7426.49
6653.64 7426.49
6653.64 7426.49
6653.64 7426.49
6653.64 7426.49
6653.64 7426.49
6653.64 7426.49
6653.64 7426.49
6653.64 7426.49
6653.64 7426.49
6653.64 7426.49
6653.64 7426.49
6653.64 7426.49
6652.28 7425.69
6649.16 7423.76
6645.42 7420.24
6640.68 7414.27
6634.75 7406.78
6628.62 7397.17
6621.78 7386.29
6613.90 7373.73
6606.58 7362.07
6598.88 7349.81
6588.18 7338.98
6579.99 7326.79
6571.95 7315.58
6563.26 7303.44
6554.79 7291.62
6546.40 7279.91
6538.16 7268.41
6532.01 7259.83
6526.62 7252.30
6523.44 7247.87
6522.49 7246.54
6522.12 7246.03
6522.07 7245.96
6522.05 7245.93
6522.05 7245.92
6522.05 7245.92
6522.05 7245.92
6522.05 7245.92
6522.05 7245.92
6522.05 7245.92
6522.05 7245.92
6522.05 7245.92
6522.05 7245.92
6522.05 7245.92
6522.05 7245.92
6522.05 7245.92
6522.05 7245.92
6522.05 7245.92
6522.05 7245.92
6522.05 7245.92
6522.05 7245.92
6522.05 7245.92
6522.05 7245.92
6522.05 7245.92
6522.05 7245.92
6522.05 7245.92
6522.05 7245.92
6521.28 7244.86
6520.19 7243.33
6517.68 7239.84
6513.82 7234.46
6512.17 7232.54
6508.99 7228.84
6503.73 7224.40
6497.06 7218.32
6487.64 7211.35
6480.46 7200.87
6471.99 7188.52
6464.53 7177.63
6456.73 7166.26
6449.35 7155.49
6441.96 7144.71
6434.42 7133.70
6426.94 7122.79
6419.39 7111.60
6413.14 7101.76
6406.37 7090.90
6399.67 7080.15
6392.50 7068.65
6386.07 7057.66
6380.98 7046.48
6376.18 7034.75
6373.17 7019.38
6372.83 7004.09
6374.66 6992.49
6378.70 6979.59
6382.69 6967.04
6388.13 6954.65
6393.16 6942.95
6397.88 6930.92
6402.66 6918.66
6407.23 6906.95
6412.01 6894.70
6416.54 6882.96
6420.96 6871.36
6425.47 6859.25
6430.36 6846.13
6434.71 6834.47
6439.50 6821.62
6432.89 6813.64
6420.29 6809.71
6408.43 6802.55
6394.34 6798.11
6381.42 6792.38
6368.85 6786.81
6356.14 6781.18
6342.80 6775.26
6330.12 6769.64
6317.52 6764.06
6304.84 6758.44
6291.66 6752.83
6278.06 6747.60
6264.16 6742.41
6250.09 6737.44
6236.67 6732.78
6223.37 6728.64
6209.83 6725.38
6196.68 6723.01
6188.62 6718.20
6180.57 6716.75
6176.97 6716.10
6176.91 6716.09
6176.90 6716.09
6176.89 6716.09
6176.89 6716.09
6176.89 6716.09
6176.89 6716.09
6176.89 6716.09
6176.89 6716.09
6176.89 6716.09
6175.09 6715.78
6171.62 6715.21
6165.85 6714.25
6158.11 6713.01
6147.94 6711.50
6136.47 6709.79
6122.98 6707.78
6108.27 6708.94
6094.10 6706.83
6079.89 6704.71
6066.02 6702.65
6051.68 6700.52
6037.83 6698.46
6023.54 6696.34
6009.62 6694.29
5995.48 6692.22
5980.83 6689.74
5967.66 6684.82
5954.54 6679.78
5941.38 6674.49
5927.88 6668.90
5914.34 6663.25
5900.67 6657.54
5886.97 6651.85
5873.76 6646.37
5860.99 6641.08
5847.36 6635.51
5833.75 6629.83
5819.86 6624.32
5806.25 6618.69
5791.17 6616.42
5778.03 6611.61
5764.49 6606.05
5751.62 6600.88
5740.24 6593.17
5729.83 6589.34
5723.64 6587.05
5721.63 6586.31
5721.17 6586.14
5720.98 6586.07
5720.96 6586.07
5720.96 6586.07
5720.96 6586.07
5720.96 6586.07
5720.96 6586.07
5720.96 6586.07
5720.96 6586.07
5720.96 6586.07
5720.96 6586.07
5720.96 6586.07
5720.96 6586.07
5720.96 6586.07
5720.96 6586.07
5720.96 6586.07
5720.96 6586.07
5720.96 6586.07
5720.96 6586.07
5720.96 6586.07
5720.96 6586.07
5720.96 6586.07
5720.96 6586.07
5720.96 6586.07
5720.96 6586.07
5720.96 6586.07
5720.96 6586.07
5720.96 6586.07
5720.96 6586.07
5720.96 6586.07
5720.96 6586.07
5720.96 6586.07
5720.96 6586.07
5720.96 6586.07
5720.96 6586.07
5720.96 6586.07
5720.96 6586.07
5720.96 6586.07
5720.96 6586.07
5720.96 6586.07
5720.96 6586.07
5720.96 6586.07
5720.96 6586.07
5720.96 6586.07
5720.96 6586.07
5720.96 6586.07
5720.96 6586.07
5720.96 6586.07
5720.96 6586.07
5720.96 6586.07
5720.96 6586.07
5720.96 6586.07
5719.12 6585.36
5715.08 6583.76
5708.84 6581.29
5706.79 6580.48
5703.51 6579.15
5698.16 6576.85
5690.68 6573.65
5681.03 6569.51
5669.76 6564.67
5656.09 6558.93
5643.14 6553.79
5629.74 6548.48
5614.97 6546.17
5601.25 6540.71
5587.68 6535.33
5574.54 6530.13
5561.52 6524.95
5551.84 6521.10
5545.94 6518.76
5543.90 6517.95
5543.58 6517.83
5543.47 6517.78
5543.46 6517.78
5543.46 6517.78
5543.45 6517.78
5543.45 6517.78
5543.45 6517.78
5543.45 6517.78
5543.45 6517.78
5543.45 6517.78
5543.45 6517.78
5543.45 6517.78
5543.45 6517.78
5543.45 6517.78
5543.45 6517.78
5543.45 6517.78
5543.45 6517.78
5543.45 6517.78
5543.45 6517.78
5543.45 6517.78
5543.45 6517.78
5543.45 6517.78
5543.45 6517.78
5543.45 6517.78
5543.45 6517.78
5543.45 6517.78
5543.45 6517.78
5543.45 6517.78
5543.45 6517.78
5543.45 6517.78
5543.45 6517.78
5543.45 6517.78
5543.45 6517.78
5543.45 6517.78
5543.45 6517.78
5543.45 6517.78
5543.45 6517.78
5543.45 6517.78
5543.45 6517.78
5543.45 6517.78
5543.45 6517.78
5543.45 6517.78
5543.45 6517.78
5543.45 6517.78
5543.45 6517.78
5543.13 6517.65
5541.78 6517.12
5539.44 6516.19
5535.09 6514.46
5528.57 6511.82
5519.73 6508.22
5508.98 6503.39
5496.43 6497.10
5483.32 6490.53
5469.68 6484.62
5455.80 6479.55
5441.97 6474.70
5428.89 6467.12
5415.41 6464.12
5400.57 6462.07
5386.76 6460.40
5372.68 6459.01
5357.75 6457.59
5343.15 6456.14
5328.98 6454.92
5314.33 6453.43
5300.33 6451.96
5286.47 6450.51
5273.10 6449.08
5260.43 6447.69
5252.24 6446.79
5248.44 6446.37
5245.82 6446.08
5245.30 6446.02
5245.21 6446.01
5245.13 6446.00
5245.10 6446.00
5245.10 6446.00
5245.09 6446.00
5245.09 6446.00
5245.09 6446.00
5245.09 6446.00
5245.09 6446.00
5244.32 6445.91
5241.22 6445.57
5237.48 6445.16
5232.78 6444.65
5226.94 6444.00
5218.80 6443.11
5208.71 6442.02
5196.78 6440.72
5183.37 6439.30
5169.83 6438.01
5156.66 6436.75
5142.17 6435.08
5128.72 6433.58
5115.74 6432.15
5102.16 6430.66
5088.21 6429.16
5075.39 6427.77
5063.37 6426.49
5049.64 6425.07
5036.72 6423.75
5023.67 6422.42
5011.21 6421.14
4997.20 6419.71
4983.76 6418.56
4970.38 6417.67
4956.36 6416.74
4942.48 6415.58
4929.87 6413.89
4920.72 6412.67
4915.22 6411.93
4913.62 6411.72
4912.48 6411.57
4911.93 6411.49
4911.89 6411.49
4911.88 6411.49
4911.88 6411.49
4911.88 6411.49
4911.88 6411.49
4911.88 6411.49
4911.88 6411.49
4911.88 6411.49
4911.88 6411.49
4911.88 6411.49
4911.88 6411.49
4911.88 6411.49
4911.88 6411.49
4911.88 6411.49
4911.88 6411.49
4911.88 6411.49
4911.88 6411.49
4911.88 6411.49
4911.88 6411.49
4911.88 6411.49
4911.88 6411.49
4911.88 6411.49
4911.88 6411.49
4911.88 6411.49
4911.88 6411.49
4911.88 6411.49
4911.88 6411.49
4911.88 6411.49
4911.88 6411.49
4911.88 6411.49
4911.88 6411.49
4911.88 6411.49
4911.88 6411.49
4911.88 6411.49
4911.88 6411.49
4911.88 6411.49
4911.88 6411.49
4911.88 6411.49
4911.88 6411.49
4911.88 6411.49
4911.88 6411.49
4911.88 6411.49
4911.88 6411.49
4911.88 6411.49
4911.88 6411.49
4911.88 6411.49
4910.45 6411.29
4908.44 6411.03
4904.15 6410.45
4898.00 6409.63
4890.45 6408.52
4880.47 6407.01
4869.14 6405.29
4855.63 6402.90
4841.22 6400.27
4828.33 6397.92
4815.61 6396.08
4802.21 6394.12
4787.86 6391.67
4774.71 6389.53
4761.67 6387.45
4748.25 6385.32
4735.32 6383.12
4721.98 6381.24
4709.28 6379.75
4696.37 6377.45
4683.14 6374.31
4670.56 6368.83
4658.21 6363.14
4646.97 6355.53
4636.70 6347.83
4625.28 6340.05
4614.67 6332.84
4602.91 6324.82
4592.72 6317.13
4584.12 6310.64
4578.42 6306.34
4572.65 6300.07
4574.28 6290.24
4573.30 6278.08
4571.20 6264.61
4570.32 6250.34
4571.94 6235.75
4573.59 6220.97
4575.16 6206.82
4576.81 6191.99
4578.59 6177.59
4581.15 6164.11
4583.26 6153.02
4584.77 6145.11
4585.43 6141.62
4585.57 6140.90
4585.58 6140.82
4585.58 6140.81
4585.58 6140.81
4585.58 6140.81
4585.58 6140.81
4585.58 6140.81
4585.58 6140.81
4585.58 6140.81
4585.58 6140.81
4585.58 6140.81
4585.58 6140.81
4585.58 6140.81
4585.58 6140.81
4585.58 6140.81
4585.58 6140.81
4585.58 6140.81
4585.58 6140.81
4585.58 6140.81
4585.90 6139.14
4586.68 6135.03
4586.89 6133.94
4587.10 6132.57
4587.60 6128.68
4587.95 6122.17
4587.46 6113.79
4586.31 6103.02
4584.03 6089.94
4581.50 6075.36
4579.10 6061.56
4576.65 6047.47
4572.59 6034.08
4567.28 6021.11
4562.24 6008.14
4555.66 5995.56
4546.68 5983.84
4536.34 5973.29
4526.25 5963.01
4519.31 5955.94
4515.59 5951.50
4517.58 5945.12
4524.95 5939.23
4533.55 5931.16
4541.29 5920.52
4549.18 5908.11
4557.75 5897.29
4559.52 5887.67
4547.31 5880.02
4538.37 5874.41
4532.71 5870.87
4531.33 5863.22
4533.99 5853.02
4529.25 5841.51
4535.70 5830.44
4545.14 5820.17
4553.08 5809.37
4557.19 5796.02
4557.89 5784.99
4547.74 5774.25
4537.96 5763.91
4528.22 5753.60
4518.22 5743.02
4508.39 5732.62
4498.73 5722.41
4488.98 5711.52
4480.01 5699.76
4471.10 5688.09
4462.44 5676.74
4454.04 5665.74
4444.97 5653.85
4436.35 5642.16
4428.74 5630.25
4421.09 5617.76
4413.89 5606.02
4405.00 5595.17
4393.55 5585.75
4382.21 5576.41
4370.66 5566.90
4359.35 5557.60
4348.58 5548.73
4337.36 5539.49
4324.33 5535.79
4309.61 5533.93
4295.62 5532.15
4281.41 5530.35
4267.19 5528.55
4255.84 5527.11
4248.72 5526.21
4246.06 5525.87
