3309.08 7300.22
3307.26 7302.44
3303.81 7306.66
3298.78 7312.80
3292.60 7320.18
3284.18 7329.36
3274.87 7339.50
3265.29 7349.93
3256.21 7359.83
3261.37 7370.59
3269.16 7377.91
3274.67 7383.08
3279.83 7390.67
3273.45 7400.13
3264.69 7410.32
3269.22 7421.38
3278.04 7431.68
3287.19 7442.38
3296.58 7453.36
3305.28 7463.52
3314.26 7474.02
3323.60 7484.92
3332.99 7495.49
3342.77 7505.06
3352.59 7514.67
3362.23 7524.10
3372.22 7533.88
3382.09 7543.54
3392.15 7553.73
3401.79 7564.35
3410.56 7574.11
3420.33 7584.98
3429.36 7595.02
3436.06 7605.69
3429.31 7616.54
3419.47 7625.93
3409.81 7635.14
3400.01 7644.90
3392.39 7656.40
3387.97 7667.83
3399.52 7674.17
3411.95 7680.88
3423.69 7687.22
3436.08 7693.91
3448.70 7700.72
3461.54 7707.66
3473.57 7714.15
3485.63 7720.65
3497.41 7727.01
3509.09 7733.32
3521.56 7740.05
3530.08 7744.65
3534.77 7747.18
3541.41 7751.92
3539.90 7761.63
3532.23 7771.89
3525.77 7786.05
3515.80 7799.39
3505.88 7812.67
3496.07 7825.80
3486.18 7839.80
3476.63 7854.27
3467.30 7868.42
3461.44 7884.32
3457.81 7900.80
3458.21 7916.59
3460.46 7932.37
3466.84 7946.60
3477.41 7960.57
3487.95 7974.48
3496.95 7986.37
3503.23 7994.67
3506.77 7999.40
3512.55 8005.60
3522.55 8004.84
3534.26 8001.72
3546.94 7998.28
3560.99 7994.32
3574.86 7990.42
3588.13 7986.63
3601.73 7983.10
3614.39 7979.66
3627.90 7975.72
3641.64 7971.71
3654.23 7968.04
3667.40 7964.25
3681.08 7960.53
3693.91 7957.23
3707.59 7953.83
3721.20 7950.94
3735.10 7948.04
3748.52 7945.01
3753.95 7935.06
3760.91 7922.09
3773.26 7913.34
3787.84 7910.67
3802.19 7913.94
3813.67 7923.06
3823.36 7928.52
3837.41 7925.10
3850.66 7921.87
3862.19 7919.06
3874.32 7916.10
3885.58 7913.36
3897.70 7910.41
3909.53 7907.53
3921.02 7904.73
3931.65 7902.14
3938.27 7897.35
3938.21 7886.92
3942.97 7874.38
3949.65 7866.32
3959.61 7860.23
3971.91 7857.80
3983.43 7859.57
3992.71 7864.30
4001.25 7873.23
4008.18 7875.10
4021.03 7871.51
4034.07 7867.89
4046.86 7864.37
4059.58 7860.86
4072.71 7857.23
4086.69 7853.38
4099.94 7849.72
4112.39 7846.29
4125.14 7846.20
4139.19 7842.32
4152.09 7838.76
4165.11 7835.17
4179.08 7831.31
4192.81 7827.52
4205.65 7823.98
4218.64 7820.40
4231.80 7816.77
4245.17 7813.09
4258.53 7809.59
4272.45 7806.29
4286.62 7802.87
4300.65 7799.48
4313.97 7796.26
4327.49 7792.99
4341.21 7789.68
4354.45 7786.48
4367.72 7783.27
4381.53 7779.94
4395.58 7776.54
4408.60 7773.38
4422.58 7769.99
4436.23 7766.68
4449.24 7760.13
4462.92 7756.79
4476.99 7753.28
4490.19 7750.18
4503.11 7747.07
4516.91 7743.40
4530.71 7739.73
4543.90 7736.22
4557.10 7732.78
4570.79 7729.25
4583.51 7726.03
4597.04 7722.60
4610.23 7719.26
4624.13 7715.74
4637.47 7712.37
4651.07 7708.93
4663.92 7705.63
4677.76 7702.00
4690.47 7698.66
4704.40 7695.00
4717.39 7691.59
4731.36 7687.92
4744.38 7684.50
4757.93 7681.00
4770.69 7677.70
4783.82 7674.31
4797.28 7670.83
4811.18 7667.24
4825.25 7663.54
4838.79 7659.95
4852.54 7656.31
4866.49 7652.62
4879.82 7649.09
4893.10 7645.58
4906.11 7642.14
4920.19 7638.41
4932.94 7634.71
4946.16 7630.60
4959.18 7627.02
4972.09 7623.50
4985.74 7620.51
4999.81 7617.42
5012.58 7617.83
5026.67 7614.39
5039.60 7611.24
5052.52 7608.09
5065.38 7604.95
5078.54 7601.75
5092.22 7598.41
5105.85 7595.08
5118.83 7591.92
5131.96 7588.44
5145.30 7584.63
5158.63 7580.81
5172.22 7576.92
5185.70 7573.06
5199.03 7569.24
5212.45 7565.40
5226.33 7561.42
5238.62 7554.56
5251.58 7551.06
5264.55 7547.47
5278.32 7543.86
5292.12 7540.39
5305.91 7536.74
5319.73 7533.08
5332.51 7529.69
5345.40 7526.28
5358.87 7522.72
5372.88 7519.02
5386.29 7515.47
5399.78 7511.90
5413.22 7508.35
5427.04 7504.69
5441.00 7501.09
5454.83 7497.55
5467.58 7494.20
5480.92 7490.70
5494.95 7487.01
5508.21 7483.53
5521.23 7480.13
5533.98 7476.86
5547.13 7473.47
5560.98 7469.91
5574.88 7466.33
5584.58 7463.84
5594.41 7461.31
5599.88 7459.90
5602.05 7462.75
5605.52 7461.85
5605.95 7461.74
5606.81 7464.94
5607.20 7464.83
5607.27 7464.82
5607.30 7464.81
5607.30 7464.81
5607.30 7464.81
5607.30 7464.81
5607.30 7464.81
5607.30 7464.81
5607.30 7464.81
5607.30 7464.81
5607.30 7464.81
5607.30 7464.81
5607.30 7464.81
5607.30 7464.81
5607.30 7464.81
5607.30 7464.81
5607.30 7464.81
5607.30 7464.81
5607.30 7464.81
5607.30 7464.81
5607.30 7464.81
5607.30 7464.81
5607.30 7464.81
5607.30 7464.81
5607.30 7464.81
5607.30 7464.81
5607.30 7464.81
5607.30 7464.81
5607.30 7464.81
5607.76 7464.69
5610.60 7463.96
5615.86 7462.61
5622.64 7460.86
5631.12 7458.65
5641.41 7455.88
5654.53 7452.28
5667.31 7448.73
5680.36 7445.25
5694.12 7441.47
5707.34 7437.82
5718.83 7434.60
5726.95 7432.29
5732.28 7430.77
5735.92 7429.74
5736.28 7429.63
5736.32 7429.62
5736.36 7429.61
5736.37 7429.61
5736.37 7429.61
5736.37 7429.61
5736.38 7429.61
5736.38 7429.61
5736.38 7429.61
5736.38 7429.61
5736.38 7429.61
5736.38 7429.61
5736.38 7429.61
5736.38 7429.61
5736.38 7429.61
5737.17 7429.38
5739.39 7428.75
5744.23 7427.37
5751.24 7425.37
5758.21 7423.39
5766.94 7420.94
5778.55 7417.75
5791.53 7414.19
5804.25 7410.69
5817.82 7406.96
5831.38 7403.23
5844.22 7399.71
5857.44 7396.07
5871.22 7392.34
5885.02 7388.65
5898.59 7385.02
5912.09 7381.38
5925.10 7377.80
5935.44 7374.96
5941.94 7373.17
5946.40 7371.94
5947.69 7371.58
5948.30 7371.42
5948.64 7371.32
5948.67 7371.31
5948.68 7371.31
5948.68 7371.31
5948.68 7371.31
5948.68 7371.31
5948.68 7371.31
5948.68 7371.31
5948.68 7371.31
5948.68 7371.31
5948.68 7371.31
5948.68 7371.31
5948.68 7371.31
5948.68 7371.31
5948.68 7371.31
5948.68 7371.31
5948.68 7371.31
5948.68 7371.31
5948.68 7371.31
5948.68 7371.31
5948.68 7371.31
5948.68 7371.31
5948.68 7371.31
5948.68 7371.31
5948.68 7371.31
5948.68 7371.31
5950.10 7370.92
5954.25 7369.78
5959.17 7368.43
5966.57 7366.36
5975.75 7363.77
5986.80 7360.62
5999.32 7357.12
6013.21 7353.81
6026.81 7350.57
6040.28 7347.07
6054.05 7343.44
6067.18 7340.12
6080.98 7336.42
6093.62 7332.95
6107.58 7329.09
6120.23 7325.54
6134.06 7321.66
6148.06 7317.76
6161.09 7314.42
6174.13 7311.09
6188.02 7307.44
6201.75 7303.61
6215.11 7300.02
6228.49 7296.62
6241.31 7292.93
6254.75 7288.93
6268.28 7284.90
6282.31 7281.04
6295.86 7277.37
6306.26 7274.56
6312.71 7272.81
6314.82 7272.24
6315.18 7272.14
6315.30 7272.11
6315.32 7272.11
6315.33 7272.10
6315.33 7272.10
6315.33 7272.10
6315.33 7272.10
6315.33 7272.10
6315.33 7272.10
6315.33 7272.10
6315.33 7272.10
6315.33 7272.10
6315.33 7272.10
6315.33 7272.10
6315.33 7272.10
6315.33 7272.10
6315.33 7272.10
6315.33 7272.10
6315.33 7272.10
6315.33 7272.10
6315.33 7272.10
6315.33 7272.10
6315.33 7272.10
6315.33 7272.10
6315.33 7272.10
6315.33 7272.10
6315.33 7272.10
6315.33 7272.10
6315.33 7272.10
6315.33 7272.10
6315.33 7272.10
6315.33 7272.10
6315.33 7272.10
6315.33 7272.10
6315.33 7272.10
6315.33 7272.10
6315.33 7272.10
6315.33 7272.10
6315.33 7272.10
6315.33 7272.10
6315.33 7272.10
6315.33 7272.10
6315.33 7272.10
6315.33 7272.10
6315.33 7272.10
6315.33 7272.10
6315.33 7272.10
6315.33 7272.10
6315.33 7272.10
6315.33 7272.10
6315.33 7272.10
6315.33 7272.10
6315.33 7272.10
6315.33 7272.10
6315.33 7272.10
6315.33 7272.10
6317.05 7271.64
6321.30 7270.51
6327.77 7268.80
6336.07 7266.60
6347.20 7263.69
6359.91 7260.38
6373.34 7256.89
6386.85 7253.38
6399.95 7249.97
6413.06 7246.56
6425.96 7243.20
6440.01 7239.55
6453.16 7236.13
6464.91 7233.07
6472.29 7231.15
6475.52 7230.31
6475.83 7230.23
6475.93 7230.21
6475.95 7230.20
6475.95 7230.20
6475.96 7230.20
6475.96 7230.20
6475.96 7230.20
6475.96 7230.20
6475.96 7230.20
6475.96 7230.20
6475.96 7230.20
6475.96 7230.20
6475.96 7230.20
6475.96 7230.20
6475.96 7230.20
6475.96 7230.20
6475.96 7230.20
6475.96 7230.20
6475.96 7230.20
6475.96 7230.20
6475.96 7230.20
6475.96 7230.20
6475.96 7230.20
6475.96 7230.20
6475.96 7230.20
6475.96 7230.20
6475.96 7230.20
6475.96 7230.20
6475.96 7230.20
6475.96 7230.20
6475.96 7230.20
6475.96 7230.20
6475.96 7230.20
6475.96 7230.20
6475.96 7230.20
6475.96 7230.20
6475.96 7230.20
6475.96 7230.20
6475.96 7230.20
6475.96 7230.20
6475.96 7230.20
6476.80 7229.98
6479.99 7229.15
6484.33 7228.02
6485.13 7227.81
6485.78 7227.62
6486.32 7227.46
6486.44 7227.43
6486.52 7227.40
6486.53 7227.40
6486.54 7227.40
6488.39 7226.84
6490.82 7226.00
6492.27 7225.44
6492.49 7225.36
6492.62 7225.31
6492.65 7225.30
6492.66 7225.29
6492.66 7225.29
6492.66 7225.29
6492.66 7225.29
6492.66 7225.29
6492.66 7225.29
6492.66 7225.29
6492.66 7225.29
6494.46 7224.60
6497.85 7223.30
6503.65 7221.08
6511.14 7218.21
6519.89 7213.97
6529.91 7207.87
6541.74 7200.66
6553.68 7193.40
6562.69 7187.92
6568.46 7185.26
6570.26 7185.49
6570.46 7185.66
6570.47 7185.66
6572.19 7187.23
6574.71 7191.67
6577.60 7198.68
6581.67 7207.51
6586.85 7218.72
6593.28 7232.64
6600.42 7248.11
6610.26 7261.54
6617.16 7276.48
6624.42 7292.20
6631.78 7307.51
6639.94 7322.76
6647.26 7337.17
6654.46 7353.14
6660.36 7367.03
6665.46 7383.55
6671.23 7398.52
6679.54 7415.22
6688.06 7432.35
6695.48 7441.98
6706.58 7449.15
6718.78 7457.04
6730.41 7464.39
6742.15 7471.41
6754.82 7478.57
6766.48 7485.16
6778.25 7491.81
6790.58 7499.22
6802.11 7506.34
6813.39 7513.30
6825.62 7520.85
6837.56 7528.09
6850.10 7535.39
6861.71 7542.15
6873.67 7549.10
6885.43 7555.95
6897.06 7562.27
6908.99 7567.91
6921.73 7573.93
6934.31 7579.88
6945.48 7585.14
6954.39 7588.02
6959.04 7589.52
6960.14 7589.88
6960.40 7589.97
6960.61 7590.03
6960.64 7590.04
6960.64 7590.04
6960.64 7590.04
6960.64 7590.04
6960.64 7590.04
6960.64 7590.04
6960.64 7590.04
6960.64 7590.04
6960.64 7590.04
6960.64 7590.04
6960.64 7590.04
6960.64 7590.04
6960.64 7590.04
6960.64 7590.04
6960.64 7590.04
6960.64 7590.04
6960.64 7590.04
6960.64 7590.04
6960.64 7590.04
6960.64 7590.04
6960.64 7590.04
6960.64 7590.04
6960.64 7590.04
6960.64 7590.04
6960.64 7590.04
6960.64 7590.04
6960.64 7590.04
6960.64 7590.04
6960.64 7590.04
6960.64 7590.04
6960.64 7590.04
6960.64 7590.04
6960.64 7590.04
6960.64 7590.04
6960.64 7590.04
6960.64 7590.04
6960.64 7590.04
6960.64 7590.04
6960.64 7590.04
6960.64 7590.04
6962.52 7590.62
6966.71 7591.83
6972.71 7593.57
6980.59 7595.85
6990.54 7598.63
7002.18 7601.55
7015.45 7604.87
7028.72 7608.20
7042.28 7611.60
7056.37 7614.75
7070.15 7617.25
7084.00 7619.75
7096.92 7622.09
7110.36 7624.53
7124.20 7627.03
7137.13 7629.37
7150.87 7631.86
7165.10 7634.43
7179.09 7636.93
7193.33 7639.45
7206.34 7641.75
7220.31 7644.20
7233.81 7646.57
7247.53 7649.01
7261.07 7651.53
7274.08 7653.96
7287.85 7656.52
7300.98 7658.96
7314.87 7661.55
7328.19 7664.03
7342.33 7666.67
7356.24 7669.26
7370.02 7671.82
7383.79 7674.38
7396.87 7676.82
7411.19 7679.49
7425.50 7682.15
7439.33 7684.73
7452.85 7687.24
7465.87 7689.67
7479.10 7692.13
7492.85 7694.69
7506.75 7697.28
7521.00 7699.94
7533.97 7702.35
7547.08 7704.79
7560.12 7707.22
7573.78 7709.81
7587.12 7712.34
7600.56 7714.90
7614.90 7717.62
7628.53 7720.21
7641.46 7722.66
7655.48 7725.33
7668.75 7727.85
7682.24 7730.57
7696.19 7733.39
7709.07 7736.00
7723.27 7738.87
7736.72 7741.60
7749.76 7744.24
7763.48 7747.02
7776.67 7749.69
7790.82 7752.55
7803.69 7755.22
7817.50 7758.41
7830.35 7761.38
7843.96 7764.52
7857.60 7767.68
7870.68 7770.70
7882.26 7772.31
7895.49 7772.60
7908.49 7775.12
7922.00 7777.75
7934.99 7780.28
7948.76 7782.95
7962.79 7785.68
7977.23 7788.02
7991.23 7790.20
8005.47 7792.42
8018.64 7794.48
8031.73 7797.14
8045.14 7800.80
8058.95 7804.58
8072.36 7808.24
8085.75 7811.47
8098.98 7813.95
8112.50 7816.49
8125.51 7818.93
8138.98 7821.46
8152.36 7823.97
8165.29 7826.39
8177.71 7832.06
8191.88 7834.62
8205.63 7837.49
8219.04 7840.92
8232.08 7844.30
8244.93 7847.64
8258.35 7851.12
8272.96 7851.50
8286.43 7854.99
8300.04 7858.52
8313.12 7861.93
8327.15 7865.78
8340.44 7869.43
8353.73 7873.09
8367.71 7876.93
8380.36 7880.47
8394.30 7884.54
8407.21 7888.47
8419.81 7892.38
8433.67 7896.70
8446.81 7900.78
8460.48 7905.04
8473.67 7909.14
8486.48 7913.12
8499.90 7917.30
8513.40 7921.50
8526.93 7925.94
8539.96 7930.57
8552.60 7935.10
8565.16 7939.52
8578.35 7944.17
8592.03 7948.99
8605.00 7953.56
8618.21 7958.28
8630.80 7963.24
8643.30 7968.16
8656.64 7973.42
8670.03 7978.69
8683.41 7983.96
8695.98 7988.92
8709.15 7994.10
8722.44 7999.34
8734.82 8004.88
8747.19 8010.45
8759.65 8016.06
8772.78 8021.97
8785.56 8027.72
8797.69 8033.18
8810.30 8038.86
8820.65 8043.52
8828.21 8046.93
8831.66 8048.48
8832.33 8048.78
8832.88 8049.03
8832.88 8049.03
8832.88 8049.03
8832.88 8049.03
8832.88 8049.03
8832.88 8049.03
8832.88 8049.03
8832.88 8049.03
8832.88 8049.03
8832.88 8049.03
8832.88 8049.03
8832.88 8049.03
8832.88 8049.03
8832.88 8049.03
8832.88 8049.03
8832.88 8049.03
8832.88 8049.03
8832.88 8049.03
8832.88 8049.03
8832.88 8049.03
8832.88 8049.03
8832.88 8049.03
8832.88 8049.03
8832.88 8049.03
8832.88 8049.03
8832.88 8049.03
8832.88 8049.03
8832.88 8049.03
8832.88 8049.03
8832.88 8049.03
8832.88 8049.03
8832.88 8049.03
8832.88 8049.03
8832.88 8049.03
8832.88 8049.03
8832.88 8049.03
8834.26 8049.77
8837.08 8051.37
8841.96 8054.08
8848.83 8057.52
8855.94 8061.08
8864.81 8064.99
8875.43 8069.84
8887.31 8075.48
8899.99 8081.50
8911.93 8087.16
8923.80 8092.79
8935.82 8098.97
8947.57 8105.17
8959.25 8111.33
8971.10 8117.58
8982.94 8123.90
8995.13 8130.73
9006.98 8137.60
9019.76 8144.59
9032.07 8151.32
9043.75 8157.70
9055.93 8164.36
9067.52 8170.69
9079.31 8177.75
9091.59 8185.17
9103.37 8192.29
9115.87 8199.83
9127.22 8206.69
9139.21 8213.93
9150.85 8220.96
9162.35 8227.91
9173.64 8234.72
9185.83 8242.08
9197.98 8249.42
9209.53 8257.55
9221.29 8265.96
9232.45 8273.94
9243.64 8281.93
9254.56 8289.74
9265.66 8297.68
9276.81 8305.64
9288.30 8313.85
9299.95 8322.18
9310.64 8329.82
9321.46 8337.60
9332.05 8345.38
9343.76 8353.97
9354.40 8361.78
9365.44 8370.12
9376.84 8378.82
9387.69 8387.11
9399.15 8396.02
9409.63 8404.45
9420.16 8412.94
9431.43 8422.02
9442.32 8430.80
9453.42 8439.74
9464.37 8448.76
9474.66 8457.35
9485.68 8466.56
9496.16 8475.41
9506.21 8483.89
9516.68 8492.67
9527.06 8501.48
9537.74 8510.80
9547.88 8519.69
9554.60 8525.65
9557.91 8528.65
9558.65 8529.33
9558.79 8529.45
9558.82 8529.48
9558.83 8529.49
9558.84 8529.50
9558.84 8529.50
9558.84 8529.50
9558.84 8529.50
9558.84 8529.50
9558.84 8529.50
9558.84 8529.50
9558.84 8529.50
9558.84 8529.50
9558.84 8529.50
9558.84 8529.50
9558.84 8529.50
9558.84 8529.50
9558.84 8529.50
9558.84 8529.50
9558.84 8529.50
9558.84 8529.50
9558.84 8529.50
9558.84 8529.50
9558.84 8529.50
9558.84 8529.50
9558.84 8529.50
9558.84 8529.50
9558.84 8529.50
9558.84 8529.50
9558.84 8529.50
9558.84 8529.50
9558.84 8529.50
9558.84 8529.50
9558.84 8529.50
9558.84 8529.50
9558.84 8529.50
9558.84 8529.50
9558.84 8529.50
9558.84 8529.50
9558.84 8529.50
9558.84 8529.50
9560.93 8531.39
9564.95 8535.00
9570.62 8540.08
9577.86 8546.40
9586.79 8554.20
9597.65 8563.68
9608.49 8573.14
9618.70 8582.05
9629.14 8591.17
9639.87 8600.76
9650.61 8610.38
9661.46 8620.09
9671.98 8629.50
9682.49 8638.03
9693.07 8646.62
9703.41 8655.02
9714.06 8664.09
9724.62 8673.32
9735.07 8682.46
9745.57 8691.63
9756.44 8701.14
9767.36 8710.54
9777.75 8719.46
9788.38 8728.60
9799.41 8738.07
9810.10 8747.24
9820.44 8756.11
9830.79 8764.97
9841.80 8774.41
9852.38 8783.46
9863.10 8792.77
9873.68 8802.03
9884.14 8811.18
9895.07 8820.74
9905.23 8829.68
9916.10 8839.27
9926.34 8848.52
9936.72 8858.28
9947.64 8867.91
9957.99 8877.12
9965.65 8883.98
9970.05 8887.72
9971.28 8888.76
9971.80 8889.20
9971.96 8889.34
9971.98 8889.36
9971.99 8889.37
9972.00 8889.37
9972.00 8889.37
9972.00 8889.37
9972.00 8889.37
9972.00 8889.37
9972.00 8889.37
9972.00 8889.37
9972.00 8889.37
9972.00 8889.37
9972.00 8889.37
9972.00 8889.37
9972.00 8889.37
9972.00 8889.37
9972.00 8889.37
9972.00 8889.37
9972.00 8889.37
9972.00 8889.37
9972.00 8889.37
9972.00 8889.37
9972.00 8889.37
9972.00 8889.37
9972.00 8889.37
9972.00 8889.37
9973.87 8890.73
9977.49 8888.88
9980.83 8882.98
9985.42 8874.88
9988.48 8863.56
9988.42 8850.12
9982.96 8840.61
9975.85 8826.55
9984.19 8813.70
9994.57 8807.59
9995.53 8792.77
9996.56 8776.31
9992.96 8760.49
9988.90 8743.52
9985.10 8727.26
9981.34 8711.15
9977.38 8694.17
9973.73 8678.51
9967.57 8663.39
9959.07 8648.36
9950.87 8633.90
9941.87 8620.31
9932.25 8606.12
9922.76 8591.81
9913.49 8577.84
9904.54 8564.20
9897.46 8553.29
9892.83 8546.16
9891.12 8542.47
9891.04 8542.24
