6578.35 5491.52
6579.85 5491.15
6583.15 5490.35
6588.47 5489.05
6595.87 5487.24
6604.97 5485.01
6615.54 5482.42
6627.93 5479.39
6639.06 5476.67
6645.82 5475.01
6653.93 5472.66
6645.98 5470.54
6632.68 5469.95
6618.45 5469.32
6604.45 5468.71
6591.04 5468.11
6577.55 5467.52
6562.91 5466.87
6548.97 5466.25
6535.43 5465.66
6521.99 5465.06
6507.89 5464.44
6493.78 5463.82
6480.37 5463.22
6467.02 5462.63
6452.45 5461.99
6438.20 5461.36
6423.99 5460.72
6409.59 5460.08
6396.21 5459.43
6382.42 5457.64
6369.10 5455.91
6355.80 5454.71
6341.53 5453.87
6328.07 5453.08
6313.69 5452.23
6299.21 5451.38
6286.03 5449.84
6279.88 5439.94
6277.74 5425.97
6275.56 5412.51
6273.28 5399.10
6270.97 5385.04
6268.79 5371.43
6266.44 5357.36
6263.99 5343.74
6261.70 5330.18
6259.42 5316.27
6257.46 5302.75
6255.38 5288.45
6253.41 5275.10
6251.25 5260.75
6249.14 5246.75
6247.09 5233.12
6244.97 5219.03
6242.89 5205.15
6240.84 5191.54
6238.71 5177.37
6236.60 5163.34
6234.60 5149.98
6232.47 5135.65
6230.69 5123.65
6229.43 5115.18
6229.62 5110.91
6230.14 5109.92
6230.20 5109.84
6230.21 5109.82
6230.21 5109.81
6230.21 5109.81
6230.21 5109.81
6230.21 5109.81
6230.21 5109.81
6230.21 5109.81
6230.21 5109.81
6230.27 5109.74
6231.16 5108.42
6233.86 5105.83
6238.78 5102.67
6245.74 5099.23
6254.80 5094.79
6264.39 5087.59
6275.01 5079.25
6285.52 5070.86
6296.21 5062.32
6307.21 5053.54
6318.35 5044.64
6329.00 5036.14
6339.74 5027.56
6351.03 5018.60
6359.62 5007.73
6370.71 4999.14
6381.65 4990.56
6392.94 4981.31
6403.98 4972.15
6414.76 4963.22
6425.33 4954.46
6436.49 4945.34
6446.79 4936.73
6458.02 4927.39
6469.08 4918.25
6479.62 4908.75
6489.62 4899.12
6500.14 4889.03
6513.23 4881.70
6523.17 4872.65
6534.55 4863.91
6545.37 4855.94
6557.25 4849.10
6568.85 4842.51
6580.84 4836.24
6593.78 4830.24
6606.62 4824.28
6619.40 4818.00
6632.39 4811.70
6645.23 4805.81
6657.67 4800.21
6670.40 4794.47
6683.45 4788.59
6695.90 4782.98
6708.70 4777.86
6722.13 4773.21
6736.11 4768.93
6749.76 4764.35
6763.52 4759.68
6776.20 4755.16
6786.45 4745.50
6783.28 4732.17
6788.96 4720.60
6799.26 4712.42
6813.03 4716.24
6821.49 4727.72
6823.09 4740.54
6834.71 4743.84
6843.08 4733.39
6852.15 4721.99
6860.51 4711.48
6868.85 4701.00
6877.17 4690.54
6886.05 4679.59
6895.41 4669.30
6904.93 4659.26
6914.83 4649.14
6924.85 4639.55
6935.40 4629.39
6945.32 4619.82
6956.48 4610.26
6967.14 4601.76
6978.67 4592.75
6990.39 4584.22
7001.84 4577.11
7014.84 4572.22
7028.12 4568.89
7041.81 4565.45
7055.62 4561.90
7069.42 4558.34
7082.47 4554.98
7095.72 4551.57
7109.04 4548.14
7122.33 4544.72
7135.88 4541.24
7149.10 4537.83
7162.99 4534.26
7176.38 4530.81
7189.70 4527.38
7203.15 4524.11
7217.52 4521.53
7231.57 4519.04
7245.84 4518.78
7260.30 4518.90
7274.79 4520.12
7288.20 4518.95
7299.60 4512.13
7309.29 4502.48
7316.46 4491.18
7323.89 4479.48
7331.42 4467.61
7338.49 4456.22
7345.66 4444.13
7353.06 4431.65
7360.45 4419.18
7367.52 4406.62
7374.00 4393.71
7379.70 4381.08
7385.09 4368.04
7389.59 4354.91
7395.56 4342.88
7397.54 4328.63
7398.30 4314.21
7397.51 4299.65
7395.63 4285.60
7392.46 4272.57
7387.58 4259.45
7381.16 4246.87
7374.72 4233.74
7368.98 4220.80
7366.52 4207.65
7368.26 4193.69
7370.02 4180.35
7372.12 4169.26
7373.64 4161.23
7375.32 4149.13
7368.06 4139.13
7355.56 4133.01
7346.92 4121.36
7341.23 4108.72
7339.35 4094.51
7340.55 4080.10
7346.16 4067.23
7352.09 4054.24
7362.02 4043.88
7375.12 4036.42
7389.19 4033.24
7404.03 4033.18
7417.63 4036.61
7428.06 4038.12
7432.45 4041.19
7438.50 4046.02
7445.15 4053.73
7453.75 4062.77
7466.15 4056.40
7478.78 4050.50
7491.65 4044.50
