5223.90 5494.30
5222.33 5492.73
5219.25 5489.67
5215.23 5485.66
5209.76 5480.22
5202.87 5473.35
5194.88 5465.39
5186.08 5456.63
5179.75 5450.32
5176.34 5446.21
5178.42 5439.40
5185.20 5433.00
5193.44 5425.22
5202.80 5416.39
5212.06 5407.64
5221.03 5399.17
5230.79 5389.96
5240.22 5381.05
5249.80 5372.01
5257.80 5364.46
5262.52 5360.01
5269.88 5356.76
5277.57 5364.26
5285.96 5374.23
5294.55 5384.43
5303.14 5394.63
5311.56 5404.64
5320.14 5414.84
5328.30 5424.53
5338.10 5433.13
5348.73 5440.76
5359.17 5448.25
5369.41 5455.61
5379.70 5463.00
5390.65 5467.70
5403.29 5467.79
5415.56 5467.87
5427.94 5467.96
5440.44 5468.04
5451.96 5461.79
5462.29 5454.72
5472.80 5447.55
5481.71 5438.34
5489.91 5427.78
5497.55 5417.92
5505.45 5407.73
5513.00 5398.00
5520.57 5388.25
5528.83 5377.59
5536.35 5367.90
5543.95 5357.90
5552.51 5348.82
5561.14 5339.67
5569.43 5330.04
5577.60 5320.55
5586.08 5310.70
5594.65 5300.76
5602.90 5291.18
5611.15 5281.60
5619.35 5272.07
5628.16 5262.14
5636.71 5253.22
5645.32 5244.44
5654.56 5235.03
5663.38 5225.43
5672.35 5216.47
5681.32 5207.50
5690.60 5198.09
5699.48 5188.92
5707.51 5180.61
5712.41 5175.55
5719.32 5169.53
5728.95 5171.07
5739.70 5177.90
5751.70 5185.52
5765.29 5194.15
5778.28 5202.40
5791.92 5210.45
5805.69 5217.54
5820.13 5224.55
5834.73 5231.01
5849.11 5237.37
5863.01 5243.52
5877.53 5249.94
5892.11 5256.39
5908.79 5259.23
5923.30 5263.66
5937.76 5268.07
5953.11 5272.76
5967.69 5277.21
5983.04 5281.90
5996.93 5289.58
6011.93 5294.17
6026.58 5299.60
6038.33 5308.09
6044.16 5322.13
6050.30 5335.84
6054.41 5350.33
6058.64 5365.60
6062.85 5380.82
6068.02 5395.28
6076.52 5408.55
6090.07 5417.00
6104.97 5422.07
6119.67 5427.06
6134.89 5432.21
6149.81 5437.27
6164.73 5442.33
6179.23 5447.25
6194.54 5452.76
6209.56 5457.93
6225.09 5462.37
6240.43 5466.40
6254.23 5470.02
6264.19 5472.64
6269.77 5474.10
6276.92 5476.13
6285.53 5479.19
6295.16 5487.36
6296.68 5499.92
6298.21 5512.54
6299.85 5524.94
6301.96 5538.01
6303.98 5550.55
6311.42 5556.34
6323.50 5553.31
6336.53 5549.96
6348.44 5547.35
6356.94 5545.70
6363.36 5551.99
6363.73 5564.44
6364.12 5577.40
6364.51 5590.67
6364.90 5603.69
6365.25 5615.42
6365.46 5622.65
6368.48 5629.56
6379.69 5632.60
6392.20 5632.27
6406.43 5631.89
6422.04 5631.67
6437.26 5632.08
6452.31 5633.19
6467.85 5633.31
6483.93 5633.16
6499.22 5633.02
6514.86 5632.87
6530.13 5632.73
6546.02 5632.58
6561.94 5632.44
6577.76 5632.29
6593.61 5633.98
6608.74 5638.26
6623.55 5642.44
6639.13 5646.89
6654.48 5651.29
6669.24 5655.54
6684.43 5659.91
6699.74 5664.32
6714.08 5668.45
6729.22 5672.82
6743.80 5676.95
6758.35 5680.98
6773.96 5685.30
6789.25 5689.54
6803.87 5693.59
6818.83 5697.74
6833.18 5698.72
6848.39 5700.19
6862.88 5704.89
6878.01 5709.81
6893.36 5714.79
6907.89 5719.50
6922.92 5724.37
6937.36 5729.05
6951.91 5733.77
6966.29 5738.43
6981.68 5743.43
6995.92 5748.05
7010.27 5752.70
7024.61 5760.82
7040.01 5765.82
7054.81 5770.62
7070.10 5775.57
7084.86 5780.35
7099.71 5785.66
7112.86 5794.23
7125.95 5802.84
7138.51 5811.10
7152.00 5819.63
7165.21 5828.93
7177.88 5838.43
7189.94 5847.35
7202.61 5856.65
7215.14 5865.92
7228.63 5875.42
7244.92 5876.49
7260.09 5877.19
7275.23 5877.90
7290.42 5878.60
7305.67 5879.31
7321.54 5880.04
7337.51 5880.78
7350.80 5881.40
7359.60 5881.81
7364.45 5882.03
7365.99 5882.10
7366.13 5882.11
7366.18 5882.11
7366.18 5882.11
7366.18 5882.11
7366.18 5882.11
7366.18 5882.11
7366.18 5882.11
7366.18 5882.11
7366.18 5882.11
7366.18 5882.11
7366.18 5882.11
7366.18 5882.11
7366.18 5882.11
7366.18 5882.11
7366.18 5882.11
7366.18 5882.11
7366.18 5882.11
7366.18 5882.11
7366.18 5882.11
7366.18 5882.11
7366.18 5882.11
7366.18 5882.11
7366.18 5882.11
7366.18 5882.11
7366.18 5882.11
7366.18 5882.11
7366.18 5882.11
7366.18 5882.11
7366.18 5882.11
7366.18 5882.11
7366.18 5882.11
7366.18 5882.11
7366.18 5882.11
7366.18 5882.11
7366.18 5882.11
7366.18 5882.11
7366.18 5882.11
7366.18 5882.11
7366.18 5882.11
7366.18 5882.11
7366.18 5882.11
7366.18 5882.11
7366.18 5882.11
7366.18 5882.11
7366.18 5882.11
7366.18 5882.11
7366.18 5882.11
7366.18 5882.11
7367.92 5882.33
7372.11 5883.27
7378.24 5885.57
7384.78 5890.76
7390.46 5899.42
7394.80 5911.06
7395.22 5924.72
7397.90 5937.38
7400.12 5950.19
7402.39 5963.27
7404.66 5976.33
7406.93 5989.41
7409.06 6001.68
7411.27 6014.47
7413.45 6027.04
7414.96 6035.71
7415.78 6040.44
7415.94 6041.40
7415.97 6041.54
7415.97 6041.54
7415.97 6041.55
7415.97 6041.55
7415.97 6041.55
7415.97 6041.55
7415.97 6041.55
7415.97 6041.55
7415.97 6041.55
7415.97 6041.55
7419.22 6040.97
7419.22 6040.97
7419.22 6040.97
7419.22 6040.97
7419.22 6040.97
7419.22 6040.97
7422.48 6040.41
7422.48 6040.41
7422.48 6040.41
7422.48 6040.41
7422.48 6040.41
7422.48 6040.41
7422.48 6040.41
7422.48 6040.41
7422.48 6040.41
7422.48 6040.41
7422.48 6040.41
7422.79 6041.77
7424.61 6043.67
7429.49 6047.27
7435.98 6046.97
7444.00 6046.59
7454.49 6046.11
7467.48 6045.58
7481.08 6047.62
7491.32 6054.05
7502.12 6061.37
7513.11 6068.83
7523.58 6075.91
7534.07 6082.77
7544.83 6089.88
7555.89 6097.19
7566.86 6104.44
7577.12 6111.22
7588.04 6118.44
7600.13 6123.45
7612.57 6126.58
7624.87 6129.18
7637.48 6130.41
7650.36 6128.92
7661.78 6126.51
7669.34 6124.20
7673.86 6122.82
7674.43 6122.64
7674.67 6122.57
7674.77 6122.54
7674.78 6122.54
7674.78 6122.54
7674.78 6122.54
7674.78 6122.54
7674.78 6122.54
7674.78 6122.54
7674.78 6122.54
7674.78 6122.54
7674.78 6122.54
7674.78 6122.54
7674.78 6122.54
7674.78 6122.54
7674.78 6122.54
7674.78 6122.54
7674.78 6122.54
7674.78 6122.54
7674.78 6122.54
7674.78 6122.54
7674.78 6122.54
7674.78 6122.54
7674.78 6122.54
7674.78 6122.54
7674.78 6122.54
7674.78 6122.54
7674.78 6122.54
7674.78 6122.54
7674.78 6122.54
7674.78 6122.54
7677.12 6122.00
7681.75 6121.68
7685.85 6123.25
7689.77 6128.28
7693.89 6135.73
7696.24 6139.98
7699.48 6145.84
7702.87 6151.97
7705.19 6156.17
7708.79 6155.87
7710.58 6159.12
7713.06 6163.59
7714.98 6167.07
7715.09 6167.28
7715.10 6167.30
7715.90 6168.72
7717.91 6172.12
7721.91 6176.96
7727.35 6182.61
7733.88 6189.40
7741.28 6198.20
7746.90 6211.10
7752.78 6225.56
7758.75 6240.52
7764.61 6255.19
7770.49 6269.91
7776.12 6284.02
7781.82 6298.31
7784.81 6314.70
7790.74 6329.54
7798.12 6343.66
7807.52 6356.50
7816.77 6369.14
7825.79 6381.47
7833.58 6392.12
7838.73 6399.14
7841.21 6402.54
7841.42 6402.83
7841.52 6402.96
7841.54 6402.99
7841.55 6403.00
7841.55 6403.00
7841.55 6403.00
7841.55 6403.00
7841.55 6403.00
7844.21 6401.05
7844.21 6401.05
7844.21 6401.05
7844.21 6401.05
7844.21 6401.05
7844.21 6401.05
7844.21 6401.05
7844.21 6401.05
7844.21 6401.05
7844.21 6401.05
7844.21 6401.05
7844.21 6401.05
7844.21 6401.05
7844.21 6401.05
7844.21 6401.05
7844.21 6401.05
7844.21 6401.05
7844.21 6401.05
7844.21 6401.05
7844.21 6401.05
7844.21 6401.05
7844.21 6401.05
7844.21 6401.05
7844.21 6401.05
7844.21 6401.05
7844.21 6401.05
7844.21 6401.05
7844.21 6401.05
7844.21 6401.05
7844.21 6401.05
7844.21 6401.05
7844.21 6401.05
7844.21 6401.05
7845.32 6402.61
7847.41 6405.61
7850.98 6410.52
7855.64 6416.40
7861.17 6425.65
7872.41 6431.13
7884.10 6434.87
7896.43 6438.83
7908.88 6442.82
7921.52 6446.87
7934.00 6450.87
7945.68 6454.62
7958.22 6459.31
7970.16 6464.41
7981.09 6469.86
7991.60 6475.98
8001.64 6483.04
8012.44 6490.57
8023.13 6498.03
8033.61 6505.34
8044.55 6512.97
8055.53 6520.63
8065.57 6527.64
8073.98 6533.50
8078.37 6537.06
8078.48 6545.06
8077.74 6555.20
8081.93 6566.69
8089.01 6578.07
8098.84 6585.48
8109.76 6593.19
8119.73 6601.37
8129.80 6609.33
8141.82 6615.36
8152.90 6620.71
8164.20 6626.17
8171.98 6630.02
8176.62 6633.03
8175.07 6638.24
8166.54 6640.85
8156.37 6643.39
8144.35 6646.39
8132.01 6649.47
8119.53 6652.59
8106.95 6652.31
8094.61 6650.85
8082.08 6648.54
8069.48 6644.14
8056.95 6639.76
8045.17 6635.65
8032.93 6631.37
8021.03 6627.22
8008.40 6623.11
7996.27 6624.99
7983.84 6626.91
7971.05 6628.89
7958.89 6630.77
7954.72 6641.84
7951.84 6653.97
7948.79 6666.74
7949.62 6679.36
7955.77 6690.89
7962.06 6702.66
7968.19 6714.14
7967.17 6727.48
7966.08 6739.67
7964.95 6752.19
7963.83 6764.46
7952.46 6769.59
7940.65 6774.92
7928.84 6779.94
7915.39 6780.85
7903.12 6781.69
7890.70 6782.54
7878.49 6786.93
7866.20 6792.07
7857.87 6799.93
7852.68 6812.21
7853.89 6824.48
7858.95 6833.47
7862.32 6839.19
7867.95 6845.68
7878.40 6844.59
7890.35 6843.52
7903.01 6842.52
7914.94 6845.90
7925.95 6853.28
7931.39 6860.58
7934.21 6864.38
7933.31 6871.40
7929.27 6880.41
7917.64 6880.54
7904.80 6879.12
7891.56 6877.95
7878.49 6876.86
7865.87 6876.01
7853.29 6875.18
7841.49 6878.57
7832.45 6885.44
7830.84 6898.47
7837.95 6908.02
7848.28 6913.39
7860.63 6916.65
7872.52 6919.72
7885.19 6921.82
7898.23 6923.99
7911.00 6926.38
7923.31 6928.80
7935.99 6931.28
7948.60 6933.75
7961.56 6936.31
7974.14 6938.81
7986.54 6941.27
7998.49 6943.64
8011.10 6946.14
8022.88 6948.48
8035.35 6951.10
8047.74 6953.79
8059.80 6956.30
8072.17 6958.58
8084.70 6960.90
8097.19 6963.54
8109.05 6966.88
8120.83 6972.16
8131.83 6979.12
8142.01 6986.15
8152.29 6994.17
8162.02 7002.80
8171.03 7011.46
8180.19 7020.39
8189.84 7029.79
8198.71 7038.43
8207.82 7047.55
8216.77 7057.06
8225.39 7066.22
8234.68 7076.09
8239.77 7087.97
8243.30 7100.22
8246.95 7112.86
8247.98 7124.57
8238.21 7132.96
8229.47 7143.03
8220.82 7152.52
8213.20 7163.11
8211.51 7171.50
8210.70 7175.73
8210.89 7177.43
8210.91 7177.55
8210.91 7177.55
8210.91 7177.55
8210.91 7177.56
8210.91 7177.56
8210.91 7177.56
8210.91 7177.56
8210.91 7177.56
8210.91 7177.56
8210.91 7177.56
8210.91 7177.56
8210.91 7177.56
8210.91 7177.56
8210.91 7177.56
8210.91 7177.56
8210.91 7177.56
8210.91 7177.56
8210.91 7177.56
8210.91 7177.56
8210.91 7177.56
8210.91 7177.56
8210.91 7177.56
8210.91 7177.56
8210.91 7177.56
8210.91 7177.56
8210.91 7177.56
8210.91 7177.56
8210.91 7177.56
8210.91 7177.56
8210.91 7177.56
8210.91 7177.56
8210.91 7177.56
8210.91 7177.56
8211.34 7179.65
8215.16 7181.24
8221.17 7180.73
8228.94 7180.08
8238.71 7179.64
8250.88 7179.99
8264.21 7180.36
8272.78 7182.85
8277.06 7184.19
8277.64 7184.37
8277.78 7184.42
8277.91 7184.46
8277.92 7184.46
8277.92 7184.46
8277.92 7184.46
8277.92 7184.46
8277.92 7184.46
8277.92 7184.46
8277.92 7184.46
8277.92 7184.46
8277.92 7184.46
8277.92 7184.46
8277.92 7184.46
8277.92 7184.46
8277.92 7184.46
8277.92 7184.46
8277.92 7184.46
8277.92 7184.46
8277.92 7184.46
8277.92 7184.46
8277.92 7184.46
8277.92 7184.46
8277.92 7184.46
8277.92 7184.46
8277.92 7184.46
8279.52 7185.02
8283.31 7186.58
8287.84 7189.63
8292.50 7195.71
8298.35 7203.52
8305.57 7212.73
8313.39 7222.72
8321.41 7232.95
8328.99 7242.80
8336.46 7253.49
8344.01 7264.29
8351.16 7274.52
8358.20 7284.47
8368.41 7293.13
8378.10 7300.77
8388.03 7308.02
8398.80 7316.13
8409.10 7323.84
8419.05 7331.04
8429.22 7338.49
8439.05 7345.96
8449.53 7354.26
8459.65 7361.89
8469.76 7369.38
8479.99 7376.80
8490.83 7384.66
8501.09 7391.75
8511.69 7398.65
8522.77 7406.09
8533.76 7413.89
8544.20 7421.28
8554.82 7428.73
8565.56 7436.18
8576.50 7443.76
8587.18 7451.12
8597.87 7458.47
8608.01 7465.44
8619.88 7471.32
8632.12 7476.24
8644.08 7481.05
8656.29 7485.30
8668.85 7488.71
8681.83 7492.25
8694.15 7495.58
8706.57 7498.88
8718.90 7502.16
8730.93 7505.35
8742.85 7508.52
8754.97 7511.74
8766.81 7514.88
8778.70 7519.43
8790.25 7524.26
8802.08 7530.72
8812.13 7538.05
8822.25 7545.64
8832.75 7553.52
8843.32 7561.44
8853.39 7569.00
8863.68 7576.37
8873.97 7583.08
8884.90 7589.93
8896.90 7596.14
8908.45 7601.88
8920.61 7607.59
8931.93 7612.91
8943.70 7618.43
8955.59 7624.01
8966.82 7629.28
8978.72 7634.87
8989.99 7640.16
9001.66 7645.64
9013.15 7651.03
9024.89 7656.55
9036.39 7661.95
9048.19 7667.49
9059.76 7672.92
9070.96 7678.18
9082.80 7683.74
9093.87 7688.93
9105.07 7695.10
9116.12 7701.47
9127.56 7708.07
9139.21 7714.79
9150.06 7721.04
9161.37 7727.56
9172.82 7734.08
9184.54 7740.62
9195.93 7747.09
9207.49 7753.97
9218.32 7760.41
9229.20 7766.88
9239.98 7773.32
9250.71 7780.65
9261.78 7788.20
9272.22 7795.57
9283.01 7803.32
9293.02 7810.52
9300.76 7820.15
9311.18 7827.64
9321.36 7834.96
9332.11 7842.69
9343.04 7850.55
9353.63 7858.16
9366.64 7863.45
9374.60 7873.24
9384.92 7880.66
9395.35 7888.15
9405.48 7895.44
9416.78 7902.66
9427.74 7909.36
9438.29 7915.81
9449.01 7922.36
9460.30 7929.25
9471.50 7936.10
9482.69 7942.94
9493.15 7949.33
9504.33 7956.17
9515.36 7962.10
9526.53 7967.43
9535.70 7975.04
9547.17 7980.05
9559.38 7985.12
9571.67 7989.50
9583.31 7993.65
9595.86 7998.12
9608.64 8000.99
9620.78 8003.71
9632.88 8006.42
9645.65 8009.28
9658.66 8011.69
9671.66 8013.65
9684.06 8015.54
9696.48 8018.11
9708.96 8021.51
9720.81 8025.93
9732.01 8031.85
9742.25 8039.05
9751.98 8047.31
9760.37 8056.85
9766.14 8064.46
9769.16 8068.75
9770.73 8070.98
9770.91 8071.23
9770.94 8071.27
9770.94 8071.27
9770.94 8071.27
9770.94 8071.27
9770.94 8071.27
9770.94 8071.27
9770.94 8071.27
9770.94 8071.27
9770.94 8071.27
9770.94 8071.27
9770.94 8071.27
9770.94 8071.27
9770.94 8071.27
9770.94 8071.27
9770.94 8071.27
9770.94 8071.27
9770.94 8071.27
9771.65 8072.49
9772.29 8076.38
9770.78 8081.48
9766.91 8088.30
9761.96 8096.97
9760.35 8108.43
9759.34 8121.82
9759.67 8137.52
9757.76 8153.38
9754.37 8168.74
9751.35 8184.38
9749.76 8200.07
9750.00 8215.56
9754.87 8231.40
9757.93 8246.66
9762.71 8261.09
9768.39 8275.62
9774.44 8290.41
9783.43 8303.24
9793.02 8316.13
9802.60 8328.09
9812.05 8339.93
9821.22 8351.65
9830.52 8364.03
9840.28 8376.61
9849.30 8388.62
9858.50 8401.69
9867.14 8414.91
9875.76 8428.29
9882.89 8442.47
9884.91 8458.21
9887.14 8472.99
9888.78 8488.84
9889.87 8504.23
9893.98 8519.05
9898.60 8533.40
9905.59 8547.63
9914.04 8560.64
9919.25 8574.57
9927.67 8587.27
9935.99 8599.82
9944.69 8612.82
9953.58 8625.77
9961.20 8638.71
9969.08 8652.64
9976.98 8666.62
9981.32 8682.02
9984.94 8697.54
9988.39 8712.29
9991.92 8727.46
9995.45 8742.57
9998.97 8757.32
10002.70 8772.10
10002.44 8788.09
10001.46 8803.60
10003.09 8816.59
10006.73 8821.88
10007.82 8824.58
10007.32 8829.79
10003.85 8836.66
10000.46 8839.90
9996.75 8842.27
9995.05 8848.60
9995.13 8856.88
9995.22 8867.07
9991.24 8878.09
9986.65 8886.16
9984.25 8890.39
9983.47 8891.76
9983.46 8891.78
9983.46 8891.79
9983.46 8891.79
9983.46 8891.79
9983.46 8891.79
9983.46 8891.79
9982.53 8893.30
9980.38 8896.51
9976.78 8901.85
9972.09 8908.82
9966.38 8917.32
9958.98 8926.82
9950.86 8936.87
9942.77 8946.87
9937.14 8959.07
9929.03 8969.10
9920.61 8979.52
9912.78 8989.21
9904.81 8999.34
9897.22 9008.96
9888.60 9019.21
9880.42 9028.33
9871.62 9038.14
9862.83 9047.95
9854.26 9057.50
9858.03 9067.38
9868.28 9076.18
9876.80 9084.93
9883.31 9096.30
9889.22 9107.81
9895.86 9117.54
9908.30 9116.49
9919.24 9120.49
9929.13 9128.96
9938.61 9136.96
9948.89 9145.64
9958.64 9153.86
9968.76 9162.27
9978.49 9170.37
9988.01 9178.20
9998.33 9186.65
10008.35 9194.98
10018.09 9203.18
10027.92 9211.93
10037.56 9220.67
10047.04 9229.58
10056.75 9238.62
10066.71 9247.70
10076.21 9256.38
10085.37 9264.73
10094.62 9273.18
10102.76 9280.60
10108.02 9285.40
10111.28 9288.38
10117.00 9287.64
10123.21 9280.40
10130.99 9271.34
10139.00 9262.01
10147.60 9251.99
10156.36 9241.79
10164.44 9232.39
10173.07 9222.33
10181.86 9212.23
10190.13 9202.81
10198.58 9193.17
10206.67 9183.95
10215.47 9173.93
10224.12 9164.06
10229.85 9157.53
10232.74 9154.24
10233.26 9153.65
10233.59 9153.26
10233.70 9153.14
10233.74 9153.10
10233.75 9153.08
10233.76 9153.07
10233.76 9153.07
10233.76 9153.07
10233.76 9153.07
10233.76 9153.07
10233.76 9153.07
10233.76 9153.07
10233.76 9153.07
10233.76 9153.07
10233.76 9153.07
10233.76 9153.07
10233.76 9153.07
10233.76 9153.07
10233.76 9153.07
10233.76 9153.07
10233.76 9153.07
10233.76 9153.07
10233.76 9153.07
10233.76 9153.07
10233.76 9153.07
10233.76 9153.07
10234.75 9151.98
10237.43 9149.26
10241.35 9145.85
10247.79 9143.35
10255.25 9148.62
10263.30 9155.48
10272.08 9163.80
10281.46 9172.71
10290.76 9181.22
10300.70 9189.94
10309.99 9198.00
10319.76 9206.50
10329.61 9215.02
10339.66 9223.57
10348.24 9231.15
10354.38 9236.95
10356.40 9240.37
10355.62 9246.22
10351.28 9253.38
10344.47 9261.44
10336.07 9271.05
10327.46 9280.90
10318.97 9290.62
10310.58 9300.14
10301.64 9310.14
10292.80 9319.66
10284.41 9329.45
10275.96 9339.04
10267.27 9348.63
10258.25 9358.61
10249.41 9368.38
10240.76 9378.47
10232.85 9387.87
10224.15 9397.91
10215.26 9407.97
10206.97 9417.33
10198.46 9426.85
10190.28 9435.99
10182.02 9445.21
10173.61 9454.61
10165.13 9464.08
10156.94 9473.82
10148.60 9483.15
10140.48 9492.26
10131.82 9501.80
10123.15 9511.62
10116.76 9518.83
10112.97 9523.29
10108.00 9528.54
10099.67 9528.73
10091.31 9520.88
10081.82 9512.05
10074.45 9505.18
10069.43 9500.50
