1809.53 8161.56
1811.97 8160.88
1816.01 8159.76
1822.23 8158.02
1829.95 8155.87
1839.47 8153.21
1851.06 8149.98
1855.58 8142.12
1853.87 8129.97
1852.19 8117.98
1850.49 8105.88
1848.88 8094.46
1847.16 8082.17
1845.52 8070.52
1843.78 8058.36
1842.09 8046.60
1840.38 8034.78
1838.59 8022.62
1836.85 8010.98
1835.85 7998.81
1835.49 7986.59
1835.13 7974.28
1834.77 7961.99
1834.43 7950.31
1834.07 7938.10
1833.75 7927.09
1833.55 7920.39
1832.08 7912.20
1821.60 7909.75
1809.73 7907.55
1797.98 7905.45
1785.40 7903.21
1773.39 7901.07
1761.59 7898.97
1749.98 7896.90
1742.66 7895.60
1738.74 7894.90
1737.57 7894.69
1737.53 7894.69
1737.53 7894.69
1737.53 7894.69
1737.53 7894.69
1737.53 7894.69
1737.53 7894.69
1737.53 7894.69
1737.53 7894.69
1737.53 7894.69
1737.53 7894.69
1737.53 7894.69
1737.53 7894.69
1737.53 7894.69
1737.53 7894.69
1737.53 7894.69
1737.53 7894.69
1737.53 7894.69
1737.53 7894.69
1737.53 7894.69
1737.53 7894.69
1737.53 7894.69
1737.53 7894.69
1737.53 7894.69
1737.53 7894.69
1737.53 7894.69
1737.53 7894.69
1737.53 7894.69
1737.53 7894.69
1737.53 7894.69
1737.53 7894.69
1737.53 7894.69
1737.53 7894.69
1737.53 7894.69
1737.53 7894.69
1737.53 7894.69
1737.53 7894.69
1737.53 7894.69
1737.53 7894.69
1737.53 7894.69
1737.53 7894.69
1737.53 7894.69
1737.53 7894.69
1737.53 7894.69
1737.53 7894.69
1737.53 7894.69
1737.53 7894.69
1735.68 7894.25
1731.75 7893.08
1727.48 7890.68
1726.69 7890.15
1724.82 7887.76
1723.03 7883.72
1722.15 7877.56
1721.66 7869.96
1721.75 7860.31
1721.87 7848.21
1722.09 7836.50
1723.94 7824.76
1723.43 7812.63
1727.61 7800.77
1732.52 7789.05
1737.97 7778.18
1745.00 7767.88
1752.32 7758.29
1759.82 7748.92
1767.99 7740.40
1776.50 7731.90
1782.40 7722.17
1794.93 7715.68
1805.04 7707.88
1814.49 7700.80
1825.11 7694.06
1835.17 7688.06
1845.36 7682.27
1856.69 7677.04
1868.38 7671.83
1878.96 7667.11
1889.76 7663.13
1901.38 7659.19
1913.20 7655.73
1925.45 7652.86
1937.82 7650.62
1949.73 7649.10
1962.22 7650.85
1973.58 7649.42
1985.92 7647.86
1997.03 7646.51
2009.50 7645.20
2021.19 7643.97
2033.56 7642.67
2045.00 7641.46
2057.10 7640.19
2068.81 7638.95
2080.02 7636.63
2091.00 7634.24
2102.36 7631.64
2113.64 7628.84
2125.82 7625.81
2137.57 7622.84
2148.97 7619.91
2156.93 7617.88
2161.04 7616.82
2166.98 7615.30
2173.97 7613.51
2177.09 7612.71
2177.69 7612.56
2181.37 7611.09
2185.16 7605.98
2188.28 7598.54
2190.37 7591.60
2191.63 7587.99
2192.50 7586.59
2193.35 7585.26
2194.60 7583.30
2196.61 7580.15
2199.29 7575.95
2203.89 7571.47
2211.22 7565.52
2221.22 7557.90
2232.72 7556.22
2244.14 7558.61
2254.03 7564.01
2264.06 7571.19
2273.47 7580.82
2290.08 7581.85
2306.11 7577.20
2323.33 7575.76
2340.24 7574.35
2357.49 7574.10
2375.18 7573.85
2391.96 7572.07
2408.33 7568.97
2425.68 7564.74
2442.00 7559.85
2459.20 7554.69
2475.23 7549.88
2491.64 7544.96
2507.75 7539.12
2523.93 7532.99
2540.30 7526.48
2556.15 7519.35
2571.55 7511.86
2585.31 7500.99
2600.16 7492.60
2615.41 7483.63
2629.52 7474.39
2643.87 7464.52
2657.88 7454.44
2671.66 7443.56
2684.99 7432.14
2697.72 7420.89
2710.09 7409.79
2722.64 7397.87
2734.69 7386.04
2746.79 7373.23
2758.35 7360.98
2770.42 7348.20
2782.10 7335.83
2794.13 7323.09
2806.33 7310.02
2817.77 7297.68
2829.93 7284.57
2841.43 7272.16
2852.89 7259.80
2864.98 7246.76
2877.13 7233.66
2888.52 7221.19
2899.75 7208.32
2910.90 7195.05
2920.07 7180.44
2928.85 7165.24
2939.46 7150.43
2945.96 7134.71
2952.72 7118.38
2959.17 7102.77
2956.55 7091.82
2948.65 7082.65
2944.18 7071.25
2943.86 7059.36
2947.44 7048.04
2951.70 7041.79
2953.86 7039.56
2954.18 7039.30
2954.26 7039.23
2954.28 7039.22
2954.28 7039.21
2954.29 7039.21
2954.29 7039.21
2954.29 7039.21
2954.29 7039.21
2954.29 7039.21
2954.29 7039.21
2954.29 7039.21
2954.29 7039.21
2954.29 7039.21
2954.29 7039.21
2954.29 7039.21
2954.29 7039.21
2954.29 7039.21
2955.41 7038.27
2957.72 7036.34
2961.47 7033.54
2967.61 7030.39
2976.62 7029.07
2987.21 7030.22
2995.81 7033.75
3002.91 7038.67
3006.44 7041.09
3011.70 7039.49
3017.51 7034.13
3024.99 7027.15
3033.45 7019.24
3042.91 7010.40
3055.18 7002.45
3066.35 6994.79
3080.63 6991.12
3094.89 6988.27
3110.15 6987.98
3124.58 6989.13
3138.55 6991.44
3152.68 6996.18
3166.98 7001.27
3180.94 7006.25
3195.23 7011.34
3209.23 7016.33
3223.62 7021.38
3237.84 7026.37
3251.87 7031.29
3265.27 7035.99
3279.11 7040.84
3292.57 7045.56
3306.51 7050.45
3320.87 7055.48
3334.51 7060.26
3347.98 7064.99
3361.54 7069.74
3375.52 7074.64
3388.98 7079.37
3402.94 7084.26
3416.40 7088.98
3430.73 7094.00
3444.22 7098.74
3457.84 7103.51
3472.01 7108.48
3486.08 7113.41
3500.05 7118.31
3514.53 7123.39
3528.02 7128.12
3542.55 7133.21
3556.28 7138.21
3569.41 7143.96
3583.28 7150.04
3596.83 7155.98
3609.71 7161.62
3617.19 7157.14
3626.96 7148.69
3638.84 7144.05
3652.08 7144.43
3664.51 7148.94
3670.48 7157.23
3675.53 7164.04
3678.43 7172.11
3679.28 7176.54
3681.16 7184.13
3690.08 7188.32
3700.30 7192.62
3712.19 7197.61
3726.40 7202.62
3739.97 7206.86
3754.78 7211.44
3769.45 7215.55
3784.05 7219.65
3798.65 7223.74
3813.05 7227.77
3826.94 7231.67
3840.97 7234.30
3856.24 7235.63
3871.60 7234.82
3885.84 7230.68
3898.86 7224.68
3911.54 7216.00
3921.74 7206.00
3931.39 7195.43
3940.18 7183.46
3947.69 7170.99
3955.59 7157.87
3961.44 7148.44
3965.66 7142.11
3973.82 7140.57
3980.80 7150.28
3987.07 7160.21
3993.32 7170.11
4001.27 7179.47
4009.98 7187.71
4018.35 7195.62
4026.89 7203.69
4036.06 7212.36
4046.45 7219.48
4056.77 7225.84
4067.01 7232.15
4077.85 7238.84
4088.72 7245.49
4099.50 7251.38
4110.02 7257.13
4120.19 7262.69
4131.64 7268.43
4142.82 7272.78
4154.05 7276.74
4165.29 7280.02
4176.97 7283.30
4188.98 7286.60
4200.97 7288.51
4212.98 7290.43
4225.52 7292.42
4237.82 7294.39
4250.26 7295.35
4262.22 7296.25
4273.88 7297.13
4285.85 7298.03
4298.38 7298.98
4310.50 7299.63
4322.03 7300.25
4334.71 7300.93
4346.29 7301.55
4358.83 7302.08
4370.98 7302.46
4382.49 7302.82
4394.96 7303.21
4406.98 7303.58
4419.08 7302.93
4431.66 7302.03
4444.17 7301.12
4456.37 7300.25
4468.43 7299.34
4480.15 7295.68
4491.15 7292.24
4502.70 7288.64
4514.33 7285.01
4525.38 7280.24
4536.81 7275.20
4547.44 7270.52
4558.35 7265.71
4569.24 7260.40
4579.44 7253.89
4590.00 7247.15
4600.70 7240.32
4610.45 7234.10
4621.17 7229.23
4632.30 7224.34
4642.99 7219.63
4654.47 7214.57
4665.93 7209.37
4677.21 7204.25
4688.06 7199.33
4699.31 7194.76
4710.96 7191.63
4722.89 7188.43
4734.09 7185.73
4745.57 7183.81
4757.95 7181.74
4770.32 7179.77
4782.24 7179.79
4794.67 7179.81
4806.46 7179.83
4818.44 7179.63
4831.01 7179.19
4843.80 7179.11
4855.92 7179.90
4867.51 7180.65
4876.62 7180.15
4881.27 7179.76
4887.59 7179.25
4896.46 7178.53
4906.71 7177.73
4918.87 7176.78
4930.55 7175.88
4943.08 7174.90
4955.88 7173.91
4967.71 7172.99
4979.60 7172.07
4991.86 7171.11
5003.53 7170.21
5016.23 7169.22
5028.28 7168.28
5040.97 7167.30
5053.50 7166.33
5065.31 7165.41
5077.27 7164.56
5089.76 7163.72
5102.12 7162.89
5113.98 7162.10
5126.52 7161.25
5139.22 7160.40
5151.51 7159.58
5163.45 7158.62
5175.45 7157.61
5181.28 7147.34
5184.19 7135.62
5187.10 7123.89
5190.02 7112.09
5192.80 7100.88
5194.66 7093.39
5195.56 7089.77
5197.85 7083.86
5204.52 7080.36
5213.92 7078.62
5225.70 7076.45
5237.71 7073.71
5249.25 7070.45
5260.60 7066.86
5271.87 7062.60
5282.69 7058.50
5294.25 7053.84
5305.69 7048.52
5316.10 7043.51
5326.64 7037.55
5337.23 7030.71
5347.26 7023.49
5357.58 7016.05
5366.96 7009.07
5376.68 7000.69
5386.08 6992.15
5394.38 6983.85
5403.01 6974.57
5411.04 6965.94
5419.76 6956.57
5428.04 6947.66
5435.79 6938.96
5441.32 6932.71
5445.48 6929.32
5451.86 6931.42
5458.07 6937.53
5465.45 6944.55
5474.65 6952.71
5484.01 6960.76
5494.17 6968.47
5504.63 6974.95
5516.88 6978.33
5528.23 6980.37
5539.96 6981.84
5551.82 6982.69
5563.47 6983.52
5575.64 6984.39
5588.16 6986.74
5598.61 6988.92
5604.43 6990.83
5607.00 6998.34
5605.98 7008.69
5604.77 7020.98
5603.58 7033.15
5602.41 7045.01
5601.28 7056.53
5600.16 7068.37
5599.09 7079.97
5597.95 7092.49
5596.80 7105.06
5595.66 7117.55
5600.20 7125.75
5611.99 7127.12
5623.58 7128.48
5635.08 7129.85
5647.09 7131.29
5659.85 7132.82
5671.93 7134.27
5684.10 7135.63
5695.86 7137.07
5707.86 7138.54
5720.21 7140.04
5732.39 7141.71
5744.21 7143.37
5755.91 7145.02
5767.74 7146.69
5779.90 7148.33
5791.48 7149.87
5804.20 7151.58
5816.41 7153.21
5828.14 7154.78
5839.87 7156.35
5851.98 7157.97
5863.55 7159.17
5876.10 7159.47
5887.72 7159.75
5900.35 7160.06
5913.17 7160.37
5925.97 7160.68
5937.80 7160.96
5950.45 7160.98
5963.09 7160.65
5974.75 7160.37
5987.60 7160.28
5999.56 7160.16
6012.36 7160.07
6023.89 7162.30
6035.65 7167.12
6044.51 7174.93
6049.81 7183.62
6051.61 7190.27
6054.15 7197.59
6064.34 7203.33
6070.43 7213.42
6082.47 7214.39
6094.33 7215.32
6106.13 7216.24
6117.98 7217.17
6129.64 7218.09
6141.55 7219.03
6153.80 7220.02
6165.61 7220.97
6177.26 7221.91
6189.84 7222.93
6201.70 7223.89
6214.08 7224.77
6225.93 7224.76
6237.52 7224.18
6249.50 7222.33
6261.53 7219.50
6273.00 7216.46
6284.86 7213.24
6296.29 7210.13
6308.07 7213.53
6315.20 7222.37
6321.13 7232.66
6323.14 7244.33
6325.83 7256.85
6336.13 7259.72
6349.07 7259.80
6361.11 7256.66
6372.42 7253.72
6384.56 7250.56
6396.08 7247.57
6408.25 7244.40
6419.62 7241.44
6431.03 7238.48
6443.11 7235.33
6454.62 7232.34
6466.60 7229.22
6476.78 7226.57
6483.38 7224.86
6487.36 7223.70
6487.47 7223.67
6487.50 7223.66
6487.50 7223.66
6487.50 7223.66
6487.50 7223.66
6487.50 7223.66
6486.49 7220.52
6486.49 7220.52
6486.49 7220.52
6486.49 7220.52
6486.49 7220.52
6486.49 7220.52
6486.49 7220.52
6486.49 7220.52
6486.49 7220.52
6486.49 7220.52
6486.49 7220.52
6486.49 7220.52
6486.49 7220.52
6486.49 7220.52
6486.49 7220.52
6486.49 7220.52
6486.49 7220.52
6486.49 7220.52
6486.49 7220.52
6486.49 7220.52
6486.49 7220.52
6486.49 7220.52
6486.49 7220.52
6486.49 7220.52
6486.49 7220.52
6486.49 7220.52
6486.49 7220.52
6486.49 7220.52
6486.49 7220.52
6486.49 7220.52
6486.49 7220.52
6486.49 7220.52
6486.49 7220.52
6486.49 7220.52
6486.49 7220.52
6486.49 7220.52
6486.49 7220.52
6486.49 7220.52
6486.49 7220.52
6486.49 7220.52
6486.49 7220.52
6486.49 7220.52
6486.49 7220.52
6486.49 7220.52
6486.49 7220.52
6486.49 7220.52
6486.49 7220.52
6486.49 7220.52
6486.49 7220.52
6486.49 7220.52
6486.49 7220.52
6486.49 7220.52
6486.49 7220.52
6486.49 7220.52
6486.49 7220.52
6486.49 7220.52
6486.49 7220.52
6486.49 7220.52
6486.49 7220.52
6486.49 7220.52
6486.49 7220.52
6486.49 7220.52
6486.49 7220.52
6486.49 7220.52
6486.49 7220.52
6486.49 7220.52
6486.49 7220.52
6486.49 7220.52
6486.49 7220.52
6486.49 7220.52
6486.49 7220.52
6486.49 7220.52
6486.49 7220.52
6488.34 7219.89
6492.90 7221.67
6498.14 7219.67
6505.28 7216.94
6516.01 7216.11
6525.95 7210.28
6537.11 7203.49
6548.13 7196.77
6556.11 7191.92
6560.25 7189.40
6561.56 7188.60
6561.66 7188.54
6561.68 7188.53
6561.69 7188.52
6561.69 7188.52
6561.69 7188.52
6561.69 7188.52
6561.69 7188.52
6561.69 7188.52
6561.69 7188.52
6561.69 7188.52
6561.69 7188.52
6561.69 7188.52
6561.69 7188.52
6563.27 7187.63
6566.25 7186.11
6569.78 7185.20
6569.78 7185.20
6570.30 7185.52
6570.47 7185.66
6570.47 7185.67
6570.47 7185.67
6570.47 7185.67
6570.47 7185.67
6570.47 7185.67
6570.47 7185.67
6570.47 7185.67
6571.76 7186.72
6573.92 7190.00
6576.32 7195.40
6579.71 7203.25
6583.87 7212.28
6588.82 7222.99
6594.60 7235.50
6600.71 7248.73
6607.03 7262.42
6613.13 7275.63
6619.46 7289.33
6625.50 7302.35
6632.53 7315.94
6639.34 7328.60
6645.88 7342.14
6651.68 7355.01
6657.49 7368.91
6661.65 7382.40
6666.51 7396.40
6670.98 7412.81
6678.36 7427.67
6685.17 7442.00
6695.55 7449.87
6706.25 7456.80
6713.88 7461.73
6718.28 7464.58
6719.50 7465.37
6720.10 7465.76
6720.17 7465.80
6720.18 7465.81
6720.18 7465.81
6720.18 7465.81
6720.18 7465.81
6720.18 7465.81
6720.18 7465.81
6720.18 7465.81
6720.18 7465.81
6720.18 7465.81
6720.18 7465.81
6720.18 7465.81
6720.18 7465.81
6720.18 7465.81
6720.18 7465.81
6720.18 7465.81
6720.18 7465.81
6720.18 7465.81
6720.18 7465.81
6720.18 7465.81
6720.18 7465.81
6720.18 7465.81
6720.18 7465.81
6720.18 7465.81
6720.18 7465.81
6720.18 7465.81
6720.18 7465.81
6720.18 7465.81
6720.18 7465.81
6720.18 7465.81
6720.18 7465.81
6720.18 7465.81
6720.18 7465.81
6720.18 7465.81
6720.18 7465.81
6720.18 7465.81
6720.18 7465.81
6720.18 7465.81
6721.60 7466.71
6724.97 7468.79
6729.52 7471.60
6736.41 7475.75
6745.40 7480.83
6756.22 7486.94
6767.00 7493.03
6778.16 7499.33
6788.75 7505.85
6798.63 7511.94
6808.43 7517.99
6819.04 7524.54
6829.83 7531.19
6840.03 7537.17
6850.73 7543.40
6860.84 7549.28
6871.78 7555.64
6882.87 7562.09
6893.80 7568.04
6904.89 7573.28
6915.94 7578.50
6926.66 7583.56
6937.33 7588.61
6949.04 7593.23
6959.10 7596.48
6964.49 7599.18
6969.24 7605.82
6968.93 7616.47
6965.57 7627.90
6962.10 7639.06
6961.69 7651.47
6957.88 7663.70
6954.35 7675.04
6950.71 7686.75
6947.16 7698.15
6943.63 7709.50
6939.96 7721.29
6936.22 7733.29
6932.55 7745.11
6928.95 7756.65
6925.06 7764.96
6921.82 7770.37
6920.91 7771.90
6920.91 7771.91
6920.91 7771.91
6920.19 7773.25
6920.64 7776.55
6925.17 7780.61
6931.15 7785.78
6938.51 7792.45
6946.89 7800.87
6956.52 7810.44
6966.95 7820.56
6974.32 7830.80
6980.99 7840.35
6991.15 7847.05
7001.04 7853.58
7011.17 7860.26
7020.84 7866.65
7030.93 7873.31
7041.38 7880.20
7051.94 7887.17
7061.82 7893.69
7072.15 7899.91
7083.21 7905.29
7090.75 7909.21
7093.85 7912.08
7090.38 7916.67
7082.24 7919.44
7072.23 7922.41
7060.50 7926.46
7049.16 7930.51
7038.06 7934.30
7026.38 7937.64
7014.54 7941.03
7002.61 7944.44
6991.69 7948.71
6988.84 7956.15
6999.01 7965.89
7010.62 7967.62
7022.59 7968.85
7034.36 7970.06
7046.16 7971.28
7058.33 7972.54
7070.44 7973.79
7082.55 7975.61
7093.67 7979.18
7105.61 7983.01
7117.85 7986.94
7129.00 7990.52
7140.70 7994.27
7151.83 7997.85
7162.88 8001.39
7175.04 8005.30
7186.19 8010.20
7196.48 8016.07
7207.47 8022.33
7217.02 8027.78
7223.12 8031.25
7225.99 8032.89
7230.42 8033.71
7236.01 8028.78
7238.61 8020.94
7242.05 8010.59
7246.29 7997.87
7251.08 7983.44
7256.45 7967.29
7257.42 7951.08
7255.78 7934.47
7257.47 7921.59
7259.70 7913.63
7263.95 7911.45
7264.80 7911.01
7264.96 7910.93
7265.04 7910.89
7265.05 7910.88
7265.05 7910.88
7265.05 7910.88
7265.05 7910.88
7265.05 7910.88
7265.05 7910.88
7265.05 7910.88
7265.05 7910.88
7265.05 7910.88
7265.05 7910.88
7266.84 7910.05
7270.44 7908.56
7276.95 7907.13
7284.45 7911.83
7289.19 7921.66
7290.86 7933.49
7292.56 7945.63
7294.21 7957.41
7298.48 7967.61
7298.76 7980.10
7299.01 7991.66
7299.29 8004.50
7299.57 8017.36
7299.83 8029.38
7300.10 8041.81
7300.62 8054.51
7301.14 8067.25
7301.64 8079.44
7302.12 8091.16
7302.61 8103.22
7303.10 8115.18
7303.59 8127.07
7304.10 8139.56
7304.58 8151.36
7305.06 8163.21
7305.53 8174.79
7306.02 8186.58
7306.50 8198.36
7307.00 8210.44
7307.63 8222.61
7308.04 8235.43
7307.99 8247.94
7308.39 8260.68
7308.96 8273.07
7309.53 8285.44
7310.06 8297.06
7310.62 8309.17
7311.16 8320.83
7311.73 8333.15
7312.21 8345.13
7312.20 8357.65
7312.19 8369.56
7312.18 8381.19
7312.17 8393.72
7312.16 8405.75
7312.15 8417.92
7312.14 8430.24
7311.66 8443.02
7311.19 8455.16
7310.71 8467.59
7310.17 8479.96
7309.52 8492.77
7308.71 8504.90
7307.81 8517.45
7306.95 8529.36
7305.57 8541.76
7304.08 8554.32
7302.68 8566.14
7301.30 8577.82
7299.82 8590.29
7298.42 8602.15
7307.04 8603.22
7307.85 8589.61
7306.66 8577.23
7306.76 8569.30
