9360.81 7610.06
9359.49 7608.79
9356.04 7605.50
9351.24 7600.89
9345.58 7593.39
9339.11 7583.37
9333.56 7570.20
9331.97 7554.99
9333.70 7540.62
9336.43 7526.32
9342.80 7511.99
9349.13 7498.31
9355.38 7484.48
9361.00 7471.03
9369.80 7459.36
9379.69 7448.03
9387.25 7439.36
9391.86 7434.09
9396.51 7426.17
9393.96 7415.04
9390.73 7401.25
9387.22 7386.28
9383.95 7372.32
9380.69 7358.38
9378.41 7348.67
9377.14 7343.25
9375.11 7336.46
9367.72 7331.23
9357.35 7327.73
9344.46 7323.39
9330.41 7318.66
9316.84 7314.09
9302.46 7309.24
9288.19 7304.43
9273.45 7299.47
9259.32 7294.71
9245.13 7289.93
9230.57 7285.02
9215.82 7280.05
9202.03 7275.40
9188.20 7270.74
9173.38 7265.75
9159.10 7260.94
9145.22 7256.26
9131.38 7251.60
9117.50 7246.92
9103.70 7242.27
9089.22 7237.39
9075.45 7232.75
9061.33 7227.99
9047.37 7223.35
9033.51 7218.76
9019.65 7214.17
9006.11 7209.68
8992.01 7205.01
8978.41 7200.66
8964.17 7196.36
8949.67 7191.91
8936.08 7187.52
8921.20 7182.58
8907.44 7178.29
8893.19 7173.00
8879.14 7167.87
8865.44 7162.60
8852.48 7156.04
8840.34 7148.37
8828.87 7138.09
8818.47 7127.64
8809.46 7116.32
8800.27 7104.77
8790.12 7094.60
8778.39 7084.44
8766.53 7076.24
8753.18 7070.24
8739.34 7065.37
8725.20 7062.39
8711.09 7060.94
8696.55 7061.62
8681.36 7063.53
8666.97 7065.87
8652.80 7068.27
8638.28 7070.94
8622.25 7070.09
8607.38 7071.20
8593.03 7070.71
8578.54 7068.08
8564.42 7064.30
8549.42 7060.28
8534.61 7056.31
8520.11 7053.75
8504.72 7052.27
8489.26 7050.98
8474.15 7049.60
8458.98 7048.38
8444.57 7047.24
8429.71 7045.02
8415.06 7042.05
8400.88 7038.38
8387.21 7034.29
8373.23 7029.40
8360.31 7023.13
8347.74 7015.43
8334.81 7006.98
8322.67 6999.04
8310.24 6990.91
8297.79 6982.92
8285.11 6972.77
8272.17 6966.19
8259.07 6959.53
8245.07 6952.41
8231.26 6945.57
8217.01 6939.08
8202.77 6932.59
8189.71 6926.64
8176.88 6920.79
8164.44 6915.45
8152.02 6911.29
8140.07 6907.38
8128.49 6903.96
8117.31 6901.26
8106.55 6899.02
8095.99 6897.49
8085.06 6896.23
8074.92 6895.05
8063.63 6893.72
8053.02 6892.43
8043.74 6891.31
8033.12 6890.05
8021.16 6888.67
8011.74 6887.59
8000.61 6886.35
7989.53 6885.12
7980.05 6884.07
7969.72 6882.93
7958.52 6881.71
7947.93 6880.55
7941.81 6879.88
7939.58 6879.64
7938.71 6879.54
7938.55 6879.52
7938.42 6879.51
7938.41 6879.51
7937.08 6879.36
7934.05 6878.48
7931.84 6876.07
7930.72 6871.15
7929.57 6863.67
7923.74 6855.79
7914.11 6849.31
7904.57 6845.71
7896.17 6846.37
7888.11 6847.01
7881.83 6847.51
7878.87 6847.86
7876.05 6848.22
7871.22 6848.85
7865.02 6849.91
7857.19 6851.34
7847.71 6852.15
7836.34 6851.26
7826.28 6850.47
7815.73 6847.52
7804.70 6844.02
7795.69 6840.36
7785.88 6835.98
7776.91 6831.98
7766.97 6827.55
7757.36 6823.48
7747.96 6819.49
7740.27 6817.25
7732.58 6816.58
7728.91 6816.90
7724.78 6819.85
7718.06 6818.95
7710.58 6814.23
7701.32 6808.39
7690.81 6800.12
7679.15 6790.61
7668.57 6780.75
7662.94 6768.83
7661.05 6756.70
7659.43 6745.69
7655.44 6735.81
7652.14 6730.72
7646.44 6726.22
7643.98 6725.01
7643.90 6724.98
7643.89 6724.97
7643.89 6724.97
7642.65 6724.31
7642.22 6724.07
7640.47 6722.81
7638.71 6718.60
7640.63 6711.21
7642.91 6701.80
7647.21 6691.43
7645.59 6677.82
7634.67 6668.44
7622.35 6661.02
7609.11 6652.98
7599.26 6642.02
7601.81 6627.25
7609.51 6613.89
7618.04 6601.57
7626.78 6589.33
7635.46 6577.94
7644.83 6566.02
7654.02 6553.78
7663.11 6541.67
7672.40 6529.31
7680.66 6519.13
7689.33 6508.55
7697.04 6499.30
7704.44 6490.98
7712.67 6481.52
7718.65 6471.85
7723.18 6462.34
7726.13 6451.87
7722.21 6442.14
7715.94 6432.88
7709.28 6424.70
7702.88 6417.31
7694.76 6408.39
7684.40 6399.40
7672.63 6389.18
7660.59 6379.58
7648.66 6370.34
7635.74 6361.69
7622.44 6353.59
7609.71 6345.93
7596.24 6338.39
7583.26 6331.16
7569.36 6324.87
7556.19 6318.90
7541.58 6313.50
7526.89 6308.21
7512.32 6303.42
7498.44 6299.33
7483.73 6296.11
7469.59 6293.58
7454.44 6291.95
7439.26 6292.09
7423.71 6292.40
7409.24 6293.35
7394.46 6295.71
7380.39 6300.16
7366.80 6307.65
7355.56 6317.54
7347.58 6330.65
7339.16 6342.94
7326.24 6348.67
7315.02 6341.03
7316.00 6326.27
7321.38 6311.27
7330.09 6298.70
7341.58 6288.81
7352.65 6279.83
7365.86 6272.51
7379.74 6266.83
7390.67 6263.16
7397.58 6259.42
7399.56 6254.71
7394.48 6248.49
7386.22 6252.58
7374.17 6254.86
7361.66 6261.06
7347.41 6268.11
7331.26 6276.23
7313.71 6288.73
7298.77 6303.08
7285.18 6317.26
7276.08 6329.91
7268.02 6342.66
7260.07 6355.23
7252.42 6367.32
7244.28 6380.18
7235.98 6393.31
7229.28 6403.89
7224.49 6411.47
7221.59 6416.05
7220.14 6417.39
7218.81 6417.50
7215.20 6416.35
7209.44 6413.24
7201.59 6408.34
7192.49 6402.61
7181.61 6395.76
7169.31 6388.01
7160.24 6382.44
7154.19 6378.77
7145.76 6374.26
7135.59 6369.80
7123.95 6364.26
7110.12 6357.44
7097.04 6350.99
7084.24 6344.68
7072.63 6338.96
7065.05 6335.24
7062.92 6327.01
7069.07 6315.86
7076.43 6302.54
7083.73 6289.31
7077.22 6278.66
7064.83 6271.62
7051.42 6263.99
7038.41 6256.60
7025.46 6249.24
7012.68 6241.97
6999.93 6234.72
6987.16 6227.46
6974.32 6220.13
6961.53 6212.71
6948.75 6205.29
6936.13 6197.95
6922.56 6190.07
6909.44 6182.37
6898.31 6173.24
6886.26 6163.34
6874.61 6153.78
6863.45 6144.61
6852.46 6134.98
6841.17 6124.26
6829.86 6113.53
6820.53 6104.68
6813.89 6098.38
6809.95 6094.64
6808.56 6088.42
6815.43 6081.44
6823.90 6073.23
6832.02 6060.79
6843.20 6049.11
6851.84 6033.51
6858.15 6016.07
6863.79 5998.60
6869.53 5980.79
6875.01 5963.81
6880.51 5946.76
6885.87 5930.15
6875.42 5919.85
6858.28 5923.14
6841.69 5921.24
6829.41 5907.98
6819.60 5892.71
6809.98 5877.72
6797.70 5864.71
6787.54 5848.88
6777.52 5833.28
6767.54 5817.74
6757.11 5802.41
6746.61 5787.41
6735.76 5773.61
6722.56 5761.17
6707.36 5752.54
6691.12 5745.52
6675.27 5738.35
6658.48 5731.09
6643.84 5725.10
6628.91 5718.99
6615.17 5717.63
6602.03 5726.34
6588.82 5732.14
6574.07 5736.13
6558.86 5737.03
6543.75 5736.57
6528.48 5735.47
6512.72 5734.52
6497.70 5734.12
6481.99 5733.97
6466.57 5734.14
6451.21 5734.66
6435.46 5735.49
6420.44 5736.61
6404.78 5738.28
6390.13 5739.83
6374.55 5741.53
6359.27 5743.20
6343.76 5744.73
6328.19 5745.54
6312.49 5746.46
6297.87 5747.39
6283.13 5748.34
6268.50 5749.22
6254.29 5750.48
6238.63 5751.75
6223.11 5752.93
6207.69 5754.10
6193.04 5754.86
6178.59 5755.61
6162.96 5756.41
6147.78 5757.19
6133.46 5757.92
6118.93 5758.67
6104.60 5759.40
6089.55 5760.23
6075.21 5761.11
6061.16 5758.77
6046.65 5759.90
6031.63 5761.20
6017.15 5762.45
6001.96 5763.76
5987.77 5764.99
5972.23 5766.34
5957.59 5767.61
5942.56 5768.91
5927.52 5770.58
5913.07 5772.42
5898.90 5774.23
5883.61 5776.18
5868.55 5778.10
5853.56 5779.93
5839.30 5781.57
5823.97 5783.05
5808.73 5784.24
5793.09 5785.41
5778.22 5786.52
5762.92 5787.65
5747.91 5789.27
5730.93 5791.41
5711.74 5793.82
5689.92 5796.57
5668.34 5799.28
5647.52 5801.90
5626.16 5804.59
5605.76 5807.16
5585.24 5809.74
5564.23 5812.39
5542.60 5815.11
5522.02 5817.70
5501.33 5820.30
5480.18 5822.96
5459.18 5825.61
5438.77 5828.18
5416.99 5830.92
5396.33 5833.52
5374.61 5836.25
5352.55 5835.45
5328.49 5838.06
5302.61 5840.86
5275.12 5842.96
5244.67 5844.93
5211.23 5845.82
5175.14 5845.75
5137.02 5843.68
5098.08 5840.22
5059.25 5835.43
5021.02 5829.35
4982.53 5821.19
4945.01 5811.32
4909.55 5800.20
4872.64 5787.06
4837.30 5773.36
4801.55 5757.62
4766.05 5740.59
4732.84 5722.70
4698.91 5702.63
4666.70 5682.38
4634.61 5660.42
4602.75 5637.69
4572.00 5613.18
4543.34 5588.36
4514.38 5561.97
4486.87 5535.11
4459.54 5508.28
4434.50 5480.27
4408.97 5450.87
4385.35 5420.85
4361.81 5390.59
4339.04 5359.18
4317.74 5327.26
4297.64 5295.36
4277.37 5262.78
4258.23 5228.93
4239.76 5195.23
4223.43 5161.32
4206.87 5126.94
4191.70 5092.60
4176.75 5057.28
4163.30 5021.35
4149.87 4985.01
4137.66 4949.03
4125.45 4912.08
4115.52 4875.40
4105.51 4838.41
4095.59 4801.80
4086.23 4764.74
4079.31 4727.03
4072.49 4688.77
4065.72 4651.60
4059.28 4613.95
4053.86 4575.75
4048.88 4538.81
4044.40 4501.22
4040.42 4462.84
4037.09 4424.78
4034.59 4386.16
4032.43 4348.64
4030.68 4310.59
4029.18 4274.08
4027.72 4238.72
4026.61 4203.02
4025.79 4167.19
4025.76 4132.41
4025.97 4098.44
4026.19 4064.66
4026.40 4031.45
4026.62 3997.43
4027.90 3963.78
4029.16 3931.36
4030.44 3898.22
4031.70 3865.07
4032.91 3832.63
4034.26 3800.02
4035.55 3768.61
4036.87 3737.96
4038.24 3705.04
4039.58 3672.65
4040.92 3640.26
4042.51 3607.02
4044.31 3574.09
4046.09 3542.05
4047.70 3513.73
4049.43 3482.35
4051.22 3449.98
4052.95 3418.76
4054.81 3385.03
4056.62 3352.25
4058.36 3320.75
4060.02 3290.62
4061.37 3258.75
4061.33 3224.66
4061.28 3188.44
4061.05 3152.35
4060.35 3116.78
4059.64 3081.08
4058.60 3045.28
4056.98 3010.45
4054.79 2976.09
4052.29 2942.40
4049.76 2908.19
4047.29 2874.70
4044.22 2840.42
4039.25 2807.29
4034.35 2774.56
4029.32 2741.03
4023.54 2708.97
4016.82 2677.16
4010.11 2645.37
4002.99 2612.86
3995.24 2582.07
3986.83 2550.53
3978.15 2519.38
3968.02 2488.48
3957.87 2458.63
3946.89 2428.58
3935.04 2399.47
3922.47 2370.19
3908.96 2340.22
3894.49 2311.06
3879.79 2282.85
3864.28 2254.42
3847.77 2226.98
3831.30 2199.91
3814.20 2173.72
3796.02 2146.49
3777.40 2121.03
3757.68 2095.96
3736.90 2070.71
3716.54 2046.90
3695.09 2023.09
3672.36 1999.55
3649.04 1976.41
3626.01 1954.96
3601.52 1934.25
3576.93 1913.91
3551.56 1894.32
3526.13 1875.12
3499.91 1856.48
3473.47 1839.51
3445.79 1822.16
3417.68 1805.20
3392.56 1790.76
3370.04 1778.47
3351.04 1768.56
3335.37 1761.12
3323.74 1755.72
3314.53 1751.70
3309.46 1749.49
3307.37 1748.58
3303.59 1746.88
3298.97 1744.86
3297.07 1744.03
