2692.38 5403.42
2691.05 5403.94
2688.36 5404.98
2683.86 5406.73
2676.88 5409.45
2667.90 5412.94
2657.51 5416.98
2644.87 5421.89
2631.78 5426.98
2618.20 5433.31
2606.17 5442.28
2594.85 5450.72
2583.09 5459.48
2571.26 5468.30
2559.44 5477.12
2548.09 5485.58
2536.32 5494.36
2524.97 5502.82
2512.76 5511.92
2508.87 5526.11
2505.56 5540.16
2502.19 5554.44
2498.80 5568.80
2495.51 5582.77
2492.09 5597.27
2497.47 5610.26
2503.80 5622.91
2510.48 5636.25
2517.17 5649.60
2523.87 5662.99
2530.16 5675.54
2536.53 5688.27
2542.81 5700.80
2550.70 5711.90
2563.36 5719.10
2575.59 5726.05
2588.61 5733.45
2600.82 5740.39
2613.64 5747.67
2625.95 5754.67
2638.18 5761.62
2651.04 5768.93
2663.57 5775.54
2677.44 5781.23
2691.31 5786.62
2705.29 5792.05
2719.12 5797.43
2733.25 5802.92
2747.15 5808.32
2761.34 5813.83
2765.91 5826.27
2767.12 5840.98
2767.50 5855.69
2766.19 5870.78
2764.43 5885.20
2762.65 5899.77
2758.51 5913.83
2753.97 5927.76
2749.67 5941.44
2745.18 5955.97
2741.05 5969.35
2735.43 5982.69
2729.38 5996.10
2736.16 6004.95
2749.75 6008.27
2763.20 6012.34
2776.43 6017.00
2790.27 6021.87
2803.98 6026.69
2818.42 6031.08
2832.23 6035.83
2845.19 6041.13
2858.81 6047.54
2871.82 6053.17
2885.83 6059.23
2899.00 6064.93
2911.87 6071.31
2924.33 6077.73
2937.24 6084.39
2950.01 6090.98
2962.73 6097.54
2975.88 6105.18
2988.05 6112.27
3000.33 6119.41
3012.78 6126.66
3025.78 6134.22
3038.82 6141.81
3051.29 6149.40
3063.28 6156.96
3075.85 6164.89
3088.07 6172.59
3100.83 6180.64
3113.27 6188.48
3125.55 6196.23
3137.49 6203.76
3146.40 6209.37
3151.89 6212.83
3155.51 6215.12
3155.58 6215.16
3155.62 6215.19
3155.63 6215.19
3155.63 6215.19
3155.63 6215.19
3155.63 6215.19
3155.63 6215.19
3155.63 6215.19
3155.63 6215.19
3155.63 6215.19
3155.63 6215.19
3155.63 6215.19
3155.63 6215.19
3155.63 6215.19
3155.63 6215.19
3155.63 6215.19
3157.31 6216.18
3160.50 6217.90
3165.29 6220.01
3171.68 6222.56
3180.52 6226.10
3190.88 6230.27
3203.00 6235.25
3215.90 6240.82
3229.43 6246.46
3243.62 6251.88
3257.59 6256.47
3271.51 6260.06
3285.13 6263.39
3299.96 6266.79
3314.18 6269.99
3328.18 6272.81
3342.11 6274.51
3356.05 6276.14
3370.77 6277.47
3384.90 6278.14
3398.93 6278.83
3412.96 6279.48
3428.10 6280.06
3442.93 6280.60
3457.16 6278.42
3471.81 6275.56
3486.85 6273.00
3501.97 6271.07
3516.62 6269.27
3531.14 6267.48
3545.06 6265.81
3559.40 6264.15
3573.64 6262.41
3587.88 6260.51
3602.15 6258.61
3616.24 6256.74
3631.10 6254.44
3644.85 6250.41
3658.39 6246.45
3671.84 6241.19
3685.64 6235.65
3698.72 6230.39
3712.54 6224.83
3726.53 6218.98
3739.61 6213.35
3752.95 6207.87
3767.16 6204.30
3781.23 6205.70
3794.64 6210.77
3806.68 6219.31
3819.00 6227.64
3831.50 6233.03
3846.12 6230.96
3860.16 6228.98
3874.39 6226.97
3889.20 6224.87
3903.24 6222.89
3913.26 6221.47
3919.59 6220.58
3922.87 6220.11
3923.35 6220.05
3923.66 6220.00
3923.69 6220.00
3923.70 6220.00
3923.70 6220.00
3923.70 6220.00
3923.70 6220.00
3923.70 6220.00
3923.70 6220.00
3923.70 6220.00
3923.70 6220.00
3923.70 6220.00
3923.70 6220.00
3923.70 6220.00
3923.70 6220.00
3923.70 6220.00
3923.70 6220.00
3923.70 6220.00
3923.70 6220.00
3923.70 6220.00
3923.70 6220.00
3923.70 6220.00
3923.70 6220.00
3923.70 6220.00
3923.70 6220.00
3923.70 6220.00
3923.70 6220.00
3923.70 6220.00
3923.70 6220.00
3923.70 6220.00
3923.70 6220.00
3923.70 6220.00
3923.70 6220.00
3923.70 6220.00
3923.70 6220.00
3923.70 6220.00
3923.70 6220.00
3923.70 6220.00
3923.70 6220.00
3923.70 6220.00
3925.31 6219.78
3929.04 6219.28
3934.96 6218.50
3943.44 6217.43
3954.37 6216.05
3967.95 6214.27
3981.75 6212.29
3995.57 6209.98
4010.36 6207.36
4024.19 6204.37
4039.22 6204.30
4053.53 6201.05
4067.85 6197.80
4082.03 6194.38
4095.78 6190.92
4110.46 6187.34
4124.80 6184.33
4139.52 6181.25
4154.32 6177.62
4168.44 6173.79
4182.98 6170.44
4197.92 6168.18
4211.89 6166.47
4226.53 6165.16
4240.95 6164.31
4255.72 6163.44
4270.66 6162.56
4285.83 6161.66
4300.65 6162.12
4314.91 6163.18
4329.20 6164.25
4343.15 6165.87
4357.44 6167.26
4370.22 6168.25
4379.85 6169.00
4385.34 6169.43
4386.35 6169.51
4386.40 6169.51
4386.41 6169.51
4386.42 6169.51
4386.42 6169.51
4386.42 6169.51
4386.42 6169.51
4386.42 6169.51
4386.42 6169.51
4386.42 6169.51
4386.42 6169.51
4386.42 6169.51
4386.42 6169.51
4386.42 6169.51
4388.59 6169.72
4393.17 6170.38
4398.85 6172.55
4406.65 6176.38
4416.80 6181.29
4428.45 6186.93
4440.27 6195.49
4452.13 6204.69
4463.25 6213.26
4474.80 6222.22
4488.21 6228.03
4499.59 6236.39
4510.86 6244.67
4522.51 6252.97
4534.51 6261.34
4546.05 6269.73
4557.18 6277.89
4565.16 6283.86
4569.52 6287.16
4570.28 6287.74
4570.40 6287.83
4570.51 6287.91
4570.51 6287.91
4570.51 6287.91
4570.51 6287.91
4570.51 6287.91
4570.51 6287.91
4570.51 6287.91
4570.51 6287.91
4570.51 6287.91
4572.21 6289.20
4575.06 6291.37
4579.12 6294.45
4585.25 6299.09
4593.55 6305.36
4603.50 6312.87
4615.02 6321.13
4626.88 6329.17
4638.44 6337.01
4650.02 6346.12
4661.88 6353.70
4675.15 6360.02
4688.12 6365.51
4702.63 6368.68
4716.83 6370.67
4731.59 6372.43
4745.40 6374.80
4760.29 6377.21
4773.99 6379.38
4787.92 6381.64
4801.67 6383.98
4815.91 6386.14
4830.46 6388.25
4844.86 6390.88
4857.56 6393.19
4866.34 6394.76
4870.72 6395.52
4870.73 6395.52
4870.73 6395.52
4870.73 6395.52
4870.73 6395.52
4870.73 6395.52
4870.73 6395.52
4870.73 6395.52
4870.73 6395.52
4870.73 6395.52
4870.73 6395.52
4870.73 6395.52
4870.73 6395.52
4870.73 6395.52
4870.73 6395.52
4870.73 6395.52
4870.73 6395.52
4870.73 6395.52
4870.73 6395.52
4870.73 6395.52
4870.73 6395.52
4870.73 6395.52
4870.73 6395.52
4870.73 6395.52
4870.73 6395.52
4870.73 6395.52
4870.73 6395.52
4870.73 6395.52
4870.73 6395.52
4870.73 6395.52
4870.73 6395.52
4870.73 6395.52
4870.73 6395.52
4870.73 6395.52
4873.39 6395.93
4877.83 6396.60
4884.19 6397.56
4892.78 6398.86
4902.98 6400.31
4914.72 6401.88
4928.70 6403.75
4943.28 6405.71
4957.47 6406.89
4972.68 6407.90
4987.35 6408.88
5002.01 6410.25
5016.69 6411.75
5030.81 6413.20
5044.65 6414.61
5059.74 6416.15
5064.66 6405.25
5066.21 6390.27
5067.65 6376.40
5069.20 6361.42
5070.29 6350.90
5070.91 6344.86
5072.73 6337.53
5081.23 6336.02
5092.09 6337.46
5105.65 6339.25
5120.56 6341.22
5135.00 6343.13
5149.54 6345.06
5163.54 6346.91
5178.00 6348.82
5192.98 6350.81
5207.15 6352.68
5221.53 6354.58
5235.78 6356.47
5250.08 6358.36
5264.09 6360.22
5274.48 6361.59
5280.95 6362.45
5289.11 6363.31
5299.89 6363.90
5312.73 6364.26
5327.03 6364.66
5341.78 6365.06
5356.56 6365.47
5371.62 6365.89
5386.51 6366.30
5400.32 6366.69
5409.93 6366.95
5416.19 6365.89
5425.02 6364.60
5437.25 6367.96
5444.33 6379.18
5451.91 6391.17
5459.40 6403.02
5466.89 6414.87
5474.76 6427.32
5481.28 6439.77
5485.97 6450.30
5488.83 6456.72
5489.88 6459.08
5490.18 6459.75
5490.24 6459.89
5490.25 6459.90
5490.25 6459.91
5490.25 6459.91
5490.25 6459.91
5490.25 6459.91
5490.25 6459.91
5490.25 6459.91
5490.25 6459.91
5490.25 6459.91
5490.25 6459.91
5490.25 6459.91
5490.25 6459.91
5490.25 6459.91
5490.25 6459.91
5490.25 6459.91
5490.25 6459.91
5490.25 6459.91
5490.54 6460.57
5490.64 6460.79
5490.66 6460.82
5490.66 6460.82
5490.66 6460.82
5490.66 6460.82
5490.66 6460.82
5490.66 6460.82
5490.66 6460.82
5490.66 6460.82
5490.66 6460.82
5490.66 6460.82
5490.66 6460.82
5490.66 6460.82
5490.66 6460.82
5490.66 6460.82
5490.66 6460.82
5490.66 6460.82
5490.66 6460.82
5490.66 6460.82
5490.66 6460.82
5490.66 6460.82
5490.66 6460.82
5490.66 6460.82
5490.66 6460.82
5490.66 6460.82
5490.66 6460.82
5490.66 6460.82
5490.66 6460.82
5490.66 6460.82
5490.66 6460.82
5490.66 6460.82
5490.66 6460.82
5490.66 6460.82
5490.66 6460.82
5490.66 6460.82
5490.66 6460.82
5490.66 6460.82
5490.66 6460.82
5490.66 6460.82
5490.66 6460.82
5490.66 6460.82
5490.66 6460.82
5490.66 6460.82
5490.66 6460.82
5490.66 6460.82
5490.66 6460.82
5490.66 6460.82
5490.66 6460.82
5490.66 6460.82
5490.66 6460.82
5490.66 6460.82
5490.66 6460.82
5490.66 6460.82
5490.66 6460.82
5490.66 6460.82
5490.66 6460.82
5490.66 6460.82
5490.66 6460.82
5490.66 6460.82
5490.66 6460.82
5490.66 6460.82
5490.66 6460.82
5490.66 6460.82
5490.66 6460.82
5490.66 6460.82
5490.66 6460.82
5490.66 6460.82
5490.66 6460.82
5490.66 6460.82
5490.66 6460.82
5490.66 6460.82
5490.66 6460.82
5490.66 6460.82
5490.66 6460.82
5490.66 6460.82
5490.66 6460.82
5490.66 6460.82
5490.66 6460.82
5490.66 6460.82
5490.66 6460.82
5490.66 6460.82
5490.66 6460.82
5490.66 6460.82
5490.66 6460.82
5490.66 6460.82
5490.66 6460.82
5490.66 6460.82
5490.66 6460.82
5490.66 6460.82
5490.66 6460.82
5490.66 6460.82
5490.66 6460.82
5490.66 6460.82
5490.66 6460.82
5490.66 6460.82
5490.66 6460.82
5490.66 6460.82
5490.66 6460.82
5490.66 6460.82
5490.66 6460.82
5490.66 6460.82
5490.66 6460.82
5490.66 6460.82
5490.66 6460.82
5490.66 6460.82
5490.66 6460.82
5490.66 6460.82
5490.66 6460.82
5490.66 6460.82
5490.66 6460.82
5490.66 6460.82
5490.66 6460.82
5490.66 6460.82
5490.66 6460.82
5490.66 6460.82
5490.66 6460.82
5490.66 6460.82
5490.66 6460.82
5490.66 6460.82
5490.66 6460.82
5490.66 6460.82
5490.66 6460.82
5490.66 6460.82
5490.66 6460.82
5490.66 6460.82
5490.66 6460.82
5490.66 6460.82
5490.66 6460.82
5490.66 6460.82
5490.66 6460.82
5490.66 6460.82
5490.66 6460.82
5490.66 6460.82
5490.66 6460.82
5490.66 6460.82
5490.66 6460.82
5490.66 6460.82
5490.66 6460.82
5490.66 6460.82
5490.66 6460.82
5490.66 6460.82
5490.66 6460.82
5490.66 6460.82
5490.66 6460.82
5490.66 6460.82
5490.66 6460.82
5490.66 6460.82
5490.66 6460.82
5490.66 6460.82
5490.66 6460.82
5490.66 6460.82
5490.66 6460.82
5490.66 6460.82
5490.66 6460.82
5490.66 6460.82
5490.66 6460.82
5490.66 6460.82
5490.66 6460.82
5490.66 6460.82
5490.66 6460.82
5490.66 6460.82
5490.66 6460.82
5490.66 6460.82
5490.66 6460.82
5490.66 6460.82
5490.66 6460.82
5490.66 6460.82
5490.66 6460.82
5490.66 6460.82
5490.66 6460.82
5490.66 6460.82
5490.66 6460.82
5490.66 6460.82
5490.66 6460.82
5490.66 6460.82
5490.66 6460.82
5490.66 6460.82
5490.66 6460.82
5490.66 6460.82
5490.66 6460.82
5490.66 6460.82
5490.66 6460.82
5490.66 6460.82
5490.66 6460.82
5490.66 6460.82
5490.66 6460.82
5490.66 6460.82
5490.66 6460.82
5490.66 6460.82
5490.66 6460.82
5490.66 6460.82
5490.66 6460.82
5490.66 6460.82
5490.66 6460.82
5490.66 6460.82
5490.66 6460.82
5490.66 6460.82
5490.66 6460.82
5490.66 6460.82
5490.66 6460.82
5490.66 6460.82
5490.66 6460.82
5490.66 6460.82
5490.66 6460.82
5490.66 6460.82
5490.66 6460.82
5490.66 6460.82
5490.66 6460.82
5490.66 6460.82
5490.66 6460.82
5490.66 6460.82
5490.66 6460.82
5490.66 6460.82
5490.66 6460.82
5490.66 6460.82
5490.66 6460.82
5490.66 6460.82
5490.66 6460.82
5490.66 6460.82
5490.66 6460.82
5490.66 6460.82
5490.66 6460.82
5490.66 6460.82
5490.66 6460.82
5490.66 6460.82
5490.66 6460.82
5490.66 6460.82
5490.66 6460.82
5490.66 6460.82
5490.66 6460.82
5490.66 6460.82
5490.66 6460.82
5490.66 6460.82
5490.66 6460.82
5490.66 6460.82
5490.66 6460.82
5490.66 6460.82
5490.66 6460.82
5490.66 6460.82
5490.66 6460.82
5490.66 6460.82
5490.66 6460.82
5490.66 6460.82
5490.66 6460.82
5490.66 6460.82
5490.66 6460.82
5490.66 6460.82
5490.66 6460.82
5490.66 6460.82
5490.66 6460.82
5490.66 6460.82
5490.66 6460.82
5490.66 6460.82
5490.66 6460.82
5490.66 6460.82
5490.66 6460.82
5490.66 6460.82
5490.66 6460.82
5490.66 6460.82
5490.66 6460.82
5490.66 6460.82
5490.66 6460.82
5490.66 6460.82
5490.66 6460.82
5490.66 6460.82
5490.66 6460.82
5490.66 6460.82
5490.66 6460.82
5490.66 6460.82
5490.66 6460.82
5490.66 6460.82
5490.66 6460.82
5490.66 6460.82
5490.66 6460.82
5490.66 6460.82
5490.66 6460.82
5490.66 6460.82
5490.66 6460.82
5490.66 6460.82
5490.66 6460.82
5490.66 6460.82
5490.66 6460.82
5490.66 6460.82
5490.66 6460.82
5490.66 6460.82
5490.66 6460.82
5490.66 6460.82
5490.66 6460.82
5490.66 6460.82
5490.66 6460.82
5490.66 6460.82
5490.66 6460.82
5490.66 6460.82
5490.66 6460.82
5490.66 6460.82
5490.66 6460.82
5490.66 6460.82
5490.66 6460.82
5490.66 6460.82
5490.66 6460.82
5490.66 6460.82
5490.66 6460.82
5490.66 6460.82
5490.66 6460.82
5490.66 6460.82
5490.66 6460.82
5490.66 6460.82
5490.66 6460.82
5490.66 6460.82
5490.66 6460.82
5490.66 6460.82
5490.66 6460.82
5490.66 6460.82
5490.66 6460.82
5490.66 6460.82
5490.66 6460.82
5490.66 6460.82
5490.66 6460.82
5490.66 6460.82
5490.66 6460.82
5490.66 6460.82
5490.66 6460.82
5490.66 6460.82
5490.66 6460.82
5490.66 6460.82
5490.66 6460.82
5490.66 6460.82
5490.66 6460.82
5490.66 6460.82
5490.66 6460.82
5490.66 6460.82
5490.66 6460.82
5490.66 6460.82
5490.66 6460.82
5490.66 6460.82
5490.66 6460.82
5490.66 6460.82
5490.66 6460.82
5490.66 6460.82
5490.66 6460.82
5490.66 6460.82
5490.66 6460.82
5490.66 6460.82
5490.66 6460.82
5490.66 6460.82
5490.66 6460.82
5490.66 6460.82
5490.66 6460.82
5490.66 6460.82
5490.66 6460.82
5490.66 6460.82
5490.66 6460.82
5490.66 6460.82
5490.66 6460.82
5490.66 6460.82
5490.66 6460.82
5490.66 6460.82
5490.66 6460.82
5490.66 6460.82
5490.66 6460.82
5490.66 6460.82
5490.66 6460.82
5490.66 6460.82
5490.66 6460.82
5490.66 6460.82
5490.66 6460.82
5490.66 6460.82
5491.33 6462.33
5492.15 6464.18
5493.38 6466.93
5495.88 6471.93
5499.90 6478.37
5506.24 6485.43
5515.27 6491.64
5525.72 6499.97
5538.93 6505.34
5553.15 6510.98
5566.67 6516.35
5580.35 6521.78
5593.49 6526.99
5606.81 6532.27
5620.51 6537.72
5633.84 6543.00
5646.78 6548.14
5660.32 6553.50
5673.25 6558.98
5686.46 6564.65
5700.18 6570.54
5713.86 6576.18
5727.87 6581.58
5741.50 6586.60
5754.56 6591.41
5763.32 6594.88
5768.58 6597.40
5770.59 6605.74
5771.09 6616.17
5771.50 6628.99
5771.93 6642.93
5772.37 6656.90
5772.81 6670.85
5773.27 6685.45
5773.70 6698.83
5773.98 6707.72
5774.12 6712.34
5776.25 6717.65
5784.62 6715.84
5795.59 6713.20
5808.38 6710.11
5822.88 6706.61
5837.13 6701.26
5850.97 6695.58
5863.98 6690.23
5876.62 6684.64
5885.43 6680.63
5890.28 6678.43
5896.52 6675.33
5903.14 6670.81
5908.56 6667.14
5911.97 6665.40
5913.86 6664.44
5914.95 6664.22
5917.59 6663.79
5922.84 6663.20
5930.86 6664.05
5940.06 6666.93
5950.64 6671.15
5963.10 6676.00
5976.43 6681.10
5991.23 6684.92
6005.81 6687.06
6015.94 6688.55
6022.94 6689.58
6025.49 6689.96
6026.02 6690.03
6026.31 6690.08
6026.40 6690.09
6026.45 6690.10
6026.46 6690.10
6026.47 6690.10
6026.47 6690.10
6026.47 6690.10
6026.47 6690.10
6027.98 6690.32
6030.83 6692.57
6032.02 6698.73
6033.16 6706.89
6034.50 6717.09
6036.03 6728.68
6037.81 6742.08
6039.64 6755.97
6041.64 6771.13
6043.37 6784.18
6044.50 6792.76
6045.08 6797.11
6045.44 6799.85
6045.52 6800.46
6045.57 6800.87
6045.57 6800.89
6045.58 6800.90
6045.58 6800.90
6045.58 6800.91
6045.58 6800.91
6045.58 6800.91
6045.58 6800.91
6045.58 6800.91
6045.83 6802.80
6046.47 6807.03
6051.53 6809.04
6060.12 6808.11
6070.77 6806.95
6082.99 6805.62
6097.79 6804.00
6112.34 6802.42
6127.29 6800.79
6142.06 6799.18
6156.39 6797.62
6166.24 6796.54
6171.62 6795.96
6176.51 6791.57
6175.25 6781.51
6173.73 6769.31
6171.90 6754.67
6170.55 6743.86
6169.62 6736.41
6169.19 6733.04
6169.16 6732.78
6169.16 6732.76
6169.16 6732.76
6169.16 6732.76
6169.16 6732.76
6169.16 6732.76
6169.16 6732.76
6169.16 6732.76
6169.16 6732.76
6169.16 6732.76
6169.16 6732.76
6169.16 6732.76
6169.16 6732.76
6169.16 6732.76
6169.16 6732.76
6169.16 6732.76
6169.16 6732.76
6169.16 6732.76
6169.16 6732.76
6169.16 6732.76
6168.95 6731.05
6168.51 6727.60
6167.87 6722.94
6166.88 6716.19
6165.63 6707.72
6163.90 6696.50
6161.58 6684.08
6157.50 6670.16
6153.02 6656.35
6148.65 6642.90
6144.03 6628.69
6139.89 6615.93
6134.81 6601.53
6130.51 6590.98
6127.62 6583.89
6125.31 6576.53
6128.52 6568.16
6139.64 6563.98
6152.97 6558.97
6166.28 6553.97
6179.67 6548.94
6192.70 6544.04
6206.83 6538.75
6220.76 6533.82
6234.03 6529.19
6247.43 6524.52
6261.32 6519.97
6275.05 6515.70
6288.62 6511.46
6302.26 6507.21
6315.68 6503.03
6326.27 6499.73
6333.85 6497.36
6337.14 6496.34
6337.57 6496.20
6337.83 6496.12
6336.85 6492.97
6336.85 6492.97
6336.85 6492.97
6336.85 6492.97
6336.85 6492.97
6336.85 6492.97
6335.87 6489.82
6335.87 6489.82
6335.87 6489.82
6335.87 6489.82
6335.87 6489.82
6335.87 6489.82
6335.87 6489.82
6335.87 6489.82
6335.87 6489.82
6335.87 6489.82
6335.87 6489.82
6335.87 6489.82
6335.87 6489.82
6335.87 6489.82
6335.87 6489.82
6335.87 6489.82
6335.87 6489.82
6335.87 6489.82
6335.87 6489.82
6335.87 6489.82
6335.87 6489.82
6335.87 6489.82
6335.87 6489.82
6335.87 6489.82
6335.87 6489.82
6335.87 6489.82
6335.87 6489.82
6335.87 6489.82
6335.87 6489.82
6335.87 6489.82
6335.87 6489.82
6335.87 6489.82
6338.57 6489.01
6342.67 6487.82
6348.91 6486.08
6357.60 6483.71
6367.98 6480.81
6380.87 6477.16
6395.25 6473.27
6409.12 6469.69
6422.74 6466.12
6434.21 6463.07
6441.34 6461.17
