4363.07 7412.13
4364.58 7411.97
4368.93 7411.52
4375.79 7410.80
4384.73 7409.87
4395.78 7408.73
4408.73 7407.38
4423.53 7405.84
4438.13 7404.32
4452.86 7402.79
4467.18 7401.30
4473.68 7413.43
4478.77 7426.84
4483.67 7439.74
4488.84 7453.38
4494.15 7467.36
4499.04 7480.25
4504.09 7493.55
4508.99 7506.48
4514.35 7520.60
4519.73 7534.78
4523.80 7545.51
4526.43 7552.44
4531.98 7558.87
4542.62 7555.75
4554.79 7552.18
4568.09 7548.46
4581.69 7544.93
4595.21 7541.42
4609.47 7537.06
4623.73 7532.67
4637.65 7528.19
4651.61 7523.45
4664.70 7518.97
4678.34 7514.09
4691.94 7509.38
4705.73 7504.13
4718.33 7498.56
4731.76 7492.66
4745.03 7486.02
4758.38 7478.87
4771.35 7471.59
4784.23 7464.08
4796.95 7456.87
4810.01 7449.43
4822.82 7442.07
4835.65 7434.69
4848.41 7427.32
4861.44 7419.53
4874.24 7412.01
4886.82 7404.99
4895.48 7400.15
4900.96 7397.10
4906.85 7391.98
4908.40 7381.85
4906.26 7370.15
4904.61 7356.84
4902.99 7342.49
4901.85 7327.44
4900.80 7313.68
4899.75 7299.90
4898.66 7285.51
4897.49 7270.86
4896.25 7256.31
4895.08 7242.47
4893.91 7228.80
4892.71 7214.76
4891.45 7199.98
4890.58 7189.67
4890.52 7183.19
4897.41 7178.65
4908.82 7177.56
4922.80 7176.48
4936.60 7175.41
4950.66 7174.31
4965.00 7173.20
4979.13 7172.10
4993.64 7170.98
5007.55 7169.90
5022.36 7168.74
5037.14 7167.60
5052.09 7166.44
5066.16 7165.34
5080.10 7164.37
5093.96 7163.44
5109.09 7162.42
5123.03 7161.49
5138.18 7160.47
5151.86 7159.56
5166.66 7158.35
5179.67 7153.61
5183.12 7139.91
5186.61 7125.86
5190.09 7111.80
5192.77 7101.00
5194.72 7093.12
5195.59 7089.61
5197.76 7084.01
5204.32 7080.39
5214.24 7078.56
5226.50 7076.30
5240.89 7072.81
5254.19 7069.05
5268.39 7063.91
5281.38 7059.00
5294.40 7053.77
5307.95 7047.46
5320.69 7041.07
5333.14 7033.48
5344.67 7025.35
5356.55 7016.79
5368.09 7008.15
5378.70 6998.85
5389.20 6989.32
5399.36 6978.49
5409.34 6967.76
5419.14 6957.23
5428.95 6946.69
5438.67 6935.71
5448.50 6924.58
5457.81 6914.11
5467.72 6902.95
5475.89 6893.76
5482.05 6886.82
5485.38 6883.08
5485.82 6882.58
5485.98 6882.40
5486.10 6882.26
5486.86 6881.37
5488.67 6879.24
5492.00 6875.30
5496.82 6869.60
5502.47 6862.65
5509.27 6854.24
5517.93 6843.53
5526.72 6832.65
5535.68 6821.57
5541.98 6813.78
5545.81 6809.84
5553.34 6810.35
5562.03 6816.97
5573.18 6822.91
5587.00 6818.54
5601.62 6816.44
5615.59 6814.44
5630.19 6812.35
5644.76 6810.27
5657.93 6808.38
5666.64 6807.14
5670.98 6806.52
5677.22 6805.64
5686.38 6804.38
5697.26 6802.91
5710.71 6801.12
5724.31 6799.31
5739.07 6797.34
5752.65 6795.54
5766.51 6793.69
5777.91 6792.17
5790.46 6790.50
5801.08 6789.09
5812.38 6787.58
5823.19 6786.14
5833.74 6784.74
5844.85 6783.26
5855.18 6781.88
5865.98 6780.45
5876.20 6779.09
5886.87 6777.66
5898.20 6776.16
5907.54 6774.91
5918.06 6773.57
5928.05 6772.48
5939.20 6771.35
5949.47 6770.12
5956.16 6760.30
5961.23 6746.41
5966.12 6733.05
5970.91 6719.96
5974.91 6709.01
5977.88 6700.88
5979.31 6696.98
5979.46 6696.57
5979.57 6696.26
5979.58 6696.23
5979.58 6696.22
5979.59 6696.22
5979.59 6696.22
5979.59 6696.21
5979.59 6696.21
5979.59 6696.21
5979.59 6696.21
5979.59 6696.21
5980.44 6693.96
5982.36 6688.97
5985.38 6682.46
5994.07 6682.01
6005.95 6683.75
6019.49 6685.74
6034.21 6687.91
6048.08 6689.97
6061.77 6692.01
6076.71 6694.24
6091.15 6696.38
6105.79 6698.56
6119.92 6697.32
6133.88 6699.40
6144.10 6700.92
6150.53 6701.88
6154.18 6702.42
6154.58 6702.48
6154.58 6702.48
6154.58 6702.48
6154.58 6702.48
6154.58 6702.48
6154.58 6702.48
6154.58 6702.48
6154.58 6702.48
6154.58 6702.48
6154.58 6702.48
6154.58 6702.48
6154.58 6702.48
6154.58 6702.48
6154.58 6702.48
6154.58 6702.48
6154.58 6702.48
6154.58 6702.48
6154.58 6702.48
6154.58 6702.48
6154.58 6702.48
6154.58 6702.48
6154.58 6702.48
6154.58 6702.48
6154.58 6702.48
6154.58 6702.48
6154.58 6702.48
6154.58 6702.48
6154.58 6702.48
6156.14 6702.71
6159.62 6703.23
6165.47 6704.16
6173.79 6705.53
6183.75 6707.26
6195.75 6709.42
6209.35 6711.88
6223.22 6714.86
6237.77 6719.20
6251.34 6723.94
6265.57 6728.86
6278.71 6733.73
6292.97 6739.17
6306.07 6744.55
6319.41 6750.46
6332.43 6756.23
6346.00 6762.24
6359.11 6768.05
6372.17 6773.84
6385.88 6779.92
6399.21 6785.77
6413.56 6790.33
6428.03 6794.84
6442.16 6799.24
6451.14 6788.88
6453.52 6775.34
6455.94 6761.13
6461.35 6748.12
6463.72 6733.28
6466.06 6718.56
6468.31 6704.43
6470.42 6691.19
6471.86 6682.21
6472.66 6677.14
6473.04 6674.81
6473.07 6674.61
6473.07 6674.60
6473.07 6674.59
6469.81 6674.08
6470.10 6672.26
6470.65 6668.94
6471.51 6663.67
6472.78 6656.32
6477.82 6646.59
6479.98 6634.14
6482.43 6619.97
6484.83 6606.18
6483.49 6590.84
6482.14 6576.77
6481.17 6562.41
6480.27 6547.95
6478.56 6533.63
6477.40 6519.95
6476.90 6508.25
6476.57 6500.30
6476.33 6495.69
6476.29 6495.30
6476.27 6495.11
6476.26 6495.01
6476.26 6495.00
6476.26 6495.00
6476.26 6494.99
6476.26 6494.99
6476.26 6494.99
6476.26 6494.99
6476.26 6494.99
6476.26 6494.99
6476.26 6494.99
6476.26 6494.99
6476.26 6494.99
6476.26 6494.99
6476.26 6494.99
6476.26 6494.99
6476.26 6494.99
6476.26 6494.99
6476.26 6494.99
6476.26 6494.99
6476.26 6494.99
6476.26 6494.99
6476.26 6494.99
6476.26 6494.99
6476.26 6494.99
6476.26 6494.99
6476.26 6494.99
6476.26 6494.99
6476.26 6494.99
6476.26 6494.99
6476.26 6494.99
6476.26 6494.99
6476.26 6494.99
6476.13 6493.57
6475.78 6489.86
6475.71 6483.90
6475.83 6479.26
6476.23 6476.93
6478.73 6472.84
6485.20 6471.94
6493.14 6476.00
6502.86 6482.45
6513.76 6489.97
6525.51 6498.20
6537.21 6506.37
6549.44 6514.91
6561.07 6523.79
6572.90 6531.76
6583.99 6539.19
6593.31 6545.49
6599.97 6549.98
6602.89 6551.96
6605.40 6549.67
6607.68 6551.20
6612.03 6554.14
6618.20 6558.42
6626.82 6564.41
6637.56 6571.89
6649.15 6579.99
6660.64 6588.02
6671.94 6595.91
6683.97 6604.22
6697.97 6609.83
6709.62 6617.89
6722.03 6626.48
6734.27 6634.96
6746.32 6643.30
6758.00 6651.39
6769.54 6659.38
6781.18 6667.44
6793.45 6675.93
6805.79 6684.48
6817.67 6692.71
6829.56 6700.94
6841.05 6708.89
6853.52 6717.54
6865.22 6725.77
6876.50 6733.73
6888.49 6742.18
6900.43 6750.60
6912.74 6758.95
6924.79 6766.37
6937.61 6771.09
6950.21 6769.84
6958.90 6757.63
6967.29 6745.78
6972.88 6732.01
6978.38 6718.46
6983.55 6705.75
6988.95 6692.45
6994.12 6679.74
6999.33 6666.90
7004.60 6653.93
7010.31 6639.90
7015.93 6626.05
7021.38 6612.64
7026.88 6599.12
7032.32 6585.72
7037.57 6572.81
7042.76 6560.01
7048.47 6546.90
7059.53 6538.41
7073.77 6542.63
7087.22 6548.08
7101.11 6553.72
7114.67 6551.69
7126.70 6544.16
7137.04 6533.78
7145.79 6521.84
7153.75 6509.53
7161.79 6497.07
7169.28 6485.47
7177.14 6473.25
7184.75 6461.37
7192.78 6448.83
7200.56 6436.68
7208.31 6424.58
7213.68 6410.03
7221.47 6397.71
7229.23 6385.44
7236.96 6373.24
7244.97 6360.56
7252.74 6348.28
7260.44 6336.12
7268.27 6323.75
7277.24 6311.24
7289.49 6298.45
7302.98 6284.44
7318.93 6272.33
7337.49 6261.97
7356.24 6252.69
7371.79 6244.99
7384.44 6238.73
7398.93 6232.18
7409.64 6227.54
7418.18 6225.39
7422.36 6224.36
7422.65 6224.29
7422.69 6224.28
7422.69 6224.28
7422.69 6224.28
7422.69 6224.28
7422.69 6224.28
7422.69 6224.28
7422.69 6224.28
7422.69 6224.28
7422.69 6224.28
7422.69 6224.28
7422.69 6224.28
7422.69 6224.28
7422.69 6224.28
7422.69 6224.28
7422.69 6224.28
7422.69 6224.28
7422.69 6224.28
7422.69 6224.28
7422.69 6224.28
7422.69 6224.28
7422.69 6224.28
7422.69 6224.28
7422.69 6224.28
7422.69 6224.28
7422.69 6224.28
7422.69 6224.28
7422.69 6224.28
7422.69 6224.28
7422.69 6224.28
7422.69 6224.28
7422.69 6224.28
7422.69 6224.28
7422.69 6224.28
7423.45 6224.10
7424.86 6223.75
7428.81 6222.78
7435.24 6221.20
7442.28 6214.03
7442.93 6202.03
7440.28 6190.38
7437.54 6178.36
7434.57 6165.30
7431.65 6152.47
7428.62 6139.19
7425.51 6125.55
7422.82 6112.72
7421.06 6100.12
7419.52 6089.04
7418.34 6080.56
7417.78 6076.53
7417.63 6075.46
7417.53 6074.77
7417.50 6074.59
7417.50 6074.56
7417.50 6074.55
7417.50 6074.55
7417.50 6074.55
7417.50 6074.55
7417.50 6074.55
7417.50 6074.55
7417.50 6074.55
7417.50 6074.55
7417.50 6074.55
7417.50 6074.55
7417.50 6074.55
7417.50 6074.55
7417.50 6074.55
7417.50 6074.55
7417.50 6074.55
7417.50 6074.55
7417.50 6074.55
7417.50 6074.55
7417.50 6074.55
7417.50 6074.55
7417.50 6074.55
7417.50 6074.55
7417.28 6072.98
7416.86 6069.96
7416.67 6068.63
7416.61 6068.20
7416.45 6067.00
7416.14 6064.77
7415.45 6059.87
7415.49 6054.32
7420.91 6048.72
7429.69 6043.96
7440.56 6043.45
7454.22 6042.81
7469.94 6042.39
7486.97 6044.69
7501.18 6038.97
7517.06 6032.45
7531.83 6026.39
7548.09 6019.72
7560.47 6012.26
7575.43 6004.93
7589.78 5999.04
7605.26 5993.14
7617.98 5994.09
7627.46 5996.05
7632.48 5997.14
7633.69 5997.40
7633.74 5997.41
7633.74 5997.41
7633.74 5997.41
7633.74 5997.41
7633.74 5997.41
7633.74 5997.41
7633.74 5997.41
7633.74 5997.41
7633.74 5997.41
7633.74 5997.41
7633.74 5997.41
7633.74 5997.41
7633.74 5997.41
7633.74 5997.41
7633.74 5997.41
7633.74 5997.41
7633.74 5997.41
7633.74 5997.41
7633.74 5997.41
7633.74 5997.41
7633.74 5997.41
7633.74 5997.41
7633.74 5997.41
7633.74 5997.41
7633.74 5997.41
7633.74 5997.41
7633.74 5997.41
7633.74 5997.41
7633.74 5997.41
7633.74 5997.41
7633.74 5997.41
7633.74 5997.41
7633.74 5997.41
7633.74 5997.41
7633.74 5997.41
7633.74 5997.41
7633.74 5997.41
7633.74 5997.41
7633.74 5997.41
7633.74 5997.41
7633.74 5997.41
7633.74 5997.41
7633.74 5997.41
7633.74 5997.41
7633.74 5997.41
7633.74 5997.41
7635.33 5997.76
7637.55 5998.24
7642.21 5999.31
7647.02 5997.32
7649.68 5989.04
7652.86 5979.14
7659.82 5968.27
7664.29 5954.33
7668.96 5939.79
7672.37 5929.19
7674.51 5922.50
7675.67 5918.90
7675.77 5918.59
7675.77 5918.58
7675.77 5918.57
7675.77 5918.57
7675.77 5918.57
7675.77 5918.57
7675.77 5918.57
7675.77 5918.57
7675.77 5918.57
7675.77 5918.57
7675.77 5918.57
7675.77 5918.57
7675.77 5918.57
7675.77 5918.57
7675.77 5918.57
7675.77 5918.57
7675.77 5918.57
7675.77 5918.57
7675.77 5918.57
7675.77 5918.57
7675.77 5918.57
7675.77 5918.57
7675.77 5918.57
7675.77 5918.57
7676.30 5916.69
7677.18 5913.01
7678.38 5906.49
7679.57 5897.39
7681.13 5885.40
7682.95 5871.44
7684.47 5855.62
7685.74 5841.21
7686.75 5829.74
7687.27 5822.79
7694.97 5818.70
7706.36 5820.97
7719.96 5824.03
7734.16 5826.78
7739.90 5814.36
7744.59 5801.30
7749.45 5787.75
7756.70 5778.50
7763.56 5774.43
7772.78 5768.73
7779.72 5757.15
7785.65 5744.28
7791.44 5731.72
7797.60 5718.34
7803.71 5705.09
7809.96 5691.53
7815.70 5679.07
7820.99 5665.88
7825.88 5652.29
7830.56 5639.27
7835.86 5625.48
7843.85 5614.33
7854.83 5604.52
7867.99 5598.25
7879.84 5596.23
7887.36 5595.26
7896.78 5589.73
7896.59 5578.11
7896.40 5565.83
7896.25 5556.59
7896.18 5551.86
7896.16 5550.94
7896.15 5550.41
7896.15 5550.36
7896.15 5550.34
7896.15 5550.34
7896.15 5550.34
7896.14 5549.53
7896.09 5546.72
7896.00 5540.95
7895.94 5532.75
7895.95 5524.71
7896.07 5514.43
7896.30 5502.51
7896.55 5489.94
7896.85 5476.48
7897.15 5462.35
7898.20 5449.57
7899.65 5436.77
7900.70 5427.54
7901.79 5417.89
7902.43 5412.29
7903.53 5407.49
7908.95 5402.80
7919.06 5402.31
7930.96 5402.36
7944.94 5402.38
7960.83 5399.20
7978.84 5399.41
7995.12 5399.89
8012.39 5400.83
8027.91 5402.96
8042.86 5405.45
8058.27 5408.02
8073.51 5410.56
8089.33 5413.20
8103.75 5415.60
8118.58 5418.08
8133.34 5421.03
8149.14 5424.26
8163.85 5427.27
8179.04 5434.03
8193.70 5437.73
8208.65 5441.49
8222.78 5445.38
8239.51 5446.28
8256.45 5450.41
8272.32 5454.24
8288.75 5458.32
8302.51 5461.77
8317.67 5465.39
8331.75 5468.76
8346.18 5472.56
8361.11 5476.51
8375.07 5480.44
8390.27 5484.55
8405.67 5488.50
8421.29 5492.47
8436.75 5496.39
8452.28 5500.34
8467.22 5504.13
8481.76 5507.82
8497.19 5511.74
8511.66 5514.54
8526.59 5516.19
8542.14 5517.43
8557.22 5517.98
8573.07 5518.25
8585.18 5508.20
8591.13 5492.20
8597.00 5476.41
8603.17 5459.79
8609.24 5443.92
8616.23 5428.47
8623.72 5412.40
8632.27 5397.09
8643.20 5383.20
8653.66 5370.55
8667.50 5361.49
8682.43 5351.91
8698.66 5345.94
8714.71 5340.11
8731.81 5336.75
8748.16 5333.54
8765.44 5330.90
8783.42 5329.47
8800.94 5326.76
8817.72 5321.94
8833.83 5314.72
8849.18 5305.61
8864.21 5295.35
8878.50 5284.95
8893.27 5274.19
8906.41 5260.56
8920.84 5250.06
8935.30 5239.54
8949.34 5229.56
8964.05 5219.34
8976.30 5207.86
8988.21 5195.33
8999.20 5181.26
9010.02 5167.41
9020.78 5153.63
9031.12 5140.40
9044.26 5128.39
9060.28 5122.87
9077.25 5125.69
9092.87 5131.93
9109.27 5139.02
9125.68 5146.12
9142.19 5153.26
9158.78 5159.76
9171.73 5152.40
9177.85 5136.51
9192.09 5126.73
9206.09 5115.67
9217.38 5102.71
9226.75 5088.42
9230.69 5072.16
9232.16 5054.89
9235.50 5038.69
9249.71 5029.59
9264.52 5037.86
9272.25 5052.71
9279.86 5069.02
9287.14 5084.63
9299.38 5097.67
9313.19 5106.98
9329.68 5108.87
9344.64 5101.28
9358.99 5090.45
9372.82 5079.41
9386.47 5068.53
9399.91 5057.89
9403.96 5045.64
9395.44 5030.15
9386.71 5014.60
9378.18 4998.82
9369.62 4983.75
9360.68 4968.48
9351.02 4953.64
9345.50 4937.71
9347.87 4920.31
9356.36 4904.66
9367.75 4892.15
9380.92 4880.15
9395.81 4869.99
9411.42 4862.54
9427.00 4856.44
9442.89 4850.72
9458.92 4845.11
9475.63 4842.98
9492.47 4842.89
9509.47 4845.64
9526.70 4851.31
9542.81 4856.77
9559.01 4862.91
9575.15 4869.03
9591.53 4874.60
9608.39 4879.35
9625.78 4882.03
9643.71 4881.73
9660.53 4878.41
9675.19 4870.33
9687.24 4857.91
9700.54 4846.20
9714.32 4834.74
9727.69 4823.63
9741.36 4812.27
9754.89 4801.02
9768.78 4789.48
9782.33 4778.21
9795.92 4766.91
9809.32 4755.77
9822.74 4744.62
9836.61 4733.09
9850.57 4721.49
9864.32 4710.06
9878.84 4699.04
9895.68 4691.27
9910.31 4683.17
9926.41 4677.31
9942.51 4672.38
9959.76 4667.53
9976.10 4662.62
9992.34 4656.06
10007.87 4647.73
10022.50 4638.32
10036.67 4627.43
10049.22 4616.09
10062.39 4604.20
10075.66 4592.20
10088.07 4580.90
10101.00 4569.13
10113.91 4557.38
10126.72 4545.50
10138.78 4533.64
10150.71 4521.86
10163.52 4509.22
10175.99 4496.91
10187.91 4485.14
10200.81 4472.40
10213.16 4460.21
10225.16 4448.37
10237.17 4436.47
10249.93 4423.91
10262.59 4411.47
10275.44 4398.84
10280.26 4382.42
10273.47 4365.92
10263.79 4352.45
10249.90 4342.09
10239.43 4328.25
10231.32 4312.78
10223.30 4297.47
10214.53 4282.37
10204.94 4268.27
10205.71 4253.88
10212.61 4243.74
10218.20 4239.04
10223.18 4231.83
10216.87 4222.16
10209.14 4210.55
10201.99 4195.74
10196.53 4178.61
10196.45 4161.74
10196.56 4144.24
10196.68 4126.11
10194.95 4108.64
10192.71 4092.18
10188.54 4076.92
10176.85 4064.11
10160.61 4058.68
10145.52 4051.60
10131.62 4042.25
10119.24 4029.01
10107.68 4015.80
10095.70 4002.11
10084.57 3989.39
10073.29 3976.51
10061.35 3962.87
10048.80 3948.67
10036.95 3935.37
10025.42 3922.43
10014.02 3909.64
10002.70 3896.94
9990.61 3883.38
9979.13 3870.51
9968.00 3858.02
9956.01 3844.57
9944.27 3831.39
9933.02 3818.78
9920.92 3805.20
9908.85 3791.66
9897.25 3778.64
9885.99 3766.01
9874.03 3752.60
9862.26 3739.40
9850.71 3726.44
9838.98 3713.27
9827.56 3700.46
9815.85 3687.32
9804.30 3674.37
9792.35 3660.96
9781.43 3647.22
9770.39 3633.33
9759.18 3619.22
9748.36 3604.90
9738.65 3590.56
9728.71 3575.88
9722.95 3559.07
9718.16 3542.83
9713.44 3525.32
9708.77 3508.05
9704.36 3491.69
9699.87 3475.12
9694.05 3458.68
9686.54 3443.35
9675.85 3429.80
9664.90 3415.94
9654.11 3402.27
9643.27 3388.54
9631.88 3375.50
9618.72 3363.22
9606.22 3351.57
9593.43 3339.63
9580.18 3327.27
9567.37 3315.32
9554.90 3303.69
9541.60 3291.29
9529.33 3279.84
9516.91 3268.26
9504.48 3256.66
9491.63 3244.68
9479.54 3232.09
9471.84 3216.58
9464.18 3201.30
9455.95 3185.78
9447.39 3169.85
9438.87 3154.00
9430.99 3138.62
9426.59 3121.94
9422.12 3105.03
9420.42 3087.61
9419.11 3069.50
9417.68 3051.87
9416.14 3034.02
9414.00 3016.72
9410.57 2999.41
9407.05 2981.64
9401.93 2965.64
9395.46 2949.47
9388.36 2933.51
9378.29 2919.52
9367.90 2905.07
9357.39 2890.72
9347.32 2877.20
9336.60 2862.80
9324.86 2849.83
9311.56 2837.39
9298.88 2826.33
9283.51 2819.27
9267.96 2812.13
9252.11 2804.86
9235.74 2797.34
9219.44 2789.86
9203.94 2781.31
9189.75 2771.95
9174.67 2761.99
9160.30 2752.50
9148.28 2739.63
9140.26 2728.26
9131.82 2716.30
9119.84 2707.43
9104.75 2704.53
9090.78 2702.66
9076.74 2698.57
9062.81 2694.50
9049.85 2690.55
9036.55 2685.74
9023.21 2680.91
9009.85 2675.94
8995.54 2670.63
8981.15 2665.30
8967.23 2660.84
8952.40 2656.42
8937.68 2652.56
8925.97 2654.05
8919.12 2656.06
8916.13 2657.30
8915.98 2657.36
8915.90 2657.39
8915.88 2657.40
8915.87 2657.40
8915.87 2657.41
8915.87 2657.41
8915.87 2657.41
8915.87 2657.41
8915.87 2657.41
8915.87 2657.41
8914.30 2658.22
8910.63 2659.18
8906.20 2657.86
8900.68 2654.15
8894.22 2648.26
8886.93 2640.47
8878.10 2631.03
8868.96 2621.27
8860.74 2612.48
8851.82 2602.95
8842.48 2592.96
8834.11 2584.03
8823.00 2576.52
8812.82 2569.74
8802.87 2563.12
8793.83 2554.61
8784.62 2545.89
8775.25 2537.30
8765.85 2529.73
8755.17 2522.50
8745.46 2516.50
8733.63 2510.27
8721.63 2504.03
8710.01 2498.85
8702.10 2495.41
8698.30 2493.76
8696.89 2493.14
8696.26 2492.87
8696.15 2492.82
8696.11 2492.80
8696.11 2492.80
8696.10 2492.80
8696.10 2492.80
8696.10 2492.80
8695.37 2492.48
8693.34 2491.60
8688.97 2489.99
8684.81 2488.56
8683.96 2488.26
8682.34 2487.70
8679.43 2486.87
8674.05 2486.33
8666.79 2485.90
8657.98 2486.11
8652.69 2485.45
8646.94 2480.44
8642.07 2471.85
8633.38 2463.96
8620.45 2457.76
8605.38 2451.73
8588.55 2446.01
8572.33 2440.99
8555.56 2436.86
8538.77 2432.73
8528.27 2419.86
8526.80 2403.65
8533.45 2387.31
8542.68 2372.38
8551.95 2357.37
8561.53 2343.35
8572.63 2330.73
8584.49 2317.67
8596.09 2304.18
8604.84 2289.36
8611.95 2273.00
8619.13 2256.49
8626.38 2239.79
8630.63 2222.45
8633.82 2205.38
8636.57 2188.35
8639.43 2170.62
8642.15 2153.79
8645.06 2136.97
8648.74 2120.17
8652.60 2103.14
8656.49 2086.36
8660.41 2069.73
8664.11 2053.23
8667.93 2035.58
8671.02 2018.09
8673.60 2000.62
8674.97 1983.18
8676.11 1966.10
8677.27 1948.60
8678.76 1931.61
8681.71 1914.84
8684.91 1898.25
8687.63 1881.43
8689.24 1864.24
8687.38 1846.41
8685.11 1828.82
8682.73 1812.02
8679.83 1794.97
8676.90 1777.79
8673.52 1760.35
8668.97 1743.61
8662.92 1727.49
8654.81 1712.52
8645.07 1698.22
8634.56 1687.18
8625.38 1677.61
8619.35 1671.31
8614.26 1666.00
8609.12 1660.35
8606.99 1656.81
8606.90 1656.35
8606.83 1655.99
8606.84 1652.85
8610.37 1648.02
8617.00 1643.17
8625.60 1637.16
8635.46 1630.02
8646.02 1621.29
8656.98 1610.90
8666.58 1600.02
8675.62 1588.64
8684.95 1576.88
8693.97 1565.52
8701.06 1551.57
8710.69 1539.93
8719.36 1528.96
8728.71 1517.12
8736.29 1505.34
8740.19 1491.19
8742.20 1476.71
8744.00 1463.06
8745.83 1449.20
8747.64 1435.55
8749.53 1421.27
8751.43 1406.88
8753.35 1392.34
8755.31 1377.49
8757.24 1362.88
8759.20 1348.03
8761.05 1334.08
8763.02 1319.15
8764.91 1304.88
8766.74 1291.00
8768.69 1276.22
8770.56 1262.08
8772.52 1247.29
8774.50 1232.26
8776.47 1217.37
8778.45 1202.42
8780.44 1187.37
8782.41 1172.43
8784.21 1158.84
8786.37 1144.95
8791.08 1131.98
8801.65 1124.20
8812.81 1115.61
8824.26 1107.36
8836.00 1098.90
8847.46 1090.64
8859.72 1081.81
8871.32 1072.27
8882.41 1062.77
8893.43 1053.34
8903.55 1043.80
8913.43 1033.92
8923.85 1023.48
8933.94 1013.38
8946.03 1004.50
8960.55 1003.84
8974.64 1007.31
8989.17 1010.88
9003.65 1014.45
9017.10 1017.76
9030.44 1021.04
9043.84 1024.34
9053.85 1026.81
9059.96 1028.31
9063.33 1029.14
9064.88 1029.52
9065.81 1029.75
9067.51 1030.17
9071.81 1031.23
9076.10 1032.28
9082.32 1033.81
9090.30 1035.78
9100.77 1038.36
9113.41 1039.97
9127.05 1038.23
9140.99 1043.95
9156.42 1052.44
9172.93 1057.34
9190.27 1061.98
9207.52 1066.59
9223.79 1070.94
9240.45 1075.39
9257.02 1080.50
9271.97 1088.52
9286.02 1099.91
9296.28 1114.34
9304.72 1129.87
9311.19 1145.12
9316.78 1159.41
9322.01 1172.75
9326.37 1183.91
9331.29 1196.54
9335.62 1207.70
9339.98 1218.90
9344.03 1229.35
9348.93 1241.95
9353.02 1253.46
9355.97 1264.54
9359.33 1277.13
9361.32 1289.01
9363.08 1300.68
9364.71 1311.53
9366.56 1323.83
9368.19 1334.96
9369.69 1346.67
9371.07 1357.44
9372.58 1369.15
9374.12 1381.17
9375.64 1393.05
9377.21 1405.27
9379.07 1419.82
9380.95 1434.47
9382.83 1449.12
9384.48 1461.99
9386.18 1475.23
9387.90 1488.63
9390.25 1500.41
9393.34 1511.80
9396.55 1523.62
9399.43 1534.22
9401.79 1542.88
9403.08 1547.63
