9119.11 7034.82
9120.75 7035.24
9124.39 7036.15
9129.68 7037.47
9137.41 7039.41
9147.01 7041.81
9158.96 7044.80
9171.25 7047.88
9182.80 7051.36
9195.13 7055.81
9206.54 7059.93
9218.06 7064.09
9230.45 7068.56
9242.77 7073.01
9255.33 7077.54
9266.83 7081.69
9278.41 7085.87
9290.00 7090.05
9301.80 7094.31
9314.34 7098.84
9326.29 7103.15
9337.74 7107.28
9349.58 7111.56
9361.96 7116.02
9374.19 7120.44
9386.65 7125.26
9398.75 7130.08
9411.08 7134.91
9423.61 7139.39
9435.33 7143.58
9447.29 7147.85
9459.80 7152.33
9471.55 7156.57
9484.04 7161.14
9495.42 7165.26
9507.45 7169.28
9519.17 7173.15
9531.25 7177.06
9543.34 7181.36
9555.97 7185.81
9568.57 7190.20
9579.55 7194.14
9586.36 7196.84
9589.70 7199.16
9589.14 7204.43
9583.64 7209.76
9576.68 7215.96
9568.03 7223.66
9558.11 7232.50
9549.25 7241.10
9540.49 7250.36
9531.92 7259.43
9524.16 7268.66
9516.11 7278.50
9508.28 7287.79
9501.37 7298.15
9497.50 7309.79
9493.50 7321.84
9489.62 7333.52
9486.80 7342.00
9485.41 7346.20
9483.32 7351.59
9478.77 7357.59
9469.69 7356.61
9457.98 7352.85
9446.21 7349.12
9434.40 7345.55
9421.93 7341.68
9409.34 7337.60
9396.58 7333.60
9383.81 7332.98
9371.24 7328.94
9358.81 7324.75
9346.27 7320.53
9334.84 7316.68
9323.06 7312.71
9310.52 7308.48
9298.18 7304.32
9285.48 7300.05
9272.84 7299.26
9261.24 7291.88
9249.71 7287.99
9237.73 7283.96
9225.36 7279.79
9213.41 7275.76
9201.82 7271.85
9189.14 7267.58
9177.10 7263.52
9165.37 7259.57
9152.32 7258.65
9141.78 7251.62
9129.13 7247.36
9117.52 7243.45
9105.43 7239.37
9093.41 7235.32
9080.94 7231.12
9069.30 7227.20
9056.82 7223.00
9044.22 7218.83
9032.52 7214.96
9020.60 7211.01
9008.28 7206.93
8996.53 7203.03
8984.86 7195.76
8972.56 7192.00
8960.76 7188.41
8948.68 7184.70
8935.94 7180.51
8924.13 7176.60
8911.67 7172.75
8900.17 7168.55
8887.91 7164.03
8876.23 7159.79
8864.68 7155.14
8853.23 7148.70
8842.67 7142.03
8833.47 7133.35
8824.12 7124.03
8816.37 7114.40
8808.57 7104.60
8800.51 7095.50
8791.30 7086.55
8781.60 7078.64
8770.78 7071.05
8759.15 7065.69
8747.01 7060.32
8736.89 7058.05
8730.88 7056.29
8728.85 7054.65
8728.82 7054.58
8728.80 7054.54
8727.97 7052.94
8727.76 7049.23
8729.02 7043.50
8731.54 7036.27
8734.87 7027.08
8738.95 7015.81
8743.44 7003.39
8747.89 6991.12
8752.18 6979.25
8756.57 6967.13
8760.74 6955.60
8763.82 6947.11
8765.36 6942.85
8764.73 6937.56
8757.80 6934.74
8748.36 6931.04
8736.68 6926.47
8723.82 6923.78
8710.85 6921.27
8698.31 6918.86
8686.09 6918.08
8673.85 6917.33
8660.96 6917.07
8648.40 6917.43
8635.82 6918.08
8623.28 6919.97
8610.67 6922.05
8598.27 6925.22
8585.52 6928.79
8573.90 6932.45
8561.88 6936.25
8553.49 6938.90
8546.42 6941.13
8537.22 6942.39
8535.06 6931.48
8535.75 6918.97
8536.47 6906.02
8537.15 6893.67
8537.85 6881.05
8538.58 6867.81
8534.98 6855.13
8529.53 6844.02
8520.56 6835.94
8509.89 6830.05
8497.70 6829.42
8485.46 6832.69
8473.62 6837.86
8462.66 6843.64
8451.02 6848.65
8438.53 6848.28
8431.10 6838.35
8431.63 6826.02
8435.10 6814.21
8443.44 6805.32
8453.44 6798.23
8463.78 6790.90
8474.89 6784.10
8485.87 6778.46
8498.21 6774.74
8510.95 6771.76
8521.14 6764.79
8519.57 6754.30
8507.85 6752.37
8495.34 6755.98
8483.53 6759.04
8471.70 6761.89
8459.36 6764.65
8446.83 6767.74
8434.34 6770.88
8421.95 6773.01
8408.75 6774.20
8402.47 6763.93
8404.83 6751.77
8413.20 6742.52
8424.00 6735.48
8435.53 6728.70
8446.49 6722.27
8457.45 6715.07
8468.06 6708.01
8478.97 6700.75
8489.64 6693.65
8500.43 6686.52
8511.11 6679.97
8521.30 6673.52
8531.88 6666.36
8542.24 6659.15
8552.48 6652.02
8565.11 6648.55
8578.07 6645.81
8589.87 6641.96
8599.15 6633.36
8604.25 6622.59
8605.96 6609.91
8600.49 6597.93
8595.00 6585.93
8591.50 6573.59
8589.72 6563.95
8588.76 6558.73
8586.81 6551.94
8578.69 6547.20
8567.61 6547.31
8555.51 6547.91
8542.53 6549.38
8529.96 6550.80
8516.93 6552.27
8504.83 6553.64
8491.72 6555.94
8479.90 6559.70
8467.29 6563.71
8454.84 6567.67
8443.11 6572.47
8432.22 6578.05
8421.37 6583.43
8409.53 6589.12
8396.76 6591.60
8385.48 6597.02
8374.36 6601.64
8362.49 6605.90
8350.50 6609.73
8338.64 6612.44
8325.87 6613.59
8313.04 6613.49
8300.70 6612.62
8287.95 6610.94
8275.65 6607.95
8263.22 6604.92
8250.32 6601.78
8238.18 6598.83
8225.74 6595.80
8213.76 6592.75
8201.90 6589.46
8189.22 6585.94
8176.58 6582.44
8164.94 6579.01
8152.80 6575.04
8140.90 6571.15
8128.81 6567.20
8116.65 6562.26
8105.85 6557.14
8096.34 6551.74
8086.60 6545.77
8080.37 6540.41
8079.08 6536.95
8082.63 6533.21
8089.93 6530.39
8099.72 6527.53
8111.93 6527.38
8124.06 6530.26
8136.81 6534.29
8148.34 6538.34
8159.84 6540.97
8159.52 6529.31
8151.78 6518.68
8146.07 6507.44
8144.76 6494.57
8145.68 6482.21
8147.03 6469.28
8148.21 6457.17
8147.85 6444.22
8146.89 6431.96
8145.87 6418.86
8144.87 6406.09
8143.93 6394.05
8141.97 6380.84
8138.59 6368.34
8135.40 6356.54
8130.06 6344.34
8125.91 6332.73
8126.23 6322.62
8126.42 6316.40
8127.89 6308.95
8136.36 6312.94
8145.91 6320.54
8155.34 6329.31
8163.45 6339.83
8171.25 6349.93
8178.96 6359.82
8186.63 6369.33
8194.55 6379.15
8202.94 6389.23
8211.78 6397.51
8220.96 6406.10
8231.10 6412.65
8241.59 6418.81
8252.22 6425.06
8262.98 6431.13
8274.29 6437.42
8285.34 6442.77
8296.59 6447.96
8308.45 6452.69
8320.53 6455.60
8332.53 6458.49
8345.41 6461.59
8357.72 6463.70
8370.98 6465.32
8384.25 6465.44
8396.32 6465.56
8408.87 6465.67
8417.96 6465.76
8422.55 6465.80
8428.64 6467.94
8430.43 6476.56
8431.18 6488.15
8430.28 6500.63
8426.21 6512.81
8422.33 6524.44
8413.31 6533.41
8403.05 6541.18
8393.05 6548.75
8382.67 6555.63
8370.95 6561.59
8359.66 6567.63
8348.96 6574.31
8337.68 6576.87
8325.70 6574.58
8312.78 6572.10
8299.89 6569.64
8287.47 6567.26
8274.74 6564.82
8261.85 6562.36
8249.53 6564.60
8237.44 6566.99
8225.03 6565.98
8212.52 6562.12
8200.48 6558.40
8188.38 6554.66
8176.44 6550.98
8164.89 6547.41
8152.90 6543.44
8141.38 6539.39
8129.49 6535.21
8121.44 6532.98
8117.71 6532.00
8116.58 6531.70
8116.57 6531.70
8116.57 6531.70
