5383.16 4582.04
5384.11 4580.76
5386.48 4577.56
5390.23 4572.50
5396.27 4566.31
5406.84 4567.65
5419.76 4571.32
5430.48 4574.36
5437.68 4576.40
5442.11 4577.66
5449.96 4576.33
5452.25 4569.07
5455.00 4560.38
5457.11 4555.42
5463.53 4551.71
5472.72 4554.90
5483.90 4560.10
5496.41 4565.92
5510.76 4570.49
5524.98 4574.80
5541.06 4575.89
5555.83 4579.13
5570.59 4582.39
5585.59 4585.70
5600.26 4588.94
5615.67 4592.13
5631.06 4595.15
5645.74 4599.63
5659.49 4607.09
5672.52 4615.83
5685.74 4624.01
5698.65 4631.88
5711.65 4639.81
5725.23 4648.09
5739.09 4655.65
5753.44 4660.79
5768.18 4665.12
5783.63 4668.94
5798.02 4672.51
5813.33 4676.30
5828.23 4678.73
5843.94 4681.02
5859.60 4683.31
5874.39 4685.47
5889.58 4687.30
5904.35 4688.72
5919.53 4690.17
5935.33 4690.38
5950.79 4690.45
5966.37 4689.95
5981.26 4688.52
5997.16 4686.99
6011.92 4685.49
6027.18 4683.59
6042.85 4681.22
6058.51 4678.85
6073.29 4673.70
6084.38 4663.26
6090.74 4650.25
6096.16 4635.62
6104.54 4622.64
6118.22 4613.79
6130.67 4612.91
6138.93 4612.43
6142.80 4612.21
6143.17 4612.19
6143.23 4612.19
6143.23 4612.19
6143.23 4612.19
6143.23 4612.19
6143.23 4612.19
6143.23 4612.19
6145.23 4611.93
6147.10 4609.21
6146.76 4603.86
6146.20 4596.35
6145.46 4586.37
6144.61 4574.86
6143.63 4561.69
6142.50 4546.40
6141.37 4531.09
6140.20 4515.32
6139.02 4499.50
6137.84 4483.60
6136.70 4468.10
6135.60 4453.25
6134.49 4438.41
6133.24 4423.26
6131.85 4408.43
6130.38 4392.77
6128.88 4376.84
6123.53 4371.39
6108.08 4372.49
6092.31 4370.03
6076.91 4363.66
6063.11 4353.55
6052.75 4341.83
6045.15 4327.04
6041.67 4310.60
6042.45 4295.09
6045.67 4279.99
6052.78 4265.60
6063.48 4253.90
6074.77 4245.96
6082.81 4241.74
6087.08 4240.47
6093.36 4238.63
6102.41 4237.06
6113.89 4236.67
6126.84 4238.73
6141.37 4243.72
6154.80 4252.49
6166.00 4263.92
6178.92 4253.24
6195.03 4243.07
6208.81 4230.56
6222.73 4217.92
6236.78 4205.16
6250.69 4192.52
6264.24 4180.21
6278.20 4167.54
6291.60 4155.36
6305.38 4142.85
6318.60 4130.84
6332.16 4118.53
6345.30 4105.65
6357.56 4092.28
6370.25 4078.43
6382.53 4065.04
6394.78 4051.66
6407.33 4037.97
6420.31 4023.81
6432.47 4010.54
6445.15 3996.71
6457.57 3983.16
6469.74 3969.89
6482.36 3956.12
6494.61 3942.75
6507.43 3928.76
6520.17 3914.86
6532.40 3901.51
6545.05 3887.71
6557.27 3874.38
6570.10 3860.38
6582.54 3846.81
6594.79 3833.44
6607.57 3819.66
6621.32 3807.44
6635.14 3795.76
6648.82 3782.49
6661.97 3769.90
6675.06 3756.52
6687.91 3743.39
6701.14 3729.87
6711.90 3718.88
6720.66 3709.92
6726.78 3703.67
6730.16 3700.21
6732.48 3693.64
6738.80 3686.86
6746.35 3679.34
6755.30 3670.41
6765.30 3660.31
6776.50 3648.57
6789.33 3635.14
6801.91 3621.96
6814.85 3608.40
6827.23 3594.85
6840.17 3582.17
6854.72 3569.61
6869.27 3557.08
6882.95 3545.28
6896.96 3533.19
6910.77 3521.28
6924.54 3509.41
6938.33 3497.52
6952.65 3485.17
6966.20 3473.49
6979.87 3461.70
6992.40 3450.89
7002.13 3442.50
7009.34 3436.28
7015.59 3430.90
7019.19 3427.79
7020.69 3426.49
7020.95 3426.27
7021.91 3425.44
7024.11 3423.55
7027.79 3420.37
7033.89 3416.37
7041.51 3411.95
7050.15 3406.70
7060.66 3399.82
7073.88 3392.36
7089.09 3384.17
7105.47 3375.35
7121.79 3366.55
7137.79 3357.93
7153.49 3349.47
7167.08 3342.15
7182.05 3334.09
7195.11 3327.05
7208.88 3319.64
7221.85 3312.65
7233.95 3306.13
7247.01 3299.09
7260.31 3291.93
7272.83 3285.18
7283.50 3279.43
7290.89 3273.17
7292.91 3262.40
7299.66 3252.45
7311.08 3245.84
7324.14 3245.64
7336.44 3252.01
7347.74 3243.44
7360.14 3230.89
7371.50 3217.20
7382.45 3204.02
7393.25 3191.74
7403.78 3180.37
7413.90 3169.24
7424.03 3158.07
7433.96 3147.68
7443.72 3138.25
7454.59 3128.49
7464.42 3119.25
7474.54 3110.79
7485.47 3101.27
7497.10 3094.14
7508.09 3088.44
7512.14 3081.32
7513.33 3068.29
7520.90 3057.60
7531.37 3052.36
7543.33 3052.51
7556.78 3053.19
7567.65 3044.57
7581.83 3038.62
7595.27 3029.46
7609.99 3017.77
7624.24 3006.06
7638.55 2994.00
7652.74 2981.20
7666.38 2968.48
7679.66 2954.76
7692.43 2940.73
7704.56 2927.01
7716.56 2913.15
7728.10 2899.38
7739.74 2884.83
7751.49 2870.33
7763.14 2856.41
7774.98 2842.56
7786.67 2828.90
7799.22 2814.97
7812.09 2801.27
7825.43 2787.60
7838.36 2774.87
7852.19 2761.87
7866.79 2749.71
7881.13 2737.75
7895.78 2726.46
7911.24 2715.28
7926.22 2704.44
7941.86 2694.25
7957.45 2684.45
7972.83 2674.79
7988.19 2665.13
8003.87 2655.27
8017.80 2642.62
8032.93 2632.69
8048.60 2622.32
8063.83 2611.93
8078.75 2601.19
8093.56 2590.53
8106.56 2581.17
8116.11 2574.29
8122.54 2569.66
8126.21 2567.01
8126.68 2566.68
8126.86 2566.55
8126.94 2566.49
8126.96 2566.47
8126.97 2566.47
8126.97 2566.47
8126.97 2566.46
8126.97 2566.46
8126.97 2566.46
8126.97 2566.46
8126.97 2566.46
8126.97 2566.46
8126.97 2566.46
8127.61 2566.01
8129.23 2564.84
8132.28 2562.64
8135.23 2560.52
8136.83 2559.37
8140.10 2557.01
8144.51 2553.84
8150.84 2549.29
8158.95 2543.58
8168.82 2537.27
8179.74 2530.29
8192.12 2522.38
8202.56 2515.72
8212.75 2509.21
8219.01 2500.30
8221.94 2490.69
8229.98 2483.93
8240.09 2477.58
8249.01 2471.99
8257.06 2466.95
8266.60 2460.97
8276.69 2454.74
8286.20 2449.25
8294.37 2444.84
8303.85 2442.41
8314.89 2443.74
8324.32 2445.55
8333.94 2447.40
8344.96 2449.52
8354.55 2451.33
8363.75 2452.40
8373.42 2453.51
8383.45 2454.67
8394.56 2455.96
8405.75 2456.80
8417.29 2456.73
8427.71 2456.67
8433.86 2456.63
8438.57 2456.60
8444.87 2454.87
8446.38 2448.10
8450.03 2440.09
8460.93 2439.61
8473.50 2440.36
8486.48 2440.66
8497.96 2439.06
8505.29 2436.45
8512.24 2432.69
8519.37 2428.94
8525.70 2422.27
8522.80 2411.63
8525.06 2398.24
8531.87 2383.58
8541.25 2368.41
8549.98 2354.28
8559.83 2340.29
8571.05 2327.53
8583.18 2314.25
8594.10 2301.36
8602.65 2286.14
8608.98 2271.57
8615.87 2255.70
8622.23 2241.06
8626.69 2224.72
8630.09 2207.78
8632.86 2190.62
8635.44 2174.67
8638.13 2158.02
8640.90 2141.14
8644.32 2124.70
8648.13 2107.88
8652.10 2090.61
8656.13 2073.51
8660.08 2056.26
8663.87 2038.74
8667.02 2021.83
8669.69 2005.09
8671.38 1987.43
8672.53 1970.12
8673.65 1953.27
8674.78 1936.63
8677.51 1919.17
8680.65 1902.90
8684.00 1884.74
8685.57 1868.17
8684.78 1852.09
8682.47 1834.12
8677.84 1820.64
8663.44 1824.02
8648.38 1827.62
8633.03 1831.22
8619.94 1833.26
8609.79 1834.35
8604.07 1834.61
8597.13 1833.11
8594.78 1824.13
8593.52 1812.52
8591.23 1798.48
8580.75 1788.48
8565.73 1788.06
8551.10 1788.22
8540.07 1788.35
8533.55 1788.14
8528.74 1782.51
8527.23 1772.14
8525.62 1760.29
8523.70 1746.15
8521.55 1730.39
8522.28 1715.50
8512.23 1705.53
8496.69 1704.59
8480.99 1703.65
8468.54 1702.90
8459.64 1702.36
8455.24 1702.10
8454.62 1702.06
8454.25 1702.04
