7823.42 8131.72
7821.48 8129.48
7818.46 8126.01
7814.21 8121.13
7808.95 8115.08
7802.08 8107.49
7792.45 8099.28
7782.90 8091.15
7772.10 8083.50
7760.39 8076.20
7748.94 8069.05
7737.39 8064.48
7724.56 8059.56
7712.39 8054.95
7700.56 8050.65
7688.37 8046.22
7676.48 8041.89
7664.05 8037.37
7652.05 8033.08
7639.35 8028.69
7626.35 8024.19
7613.89 8019.88
7601.01 8015.78
7587.85 8013.48
7574.31 8012.37
7561.14 8011.09
7548.41 8009.71
7535.65 8008.33
7522.69 8007.36
7509.85 8006.59
7497.13 8005.68
7483.83 8004.74
7473.50 8004.01
7467.06 8003.55
7464.02 8003.33
7463.53 8003.30
7463.28 8003.28
7463.25 8003.28
7463.24 8003.28
7463.24 8003.28
7461.14 8002.97
7457.47 8002.00
7453.67 7997.73
7452.57 7988.81
7451.26 7977.96
7449.61 7964.34
7447.75 7949.00
7445.78 7932.81
7443.91 7917.32
7441.92 7900.95
7439.79 7884.81
7437.54 7869.22
7435.33 7853.93
7433.14 7838.75
7430.53 7822.94
7427.95 7807.71
7425.22 7791.61
7422.59 7776.07
7420.42 7760.54
7420.03 7743.91
7419.65 7727.59
7419.29 7712.04
7415.61 7695.72
7415.68 7680.48
7415.78 7664.33
7416.14 7649.09
7417.79 7633.99
7420.08 7620.07
7423.48 7605.83
7427.79 7591.62
7433.23 7578.93
7434.66 7563.89
7435.27 7548.88
7435.98 7534.50
7437.30 7520.54
7438.64 7506.28
7439.96 7491.01
7442.45 7478.49
7443.24 7469.49
7431.30 7470.31
7419.70 7471.04
7407.79 7471.43
7395.03 7471.87
7386.78 7471.39
7380.22 7470.41
7377.21 7468.76
7375.84 7463.28
7376.79 7455.18
7378.00 7445.31
7379.49 7433.12
7380.30 7420.69
7380.74 7407.50
7382.60 7395.25
7386.91 7382.99
7392.32 7370.55
7398.63 7359.43
7406.76 7348.57
7414.79 7338.24
7424.21 7328.90
7434.75 7319.94
7442.25 7309.22
7449.17 7298.62
7456.53 7287.95
7464.22 7276.91
7470.40 7266.04
7475.92 7254.95
7480.25 7243.75
7485.02 7231.40
7489.53 7219.71
7494.02 7208.08
7499.82 7197.57
7506.19 7187.49
7512.48 7177.53
7519.52 7166.70
7526.16 7156.75
7532.83 7146.75
7539.28 7137.32
7546.94 7128.26
7553.41 7119.44
7560.36 7111.26
7567.90 7102.76
7578.66 7096.56
7589.69 7090.20
7599.31 7083.88
7609.24 7077.34
7619.01 7070.92
7630.22 7064.50
7640.81 7060.55
7651.28 7056.64
7663.49 7054.44
7676.21 7053.97
7687.88 7053.54
7699.52 7053.42
7711.42 7055.13
7722.75 7057.38
7734.31 7061.53
7746.09 7066.68
7756.28 7072.97
7767.13 7079.66
7778.32 7083.83
7788.48 7082.14
7787.63 7072.77
7779.26 7063.77
7768.46 7058.54
7757.67 7053.80
7746.00 7048.48
7735.99 7043.92
7725.70 7039.77
7714.55 7036.33
7702.62 7032.65
7691.10 7031.10
7679.89 7031.66
7667.07 7032.41
7654.77 7034.43
7642.92 7036.37
7633.01 7033.29
7627.56 7023.37
7629.53 7011.86
7638.21 7006.65
7651.36 7005.05
7656.31 6995.87
7659.18 6984.36
7659.74 6972.25
7655.58 6962.41
7648.59 6953.58
7639.74 6945.22
7630.35 6936.30
7622.26 6927.64
7614.09 6917.93
7605.36 6909.11
7595.73 6900.67
7586.93 6894.33
7578.27 6885.96
7572.02 6875.76
7566.65 6864.53
7561.70 6854.20
7556.39 6843.47
7551.74 6832.74
7548.79 6820.08
7547.79 6808.63
7547.68 6797.14
7547.57 6785.32
7547.45 6773.48
7547.33 6760.92
7547.21 6748.65
7547.25 6736.96
7548.65 6725.54
7550.91 6714.32
7553.29 6702.52
7556.41 6690.68
7559.87 6680.40
7563.59 6671.72
7565.54 6667.17
7567.69 6662.16
7571.18 6654.49
7576.82 6647.55
7583.45 6640.48
7588.02 6638.27
7593.46 6637.22
7598.95 6633.91
7602.43 6625.88
7607.89 6616.41
7615.00 6605.76
7622.94 6594.99
7630.54 6584.50
7637.63 6575.17
7645.17 6565.56
7652.86 6555.32
7659.83 6546.04
7667.64 6535.64
7675.35 6525.66
7683.38 6515.77
7690.95 6506.59
7698.68 6497.45
7706.64 6488.51
7714.64 6479.01
7720.06 6468.89
7725.38 6457.70
7725.37 6446.80
7718.71 6436.96
7711.95 6427.79
7704.01 6418.62
7696.50 6409.94
7687.19 6401.81
7678.51 6394.28
7668.68 6385.85
7657.81 6377.43
7647.62 6369.53
7636.91 6362.41
7626.04 6355.79
7614.54 6348.78
7603.37 6342.38
7591.91 6335.97
7580.91 6330.10
7569.10 6324.75
7556.98 6319.26
7544.21 6314.44
7535.58 6311.34
7526.58 6308.10
7518.22 6305.26
7508.06 6302.09
7497.15 6299.04
7485.99 6296.60
7475.87 6294.39
7464.20 6293.00
7452.28 6291.84
7440.30 6292.07
7428.11 6292.31
7417.25 6292.53
7406.02 6293.87
7393.60 6295.89
7382.18 6299.43
7371.57 6304.04
7361.19 6311.90
7353.05 6320.45
7347.06 6331.65
7340.79 6340.98
7331.44 6348.46
7320.33 6346.81
7313.37 6336.78
7316.23 6325.70
7322.12 6316.15
7328.38 6306.59
7336.48 6297.80
7345.94 6289.32
7355.45 6281.96
7365.14 6276.53
7377.38 6271.10
7388.69 6267.31
7395.89 6264.31
7399.75 6262.28
7402.26 6257.09
7403.88 6249.52
7405.91 6240.41
7410.56 6230.75
7420.72 6228.16
7432.67 6225.22
7444.62 6222.51
7456.44 6222.06
7468.52 6223.90
7481.24 6225.89
7492.55 6224.31
7504.15 6226.12
7515.29 6227.86
7526.32 6229.58
7537.39 6231.31
7548.20 6233.02
7559.39 6235.06
7571.80 6237.44
7584.06 6239.78
7595.73 6242.02
7607.39 6245.24
7618.41 6248.33
7629.93 6249.19
7638.64 6241.31
7647.60 6232.83
7655.75 6225.11
7664.49 6216.83
7672.42 6209.31
7680.88 6201.30
7689.13 6193.48
7695.50 6187.44
7702.64 6180.68
7708.82 6169.57
7702.32 6157.80
7695.63 6145.71
7691.12 6137.54
7688.04 6131.98
7687.10 6130.27
7687.07 6130.23
7687.06 6130.22
7687.06 6130.21
7687.06 6130.21
7687.06 6130.21
7687.06 6130.21
7687.06 6130.21
7687.06 6130.21
7687.06 6130.21
7687.06 6130.21
7687.06 6130.21
7687.06 6130.21
7687.06 6130.21
7687.06 6130.21
7687.06 6130.21
7687.06 6130.21
7687.06 6130.21
7687.06 6130.21
7687.06 6130.21
7687.06 6130.21
7687.06 6130.21
7687.06 6130.21
7687.06 6130.21
7687.06 6130.21
7687.06 6130.21
7687.06 6130.21
7687.06 6130.21
7687.06 6130.21
7687.06 6130.21
7687.06 6130.21
7687.06 6130.21
7687.06 6130.21
7687.06 6130.21
7687.06 6130.21
7687.06 6130.21
7687.06 6130.21
7687.06 6130.21
7687.06 6130.21
7687.06 6130.21
7687.06 6130.21
7687.06 6130.21
7687.06 6130.21
7687.06 6130.21
7687.06 6130.21
7687.06 6130.21
7687.06 6130.21
7687.06 6130.21
7687.06 6130.21
7687.06 6130.21
7687.06 6130.21
7687.06 6130.21
7687.06 6130.21
7687.06 6130.21
7687.06 6130.21
7687.06 6130.21
7686.28 6128.58
7684.49 6124.62
7681.91 6118.90
7678.49 6111.30
7674.47 6102.31
7669.73 6091.71
7664.12 6079.15
7657.37 6064.05
7652.42 6048.30
7649.95 6033.45
7649.02 6022.56
7648.45 6015.94
7648.25 6013.66
7648.25 6013.60
7648.25 6013.60
7648.25 6013.59
7648.25 6013.59
7648.25 6013.59
7648.25 6013.59
7648.25 6013.59
7648.25 6013.59
7648.25 6013.59
7648.25 6013.59
7648.25 6013.59
7648.25 6013.59
7648.25 6013.59
7648.25 6013.59
7648.25 6013.59
7648.25 6013.59
7648.25 6013.59
7648.25 6013.59
7648.25 6013.59
7648.25 6013.59
7648.25 6013.59
7648.25 6013.59
7648.25 6013.59
7648.25 6013.59
7648.25 6013.59
7648.25 6013.59
7648.25 6013.59
7648.25 6013.59
7648.25 6013.59
7648.25 6013.59
7648.25 6013.59
7648.25 6013.59
7648.25 6013.59
7648.25 6013.59
7648.25 6013.59
7648.25 6013.59
7648.25 6013.59
7648.25 6013.59
7648.25 6013.59
7648.25 6013.59
7648.25 6013.59
7648.25 6013.59
7648.25 6013.59
7648.25 6013.59
7648.25 6013.59
7648.25 6013.59
7648.25 6013.59
7648.04 6010.70
7648.04 6006.17
7649.55 6000.23
7652.33 5991.59
7655.90 5980.47
7660.36 5966.58
7665.24 5951.37
7669.93 5936.77
7674.57 5922.31
7678.37 5906.63
7680.53 5890.04
7682.64 5873.83
7684.15 5859.30
7685.11 5848.38
7685.74 5841.28
7686.19 5836.10
7686.65 5830.93
7687.09 5824.05
7690.79 5818.96
7699.95 5819.52
7705.86 5820.86
7713.36 5822.55
7722.63 5824.64
7733.65 5826.93
7739.38 5815.80
7743.87 5803.31
7748.52 5790.34
7754.14 5780.02
7761.54 5775.63
7765.71 5773.16
7771.29 5769.79
7777.15 5762.72
7782.03 5752.14
7787.53 5740.20
7792.96 5728.42
7798.52 5716.35
7803.92 5704.64
7809.35 5692.85
7814.86 5680.90
7820.12 5668.30
7824.67 5655.65
7829.37 5642.58
7833.70 5630.55
7840.19 5618.77
7849.60 5608.64
7860.86 5601.64
7872.60 5597.17
7882.17 5595.93
7887.36 5595.26
7895.09 5594.42
7904.77 5594.11
7916.15 5594.42
7929.55 5594.87
7942.55 5595.31
7954.72 5597.27
7966.01 5598.16
7966.15 5585.21
7966.30 5571.39
7966.43 5558.29
7966.52 5549.69
7966.56 5545.59
7966.60 5541.56
7966.69 5537.48
7968.23 5530.98
7976.31 5525.26
7987.96 5525.42
7991.45 5513.65
7993.66 5502.43
7996.27 5489.64
7998.51 5479.58
8000.22 5471.92
8001.96 5464.12
8004.15 5454.19
8006.19 5442.61
8007.72 5433.02
8008.89 5425.63
8010.13 5417.90
8012.38 5408.54
8023.27 5405.52
8038.01 5407.98
8054.43 5410.72
8070.88 5413.47
8087.08 5416.17
8102.68 5418.77
8117.75 5421.29
8132.58 5424.25
8147.47 5427.29
8163.76 5430.63
8179.57 5434.17
8195.75 5438.24
8211.74 5442.18
8226.84 5446.45
8242.13 5450.33
8256.97 5453.93
8272.30 5457.63
8287.93 5461.52
8303.90 5465.53
8319.87 5469.27
8334.65 5472.92
8351.54 5473.97
8367.26 5478.24
8382.51 5482.47
8397.23 5486.36
8413.17 5490.41
8429.10 5494.45
8444.40 5498.33
8459.50 5502.17
8474.95 5506.09
8489.93 5509.90
8505.54 5513.66
8521.29 5515.78
8537.19 5517.03
8552.36 5517.83
8568.98 5518.19
8580.42 5511.53
8589.18 5497.46
8594.80 5482.31
8600.26 5467.62
8605.64 5453.15
8611.45 5438.73
8618.15 5424.35
8624.67 5410.36
8632.76 5396.47
8642.94 5383.53
8652.92 5371.15
8665.87 5362.55
8679.12 5353.96
8693.14 5347.97
8708.52 5342.31
8723.98 5338.29
8738.90 5335.36
8755.09 5332.18
8770.46 5330.51
8787.00 5329.18
8803.29 5326.24
8818.80 5321.57
8832.78 5315.34
8846.18 5307.39
8858.99 5299.14
8872.18 5289.55
8884.55 5280.54
8897.62 5271.03
8911.14 5261.19
8924.24 5251.66
8937.56 5241.97
8950.47 5232.79
8964.08 5223.34
8976.47 5212.35
8988.02 5200.83
8997.59 5188.67
9006.96 5176.68
9016.59 5164.35
9026.45 5151.75
9036.31 5139.13
9048.46 5129.31
9063.03 5126.34
9079.23 5129.72
9094.02 5136.03
9107.98 5142.06
9122.45 5148.32
9137.64 5154.89
9152.33 5161.24
9166.81 5163.60
9175.24 5151.73
9181.10 5138.29
9194.23 5129.26
9207.16 5119.46
9217.59 5107.49
9227.02 5094.98
9233.35 5079.90
9234.74 5063.48
9236.12 5047.23
9244.95 5034.90
9259.58 5038.24
9268.24 5051.93
9275.25 5066.95
9282.02 5081.45
9290.94 5094.29
9303.02 5105.25
9317.75 5111.86
9334.09 5111.43
9347.74 5103.15
9359.92 5093.94
9370.76 5081.06
9383.45 5070.93
9395.50 5061.36
9406.05 5051.07
9399.53 5037.21
9391.44 5023.24
9383.75 5009.12
9376.29 4995.31
9367.97 4980.92
9360.04 4967.46
9351.25 4953.99
9345.47 4939.18
9347.31 4922.73
9353.29 4908.94
9363.11 4896.70
9374.08 4885.95
9385.94 4875.89
9399.87 4867.59
9413.98 4861.54
9429.47 4855.47
9445.07 4849.95
9459.77 4844.85
9474.90 4843.07
9491.43 4842.85
9506.44 4844.64
9521.15 4849.49
9535.85 4854.33
9550.80 4859.80
9565.07 4865.21
9580.64 4871.11
9595.58 4875.74
9610.50 4879.94
9625.80 4882.03
9642.10 4881.76
9657.54 4879.78
9671.53 4872.48
9683.38 4862.13
9694.77 4851.00
9707.40 4840.50
9720.15 4829.90
9732.92 4819.29
9745.28 4809.01
9757.84 4798.56
9769.83 4788.60
9782.65 4777.95
9795.13 4767.57
9807.29 4757.47
9819.46 4747.35
9831.67 4737.20
9843.79 4727.12
9856.37 4716.66
9868.33 4706.96
9881.46 4697.06
9893.97 4688.45
9908.54 4680.35
9923.32 4674.93
9938.31 4670.14
9953.52 4665.86
9968.72 4661.58
9982.99 4656.28
9998.12 4649.57
10011.78 4641.66
10024.98 4632.27
10037.75 4622.01
10049.06 4611.79
10061.39 4600.66
10073.11 4590.05
10084.51 4579.68
10096.40 4568.85
10107.73 4558.54
10119.97 4547.35
10133.55 4538.80
10145.07 4527.43
10156.00 4516.64
10167.44 4505.35
10178.42 4494.51
10190.13 4482.95
10201.17 4472.05
10212.66 4460.70
10224.33 4449.19
10236.03 4437.58
10247.04 4426.76
10258.83 4415.17
10270.89 4403.31
10280.60 4390.48
10278.36 4374.96
10270.53 4360.48
10259.11 4348.96
10246.19 4339.33
10237.88 4325.30
10230.39 4311.01
10223.07 4297.04
10214.74 4282.67
10205.73 4269.43
10204.40 4255.34
10211.03 4245.07
10217.60 4239.54
10220.74 4236.90
10223.36 4232.27
10222.19 4224.18
10216.61 4215.80
10210.02 4205.79
10204.14 4192.43
10199.65 4177.00
10199.75 4161.84
10199.85 4146.10
10199.93 4134.63
10199.97 4127.53
10200.57 4123.52
10205.08 4120.34
10212.68 4120.10
10222.28 4120.57
10232.22 4115.27
10243.69 4107.83
10254.04 4100.72
10264.45 4092.42
10274.51 4084.03
10283.90 4075.03
10293.48 4065.84
10301.32 4058.34
10306.54 4053.33
10313.94 4048.77
10323.26 4054.07
10335.15 4060.88
10347.94 4065.81
10360.32 4063.57
10370.92 4056.06
10381.29 4047.38
10390.84 4039.40
10400.49 4031.33
10411.08 4022.48
10421.88 4013.89
10432.84 4005.91
10444.90 3999.38
10456.51 3993.52
10468.80 3988.35
10481.41 3983.22
10494.27 3978.44
10506.85 3973.77
10519.02 3969.25
10531.07 3964.77
10542.97 3960.36
10555.48 3954.72
10567.43 3948.33
10577.64 3941.31
10587.72 3932.60
10596.94 3923.49
10604.27 3912.65
10611.55 3901.10
10616.22 3889.60
10620.93 3877.98
10625.55 3866.62
10628.56 3858.41
10630.12 3853.71
10632.89 3846.40
10642.15 3845.18
10653.43 3848.88
10666.66 3852.93
10682.62 3854.77
10698.52 3856.59
10714.86 3858.90
10730.90 3861.20
10743.41 3863.46
10751.44 3865.28
