4809.77 5986.59
4809.68 5983.64
4809.35 5977.94
4808.79 5969.78
4807.98 5959.58
4807.29 5951.38
4806.97 5947.67
4807.38 5942.02
4812.86 5938.07
4821.86 5937.63
4832.48 5937.10
4845.59 5936.45
4858.91 5935.79
4871.97 5935.15
4885.12 5934.49
4898.63 5933.82
4911.23 5933.20
4924.06 5933.47
4930.55 5944.69
4937.23 5956.24
4943.51 5967.09
4950.44 5979.07
4957.00 5990.40
4961.88 6002.22
4964.08 6014.66
4966.25 6026.93
4967.78 6035.55
4968.53 6039.77
4971.83 6045.61
4980.70 6047.17
4992.00 6049.02
4998.88 6040.70
5010.47 6032.75
5024.40 6032.64
5034.06 6031.51
5046.27 6022.50
5060.19 6014.72
5074.65 6008.05
5088.85 6001.73
5104.08 5994.98
5118.78 5988.50
5132.73 5982.36
5146.86 5975.82
5160.78 5969.37
5174.84 5962.74
5188.76 5956.15
5203.82 5948.93
5218.78 5941.69
5232.85 5934.84
5247.47 5927.76
5261.74 5921.40
5275.63 5915.22
5289.82 5909.72
5304.99 5904.94
5319.16 5900.43
5332.59 5893.05
5338.03 5878.88
5335.66 5865.39
5323.68 5865.47
5311.92 5859.69
5303.56 5848.24
5301.12 5837.52
5301.70 5831.37
5302.19 5829.58
5302.29 5829.18
5302.34 5829.00
5302.35 5828.97
5302.35 5828.97
5302.98 5826.61
5305.13 5822.13
5310.26 5816.10
5318.76 5811.09
5321.67 5802.85
5319.59 5790.08
5318.32 5777.47
5317.67 5763.66
5317.87 5749.99
5322.69 5737.69
5328.19 5726.08
5333.58 5714.68
5338.96 5703.32
5346.99 5693.14
5358.45 5685.48
5370.25 5680.00
5383.28 5675.72
5396.21 5671.48
5408.87 5667.34
5421.75 5663.58
5434.32 5660.68
5446.86 5658.52
5459.96 5656.57
5473.17 5654.61
5486.54 5652.63
5500.35 5650.94
5514.06 5649.77
5527.92 5648.58
5541.42 5647.43
5555.08 5646.77
5568.00 5647.42
5581.80 5648.11
5595.63 5648.81
5608.69 5649.46
5622.30 5650.15
5634.81 5650.77
5648.16 5651.45
5661.93 5652.14
5675.01 5653.07
5687.62 5654.00
5700.82 5654.96
5713.27 5655.88
5725.71 5656.79
5738.32 5657.72
5751.47 5658.68
5764.99 5659.68
5778.63 5660.68
5791.88 5661.65
5804.73 5662.60
5818.61 5663.29
5831.95 5663.24
5844.93 5663.20
5857.79 5663.15
5870.32 5663.11
5884.20 5663.06
5898.07 5663.01
5911.28 5662.97
5924.70 5662.92
5938.42 5666.18
5951.47 5666.13
5964.39 5665.47
5977.31 5664.17
5990.35 5662.86
6002.83 5661.60
6015.80 5660.29
6028.67 5659.00
6042.13 5657.65
6055.76 5656.28
6069.18 5654.92
6082.99 5653.53
6095.56 5652.26
6108.30 5650.98
6120.68 5649.73
6133.82 5648.41
6146.43 5647.14
6158.86 5645.84
6173.61 5644.59
6188.91 5643.52
6204.24 5642.51
6220.71 5641.43
6236.30 5640.40
6252.63 5639.33
6268.37 5638.29
6282.80 5637.34
6292.73 5636.69
6298.56 5636.30
6304.05 5635.94
6309.84 5635.59
6318.09 5635.14
6328.03 5634.60
6339.12 5634.08
6353.05 5633.48
6366.57 5632.96
6380.79 5632.57
6395.13 5632.19
6409.92 5631.82
6423.99 5631.68
6438.51 5632.17
6453.24 5633.25
6465.95 5633.32
6480.29 5633.19
6493.87 5633.06
6508.18 5632.93
6521.95 5632.81
6536.92 5632.67
6551.35 5632.53
6564.78 5632.41
6579.17 5632.28
6593.15 5633.85
6606.71 5637.68
6620.05 5641.46
6634.40 5645.54
6648.85 5646.23
6664.39 5650.71
6679.81 5655.15
6695.68 5659.72
6710.32 5663.93
6725.05 5668.18
6739.72 5672.39
6755.69 5676.82
6771.04 5681.07
6787.13 5685.53
6801.21 5689.43
6816.56 5693.68
6831.19 5694.61
6845.95 5699.40
6861.04 5704.30
6876.83 5709.43
6891.29 5714.12
6906.57 5719.07
6921.91 5724.04
6937.31 5729.03
6952.27 5733.89
6966.98 5738.66
6982.14 5743.58
6997.44 5748.54
7011.99 5753.26
7027.18 5758.19
7043.01 5763.32
7058.49 5768.34
7073.66 5773.25
7089.24 5778.30
7097.11 5773.67
7097.94 5761.20
7098.83 5747.69
7099.71 5734.37
7100.62 5720.59
7101.47 5707.78
7102.34 5694.55
7112.78 5686.64
7124.67 5679.72
7137.15 5673.63
7147.52 5668.56
7153.87 5665.45
7157.75 5663.56
7163.53 5660.96
7171.31 5657.70
7180.87 5653.95
7192.32 5649.46
7204.05 5644.45
7215.66 5638.11
7226.99 5632.03
7239.19 5626.66
7251.73 5621.78
7264.58 5616.78
7277.06 5611.93
7289.78 5606.98
7301.41 5602.45
7313.33 5597.81
7325.32 5593.15
7337.28 5588.49
7345.93 5585.13
7351.28 5583.05
7354.40 5577.20
7353.83 5565.94
7349.42 5553.78
7344.74 5540.87
7341.51 5531.96
7339.81 5527.27
7339.38 5526.10
7339.24 5525.71
7339.20 5525.59
7339.18 5525.54
7339.17 5525.51
7339.17 5525.51
7339.17 5525.51
7339.17 5525.51
7339.17 5525.51
7339.17 5525.51
7339.17 5525.51
7339.17 5525.51
7339.17 5525.51
7339.17 5525.51
7339.17 5525.51
7339.17 5525.51
7339.17 5525.51
7339.17 5525.51
7339.17 5525.51
7339.17 5525.51
7338.67 5524.08
7337.40 5520.20
7335.87 5514.76
7334.24 5506.37
7331.94 5495.90
7328.74 5483.15
7323.65 5470.37
7318.67 5457.88
7313.95 5446.04
7308.83 5433.18
7303.88 5420.75
7298.98 5408.45
7294.18 5396.42
7289.38 5384.36
7284.62 5372.41
7279.57 5359.73
7274.68 5347.45
7269.61 5334.71
7269.55 5323.85
7267.14 5311.75
7266.77 5298.90
7268.63 5286.43
7275.07 5274.99
7284.21 5266.16
7294.17 5257.40
7305.27 5249.74
7316.46 5241.89
7327.13 5234.35
7337.86 5226.77
7349.05 5218.87
7359.59 5211.66
7370.49 5204.86
7381.44 5198.04
7392.29 5191.29
7403.99 5185.90
7416.27 5182.42
7429.45 5178.70
7441.39 5175.32
7454.12 5172.53
7467.29 5170.69
7480.64 5168.77
7493.53 5166.90
7505.90 5165.11
7519.67 5163.10
7533.18 5161.13
7546.92 5159.14
7560.00 5157.36
7573.49 5156.16
7586.80 5154.57
7599.22 5152.51
7611.97 5149.44
7624.86 5145.94
7634.33 5142.97
7639.50 5141.35
7640.54 5141.02
7640.92 5140.90
7641.13 5140.83
7641.15 5140.83
7641.17 5140.82
7641.17 5140.82
7641.17 5140.82
7641.17 5140.82
7641.17 5140.82
7641.17 5140.82
7641.17 5140.82
7641.17 5140.82
7641.17 5140.82
7641.17 5140.82
7641.17 5140.82
7641.17 5140.82
7641.17 5140.82
7641.17 5140.82
7641.17 5140.82
7641.17 5140.82
7641.17 5140.82
7641.17 5140.82
7641.17 5140.82
7641.17 5140.82
7641.17 5140.82
7641.17 5140.82
7642.92 5140.62
7644.66 5141.16
7644.67 5141.16
7644.67 5141.17
7644.67 5141.17
7644.67 5141.17
7644.67 5141.17
7644.67 5141.17
7644.67 5141.17
7644.67 5141.17
7644.67 5141.17
7644.67 5141.17
7647.02 5142.81
7650.43 5146.16
7655.35 5151.91
7659.38 5156.83
7663.65 5163.67
7659.19 5173.02
7652.06 5183.43
7644.95 5193.79
7637.14 5205.19
7644.24 5214.50
7650.73 5225.31
7653.96 5238.24
7656.88 5250.71
7659.95 5263.80
7662.99 5276.79
7665.99 5289.60
7669.07 5302.73
7671.90 5314.82
7674.80 5327.18
7677.62 5339.53
7679.77 5349.43
7681.31 5356.55
7683.40 5366.55
7685.74 5378.33
7688.24 5391.07
7690.76 5403.97
7693.23 5416.53
7695.90 5429.41
7698.85 5442.72
7701.54 5454.86
7704.50 5468.22
7706.42 5477.96
7707.06 5483.35
7712.25 5487.07
7722.32 5481.84
7722.79 5469.35
7724.60 5455.72
7727.24 5442.31
7731.48 5427.54
7735.65 5413.72
7740.50 5402.25
7744.50 5394.97
7746.72 5391.78
7747.26 5391.00
7747.54 5390.59
7747.56 5390.57
7747.57 5390.56
7747.57 5390.56
7747.57 5390.55
7747.57 5390.55
7747.57 5390.55
7747.57 5390.55
7747.57 5390.55
7747.57 5390.55
7747.57 5390.55
7747.57 5390.55
7747.57 5390.55
7747.57 5390.55
7747.57 5390.55
7747.57 5390.55
7747.57 5390.55
7747.57 5390.55
7747.57 5390.55
7747.57 5390.55
7747.57 5390.55
7747.57 5390.55
7747.57 5390.55
7747.57 5390.55
7747.57 5390.55
7747.57 5390.55
7747.57 5390.55
7747.77 5390.26
7748.23 5389.60
7749.73 5387.45
7751.22 5385.62
7754.18 5382.68
7758.23 5378.67
7763.99 5372.96
7772.25 5368.72
7782.90 5364.79
7795.61 5363.55
7805.33 5363.59
7810.59 5363.84
7811.67 5363.88
7811.94 5363.90
