4799.54 7183.12
4797.36 7183.11
4793.84 7183.11
4788.95 7183.10
4782.86 7183.09
4775.31 7183.08
4766.08 7183.72
4755.06 7185.56
4743.19 7187.55
4731.04 7189.65
4718.99 7192.89
4707.52 7195.97
4695.39 7199.63
4684.77 7204.45
4674.19 7209.25
4663.12 7214.27
4651.57 7219.47
4640.67 7224.27
4629.22 7229.30
4617.89 7234.28
4606.83 7240.33
4596.60 7246.86
4586.70 7253.17
4576.62 7259.60
4566.23 7265.85
4555.18 7270.72
4544.40 7275.47
4533.24 7280.38
4522.40 7285.16
4511.20 7289.45
4499.83 7292.99
4488.23 7296.61
4477.20 7300.05
4466.03 7302.86
4453.83 7303.73
4442.08 7304.58
4429.70 7305.47
4418.11 7306.31
4405.46 7306.83
4393.03 7306.45
4381.17 7306.08
4368.96 7305.70
4356.46 7305.31
4344.13 7304.74
4331.86 7304.08
4319.34 7303.42
4307.71 7302.79
4295.70 7302.09
4283.31 7301.16
4270.98 7300.23
4258.67 7299.30
4246.87 7298.41
4235.04 7297.28
4222.69 7295.31
4210.21 7293.32
4198.45 7291.44
4186.10 7289.28
4174.84 7286.12
4163.00 7282.79
4151.45 7279.36
4139.54 7275.05
4128.21 7270.64
4117.46 7264.97
4106.59 7259.02
4096.44 7253.48
4085.74 7247.59
4075.15 7241.06
4064.95 7234.77
4054.69 7228.44
4044.70 7222.28
4034.98 7215.88
4026.22 7207.60
4017.40 7199.26
4008.22 7190.59
3999.58 7182.41
3991.59 7173.54
3985.18 7163.39
3979.54 7154.45
3976.30 7149.32
3975.28 7147.71
3974.74 7146.84
3974.69 7146.76
3974.68 7146.75
3974.68 7146.75
3974.67 7146.75
3974.67 7146.75
3974.67 7146.75
3974.67 7146.75
3974.67 7146.75
3974.67 7146.75
3974.67 7146.75
3973.66 7145.02
3971.71 7141.53
3969.84 7136.02
3973.56 7128.96
3978.67 7120.75
3985.05 7110.96
3992.48 7100.32
4000.69 7088.59
4007.10 7074.82
4016.53 7062.96
4025.93 7051.11
4035.25 7039.39
4044.35 7027.94
4053.38 7016.56
4062.28 7005.36
4071.34 6993.95
4080.19 6982.81
4089.31 6971.32
4098.48 6959.78
4107.46 6948.48
4116.43 6937.09
4124.62 6925.22
4132.93 6912.83
4139.64 6900.08
4146.31 6886.77
4151.63 6873.64
4157.38 6859.64
4162.87 6846.53
4170.10 6834.15
4177.68 6821.76
4186.31 6809.84
4196.35 6798.50
4206.41 6787.13
4216.58 6776.36
4226.77 6765.79
4237.04 6755.53
4247.13 6745.47
4257.40 6735.24
4267.88 6724.79
4277.95 6714.30
4288.29 6703.46
4298.31 6692.95
4308.04 6682.76
4317.99 6671.47
4328.01 6660.03
4337.32 6649.40
4347.29 6637.99
4356.12 6626.34
4364.90 6614.77
4373.67 6603.20
4386.07 6592.08
4394.68 6580.53
4403.65 6568.49
4412.57 6556.52
4421.67 6544.98
4431.61 6534.22
4442.02 6524.67
4453.62 6515.98
4465.39 6507.73
4477.93 6499.74
4490.95 6491.89
4503.69 6484.28
4516.68 6476.51
4529.16 6469.06
4541.66 6461.59
4554.92 6454.27
4568.14 6447.31
4581.10 6441.24
4591.31 6436.76
4603.37 6431.34
4615.62 6424.84
4625.86 6414.94
4632.28 6402.41
4635.11 6390.41
4636.69 6381.15
4637.51 6376.33
4637.79 6374.66
4637.85 6374.31
4637.90 6374.01
4637.91 6373.99
4637.91 6373.98
4637.91 6373.98
4637.91 6373.98
4637.91 6373.98
4637.91 6373.98
4637.91 6373.98
4637.91 6373.98
4637.91 6373.98
4637.91 6373.98
4637.91 6373.98
4637.91 6373.98
4637.91 6373.98
4637.91 6373.98
4637.91 6373.98
4637.91 6373.98
4637.91 6373.98
4637.91 6373.98
4637.91 6373.98
4637.91 6373.98
4637.91 6373.98
4637.91 6373.98
4637.91 6373.98
4637.91 6373.98
4637.91 6373.98
4637.91 6373.98
4637.91 6373.98
4637.91 6373.98
4637.91 6373.98
4637.91 6373.98
4637.91 6373.98
4637.91 6373.98
4637.91 6373.98
4637.91 6373.98
4637.91 6373.98
4637.91 6373.98
4637.91 6373.98
4637.91 6373.98
4637.91 6373.98
4637.91 6373.98
4637.91 6373.98
4638.19 6372.31
4638.70 6369.30
4639.64 6364.72
4641.43 6358.41
4647.06 6352.38
4657.26 6354.63
4667.99 6360.51
4679.63 6365.58
4690.64 6369.44
4702.25 6371.98
4715.62 6370.53
4727.25 6371.89
4739.67 6373.82
4751.29 6375.77
4763.75 6377.76
4775.88 6379.69
4787.43 6381.55
4798.87 6383.50
4811.18 6385.47
4822.95 6387.06
4834.65 6389.00
4846.35 6391.15
4855.90 6396.25
4864.66 6397.81
4869.46 6398.65
4870.11 6398.76
4870.18 6398.77
4870.18 6398.77
4870.18 6398.77
4870.18 6398.77
4870.18 6398.77
4870.18 6398.77
4870.18 6398.77
4870.18 6398.77
4870.18 6398.77
4870.18 6398.77
4870.18 6398.77
4870.18 6398.77
4870.18 6398.77
4870.18 6398.77
4870.18 6398.77
4870.18 6398.77
4870.18 6398.77
4870.18 6398.77
4870.18 6398.77
4870.18 6398.77
4870.18 6398.77
4870.18 6398.77
4870.18 6398.77
4870.18 6398.77
4870.18 6398.77
4870.18 6398.77
4870.18 6398.77
4870.18 6398.77
4871.93 6399.05
4875.12 6399.54
4879.54 6400.20
4885.51 6401.10
4893.73 6402.34
4903.96 6403.77
4916.47 6405.44
4928.33 6407.03
4940.07 6408.60
4952.05 6409.84
4963.95 6410.63
4975.73 6411.41
4987.81 6412.22
4999.99 6413.37
5012.56 6414.65
5024.94 6415.91
5037.28 6417.17
5049.28 6418.40
5061.55 6419.66
5073.68 6420.94
5086.21 6418.98
5097.88 6420.25
5109.95 6421.56
5122.36 6422.92
5134.57 6424.27
5147.10 6425.66
5159.62 6427.09
5171.24 6428.20
5183.24 6429.35
5194.34 6430.50
5202.24 6431.36
5205.67 6431.73
5205.83 6431.75
5205.87 6431.75
5205.88 6431.75
5205.88 6431.75
5205.88 6431.75
5205.88 6431.75
5205.88 6431.75
5205.88 6431.75
5205.88 6431.75
5205.88 6431.75
5205.88 6431.75
5205.88 6431.75
5205.88 6431.75
5205.88 6431.75
5205.88 6431.75
5205.88 6431.75
5205.88 6431.75
5205.88 6431.75
5205.88 6431.75
5205.88 6431.75
5205.88 6431.75
5205.88 6431.75
5205.88 6431.75
5205.88 6431.75
5205.88 6431.75
5205.88 6431.75
5205.88 6431.75
5205.88 6431.75
5205.88 6431.75
5206.83 6431.86
5209.11 6432.10
5213.39 6432.57
5218.96 6433.17
5226.77 6434.03
5236.16 6435.06
5247.52 6436.31
5259.12 6437.58
5271.67 6438.96
5283.25 6440.21
5295.48 6441.50
5307.76 6442.78
5319.85 6444.05
5331.64 6445.22
5343.61 6446.25
5355.46 6447.39
5367.07 6448.58
5379.54 6449.68
5391.81 6451.00
5403.47 6452.48
5415.13 6454.09
5427.00 6456.44
5438.88 6459.66
5450.89 6463.80
5459.63 6466.90
5465.13 6468.89
5468.25 6470.02
5468.31 6470.04
5468.32 6470.05
5468.33 6470.05
5468.34 6470.05
5468.34 6470.05
5468.34 6470.05
5468.34 6470.05
5468.34 6470.05
5468.34 6470.05
5468.34 6470.05
5468.34 6470.05
5468.34 6470.05
5468.34 6470.05
5468.34 6470.05
5468.34 6470.05
5468.34 6470.05
5468.34 6470.05
5468.34 6470.05
5468.34 6470.05
5468.34 6470.05
5468.34 6470.05
5468.34 6470.05
5468.34 6470.05
5468.34 6470.05
5468.34 6470.05
5468.34 6470.05
5468.34 6470.05
5468.34 6470.05
5468.34 6470.05
5468.34 6470.05
5468.34 6470.05
5468.34 6470.05
5468.34 6470.05
5468.34 6470.05
5468.34 6470.05
5468.34 6470.05
5468.34 6470.05
5468.34 6470.05
5468.34 6470.05
5468.34 6470.05
5468.34 6470.05
5468.34 6470.05
5468.34 6470.05
5468.34 6470.05
5468.34 6470.05
5468.34 6470.05
5468.34 6470.05
5468.34 6470.05
5468.34 6470.05
5468.34 6470.05
5468.34 6470.05
5468.34 6470.05
5468.34 6470.05
5468.34 6470.05
5468.34 6470.05
5468.34 6470.05
5468.34 6470.05
5468.34 6470.05
5468.34 6470.05
5468.34 6470.05
5468.34 6470.05
5468.34 6470.05
5468.34 6470.05
5468.34 6470.05
5468.34 6470.05
5468.34 6470.05
5468.34 6470.05
5468.34 6470.05
5468.34 6470.05
5468.34 6470.05
5468.34 6470.05
5468.34 6470.05
5468.34 6470.05
5468.34 6470.05
5468.34 6470.05
5468.34 6470.05
5468.34 6470.05
5468.34 6470.05
5468.34 6470.05
5468.34 6470.05
5468.34 6470.05
5468.34 6470.05
5468.34 6470.05
5468.34 6470.05
5468.34 6470.05
5468.34 6470.05
5468.34 6470.05
5468.34 6470.05
5468.34 6470.05
5468.34 6470.05
5468.34 6470.05
5468.34 6470.05
5468.34 6470.05
5468.34 6470.05
5468.34 6470.05
5468.34 6470.05
5468.34 6470.05
5468.34 6470.05
5468.34 6470.05
5468.34 6470.05
5468.34 6470.05
5468.34 6470.05
5468.34 6470.05
5468.34 6470.05
5468.34 6470.05
5468.34 6470.05
5468.34 6470.05
5468.34 6470.05
5468.34 6470.05
5468.34 6470.05
5468.34 6470.05
5468.34 6470.05
5468.34 6470.05
5468.34 6470.05
5468.34 6470.05
5468.34 6470.05
5468.34 6470.05
5468.34 6470.05
5468.34 6470.05
5468.34 6470.05
5468.34 6470.05
5468.34 6470.05
5468.34 6470.05
5468.34 6470.05
5470.04 6470.67
5473.63 6472.01
5478.73 6473.93
5485.61 6476.61
5493.81 6479.92
5503.25 6483.74
5513.90 6488.04
5525.11 6492.59
5536.15 6497.10
5547.89 6501.79
5558.96 6506.18
5569.84 6510.50
5580.66 6514.80
5591.95 6519.28
5602.84 6523.59
5614.21 6528.11
5625.82 6532.72
5637.61 6537.39
5649.39 6542.07
5660.64 6546.53
5671.93 6551.24
5681.24 6555.23
5687.37 6557.86
5689.63 6558.83
5690.54 6559.22
5690.82 6559.34
5690.92 6559.38
5690.99 6559.41
5691.02 6559.43
5691.03 6559.43
5691.04 6559.43
5691.04 6559.43
5691.04 6559.43
5691.04 6559.43
5691.04 6559.43
5691.04 6559.43
5691.04 6559.43
5691.04 6559.43
5691.04 6559.43
5691.04 6559.43
5691.04 6559.43
5691.04 6559.43
5691.04 6559.43
5691.04 6559.43
5691.04 6559.43
5691.04 6559.43
5691.04 6559.43
5691.04 6559.43
5691.04 6559.43
5691.04 6559.43
5691.04 6559.43
5691.04 6559.43
5691.04 6559.43
5691.04 6559.43
5691.04 6559.43
5691.04 6559.43
5691.04 6559.43
5691.04 6559.43
5691.04 6559.43
5691.04 6559.43
5691.04 6559.43
5691.68 6559.71
5693.33 6560.42
5696.83 6561.92
5701.83 6564.06
5708.91 6567.10
5718.08 6570.75
5727.97 6574.58
5739.65 6578.89
5748.57 6582.17
5756.67 6585.16
5764.55 6588.26
5773.10 6591.75
5781.11 6595.04
5789.57 6598.36
5798.94 6601.72
5807.33 6604.97
5816.84 6608.81
5827.45 6613.11
5838.30 6617.42
5848.95 6621.89
5860.32 6626.54
5871.08 6630.97
5882.74 6635.80
5894.22 6640.56
5905.75 6645.35
5916.54 6649.86
5927.94 6654.62
5939.42 6659.42
5950.57 6663.98
5961.27 6668.22
5972.71 6672.62
5984.22 6676.92
5995.30 6678.85
6007.38 6680.62
6019.76 6682.44
6032.15 6684.26
6044.23 6686.06
6056.67 6687.91
6069.02 6689.75
6081.42 6691.59
6093.97 6693.46
6106.09 6695.26
6118.34 6697.09
6130.40 6698.88
6140.04 6700.32
6145.53 6701.13
6146.87 6701.33
6147.16 6701.38
6147.17 6701.38
6147.17 6701.38
6147.17 6701.38
6147.17 6701.38
6147.17 6701.38
6147.17 6701.38
6147.17 6701.38
6147.17 6701.38
6147.17 6701.38
6147.17 6701.38
6147.17 6701.38
6147.17 6701.38
6147.17 6701.38
6147.17 6701.38
6147.17 6701.38
6147.17 6701.38
6147.17 6701.38
6147.17 6701.38
6147.17 6701.38
6147.17 6701.38
6147.17 6701.38
6147.17 6701.38
6147.17 6701.38
6147.17 6701.38
6147.17 6701.38
6147.17 6701.38
6147.17 6701.38
6147.17 6701.38
6147.17 6701.38
6147.17 6701.38
6147.17 6701.38
6147.17 6701.38
6147.17 6701.38
6147.17 6701.38
6147.17 6701.38
6147.17 6701.38
6147.17 6701.38
6147.17 6701.38
6147.17 6701.38
6147.17 6701.38
6147.17 6701.38
6148.75 6701.61
6152.40 6702.16
6158.04 6702.99
6165.95 6704.24
6175.60 6705.82
6187.01 6707.85
6199.26 6710.06
6211.47 6712.26
6223.72 6715.00
6235.73 6718.50
6247.32 6722.52
6259.09 6726.55
6271.03 6730.87
6279.71 6734.11
6289.08 6737.68
6299.56 6741.78
6311.08 6746.77
6322.35 6751.77
6333.53 6756.72
6345.10 6761.84
6356.28 6766.80
6367.49 6771.77
6377.31 6779.73
6388.34 6784.61
6399.86 6789.51
6411.04 6793.00
6422.55 6796.59
6433.77 6800.08
6444.99 6803.50
6457.13 6806.98
6468.41 6810.07
6480.26 6813.11
6492.52 6816.26
6504.79 6819.41
6516.79 6822.49
6528.31 6825.45
6539.98 6828.17
6551.83 6830.42
6563.82 6832.60
6576.13 6834.83
6588.06 6837.00
6599.76 6839.12
6611.30 6841.22
6622.97 6843.34
6634.60 6845.45
6646.00 6847.52
6657.66 6852.99
6669.81 6855.19
6681.30 6857.28
6693.46 6859.49
6704.99 6861.58
6717.07 6863.77
6729.38 6866.01
6741.58 6868.22
6753.76 6870.44
6765.20 6872.51
6776.68 6874.60
6788.20 6876.69
6799.81 6878.80
6807.00 6880.10
6809.81 6880.61
6810.12 6880.67
6810.21 6880.69
6810.23 6880.69
6810.23 6880.69
6810.23 6880.69
6810.23 6880.69
6810.23 6880.69
6810.23 6880.69
6810.23 6880.69
6810.23 6880.69
6810.23 6880.69
6810.23 6880.69
6810.23 6880.69
6810.23 6880.69
6810.23 6880.69
6810.23 6880.69
6810.82 6877.44
6810.82 6877.44
6810.82 6877.44
6810.82 6877.44
6810.82 6877.44
6810.82 6877.44
6810.82 6877.44
6810.82 6877.44
6810.82 6877.44
6810.82 6877.44
6810.82 6877.44
6810.82 6877.44
6810.82 6877.44
6810.82 6877.44
6810.82 6877.44
6810.82 6877.44
6810.82 6877.44
6810.82 6877.44
6810.82 6877.44
6810.82 6877.44
6810.82 6877.44
6813.01 6877.82
6817.20 6878.51
6823.13 6882.81
6831.45 6884.07
6841.44 6885.59
6853.66 6887.45
6865.29 6889.22
6877.39 6891.06
6889.56 6892.90
6901.66 6894.74
