4576.67 6223.06
4576.42 6225.25
4575.93 6229.67
4575.25 6235.77
4574.28 6244.50
4573.14 6255.24
4574.94 6267.35
4576.42 6276.74
4577.41 6282.34
4577.71 6284.01
4577.81 6284.58
4577.85 6284.80
4577.85 6284.83
4577.85 6284.83
4577.85 6284.83
4577.85 6284.83
4577.85 6284.83
4577.85 6284.83
4577.85 6284.83
4577.85 6284.83
4577.85 6284.83
4577.85 6284.83
4577.85 6284.83
4577.85 6284.83
4577.85 6284.83
4577.85 6284.83
4577.85 6284.83
4577.85 6284.83
4577.85 6284.83
4577.85 6284.83
4577.85 6284.83
4577.85 6284.83
4577.85 6284.83
4577.85 6284.83
4577.85 6284.83
4577.85 6284.83
4577.85 6284.83
4577.85 6284.83
4577.85 6284.83
4577.85 6284.83
4577.85 6284.83
4577.85 6284.83
4577.85 6284.83
4577.85 6284.83
4577.85 6284.83
4577.85 6284.83
4577.85 6284.83
4577.85 6284.83
4577.85 6284.83
4577.85 6284.83
4577.85 6284.83
4577.85 6284.83
4577.85 6284.83
4578.16 6287.29
4578.38 6291.39
4581.71 6296.42
4588.88 6301.83
4597.84 6308.60
4607.33 6315.76
4617.43 6322.76
4627.39 6329.52
4636.36 6335.60
4642.17 6339.54
4645.07 6342.00
4645.67 6342.52
4645.67 6342.52
4645.67 6342.52
4645.67 6342.52
4645.67 6342.52
4645.67 6342.52
4645.67 6342.52
4645.67 6342.52
4645.67 6342.52
4645.67 6342.52
4645.67 6342.52
4645.67 6342.52
4645.67 6342.52
4645.67 6342.52
4645.67 6342.52
4645.67 6342.52
4645.67 6342.52
4645.67 6342.52
4645.67 6342.52
4645.67 6342.52
4645.67 6342.52
4645.67 6342.52
4645.67 6342.52
4645.67 6342.52
4647.01 6343.66
4650.32 6346.33
4655.89 6349.87
4663.43 6354.71
4673.71 6359.40
4684.83 6364.24
4696.39 6367.32
4707.34 6369.55
4718.82 6370.90
4730.89 6372.32
4742.75 6374.35
4753.67 6376.15
4765.77 6378.08
4777.07 6379.87
4788.86 6381.80
4800.28 6383.74
4812.11 6385.61
4823.86 6387.18
4835.17 6389.10
4846.27 6391.14
4854.85 6396.06
4863.52 6397.61
4868.16 6398.44
4869.32 6398.63
4870.10 6398.76
4870.16 6398.77
4870.18 6398.77
4870.18 6398.77
4870.18 6398.77
4870.18 6398.77
4870.18 6398.77
4870.18 6398.77
4870.18 6398.77
4870.18 6398.77
4870.18 6398.77
4870.18 6398.77
4870.18 6398.77
4870.18 6398.77
4870.18 6398.77
4870.18 6398.77
4870.18 6398.77
4870.18 6398.77
4870.18 6398.77
4870.18 6398.77
4870.18 6398.77
4870.18 6398.77
4870.18 6398.77
4870.18 6398.77
4870.18 6398.77
4870.18 6398.77
4871.72 6399.02
4875.01 6399.52
4879.98 6400.27
4886.79 6401.29
4895.27 6402.57
4906.16 6404.06
4918.48 6405.71
4930.39 6407.31
4941.87 6408.85
4953.82 6409.95
4965.00 6410.70
4976.48 6411.46
4988.89 6412.29
5000.62 6413.43
5011.68 6414.56
5022.50 6415.66
5034.40 6416.88
5046.75 6418.14
5057.82 6419.27
5069.25 6420.47
5080.78 6421.71
5091.87 6422.91
5103.33 6424.15
5115.56 6425.49
5127.19 6426.77
5138.81 6428.06
5150.26 6429.32
5161.35 6430.57
5172.56 6431.65
5184.61 6432.80
5195.02 6437.21
5206.35 6438.44
5218.70 6439.78
5230.71 6441.10
5242.44 6442.39
5253.74 6443.63
5265.88 6444.97
5278.08 6446.30
5290.46 6447.61
5302.29 6448.85
5314.39 6450.12
5325.92 6451.32
5337.87 6452.39
5349.51 6453.40
5360.97 6451.29
5373.42 6452.45
5385.77 6453.65
5397.54 6455.00
5408.95 6456.56
5420.27 6458.31
5432.04 6461.10
5443.16 6464.63
5454.77 6468.65
5462.79 6475.06
5471.04 6478.09
5475.81 6479.88
5478.13 6480.75
5478.46 6480.87
5478.55 6480.91
5478.57 6480.91
5478.58 6480.92
5478.59 6480.92
5478.59 6480.92
5478.59 6480.92
5478.59 6480.92
5478.59 6480.92
5478.59 6480.92
5478.59 6480.92
5478.59 6480.92
5478.59 6480.92
5478.59 6480.92
5478.59 6480.92
5478.59 6480.92
5478.59 6480.92
5478.59 6480.92
5478.59 6480.92
5478.59 6480.92
5478.59 6480.92
5478.59 6480.92
5478.59 6480.92
5478.59 6480.92
5478.59 6480.92
5478.59 6480.92
5478.59 6480.92
5478.59 6480.92
5478.59 6480.92
5478.59 6480.92
5478.59 6480.92
5478.59 6480.92
5478.59 6480.92
5478.59 6480.92
5478.59 6480.92
5478.59 6480.92
5478.59 6480.92
5478.59 6480.92
5478.59 6480.92
5478.59 6480.92
5478.59 6480.92
5478.59 6480.92
5478.59 6480.92
5478.59 6480.92
5478.59 6480.92
5478.59 6480.92
5478.59 6480.92
5478.59 6480.92
5478.59 6480.92
5478.59 6480.92
5478.59 6480.92
5478.59 6480.92
5478.59 6480.92
5478.59 6480.92
5478.59 6480.92
5478.59 6480.92
5478.59 6480.92
5478.59 6480.92
5478.59 6480.92
5478.59 6480.92
5478.59 6480.92
5478.59 6480.92
5478.59 6480.92
5478.59 6480.92
5478.59 6480.92
5478.59 6480.92
5478.59 6480.92
5478.59 6480.92
5478.59 6480.92
5478.59 6480.92
5478.59 6480.92
5478.59 6480.92
5478.59 6480.92
5478.59 6480.92
5478.59 6480.92
5478.59 6480.92
5478.59 6480.92
5478.59 6480.92
5478.59 6480.92
5478.59 6480.92
5478.59 6480.92
5478.59 6480.92
5478.59 6480.92
5478.59 6480.92
5478.59 6480.92
5478.59 6480.92
5478.59 6480.92
5478.59 6480.92
5478.59 6480.92
5478.59 6480.92
5478.59 6480.92
5478.59 6480.92
5478.59 6480.92
5479.91 6481.43
5482.86 6482.62
5487.34 6484.43
5494.33 6487.25
5503.10 6490.80
5513.64 6495.06
5523.96 6499.25
5534.86 6503.70
5545.64 6508.00
5556.80 6512.43
5567.66 6516.74
5578.12 6520.89
5588.51 6525.01
5599.86 6529.51
5610.41 6533.70
5621.86 6538.25
5633.70 6539.40
5644.72 6543.76
5655.48 6548.03
5666.48 6552.49
5677.70 6557.30
5686.51 6561.08
5692.53 6563.67
5694.42 6564.48
5695.21 6564.82
5695.24 6564.83
5695.25 6564.83
5695.26 6564.84
5695.26 6564.84
5695.26 6564.84
5695.26 6564.84
5695.26 6564.84
5696.32 6565.29
5699.09 6566.48
5703.11 6568.21
5708.45 6570.49
5715.20 6573.16
5724.45 6576.80
5734.51 6580.51
5745.21 6584.45
5754.89 6588.02
5765.43 6592.17
5776.78 6596.82
5788.39 6601.44
5799.92 6605.64
5810.58 6609.76
5821.50 6614.33
5832.11 6618.51
5842.78 6622.85
5853.04 6627.13
5864.39 6631.77
5875.77 6636.48
5886.92 6641.11
5898.36 6645.85
5909.27 6650.40
5920.92 6651.69
5927.15 6654.29
5935.57 6657.81
5945.61 6661.97
5956.61 6666.28
5967.36 6670.56
5978.72 6674.90
5989.49 6678.00
6000.82 6679.66
6013.20 6681.48
6025.04 6683.22
6036.91 6684.97
6048.80 6686.74
6060.72 6688.51
6072.37 6690.25
6084.46 6692.04
6096.38 6693.82
6108.61 6695.64
6119.76 6697.30
6130.81 6698.94
6139.96 6700.30
6145.74 6701.16
6147.60 6701.44
6148.11 6701.52
6148.15 6701.52
6148.15 6701.52
6148.15 6701.52
6148.15 6701.52
6148.15 6701.52
6148.15 6701.52
6148.15 6701.52
6148.15 6701.52
6148.15 6701.52
6148.15 6701.52
6148.15 6701.52
6148.15 6701.52
6148.15 6701.52
6148.15 6701.52
6148.15 6701.52
6148.15 6701.52
6148.15 6701.52
6148.15 6701.52
6148.15 6701.52
6148.15 6701.52
6148.15 6701.52
6148.15 6701.52
6148.15 6701.52
6148.15 6701.52
6148.15 6701.52
6148.15 6701.52
6148.15 6701.52
6148.15 6701.52
6148.15 6701.52
6148.15 6701.52
6148.15 6701.52
6148.15 6701.52
6148.15 6701.52
6148.15 6701.52
6148.15 6701.52
6148.15 6701.52
6148.15 6701.52
6148.15 6701.52
6148.15 6701.52
6148.15 6701.52
6148.15 6701.52
6148.15 6701.52
6148.15 6701.52
6149.12 6701.67
6152.33 6702.14
6157.45 6702.91
6164.43 6703.99
6173.07 6705.41
6184.03 6707.31
6196.36 6709.53
6208.50 6711.72
6220.18 6713.98
6231.78 6717.33
6243.18 6721.06
6254.91 6725.13
6266.54 6729.22
6277.70 6733.35
6289.03 6737.66
6300.67 6742.22
6311.73 6747.06
6322.92 6752.02
6332.32 6756.18
6341.52 6763.86
6352.44 6768.71
6363.78 6773.73
6374.28 6778.38
6384.50 6782.91
6395.22 6787.62
6406.49 6791.58
6418.35 6795.28
6429.53 6798.76
6440.39 6802.15
6451.42 6805.34
6463.41 6808.77
6474.61 6811.66
6485.41 6814.43
6495.35 6820.39
6506.91 6823.36
6516.41 6825.80
6522.63 6827.40
6524.90 6827.98
6525.27 6828.07
6525.45 6828.12
6525.54 6828.14
6525.55 6828.15
6525.56 6828.15
6525.56 6828.15
6525.56 6828.15
6525.56 6828.15
6525.56 6828.15
6525.56 6828.15
6525.56 6828.15
6525.56 6828.15
6525.56 6828.15
6525.56 6828.15
6525.56 6828.15
6525.56 6828.15
6525.56 6828.15
6525.56 6828.15
6525.56 6828.15
6525.56 6828.15
6525.56 6828.15
6525.56 6828.15
6525.56 6828.15
6525.56 6828.15
6525.56 6828.15
6525.56 6828.15
6525.56 6828.15
6525.56 6828.15
6525.56 6828.15
6525.56 6828.15
6525.56 6828.15
6525.56 6828.15
6525.56 6828.15
6525.56 6828.15
6525.56 6828.15
6525.56 6828.15
6525.56 6828.15
6525.56 6828.15
6525.56 6828.15
6526.38 6824.95
6526.84 6825.07
6528.22 6825.42
6532.19 6826.44
6537.99 6827.74
6545.75 6832.66
6554.84 6834.32
6565.72 6836.29
6577.65 6838.46
6589.66 6840.64
6601.57 6842.80
6613.74 6845.01
6625.11 6847.08
6636.24 6849.10
6643.61 6850.43
6648.98 6851.41
6655.35 6852.57
6664.33 6854.20
6675.33 6856.19
6686.29 6858.19
6697.78 6860.27
6709.43 6862.39
6720.97 6864.48
6732.09 6866.50
6743.43 6868.56
6755.53 6870.76
6766.78 6872.80
6778.38 6874.91
6790.37 6877.08
6802.29 6879.25
6814.19 6881.36
6825.90 6883.23
6837.20 6884.95
6848.94 6886.73
6860.26 6888.45
6871.67 6890.19
6882.77 6891.87
6890.47 6893.04
6895.46 6893.80
6897.01 6894.04
6897.40 6894.10
6897.66 6894.14
6897.72 6894.14
6897.75 6894.15
6897.76 6894.15
6897.76 6894.15
6897.76 6894.15
6897.76 6894.15
6897.76 6894.15
6897.76 6894.15
6897.76 6894.15
6897.76 6894.15
6897.76 6894.15
6897.76 6894.15
6897.76 6894.15
6897.76 6894.15
6897.76 6894.15
6897.76 6894.15
6897.76 6894.15
6897.76 6894.15
6897.76 6894.15
6898.09 6894.20
6900.08 6894.50
6901.85 6894.77
6906.06 6895.41
6911.56 6896.25
6917.82 6897.20
6924.48 6898.21
6930.52 6899.15
6937.21 6901.34
6940.40 6903.55
6943.00 6908.47
6943.34 6916.32
6946.06 6926.81
6945.39 6939.12
6944.71 6951.47
6944.10 6962.74
6943.42 6975.19
6942.75 6987.35
6945.41 6999.17
6944.75 7011.22
6944.08 7023.44
6943.47 7034.72
6942.80 7046.81
6942.28 7056.37
6942.00 7061.43
6941.96 7062.20
6941.96 7062.23
6941.96 7062.25
6941.96 7062.25
6941.96 7062.25
6941.96 7062.25
6941.96 7062.25
6941.96 7062.25
6938.67 7062.07
6938.62 7062.96
6938.62 7063.04
6938.62 7063.05
6938.61 7063.06
6938.61 7063.06
6938.61 7063.06
6938.61 7063.06
6938.61 7063.06
6938.61 7063.06
6938.55 7064.28
6941.75 7066.17
6941.60 7068.78
6941.38 7072.91
6941.03 7079.23
6940.92 7088.12
6941.08 7098.73
6941.54 7109.29
6942.42 7121.46
6943.26 7133.18
6944.08 7144.51
6944.88 7155.55
6945.69 7166.93
6946.56 7178.88
6947.86 7191.15
6951.01 7201.50
6955.81 7211.00
6967.00 7215.95
6978.25 7219.09
6990.09 7222.41
7001.29 7225.54
7012.61 7228.77
7025.40 7229.93
7036.79 7234.08
7047.23 7237.89
7058.27 7241.91
7069.13 7245.93
7080.67 7250.75
7091.46 7255.31
7101.86 7260.12
7112.76 7265.16
7123.03 7269.91
7133.58 7274.78
7144.26 7279.72
7152.61 7283.59
7157.40 7285.80
7158.10 7286.13
7158.28 7286.21
7158.34 7286.24
7158.35 7286.24
7158.35 7286.24
7158.35 7286.24
7158.35 7286.24
7158.35 7286.24
7158.35 7286.24
7158.35 7286.24
7158.35 7286.24
7158.35 7286.24
7158.35 7286.24
7158.35 7286.24
7158.35 7286.24
7158.35 7286.24
7158.35 7286.24
7158.35 7286.24
7158.35 7286.24
7158.35 7286.24
7158.35 7286.24
7158.35 7286.24
7158.35 7286.24
7158.35 7286.24
7158.35 7286.24
7158.35 7286.24
7158.35 7286.24
7158.35 7286.24
7158.35 7286.24
7158.35 7286.24
7158.35 7286.24
7158.35 7286.24
7158.35 7286.24
7158.35 7286.24
7158.35 7286.24
7158.35 7286.24
7158.35 7286.24
7158.35 7286.24
7158.35 7286.24
7158.35 7286.24
7158.35 7286.24
7158.35 7286.24
7158.35 7286.24
7158.35 7286.24
7158.35 7286.24
7158.35 7286.24
7158.35 7286.24
7158.35 7286.24
7158.35 7286.24
7158.35 7286.24
7158.35 7286.24
7158.35 7286.24
7159.79 7286.91
7162.37 7288.10
7166.59 7290.08
7172.87 7293.08
7180.23 7296.65
7189.52 7301.25
7199.91 7306.39
7210.47 7311.62
7221.54 7317.09
7231.19 7321.87
7238.67 7325.57
7242.37 7327.40
7243.39 7327.90
7243.70 7328.06
7243.98 7328.20
7244.02 7328.21
7244.02 7328.22
7244.02 7328.22
7244.02 7328.22
7244.02 7328.22
7244.02 7328.22
7244.02 7328.22
7244.02 7328.22
7244.02 7328.22
7244.02 7328.22
7244.02 7328.22
7244.02 7328.22
7244.02 7328.22
7244.02 7328.22
7244.02 7328.22
7244.02 7328.22
7244.02 7328.22
7244.02 7328.22
7244.02 7328.22
7244.02 7328.22
7244.02 7328.22
7244.02 7328.22
7244.02 7328.22
7244.02 7328.22
7244.02 7328.22
7244.02 7328.22
7244.02 7328.22
7244.02 7328.22
7244.02 7328.22
7244.02 7328.22
7244.02 7328.22
7245.27 7328.83
7248.50 7329.60
7254.06 7330.54
7261.74 7329.58
7270.09 7321.99
7273.93 7310.83
7278.00 7299.00
7281.77 7288.05
7285.43 7277.42
7289.70 7265.66
7298.16 7256.84
7311.42 7256.95
7323.09 7255.72
7331.36 7247.12
7339.24 7238.29
7347.43 7229.01
7355.24 7220.16
7363.72 7212.25
7372.57 7205.26
7382.34 7198.44
7391.92 7190.99
7399.56 7182.84
7405.63 7168.64
7411.61 7158.33
7418.83 7152.45
7424.76 7142.22
7430.60 7132.17
7436.71 7121.74
7444.14 7112.16
7455.20 7108.85
7466.96 7109.45
7478.54 7109.63
7486.26 7100.48
7492.77 7090.47
7499.49 7079.96
7506.48 7070.42
7514.03 7060.61
7521.46 7051.94
7529.59 7043.35
7537.68 7035.20
7546.04 7026.76
7554.57 7018.91
7563.59 7012.15
7573.45 7006.37
7583.30 7000.33
7593.13 6995.07
7604.13 6989.42
7614.17 6983.70
7625.95 6979.74
7637.53 6980.09
7649.45 6983.13
7660.92 6986.29
7672.04 6989.44
7683.33 6992.55
7695.37 6992.45
7706.21 6995.44
7717.65 6998.60
7729.79 7001.96
7740.93 7004.35
7753.13 7007.27
7764.06 7009.95
7775.81 7012.87
7787.93 7015.87
7799.59 7018.77
7811.12 7021.63
7822.94 7025.01
7833.76 7029.45
7844.23 7034.48
7854.23 7039.71
7864.94 7045.31
7874.89 7050.51
7885.56 7056.09
7895.82 7061.45
7906.19 7066.88
7916.86 7072.53
7926.34 7079.41
7936.35 7087.06
7945.74 7095.09
7954.34 7102.52
7963.22 7110.67
7971.59 7118.38
7980.69 7126.23
7989.76 7134.59
7997.84 7142.13
8006.53 7150.69
8014.70 7159.34
8023.01 7168.42
8030.77 7176.80
8038.92 7185.59
8047.19 7194.51
8056.46 7201.56
8066.95 7204.54
8079.15 7205.44
8091.48 7206.35
8103.01 7205.99
8114.70 7204.32
8126.76 7202.59
8137.47 7199.91
8148.56 7196.97
8159.89 7193.94
8170.89 7190.67
8182.43 7187.24
8193.50 7184.17
8194.45 7172.92
8196.67 7161.17
8201.08 7151.19
8207.66 7142.43
8215.14 7134.28
8223.15 7125.18
8230.90 7117.44
8227.82 7106.07
8224.64 7095.03
8219.75 7084.29
8211.55 7075.60
8203.90 7067.48
8196.01 7059.08
8187.65 7050.69
8178.91 7042.18
8170.41 7033.90
8162.28 7025.98
8154.10 7018.01
8145.70 7010.29
8136.59 7002.53
8127.06 6995.84
8116.85 6989.04
8106.05 6983.39
8094.70 6979.92
8082.65 6977.29
8070.44 6975.04
8059.01 6972.93
8047.53 6970.66
8036.36 6968.19
8024.92 6965.74
8013.21 6963.38
8001.29 6961.01
7989.23 6958.62
7977.95 6956.38
7966.29 6954.07
7954.26 6951.68
7942.01 6949.27
7936.45 6944.82
7924.97 6942.57
7912.93 6940.21
7901.25 6937.92
7889.55 6935.93
7877.88 6934.00
7866.48 6931.86
7854.91 6928.80
7843.50 6925.79
7832.64 6921.02
7823.70 6912.95
7816.78 6904.60
7818.18 6893.30
7819.68 6881.13
7824.20 6871.71
7834.51 6867.22
7846.19 6864.78
7858.31 6865.58
7870.66 6866.40
7881.95 6867.21
7893.40 6868.18
7905.32 6869.21
7917.66 6870.58
7929.32 6871.87
7941.33 6873.19
7952.95 6874.46
7964.37 6875.71
7975.98 6876.98
7988.15 6878.33
8000.34 6876.36
8012.46 6877.70
8023.61 6878.98
8035.88 6880.41
8046.91 6881.71
8058.43 6883.11
8069.95 6884.51
8081.65 6885.86
8093.11 6887.20
8104.75 6888.55
8116.53 6890.99
8128.71 6893.73
8140.65 6897.23
8151.85 6900.80
8163.69 6904.76
8174.98 6909.04
8186.13 6914.12
8197.41 6919.26
8207.74 6923.97
8218.10 6928.69
8228.67 6933.51
8239.84 6938.64
8250.32 6943.97
8260.87 6949.34
8271.83 6954.91
8282.96 6960.57
8294.05 6966.21
8304.71 6971.64
8314.31 6977.81
8324.04 6984.17
8333.77 6990.53
8343.71 6997.03
8353.74 7003.59
8363.63 7010.05
8374.73 7015.45
8385.83 7020.09
8393.52 7022.39
8402.46 7028.52
8414.38 7031.72
8426.52 7034.45
8438.49 7036.43
8450.77 7037.80
8462.17 7038.71
8473.52 7039.63
8485.49 7040.63
8497.44 7041.73
8508.58 7042.67
8519.87 7043.72
8532.22 7045.70
8543.57 7048.46
8555.04 7051.54
8566.59 7054.63
8578.23 7057.75
8589.29 7060.24
8601.02 7064.73
8611.09 7064.34
8616.62 7063.96
8617.91 7063.87
8618.46 7063.83
8618.52 7063.83
8618.54 7063.83
8618.55 7063.83
8618.55 7063.83
8618.55 7063.83
8618.55 7063.83
8618.55 7063.83
8618.55 7063.83
8618.55 7063.83
8618.55 7063.83
8618.55 7063.83
8618.55 7063.83
8618.55 7063.83
8618.55 7063.83
8618.55 7063.83
8620.61 7063.64
8625.34 7063.09
8632.16 7061.99
8641.53 7060.27
8653.62 7058.05
8665.50 7056.08
8677.53 7054.13
8688.86 7052.35
8700.91 7051.31
8712.11 7051.10
8723.40 7052.14
8734.82 7054.21
8746.04 7056.73
8757.52 7061.35
8767.86 7065.99
8778.45 7072.39
8788.37 7079.34
8796.86 7087.33
8805.02 7095.27
8812.31 7103.99
8819.45 7112.97
8826.65 7121.90
8835.10 7130.32
8844.17 7134.70
8853.51 7141.07
8863.60 7147.47
8874.39 7152.04
8885.16 7156.01
8896.02 7159.96
8907.60 7164.27
8918.20 7167.85
8929.08 7171.28
8940.71 7175.14
8952.49 7178.96
8963.33 7182.29
8974.03 7185.54
8985.38 7189.01
8996.03 7192.44
9006.75 7195.99
9018.49 7199.88
9029.44 7203.51
9040.98 7207.34
9052.37 7211.11
9063.83 7214.92
9075.08 7218.71
9087.52 7219.42
9099.08 7223.31
9109.29 7226.75
9120.34 7230.48
9132.03 7234.41
9143.86 7238.40
9154.69 7242.05
9165.22 7245.60
9176.09 7249.26
9187.50 7253.10
9198.99 7256.98
9210.50 7260.85
9221.95 7264.71
9232.77 7268.36
9244.40 7272.27
9255.18 7275.91
9266.96 7279.88
9278.65 7283.82
9290.18 7287.70
9300.94 7291.33
9312.27 7295.14
9323.42 7298.90
9334.75 7302.72
9346.48 7306.67
9357.75 7310.47
9369.43 7314.40
9380.84 7318.17
9392.55 7321.93
9404.39 7325.69
9415.72 7329.22
9427.10 7332.95
9438.01 7336.30
9449.67 7339.83
9461.22 7343.50
9471.88 7346.92
9483.08 7350.54
9493.81 7354.14
9504.86 7357.88
9516.02 7361.67
9527.58 7365.58
9538.58 7369.31
9550.37 7373.30
9562.21 7377.31
9572.91 7380.94
9584.44 7384.84
