2497.48 5574.41
2496.80 5577.30
2495.49 5582.84
2493.61 5590.81
2492.41 5600.15
2497.58 5610.49
2503.64 5622.58
2509.99 5635.27
2516.34 5647.94
2522.71 5660.67
2529.06 5673.34
2535.36 5685.92
2541.41 5698.01
2548.17 5710.47
2560.08 5717.23
2571.66 5723.82
2584.29 5730.99
2596.32 5737.83
2608.41 5744.70
2620.11 5751.35
2632.24 5758.24
2644.50 5765.21
2656.37 5771.96
2668.30 5777.68
2681.19 5782.69
2694.36 5787.81
2708.03 5793.12
2720.95 5798.14
2733.42 5802.99
2745.97 5807.86
2759.25 5813.02
2765.65 5823.04
2766.82 5837.33
2767.75 5851.44
2766.88 5865.12
2765.26 5878.39
2763.62 5891.87
2761.33 5905.22
2757.14 5918.00
2753.06 5930.60
2748.95 5943.76
2744.69 5957.57
2740.78 5970.19
2735.58 5982.37
2731.44 5991.54
2729.15 5996.62
2728.34 5998.41
2728.29 5998.54
2728.28 5998.55
2728.28 5998.55
2728.28 5998.55
2728.28 5998.55
2728.28 5998.55
2728.28 5998.55
2728.28 5998.55
2728.28 5998.55
2728.28 5998.55
2728.28 5998.55
2728.28 5998.55
2728.28 5998.55
2728.28 5998.55
2728.28 5998.55
2728.28 5998.55
2728.28 5998.55
2728.28 5998.55
2728.28 5998.55
2728.28 5998.55
2728.28 5998.55
2728.28 5998.55
2728.28 5998.55
2728.28 5998.55
2728.28 5998.55
2728.28 5998.55
2728.28 5998.55
2728.28 5998.55
2728.28 5998.55
2728.28 5998.55
2727.76 6000.03
2729.53 6003.05
2735.70 6004.84
2743.54 6006.75
2753.47 6009.18
2765.53 6013.16
2778.41 6017.70
2791.47 6022.29
2805.29 6027.15
2818.84 6031.22
2832.63 6035.99
2845.29 6041.18
2857.28 6046.88
2869.74 6052.27
2882.06 6057.60
2895.03 6063.21
2907.41 6069.01
2919.96 6075.48
2932.99 6082.20
2946.03 6088.92
2958.89 6095.56
2970.99 6102.34
2982.89 6109.26
2995.23 6116.44
3006.72 6123.13
3019.15 6130.36
3031.31 6137.43
3042.75 6144.09
3054.71 6151.56
3066.73 6159.14
3077.94 6166.21
3089.93 6173.77
3101.12 6180.82
3113.15 6188.41
3125.10 6195.94
3136.72 6203.27
3146.08 6209.17
3152.65 6213.31
3155.41 6215.05
3155.62 6215.19
3155.63 6215.19
3155.63 6215.19
3155.63 6215.19
3155.63 6215.19
3155.63 6215.19
3157.57 6216.32
3160.89 6218.10
3166.61 6220.54
3175.23 6223.98
3185.26 6227.99
3196.77 6232.68
3210.07 6238.22
3223.07 6243.88
3235.77 6248.99
3248.20 6253.46
3261.77 6257.51
3275.33 6261.17
3288.37 6264.11
3302.25 6267.32
3315.74 6270.30
3329.26 6273.01
3343.40 6274.66
3356.54 6276.20
3369.91 6277.43
3384.51 6278.13
3398.98 6278.84
3413.16 6279.49
3425.23 6279.95
3433.84 6280.28
3437.98 6280.43
3438.18 6280.44
3438.23 6280.44
3438.24 6280.44
3438.24 6280.44
3438.24 6280.44
3438.24 6280.44
3438.24 6280.44
3438.24 6280.44
3438.24 6280.44
3438.24 6280.44
3438.24 6280.44
3438.24 6280.44
3438.24 6280.44
3438.24 6280.44
3438.24 6280.44
3438.24 6280.44
3438.24 6280.44
3438.24 6280.44
3438.24 6280.44
3438.24 6280.44
3438.24 6280.44
3438.24 6280.44
3438.24 6280.44
3438.24 6280.44
3438.24 6280.44
3438.24 6280.44
3438.24 6280.44
3438.24 6280.44
3438.24 6280.44
3438.24 6280.44
3438.24 6280.44
3438.24 6280.44
3438.24 6280.44
3438.24 6280.44
3438.24 6280.44
3438.24 6280.44
3438.24 6280.44
3438.24 6280.44
3438.24 6280.44
3438.24 6280.44
3438.24 6280.44
3438.24 6280.44
3438.24 6280.44
3438.24 6280.44
3438.24 6280.44
3440.75 6280.53
3445.42 6280.53
3451.65 6279.50
3460.28 6277.81
3471.29 6275.66
3484.29 6273.40
3497.59 6271.61
3512.19 6269.81
3525.92 6268.12
3539.82 6266.42
3553.97 6264.78
3567.94 6263.16
3582.09 6261.28
3596.34 6259.39
3609.79 6257.60
3624.40 6255.65
3637.84 6252.46
3650.59 6248.73
3663.45 6244.57
3676.85 6239.18
3689.49 6234.10
3702.25 6228.97
3715.67 6223.57
3728.93 6217.95
3741.38 6212.59
3753.96 6207.53
3767.35 6204.28
3781.30 6205.71
3794.07 6210.34
3805.31 6218.36
3816.61 6226.11
3828.39 6232.81
3842.13 6231.53
3855.61 6229.62
3869.13 6227.71
3882.55 6225.81
3895.38 6224.00
3907.67 6222.26
3917.28 6220.90
3922.53 6220.16
3923.42 6220.04
3923.60 6220.01
3923.66 6220.00
3923.69 6220.00
3923.70 6220.00
3923.70 6220.00
3923.70 6220.00
3923.70 6220.00
3923.70 6220.00
3923.70 6220.00
3923.70 6220.00
3923.70 6220.00
3923.70 6220.00
3923.70 6220.00
3923.70 6220.00
3923.70 6220.00
3923.70 6220.00
3923.70 6220.00
3923.70 6220.00
3923.70 6220.00
3923.70 6220.00
3923.70 6220.00
3923.70 6220.00
3923.70 6220.00
3923.70 6220.00
3923.70 6220.00
3923.70 6220.00
3923.70 6220.00
3923.70 6220.00
3923.70 6220.00
3923.70 6220.00
3923.70 6220.00
3923.70 6220.00
3923.70 6220.00
3923.70 6220.00
3923.70 6220.00
3923.70 6220.00
3923.70 6220.00
3923.70 6220.00
3923.70 6220.00
3925.21 6219.79
3929.71 6219.19
3937.11 6218.23
3946.21 6217.07
3958.14 6215.62
3972.17 6213.61
3985.84 6211.73
3999.46 6209.33
4013.84 6206.64
4028.07 6203.47
4041.09 6200.49
4054.93 6197.35
4069.03 6194.14
4082.20 6194.34
4095.30 6191.04
4108.30 6187.79
4121.69 6184.99
4135.46 6182.10
4148.63 6179.16
4162.15 6175.49
4176.24 6171.67
4189.77 6169.41
4202.85 6167.52
4216.39 6166.04
4229.67 6164.97
4243.87 6164.13
4257.19 6163.35
4270.68 6162.55
4283.95 6161.77
4298.51 6161.96
4312.11 6162.97
4326.33 6164.02
4339.88 6165.49
4353.25 6166.93
4367.57 6168.04
4380.88 6169.08
4394.39 6170.70
4407.21 6176.65
4420.36 6183.01
4432.97 6189.81
4443.37 6197.91
4454.12 6206.23
4464.76 6214.43
4475.41 6222.67
4486.74 6231.05
4497.57 6239.00
4509.35 6247.65
4520.68 6255.72
4531.88 6263.53
4542.88 6271.49
4553.61 6279.35
4561.30 6285.06
4566.19 6288.78
4567.91 6290.09
4568.35 6290.42
4568.44 6290.49
4568.48 6290.52
4568.50 6290.54
4568.51 6290.54
4568.51 6290.54
4568.51 6290.54
4568.51 6290.54
4568.51 6290.54
4568.51 6290.54
4568.51 6290.54
4568.51 6290.54
4568.51 6290.54
4568.51 6290.54
4568.51 6290.54
4568.51 6290.54
4568.51 6290.54
4568.51 6290.54
4568.51 6290.54
4568.51 6290.54
4568.51 6290.54
4568.51 6290.54
4568.51 6290.54
4568.51 6290.54
4568.51 6290.54
4568.51 6290.54
4569.73 6291.47
4573.19 6294.10
4578.85 6298.40
4586.52 6304.19
4596.55 6311.76
4607.62 6320.09
4618.78 6327.66
4630.70 6335.75
4641.62 6343.37
4654.63 6349.08
4666.20 6356.13
4679.41 6361.88
4692.74 6366.52
4706.30 6369.43
4720.27 6371.07
4733.27 6372.72
4746.33 6374.96
4760.69 6377.27
4773.67 6379.33
4787.43 6381.55
4801.46 6383.94
4815.25 6386.05
4829.15 6388.01
4842.14 6390.37
4855.57 6392.83
4864.60 6394.45
4869.23 6395.27
4870.28 6395.44
4870.66 6395.51
4870.72 6395.52
4870.73 6395.52
4870.73 6395.52
4870.73 6395.52
4870.73 6395.52
4870.73 6395.52
4870.73 6395.52
4870.73 6395.52
4870.73 6395.52
4870.73 6395.52
4870.73 6395.52
4872.47 6395.79
4876.30 6396.37
4881.70 6397.19
4889.51 6398.36
4900.02 6399.91
4912.23 6401.55
4926.11 6403.41
4940.03 6405.27
4953.43 6406.63
4967.16 6407.54
4980.87 6408.45
4994.12 6409.45
5007.63 6410.83
5021.10 6412.20
5035.19 6413.64
5049.44 6415.10
5063.37 6416.53
5077.32 6418.02
5090.78 6419.48
5104.14 6420.92
5118.14 6422.45
5131.77 6423.96
5146.11 6425.55
5159.93 6427.12
5174.37 6428.50
5188.10 6429.82
5200.17 6431.13
5207.76 6431.96
5211.99 6432.42
5212.93 6432.52
5213.23 6432.55
5213.30 6432.56
5213.33 6432.56
5213.33 6432.56
5213.33 6432.56
5213.33 6432.56
5213.33 6432.56
5213.33 6432.56
5213.33 6432.56
5213.33 6432.56
5215.33 6432.78
5218.94 6433.17
5224.16 6433.74
5232.22 6434.63
5242.89 6435.80
5255.20 6437.15
5268.51 6438.61
5282.95 6440.18
5296.08 6441.56
5310.59 6443.08
5324.30 6444.51
5337.56 6445.74
5351.93 6447.02
5365.43 6448.44
5379.05 6449.64
5393.22 6451.16
5406.50 6452.89
5419.92 6454.85
5433.64 6458.10
5446.73 6462.37
5458.21 6466.39
5465.58 6469.06
5468.69 6470.18
5468.77 6470.21
5468.81 6470.22
5467.65 6473.32
5470.09 6474.21
5472.73 6475.20
5473.45 6475.47
5473.71 6475.57
5473.74 6475.58
5473.74 6475.58
5473.74 6475.58
5473.74 6475.58
5473.74 6475.58
5473.74 6475.58
5473.74 6475.58
5473.74 6475.58
5473.74 6475.58
5473.74 6475.58
5473.74 6475.58
5473.74 6475.58
5473.74 6475.58
5473.74 6475.58
5473.74 6475.58
5473.74 6475.58
5473.74 6475.58
5473.74 6475.58
5473.74 6475.58
5473.74 6475.58
5473.74 6475.58
5475.71 6476.32
5479.16 6477.61
5485.35 6480.06
5493.68 6483.43
5504.50 6487.81
5516.94 6492.83
5528.74 6497.64
5541.99 6503.00
5554.88 6508.11
5566.77 6512.83
5580.02 6518.10
5592.64 6523.10
5605.24 6528.09
5617.66 6533.03
5630.89 6538.28
5645.64 6540.58
5658.11 6545.53
5670.67 6550.69
5683.07 6556.01
5696.02 6561.57
5708.51 6566.93
5721.87 6572.26
5735.15 6577.23
5745.96 6581.21
5755.41 6584.70
5765.16 6588.51
5776.89 6593.31
5789.02 6598.17
5801.40 6602.67
5814.21 6607.70
5826.61 6612.78
5839.39 6617.86
5852.22 6623.23
5863.76 6627.95
5875.94 6632.98
5886.83 6637.49
5893.78 6640.37
5897.92 6642.09
5899.91 6642.92
5900.07 6642.98
5900.10 6642.99
5900.11 6643.00
5900.12 6643.00
5900.12 6643.00
5900.12 6643.00
5900.12 6643.00
5900.12 6643.00
5900.12 6643.00
5900.12 6643.00
5900.12 6643.00
5900.12 6643.00
5900.12 6643.00
5900.12 6643.00
5900.12 6643.00
5900.12 6643.00
5900.12 6643.00
5900.12 6643.00
5900.12 6643.00
5900.12 6643.00
5900.12 6643.00
5900.12 6643.00
5900.12 6643.00
5900.12 6643.00
5900.12 6643.00
5900.12 6643.00
5900.12 6643.00
5900.12 6643.00
5900.12 6643.00
5900.12 6643.00
5900.12 6643.00
5900.12 6643.00
5900.12 6643.00
5900.12 6643.00
5900.12 6643.00
5900.12 6643.00
5900.12 6643.00
5900.12 6643.00
5900.12 6643.00
5900.12 6643.00
5900.12 6643.00
5900.12 6643.00
5900.12 6643.00
5900.12 6643.00
5900.12 6643.00
5900.12 6643.00
5900.12 6643.00
5900.12 6643.00
5900.12 6643.00
5900.12 6643.00
5900.12 6643.00
5900.12 6643.00
5900.75 6643.26
5902.45 6643.97
5905.79 6645.37
5911.17 6647.62
5918.32 6648.88
5928.04 6646.19
5939.52 6640.29
5951.66 6633.60
5963.77 6628.07
5976.73 6622.39
5989.14 6617.06
6001.38 6611.93
6014.20 6606.57
6027.45 6601.03
6041.02 6595.46
6054.20 6590.16
6066.64 6585.24
6079.49 6580.27
6092.84 6575.12
6105.97 6569.95
6118.45 6564.98
6130.66 6560.31
6144.06 6555.27
6157.29 6550.29
6170.21 6545.44
6182.01 6541.00
6194.55 6536.29
6207.84 6531.37
6220.23 6527.01
6233.40 6522.42
6246.56 6517.84
6259.20 6513.72
6271.50 6509.89
6284.37 6505.88
6297.56 6501.76
6311.20 6497.51
6324.19 6493.46
6336.93 6489.49
6350.59 6485.62
6363.57 6482.05
6375.69 6478.63
6389.10 6474.85
6401.86 6471.56
6415.56 6468.00
6429.15 6464.42
6441.98 6461.00
6456.30 6458.75
6470.41 6454.53
6470.72 6440.03
6471.02 6426.55
6471.20 6412.02
6471.30 6398.53
6471.41 6384.82
6471.48 6374.78
6471.53 6369.24
6471.53 6368.11
6471.54 6367.31
6471.54 6367.07
6471.54 6367.04
6471.54 6367.04
6471.54 6367.04
6471.54 6367.04
6471.54 6367.04
6471.54 6367.04
6471.54 6367.04
6471.54 6367.04
6471.54 6367.04
6471.54 6367.04
6471.54 6367.04
6471.54 6367.04
6471.54 6367.04
6471.54 6367.04
6471.54 6367.04
6471.54 6367.04
6471.54 6367.04
6471.54 6367.04
6471.54 6367.04
6471.54 6367.04
6471.54 6367.04
6471.54 6367.04
6471.54 6367.04
6471.54 6367.04
6471.54 6367.04
6471.54 6367.04
6471.54 6367.04
6471.54 6367.04
6471.54 6367.04
6471.54 6367.04
6471.62 6364.13
6472.18 6358.91
6473.70 6350.80
6475.59 6339.80
6477.85 6326.66
6480.21 6312.97
6483.62 6299.88
6487.71 6286.36
6488.58 6272.07
6492.50 6259.09
6499.85 6246.17
6503.72 6233.35
6507.78 6219.28
6511.63 6205.83
6515.39 6192.70
6518.74 6179.65
6520.03 6166.39
6521.65 6152.19
6523.75 6140.10
6525.18 6132.13
6526.53 6122.12
6526.04 6109.70
6523.32 6095.59
6519.58 6082.66
6515.05 6069.07
6510.70 6056.03
6506.23 6042.61
6501.59 6028.69
6496.99 6015.14
6495.15 6000.67
6490.11 5987.17
6485.30 5974.28
6480.49 5961.40
6475.66 5948.46
6470.94 5935.96
6465.79 5922.54
6461.02 5910.09
6456.00 5897.02
6450.85 5883.57
6445.85 5870.39
6441.01 5856.55
6435.80 5842.98
6430.63 5830.36
6425.04 5816.72
6419.45 5803.06
6414.17 5790.29
6408.34 5778.06
6399.76 5767.66
6389.49 5758.58
6378.94 5751.08
6372.69 5745.57
6369.64 5742.11
6369.40 5741.29
6369.34 5741.09
6369.32 5741.02
6369.31 5740.98
6369.29 5740.94
6369.28 5740.90
6369.28 5740.89
6368.53 5738.37
6370.42 5735.25
6375.37 5732.46
6383.50 5730.76
6392.73 5726.28
6403.41 5721.83
6416.73 5720.41
6429.84 5719.26
6443.40 5718.54
6456.46 5717.85
6469.59 5717.60
6483.90 5717.45
6498.13 5717.63
6512.26 5718.01
6526.27 5718.77
6540.15 5719.77
6553.63 5720.74
6567.17 5720.01
6580.11 5717.46
6590.40 5714.16
6596.28 5710.49
6598.81 5708.91
6599.65 5708.39
6599.74 5708.33
6599.77 5708.32
6599.77 5708.32
6599.77 5708.32
6599.77 5708.32
6599.77 5708.32
6599.77 5708.32
6599.77 5708.32
6599.77 5708.32
6601.56 5707.20
6604.77 5704.82
6608.17 5700.73
6610.61 5693.55
6613.84 5684.66
6617.70 5674.03
6622.22 5661.60
6626.85 5648.84
6631.38 5635.17
6638.69 5622.40
6650.61 5615.03
6664.26 5611.13
6678.40 5608.60
6692.87 5606.13
6707.29 5603.37
6721.18 5600.65
6735.39 5598.07
6748.92 5595.77
6762.19 5593.37
6776.42 5590.61
6789.93 5588.18
6803.19 5585.62
6817.30 5582.70
6831.01 5579.89
6844.19 5577.18
6858.22 5574.31
6871.93 5571.49
6885.28 5568.75
6898.61 5566.02
6911.56 5563.36
6925.56 5560.49
6938.73 5557.79
6952.45 5554.97
6965.57 5552.28
6979.09 5549.51
6993.00 5546.66
7007.20 5543.74
7020.87 5540.94
7033.92 5538.26
7048.22 5535.33
7061.26 5532.66
7075.00 5529.85
7088.89 5527.00
7102.52 5524.21
7115.50 5521.59
7128.46 5519.03
7141.60 5516.18
7155.48 5513.14
7168.83 5510.32
7182.86 5507.51
7195.95 5504.82
7208.63 5502.50
7216.90 5501.12
7220.74 5500.48
7220.95 5500.45
7221.02 5500.43
7221.03 5500.43
7221.03 5500.43
7221.03 5500.43
7221.03 5500.43
7221.03 5500.43
7221.03 5500.43
7221.03 5500.43
7221.03 5500.43
7221.03 5500.43
7221.03 5500.43
7221.03 5500.43
7221.03 5500.43
7221.03 5500.43
7221.03 5500.43
7221.03 5500.43
7221.03 5500.43
7221.03 5500.43
7221.03 5500.43
7221.03 5500.43
7221.03 5500.43
7221.03 5500.43
7221.03 5500.43
7221.03 5500.43
7221.03 5500.43
7223.01 5500.10
7225.73 5499.65
7230.75 5498.97
7238.08 5498.24
7248.15 5497.24
7258.96 5496.27
7271.23 5495.24
7284.98 5495.78
7299.07 5497.27
7309.96 5499.59
7316.38 5500.96
7318.31 5501.37
7318.57 5501.43
7318.64 5501.44
7318.72 5501.46
7318.72 5501.46
7318.73 5501.46
7318.73 5501.46
7318.73 5501.46
7318.73 5501.46
7318.73 5501.46
7318.73 5501.46
7318.73 5501.46
7318.73 5501.46
7318.73 5501.46
7318.73 5501.46
7318.73 5501.46
7318.73 5501.46
7318.73 5501.46
7318.73 5501.46
7318.73 5501.46
7318.73 5501.46
7318.73 5501.46
7318.73 5501.46
7318.73 5501.46
7318.73 5501.46
7318.73 5501.46
7318.73 5501.46
7318.73 5501.46
7318.73 5501.46
7318.73 5501.46
7318.73 5501.46
7318.73 5501.46
7318.73 5501.46
7318.73 5501.46
7319.86 5501.70
7323.84 5502.55
7328.75 5502.95
7328.63 5496.24
7326.41 5486.88
7322.13 5475.49
7317.37 5463.54
7311.92 5449.86
7306.44 5436.09
7301.08 5422.63
7295.68 5409.08
7290.31 5395.59
7285.24 5382.88
7280.31 5370.50
7275.33 5357.99
7270.02 5344.67
7265.22 5332.24
7261.38 5319.12
7260.02 5304.85
7261.11 5291.55
7265.73 5277.89
7273.69 5267.15
7283.85 5257.33
7294.57 5249.11
7306.44 5240.88
7317.74 5232.90
7329.65 5224.49
7341.13 5216.38
7352.83 5208.13
7364.37 5200.90
7376.00 5193.66
7387.79 5186.31
7399.90 5180.19
7414.10 5176.18
7426.97 5172.54
7441.19 5168.52
7455.66 5165.65
7469.98 5163.64
7484.23 5161.58
7497.31 5159.69
7511.06 5157.69
7525.09 5155.65
7538.52 5153.68
7551.54 5151.80
7565.09 5150.28
7578.22 5149.10
7592.10 5147.06
7605.64 5144.31
7618.92 5140.75
7632.24 5136.70
7645.71 5131.92
7658.26 5126.06
7670.93 5120.12
7682.67 5113.30
7690.49 5103.53
7698.66 5092.03
7706.41 5081.12
7714.67 5069.49
7722.58 5058.37
7730.37 5047.41
7738.70 5035.68
7746.44 5024.73
7753.91 5013.74
7761.43 5002.49
7769.42 4990.56
7777.44 4978.56
7785.03 4967.23
7793.03 4955.26
7803.34 4945.09
7810.86 4932.84
7817.91 4921.34
7825.54 4908.91
7833.10 4896.58
7840.29 4884.85
7846.10 4872.17
7851.88 4859.03
7857.39 4846.50
7862.84 4834.10
7867.51 4821.57
7872.32 4807.97
7876.95 4794.89
7881.43 4782.21
7885.95 4769.39
7890.34 4756.93
7895.09 4743.47
7899.83 4730.01
7904.37 4717.15
7909.06 4703.36
7916.48 4691.61
7920.91 4678.39
7925.56 4664.52
7929.11 4653.93
7931.49 4646.81
7932.65 4643.35
7932.85 4642.76
7933.00 4642.30
7933.01 4642.26
7933.02 4642.23
7933.02 4642.23
7933.02 4642.23
7933.02 4642.23
7929.89 4641.18
7929.89 4641.18
7929.89 4641.18
7929.89 4641.18
7929.89 4641.18
7929.89 4641.18
7929.89 4641.18
7929.89 4641.18
7929.89 4641.18
7929.89 4641.18
7929.89 4641.18
7929.89 4641.18
7929.89 4641.18
7929.89 4641.18
7929.89 4641.18
7929.89 4641.18
7929.89 4641.18
7929.89 4641.18
7929.89 4641.18
7929.89 4641.18
7929.89 4641.18
7929.89 4641.18
7929.89 4641.18
7929.89 4641.18
7929.89 4641.18
7929.89 4641.18
7929.89 4641.18
7929.89 4641.18
7929.89 4641.18
7929.89 4641.18
7929.89 4641.18
7929.89 4641.18
7929.89 4641.18
7929.89 4641.18
7929.89 4641.18
7929.89 4641.18
7929.89 4641.18
7929.89 4641.18
7929.89 4641.18
7929.89 4641.18
7929.89 4641.18
7929.89 4641.18
7929.89 4641.18
7930.54 4639.24
7932.13 4634.51
7934.39 4627.77
7937.24 4619.27
7944.03 4609.49
7948.19 4597.15
7952.51 4584.35
7957.07 4570.84
7961.57 4557.50
7966.21 4543.75
7970.79 4530.18
7975.38 4516.54
7979.75 4503.18
7984.25 4489.44
7988.45 4476.60
7992.70 4463.78
7997.15 4450.47
8001.81 4436.56
8006.43 4422.79
8010.81 4409.74
8015.19 4396.67
8019.83 4382.85
8023.60 4371.65
8026.46 4363.15
8028.65 4359.28
8035.64 4358.49
8043.98 4362.58
8053.77 4368.49
8065.67 4375.68
8077.31 4382.70
8089.42 4390.01
8101.45 4397.28
8113.23 4404.39
8125.66 4411.89
8137.28 4418.91
8149.52 4426.30
8161.60 4433.59
8173.36 4440.68
8181.62 4445.01
8187.90 4444.80
8194.18 4443.32
8203.67 4443.90
8206.88 4455.00
8214.78 4463.55
8226.55 4470.67
8234.59 4475.67
8238.24 4479.05
8238.83 4479.59
8239.08 4479.83
