3387.33 7437.66
3389.01 7438.91
3392.89 7441.80
3398.42 7445.92
3405.95 7451.54
3415.58 7458.72
3427.30 7467.45
3439.05 7476.20
3451.05 7485.15
3463.22 7494.22
3473.89 7504.59
3484.30 7515.87
3494.67 7527.10
3504.74 7538.02
3514.37 7548.81
3507.29 7562.14
3499.99 7575.88
3494.30 7586.59
3490.72 7593.32
3489.97 7601.49
3499.23 7607.82
3510.21 7615.33
3522.43 7623.67
3523.94 7634.91
3517.15 7648.27
3510.17 7661.52
3503.52 7674.15
3496.83 7686.84
3490.43 7698.99
3485.56 7708.20
3482.78 7713.43
3484.04 7719.79
3492.43 7724.33
3502.20 7729.60
3514.41 7736.19
3525.50 7742.18
3532.82 7746.13
3536.18 7747.94
3541.64 7750.90
3548.80 7754.78
3558.33 7759.96
3569.88 7766.23
3583.58 7773.68
3596.66 7780.79
3610.32 7788.21
3622.83 7795.01
3636.53 7799.26
3651.74 7802.66
3666.30 7804.72
3681.43 7805.13
3696.68 7804.65
3711.57 7804.18
3725.83 7803.72
3740.93 7803.30
3754.74 7804.82
3765.19 7813.85
3770.84 7824.94
3774.12 7832.22
3780.81 7837.03
3792.52 7831.88
3805.85 7825.87
3819.63 7819.61
3833.00 7813.28
3845.96 7807.46
3859.34 7801.99
3873.45 7795.77
3886.61 7789.55
3899.78 7783.00
3913.04 7777.29
3926.25 7771.61
3939.76 7765.81
3953.68 7759.82
3967.46 7753.89
3980.81 7748.15
3995.06 7742.46
4009.38 7737.29
4023.90 7732.04
4037.55 7727.11
4051.62 7722.17
4065.47 7717.51
4078.94 7712.98
4093.16 7708.20
4106.85 7703.59
4120.85 7698.89
4135.00 7693.89
4149.37 7688.50
4163.04 7683.26
4176.87 7677.85
4191.35 7672.19
4205.08 7666.82
4218.72 7661.52
4232.33 7656.90
4246.78 7652.00
4260.35 7647.40
4274.88 7642.48
4289.48 7637.53
4303.24 7632.90
4316.87 7628.36
4330.34 7623.86
4344.25 7619.23
4358.74 7614.39
4372.49 7609.81
4386.98 7605.03
4400.64 7600.82
4414.53 7596.55
4428.57 7592.24
4443.46 7587.66
4457.74 7583.28
4472.53 7578.53
4487.23 7573.63
4502.01 7568.70
4515.92 7564.07
4529.43 7559.68
4544.32 7555.25
4558.34 7551.13
4573.22 7547.12
4587.49 7543.42
4601.93 7539.37
4616.05 7535.03
4630.33 7530.64
4644.65 7525.82
4659.26 7520.85
4673.10 7515.96
4686.94 7511.01
4700.70 7506.13
4714.06 7500.52
4727.74 7494.54
4741.81 7487.75
4754.66 7480.94
4767.12 7474.00
4780.52 7466.22
4793.30 7458.94
4806.22 7451.61
4818.72 7444.43
4831.14 7437.28
4843.76 7430.03
4856.89 7422.25
4870.24 7414.28
4882.95 7407.15
4892.60 7401.76
4899.26 7398.04
4902.10 7396.46
4906.36 7393.28
4905.85 7385.90
4907.27 7376.20
4905.66 7365.33
4904.02 7352.17
4902.57 7337.01
4901.44 7322.05
4900.30 7307.08
4899.18 7292.41
4898.10 7278.17
4896.83 7263.11
4895.51 7247.58
4894.20 7232.19
4892.99 7217.96
4891.78 7203.84
4890.84 7192.78
4890.25 7185.83
4891.40 7181.59
4896.60 7178.79
4904.90 7177.87
4915.38 7177.05
4927.91 7176.08
4942.30 7174.96
4957.77 7173.76
4972.40 7172.63
4986.91 7171.50
5001.74 7170.35
5017.15 7169.15
5032.44 7167.96
5046.72 7166.85
5062.09 7165.66
5077.19 7164.56
5092.16 7163.56
5106.58 7162.59
5120.75 7161.64
5135.61 7160.64
5149.77 7159.70
5164.74 7158.52
5178.48 7156.16
5182.48 7142.51
5186.14 7127.76
5189.76 7113.14
5192.65 7101.49
5194.80 7092.82
5195.86 7088.53
5198.45 7082.99
5206.46 7080.00
5216.83 7078.08
5229.08 7075.82
5243.76 7072.00
5258.59 7067.62
5273.07 7062.14
5287.22 7056.79
5301.17 7050.62
5314.10 7044.58
5327.43 7037.05
5339.69 7028.94
5351.24 7020.62
5362.95 7012.18
5374.22 7002.91
5385.08 6993.06
5395.81 6982.31
5405.80 6971.56
5416.24 6960.35
5426.46 6949.36
5436.09 6938.62
5446.41 6926.95
5456.50 6915.59
5465.95 6904.95
5473.80 6896.11
5478.83 6890.45
5481.03 6887.97
5481.78 6887.13
5481.82 6887.08
5482.78 6886.00
5485.57 6882.85
5488.42 6879.53
5492.76 6874.40
5498.27 6867.85
5505.11 6859.39
5513.26 6849.30
5522.71 6837.61
5532.09 6826.01
5541.32 6814.59
5550.69 6802.90
5559.90 6791.22
5569.61 6779.17
5578.60 6768.12
5587.90 6757.14
5597.62 6746.21
5607.54 6735.44
5616.86 6725.11
5623.07 6718.08
5627.05 6714.15
5634.29 6714.76
5641.99 6721.05
5651.03 6728.17
5664.44 6728.74
5678.69 6727.89
5693.40 6727.01
5708.27 6726.12
5723.40 6725.02
5738.14 6723.75
5753.47 6721.85
5767.58 6719.57
5782.84 6716.28
5797.44 6712.75
5811.70 6709.31
5825.61 6705.96
5839.79 6700.17
5854.25 6694.23
5864.73 6689.93
5871.28 6687.07
5873.69 6685.97
5873.80 6685.92
5873.90 6685.88
5873.90 6685.88
5873.90 6685.88
5873.90 6685.88
5873.90 6685.88
5873.90 6685.88
5873.90 6685.88
5873.90 6685.88
5873.90 6685.88
5873.90 6685.88
5873.90 6685.88
5873.90 6685.88
5874.54 6685.59
5876.08 6684.89
5879.14 6683.49
5884.77 6680.93
5888.41 6679.28
5888.96 6679.03
5891.00 6678.10
5894.95 6676.16
5900.55 6672.72
5907.96 6667.26
5916.85 6660.59
5927.53 6652.56
5939.20 6644.24
5952.35 6636.99
5965.67 6630.84
5979.18 6624.92
5992.26 6619.32
6006.53 6613.35
6020.38 6607.56
6034.01 6601.86
6048.18 6596.14
6062.35 6590.48
6075.90 6585.17
6089.53 6579.96
6099.90 6575.90
6107.37 6572.95
6110.86 6571.55
6111.65 6571.24
6111.67 6571.23
6111.67 6571.23
6111.67 6571.23
6111.67 6571.23
6111.67 6571.23
6111.67 6571.23
6111.67 6571.23
6111.67 6571.23
6111.67 6571.23
6111.67 6571.23
6111.67 6571.23
6111.67 6571.23
6111.67 6571.23
6111.67 6571.23
6112.93 6570.72
6116.96 6569.11
6122.50 6566.95
6130.49 6563.90
6140.91 6559.98
6151.33 6556.06
6160.01 6552.80
6169.28 6549.31
6180.25 6545.19
6191.61 6540.92
6204.17 6536.21
6216.15 6531.92
6227.66 6527.91
6240.20 6523.54
6252.40 6519.35
6264.22 6515.62
6277.46 6511.49
6289.40 6507.76
6299.95 6504.47
6312.91 6500.43
6327.65 6495.84
6342.41 6491.33
6356.31 6487.48
6370.74 6483.46
6385.53 6479.25
6400.46 6475.30
6414.17 6471.77
6429.13 6467.85
6441.68 6464.50
6449.95 6462.66
6454.81 6462.20
6455.83 6462.11
6456.32 6462.06
6456.37 6462.06
6456.40 6462.06
6456.41 6462.06
6456.41 6462.06
6456.41 6462.06
6456.41 6462.06
6456.41 6462.06
6456.41 6462.06
6456.41 6462.06
6456.41 6462.06
6456.41 6462.06
6456.41 6462.06
6457.26 6461.98
6460.39 6461.69
6466.21 6461.47
6474.27 6461.97
6482.38 6464.88
6491.30 6470.43
6501.48 6477.50
6510.11 6483.44
6520.07 6490.30
6530.17 6497.68
6540.39 6504.57
6549.89 6511.20
6559.49 6518.42
6569.79 6525.76
6580.77 6533.03
6590.47 6539.59
6599.90 6545.95
6610.31 6552.98
6619.72 6559.47
6631.50 6563.64
6643.05 6571.70
6655.23 6580.21
6667.88 6589.05
6680.13 6597.57
6692.96 6606.39
6703.56 6617.71
6716.35 6626.56
6728.16 6634.74
6740.16 6643.05
6752.40 6651.53
6764.68 6660.03
6777.37 6668.81
6789.98 6677.54
6802.36 6686.11
6815.14 6694.96
6827.85 6703.77
6840.06 6712.22
6852.05 6720.53
6864.80 6729.52
6876.76 6737.94
6889.05 6746.61
6900.91 6754.98
6912.97 6763.04
6924.68 6770.13
6935.12 6773.75
6941.37 6775.77
6943.50 6776.46
6943.64 6776.50
6943.65 6776.50
6943.65 6776.50
6943.65 6776.50
6943.65 6776.50
6943.65 6776.50
6943.65 6776.50
6943.65 6776.50
6943.65 6776.50
6943.65 6776.50
6943.65 6776.50
6943.65 6776.50
6943.65 6776.50
6943.65 6776.50
6943.65 6776.50
6943.65 6776.50
6943.65 6776.50
6943.65 6776.50
6943.65 6776.50
6943.65 6776.50
6943.65 6776.50
6943.65 6776.50
6943.65 6776.50
6943.65 6776.50
6943.65 6776.50
6943.65 6776.50
6943.65 6776.50
6943.65 6776.50
6943.65 6776.50
6943.65 6776.50
6943.65 6776.50
6943.65 6776.50
6943.65 6776.50
6943.65 6776.50
6943.65 6776.50
6943.65 6776.50
6943.65 6776.50
6943.65 6776.50
6943.65 6776.50
6943.65 6776.50
6943.65 6776.50
6943.65 6776.50
6945.71 6777.14
6949.36 6778.22
6955.84 6779.65
6964.43 6780.05
6975.52 6780.18
6988.16 6780.37
7003.55 6780.60
7018.02 6780.83
7032.77 6781.05
7047.70 6781.28
7062.78 6781.52
7077.84 6781.73
7092.93 6781.90
7108.02 6782.06
7122.82 6782.21
7137.17 6782.35
7152.46 6782.50
7166.91 6782.64
7181.44 6782.38
7195.50 6779.35
7209.64 6773.55
7223.39 6767.00
7231.35 6758.37
7237.92 6753.93
