4751.81 5745.33
4751.72 5747.80
4751.56 5752.19
4751.33 5758.26
4751.05 5765.85
4750.72 5774.81
4747.36 5784.06
4739.90 5794.18
4732.83 5803.75
4725.21 5814.08
4718.12 5823.97
4712.18 5832.69
4708.93 5838.08
4708.54 5844.79
4718.95 5844.98
4730.82 5845.11
4742.25 5848.72
4752.54 5854.59
4763.35 5860.75
4771.61 5869.60
4777.04 5880.00
4782.69 5890.80
4788.59 5902.10
4793.96 5912.38
4799.59 5923.17
4803.14 5929.96
4807.45 5939.19
4810.58 5951.22
4811.58 5962.89
4812.45 5974.75
4813.08 5986.53
4813.45 5998.48
4813.66 6010.62
4813.88 6022.22
4814.43 6034.60
4814.93 6044.20
4815.16 6049.30
4819.88 6053.32
4828.60 6052.89
4838.75 6052.26
4850.27 6051.54
4864.03 6050.68
4879.38 6049.72
4893.74 6048.82
4908.81 6047.91
4923.87 6047.15
4938.52 6046.46
4953.55 6049.11
4968.13 6048.86
4982.83 6050.88
4997.42 6049.49
5003.92 6040.13
5013.78 6035.31
5020.80 6035.07
5024.04 6035.99
5030.36 6037.17
5037.04 6033.31
5043.78 6028.09
5052.77 6022.43
5063.77 6016.56
5076.62 6010.78
5090.45 6004.63
5103.85 5998.69
5117.41 5992.71
5130.73 5986.84
5144.06 5980.76
5157.05 5974.74
5170.12 5968.66
5183.51 5962.34
5197.19 5955.77
5211.11 5949.08
5224.91 5942.37
5238.04 5935.98
5251.52 5929.56
5263.51 5924.22
5271.39 5920.72
5275.50 5920.19
5280.29 5923.99
5284.25 5930.79
5289.02 5939.64
5297.06 5947.69
5307.14 5954.65
5316.80 5961.32
5326.75 5968.19
5336.97 5975.26
5347.42 5981.82
5357.96 5988.32
5368.09 5994.57
5378.28 6000.84
5388.80 6007.33
5398.78 6013.37
5409.75 6019.79
5420.57 6026.11
5430.58 6032.36
5441.11 6039.49
5451.02 6046.17
5461.55 6053.29
5470.53 6060.79
5477.44 6070.69
5481.25 6081.54
5482.75 6094.04
5481.84 6106.25
5478.81 6118.73
5475.78 6130.81
5482.05 6139.53
5492.66 6144.38
5504.19 6149.65
5515.56 6154.85
5526.54 6159.87
5538.05 6165.13
5549.13 6170.20
5560.59 6175.44
5572.09 6180.81
5583.33 6186.08
5590.50 6189.44
5599.70 6193.83
5610.08 6198.87
5621.43 6204.52
5632.42 6209.99
5642.85 6215.18
5654.11 6220.78
5665.48 6226.44
5676.21 6231.78
5686.92 6237.11
5698.32 6242.79
5708.92 6248.06
5719.98 6253.56
5731.14 6259.12
5741.59 6264.33
5752.23 6269.62
5763.46 6275.21
5774.91 6280.91
5785.81 6286.33
5796.67 6291.73
5807.49 6297.12
5818.80 6302.74
5828.00 6307.32
5834.15 6310.38
5841.93 6309.84
5847.45 6299.74
5853.03 6289.34
5858.75 6278.68
5864.39 6268.18
5869.28 6259.06
5872.06 6253.89
5872.71 6252.68
5874.07 6250.00
5876.39 6245.25
5879.76 6238.34
5883.87 6229.94
5889.01 6219.41
5894.19 6208.82
5899.49 6197.96
5904.80 6187.09
5910.33 6175.97
5915.82 6164.92
5921.30 6153.91
5927.03 6142.39
5932.27 6131.85
5937.87 6120.60
5943.10 6110.09
5948.83 6098.56
5954.02 6088.12
5959.19 6077.73
5964.45 6067.16
5969.70 6056.60
5973.83 6048.26
5976.22 6043.43
5976.68 6042.49
5976.92 6042.01
5977.03 6041.79
5977.08 6041.69
5977.08 6041.68
5977.09 6041.68
5977.09 6041.68
5977.09 6041.68
5977.09 6041.68
5977.09 6041.68
5977.09 6041.68
5977.09 6041.68
5977.09 6041.68
5978.22 6039.36
5979.96 6035.75
5982.39 6030.61
5985.13 6024.10
5988.50 6016.10
5995.83 6007.20
6000.78 5995.44
6005.33 5984.63
6010.04 5973.44
6014.66 5962.44
6019.45 5951.08
6024.06 5940.12
6028.64 5929.25
6033.45 5917.81
6038.42 5905.98
6043.03 5895.06
6047.63 5884.13
6052.56 5872.82
6058.11 5861.42
6062.20 5850.45
6064.40 5838.62
6065.24 5826.25
6066.09 5813.85
6066.96 5801.11
6067.80 5788.93
6068.62 5776.93
6069.13 5769.44
6069.34 5766.47
6069.34 5766.35
6069.35 5766.26
6069.35 5766.26
6069.35 5766.26
6069.35 5766.25
6069.35 5766.25
6069.35 5766.25
6069.43 5764.18
6069.48 5759.90
6069.55 5754.19
6069.64 5746.91
6069.47 5737.11
6068.86 5724.84
6068.27 5713.09
6067.69 5701.50
6067.10 5689.75
6066.62 5680.16
6066.33 5674.50
6066.12 5670.21
6065.89 5665.66
6066.98 5659.29
6074.13 5654.49
6084.99 5653.33
6097.81 5652.03
6109.87 5650.82
6121.56 5649.64
6134.00 5648.39
6145.69 5647.21
6158.44 5645.89
6172.09 5644.72
6186.74 5643.66
6201.90 5642.66
6217.01 5641.67
6232.30 5640.66
6247.03 5639.69
6261.38 5638.75
6276.41 5637.76
6290.61 5636.83
6304.42 5635.92
6318.43 5635.12
6332.63 5634.36
6347.27 5633.73
6362.48 5633.10
6377.73 5632.65
6392.37 5632.26
6406.78 5628.58
6422.18 5628.38
6436.39 5628.70
6451.24 5629.80
6466.12 5630.02
6481.40 5629.88
6496.11 5629.75
6511.25 5629.61
6525.93 5629.47
6540.72 5629.33
6555.71 5629.20
6570.77 5629.06
6585.60 5628.92
6600.52 5632.50
6612.95 5636.02
6621.03 5638.30
6625.30 5639.51
6625.41 5639.54
6625.47 5639.56
6625.47 5639.56
6625.47 5639.56
6625.47 5639.56
6625.47 5639.56
6625.47 5639.56
6625.47 5639.56
6625.47 5639.56
6625.47 5639.56
6625.47 5639.56
6625.47 5639.56
6625.47 5639.56
6625.47 5639.56
6625.47 5639.56
6625.47 5639.56
6625.47 5639.56
6625.47 5639.56
6625.47 5639.56
6625.47 5639.56
6625.47 5639.56
6625.47 5639.56
6625.47 5639.56
6625.47 5639.56
6625.47 5639.56
6625.47 5639.56
6625.47 5639.56
6625.47 5639.56
6625.47 5639.56
6626.10 5639.73
6626.40 5639.82
6626.44 5639.83
6626.44 5639.83
6626.44 5639.83
6626.44 5639.83
6626.44 5639.83
6625.55 5643.01
6625.90 5643.11
6627.68 5643.62
6631.26 5644.64
6636.36 5646.09
6643.33 5648.08
6651.58 5650.45
6662.01 5653.45
6673.96 5656.90
6687.78 5660.88
6701.70 5664.89
6716.35 5669.11
6730.72 5673.25
6745.36 5677.38
6759.51 5681.30
6774.83 5682.12
6789.34 5686.14
6803.30 5690.01
6817.34 5693.90
6831.64 5694.75
6846.10 5699.44
6859.92 5703.93
6873.63 5708.39
6887.84 5713.00
6902.10 5717.62
6915.89 5722.09
6929.64 5726.55
6944.00 5731.20
6957.85 5735.70
6972.23 5740.36
6986.48 5744.98
7000.07 5749.39
7014.20 5753.98
7028.16 5758.51
7042.16 5763.05
7056.40 5767.66
7070.45 5772.22
7084.36 5776.72
7096.66 5778.20
7097.58 5766.63
7098.40 5754.16
7099.24 5741.48
7100.01 5729.77
7100.83 5717.49
7101.67 5704.76
7102.46 5692.84
7112.35 5686.88
7122.80 5680.78
7133.39 5675.46
7144.31 5670.13
7152.21 5666.27
7157.09 5663.88
7163.68 5660.89
7172.00 5657.43
7181.88 5653.55
7193.33 5649.06
7203.97 5644.49
7214.25 5638.89
7224.74 5633.16
7235.99 5627.90
7247.67 5623.36
7258.53 5619.14
7269.98 5614.68
7281.90 5610.04
7293.60 5605.49
7305.61 5600.82
7316.57 5596.55
7328.14 5592.05
7340.02 5587.43
7347.71 5584.43
7351.23 5583.06
7355.11 5579.73
7352.85 5572.93
7349.87 5564.70
7346.38 5555.07
7342.04 5543.10
7338.75 5534.01
7336.71 5528.40
7336.20 5527.00
7336.11 5526.73
7336.08 5526.65
7336.07 5526.64
7336.07 5526.63
7336.07 5526.63
7336.07 5526.63
7336.07 5526.63
7336.07 5526.63
7336.07 5526.63
7336.07 5526.63
7336.07 5526.63
7336.07 5526.63
7336.07 5526.63
7336.07 5526.63
7336.07 5526.63
7336.07 5526.63
7336.07 5526.63
7336.07 5526.63
7336.07 5526.63
7336.07 5526.63
7336.07 5526.63
7336.07 5526.63
7336.07 5526.63
7336.07 5526.63
7336.07 5526.63
7336.07 5526.63
7336.07 5526.63
7336.07 5526.63
7336.07 5526.63
7336.07 5526.63
7336.07 5526.63
7336.07 5526.63
7336.07 5526.63
7336.07 5526.63
7336.07 5526.63
7335.52 5525.05
7334.32 5521.39
7332.73 5515.82
7331.19 5507.94
7329.07 5498.09
7326.37 5486.72
7322.05 5475.28
7317.51 5463.90
7312.92 5452.36
7308.31 5440.79
7303.66 5429.10
7299.13 5417.73
7294.40 5405.85
7290.03 5394.90
7285.33 5383.10
7281.36 5373.13
7282.04 5365.93
7278.22 5356.34
7273.93 5345.55
7269.28 5333.88
7265.73 5322.65
7263.77 5310.99
7263.54 5298.19
7265.10 5286.66
7270.79 5275.42
7279.56 5266.07
7287.90 5258.00
7297.88 5250.83
7307.70 5244.02
7317.70 5236.97
7327.35 5230.15
7337.48 5223.00
7347.15 5216.17
7356.82 5209.49
7367.43 5202.88
7377.78 5196.44
7389.88 5192.79
7399.99 5187.03
7411.03 5183.91
7422.40 5180.69
7433.86 5177.45
7445.73 5174.09
7457.77 5172.02
7469.56 5170.37
7481.07 5168.70
7493.65 5166.88
7506.14 5165.08
7518.03 5163.34
7530.33 5161.55
7543.06 5159.70
7555.32 5157.93
7567.97 5156.65
7580.21 5155.49
7592.15 5153.75
7603.71 5151.65
7615.16 5148.59
7627.04 5145.26
7635.31 5142.66
7640.26 5141.11
7640.90 5140.91
7641.14 5140.83
7641.16 5140.82
7641.17 5140.82
7641.17 5140.82
7641.17 5140.82
7641.17 5140.82
7641.17 5140.82
7641.17 5140.82
7641.17 5140.82
7641.17 5140.82
7641.17 5140.82
7641.17 5140.82
7641.17 5140.82
7641.17 5140.82
7641.17 5140.82
7641.17 5140.82
7641.17 5140.82
7641.17 5140.82
7641.17 5140.82
7641.17 5140.82
7642.49 5140.40
7645.55 5139.29
7649.97 5137.19
7656.43 5134.19
7665.17 5130.13
7675.31 5125.21
7685.80 5119.12
7694.25 5126.36
7698.75 5137.38
7702.02 5149.58
7705.29 5161.93
7707.75 5173.41
7710.19 5185.67
7712.50 5197.25
7717.19 5207.11
7729.80 5204.73
7741.54 5202.44
7753.76 5200.06
7765.39 5197.80
7777.07 5195.52
7789.31 5193.14
7801.09 5190.86
7812.73 5188.62
7825.01 5186.25
7837.50 5183.84
7850.02 5181.38
7861.55 5179.09
7870.71 5177.28
7876.44 5177.06
7877.74 5177.77
7877.89 5177.85
7878.00 5177.91
7878.02 5177.92
7878.03 5177.92
7878.03 5177.92
7878.03 5177.92
7878.03 5177.92
7878.03 5177.92
7878.03 5177.92
7878.03 5177.92
7878.03 5177.92
7878.03 5177.92
7878.03 5177.92
7878.03 5177.92
7878.03 5177.92
7878.03 5177.92
7878.03 5177.92
7878.03 5177.92
7878.03 5177.92
7878.03 5177.92
7878.03 5177.92
7878.03 5177.92
7878.03 5177.92
7878.03 5177.92
7878.03 5177.92
7878.03 5177.92
7878.03 5177.92
7878.03 5177.92
7878.03 5177.92
7878.03 5177.92
7878.03 5177.92
7878.03 5177.92
7878.03 5177.92
7878.03 5177.92
7878.03 5177.92
7878.03 5177.92
7878.03 5177.92
7878.03 5177.92
7878.03 5177.92
7878.03 5177.92
7878.03 5177.92
7878.03 5177.92
7878.03 5177.92
7878.03 5177.92
7878.03 5177.92
7879.53 5178.74
7883.14 5180.71
7888.78 5183.80
7895.59 5187.53
7904.25 5192.31
7914.91 5198.20
7925.21 5203.89
7935.56 5209.60
7946.60 5215.85
7957.58 5222.54
7967.44 5228.66
7974.48 5233.03
7978.30 5235.40
7983.73 5238.40
7991.01 5240.27
8000.37 5242.46
8011.89 5245.16
8023.54 5247.95
8035.78 5251.20
8048.06 5254.57
8060.28 5257.94
8072.70 5261.28
8084.16 5263.95
8095.53 5266.41
8107.16 5268.92
8118.72 5271.43
8130.83 5274.04
8142.64 5276.60
8154.95 5279.30
8167.37 5282.03
8179.01 5284.60
8190.45 5287.12
8202.88 5289.85
8215.03 5292.28
8226.76 5294.25
8238.28 5296.13
8250.52 5298.12
8262.66 5300.10
8275.09 5302.12
8286.94 5304.05
8299.24 5306.06
8310.98 5307.97
8322.56 5309.85
8334.88 5311.86
8346.42 5313.74
8358.20 5315.66
8370.90 5317.72
8382.69 5319.65
8394.50 5321.57
8406.61 5323.54
8417.29 5325.25
8425.14 5326.49
8434.74 5327.91
8446.26 5329.60
8458.63 5331.43
8470.36 5333.20
8481.86 5334.93
8494.26 5336.81
8506.72 5338.71
8518.85 5340.57
8531.08 5342.30
8542.81 5343.51
8555.25 5344.65
8567.26 5345.74
8579.21 5346.83
8591.78 5347.97
8604.19 5349.10
8616.42 5350.21
8626.22 5351.10
8631.52 5351.58
8638.24 5352.40
8644.45 5358.48
8647.94 5362.62
8653.32 5366.52
8660.54 5362.07
8669.44 5356.31
8680.16 5349.35
8694.25 5344.04
8707.83 5339.04
8722.62 5335.20
8737.82 5332.21
8752.52 5329.32
8767.13 5327.46
8782.34 5326.25
8796.76 5324.31
8811.31 5320.66
8825.05 5315.92
8837.44 5308.74
8850.21 5301.17
8862.01 5292.87
8874.09 5284.08
8885.81 5275.55
8897.76 5266.86
8909.79 5258.10
8921.84 5249.34
8933.62 5240.76
8945.83 5231.99
8958.22 5223.39
8969.85 5214.29
8980.24 5203.93
8990.47 5192.43
8999.35 5181.06
9008.70 5169.09
9017.81 5157.43
9026.80 5145.93
9036.29 5134.54
9048.41 5125.62
9062.35 5122.99
9077.07 5125.63
9090.84 5131.05
9104.64 5137.02
9118.31 5142.93
9132.17 5148.93
9145.46 5154.67
9159.20 5159.87
9170.72 5155.51
9173.93 5141.57
9184.90 5131.67
9197.63 5122.93
9208.71 5112.66
9218.04 5101.94
9226.05 5090.01
9230.36 5076.12
9231.56 5061.89
9232.84 5046.80
9238.43 5033.87
9251.75 5030.42
9264.44 5037.79
9271.51 5051.12
9277.59 5064.16
9283.65 5077.14
9290.75 5089.60
9302.03 5100.14
9314.82 5107.81
9329.21 5108.96
9342.03 5103.09
9353.66 5094.71
9365.01 5085.65
9376.48 5076.49
9387.63 5067.60
9399.30 5058.37
9404.85 5047.94
9397.82 5034.25
9390.08 5020.85
9383.29 5008.28
9376.25 4995.24
9368.75 4982.26
9361.25 4969.46
9352.87 4956.48
9345.33 4944.46
9345.70 4929.77
9349.15 4914.85
9359.83 4905.48
9369.67 4894.89
9380.97 4884.44
9392.53 4875.75
9405.47 4868.42
9419.21 4863.03
9430.10 4855.22
9444.19 4850.26
9458.50 4845.26
9473.17 4843.27
9488.16 4842.70
9503.33 4843.62
9517.47 4848.28
9531.82 4853.00
9545.85 4857.92
9559.80 4863.21
9574.21 4868.67
9588.29 4873.69
9602.77 4877.77
9617.41 4881.89
9631.59 4881.93
9645.99 4881.59
9660.56 4878.40
9673.81 4871.14
9684.72 4860.67
9695.27 4850.58
9706.61 4841.15
9717.70 4831.93
9729.38 4822.22
9740.37 4813.09
9752.13 4803.32
9763.66 4793.73
9775.34 4784.02
9787.25 4774.12
9798.61 4764.68
9809.56 4755.57
9821.01 4746.06
9832.21 4736.74
9843.95 4726.99
9855.09 4717.73
9866.13 4708.61
9877.49 4700.06
9889.54 4690.99
9902.42 4683.75
9915.88 4677.64
9929.35 4672.74
9943.86 4668.58
9957.60 4664.71
9971.88 4660.68
9985.17 4655.40
9998.38 4649.42
10011.40 4641.88
10023.63 4633.30
10035.68 4623.87
10047.09 4613.57
10058.44 4603.32
10069.46 4593.37
10080.66 4583.18
10091.48 4573.33
10102.73 4563.09
10113.59 4553.20
10124.26 4543.28
10134.43 4533.30
10144.63 4523.22
10157.36 4515.31
10168.16 4504.64
10178.47 4494.46
10189.24 4483.83
10199.67 4473.53
10210.48 4462.86
10220.82 4452.65
10231.00 4442.58
10241.16 4432.54
10251.83 4422.05
10262.56 4411.50
10272.89 4401.34
10281.00 4388.29
10277.45 4373.29
10270.14 4359.75
10259.66 4349.37
10247.23 4340.11
10239.18 4327.78
10232.16 4314.38
10225.22 4301.13
10218.52 4288.35
10210.04 4275.77
10202.17 4262.63
10206.85 4248.59
10215.14 4241.61
10219.98 4237.54
10225.30 4228.85
10219.44 4220.05
10212.47 4209.59
10206.21 4197.13
10201.21 4183.70
10199.71 4168.93
10199.80 4154.74
10199.89 4140.66
10199.95 4130.30
10200.40 4124.29
10207.01 4120.09
10216.86 4120.30
10227.99 4118.01
10238.32 4111.31
10248.96 4104.37
10258.82 4097.04
10268.52 4089.09
10277.65 4081.02
10286.36 4072.67
10295.41 4063.99
10302.63 4057.07
10306.63 4053.25
10312.76 4048.90
10320.77 4052.27
10330.02 4058.31
10341.01 4063.81
10352.20 4066.80
10362.70 4062.15
10372.55 4054.69
10381.88 4046.89
10391.53 4038.82
10400.87 4031.01
10410.47 4022.99
10420.15 4015.21
10429.87 4007.76
10440.02 4002.02
10450.85 3996.15
10461.46 3991.44
10472.17 3986.93
10483.49 3982.44
10494.66 3978.30
10505.56 3974.25
10516.52 3970.18
10527.55 3966.08
10539.24 3961.74
10550.19 3957.54
10561.56 3951.47
10572.85 3945.29
10582.08 3937.48
10591.04 3929.74
10599.01 3920.43
10606.12 3909.92
10612.44 3898.91
10617.24 3887.06
10622.03 3875.29
10626.72 3863.75
10629.29 3856.23
10630.31 3852.78
10630.43 3852.24
10630.44 3852.20
10630.44 3852.19
10630.44 3852.19
10630.92 3850.68
10632.18 3847.38
10635.97 3844.16
10642.87 3845.42
10651.96 3848.40
10662.34 3851.80
10675.45 3853.94
10689.97 3855.61
10704.91 3857.48
10719.52 3859.57
10734.12 3861.66
10748.44 3864.60
10763.43 3867.99
10777.44 3871.15
10792.15 3874.47
10806.68 3874.87
10820.44 3879.66
10834.63 3884.60
10848.04 3889.28
10862.58 3894.34
10876.90 3899.33
10891.42 3904.44
10905.37 3908.95
10920.50 3912.12
10935.27 3914.29
10949.59 3915.06
10960.39 3915.01
10966.70 3914.98
10969.34 3914.77
