4384.91 7966.72
4387.32 7966.10
4391.62 7965.00
4398.35 7963.41
4407.57 7961.29
4418.97 7958.68
4427.32 7956.77
4431.55 7955.80
4437.85 7956.69
4440.90 7965.16
4443.21 7976.01
4445.96 7988.95
4448.66 8001.64
4451.54 8015.18
4459.79 8025.48
4472.70 8028.71
4485.92 8026.20
4499.86 8023.40
4513.03 8020.74
4526.90 8017.69
4540.22 8014.66
4553.70 8011.59
4567.21 8008.51
4580.06 8005.58
4593.61 8002.42
4606.69 7998.96
4620.05 7995.26
4633.77 7991.81
4647.70 7989.45
4661.35 7991.64
4672.97 7988.05
4685.26 7981.76
4698.19 7977.32
4710.82 7972.99
4723.38 7968.68
4735.80 7964.41
4748.61 7960.01
4761.22 7955.68
4774.03 7951.28
4787.00 7946.83
4799.71 7941.44
4809.11 7931.76
4815.08 7919.02
4821.35 7906.95
4832.78 7902.17
4846.50 7905.33
4858.10 7908.91
4865.60 7911.23
4873.64 7910.39
4877.88 7899.38
4882.75 7886.71
4886.55 7876.85
4888.59 7871.14
4889.92 7863.79
4886.26 7854.03
4883.08 7842.27
4887.38 7829.10
4895.95 7821.54
4903.41 7819.15
4907.06 7818.00
4909.94 7813.72
4911.76 7807.06
4914.48 7798.35
4917.65 7788.15
4921.58 7775.44
4925.76 7761.87
4929.60 7749.37
4933.52 7736.56
4937.53 7723.28
4941.25 7710.48
4945.16 7697.41
4949.06 7684.74
4952.94 7671.37
4955.69 7660.32
4957.34 7653.65
4958.02 7650.92
4958.06 7650.77
4958.06 7650.76
4958.06 7650.76
4958.06 7650.76
4958.06 7650.76
4958.06 7650.76
4958.06 7650.76
4958.06 7650.76
4958.06 7650.76
4958.06 7650.76
4958.06 7650.76
4958.06 7650.76
4958.06 7650.76
4958.06 7650.76
4958.06 7650.76
4958.06 7650.76
4958.06 7650.76
4958.06 7650.76
4958.06 7650.76
4958.06 7650.76
4958.06 7650.76
4958.06 7650.76
4958.06 7650.76
4958.06 7650.76
4958.06 7650.76
4958.06 7650.76
4958.06 7650.76
4958.06 7650.76
4958.06 7650.76
4958.06 7650.76
4958.06 7650.76
4958.06 7650.76
4958.06 7650.76
4958.06 7650.76
4958.06 7650.76
4958.06 7650.76
4958.61 7648.86
4959.99 7644.66
4961.68 7640.58
4962.00 7640.01
4963.17 7637.96
4965.87 7634.52
4971.07 7630.95
4979.56 7628.61
4989.67 7626.40
5002.30 7623.63
5015.41 7620.53
5029.16 7617.18
5042.39 7613.96
5055.88 7610.67
5068.66 7607.55
5082.45 7604.19
5093.52 7601.49
5101.77 7599.48
5105.65 7598.53
5106.18 7595.00
5109.50 7594.19
5114.66 7592.94
5115.88 7592.64
5115.93 7592.62
5115.97 7592.62
5115.97 7592.61
5115.97 7592.61
5115.97 7592.61
5115.97 7592.61
5115.97 7592.61
5115.97 7592.61
5115.97 7592.61
5115.97 7592.61
5115.97 7592.61
5115.97 7592.61
5115.97 7592.61
5117.50 7592.24
5121.52 7591.26
5127.09 7589.80
5134.15 7587.83
5143.52 7585.14
5154.74 7581.93
5167.38 7578.31
5180.03 7574.68
5192.58 7571.09
5206.27 7567.17
5217.98 7563.82
5230.96 7560.10
5243.94 7556.56
5256.53 7553.10
5269.61 7549.53
5282.93 7546.11
5296.15 7542.74
5308.97 7539.34
5322.32 7535.81
5334.88 7532.48
5348.41 7528.90
5361.58 7525.42
5374.51 7522.00
5387.32 7518.61
5400.59 7515.10
5413.22 7511.76
5425.93 7508.40
5438.71 7505.08
5452.35 7501.59
5466.10 7498.00
5479.77 7494.41
5493.56 7490.79
5507.33 7487.17
5520.37 7483.76
5534.31 7483.58
5547.94 7480.08
5560.72 7476.79
5574.08 7473.35
5587.61 7469.87
5600.30 7466.61
5612.27 7463.53
5620.65 7461.37
5624.67 7460.34
5625.22 7460.20
5625.22 7460.20
5625.22 7460.20
5625.22 7460.20
5625.22 7460.20
5625.22 7460.20
5625.22 7460.20
5625.22 7460.20
5625.22 7460.20
5625.22 7460.20
5625.22 7460.20
5625.22 7460.20
5625.22 7460.20
5625.22 7460.20
5625.22 7460.20
5625.22 7460.20
5625.22 7460.20
5625.22 7460.20
5625.22 7460.20
5625.22 7460.20
5625.22 7460.20
5625.22 7460.20
5625.22 7460.20
5625.22 7460.20
5625.22 7460.20
5625.22 7460.20
5625.22 7460.20
5625.22 7460.20
5625.22 7460.20
5625.22 7460.20
5625.22 7460.20
5625.22 7460.20
5625.22 7460.20
5625.22 7460.20
5625.22 7460.20
5625.22 7460.20
5627.16 7459.69
5631.00 7458.68
5636.93 7457.10
5644.57 7455.02
5654.11 7452.40
5665.50 7449.25
5678.19 7445.86
5691.35 7442.23
5702.71 7439.11
5709.73 7437.16
5712.56 7436.38
5712.82 7436.31
5712.85 7436.30
5712.85 7436.30
5712.85 7436.30
5712.85 7436.30
5712.86 7436.30
5712.86 7436.30
5712.86 7436.30
5712.86 7436.30
5712.86 7436.30
5712.86 7436.30
5712.86 7436.30
5712.86 7436.30
5712.86 7436.30
5712.86 7436.30
5712.86 7436.30
5712.86 7436.30
5712.86 7436.30
5712.86 7436.30
5712.86 7436.30
5712.86 7436.30
5712.86 7436.30
5712.86 7436.30
5712.86 7436.30
5714.57 7435.82
5717.90 7434.87
5722.66 7433.52
5729.67 7431.52
5738.37 7429.04
5747.63 7426.40
5752.56 7424.99
5753.55 7424.71
5754.08 7424.56
5754.13 7424.55
5754.16 7424.54
5754.16 7424.54
5754.17 7424.53
5754.17 7424.53
5754.17 7424.53
5754.17 7424.53
5754.17 7424.53
5754.17 7424.53
5754.17 7424.53
5754.17 7424.53
5754.17 7424.53
5754.17 7424.53
5754.17 7424.53
5754.17 7424.53
5754.17 7424.53
5754.17 7424.53
5754.17 7424.53
5754.17 7424.53
5754.17 7424.53
5754.17 7424.53
5754.17 7424.53
5754.17 7424.53
5754.17 7424.53
5754.17 7424.53
5754.17 7424.53
5756.00 7424.01
5759.35 7423.07
5764.37 7421.65
5771.28 7419.75
5779.74 7417.43
5790.43 7414.49
5803.57 7410.88
5816.55 7407.31
5829.61 7403.72
5842.28 7400.24
5854.93 7396.76
5867.90 7393.23
5880.76 7389.79
5892.46 7383.24
5905.65 7379.71
5918.90 7376.07
5932.64 7372.29
5946.40 7368.51
5959.13 7365.01
5971.64 7361.50
5984.12 7357.95
5996.72 7354.37
6009.71 7351.25
6022.34 7348.24
6035.50 7344.92
6048.87 7341.39
6062.25 7337.91
6074.94 7334.64
6088.37 7330.98
6102.12 7327.17
6114.94 7323.59
6128.62 7319.75
6142.09 7315.97
6155.54 7312.44
6168.89 7309.02
6183.03 7308.81
6195.89 7305.24
6209.55 7301.43
6222.26 7298.20
6235.35 7294.71
6248.07 7290.92
6261.10 7287.04
6274.03 7283.27
6286.93 7279.78
6297.11 7277.03
6302.95 7275.45
6307.00 7274.35
6309.85 7273.59
6313.77 7272.52
6319.99 7270.86
6328.73 7268.54
6339.25 7265.75
6351.40 7262.59
6364.19 7259.27
6377.72 7255.75
6391.06 7252.28
6404.40 7248.81
6417.42 7245.42
6430.31 7242.07
6443.34 7238.68
6456.54 7235.25
6466.99 7232.53
6475.29 7230.37
6481.43 7228.78
6485.03 7227.84
6486.07 7227.54
6486.90 7227.29
6486.91 7227.28
6487.55 7227.09
6489.30 7226.57
6493.19 7225.09
6499.47 7222.68
6507.55 7219.59
6517.45 7215.40
6528.68 7208.62
6537.53 7203.23
6542.54 7200.18
6545.17 7198.58
6545.32 7198.48
6545.40 7198.44
6545.43 7198.42
6545.45 7198.41
6545.46 7198.40
6545.46 7198.40
6545.46 7198.40
6545.46 7198.40
6545.46 7198.40
6545.46 7198.40
6545.46 7198.40
6545.46 7198.40
6545.46 7198.40
6545.46 7198.40
6545.46 7198.40
6545.46 7198.40
6546.32 7197.88
6547.68 7197.05
6550.92 7195.07
6555.50 7192.29
6562.03 7188.31
6567.82 7185.32
6573.97 7190.08
6577.87 7199.27
6582.66 7209.64
6588.41 7222.11
6594.88 7236.11
6601.92 7251.35
6608.89 7266.44
6616.08 7282.01
6625.93 7295.45
6632.93 7309.72
6640.73 7324.23
6648.31 7339.51
6655.02 7354.38
6660.79 7368.43
6663.95 7378.67
6665.78 7384.59
6666.27 7386.19
6667.47 7389.86
6669.69 7395.41
6673.18 7402.43
6677.32 7410.75
6682.12 7420.41
6687.51 7431.25
6693.81 7440.90
6704.79 7448.00
6712.08 7452.71
6716.87 7455.81
6717.88 7456.46
6718.17 7456.64
6718.29 7456.72
6718.31 7456.74
6719.38 7457.43
6721.94 7459.09
6725.59 7461.41
6731.20 7464.88
6738.29 7469.23
6746.75 7474.01
6756.96 7479.78
6768.70 7486.41
6780.09 7492.85
6790.39 7499.10
6801.54 7505.98
6811.90 7512.38
6823.14 7519.31
6834.33 7526.22
6844.63 7532.20
6855.92 7538.78
6866.35 7544.84
6877.71 7551.46
6889.25 7558.17
6899.40 7567.04
6912.12 7573.05
6924.63 7578.95
6936.95 7584.78
6948.95 7589.73
6961.84 7593.86
6975.34 7597.76
6988.29 7601.46
7001.62 7604.81
7014.38 7608.01
7028.19 7611.47
7041.86 7614.90
7055.32 7617.92
7069.00 7620.40
7082.40 7622.82
7095.72 7625.23
7109.37 7627.70
7123.30 7626.87
7137.24 7629.39
7150.05 7631.71
7163.31 7634.11
7177.19 7636.59
7190.72 7638.99
7203.96 7641.33
7217.13 7643.65
7230.43 7645.98
7244.47 7648.46
7258.03 7650.97
7271.68 7653.51
7284.86 7655.96
7298.78 7658.56
7312.17 7661.05
7325.73 7663.57
7339.00 7666.04
7352.85 7668.62
7365.96 7671.07
7379.87 7673.66
7392.81 7676.07
7406.01 7678.52
7419.98 7681.12
7433.41 7683.63
7446.61 7686.08
7459.42 7688.47
7473.28 7691.05
7486.52 7693.52
7499.39 7695.91
7512.42 7698.34
7525.37 7700.75
7538.44 7703.18
7551.50 7705.61
7564.35 7708.02
7577.13 7710.44
7590.01 7712.89
7603.87 7715.52
7617.13 7718.04
7630.30 7720.54
7644.00 7723.15
7656.82 7725.58
7666.35 7727.39
7671.45 7728.38
7672.61 7728.62
7672.82 7728.66
