8021.66 3878.93
8023.47 3879.65
8027.15 3881.14
8033.18 3883.65
8040.83 3887.24
8050.77 3891.67
8061.18 3896.14
8072.30 3900.84
8083.53 3905.59
8094.80 3910.35
8104.95 3914.64
8116.25 3919.42
8126.83 3923.89
8137.71 3928.49
8148.48 3933.05
8155.51 3936.27
8157.63 3944.44
8154.41 3954.66
8150.75 3966.22
8147.14 3977.66
8143.65 3988.72
8140.09 4000.00
8136.49 4011.39
8132.92 4022.84
8129.39 4034.50
8126.22 4045.06
8122.88 4056.16
8119.66 4066.87
8118.04 4078.14
8117.59 4090.09
8117.30 4097.93
8117.15 4107.72
8116.78 4119.03
8115.35 4130.17
8112.02 4141.04
8107.24 4151.48
8102.13 4162.62
8098.13 4173.13
8093.79 4184.37
8092.86 4196.50
8089.26 4206.93
8085.46 4218.25
8081.87 4228.95
8078.17 4239.98
8074.42 4251.14
8070.85 4261.78
8067.00 4273.30
8063.27 4284.43
8059.43 4295.89
8055.79 4306.77
8051.97 4318.16
8048.14 4329.60
8044.40 4340.78
8040.87 4351.32
8037.09 4362.57
8033.47 4373.35
8029.88 4384.05
8026.12 4395.22
8022.45 4406.16
8018.56 4417.75
8014.92 4428.60
8011.08 4440.06
8008.22 4448.59
8006.38 4454.06
8005.97 4455.27
8005.95 4455.33
8005.94 4455.38
8005.94 4455.38
8005.94 4455.38
8005.94 4455.38
8005.94 4455.38
8005.94 4455.38
8005.94 4455.38
8005.94 4455.38
8005.94 4455.38
8005.94 4455.38
8005.94 4455.38
8005.24 4457.46
8003.76 4461.85
8001.82 4467.72
7999.44 4474.90
7996.29 4484.49
7992.49 4496.09
7988.70 4507.68
7985.10 4518.68
7981.30 4530.02
7977.73 4540.59
7974.20 4551.05
7970.44 4562.19
7966.78 4573.04
7962.90 4584.52
7959.32 4595.15
7955.51 4606.42
7951.96 4616.94
7950.25 4627.77
7954.73 4637.92
7959.34 4648.74
7963.72 4659.27
7968.18 4669.68
7972.44 4679.91
7975.75 4690.72
7978.84 4702.12
7980.91 4713.54
7983.04 4725.53
7983.94 4737.82
7984.83 4749.82
7985.71 4761.85
7986.35 4773.21
7986.89 4785.49
7987.28 4796.86
7987.43 4808.83
7986.56 4820.49
7985.65 4832.62
7984.73 4844.90
7983.91 4855.96
7981.72 4867.12
7979.46 4878.30
7977.20 4889.45
7974.14 4900.84
7971.05 4912.31
7968.16 4923.03
7964.93 4934.55
7961.53 4946.28
7958.19 4957.81
7954.84 4969.35
7951.48 4980.94
7948.35 4991.75
7945.11 5003.10
7941.88 5014.48
7938.93 5025.15
7935.89 5037.07
7932.97 5048.51
7930.04 5059.97
7927.20 5070.83
7924.00 5081.57
7920.26 5093.20
7916.89 5103.71
7913.33 5114.78
7906.45 5125.39
7902.72 5137.02
7899.07 5148.37
7895.41 5159.75
7892.24 5169.62
7890.45 5175.20
7889.93 5176.81
7889.68 5177.58
7889.62 5177.78
7889.60 5177.82
7889.60 5177.84
7889.60 5177.84
7889.60 5177.85
7889.60 5177.85
7892.74 5178.86
7892.74 5178.86
7892.74 5178.86
7892.74 5178.86
7892.74 5178.86
7892.74 5178.86
7892.74 5178.86
7892.74 5178.86
7892.74 5178.86
7892.74 5178.86
7892.74 5178.86
7892.74 5178.86
7892.74 5178.86
7892.74 5178.86
7892.31 5180.16
7890.99 5184.02
7887.50 5189.80
7879.21 5194.68
7872.07 5203.31
7864.88 5211.99
7857.36 5221.08
7850.06 5229.90
7842.39 5239.16
7834.70 5248.45
7827.54 5257.10
7820.43 5265.69
7813.15 5274.76
7806.83 5284.10
7800.56 5293.40
7794.31 5302.68
7788.18 5312.99
7783.37 5323.06
7779.31 5335.08
7778.72 5346.58
7779.71 5353.34
7780.77 5356.87
7780.94 5357.43
7781.04 5357.73
7781.07 5357.85
7781.07 5357.86
7781.07 5357.86
7781.07 5357.86
7781.07 5357.86
7781.07 5357.86
7781.07 5357.86
7781.07 5357.86
7781.07 5357.86
7781.07 5357.86
7781.07 5357.86
7781.07 5357.86
7781.07 5357.86
7781.07 5357.86
7781.07 5357.86
7781.07 5357.86
7781.07 5357.86
7781.07 5357.86
7781.07 5357.86
7781.07 5357.86
7781.07 5357.86
7781.07 5357.86
7781.07 5357.86
7781.07 5357.86
7781.07 5357.86
7781.07 5357.86
7781.07 5357.86
7781.07 5357.86
7781.07 5357.86
7781.07 5357.86
7781.07 5357.86
7781.07 5357.86
7781.07 5357.86
7781.07 5357.86
7781.07 5357.86
7781.07 5357.86
7781.07 5357.86
7781.07 5357.86
7781.07 5357.86
7781.07 5357.86
7781.07 5357.86
7781.07 5357.86
7781.07 5357.86
7781.50 5359.70
7781.76 5363.77
7778.76 5368.98
7770.90 5372.90
7762.75 5378.84
7754.45 5387.07
7747.10 5397.01
7741.80 5407.07
7737.63 5418.25
7734.20 5429.95
7730.79 5441.94
7728.42 5453.03
7726.49 5464.16
7725.65 5475.72
7725.84 5487.98
7729.43 5499.59
7736.30 5510.19
7747.81 5514.32
7757.07 5519.29
7764.25 5526.06
7769.28 5536.55
7771.64 5547.36
7766.02 5557.72
7757.05 5565.48
7746.86 5570.47
7735.90 5572.80
7724.87 5578.35
7721.36 5590.64
7717.69 5603.74
7716.88 5618.85
7713.15 5632.16
7709.82 5645.84
7707.45 5659.65
7704.60 5673.05
7701.93 5687.16
7699.51 5700.88
7697.07 5715.01
7694.68 5729.44
7694.46 5743.58
7694.23 5758.09
7694.00 5771.79
7693.78 5785.62
7693.55 5799.96
7693.32 5814.48
7693.52 5828.06
7688.95 5842.36
7687.67 5856.90
7686.29 5871.36
7684.43 5885.60
7682.67 5899.11
7680.88 5912.63
7676.94 5925.73
7672.68 5938.99
7668.26 5952.75
7663.80 5966.65
7659.48 5980.11
7655.06 5993.87
7651.27 6007.79
7652.29 6022.09
7653.62 6036.58
7656.28 6050.31
7660.99 6064.06
7666.91 6077.29
7672.72 6090.29
7677.65 6101.31
7680.73 6108.20
7682.06 6111.18
7682.11 6111.28
7682.11 6111.29
7682.11 6111.29
7682.11 6111.29
7682.11 6111.29
7682.11 6111.29
7682.11 6111.29
7682.11 6111.29
7682.11 6111.29
7682.11 6111.29
7682.11 6111.29
7682.11 6111.29
7682.11 6111.29
7682.11 6111.29
7682.11 6111.29
7682.11 6111.29
7682.11 6111.29
7682.11 6111.29
7682.11 6111.29
7682.11 6111.29
7682.11 6111.29
7682.11 6111.29
7682.11 6111.29
7682.11 6111.29
7682.11 6111.29
7682.11 6111.29
7682.11 6111.29
7682.11 6111.29
7682.11 6111.29
7682.11 6111.29
7682.11 6111.29
7682.11 6111.29
7682.11 6111.29
7682.11 6111.29
7682.11 6111.29
7682.11 6111.29
7682.11 6111.29
7682.11 6111.29
7682.11 6111.29
7682.11 6111.29
7682.11 6111.29
7682.11 6111.29
7682.11 6111.29
7682.11 6111.29
7682.11 6111.29
7682.11 6111.29
7682.11 6111.29
7682.11 6111.29
7682.11 6111.29
7682.11 6111.29
7682.11 6111.29
7682.11 6111.29
7682.11 6111.29
7682.11 6111.29
7682.86 6112.96
7684.49 6116.59
7687.14 6122.46
7690.58 6129.75
7695.52 6138.68
7701.54 6149.57
7708.02 6161.29
7712.56 6169.50
7713.93 6174.10
7711.99 6180.38
7705.62 6186.95
7697.90 6194.27
7689.82 6201.92
7681.37 6209.93
7673.21 6217.67
7664.98 6225.46
7656.54 6233.46
7648.34 6241.23
7640.34 6248.81
7631.70 6256.83
7622.00 6263.04
7610.51 6259.82
7599.60 6256.76
7588.74 6254.12
7577.24 6251.92
7565.67 6249.71
7553.77 6247.43
7541.67 6245.34
7530.63 6243.62
7519.16 6241.83
7507.40 6239.99
7495.32 6238.11
7483.33 6236.23
7474.24 6234.82
7469.60 6234.09
7467.39 6233.75
7467.23 6233.72
7465.48 6233.44
7462.37 6232.92
7457.40 6232.14
7450.54 6231.80
7442.09 6233.17
7431.97 6235.59
7419.57 6238.65
7406.18 6242.42
7392.39 6249.53
7377.83 6256.74
7363.33 6263.91
7348.59 6271.20
7333.34 6278.81
7321.50 6291.10
7308.69 6302.27
7296.93 6314.54
7287.73 6324.18
7281.78 6333.25
7275.51 6343.16
7269.01 6353.43
7262.62 6363.54
7256.50 6373.21
7250.10 6383.33
7243.99 6392.99
7238.06 6402.36
7232.04 6411.87
7225.65 6421.96
7219.47 6431.62
7213.04 6441.67
7206.98 6451.13
7200.80 6460.77
7194.58 6470.49
7188.35 6480.21
7182.08 6489.98
7175.80 6499.71
7169.16 6510.00
7162.78 6519.87
7156.12 6530.19
7149.24 6539.57
7141.24 6549.27
7132.13 6556.80
7122.50 6562.87
7111.23 6566.33
7099.69 6567.38
7088.44 6562.83
7076.97 6558.17
7066.01 6553.71
7056.11 6553.45
7051.90 6563.82
7047.49 6574.69
7043.04 6585.62
7038.79 6596.09
7034.43 6606.83
7030.01 6617.70
7025.45 6628.91
7020.87 6640.19
7016.40 6651.20
7012.13 6661.71
7007.54 6673.01
7003.27 6683.50
6998.84 6694.42
6994.35 6705.45
6989.79 6716.69
6985.40 6727.50
6981.03 6738.26
6976.78 6748.70
6972.47 6759.32
6968.12 6770.03
6964.34 6781.19
6960.85 6792.36
6958.35 6804.22
6956.51 6815.33
6954.82 6826.23
6953.79 6837.23
6953.26 6848.46
6952.68 6860.68
6952.15 6871.88
6951.67 6882.00
6951.39 6887.95
6951.32 6889.40
6951.31 6889.53
6951.31 6889.56
6951.31 6889.58
6951.31 6889.59
6951.31 6889.59
6951.31 6889.59
6951.31 6889.59
6951.31 6889.59
6951.31 6889.59
6951.31 6889.59
6951.31 6889.59
6951.31 6889.59
6951.31 6889.59
6951.31 6889.59
6951.31 6889.59
6951.31 6889.59
6951.31 6889.59
6951.31 6889.59
6951.31 6889.59
6951.31 6889.59
6951.31 6889.59
6951.31 6889.59
6951.31 6889.59
6951.31 6889.59
6951.31 6889.59
6951.31 6889.59
6951.31 6889.59
6951.31 6889.59
6951.31 6889.59
6951.31 6889.59
6951.31 6889.59
6951.31 6889.59
6951.31 6889.59
6951.31 6889.59
6951.31 6889.59
6951.31 6889.59
6951.31 6889.59
6951.31 6889.59
6951.31 6889.59
6951.31 6889.59
6951.31 6889.59
6951.31 6889.59
6951.31 6889.59
6951.31 6889.59
6951.31 6889.59
6951.31 6889.59
6951.31 6889.59
6951.31 6889.59
6951.31 6889.59
6951.31 6889.59
6951.31 6889.59
6951.31 6889.59
6951.31 6889.59
6951.31 6889.59
6951.31 6889.59
6951.24 6890.94
6951.07 6894.30
6950.83 6899.06
6950.52 6905.26
6950.11 6913.21
6949.54 6923.72
6948.89 6935.62
6948.23 6947.72
6947.59 6959.28
6946.99 6970.34
6946.36 6981.91
6945.72 6993.61
6945.10 7004.78
6944.44 7016.95
6943.79 7028.81
6943.26 7038.53
6942.96 7043.89
6942.80 7046.82
6942.78 7047.21
