1292.57 6714.72
1292.61 6716.71
1292.70 6720.70
1292.85 6726.80
1293.05 6735.61
1293.31 6746.71
1293.61 6759.74
1293.97 6775.13
1294.32 6789.91
1294.67 6804.80
1295.03 6820.27
1295.37 6834.70
1295.71 6849.16
1296.06 6864.13
1296.42 6879.43
1296.76 6894.19
1297.12 6909.80
1297.49 6925.53
1299.41 6939.88
1306.80 6953.47
1317.59 6963.19
1329.84 6971.19
1340.66 6976.05
1349.21 6978.61
1353.13 6981.02
1354.15 6986.97
1352.60 6995.14
1350.68 7005.28
1348.65 7017.66
1347.15 7032.94
1345.81 7048.28
1344.59 7062.67
1344.13 7077.61
1343.67 7093.04
1343.19 7108.69
1342.70 7124.22
1342.14 7138.87
1341.69 7150.71
1341.35 7159.59
1341.18 7163.97
1344.80 7167.72
1352.56 7167.93
1362.65 7168.22
1368.30 7168.37
1375.51 7167.15
1381.71 7160.01
1392.51 7154.56
1405.24 7148.30
1419.34 7141.24
1433.50 7133.99
1444.81 7129.62
1452.43 7127.23
1461.64 7124.58
1472.88 7121.95
1486.24 7119.28
1501.38 7118.44
1518.58 7123.60
1533.44 7134.42
1548.46 7145.67
1563.20 7156.43
1581.04 7160.46
1598.25 7164.26
1616.49 7168.28
1634.76 7172.32
1652.57 7176.24
1670.12 7180.10
1687.91 7184.02
1705.54 7187.48
1723.48 7189.25
1741.16 7190.65
1758.79 7191.84
1777.33 7193.09
1796.05 7194.88
1813.61 7197.68
1830.90 7202.41
1848.40 7207.20
1865.51 7211.86
1883.67 7216.78
1901.16 7221.20
1919.45 7224.17
1937.63 7226.32
1956.19 7228.17
1973.85 7229.86
1991.99 7231.60
2010.14 7233.33
2028.79 7235.12
2047.28 7236.89
2065.19 7237.50
2081.99 7232.01
2095.04 7225.51
2104.97 7220.54
2111.84 7217.30
2119.07 7212.58
2119.05 7200.00
2123.72 7188.44
2128.08 7180.85
2131.16 7178.25
2135.66 7174.56
2142.73 7170.05
2152.76 7166.66
2165.68 7166.91
2179.60 7171.95
2191.08 7175.90
2205.48 7164.92
2220.41 7154.79
2236.03 7144.20
2251.18 7133.93
2265.86 7123.97
2281.07 7113.66
2296.64 7103.10
2311.59 7092.95
2326.79 7082.65
2341.28 7072.71
2356.27 7062.09
2371.06 7051.59
2385.46 7041.37
2400.52 7030.68
2414.60 7020.20
2429.13 7008.74
2443.27 6997.60
2456.62 6985.35
2469.87 6972.89
2482.07 6960.13
2494.73 6946.50
2507.41 6932.53
2518.61 6918.27
2529.89 6903.92
2541.07 6889.68
2552.62 6874.98
2564.68 6862.04
2578.14 6849.80
2592.55 6839.64
2607.94 6830.40
2624.23 6821.89
2640.08 6813.61
2656.62 6804.97
2672.22 6796.82
2688.62 6788.25
2704.30 6780.06
2720.45 6771.62
2736.74 6763.11
2753.08 6754.92
2769.84 6746.99
2786.75 6738.97
2803.83 6730.89
2820.75 6722.87
2837.02 6715.17
2853.46 6707.38
2870.17 6699.47
2886.06 6691.94
2902.06 6684.52
2918.28 6677.69
2936.32 6671.88
2954.18 6666.74
2971.91 6662.02
2989.81 6657.25
3007.50 6652.54
3024.72 6646.44
3042.05 6639.43
3058.47 6631.08
3074.58 6621.75
3090.19 6611.25
3104.78 6600.07
3118.65 6588.81
3134.94 6579.84
3148.74 6568.64
3162.70 6557.22
3177.15 6545.27
3191.18 6533.62
3204.18 6521.69
3217.35 6509.63
3230.79 6497.90
3244.16 6486.23
3257.99 6474.85
3272.68 6462.98
3287.19 6451.22
3301.09 6439.34
3314.60 6427.01
3328.06 6414.55
3341.42 6402.18
3355.15 6389.38
3368.65 6376.38
3381.34 6364.15
3395.04 6350.94
3408.91 6337.52
3423.21 6325.96
3437.39 6312.86
3445.04 6298.27
3451.39 6283.03
3466.83 6279.89
3481.50 6277.18
3495.85 6275.16
3510.99 6273.29
3526.56 6271.37
3541.65 6269.52
3556.19 6267.84
3570.72 6266.13
3585.24 6264.19
3600.25 6262.19
3615.38 6260.18
3630.19 6258.13
3644.61 6253.91
3659.48 6249.56
3673.73 6243.99
3687.58 6238.42
3701.33 6232.89
3715.33 6227.27
3729.75 6221.19
3743.53 6215.26
3757.81 6209.73
3772.43 6207.20
3786.51 6210.93
3799.66 6218.48
3811.65 6226.73
3825.83 6232.02
3839.95 6231.83
3854.81 6229.73
3869.36 6227.68
3884.17 6225.58
3899.46 6223.42
3914.75 6221.26
3928.97 6219.29
3944.05 6217.35
3959.22 6215.49
3974.52 6213.28
3989.81 6211.09
4004.67 6208.46
4019.57 6205.45
4033.84 6202.14
4048.67 6202.15
4062.89 6198.92
4078.19 6195.35
4093.26 6191.55
4108.43 6187.76
4123.22 6184.67
4138.44 6181.48
4153.38 6177.87
4168.33 6173.82
4183.11 6170.42
4197.69 6168.21
4213.37 6166.33
4228.63 6165.03
4243.89 6164.13
4259.43 6163.22
4274.51 6162.33
4290.19 6161.40
4304.58 6162.41
4319.12 6163.49
4333.58 6164.76
4348.29 6166.47
4363.11 6167.70
4377.96 6168.85
4393.66 6170.51
4409.66 6174.17
4423.72 6180.97
4436.43 6188.32
4448.90 6198.03
4461.25 6207.55
4472.80 6216.61
4484.60 6225.37
4496.91 6234.43
4509.25 6243.49
4521.94 6252.57
4534.50 6261.34
4544.55 6268.62
4550.92 6273.30
4555.07 6276.34
4555.72 6276.81
4556.01 6277.02
4556.06 6277.06
4556.09 6277.08
4556.09 6277.09
4556.09 6277.09
4556.09 6277.09
4556.09 6277.09
4556.09 6277.09
4556.09 6277.09
4556.09 6277.09
4556.09 6277.09
4556.09 6277.09
4556.09 6277.09
4556.09 6277.09
4556.09 6277.09
4556.09 6277.09
4556.09 6277.09
4556.09 6277.09
4556.09 6277.09
4557.42 6278.06
4559.84 6279.83
4563.23 6282.39
4568.62 6286.48
4574.83 6287.15
4572.81 6275.32
4570.74 6261.53
4570.81 6245.93
4572.42 6231.46
4574.09 6216.40
4575.82 6200.86
4577.51 6185.71
4579.87 6170.88
4582.80 6155.47
4585.28 6142.42
4587.06 6133.30
4588.80 6128.14
4594.55 6122.77
4604.37 6120.81
4616.06 6117.37
4629.40 6112.75
4645.32 6107.23
4662.82 6099.90
4679.26 6092.16
4695.75 6084.00
4712.06 6075.90
4729.05 6068.19
4746.78 6062.36
4765.01 6059.94
4782.64 6055.56
4801.62 6054.40
4820.56 6053.39
4838.94 6052.25
4857.72 6051.07
4876.12 6049.92
4895.03 6048.74
4913.96 6047.63
4932.23 6046.76
4950.60 6045.93
4969.56 6045.63
4987.24 6048.29
4996.87 6043.79
5009.60 6032.98
5025.29 6032.93
5036.39 6029.55
5050.04 6020.14
5066.10 6011.85
5083.40 6004.15
5100.10 5996.74
5116.89 5989.33
5133.39 5982.06
5149.56 5974.57
5164.35 5967.71
5175.23 5962.55
5182.12 5959.34
5185.08 5957.92
