6619.07 7441.63
6620.55 7440.20
6623.52 7437.34
6629.94 7435.75
6635.80 7431.03
6638.18 7429.15
6638.51 7428.89
6638.55 7428.86
6638.56 7428.85
6638.56 7428.85
6638.57 7428.85
6638.57 7428.85
6638.57 7428.85
6638.57 7428.85
6638.57 7428.85
6638.57 7428.85
6638.57 7428.85
6638.57 7428.85
6638.57 7428.85
6638.57 7428.85
6638.57 7428.85
6638.57 7428.85
6638.57 7428.85
6638.57 7428.85
6638.57 7428.85
6638.57 7428.85
6638.57 7428.85
6638.57 7428.85
6638.57 7428.85
6638.57 7428.85
6638.57 7428.85
6638.57 7428.85
6638.57 7428.85
6638.57 7428.85
6638.57 7428.85
6638.57 7428.85
6638.57 7428.85
6638.57 7428.85
6638.57 7428.85
6638.57 7428.85
6638.57 7428.85
6638.57 7428.85
6640.87 7426.63
6641.67 7421.42
6640.20 7413.66
6635.16 7407.30
6629.78 7399.03
6623.21 7388.56
6616.21 7377.41
6609.63 7366.93
6602.92 7356.23
6596.02 7345.25
6589.11 7334.03
6593.98 7324.96
6604.11 7318.53
6612.68 7313.09
6618.03 7309.69
6626.69 7307.38
6632.97 7316.75
6639.48 7328.85
6645.96 7342.33
6652.11 7355.98
6658.08 7370.83
6665.88 7384.91
6671.55 7399.15
6679.83 7415.79
6687.27 7430.77
6692.83 7440.26
6703.76 7447.33
6713.36 7453.53
6720.33 7458.04
6723.75 7460.25
6723.76 7460.26
6723.77 7460.26
6723.77 7460.27
6723.77 7460.27
6723.77 7460.27
6723.77 7460.27
6723.77 7460.27
6723.77 7460.27
6723.77 7460.27
6723.77 7460.27
6723.77 7460.27
6723.77 7460.27
6723.77 7460.27
6723.77 7460.27
6723.77 7460.27
6725.54 7461.38
6729.06 7463.56
6734.15 7466.70
6741.52 7471.06
6751.53 7476.71
6761.99 7482.62
6772.43 7488.52
6783.70 7494.98
6793.94 7501.29
6804.61 7507.88
6815.37 7514.52
6826.81 7521.58
6837.98 7528.34
6849.38 7534.97
6860.32 7541.34
6870.62 7547.33
6881.45 7553.63
6892.33 7559.96
6903.48 7565.31
6915.29 7570.89
6926.32 7576.10
6937.68 7581.47
6948.66 7586.17
6960.78 7590.09
6972.57 7593.53
6984.69 7597.03
6997.66 7600.41
7010.48 7603.63
7022.45 7606.63
7034.43 7609.63
7046.59 7612.68
7059.54 7615.33
7071.48 7617.49
7084.20 7619.79
7097.39 7622.18
7109.86 7624.44
7122.36 7626.70
7135.46 7629.07
7148.36 7631.40
7161.38 7633.76
7174.10 7636.04
7186.74 7638.28
7198.75 7640.41
7211.38 7642.64
7223.19 7644.71
7235.63 7646.89
7247.51 7649.00
7259.66 7651.27
7271.60 7653.49
7283.87 7655.78
7296.92 7658.21
7309.36 7660.52
7321.13 7662.72
7333.66 7665.05
7346.32 7667.41
7358.93 7669.76
7371.24 7672.05
7384.09 7674.44
7397.18 7676.88
7409.31 7679.14
7421.26 7681.36
7434.48 7683.82
7447.16 7686.19
7460.17 7688.61
7473.32 7691.06
7485.65 7693.35
7498.75 7695.79
7511.38 7698.14
7524.45 7700.58
7537.51 7703.01
7549.94 7705.32
7562.73 7707.71
7575.18 7710.07
7587.15 7712.35
7599.29 7714.65
7611.78 7717.03
7624.73 7719.49
7636.68 7721.76
7648.87 7724.07
7661.91 7726.55
7675.11 7729.13
7687.36 7731.61
7700.02 7734.17
7712.09 7736.61
7725.21 7739.27
7737.84 7741.82
7750.79 7744.45
7763.68 7747.06
7776.15 7749.58
7789.01 7752.18
7802.13 7754.86
7813.92 7757.58
7825.94 7760.36
7838.93 7763.36
7851.83 7766.34
7862.95 7768.91
7870.14 7770.57
7874.05 7771.48
7874.70 7771.63
7875.10 7771.72
7875.11 7771.72
7875.11 7771.72
7875.11 7771.72
7875.11 7771.72
7875.11 7771.72
7875.11 7771.72
7875.11 7771.72
7875.11 7771.72
7875.11 7771.72
7875.11 7771.72
7875.11 7771.72
7875.11 7771.72
7875.11 7771.72
7875.11 7771.72
7875.11 7771.72
7875.11 7771.72
7875.11 7771.72
7875.11 7771.72
7875.11 7771.72
7875.11 7771.72
7875.11 7771.72
7875.11 7771.72
7875.11 7771.72
7875.11 7771.72
7875.11 7771.72
7875.11 7771.72
7875.11 7771.72
7875.11 7771.72
7875.11 7771.72
7875.11 7771.72
7877.78 7772.15
7882.31 7772.30
7889.70 7771.75
7898.86 7773.25
7909.65 7775.35
7921.93 7777.74
7934.29 7780.14
7946.89 7782.59
7959.38 7785.02
7972.62 7787.30
7985.84 7789.36
7998.62 7791.35
8010.80 7793.26
8023.10 7795.18
8035.27 7798.11
8047.47 7801.44
8059.69 7804.78
8072.33 7808.23
8084.26 7811.19
8096.66 7813.52
8108.48 7815.73
8121.68 7818.21
8134.46 7820.61
8146.30 7822.83
8159.07 7825.23
8171.32 7827.52
8183.72 7829.79
8196.46 7832.20
8208.95 7834.90
8220.78 7837.97
8232.92 7841.12
8244.72 7844.17
8256.56 7847.24
8269.28 7850.54
8282.13 7853.87
8294.39 7857.05
8306.90 7860.29
8318.64 7863.44
8331.56 7866.99
8343.76 7870.35
8355.76 7873.64
8367.46 7876.86
8379.76 7880.29
8391.54 7883.73
8404.26 7887.55
8415.89 7891.17
8427.92 7894.91
8440.21 7898.73
8452.34 7902.50
8463.94 7906.11
8475.80 7909.80
8487.58 7913.46
8499.82 7917.27
8511.49 7920.90
8524.23 7925.04
8536.40 7929.28
8548.70 7933.72
8560.48 7937.87
8572.70 7942.18
8584.37 7946.29
8596.70 7950.64
8608.20 7954.69
8620.00 7958.99
8631.74 7963.61
8643.70 7968.32
8655.39 7972.93
8667.14 7977.55
8679.23 7982.32
8690.48 7986.75
8702.71 7991.57
8714.60 7996.25
8726.19 8001.00
8737.48 8006.08
8749.35 8011.42
8760.62 8016.50
8772.43 8021.81
8783.77 8026.92
8795.71 8032.29
8806.86 8037.31
8817.82 8042.25
8829.96 8047.71
8837.78 8051.76
8847.06 8056.64
8858.33 8062.15
8870.06 8067.30
8882.02 8072.97
8893.81 8078.57
8904.96 8083.86
8916.20 8089.19
8927.23 8094.44
8939.04 8100.67
8950.46 8106.69
8961.41 8112.47
8973.20 8118.69
8984.60 8124.79
8995.09 8130.71
9006.33 8137.24
9017.86 8143.55
9028.92 8149.59
9040.50 8155.93
9051.59 8161.98
9063.06 8168.26
9074.64 8174.94
9084.99 8181.19
9095.26 8187.39
9105.91 8193.82
9116.49 8200.21
9127.88 8207.09
9138.48 8213.49
9149.95 8220.42
9160.79 8226.96
9171.21 8233.25
9181.61 8239.54
9193.01 8246.42
9203.76 8253.43
9214.06 8260.79
9224.94 8268.57
9235.31 8275.98
9245.11 8282.99
9255.89 8290.69
9265.67 8297.68
9275.87 8304.97
9286.12 8312.30
9296.88 8319.99
9307.59 8327.64
9317.35 8334.61
9327.55 8342.07
9337.65 8349.48
9348.36 8357.35
9358.43 8364.76
9368.43 8372.39
9378.95 8380.44
9388.85 8388.00
9398.57 8395.55
9408.25 8403.35
9417.94 8411.15
9427.62 8418.95
9437.75 8427.11
9447.43 8434.91
9457.08 8442.69
9466.86 8450.84
9476.86 8459.19
9487.00 8467.67
9497.22 8476.31
9506.41 8484.06
9516.66 8492.66
9526.27 8500.82
9536.00 8509.29
9546.06 8518.07
9553.47 8524.65
9557.48 8528.25
9558.36 8529.06
9558.77 8529.43
9558.83 8529.49
9558.84 8529.50
9558.84 8529.50
9558.84 8529.50
9558.84 8529.50
9558.84 8529.50
9558.84 8529.50
9560.65 8531.14
9564.08 8534.22
9569.34 8538.93
9575.94 8544.73
9584.57 8552.27
9594.10 8560.58
9603.48 8568.77
9613.51 8577.53
9622.76 8585.60
9632.20 8593.89
9641.98 8602.65
9650.99 8610.72
9661.01 8619.69
9670.84 8628.48
9680.87 8636.72
9690.83 8644.80
9700.22 8652.43
9710.37 8660.86
9720.19 8669.44
9730.29 8678.27
9739.96 8686.73
9749.24 8694.84
9758.88 8703.25
9768.91 8711.87
9778.39 8720.02
9788.42 8728.63
9798.60 8737.37
9808.50 8745.87
9818.01 8754.02
9828.11 8762.67
9838.16 8771.28
9847.95 8779.67
9857.25 8787.65
9867.02 8796.20
9876.96 8804.90
9886.45 8813.21
9896.35 8821.87
9905.92 8830.29
9915.77 8838.98
9925.39 8847.64
9935.07 8856.72
9944.36 8865.07
9953.51 8873.11
9962.48 8881.15
9968.60 8886.48
9971.35 8888.82
9971.82 8889.22
9971.94 8889.33
9971.99 8889.37
9972.00 8889.37
9972.00 8889.37
9972.00 8889.37
9972.00 8889.37
9972.00 8889.37
9972.00 8889.37
9972.00 8889.37
9972.00 8889.37
9972.00 8889.37
9972.00 8889.37
9972.00 8889.37
9972.00 8889.37
9972.00 8889.37
9972.00 8889.37
9972.00 8889.37
9972.00 8889.37
9972.00 8889.37
9972.00 8889.37
9972.00 8889.37
9972.00 8889.37
9972.00 8889.37
9973.26 8890.50
9976.05 8893.18
9980.39 8897.35
9985.83 8902.58
9993.81 8909.52
10003.32 8917.67
10012.92 8925.90
10022.19 8933.83
10031.75 8942.04
10041.00 8950.11
10050.33 8958.25
10059.81 8966.53
10069.37 8974.87
10082.60 8976.27
10091.68 8966.70
10100.02 8957.84
10109.11 8949.48
10118.55 8941.69
10128.24 8934.06
10137.96 8926.40
10148.13 8918.46
10158.69 8910.24
10168.44 8902.65
10177.99 8895.22
10188.16 8887.72
10195.00 8882.91
10198.99 8881.18
10204.72 8883.49
10211.31 8888.98
10219.11 8895.86
10228.77 8904.39
10238.33 8912.81
10247.99 8921.34
10257.95 8930.13
10267.12 8938.22
10276.42 8946.43
10285.70 8954.62
10295.80 8963.42
10305.03 8971.25
10314.74 8980.26
10323.69 8988.58
10333.15 8997.08
10342.34 9004.74
10351.31 9012.71
10360.59 9020.70
10369.93 9028.93
10379.49 9037.37
10389.17 9045.90
10398.31 9053.97
10407.70 9062.25
10417.54 9070.94
10427.60 9079.82
10437.41 9088.47
10447.10 9097.02
10456.84 9105.62
10465.99 9113.69
10475.71 9122.23
10485.75 9131.04
10495.35 9139.46
10504.53 9147.52
10514.38 9156.17
10523.79 9164.42
10533.34 9161.96
10541.38 9153.08
10549.44 9144.16
10557.75 9134.85
10566.20 9125.32
10574.63 9115.81
10583.43 9105.89
10591.76 9096.48
10600.42 9086.72
10608.38 9077.72
10616.37 9068.72
10625.18 9058.78
10633.42 9049.47
10639.07 9043.10
10641.05 9034.61
10633.94 9028.02
10629.14 9023.57
10626.98 9021.58
