5423.11 6754.44
5421.03 6753.88
5416.68 6752.70
5410.36 6750.99
5401.93 6748.71
5391.71 6745.94
5380.04 6742.78
5367.71 6739.42
5354.40 6735.81
5341.21 6732.22
5328.37 6729.40
5315.42 6726.77
5302.45 6724.14
5289.48 6722.33
5275.82 6720.56
5262.48 6718.83
5249.58 6717.26
5235.91 6716.07
5223.81 6715.01
5216.20 6714.35
5207.52 6712.56
5209.13 6702.92
5216.38 6691.99
5223.55 6681.18
5230.71 6670.39
5237.95 6659.47
5245.02 6648.80
5249.61 6641.88
5255.81 6634.63
5267.46 6634.21
5279.77 6636.60
5287.67 6638.13
5291.50 6638.88
5296.59 6639.89
5303.17 6641.22
5311.53 6642.92
5321.48 6644.98
5333.78 6647.52
5346.18 6650.09
5359.18 6652.78
5372.44 6655.52
5385.33 6658.19
5397.84 6660.78
5410.39 6663.37
5423.17 6666.02
5436.39 6668.75
5449.56 6671.47
5462.11 6674.07
5475.47 6676.83
5488.07 6679.44
5500.68 6682.05
5512.53 6687.93
5522.30 6694.61
5528.36 6698.76
5535.70 6700.49
5541.45 6692.59
5545.06 6687.59
5550.27 6681.95
5561.05 6681.02
5569.15 6688.48
5578.73 6697.31
5588.57 6706.38
5597.71 6714.79
5604.37 6720.93
5607.73 6724.02
5612.73 6724.73
5620.23 6721.30
5625.16 6715.72
5628.60 6713.43
5634.27 6714.75
5640.63 6719.86
5647.70 6726.03
5658.33 6729.11
5671.92 6728.30
5685.43 6727.49
5698.67 6726.70
5711.91 6725.91
5724.99 6724.88
5738.03 6723.76
5751.60 6722.16
5764.61 6720.05
5777.36 6717.59
5789.70 6714.62
5802.89 6711.44
5815.96 6708.28
5828.89 6704.65
5840.77 6699.77
5852.80 6694.83
5864.64 6689.96
5877.00 6684.47
5889.58 6678.74
5899.07 6673.77
5904.21 6670.03
5906.05 6668.68
5906.29 6668.50
5906.34 6668.47
5906.37 6668.45
5906.37 6668.44
5906.37 6668.44
5906.37 6668.44
5906.37 6668.44
5906.37 6668.44
5906.37 6668.44
5906.37 6668.44
5906.37 6668.44
5906.37 6668.44
5906.37 6668.44
5906.37 6668.44
5906.37 6668.44
5906.37 6668.44
5906.37 6668.44
5906.37 6668.44
5906.37 6668.44
5906.37 6668.44
5906.37 6668.44
5906.37 6668.44
5906.37 6668.44
5906.37 6668.44
5906.37 6668.44
5906.37 6668.44
5906.37 6668.44
5906.37 6668.44
5906.37 6668.44
5906.37 6668.44
5906.37 6668.44
5906.37 6668.44
5906.37 6668.44
5906.37 6668.44
5906.37 6668.44
5906.37 6668.44
5906.37 6668.44
5906.37 6668.44
5906.37 6668.44
5906.37 6668.44
5906.37 6668.44
5906.37 6668.44
5906.37 6668.44
5906.37 6668.44
5907.77 6667.55
5911.10 6665.85
5916.65 6663.94
5924.17 6663.34
5932.91 6664.69
5942.50 6667.83
5953.58 6672.18
5966.48 6677.30
5978.51 6681.86
5991.75 6685.00
6005.23 6686.98
6017.81 6688.83
6031.75 6687.55
6044.93 6689.51
6057.60 6691.39
6070.55 6693.32
6083.55 6695.25
6096.82 6697.23
6110.13 6699.21
6123.18 6701.15
6136.41 6703.12
6149.03 6701.65
6156.70 6702.79
6159.92 6703.27
6160.41 6703.35
6160.50 6703.36
6160.52 6703.36
6160.52 6703.36
6160.52 6703.36
6160.52 6703.36
6160.52 6703.36
6160.52 6703.36
6160.52 6703.36
6160.52 6703.36
6160.52 6703.36
6160.52 6703.36
6160.52 6703.36
6160.52 6703.36
6160.52 6703.36
6160.52 6703.36
6160.52 6703.36
6160.52 6703.36
6160.52 6703.36
6160.52 6703.36
6160.52 6703.36
6162.68 6703.70
6167.08 6704.43
6173.68 6705.51
6182.35 6707.01
6193.23 6708.97
6205.84 6711.24
6218.50 6713.53
6230.85 6720.50
6243.09 6724.52
6255.16 6728.69
6267.53 6733.10
6279.63 6737.61
6292.12 6742.38
6304.31 6747.38
6316.07 6752.59
6327.85 6757.81
6340.04 6763.21
6352.28 6768.64
6364.04 6773.84
6376.42 6779.33
6389.08 6784.94
6401.26 6789.95
6413.66 6793.82
6426.73 6797.89
6439.43 6801.85
6452.34 6805.60
6465.55 6809.33
6477.99 6812.53
6490.80 6815.81
6503.28 6819.02
6516.21 6822.34
6525.01 6824.60
6530.65 6826.05
6531.93 6826.38
6532.12 6826.42
6532.19 6826.44
6533.01 6823.25
6533.01 6823.25
6533.01 6823.25
6533.01 6823.25
6533.01 6823.25
6533.01 6823.25
6533.01 6823.25
6533.01 6823.25
6533.01 6823.25
6533.01 6823.25
6533.01 6823.25
6533.01 6823.25
6533.01 6823.25
6533.01 6823.25
6533.01 6823.25
6533.01 6823.25
6533.01 6823.25
6533.01 6823.25
6533.01 6823.25
6533.01 6823.25
6533.01 6823.25
6533.01 6823.25
6533.01 6823.25
6533.01 6823.25
6534.33 6823.58
6537.88 6824.34
6543.19 6825.49
6549.32 6829.96
6557.96 6831.53
6568.55 6833.46
6580.69 6839.01
6593.25 6841.29
6606.81 6843.75
6620.11 6846.17
6633.29 6848.56
6646.46 6850.95
6659.86 6853.38
6673.23 6855.81
6686.74 6858.27
6700.00 6860.67
6712.91 6863.02
6725.49 6865.30
6738.28 6867.62
6751.01 6869.94
6764.32 6872.35
6777.35 6874.72
6790.75 6877.15
6802.18 6879.23
6809.94 6880.64
6812.65 6889.02
6810.83 6901.18
6808.57 6915.41
6806.25 6931.18
6804.45 6947.13
6803.56 6963.50
6803.13 6979.65
6803.13 6995.29
6803.60 7011.25
6804.16 7026.96
6804.78 7042.94
6805.64 7059.23
6806.87 7074.45
6807.79 7085.87
6808.35 7092.80
6808.66 7096.60
6808.70 7097.07
6808.70 7097.08
6808.70 7097.09
6808.70 7097.10
6808.84 7098.70
6809.15 7101.79
6809.78 7106.74
6811.33 7113.95
6814.15 7122.93
6817.74 7133.54
6824.89 7144.39
6829.52 7158.01
6836.25 7173.08
6842.53 7187.31
6848.96 7201.93
6856.74 7216.51
6864.72 7230.68
6875.72 7242.48
6888.83 7250.47
6901.36 7241.27
6913.93 7231.86
6924.62 7223.87
6931.72 7218.58
6935.49 7216.08
6935.68 7215.95
6935.75 7215.90
6935.76 7215.89
6935.77 7215.89
6935.77 7215.89
6935.77 7215.89
6935.77 7215.89
6935.77 7215.89
6935.77 7215.89
6935.77 7215.89
6936.94 7215.16
6939.42 7213.84
6944.17 7212.13
6950.76 7212.39
6957.89 7216.13
6967.33 7219.46
6978.22 7222.51
6991.30 7226.17
7004.25 7229.80
7018.42 7230.89
7031.28 7235.58
7043.49 7240.03
7055.10 7244.27
7062.48 7246.96
7065.64 7248.11
7065.75 7248.15
7065.78 7248.16
7065.80 7248.17
7065.80 7248.17
7065.80 7248.17
7065.80 7248.17
7065.80 7248.17
7065.80 7248.17
7065.80 7248.17
7065.80 7248.17
7065.80 7248.17
7065.80 7248.17
7065.80 7248.17
7065.80 7248.17
7065.80 7248.17
7065.80 7248.17
7065.80 7248.17
7065.80 7248.17
7065.80 7248.17
7065.80 7248.17
7065.80 7248.17
7065.80 7248.17
7065.80 7248.17
7065.80 7248.17
7065.80 7248.17
7065.80 7248.17
7065.80 7248.17
7065.80 7248.17
7065.80 7248.17
7065.80 7248.17
7068.01 7249.04
7071.48 7250.49
7076.82 7252.72
7084.17 7255.78
7093.63 7259.94
7104.66 7265.04
7116.46 7270.50
7128.35 7276.00
7140.27 7281.51
7152.33 7287.08
7164.05 7292.51
7175.83 7298.16
7188.00 7304.18
7199.98 7310.11
7212.14 7316.12
7224.33 7322.15
7236.41 7328.13
7245.86 7332.50
7252.26 7333.57
7254.89 7334.02
7255.24 7334.08
7255.39 7334.10
7255.45 7334.11
7255.46 7334.11
7255.46 7334.11
7255.46 7334.11
7255.46 7334.11
7255.46 7334.11
7255.46 7334.11
7255.46 7334.11
7255.46 7334.11
7255.46 7334.11
7255.46 7334.11
7255.46 7334.11
7255.46 7334.11
7255.46 7334.11
7255.46 7334.11
7255.46 7334.11
7255.46 7334.11
7255.46 7334.11
7255.46 7334.11
7255.46 7334.11
7255.46 7334.11
7255.46 7334.11
7255.46 7334.11
7256.69 7334.36
7260.43 7335.56
7266.20 7338.58
7270.09 7345.60
7269.00 7355.04
7265.14 7366.18
7260.59 7379.05
7256.33 7391.35
7252.12 7403.70
7247.87 7416.84
7243.90 7429.46
7239.84 7442.35
7235.75 7455.36
7231.88 7468.07
7229.77 7481.26
7227.67 7494.44
7226.20 7507.99
7225.91 7521.58
7225.95 7535.27
7227.55 7549.00
7230.17 7562.03
7232.97 7575.27
7235.26 7588.69
7237.24 7602.06
7239.18 7615.21
7241.19 7628.81
7243.05 7641.44
7245.02 7654.71
7246.98 7668.03
7248.87 7680.77
7250.75 7693.53
7252.73 7706.90
7254.66 7719.95
7256.51 7732.49
7258.43 7745.51
7260.39 7758.76
7262.32 7771.80
7264.17 7784.33
7266.09 7797.37
7268.00 7810.26
7269.96 7823.50
7271.83 7836.17
7273.81 7849.57
7275.68 7862.26
7277.59 7875.18
7279.31 7886.84
7280.53 7895.05
7281.15 7899.24
7281.20 7899.61
7281.22 7899.75
7281.22 7899.76
7281.22 7899.77
7281.22 7899.77
7281.22 7899.77
7281.22 7899.77
7281.22 7899.77
7281.22 7899.77
7281.22 7899.77
7281.22 7899.77
7281.22 7899.77
7281.22 7899.77
7281.22 7899.77
7281.22 7899.77
7281.22 7899.77
7281.22 7899.77
7281.22 7899.77
7281.22 7899.77
7281.22 7899.77
7281.22 7899.77
7281.22 7899.77
7281.22 7899.77
7281.22 7899.77
7281.22 7899.77
7281.22 7899.77
7281.22 7899.77
7281.40 7901.07
7281.76 7904.45
7283.21 7909.62
7286.64 7915.43
7289.46 7923.53
7290.96 7934.21
7292.67 7946.42
7294.52 7959.62
7295.29 7972.94
7295.59 7986.60
7295.87 7999.29
7296.16 8012.53
7296.45 8025.91
7296.75 8039.59
7297.27 8052.99
7297.80 8066.16
7298.35 8079.43
7298.91 8093.24
7299.44 8106.21
7300.00 8119.87
7300.55 8133.43
7304.33 8145.18
7301.61 8159.43
7302.14 8172.40
7302.67 8185.42
7303.21 8198.61
7303.76 8211.57
7304.43 8224.61
7304.73 8237.63
7304.68 8250.75
7305.24 8263.92
7305.84 8277.02
7306.47 8290.64
7307.10 8304.45
7307.70 8317.56
7308.31 8330.78
7308.91 8343.94
7308.90 8357.39
7308.89 8371.21
7308.88 8385.00
7308.87 8397.70
7308.86 8411.41
7305.54 8424.89
7305.22 8438.58
7304.73 8451.45
7304.22 8464.79
7303.66 8478.15
7302.97 8491.63
7302.09 8505.14
7301.17 8517.75
7300.15 8531.34
7298.60 8544.51
7297.10 8557.19
7295.51 8570.56
7294.02 8583.20
7292.83 8593.23
7292.17 8598.79
7291.97 8600.47
7291.95 8600.66
7291.93 8600.80
7291.93 8600.84
7291.93 8600.85
7291.93 8600.85
7291.93 8600.85
7291.93 8600.85
7291.93 8600.85
7291.93 8600.85
7291.93 8600.85
7291.93 8600.85
7291.93 8600.85
7291.93 8600.85
7291.93 8600.85
7291.93 8600.85
7295.20 8601.24
7295.20 8601.24
7295.20 8601.24
7295.20 8601.24
7295.20 8601.24
7295.20 8601.24
7298.48 8601.62
7294.95 8603.37
7291.19 8607.30
7290.54 8613.15
7289.69 8620.98
7288.75 8630.77
7287.65 8642.13
7286.68 8654.91
7286.71 8668.31
7286.73 8680.48
7286.76 8693.95
7286.73 8706.08
7286.70 8716.67
7286.66 8723.14
7285.88 8730.30
7282.43 8737.59
7273.76 8740.13
7261.78 8741.99
7248.32 8739.86
7235.11 8737.78
7221.72 8736.32
7208.56 8735.14
7199.32 8740.05
7198.97 8753.61
7198.25 8767.42
7195.43 8780.89
7191.71 8794.12
7186.84 8806.30
7182.05 8818.28
7177.34 8830.16
7177.76 8840.95
7191.33 8842.69
7204.14 8846.91
7216.28 8850.91
7228.91 8855.29
7241.41 8860.79
7252.54 8867.21
7263.03 8874.95
7273.96 8883.04
7284.51 8891.67
7294.08 8899.97
7303.94 8908.67
7313.95 8917.50
7325.55 8923.70
7338.63 8923.77
7348.99 8921.00
7355.21 8917.42
7362.45 8909.26
7360.70 8898.25
7357.38 8891.53
7356.04 8888.86
7355.98 8888.73
7355.95 8888.68
7355.95 8888.67
7355.94 8888.66
7355.94 8888.66
7355.94 8888.66
7355.94 8888.66
7355.94 8888.66
7355.94 8888.66
7355.94 8888.66
7355.94 8888.66
7355.94 8888.66
7355.94 8888.66
7355.94 8888.66
7355.94 8888.66
7355.94 8888.66
7355.94 8888.66
7355.94 8888.66
7355.94 8888.66
7355.94 8888.66
7355.94 8888.66
7355.94 8888.66
7355.94 8888.66
7355.94 8888.66
7355.94 8888.66
7355.94 8888.66
7355.94 8888.66
7355.94 8888.66
7355.94 8888.66
7355.94 8888.66
7355.19 8886.86
7354.19 8883.93
7352.96 8880.05
7354.37 8874.26
7361.71 8870.53
7371.92 8869.42
7383.61 8870.20
7396.91 8872.82
7410.21 8875.43
7423.43 8878.03
7435.43 8882.45
7448.28 8884.27
7459.72 8889.85
7471.47 8896.47
7481.87 8904.51
7492.32 8913.41
7501.54 8922.80
7510.78 8932.41
7519.88 8941.88
7530.87 8948.55
7539.68 8957.72
7548.87 8967.28
7557.82 8976.59
7566.79 8985.92
7576.30 8995.81
7585.41 9005.30
7594.49 9014.74
7604.36 9023.91
7614.80 9032.84
7624.88 9041.48
7635.60 9049.22
7646.28 9056.12
7658.08 9062.68
7670.15 9068.05
7681.75 9073.14
7694.21 9078.42
7705.05 9086.55
7716.82 9091.49
7728.32 9096.85
7740.16 9102.89
7751.35 9109.35
7762.33 9116.56
7773.37 9124.66
7783.13 9132.79
7794.70 9139.10
7802.08 9151.71
7810.76 9161.31
7819.29 9171.74
7827.52 9181.86
7836.04 9192.54
7844.55 9203.20
7852.45 9213.10
7860.39 9223.05
7868.60 9233.34
7877.05 9243.74
7886.36 9253.88
7895.00 9263.30
7902.66 9276.17
7912.06 9285.38
7921.63 9294.53
7931.31 9302.88
7941.52 9311.55
7951.99 9319.53
7962.74 9327.72
7973.33 9335.79
7983.91 9342.92
7994.85 9350.30
8005.59 9357.55
8016.60 9364.97
8027.83 9372.54
8039.07 9380.13
8049.60 9387.23
8060.38 9394.50
8071.75 9402.29
8082.65 9409.80
8093.71 9417.42
8104.93 9425.16
8115.55 9432.48
8125.44 9439.29
8132.05 9443.85
8137.60 9448.14
8139.85 9451.76
8139.56 9457.58
8135.87 9464.20
8130.76 9471.10
8127.86 9475.02
8127.16 9475.98
8126.86 9476.38
8126.78 9476.48
