7966.06 5409.13
7963.59 5409.11
7959.01 5409.09
7951.94 5405.79
7942.77 5405.61
7931.81 5405.66
7921.77 5405.64
7916.23 5405.58
7914.35 5405.58
7913.95 5405.58
7913.74 5405.58
7913.67 5405.58
7913.66 5405.58
7913.66 5405.58
7913.66 5405.58
7913.66 5405.58
7913.66 5405.58
7913.66 5405.58
7912.16 5405.54
7908.53 5405.26
7902.46 5404.78
7894.52 5403.96
7885.97 5399.60
7876.64 5392.34
7865.11 5383.73
7851.07 5376.44
7836.20 5371.16
7820.92 5368.34
7807.11 5366.97
7797.54 5366.70
7791.87 5367.17
7790.42 5367.29
7789.82 5367.34
7789.82 5367.34
7789.82 5367.34
7789.82 5367.34
7789.82 5367.34
7789.82 5367.34
7789.82 5367.34
7789.82 5367.34
7789.82 5367.34
7789.82 5367.34
7789.82 5367.34
7789.82 5367.34
7789.82 5367.34
7789.82 5367.34
7789.82 5367.34
7789.82 5367.34
7788.16 5367.38
7784.86 5367.08
7783.90 5366.66
7783.57 5366.51
7783.34 5366.40
7783.33 5366.40
7783.33 5366.40
7783.33 5366.40
7783.28 5366.38
7781.53 5365.22
7779.00 5361.55
7773.65 5356.10
7772.06 5347.60
7772.58 5337.48
7774.98 5325.31
7780.77 5313.19
7786.53 5302.41
7793.85 5291.55
7800.87 5281.13
7807.78 5270.72
7806.64 5258.36
7802.91 5246.16
7799.24 5234.15
7795.59 5222.20
7792.38 5211.69
7790.02 5203.94
7787.25 5193.89
7784.61 5181.82
7781.97 5168.95
7779.34 5156.10
7776.88 5144.11
7774.23 5131.15
7771.79 5119.27
7769.12 5106.19
7766.57 5093.77
7764.13 5081.83
7761.46 5068.81
7759.08 5057.19
7757.60 5049.97
7756.93 5046.67
7756.80 5046.05
7756.72 5045.69
7756.70 5045.57
7756.19 5043.59
7755.31 5040.22
7753.87 5034.67
7752.06 5027.17
7754.89 5018.23
7761.67 5008.09
7768.85 4997.35
7775.72 4987.08
7782.81 4976.48
7789.89 4965.89
7797.28 4954.80
7804.09 4943.86
7807.93 4931.31
7814.37 4920.81
7821.03 4909.95
7827.50 4899.40
7834.02 4888.78
7840.08 4877.67
7845.10 4866.25
7850.18 4854.69
7855.52 4842.55
7860.59 4830.92
7864.68 4819.68
7868.75 4808.19
7868.49 4797.68
7856.39 4793.46
7843.82 4789.07
7831.80 4784.88
7819.57 4780.61
7808.03 4776.59
7800.14 4773.83
7792.99 4771.08
7791.03 4762.17
7794.76 4751.13
7798.46 4740.19
7801.87 4730.09
7805.68 4718.83
7808.87 4709.36
7812.51 4698.59
7816.11 4687.95
7819.61 4677.58
7822.95 4667.69
7826.40 4657.50
7829.81 4647.39
7833.24 4637.24
7836.45 4627.75
7839.64 4618.30
7842.65 4609.39
7844.22 4604.74
7846.18 4598.95
7848.91 4590.79
7852.36 4580.29
7855.75 4569.87
7859.38 4559.42
7862.64 4550.21
7866.41 4539.54
7869.71 4530.20
7873.02 4520.83
7876.22 4511.77
7880.29 4500.28
7883.90 4490.04
7887.45 4480.02
7891.20 4469.41
7894.69 4459.52
7897.58 4451.34
7900.29 4443.68
7899.82 4435.21
7889.12 4429.92
7877.24 4424.06
7866.14 4418.57
