7433.49 5797.28
7432.85 5799.11
7431.40 5803.25
7429.17 5809.64
7425.67 5817.29
7420.76 5826.89
7414.97 5838.21
7408.78 5850.30
7402.64 5862.30
7397.87 5871.82
7395.14 5877.25
7394.45 5878.60
7394.27 5878.95
7394.25 5879.00
7394.24 5879.02
7394.23 5879.03
7394.23 5879.03
7394.23 5879.03
7394.23 5879.03
7394.23 5879.03
7394.23 5879.03
7394.23 5879.03
7394.23 5879.03
7394.23 5879.03
7394.23 5879.03
7394.23 5879.03
7394.23 5879.03
7394.23 5879.03
7394.23 5879.03
7393.34 5880.80
7391.67 5884.18
7389.16 5889.25
7386.03 5895.57
7382.19 5903.33
7377.69 5912.42
7372.20 5923.65
7366.25 5935.81
7360.16 5948.27
7354.23 5960.42
7348.26 5972.62
7343.29 5982.79
7339.61 5990.31
7337.91 5993.79
7337.68 5994.26
7337.66 5994.30
7337.66 5994.31
7337.66 5994.31
7337.66 5994.31
7337.66 5994.31
7337.66 5994.31
7337.66 5994.31
7337.66 5994.31
7337.66 5994.31
7337.66 5994.31
7337.66 5994.31
7337.66 5994.31
7337.66 5994.31
7337.66 5994.31
7337.66 5994.31
7336.89 5995.89
7335.50 5998.70
7333.03 6003.70
7329.63 6010.55
7325.42 6019.06
7320.33 6029.34
7314.17 6041.76
7308.71 6052.78
7304.76 6060.75
7302.72 6064.88
7302.54 6065.23
7302.48 6065.37
7302.44 6065.44
7302.43 6065.47
7302.42 6065.48
7302.42 6065.49
7302.41 6065.49
7302.41 6065.49
7302.41 6065.49
7302.41 6065.49
7302.41 6065.49
7302.41 6065.49
7302.41 6065.49
7302.41 6065.49
7302.41 6065.49
7302.41 6065.49
7302.41 6065.49
7302.41 6065.49
7302.41 6065.49
7302.41 6065.49
7301.38 6067.60
7299.45 6071.56
7296.56 6077.47
7292.97 6084.84
7288.36 6094.36
7282.67 6106.21
7276.59 6118.88
7270.90 6130.74
7264.79 6143.40
7259.00 6155.25
7252.77 6167.99
7247.03 6179.74
7241.27 6191.52
7235.02 6204.29
7228.75 6216.91
7222.46 6229.38
7216.13 6241.95
7210.08 6253.96
7204.23 6265.58
7197.99 6277.96
7191.60 6290.60
7185.34 6302.94
7179.07 6315.30
7173.16 6326.98
7167.19 6338.76
7161.01 6350.95
7154.73 6363.33
7148.31 6375.98
7142.36 6387.73
7136.43 6399.43
7130.38 6411.37
7124.39 6423.18
7118.49 6434.82
7109.22 6445.81
7103.09 6457.53
7096.98 6469.04
7090.36 6481.52
7083.92 6493.65
7077.69 6505.40
7071.67 6516.73
7067.26 6524.91
7064.76 6529.14
7064.38 6529.77
7067.14 6531.58
7067.12 6531.62
7067.11 6531.63
7067.10 6531.64
7067.10 6531.64
7067.10 6531.64
7067.10 6531.64
7067.10 6531.64
7067.10 6531.64
7067.10 6531.64
7067.10 6531.64
7067.10 6531.64
7067.10 6531.64
7067.10 6531.64
7067.10 6531.64
7067.10 6531.64
7067.10 6531.64
7067.10 6531.64
7067.10 6531.64
7067.10 6531.64
7067.10 6531.64
7067.10 6531.64
7067.10 6531.64
7067.10 6531.64
7067.10 6531.64
7067.10 6531.64
7067.10 6531.64
7067.10 6531.64
7067.10 6531.64
7067.10 6531.64
7067.10 6531.64
7067.10 6531.64
7067.10 6531.64
7067.10 6531.64
7067.10 6531.64
7067.10 6531.64
7067.10 6531.64
7066.00 6533.68
7064.05 6537.56
7061.42 6542.81
7058.15 6549.31
7054.19 6558.19
7046.86 6567.46
7041.62 6580.35
7036.51 6592.92
7031.61 6604.98
7026.54 6617.46
7021.32 6630.32
7016.19 6642.93
7011.10 6655.47
7006.02 6667.97
7000.93 6680.49
6996.04 6692.54
6990.69 6705.69
6985.55 6718.34
6980.39 6731.04
6972.17 6742.50
6966.98 6755.27
6963.49 6763.86
6961.69 6768.28
6961.22 6769.44
6961.16 6769.61
6961.11 6769.71
6961.10 6769.74
6961.10 6769.75
6964.16 6771.00
6964.16 6771.00
6964.16 6771.00
6964.16 6771.00
6964.16 6771.00
6964.16 6771.00
6964.16 6771.00
6964.16 6771.00
6964.16 6771.00
6964.16 6771.00
6964.16 6771.00
6964.16 6771.00
6963.36 6773.27
6961.95 6777.80
6959.84 6784.61
6957.18 6793.14
6954.97 6804.42
6949.56 6816.91
6947.58 6831.31
6946.80 6845.18
6946.14 6859.18
6945.51 6872.43
6944.88 6885.84
6944.19 6899.81
6943.51 6913.21
6942.74 6927.13
6942.00 6940.67
6941.28 6953.94
6940.55 6967.21
6939.80 6980.97
6939.04 6994.91
6938.30 7008.29
6937.53 7022.38
6936.78 7036.12
6936.04 7049.69
6935.29 7063.30
6934.65 7075.13
6934.17 7082.72
6933.37 7086.45
6930.12 7091.66
6923.25 7094.96
6914.18 7096.59
6902.76 7098.21
6890.00 7100.02
6874.95 7102.15
6858.33 7104.50
6843.13 7106.66
6830.88 7108.39
6823.09 7109.49
6819.76 7109.97
6819.39 7110.02
6819.25 7110.04
6817.31 7110.31
6813.33 7114.21
6807.12 7115.08
6799.42 7116.17
6789.22 7117.61
6776.60 7119.40
6761.49 7121.54
6745.36 7123.81
6729.32 7126.00
6712.96 7128.46
6696.22 7131.29
6680.58 7135.70
6665.33 7140.76
6649.86 7146.52
6635.35 7154.49
6621.09 7162.55
6606.74 7170.66
6592.70 7178.60
6578.97 7186.55
6563.89 7194.91
6547.41 7204.94
6530.44 7215.28
6516.00 7223.48
6500.77 7229.95
6487.51 7234.00
6474.58 7237.38
6462.98 7243.80
6449.23 7247.38
6435.56 7250.93
6422.87 7254.23
6410.26 7257.52
6396.77 7261.02
6383.04 7264.59
6369.67 7268.07
6356.89 7271.39
6348.47 7273.58
6344.03 7274.74
6341.85 7275.31
6341.82 7275.31
6341.81 7275.32
6341.81 7275.32
6341.81 7275.32
6341.81 7275.32
6341.81 7275.32
6341.81 7275.32
6341.81 7275.32
6341.81 7275.32
6341.81 7275.32
6341.81 7275.32
6341.81 7275.32
6340.40 7275.69
6336.79 7276.65
6331.57 7278.03
6324.89 7279.81
6316.14 7282.14
6306.05 7284.87
6293.56 7288.25
6280.21 7291.86
6267.39 7295.50
6254.13 7299.45
6240.65 7303.46
6227.23 7307.15
6213.45 7310.65
6200.09 7314.34
6187.45 7317.87
6174.51 7321.21
6160.93 7324.68
6147.28 7328.23
6134.71 7331.76
6121.03 7335.60
6108.43 7339.13
6095.79 7342.62
6082.75 7346.20
6070.22 7349.58
6056.80 7352.96
6044.05 7356.32
6030.57 7359.85
6017.66 7362.92
6004.92 7365.96
5992.38 7369.32
5978.94 7373.15
5965.57 7376.92
5952.86 7380.42
5939.93 7383.98
5927.21 7387.48
5914.36 7391.02
5900.97 7394.63
5888.26 7398.03
5874.77 7401.64
5862.20 7405.04
5849.14 7408.62
5835.66 7412.33
5822.85 7415.85
5809.47 7419.53
5796.72 7423.03
5783.74 7426.60
5770.58 7430.22
5756.89 7434.05
5744.25 7437.66
5731.31 7441.35
5718.81 7444.90
5705.98 7448.47
5692.43 7452.20
5679.51 7455.78
5666.01 7459.38
5652.70 7463.06
5640.02 7466.52
5626.19 7470.17
5613.57 7473.42
5600.06 7476.90
5586.54 7480.37
5573.95 7483.61
5561.02 7486.94
5547.82 7490.33
5534.91 7493.65
5522.03 7496.97
5509.47 7500.26
5496.93 7503.56
5484.11 7506.92
5470.74 7510.44
5458.14 7513.74
5445.41 7516.99
5431.65 7520.54
5418.34 7524.06
5404.95 7527.60
5391.56 7531.14
5378.61 7534.57
5365.00 7538.17
5351.97 7541.62
5338.68 7545.14
5325.12 7548.73
5311.99 7552.20
5298.90 7555.67
5285.09 7559.17
5271.56 7562.67
5258.04 7566.38
5244.50 7570.06
5231.24 7573.74
5218.69 7577.34
5205.32 7581.17
5191.93 7585.00
5178.50 7588.85
5165.66 7592.53
5152.63 7596.26
5143.92 7598.76
5139.22 7600.10
5138.51 7600.31
5138.10 7600.42
5137.96 7600.47
5137.92 7600.48
5137.90 7600.48
5137.89 7600.48
5137.89 7600.48
5137.89 7600.48
5137.89 7600.48
5137.89 7600.48
5137.89 7600.48
5137.89 7600.48
5137.89 7600.48
5137.89 7600.48
5135.88 7601.05
5132.12 7602.10
5126.26 7603.70
5119.08 7605.45
5110.60 7607.52
5100.55 7609.97
5088.95 7612.80
5075.22 7616.14
5062.12 7619.34
5049.33 7622.46
5036.28 7625.64
5023.18 7628.83
5009.36 7632.20
4996.00 7635.15
4985.83 7637.38
4979.68 7638.72
4976.54 7639.41
4976.48 7639.43
4976.43 7639.43
4976.43 7639.44
4976.43 7639.44
4976.43 7639.44
4976.43 7639.44
4976.43 7639.44
4976.43 7639.44
4976.43 7639.44
4976.43 7639.44
4976.43 7639.44
4976.43 7639.44
4976.43 7639.44
4976.43 7639.44
4976.43 7639.44
4976.43 7639.44
4976.43 7639.44
4976.43 7639.44
4976.43 7639.44
4976.43 7639.44
4976.43 7639.44
4976.43 7639.44
4976.43 7639.44
4976.43 7639.44
4976.43 7639.44
4976.43 7639.44
4976.43 7639.44
4976.43 7639.44
4976.43 7639.44
4976.43 7639.44
4976.43 7639.44
4976.43 7639.44
4976.43 7639.44
4976.43 7639.44
4976.43 7639.44
4976.43 7639.44
4976.43 7639.44
4976.43 7639.44
4976.43 7639.44
4976.43 7639.44
4976.43 7639.44
4976.43 7639.44
4976.43 7639.44
4976.43 7639.44
4976.43 7639.44
4976.43 7639.44
4976.43 7639.44
4976.43 7639.44
4976.43 7639.44
4976.43 7639.44
4976.43 7639.44
4976.43 7639.44
4976.43 7639.44
4974.15 7640.01
4969.45 7641.29
4962.42 7643.22
4953.63 7645.62
4942.70 7648.95
4930.28 7652.80
4916.90 7656.35
4904.08 7659.74
4891.21 7663.15
4878.54 7666.51
4864.93 7670.11
4852.17 7673.48
4839.01 7676.97
4825.48 7680.54
4811.75 7684.13
4798.48 7687.56
4784.72 7691.11
4771.81 7694.45
4758.19 7697.97
4745.10 7701.37
4732.30 7704.73
4718.97 7708.23
4706.25 7711.57
4692.46 7715.19
4679.56 7718.58
4665.95 7722.15
4652.85 7725.50
4640.09 7728.73
4626.77 7732.10
4613.68 7735.41
4600.83 7738.66
4588.04 7741.90
4575.12 7745.17
4561.34 7748.73
4547.97 7752.22
4534.85 7755.71
4521.59 7759.23
4508.24 7762.78
4494.67 7766.07
4481.18 7769.24
4468.52 7772.39
4455.87 7775.49
4442.61 7778.71
4429.30 7781.94
4415.46 7785.30
4402.87 7788.35
4389.29 7791.64
4376.32 7794.78
4362.72 7798.06
4349.70 7801.20
4337.09 7804.25
4323.65 7807.50
4310.77 7810.61
4298.03 7813.69
4284.94 7816.85
4271.65 7820.04
4258.10 7823.26
4245.24 7826.75
4231.60 7830.51
4218.81 7834.04
4205.48 7837.72
4191.91 7841.46
4178.91 7845.05
4165.42 7848.77
4152.46 7852.35
4139.46 7855.93
4125.72 7859.72
4112.40 7863.40
4099.28 7867.02
4086.64 7870.51
4073.12 7874.24
4060.34 7877.76
4047.45 7881.32
4033.96 7885.04
4021.02 7888.64
4008.44 7892.58
4004.64 7904.59
3997.26 7916.57
3985.03 7924.38
3971.04 7926.90
3957.36 7923.65
3946.56 7914.30
3933.99 7911.75
3920.50 7915.04
3907.89 7918.11
3895.23 7921.20
3882.33 7924.34
3869.41 7927.49
3855.89 7930.78
3842.22 7934.11
3828.84 7937.37
3821.57 7943.34
3820.64 7953.65
3818.47 7958.81
3814.86 7965.50
3807.90 7972.50
3797.06 7978.54
3789.43 7980.03
3784.99 7980.02
3778.23 7979.11
3770.57 7976.37
3762.07 7971.44
3755.54 7962.85
3747.66 7962.12
3734.29 7965.10
3721.50 7967.69
3708.37 7970.59
3695.62 7973.83
3683.00 7977.07
3669.73 7980.75
3656.39 7984.58
3642.76 7988.57
3630.32 7992.20
3617.36 7995.99
3603.85 7999.60
3590.68 8003.06
3577.97 8006.69
3565.41 8010.23
3551.91 8014.03
3538.30 8017.72
3529.02 8020.19
3524.09 8021.50
3523.33 8021.71
3523.08 8021.77
3522.90 8021.82
3522.89 8021.82
3520.78 8022.37
3516.52 8023.46
3510.31 8025.04
3502.63 8027.00
3492.80 8029.44
3480.58 8032.48
3467.19 8035.89
3453.45 8039.45
3439.71 8043.01
3427.06 8046.29
3413.41 8049.71
3399.89 8053.07
3386.79 8056.35
3374.21 8059.54
3361.64 8062.73
3347.87 8066.22
3335.12 8069.46
3321.50 8072.97
3308.78 8076.34
3295.50 8079.86
3281.96 8083.45
3268.95 8086.90
3255.56 8090.45
3242.95 8093.50
3233.25 8095.85
3227.92 8097.14
3225.80 8097.65
3224.96 8097.86
3224.86 8097.88
3224.84 8097.88
3224.84 8097.88
3224.84 8097.88
3224.84 8097.88
3224.84 8097.88
3224.84 8097.88
3224.84 8097.88
3224.84 8097.88
3224.84 8097.88
3224.84 8097.88
3224.84 8097.88
3224.84 8097.88
3224.84 8097.88
3224.84 8097.88
3224.84 8097.88
3223.49 8098.22
3220.25 8099.06
3215.22 8100.36
3208.72 8102.12
3200.26 8104.42
3190.52 8107.06
3179.52 8110.04
3167.17 8113.39
3153.62 8117.06
3140.43 8120.78
3127.74 8124.50
3114.58 8128.35
3102.11 8132.01
3089.54 8135.61
3076.06 8139.25
3062.74 8142.62
3049.76 8145.51
3037.00 8148.35
3023.60 8151.33
3010.39 8154.35
2996.63 8157.69
2983.19 8160.96
2969.47 8164.28
2956.61 8167.50
2943.55 8170.88
2930.13 8174.41
2916.86 8177.91
2903.37 8181.46
2889.76 8185.04
2876.80 8188.39
2863.72 8191.75
2850.65 8195.11
2837.45 8198.49
2824.54 8201.81
2811.29 8205.22
2798.15 8208.59
2785.13 8211.94
2771.56 8215.42
2758.63 8218.75
2745.50 8222.12
2732.25 8225.56
2718.74 8228.92
2705.27 8228.66
2692.09 8232.04
2679.54 8235.35
2666.37 8238.82
2653.38 8242.25
2640.18 8245.73
2627.23 8249.12
2614.49 8252.42
2600.73 8255.99
2587.12 8259.48
2575.47 8262.45
2568.18 8264.31
2565.64 8268.37
2564.27 8268.72
2564.25 8268.72
2564.25 8268.72
2564.24 8268.72
2564.24 8268.72
2564.24 8268.72
2564.24 8268.72
2564.24 8268.72
2564.24 8268.72
2564.24 8268.72
2564.24 8268.72
2564.24 8268.72
2564.24 8268.72
2564.24 8268.72
2564.24 8268.72
2564.24 8268.72
2564.24 8268.72
2564.24 8268.72
2564.24 8268.72
2564.24 8268.72
2564.24 8268.72
2564.24 8268.72
2564.24 8268.72
2564.24 8268.72
2564.24 8268.72
2564.24 8268.72
2564.24 8268.72
2564.24 8268.72
2564.24 8268.72
2564.24 8268.72
2564.24 8268.72
2564.24 8268.72
2564.24 8268.72
2564.24 8268.72
2564.24 8268.72
2564.24 8268.72
2564.24 8268.72
2564.24 8268.72
2564.24 8268.72
2564.24 8268.72
2564.24 8268.72
2564.24 8268.72
2564.24 8268.72
2564.24 8268.72
2564.24 8268.72
2562.16 8269.25
2557.89 8270.33
2551.41 8271.98
2542.81 8274.16
2531.23 8273.65
2518.14 8276.94
2505.28 8280.17
2492.56 8283.38
2478.90 8287.02
2466.37 8290.43
2452.94 8293.93
2439.71 8297.60
2426.14 8301.37
2412.47 8305.26
2398.53 8305.89
2385.28 8309.36
2372.64 8312.57
2360.00 8315.77
2347.29 8318.83
2334.23 8321.89
2320.71 8325.06
2307.80 8328.08
2294.88 8331.16
2281.98 8334.43
2268.23 8337.97
2255.28 8341.30
2241.61 8344.81
2228.52 8348.17
2215.76 8351.45
2202.85 8354.61
2189.76 8357.56
2176.39 8360.57
2163.18 8363.55
2149.47 8366.57
2136.36 8369.23
2124.56 8371.36
2115.76 8372.94
2111.39 8373.72
2111.18 8373.76
2111.08 8373.78
2111.00 8373.79
2111.00 8373.79
2110.99 8373.79
2110.99 8373.79
2110.99 8373.79
2110.99 8373.79
2110.99 8373.79
2110.99 8373.79
2110.99 8373.79
2110.99 8373.79
2110.99 8373.79
2110.99 8373.79
2110.99 8373.79
2110.99 8373.79
2110.99 8373.79
2110.99 8373.79
2110.99 8373.79
2110.99 8373.79
2110.99 8373.79
2110.99 8373.79
2109.29 8373.86
2106.41 8372.66
2103.76 8368.99
2101.60 8363.26
2099.61 8355.98
2097.36 8347.43
2094.99 8336.76
2092.52 8324.07
2090.18 8311.29
2088.26 8297.49
2086.33 8284.51
2084.59 8270.72
2082.93 8257.63
2081.59 8244.47
2080.33 8230.78
2079.13 8217.78
2077.89 8204.28
2076.80 8190.24
2076.31 8176.96
2075.83 8163.81
2075.34 8150.68
2074.83 8136.94
2069.92 8127.10
2060.49 8128.04
2054.23 8128.67
2051.99 8128.89
2051.76 8128.91
