8121.59 2307.88
8123.13 2308.68
8126.91 2310.63
8132.24 2313.84
8138.55 2318.00
8146.49 2323.23
8155.54 2329.80
8165.48 2338.37
8176.13 2347.54
8187.50 2356.82
8199.29 2365.01
8211.38 2373.11
8224.00 2379.46
8237.22 2385.27
8251.34 2390.24
8264.75 2394.97
8278.44 2399.79
8291.89 2404.53
8306.02 2409.51
8319.34 2414.21
8333.12 2419.06
8347.10 2423.97
8361.19 2428.17
8375.12 2432.32
8389.23 2433.74
8403.31 2434.95
8417.47 2436.17
8432.50 2437.47
8446.56 2438.65
8460.79 2439.60
8475.37 2440.47
8490.43 2440.58
8504.06 2437.12
8513.92 2431.80
8520.48 2428.35
8528.95 2424.47
8540.67 2426.22
8553.30 2429.50
8567.45 2432.98
8583.25 2437.23
8599.56 2442.78
8615.97 2448.39
8631.11 2455.44
8641.99 2461.97
8647.42 2467.83
8649.11 2471.14
8649.34 2471.59
8649.38 2471.67
8649.38 2471.67
8649.38 2471.67
8649.38 2471.67
8649.38 2471.67
8649.38 2471.67
8649.38 2471.67
8649.38 2471.67
8649.38 2471.67
8649.38 2471.67
8649.38 2471.67
8649.38 2471.67
8649.38 2471.67
8649.38 2471.67
8649.38 2471.67
8649.38 2471.67
8649.38 2471.67
8649.99 2472.83
8651.81 2475.97
8656.59 2482.84
8664.12 2482.66
8673.75 2483.01
8684.55 2484.97
8696.84 2489.52
8709.82 2495.17
8718.72 2499.04
8723.75 2502.23
8725.97 2510.17
8731.21 2519.26
8738.89 2528.56
8748.10 2539.71
8757.30 2550.85
8766.95 2562.52
8776.46 2572.91
8787.73 2581.97
8799.70 2590.38
8810.92 2600.26
8808.87 2614.91
8804.98 2628.57
8800.85 2642.68
8800.60 2655.16
8813.82 2661.74
8824.27 2671.09
8828.09 2684.24
8823.20 2697.46
8815.86 2710.15
8807.81 2722.99
8800.27 2735.01
8792.37 2747.61
8784.63 2759.96
8781.21 2772.93
8779.53 2781.83
8778.68 2786.31
8779.25 2793.04
8780.59 2801.40
8780.82 2812.02
8777.43 2824.43
8771.70 2837.69
8766.18 2850.47
8761.58 2864.51
8758.09 2878.22
8757.97 2892.02
8754.42 2905.92
8751.50 2919.96
8750.48 2934.46
8752.69 2948.38
8758.72 2961.37
8765.13 2975.09
8771.57 2988.82
8777.72 3001.91
8783.80 3014.87
8790.24 3028.57
8796.13 3042.53
8801.27 3056.57
8806.14 3069.91
8808.82 3084.03
8809.75 3098.07
8810.74 3113.06
8811.72 3127.86
8812.73 3143.06
8813.71 3157.84
8814.70 3172.51
8815.68 3186.86
8815.90 3202.06
8814.91 3217.07
8811.74 3231.67
8807.17 3245.35
8800.39 3258.77
8792.81 3271.02
8783.87 3283.19
8772.77 3293.44
8761.23 3302.18
8749.11 3310.05
8736.98 3317.92
8724.38 3326.21
8712.53 3334.08
8700.70 3341.93
8688.11 3350.29
8675.79 3358.46
8663.21 3366.92
8651.82 3375.08
8639.98 3383.57
8628.36 3392.52
8617.02 3401.39
8606.40 3411.38
8596.20 3421.61
8586.33 3432.19
8576.42 3443.21
8566.80 3454.66
8557.69 3465.75
8548.63 3476.76
8539.01 3488.47
8529.46 3500.08
8521.26 3511.77
8512.75 3524.29
8504.34 3536.67
8497.50 3549.94
8491.15 3562.53
8484.81 3575.26
8479.39 3588.23
8473.90 3601.36
8468.52 3614.23
8462.72 3628.09
8457.13 3641.48
8451.48 3654.98
8445.80 3668.04
8439.33 3681.76
8433.27 3694.31
8426.20 3707.71
8419.23 3721.10
8412.31 3733.85
8404.63 3746.39
8397.69 3759.26
8390.99 3771.69
8383.83 3784.95
8376.79 3798.01
8369.89 3810.82
8363.27 3823.09
8356.28 3836.04
8349.33 3848.94
8342.58 3861.45
8335.72 3874.33
8329.08 3886.80
8322.06 3899.97
8315.44 3912.40
8308.72 3925.00
8300.53 3936.60
8290.89 3946.84
8279.66 3956.90
8268.12 3966.18
8257.19 3974.97
8246.14 3983.84
8235.35 3992.46
8225.74 4002.89
8216.46 4014.32
8207.88 4025.43
8198.64 4037.31
8189.21 4048.60
8179.89 4059.54
8170.18 4070.92
8160.80 4081.94
8151.10 4093.32
8141.53 4104.54
8132.05 4115.71
8123.57 4126.50
8116.92 4138.47
8110.80 4151.63
8104.98 4164.41
8099.93 4177.60
8094.83 4191.13
8090.19 4204.19
8085.56 4217.93
8080.79 4232.17
8076.25 4245.68
8071.70 4259.25
8066.88 4273.65
8062.42 4286.96
8057.71 4301.03
8053.29 4314.22
8048.68 4328.01
8044.12 4341.63
8039.39 4355.75
8034.78 4369.44
8030.32 4382.74
8025.62 4396.73
8021.16 4410.01
8016.61 4423.56
8012.03 4437.23
8008.02 4449.18
8005.32 4457.21
8004.06 4460.97
8003.95 4461.30
8003.88 4461.52
8003.87 4461.53
8003.87 4461.54
8003.87 4461.54
8003.87 4461.54
8003.87 4461.54
8003.87 4461.54
8003.87 4461.54
8003.87 4461.54
8003.87 4461.54
8003.87 4461.54
8003.87 4461.54
8003.87 4461.54
8003.87 4461.54
8003.87 4461.54
8003.87 4461.54
8003.17 4463.65
8001.77 4467.86
7999.84 4473.68
7997.18 4481.76
7994.11 4491.15
7990.61 4501.83
7986.42 4514.63
7981.69 4528.86
7977.09 4542.49
7972.28 4556.73
7967.55 4570.75
7962.77 4584.90
7958.17 4598.54
7953.64 4611.96
7949.01 4625.72
7944.27 4639.86
7939.60 4653.75
7934.91 4667.76
7930.42 4681.14
7925.78 4694.99
7921.08 4709.01
7916.34 4722.89
7911.66 4736.16
7906.83 4749.85
7901.93 4763.77
7896.88 4778.06
7892.07 4791.71
7887.43 4804.87
7882.59 4818.53
7877.76 4832.20
7872.32 4845.35
7866.37 4858.86
7860.59 4872.00
7854.59 4885.63
7847.11 4898.98
7839.56 4911.29
7832.09 4923.48
7824.18 4936.36
7816.40 4949.06
7808.89 4961.13
7800.80 4973.32
7792.76 4985.33
7784.61 4997.52
7776.37 5009.85
7768.28 5021.94
7760.07 5034.03
7751.40 5046.31
7742.64 5058.63
7733.95 5070.86
7725.52 5082.72
7716.77 5095.03
7708.89 5106.13
7703.19 5114.14
7700.10 5118.49
7699.47 5119.38
7699.34 5119.56
7699.26 5119.67
7699.25 5119.68
7699.25 5119.68
7699.25 5119.68
7698.23 5121.19
7696.22 5124.67
7696.72 5130.66
7698.96 5138.15
7701.63 5148.11
7704.66 5159.42
7707.66 5172.94
7710.41 5186.75
7712.32 5196.39
7713.41 5201.84
7714.93 5208.94
7717.17 5218.34
7720.01 5229.69
7723.41 5243.25
7726.94 5257.34
7729.53 5271.08
7731.57 5285.82
7733.04 5300.37
7734.49 5314.65
7739.50 5327.34
7752.52 5328.88
7761.73 5329.54
7767.79 5329.98
7775.33 5330.94
7779.19 5337.54
7778.63 5348.43
7781.68 5360.82
7774.61 5371.30
7762.84 5378.75
7752.24 5389.62
7744.17 5402.28
7738.37 5415.99
7734.01 5430.57
7729.88 5445.02
7727.22 5459.95
7725.74 5474.37
7726.05 5488.85
7730.35 5502.49
7742.64 5513.28
7754.63 5517.49
7764.16 5525.88
7770.59 5539.25
7768.56 5553.03
7758.71 5564.15
7745.61 5570.87
7731.34 5572.95
7722.28 5587.36
7717.46 5604.54
7712.67 5621.62
7707.93 5639.11
7704.65 5656.60
7701.03 5674.00
7697.75 5691.90
7694.62 5709.64
7691.63 5727.62
7691.13 5745.40
7690.84 5763.57
7690.55 5781.08
7690.28 5798.42
7690.03 5816.01
7689.69 5833.93
7688.15 5851.47
7686.55 5869.37
7684.30 5886.60
7682.04 5903.92
7678.54 5920.74
7673.12 5937.63
7667.92 5953.81
7662.64 5970.25
7657.11 5987.49
7651.57 6005.13
7652.40 6023.35
7654.08 6040.57
7658.31 6057.12
7665.20 6073.46
7672.12 6088.95
7677.30 6100.53
7680.63 6107.97
7682.11 6111.29
7682.11 6111.29
7682.11 6111.29
7682.11 6111.29
7682.11 6111.29
7682.11 6111.29
7682.11 6111.29
7682.11 6111.29
7682.11 6111.29
7682.11 6111.29
7682.11 6111.29
7682.11 6111.29
7682.11 6111.29
7682.11 6111.29
7682.11 6111.29
7682.11 6111.29
7682.11 6111.29
7682.11 6111.29
7682.11 6111.29
7682.11 6111.29
7682.11 6111.29
7682.11 6111.29
7682.11 6111.29
7682.11 6111.29
7682.11 6111.29
7682.11 6111.29
7682.11 6111.29
7682.11 6111.29
7682.11 6111.29
7682.11 6111.29
7682.11 6111.29
7682.11 6111.29
7682.11 6111.29
7682.11 6111.29
7682.11 6111.29
7682.11 6111.29
7682.11 6111.29
7682.11 6111.29
7682.11 6111.29
7682.11 6111.29
7682.11 6111.29
7682.11 6111.29
7682.11 6111.29
7682.11 6111.29
7682.11 6111.29
7682.11 6111.29
7682.11 6111.29
7682.11 6111.29
7682.82 6112.88
7684.40 6116.39
7687.00 6122.14
7690.21 6129.08
7694.62 6137.05
7700.07 6146.90
7706.38 6158.33
7711.53 6167.63
7713.95 6173.21
7711.88 6180.51
7704.73 6187.80
7695.73 6196.32
7685.05 6206.44
7674.75 6216.21
7664.29 6226.12
7653.35 6236.48
7645.20 6244.21
7640.31 6248.84
7638.69 6250.37
7638.28 6250.76
7638.24 6250.80
7638.22 6250.82
7638.22 6250.82
7638.22 6250.82
7638.22 6250.82
7638.22 6250.82
7638.22 6250.82
7638.22 6250.82
7638.22 6250.82
7638.22 6250.82
7638.22 6250.82
7638.22 6250.82
7638.22 6250.82
7638.22 6250.82
7638.22 6250.82
7638.22 6250.82
7638.22 6250.82
7638.22 6250.82
7638.22 6250.82
7638.22 6250.82
7638.22 6250.82
7638.22 6250.82
7638.22 6250.82
7638.22 6250.82
7638.22 6250.82
7638.22 6250.82
7638.22 6250.82
7638.22 6250.82
7638.22 6250.82
7638.22 6250.82
7638.22 6250.82
7638.22 6250.82
7638.22 6250.82
7638.22 6250.82
7638.22 6250.82
7638.22 6250.82
7638.22 6250.82
7638.22 6250.82
7638.22 6250.82
7636.39 6252.48
7633.11 6255.38
7628.25 6258.75
7620.71 6259.25
7610.99 6256.53
7598.82 6253.12
7585.10 6250.07
7570.93 6247.35
7556.45 6244.58
7542.48 6242.13
7528.48 6239.94
7513.77 6237.64
7499.17 6235.37
7484.28 6233.04
7469.93 6230.80
7455.65 6226.79
7446.18 6215.93
7442.86 6201.71
7439.55 6187.18
7436.27 6172.77
7433.10 6158.85
7429.76 6144.18
7426.61 6130.36
7423.62 6116.84
7421.40 6102.55
7419.39 6088.15
7417.43 6074.06
7415.90 6063.08
7415.39 6056.54
7419.70 6049.38
7430.19 6047.24
7442.84 6046.65
7457.75 6045.95
7473.82 6045.88
7485.31 6048.65
7492.45 6050.83
7495.43 6052.85
7495.94 6053.20
