8688.26 8303.15
8690.10 8302.53
8692.98 8301.38
8695.79 8298.01
8698.91 8292.89
8702.85 8286.25
8707.90 8277.77
8713.64 8268.10
8719.53 8258.19
8725.37 8248.37
8731.38 8238.26
8737.47 8228.01
8743.73 8217.47
8750.12 8206.72
8756.24 8196.43
8762.13 8186.51
8768.38 8176.00
8774.26 8166.10
8780.34 8155.86
8786.43 8145.66
8792.76 8135.22
8798.88 8125.10
8805.27 8115.33
8811.72 8105.90
8818.12 8096.57
8824.57 8087.15
8828.48 8081.44
8829.86 8079.42
8830.15 8078.99
8830.21 8078.91
8830.22 8078.90
8830.22 8078.89
8830.22 8078.89
8830.22 8078.89
8830.22 8078.89
8830.22 8078.89
8830.22 8078.89
8830.22 8078.89
8830.22 8078.89
8830.22 8078.89
8830.22 8078.89
8830.22 8078.89
8831.11 8077.42
8830.22 8074.11
8825.23 8071.20
8818.77 8068.00
8810.70 8064.37
8801.40 8060.19
8790.76 8055.40
8779.35 8050.26
8768.51 8045.38
8757.85 8040.59
8747.22 8035.80
8736.06 8030.78
8725.11 8025.85
8714.08 8020.89
8702.43 8016.29
8691.63 8012.04
8680.70 8007.73
8669.52 8003.32
8658.04 7998.80
8646.80 7994.37
8635.35 7989.86
8623.85 7985.33
8612.37 7980.80
8601.19 7976.70
8589.55 7972.60
8577.73 7968.44
8566.66 7964.54
8555.56 7960.62
8544.69 7956.79
8533.11 7952.65
8521.63 7948.51
8510.44 7944.82
8498.73 7941.13
8487.61 7937.67
8475.71 7933.97
8464.32 7930.43
8452.35 7926.70
8440.90 7923.14
8429.46 7919.59
8417.60 7915.90
8406.62 7912.48
8394.91 7908.84
8383.77 7905.53
8372.64 7902.27
8360.95 7899.02
8348.83 7895.69
8337.30 7892.53
8325.99 7889.42
8314.93 7886.38
8303.65 7883.32
8292.35 7880.39
8280.98 7877.44
8269.37 7874.43
8258.21 7871.54
8246.82 7868.58
8234.95 7865.51
8222.84 7862.37
8211.54 7859.44
8201.02 7853.39
8188.91 7850.86
8176.92 7848.68
8165.43 7846.56
8154.02 7844.42
8142.03 7842.17
8130.65 7840.04
8119.18 7837.89
8107.52 7835.70
8096.15 7833.57
8084.49 7831.39
8072.54 7828.82
8060.65 7825.57
8049.70 7822.58
8038.04 7819.39
8026.88 7816.34
8014.75 7813.91
8003.09 7812.09
7991.00 7810.21
7979.02 7808.34
7967.78 7806.58
7956.05 7804.54
7943.80 7802.16
7931.97 7799.86
7919.95 7797.53
7908.84 7795.37
7898.26 7793.31
7892.09 7792.11
7890.34 7791.77
7889.61 7791.63
7889.47 7791.60
7889.47 7791.60
7889.47 7791.60
7889.47 7791.60
7889.47 7791.60
7889.47 7791.60
7889.47 7791.60
7889.47 7791.60
7889.47 7791.60
7889.47 7791.60
7889.47 7791.60
7889.47 7791.60
7889.47 7791.60
7889.47 7791.60
7889.47 7791.60
7889.47 7791.60
7889.47 7791.60
7889.47 7791.60
7889.47 7791.60
7889.47 7791.60
7889.47 7791.60
7889.47 7791.60
7889.47 7791.60
7889.47 7791.60
7889.47 7791.60
7889.47 7791.60
7889.47 7791.60
7887.02 7791.10
7882.61 7790.18
7875.81 7788.75
7867.77 7786.97
7857.27 7784.54
7845.35 7781.78
7833.45 7779.03
7821.71 7776.31
7810.46 7773.71
7798.26 7770.89
7786.49 7768.50
7775.07 7766.19
7763.30 7763.81
7751.64 7761.45
7739.31 7758.96
7727.99 7756.67
7715.69 7754.18
7704.48 7751.91
7692.19 7749.42
7680.18 7746.99
7668.46 7744.62
7656.34 7742.30
7644.05 7739.96
7632.78 7737.82
7621.32 7735.64
7609.14 7733.33
7596.97 7731.02
7585.11 7728.76
7573.56 7726.57
7561.53 7724.28
7550.37 7722.19
7538.14 7719.92
7526.60 7717.77
7515.03 7715.61
7502.67 7713.31
7490.36 7711.02
7479.19 7708.94
7466.91 7706.65
7455.56 7704.54
7443.67 7702.32
7431.33 7700.02
7419.45 7697.81
7408.03 7695.69
7396.45 7693.53
7384.42 7691.29
7373.19 7689.20
7361.89 7687.09
7349.95 7684.87
7338.06 7682.65
7326.29 7680.46
7314.91 7678.34
7302.79 7676.09
7291.60 7674.00
7279.28 7671.71
7267.93 7669.59
7256.79 7667.52
7244.51 7665.23
7232.88 7663.15
7221.16 7661.10
7209.30 7659.02
7197.92 7657.01
7186.37 7654.97
7174.49 7652.86
7162.85 7650.79
7151.64 7648.76
7140.45 7646.74
7128.25 7644.53
7116.46 7642.40
7104.43 7640.22
7092.77 7638.11
7081.43 7636.06
7070.28 7634.04
7058.66 7631.94
7047.35 7629.88
7035.69 7626.96
7024.60 7624.18
7013.14 7621.31
7001.64 7618.42
6992.73 7616.19
6987.73 7614.94
6985.85 7614.47
6985.32 7614.33
6984.97 7614.25
6984.93 7614.24
6984.92 7614.23
6984.92 7614.23
6984.92 7614.23
6984.92 7614.23
6984.92 7614.23
6984.92 7614.23
6984.92 7614.23
6984.92 7614.23
6984.92 7614.23
6984.92 7614.23
6984.92 7614.23
6984.92 7614.23
6984.92 7614.23
6984.92 7614.23
6984.92 7614.23
6984.92 7614.23
6984.92 7614.23
6984.92 7614.23
6984.92 7614.23
6984.92 7614.23
6984.92 7614.23
6984.92 7614.23
6984.92 7614.23
6984.92 7614.23
6984.92 7614.23
6984.92 7614.23
6982.88 7613.68
6979.57 7612.72
6974.97 7611.39
6968.99 7609.66
6960.67 7607.25
6950.22 7604.02
6937.53 7599.65
6923.35 7592.95
6908.11 7585.75
6892.08 7578.17
6876.54 7569.86
6862.29 7561.57
6847.90 7553.20
6835.90 7546.22
6823.42 7538.88
6810.93 7531.17
6799.13 7523.88
6786.48 7516.08
6774.41 7508.63
6761.62 7501.36
6749.57 7494.55
6736.96 7487.43
6724.51 7480.14
6712.28 7472.48
6699.59 7464.28
6687.49 7456.46
6677.56 7448.60
6667.53 7442.31
6658.80 7437.09
6652.83 7433.65
6650.75 7432.45
6650.47 7432.29
6650.34 7432.22
6650.33 7432.21
6650.33 7432.21
6650.33 7432.21
6650.33 7432.21
6650.33 7432.21
6650.33 7432.21
6650.33 7432.21
6650.33 7432.21
6650.33 7432.21
6650.33 7432.21
6650.33 7432.21
6650.33 7432.21
6650.33 7432.21
6650.33 7432.21
6650.33 7432.21
6650.33 7432.21
6650.33 7432.21
6650.33 7432.21
6650.33 7432.21
6650.33 7432.21
6650.33 7432.21
6650.33 7432.21
6650.33 7432.21
6650.33 7432.21
6650.33 7432.21
6650.33 7432.21
6650.33 7432.21
6648.57 7431.17
6645.26 7429.13
6640.48 7424.63
6635.49 7418.35
6629.15 7410.35
6622.69 7400.16
6616.03 7389.54
6609.67 7379.41
6603.21 7369.12
6597.08 7359.35
6590.56 7348.97
6584.49 7339.29
6578.16 7329.90
6570.88 7319.74
6564.08 7310.25
6557.03 7300.42
6550.29 7291.01
6543.24 7281.17
6536.27 7271.43
6529.33 7261.75
6522.61 7252.37
6516.59 7243.97
6513.04 7239.02
6511.95 7237.49
6511.83 7237.33
6511.80 7237.28
6511.79 7237.27
6511.79 7237.27
6511.79 7237.27
6511.79 7237.27
6511.79 7237.27
6511.79 7237.27
6511.79 7237.27
6511.79 7237.27
6511.79 7237.27
6511.79 7237.27
6511.79 7237.27
6511.79 7237.27
6511.79 7237.27
6511.79 7237.27
6510.50 7235.64
6507.77 7232.46
6503.14 7227.96
6497.02 7223.05
6490.24 7215.14
6483.29 7205.00
6476.26 7194.75
6469.60 7185.03
6463.07 7175.51
6456.20 7165.47
6449.45 7155.63
6442.40 7145.35
6435.49 7135.26
6428.84 7125.57
6422.27 7115.97
6415.68 7105.85
6409.16 7095.39
6403.07 7085.60
6397.03 7075.92
6390.38 7065.19
6383.99 7053.85
6379.40 7042.62
6374.96 7031.25
6373.14 7019.17
6372.77 7006.51
6374.09 6994.31
6377.68 6982.84
6381.31 6971.26
6386.05 6959.40
6391.21 6947.64
6395.85 6936.13
6400.07 6925.30
6404.42 6914.14
6408.90 6902.66
6413.37 6891.22
6417.62 6880.15
6421.78 6869.16
6425.84 6858.25
6429.88 6847.44
6434.22 6835.79
6438.38 6824.64
6436.58 6814.79
6424.84 6811.13
6413.43 6807.57
6402.23 6804.07
6390.44 6800.14
6382.28 6796.37
6377.94 6794.45
6377.03 6794.04
