8102.39 3664.24
8103.66 3662.95
8106.30 3660.27
8110.32 3656.19
8115.87 3650.55
8122.03 3644.30
8126.10 3640.74
8132.22 3642.03
8138.25 3648.56
8145.18 3656.31
8153.24 3665.34
8162.61 3675.83
8169.70 3683.76
8174.01 3688.59
8178.00 3695.41
8172.36 3703.00
8163.53 3711.42
8153.19 3721.27
8142.90 3731.08
8133.31 3741.55
8124.02 3752.26
8114.58 3763.15
8108.13 3775.91
8101.89 3788.78
8095.21 3802.52
8088.54 3816.28
8082.04 3829.66
8075.56 3843.02
8069.16 3856.19
8062.82 3869.26
8058.07 3879.05
8054.81 3885.80
8049.09 3893.10
8037.71 3889.40
8024.37 3883.57
8011.02 3880.32
8004.30 3894.12
7997.81 3907.78
7991.44 3921.18
7984.91 3934.94
7978.64 3948.13
7972.53 3961.00
7966.18 3974.53
7959.91 3988.42
7953.71 4002.21
7947.56 4015.56
7939.52 4028.18
7931.68 4041.42
7925.28 4055.04
7918.91 4068.59
7912.88 4081.44
7906.60 4094.81
7900.52 4108.59
7894.53 4122.72
7888.81 4135.92
7882.86 4149.02
7876.95 4162.02
7871.00 4175.81
7865.27 4189.42
7859.61 4202.84
7853.89 4216.41
7847.62 4229.81
7841.41 4242.77
7836.49 4253.01
7833.18 4259.93
7831.47 4263.48
7827.86 4268.10
7820.94 4266.92
7813.09 4262.44
7803.05 4256.71
7791.75 4250.26
7778.69 4244.48
7764.56 4238.94
7751.03 4233.64
7737.60 4228.37
7725.92 4223.80
7718.44 4220.86
7709.25 4216.90
7698.10 4211.34
7684.89 4204.38
7671.38 4197.27
7658.88 4190.69
7646.35 4184.09
7633.16 4177.15
7619.61 4170.02
7606.04 4162.87
7593.69 4156.37
7585.14 4151.87
7580.26 4149.30
7572.81 4148.62
7564.91 4146.06
7560.46 4135.12
7557.71 4122.04
7556.57 4106.86
7557.30 4091.78
7557.34 4076.38
7553.05 4062.12
7543.44 4050.89
7531.29 4042.59
7516.02 4040.15
7501.12 4043.71
7486.87 4050.37
7473.79 4056.48
7464.90 4060.63
7460.44 4063.61
7454.10 4069.62
7453.53 4079.73
7455.65 4091.09
7454.36 4103.92
7449.96 4117.58
7441.95 4128.91
7431.21 4139.23
7418.41 4146.17
7404.61 4150.43
7389.40 4149.28
7375.63 4143.03
7359.84 4138.78
7348.36 4128.88
7338.85 4115.89
7336.72 4099.74
7336.90 4083.86
7340.15 4069.62
7347.91 4055.82
7343.52 4039.20
7338.57 4021.19
7327.21 4003.71
7312.98 3985.05
7294.63 3966.43
7278.06 3944.08
7257.95 3921.96
7235.26 3899.14
7211.37 3875.31
7185.37 3851.02
7157.20 3830.65
7134.51 3810.57
7115.19 3793.48
7098.69 3780.15
7082.38 3766.87
7066.80 3752.10
7051.22 3737.33
7035.21 3723.10
7019.53 3708.37
7004.89 3692.84
6991.04 3678.04
6976.57 3662.57
6962.64 3647.01
6948.73 3631.20
6936.50 3617.30
6926.94 3606.44
6920.34 3598.93
6915.97 3593.96
6909.60 3587.54
6902.75 3578.14
6894.69 3567.09
6885.73 3554.80
6875.68 3540.99
6864.67 3525.60
6853.12 3508.88
6842.23 3493.10
6834.10 3480.89
6828.48 3472.43
6825.34 3467.71
6820.84 3461.30
6815.90 3452.60
6809.95 3442.12
6803.08 3430.01
6793.36 3417.40
6780.26 3405.11
6767.28 3389.78
6756.54 3372.33
6737.66 3364.03
6717.16 3359.07
6696.97 3356.52
6675.79 3353.93
6654.48 3351.33
6633.45 3348.60
6613.01 3345.34
6592.05 3341.67
6572.28 3337.06
6551.69 3330.98
6531.46 3324.73
6511.92 3317.31
6493.04 3309.06
6474.30 3300.42
6455.61 3291.80
6435.67 3286.16
6414.32 3285.64
6392.86 3285.58
6372.35 3286.75
6351.62 3291.05
6331.16 3295.29
6310.38 3299.59
6289.48 3303.92
6268.51 3308.26
6247.42 3310.40
6226.14 3309.78
6205.58 3309.69
6184.37 3313.04
6163.61 3316.33
6142.52 3319.66
6121.69 3322.95
6101.31 3326.13
6080.79 3329.02
6059.88 3331.97
6039.68 3334.81
6019.36 3337.68
5998.61 3340.60
5978.26 3343.47
5957.62 3346.27
5936.56 3348.96
5915.43 3351.66
5895.14 3354.25
5874.59 3356.88
5853.61 3359.56
5832.70 3362.23
5811.75 3364.90
5791.32 3367.51
5770.55 3370.17
5749.19 3372.90
5727.93 3375.61
5707.03 3377.98
5685.53 3378.41
5664.90 3378.82
5643.53 3381.57
5620.81 3384.95
5596.45 3388.58
5570.59 3392.44
5542.65 3393.20
5512.77 3397.88
5481.39 3403.19
5448.48 3409.00
5413.11 3415.76
5375.32 3423.55
5336.59 3432.11
5298.36 3441.56
5260.16 3451.99
5222.41 3463.02
5184.26 3474.52
5147.36 3486.24
5110.07 3499.17
5073.24 3512.34
5036.66 3526.17
5000.15 3540.72
4963.97 3555.43
4927.68 3571.40
4892.33 3587.21
4856.80 3604.45
4821.38 3622.04
4786.18 3640.63
4751.85 3659.06
4717.88 3678.66
4684.44 3698.25
4650.54 3719.12
4617.60 3740.17
4585.08 3761.76
4552.04 3784.10
4520.03 3807.15
4488.86 3829.85
4459.17 3852.86
4429.06 3876.20
4400.44 3899.31
4372.52 3922.99
4344.88 3947.27
4318.43 3971.74
4291.36 3997.23
4266.42 4021.47
4241.23 4046.39
4215.92 4071.43
4191.04 4097.16
4167.12 4123.35
4143.39 4150.69
4120.45 4177.13
4098.16 4203.69
4075.68 4231.14
4052.79 4260.71
4028.75 4291.77
4006.27 4324.05
3983.98 4355.95
3961.40 4387.92
3938.69 4420.09
3917.73 4452.95
3896.94 4486.50
3877.58 4520.22
3858.29 4554.11
3840.09 4589.09
3821.77 4624.29
3804.01 4659.88
3786.96 4696.06
3770.42 4731.86
3754.79 4767.51
3739.92 4804.46
3725.57 4841.58
3711.90 4878.04
3699.14 4914.68
3686.62 4951.57
3671.43 4987.81
3660.00 5025.99
3649.16 5063.22
3639.51 5100.83
3629.97 5138.73
3621.77 5177.02
3613.44 5215.91
3606.14 5255.01
3599.06 5293.62
3593.44 5332.12
3588.13 5371.34
3583.67 5410.10
3579.20 5448.88
3575.41 5488.62
3572.77 5528.29
3570.67 5567.19
3569.53 5607.13
3569.51 5646.76
3569.49 5685.90
3569.46 5725.88
3570.85 5765.61
3572.56 5805.38
3574.60 5844.53
3581.25 5884.30
3584.57 5923.66
3587.92 5963.47
3591.30 6002.16
3596.14 6041.23
3601.00 6080.46
3605.83 6119.46
3610.63 6158.16
3616.72 6197.45
3622.81 6236.12
3629.01 6275.52
3637.94 6313.80
3643.85 6348.29
3648.61 6378.47
3653.06 6404.13
3657.29 6425.27
3661.21 6445.29
3664.92 6465.67
3668.67 6486.24
3672.31 6506.24
3675.98 6526.41
3679.70 6546.81
3683.45 6567.45
3687.60 6588.53
3695.58 6608.11
3713.10 6619.25
3733.19 6623.82
3753.24 6618.80
3770.30 6607.86
3780.76 6590.27
3783.86 6569.56
3777.80 6549.37
3765.51 6532.29
3752.44 6516.48
3739.63 6499.76
3727.45 6482.86
3716.27 6464.86
3705.78 6446.66
3694.84 6428.38
3684.08 6410.38
3673.34 6392.43
3662.35 6374.05
3646.51 6362.52
3628.25 6371.62
3609.01 6381.35
3591.28 6391.35
3572.65 6402.13
3555.37 6413.66
3544.33 6425.86
3534.36 6433.04
3527.25 6438.16
3523.42 6440.92
3518.51 6444.53
3512.50 6449.06
3504.82 6454.87
3495.44 6461.79
3483.98 6470.16
3470.89 6479.80
3456.30 6490.77
3440.60 6502.56
3424.33 6514.79
3407.27 6527.61
3390.27 6540.38
3373.61 6552.90
3356.99 6565.39
3339.86 6578.27
3323.43 6590.61
3306.51 6603.32
3289.39 6616.19
3272.58 6628.82
3256.30 6642.15
3240.31 6655.83
3225.41 6670.98
3211.23 6685.55
3197.97 6701.94
3184.75 6718.37
3173.63 6736.54
3170.16 6747.36
3179.88 6760.35
3179.86 6776.87
3173.21 6791.32
3160.17 6800.72
3144.56 6803.05
3131.98 6800.41
3122.68 6810.25
3111.64 6824.23
3100.42 6839.94
3088.21 6857.04
3076.20 6873.86
3064.48 6890.27
3051.05 6906.36
3035.91 6921.05
3021.09 6935.41
3006.21 6949.83
2991.31 6964.03
2976.01 6978.60
2967.97 6997.10
2972.58 7016.31
2978.47 7025.46
2994.46 7029.28
3007.39 7038.95
3015.49 7053.00
3016.70 7069.10
3011.51 7084.34
3000.60 7095.84
2988.74 7101.58
2980.62 7102.66
2970.81 7102.16
2959.34 7098.50
2948.76 7088.92
2941.52 7074.24
2933.97 7063.75
2920.11 7065.64
2906.77 7070.44
2892.37 7075.33
2877.67 7076.69
2863.55 7078.00
2849.42 7079.30
2834.41 7080.58
2819.41 7081.43
2804.24 7081.98
2789.39 7080.56
2775.02 7079.13
2760.90 7077.22
2745.69 7075.36
2730.75 7073.84
2715.65 7072.38
2701.57 7071.18
2686.24 7071.02
2671.59 7072.50
2656.43 7074.22
2642.90 7078.30
2628.92 7083.12
2616.30 7089.67
2604.19 7097.78
2592.56 7106.35
2581.08 7114.82
2569.18 7123.59
2557.40 7132.27
2545.16 7141.30
2533.59 7149.82
2522.11 7158.29
2511.96 7168.03
2501.90 7178.61
2492.28 7189.66
2482.15 7200.99
2471.93 7211.38
2458.46 7218.52
2447.26 7227.41
2435.03 7236.76
2423.04 7245.48
2411.53 7253.84
2399.15 7262.76
2386.66 7271.67
2374.74 7280.17
2362.24 7289.17
2350.50 7297.68
2338.14 7306.62
2326.23 7315.24
2314.12 7323.90
2302.10 7331.46
2289.86 7339.15
2277.80 7346.71
2264.55 7354.12
2251.38 7360.54
2238.33 7366.02
2225.82 7371.96
2217.85 7376.61
2214.83 7379.13
2207.77 7380.72
2198.28 7379.98
2187.42 7378.53
2178.42 7370.22
2176.53 7355.12
2178.63 7338.33
2180.57 7320.04
2182.54 7300.06
2182.26 7278.76
2176.27 7258.75
2169.16 7242.54
2153.92 7242.47
2138.44 7240.75
2126.16 7229.77
2120.06 7215.00
2119.42 7198.45
2124.63 7186.33
2129.34 7179.79
2137.14 7173.35
2147.57 7168.27
2161.59 7166.68
2176.94 7170.82
2188.76 7177.49
2201.78 7167.64
2216.91 7157.17
2231.63 7147.18
2246.45 7137.14
2261.37 7127.01
2276.54 7116.72
2291.68 7106.46
2306.67 7096.30
2321.01 7086.57
2335.48 7076.74
2350.09 7066.47
2364.75 7056.06
2379.19 7045.82
2393.98 7035.33
2408.92 7024.56
2423.18 7013.43
2436.73 7002.75
2450.58 6990.97
2463.98 6978.50
2476.51 6966.01
2488.28 6953.35
2500.10 6940.81
2511.82 6926.92
2523.11 6912.55
2533.86 6898.85
2544.63 6885.15
2555.66 6871.59
2567.71 6858.82
2581.43 6847.25
2596.26 6837.28
2611.22 6828.69
2627.11 6820.38
2642.95 6812.11
2658.96 6803.74
2674.52 6795.61
2690.36 6787.34
2706.59 6778.86
2722.68 6770.45
2738.00 6762.45
2753.87 6754.55
2769.98 6746.92
2785.58 6739.53
2801.20 6732.13
2817.60 6724.36
2833.93 6716.63
2849.62 6709.20
2865.94 6701.47
2881.79 6693.96
2897.60 6686.55
2913.77 6679.47
2930.11 6673.70
2947.40 6668.63
2964.09 6664.10
2981.29 6659.52
2999.06 6654.79
3016.55 6649.35
3033.91 6643.17
3049.87 6635.47
3065.32 6627.58
3080.24 6617.94
3094.96 6608.03
3109.09 6596.57
3122.71 6585.51
3136.57 6574.27
3150.30 6563.13
3164.05 6551.83
3177.88 6540.39
3191.63 6528.72
3205.10 6516.37
3218.74 6504.03
3232.64 6491.91
3245.84 6480.43
3259.35 6469.51
3273.06 6458.43
3287.00 6447.07
3300.56 6435.45
3314.09 6422.98
3327.64 6410.44
3341.03 6398.04
3353.94 6385.97
3366.81 6373.56
3379.50 6361.34
3392.76 6348.54
3405.61 6336.13
3419.14 6324.98
3430.13 6315.35
3437.11 6307.59
3440.51 6302.57
3441.45 6301.20
3441.58 6301.01
3441.60 6300.98
3441.60 6300.98
3441.60 6300.97
3441.60 6300.97
3441.60 6300.97
3441.60 6300.97
3441.60 6300.97
3441.60 6300.97
3441.60 6300.97
3441.60 6300.97
3441.60 6300.97
3441.60 6300.97
3441.60 6300.97
3441.60 6300.97
3441.60 6300.97
3441.60 6300.97
3441.60 6300.97
3441.60 6300.97
3441.60 6300.97
3441.60 6300.97
3441.60 6300.97
3441.60 6300.97
3441.63 6299.54
3438.94 6297.03
3432.41 6296.73
3423.30 6296.39
3412.19 6295.96
3399.76 6292.09
3385.37 6291.38
3370.19 6290.66
3355.32 6289.35
3340.38 6287.60
3326.06 6285.84
3311.87 6282.99
3297.55 6279.78
3282.74 6276.38
3268.32 6272.88
3253.87 6269.14
3239.46 6264.42
3225.90 6259.26
3211.78 6253.43
3198.36 6247.62
3185.30 6242.26
3172.52 6237.12
3163.90 6233.67
3159.46 6231.90
3158.70 6231.59
3158.26 6231.42
3158.02 6231.32
3157.99 6231.31
3157.98 6231.30
3157.97 6231.30
3157.97 6231.30
3157.97 6231.30
3157.97 6231.30
3157.97 6231.30
3157.97 6231.30
3156.11 6230.54
3152.06 6228.54
3146.42 6224.99
3139.38 6220.55
3130.48 6214.93
3119.61 6208.08
3106.67 6199.93
3092.62 6194.97
3080.11 6187.08
3067.57 6179.18
3054.63 6171.02
3042.32 6163.27
3029.71 6155.60
3016.63 6147.99
3004.23 6140.78
2991.34 6133.28
2978.50 6125.81
2965.33 6118.14
2952.39 6110.78
2939.78 6104.27
2926.39 6097.36
2913.67 6090.80
2900.41 6083.96
2886.79 6077.62
2873.30 6071.78
2859.28 6065.72
2845.54 6059.57
2831.91 6053.47
2817.84 6048.29
2803.59 6043.86
2789.52 6039.09
2776.01 6034.34
2761.99 6029.41
2748.28 6024.90
2734.38 6021.50
2719.74 6017.85
2706.07 6014.17
2691.91 6010.27
2677.72 6006.37
2663.78 6002.53
2649.12 5998.50
2635.02 5994.62
2620.58 5991.41
2605.71 5988.27
2590.63 5985.19
2575.74 5982.16
2561.12 5979.28
2547.03 5976.61
2532.10 5973.76
2517.51 5970.87
2502.74 5967.92
2487.77 5964.93
2473.53 5962.09
2459.57 5959.37
2444.61 5956.49
2430.34 5953.74
2416.04 5950.98
2400.93 5948.07
2386.39 5945.27
2375.08 5943.09
2368.19 5941.77
