8934.07 2724.55
8935.18 2723.73
8938.36 2721.41
8943.56 2717.59
8950.60 2712.62
8959.51 2706.74
8969.39 2701.02
8979.51 2695.16
8989.63 2689.30
8996.33 2685.81
9000.67 2684.05
9000.94 2683.94
9001.06 2683.90
9001.12 2683.87
9001.12 2683.87
9001.13 2683.87
9001.13 2683.87
9001.13 2683.87
9001.13 2683.87
9001.13 2683.87
9001.13 2683.87
9001.13 2683.87
9001.13 2683.87
9002.94 2682.90
9002.39 2680.38
8997.02 2678.22
8989.53 2675.44
8980.52 2672.10
8970.23 2668.61
8960.10 2665.60
8949.01 2662.30
8938.14 2659.22
8929.35 2660.15
8924.29 2661.06
8923.03 2661.57
8923.00 2661.59
8923.00 2661.59
8922.99 2661.59
8922.99 2661.59
8922.99 2661.59
8922.99 2661.59
8922.99 2661.59
8922.99 2661.59
8922.99 2661.59
8922.99 2661.59
8922.99 2661.59
8922.99 2661.59
8922.99 2661.59
8922.99 2661.59
8922.99 2661.59
8922.99 2661.59
8922.99 2661.59
8922.99 2661.59
8922.99 2661.59
8922.99 2661.59
8922.99 2661.59
8922.99 2661.59
8922.99 2661.59
8922.99 2661.59
8922.99 2661.59
8922.99 2661.59
8922.99 2661.59
8922.99 2661.59
8922.99 2661.59
8922.99 2661.59
8922.99 2661.59
8922.99 2661.59
8922.99 2661.59
8922.99 2661.59
8922.99 2661.59
8922.99 2661.59
8922.99 2661.59
8922.99 2661.59
8921.70 2662.13
8918.90 2663.29
8915.04 2665.39
8910.44 2670.11
8904.52 2677.27
8897.18 2686.13
8890.23 2694.53
8882.52 2702.65
8874.11 2711.07
8865.99 2719.21
8857.87 2727.34
8849.43 2735.79
8841.29 2743.94
8833.46 2751.78
8825.38 2759.87
8817.57 2767.69
8809.98 2775.29
8803.55 2785.08
8797.07 2795.12
8791.67 2804.66
8786.25 2814.56
8780.82 2824.89
8776.52 2834.86
8771.95 2845.44
8767.57 2855.58
8764.57 2866.11
8761.79 2877.04
8758.95 2888.16
8756.17 2899.06
8753.50 2909.54
8751.33 2921.08
8750.36 2932.84
8751.22 2944.70
8755.82 2955.11
8760.67 2965.57
8765.76 2976.45
8770.53 2986.59
8775.50 2997.19
8780.34 3007.49
8785.43 3018.34
8790.42 3028.96
8795.14 3039.81
8798.85 3049.96
8802.92 3061.11
8806.85 3071.87
8808.73 3082.62
8809.53 3094.69
8810.30 3106.46
8811.09 3118.31
8811.87 3130.14
8812.61 3141.31
8813.39 3152.99
8814.14 3164.43
8814.91 3175.58
8815.70 3187.11
8816.12 3198.77
8815.36 3210.22
8814.25 3222.20
8811.36 3233.10
8808.03 3243.65
8803.02 3253.57
8797.75 3263.99
8791.30 3273.15
8784.88 3282.20
8776.05 3290.41
8767.29 3298.25
8758.11 3304.21
8748.96 3310.15
8739.34 3316.39
8730.03 3322.46
8720.90 3328.52
8711.47 3334.78
8702.42 3340.79
8693.12 3346.96
8684.08 3352.96
8674.10 3359.58
8664.86 3365.75
8655.44 3372.49
8645.79 3379.40
8636.65 3386.04
8627.76 3392.99
8619.16 3399.72
8610.85 3406.92
8602.94 3414.85
8594.72 3423.09
8587.39 3431.02
8580.11 3439.11
8572.75 3447.43
8565.23 3456.57
8557.65 3465.80
8550.67 3474.28
8543.08 3483.52
8535.45 3492.80
8528.07 3501.77
8521.42 3511.54
8514.88 3521.16
8508.21 3530.97
8501.92 3541.19
8496.71 3551.51
8491.48 3561.88
8486.48 3571.78
8481.77 3582.54
8477.29 3593.24
8473.16 3603.13
8468.73 3613.72
8464.56 3623.69
8460.10 3634.36
8455.68 3644.95
8451.24 3655.56
8447.01 3665.48
8442.20 3675.68
8437.53 3685.57
8432.33 3696.08
8427.14 3705.92
8421.86 3715.94
8416.44 3726.56
8410.95 3736.02
8404.69 3746.28
8399.25 3756.37
8393.86 3766.36
8388.18 3776.89
8382.96 3786.58
8377.68 3796.37
8372.49 3805.99
8366.90 3816.35
8361.45 3826.46
8356.07 3836.43
8350.51 3846.75
8345.28 3856.44
8340.01 3866.27
8334.54 3876.54
8329.31 3886.36
8324.23 3895.89
8319.10 3905.53
8313.92 3915.24
8308.64 3925.15
8302.03 3935.01
8294.22 3943.31
8285.98 3951.81
8277.15 3958.92
8267.92 3966.34
8258.91 3973.59
8249.57 3981.10
8241.03 3987.93
8231.96 3995.52
8224.64 4004.19
8217.33 4013.19
8210.79 4021.66
8203.76 4030.76
8196.27 4040.32
8188.82 4049.06
8181.74 4057.36
8174.49 4065.87
8167.49 4074.09
8160.36 4082.45
8152.67 4091.48
8145.35 4100.06
8137.59 4109.17
8129.99 4118.18
8123.44 4126.67
8117.76 4136.72
8112.98 4146.88
8108.65 4156.33
8104.30 4166.21
8100.19 4176.93
8096.10 4187.67
8092.22 4198.35
8088.41 4209.45
8084.65 4220.64
8081.08 4231.31
8077.63 4241.58
8073.84 4252.88
8070.08 4264.08
8066.34 4275.25
8062.84 4285.72
8059.22 4296.52
8055.61 4307.31
8051.87 4318.48
8048.06 4329.84
8044.44 4340.65
8040.68 4351.88
8036.94 4363.01
8033.16 4374.27
8029.63 4384.79
8026.15 4395.14
8022.68 4405.47
8018.98 4416.52
8015.34 4427.34
8011.59 4438.54
8008.09 4448.96
8005.55 4456.52
8004.12 4460.80
8003.92 4461.40
8003.88 4461.49
8003.88 4461.52
8003.87 4461.53
8003.87 4461.54
8003.87 4461.54
8003.87 4461.54
8003.87 4461.54
8003.87 4461.54
8003.87 4461.54
8003.87 4461.54
8003.87 4461.54
8003.87 4461.54
8003.87 4461.54
8003.87 4461.54
8003.87 4461.54
8003.87 4461.54
8003.87 4461.54
8003.87 4461.54
8003.87 4461.54
8003.87 4461.54
8003.87 4461.54
8003.87 4461.54
8003.87 4461.54
8003.87 4461.54
8003.87 4461.54
8003.87 4461.54
8003.87 4461.54
8003.87 4461.54
8003.87 4461.54
8003.87 4461.54
8003.87 4461.54
8003.87 4461.54
8003.87 4461.54
8003.87 4461.54
8003.87 4461.54
8003.87 4461.54
8003.87 4461.54
8003.87 4461.54
8003.87 4461.54
8003.87 4461.54
8003.87 4461.54
8003.87 4461.54
8003.87 4461.54
8003.87 4461.54
8003.87 4461.54
8003.87 4461.54
8003.87 4461.54
8003.87 4461.54
8003.87 4461.54
8003.87 4461.54
8003.87 4461.54
8003.87 4461.54
8003.87 4461.54
8003.87 4461.54
8003.87 4461.54
8003.87 4461.54
8003.40 4462.93
8002.16 4466.70
8000.34 4472.17
7997.86 4479.68
7994.68 4489.41
7991.13 4500.25
7987.47 4511.44
7984.06 4521.84
7980.32 4532.91
7976.55 4544.09
7972.81 4555.15
7969.04 4566.33
7965.46 4576.94
7961.89 4587.53
7958.37 4597.95
7954.70 4608.83
7951.21 4619.16
7947.71 4629.58
7944.05 4640.51
7940.52 4651.00
7936.90 4661.80
7933.49 4671.99
7930.17 4681.88
7926.84 4691.82
7923.16 4702.82
7919.65 4713.29
7915.86 4724.24
7912.04 4735.08
7908.05 4746.39
7904.31 4756.99
7900.73 4767.15
7896.93 4777.92
7893.26 4788.35
7889.64 4798.59
7885.83 4809.38
7881.91 4820.45
7878.25 4830.80
7873.75 4842.11
7869.11 4852.64
7864.37 4863.42
7859.64 4874.17
7855.28 4884.07
7849.86 4894.50
7843.70 4904.54
7837.96 4913.90
7831.90 4923.78
7825.80 4933.73
7820.53 4942.32
7815.37 4950.72
7809.67 4959.90
7803.50 4969.28
7797.13 4978.81
7790.44 4988.80
7783.91 4998.56
7777.34 5008.40
7771.35 5017.36
7764.85 5027.07
7758.09 5036.83
7751.33 5046.40
7744.95 5055.38
7738.44 5064.54
7731.87 5073.79
7725.26 5083.08
7720.31 5090.05
7716.71 5095.12
7715.72 5096.51
7715.34 5097.04
7715.19 5097.25
7715.19 5097.26
7715.18 5097.26
7715.18 5097.26
7715.18 5097.26
7715.18 5097.26
7715.18 5097.26
7715.18 5097.26
7715.18 5097.26
7715.18 5097.26
7715.18 5097.26
7715.18 5097.26
7715.18 5097.26
7715.18 5097.26
7715.18 5097.26
7715.18 5097.26
7715.18 5097.26
7714.83 5097.76
7714.01 5098.92
7712.87 5100.51
7710.56 5103.77
7706.92 5108.89
7702.43 5115.21
7696.74 5123.58
7697.93 5134.29
7700.89 5145.36
7703.78 5156.14
7706.55 5167.35
7708.66 5177.99
7710.82 5188.81
7712.74 5198.47
7713.78 5203.72
7715.44 5211.16
7717.68 5220.41
7720.50 5231.66
7723.24 5242.56
7726.11 5254.03
7728.41 5264.80
7730.34 5276.04
7731.66 5286.72
7732.85 5298.52
7733.97 5309.60
7736.04 5321.12
7742.78 5328.18
7753.63 5328.96
7763.39 5329.66
7768.67 5330.04
7769.46 5330.10
7769.74 5330.12
7769.77 5330.12
7769.78 5330.12
7769.78 5330.12
7769.78 5330.12
7769.78 5330.12
7769.78 5330.12
7769.78 5330.12
7769.78 5330.12
7769.78 5330.12
7769.78 5330.12
7769.78 5330.12
7769.78 5330.12
7769.78 5330.12
7769.78 5330.12
7769.78 5330.12
7769.78 5330.12
7769.78 5330.12
7769.78 5330.12
7769.78 5330.12
7769.78 5330.12
7769.78 5330.12
7769.78 5330.12
7769.78 5330.12
7769.78 5330.12
7769.78 5330.12
7769.78 5330.12
7769.78 5330.12
7769.78 5330.12
7769.78 5330.12
7769.78 5330.12
7769.78 5330.12
7769.78 5330.12
7769.78 5330.12
7769.78 5330.12
7769.78 5330.12
7769.78 5330.12
7769.78 5330.12
7769.78 5330.12
7769.78 5330.12
7769.78 5330.12
7769.78 5330.12
7769.78 5330.12
7769.78 5330.12
7769.78 5330.12
7769.78 5330.12
7769.78 5330.12
7771.24 5330.29
7774.66 5330.77
7779.37 5333.73
7782.27 5341.79
7782.45 5350.98
7787.22 5360.77
7799.66 5363.33
7813.31 5363.96
7827.42 5365.97
7841.04 5368.84
7853.96 5374.11
7866.60 5380.74
7877.29 5388.59
7886.64 5396.12
7893.15 5400.22
7896.24 5400.89
7896.44 5400.92
7896.60 5400.95
7896.60 5400.95
7896.60 5400.95
7896.60 5400.95
7896.60 5400.95
7896.60 5400.95
7896.60 5400.95
7896.60 5400.95
7896.60 5400.95
7896.60 5400.95
7896.60 5400.95
7896.60 5400.95
7896.60 5400.95
7896.60 5400.95
7896.60 5400.95
7896.60 5400.95
7896.60 5400.95
7896.60 5400.95
7896.60 5400.95
7896.60 5400.95
7896.60 5400.95
7896.60 5400.95
7896.60 5400.95
7896.60 5400.95
7896.60 5400.95
7896.60 5400.95
7896.60 5400.95
7896.60 5400.95
7896.60 5400.95
7896.60 5400.95
7896.60 5400.95
7896.60 5400.95
7896.60 5400.95
7896.60 5400.95
7896.60 5400.95
7896.60 5400.95
7896.60 5400.95
7896.60 5400.95
7896.60 5400.95
7896.60 5400.95
7896.60 5400.95
7898.79 5401.46
7901.76 5402.45
7902.43 5403.00
7902.57 5403.12
7902.58 5403.13
7902.58 5403.13
7902.58 5403.13
7902.58 5403.13
7904.34 5404.66
7905.70 5408.37
7905.54 5414.06
7904.66 5421.82
7903.59 5431.32
7902.35 5442.22
7901.02 5454.03
7900.38 5465.77
7900.14 5477.20
7899.88 5488.88
7899.69 5498.13
7899.59 5503.30
7899.54 5505.51
7899.54 5505.75
7899.54 5505.85
7899.54 5505.91
7899.54 5505.94
7899.54 5505.94
7899.54 5505.94
7899.54 5505.94
7899.54 5505.94
7899.54 5505.94
7899.54 5505.94
7899.54 5505.94
7899.54 5505.94
7899.54 5505.94
7899.54 5505.94
7899.54 5505.94
7899.54 5505.94
7899.54 5505.94
7899.54 5505.94
7899.54 5505.94
7899.54 5505.94
7899.54 5505.94
7899.54 5505.94
7899.54 5505.94
7899.54 5505.94
7899.54 5505.94
7899.54 5505.94
7899.54 5505.94
7899.54 5505.94
7899.54 5505.94
7899.54 5505.94
7899.51 5507.11
7899.47 5509.34
7899.41 5512.17
7899.40 5512.91
7899.40 5513.03
7899.40 5513.04
7899.35 5515.53
7899.28 5518.70
7899.25 5524.24
7899.24 5532.31
7899.33 5542.60
7899.50 5553.52
7902.98 5564.62
7903.16 5575.82
7903.33 5586.75
7904.83 5597.91
7908.99 5607.66
7913.45 5618.16
7917.94 5628.48
7923.00 5639.23
7927.45 5649.17
7932.12 5659.49
7937.05 5670.32
7942.02 5681.16
7946.49 5691.68
7949.51 5702.34
7948.73 5713.78
7947.38 5725.52
7943.15 5736.04
7938.62 5747.14
7934.27 5757.38
7929.89 5767.34
7925.11 5778.18
7920.78 5788.03
7915.99 5798.92
7911.40 5809.36
7906.95 5819.48
7903.27 5830.37
7912.35 5835.84
7922.24 5840.87
7932.47 5846.08
7942.62 5851.24
7952.45 5856.25
7962.95 5861.59
7973.30 5866.85
7983.94 5872.27
7994.49 5877.64
8005.08 5883.03
8014.86 5888.01
8025.41 5893.37
8035.11 5898.31
8045.40 5903.55
8055.11 5908.49
8060.81 5911.39
8067.20 5910.35
8070.07 5901.17
8073.31 5890.81
8076.77 5879.75
8078.89 5872.98
8079.66 5870.52
