9871.97 9531.30
9872.11 9533.79
9874.97 9536.57
9881.17 9536.33
9890.00 9535.91
9901.52 9535.38
9915.54 9534.72
9926.34 9534.20
9932.64 9533.81
9938.28 9530.00
9937.93 9520.50
9937.48 9508.67
9936.82 9494.12
9936.13 9480.04
9935.51 9465.28
9935.04 9451.34
9934.56 9436.78
9934.07 9421.66
9940.06 9410.85
9945.89 9404.20
9948.76 9400.94
9953.87 9396.11
9962.08 9396.99
9970.40 9404.64
9979.77 9413.26
9993.12 9421.07
10003.36 9430.49
10013.85 9440.16
10024.30 9449.77
10035.15 9459.76
10046.01 9469.75
10056.80 9479.73
10067.27 9489.48
10077.51 9499.02
10088.44 9509.20
10099.12 9519.17
10110.37 9521.25
10119.57 9510.68
10128.88 9500.15
10138.77 9489.28
10148.35 9478.48
10157.84 9467.61
10166.97 9457.09
10176.54 9446.40
10186.16 9435.64
10195.97 9424.68
10205.39 9414.15
10214.56 9403.78
10224.60 9392.34
10234.47 9380.89
10243.61 9369.93
10253.67 9358.75
10263.06 9348.37
10272.77 9337.64
10282.07 9327.11
10292.03 9315.63
10301.46 9305.42
10311.51 9294.10
10320.66 9283.67
10329.80 9273.21
10337.86 9263.99
10343.70 9257.32
10346.57 9254.03
10350.80 9249.62
10357.00 9244.86
10365.94 9247.62
10377.16 9253.05
10387.78 9262.34
10398.23 9271.48
10409.57 9281.40
10420.73 9291.16
10431.20 9300.32
10442.39 9310.11
10455.96 9317.60
10467.01 9327.26
10477.77 9336.67
10488.60 9346.15
10499.75 9355.90
10510.99 9365.49
10524.43 9372.54
10535.16 9381.64
10546.02 9390.84
10556.94 9400.09
10568.19 9409.63
10579.66 9419.34
10590.95 9428.91
10602.53 9437.96
10613.77 9446.63
10624.90 9455.22
10636.04 9463.82
10647.32 9472.52
10658.93 9481.47
10670.41 9490.33
10681.54 9498.92
10689.31 9501.96
10704.10 9496.33
10719.50 9497.63
10731.92 9505.71
10742.99 9515.98
10749.18 9530.26
10749.89 9545.31
10752.17 9559.42
10766.36 9570.23
10781.21 9583.05
10797.57 9595.99
10814.07 9608.34
10831.31 9619.45
10849.51 9628.46
10869.19 9635.50
10888.74 9639.75
10908.78 9641.74
10928.92 9642.20
10949.81 9641.16
10969.44 9637.04
10989.01 9631.19
11006.60 9621.04
11021.67 9607.98
11034.36 9591.30
11043.25 9573.51
11048.51 9553.18
11051.04 9533.23
11051.35 9513.23
11049.06 9492.18
11046.09 9471.98
11043.14 9451.85
11041.05 9430.94
11039.90 9410.97
11038.70 9390.08
11037.54 9369.59
11036.86 9349.10
11036.18 9328.50
11035.49 9307.89
11037.96 9287.70
11037.32 9264.73
11036.59 9239.04
11035.93 9211.43
11036.14 9181.57
11040.41 9150.47
11042.53 9116.68
11044.68 9082.38
11046.92 9046.63
11049.27 9009.20
11051.68 8969.85
11054.04 8931.31
11055.69 8892.53
11057.22 8853.19
11057.44 8814.21
11056.35 8775.58
11053.75 8736.16
11048.85 8697.29
11043.61 8659.37
11036.73 8620.61
11028.84 8583.04
11018.60 8545.37
11007.45 8508.30
10995.64 8472.10
10982.58 8436.88
10969.44 8402.22
10957.20 8369.91
10944.84 8337.30
10932.11 8305.26
10919.52 8274.08
10907.33 8243.90
10894.94 8213.23
10883.08 8183.36
10872.46 8153.91
10862.00 8124.71
10851.68 8095.21
10841.89 8064.34
10834.24 8033.51
10826.67 8003.05
10819.34 7973.53
10812.03 7944.07
10805.94 7914.36
10800.89 7883.88
10795.96 7854.15
10792.42 7824.40
10789.29 7794.71
10786.10 7764.98
10785.97 7736.02
10785.93 7707.37
10785.88 7678.34
10786.71 7647.39
10787.69 7618.48
10788.67 7589.17
10789.66 7559.85
10790.65 7530.53
10790.88 7499.58
10790.66 7469.60
10789.23 7440.29
10787.10 7410.67
10784.17 7380.52
10781.07 7351.34
10776.11 7321.84
10771.10 7292.55
10765.61 7264.02
10757.88 7235.23
10750.36 7208.35
10741.28 7181.11
10731.57 7151.96
10720.42 7124.03
10709.39 7096.68
10697.57 7069.67
10687.25 7039.83
10676.11 7011.89
10660.60 6984.38
10643.86 6955.60
10625.05 6928.19
10605.54 6900.41
10585.85 6873.52
10566.41 6846.98
10546.75 6820.13
10526.85 6792.96
10507.50 6765.96
10488.95 6736.75
10470.93 6708.37
10455.42 6678.24
10439.74 6647.78
10424.68 6616.33
10410.82 6586.58
10398.33 6553.69
10385.78 6518.56
10374.16 6480.74
10363.92 6443.37
10354.75 6405.86
10348.08 6367.99
10342.64 6329.38
10338.72 6290.13
10337.59 6251.35
10336.70 6212.46
10335.56 6173.51
10335.77 6134.30
10336.74 6095.74
10337.72 6056.70
10338.72 6017.19
10337.87 5978.22
10336.98 5939.10
10336.11 5900.87
10331.12 5864.56
10326.70 5825.38
10322.27 5786.10
10317.84 5746.90
10310.89 5708.63
10303.07 5670.61
10294.53 5633.05
10285.45 5595.86
10275.44 5558.07
10264.13 5521.20
10251.48 5484.02
10237.61 5447.48
10223.21 5411.74
10207.80 5375.77
10192.35 5339.70
10175.11 5304.49
10156.73 5269.64
10138.15 5235.86
10118.82 5202.43
10098.12 5168.85
10076.55 5136.59
10054.34 5103.85
10032.56 5072.34
10009.84 5040.03
9986.42 5009.44
9962.83 4978.62
9939.12 4948.48
9913.93 4918.06
9886.79 4890.47
9861.88 4860.38
9837.30 4830.70
9812.01 4800.27
9786.82 4771.20
9761.64 4741.78
9736.70 4712.33
9711.86 4683.00
9686.91 4653.54
9662.13 4624.29
9637.24 4594.89
9611.89 4564.96
9587.34 4534.78
9563.09 4504.45
9538.90 4474.20
9514.60 4443.09
9491.00 4412.12
9467.94 4380.45
9445.58 4348.57
9423.56 4316.17
9401.83 4284.18
9380.87 4252.19
9359.62 4219.22
9338.89 4187.05
9318.98 4153.97
9299.49 4120.61
9280.10 4087.41
9260.51 4053.87
9241.25 4020.18
9221.89 3986.19
9202.60 3952.31
9183.57 3918.88
9163.54 3885.30
9143.70 3852.04
9123.81 3818.70
9103.80 3785.14
9084.42 3752.65
9064.71 3722.33
9045.26 3687.94
9023.53 3656.05
9001.92 3624.33
8978.43 3593.95
8954.93 3563.58
8930.40 3533.01
8905.81 3503.69
8879.28 3474.41
8852.38 3445.39
8824.67 3417.20
8796.50 3389.66
8768.71 3363.36
8739.95 3337.65
8710.63 3312.56
8679.72 3288.04
8649.25 3263.86
8617.40 3240.45
8586.01 3217.38
8554.23 3195.36
8522.11 3174.63
8488.86 3154.29
8454.75 3134.92
8420.63 3115.74
8385.53 3097.78
8351.35 3080.54
8316.15 3063.36
8280.25 3047.11
8243.98 3032.39
8207.37 3017.54
8170.28 3004.10
8133.66 2991.52
8096.80 2979.63
8058.76 2968.91
8021.01 2958.91
7982.75 2949.68
7944.87 2941.50
7906.58 2933.68
7868.51 2927.20
7829.62 2921.84
7791.47 2917.30
7752.03 2914.08
7712.97 2911.28
7674.30 2910.47
7635.02 2910.10
7595.89 2910.71
7557.05 2912.36
7519.22 2914.98
7483.18 2918.17
7447.10 2922.76
7412.52 2928.06
7377.54 2933.83
7343.10 2940.31
7306.55 2947.98
7268.22 2957.22
7230.22 2967.79
7192.49 2979.14
7157.35 2990.13
7124.73 3001.04
7094.34 3011.98
7065.85 3022.49
7040.34 3035.42
7014.85 3048.52
6989.04 3058.27
6966.83 3066.85
6948.00 3074.13
6931.18 3080.63
6917.32 3086.64
6903.37 3093.02
6889.47 3100.16
6876.46 3106.85
6862.85 3113.72
6848.97 3120.66
6836.52 3131.15
6824.46 3141.98
6814.73 3153.76
6805.16 3166.84
6796.33 3180.66
6790.09 3195.19
6784.53 3209.68
6780.34 3224.94
6777.51 3239.40
6775.66 3255.37
6776.09 3272.05
6777.21 3287.90
6779.49 3302.90
6784.74 3317.65
6790.22 3333.05
6795.53 3347.97
6803.21 3361.22
6811.30 3375.18
6819.59 3389.47
6826.63 3404.66
6833.09 3419.42
6838.89 3432.67
6846.74 3446.98
6855.35 3463.94
6867.96 3480.71
6881.75 3499.69
6896.92 3520.85
6914.04 3543.31
6930.18 3568.50
6950.18 3592.92
6970.16 3617.84
6990.76 3642.93
7011.11 3666.34
7033.19 3689.97
7055.33 3712.41
7078.21 3734.13
7100.81 3754.84
7124.52 3776.25
7147.76 3797.22
7170.41 3817.81
7193.22 3838.99
7215.93 3860.07
7238.35 3880.88
7260.76 3901.68
7282.46 3923.17
7305.27 3945.18
7325.89 3963.31
7342.32 3987.37
7355.25 4007.94
7369.94 4020.87
7386.10 4025.51
7399.06 4026.40
7414.86 4028.91
7430.29 4035.53
7443.20 4046.12
7452.33 4058.40
7462.44 4054.49
7476.40 4047.97
7488.95 4042.11
7501.74 4036.14
7514.72 4033.51
7528.30 4034.52
7540.69 4039.83
7549.66 4047.57
7558.18 4057.11
7562.45 4068.84
7564.35 4081.71
7563.47 4095.22
7563.28 4107.98
7564.28 4121.27
7566.94 4133.53
7571.64 4145.09
7580.87 4145.89
7592.52 4152.03
7603.95 4158.04
7614.68 4163.69
7625.47 4169.37
7636.15 4174.99
7647.54 4180.99
7657.86 4186.42
7669.07 4192.33
7681.12 4198.67
7690.03 4203.36
7695.48 4206.22
7701.64 4209.47
7704.91 4211.19
7710.05 4213.64
7717.29 4216.87
7726.90 4220.64
7738.85 4225.32
7752.22 4230.56
7766.07 4235.99
7779.60 4241.30
7792.65 4246.99
7805.74 4254.46
7818.78 4261.89
7829.49 4259.99
7835.67 4247.10
7841.45 4235.04
7847.42 4222.60
7852.52 4211.19
7857.74 4198.79
7863.12 4186.01
7867.50 4175.62
7872.80 4163.25
7877.71 4152.36
7883.22 4140.23
7888.04 4129.46
7893.30 4117.16
7898.10 4105.84
7902.87 4095.01
7908.20 4083.64
7913.52 4072.31
7919.22 4060.18
7924.63 4048.66
7930.13 4036.99
7934.41 4029.78
7936.66 4026.50
