7826.20 4101.89
7827.88 4102.65
7831.12 4104.09
7836.54 4106.51
7843.68 4109.65
7852.77 4113.64
7863.46 4118.34
7873.94 4122.95
7881.36 4126.21
7889.13 4131.58
7885.73 4142.71
7880.22 4154.83
7880.70 4166.65
7895.12 4173.37
7908.77 4179.74
7923.03 4186.39
7936.88 4192.85
7951.10 4199.47
7965.54 4206.21
7979.63 4212.78
7993.38 4219.19
8007.13 4225.60
8021.45 4232.28
8033.66 4237.97
8042.34 4242.02
8047.51 4244.43
8050.26 4245.71
8053.45 4247.20
8054.48 4247.68
8054.59 4247.73
8054.60 4247.73
8054.61 4247.74
8054.61 4247.74
8054.61 4247.74
8054.61 4247.74
8054.61 4247.74
8054.61 4247.74
8054.61 4247.74
8054.61 4247.74
8054.61 4247.74
8054.61 4247.74
8054.61 4247.74
8054.61 4247.74
8056.90 4248.91
8061.22 4251.15
8066.68 4255.42
8066.74 4263.68
8063.47 4273.45
8059.71 4284.67
8055.43 4297.44
8050.59 4311.90
8045.54 4326.99
8040.53 4341.94
8035.43 4357.15
8030.37 4372.22
8025.38 4387.07
8020.63 4401.21
8017.25 4411.29
8015.30 4417.11
8014.24 4420.25
8014.01 4420.94
8013.98 4421.03
8013.95 4421.12
8013.83 4421.47
8013.41 4422.73
8012.42 4425.67
8010.69 4430.85
8008.69 4436.81
8006.09 4444.54
8002.94 4453.93
7999.82 4463.26
7993.29 4472.48
7989.93 4482.69
7986.13 4494.32
7981.74 4507.74
7977.08 4521.88
7975.49 4536.91
7970.36 4552.11
7965.47 4566.58
7960.63 4580.92
7955.76 4595.35
7951.09 4609.18
7946.50 4622.81
7941.96 4636.35
7940.95 4649.72
7936.49 4663.03
7931.92 4676.67
7927.69 4689.28
7923.51 4701.77
7919.32 4714.26
7914.89 4727.00
7910.43 4739.65
7905.82 4752.72
7901.70 4764.41
7897.40 4776.60
7892.91 4789.33
7888.37 4802.20
7884.20 4813.99
7880.05 4825.70
7875.33 4838.51
7870.34 4849.86
7865.19 4861.54
7860.00 4873.35
7854.60 4885.61
7848.04 4897.47
7841.73 4907.76
7834.96 4918.80
7828.48 4929.36
7822.54 4939.05
7818.95 4944.90
7817.57 4947.14
7817.44 4947.35
7816.30 4949.21
7813.92 4953.07
7810.74 4958.21
7806.60 4964.64
7801.26 4972.63
7795.13 4981.80
7788.31 4992.00
7780.80 5003.22
7772.08 5016.26
7763.63 5028.89
7754.82 5041.46
7745.75 5054.25
7736.76 5066.90
7727.87 5079.41
7719.16 5091.67
7712.62 5100.88
7708.68 5106.41
7706.62 5109.31
7706.22 5109.87
7706.21 5109.90
7706.20 5109.90
7706.20 5109.90
7706.20 5109.90
7706.20 5109.90
7706.20 5109.90
7706.20 5109.90
7706.20 5109.90
7706.20 5109.90
7706.20 5109.90
7706.20 5109.90
7706.20 5109.90
7706.20 5109.90
7706.20 5109.90
7706.20 5109.90
7706.20 5109.90
7706.20 5109.90
7706.20 5109.90
7705.32 5111.14
7703.69 5113.44
7701.18 5116.97
7697.60 5122.16
7696.37 5130.03
7699.50 5140.16
7702.79 5152.44
7706.47 5166.94
7709.48 5182.09
7711.84 5193.94
7713.32 5201.38
7715.23 5210.23
7717.74 5220.65
7720.89 5233.21
7724.55 5247.80
7728.11 5263.13
7730.66 5278.53
7732.45 5294.50
7734.02 5310.06
7737.42 5325.37
7751.48 5328.80
7762.02 5329.56
7768.06 5330.00
7775.70 5331.04
7779.11 5339.03
7778.76 5345.90
7778.70 5349.99
7778.78 5350.26
7778.85 5350.51
7778.85 5350.51
7778.86 5350.51
7778.86 5350.51
7778.86 5350.51
7778.86 5350.51
7778.86 5350.51
7778.86 5350.51
7778.86 5350.51
7778.86 5350.51
7778.86 5350.51
7778.86 5350.51
7778.86 5350.51
7778.86 5350.51
7778.86 5350.51
7778.86 5350.51
7778.86 5350.51
7778.86 5350.51
7779.46 5352.52
7780.54 5356.09
7781.78 5361.49
7779.39 5368.48
7770.98 5372.87
7761.70 5379.88
7752.18 5389.71
7744.99 5400.62
7739.55 5412.49
7735.73 5424.82
7732.12 5437.44
7729.04 5449.59
7726.97 5461.41
7725.74 5474.28
7725.67 5487.08
7729.57 5500.02
7740.28 5510.17
7750.67 5515.65
7759.19 5521.18
7765.38 5528.46
7770.75 5539.58
7769.52 5551.27
7763.07 5560.63
7753.22 5568.43
7741.18 5572.30
7728.85 5573.49
7722.52 5586.49
7718.56 5600.62
7714.03 5616.78
7709.15 5634.17
7705.26 5652.87
7701.67 5670.91
7698.25 5689.05
7695.00 5707.44
7691.94 5725.76
7691.16 5743.89
7690.85 5762.98
7690.54 5781.88
7690.25 5800.16
7690.03 5813.93
7690.16 5823.28
7690.21 5828.06
