5521.94 5472.45
5524.03 5473.79
5528.08 5476.37
5534.19 5480.27
5542.53 5485.59
5552.01 5491.63
5560.83 5497.26
5569.78 5502.97
5579.51 5509.17
5588.06 5515.03
5596.86 5522.10
5605.54 5529.62
5613.48 5536.50
5622.28 5544.12
5630.19 5550.97
5638.91 5558.54
5646.89 5565.45
5655.13 5570.13
5662.15 5562.25
5669.47 5554.02
5676.47 5546.15
5684.09 5537.59
5691.85 5528.87
5698.93 5520.91
5706.47 5512.44
5713.78 5504.23
5721.49 5495.56
5728.73 5487.42
5735.84 5479.43
5743.38 5470.96
5750.91 5462.49
5758.61 5453.84
5766.32 5445.17
5773.87 5436.69
5781.22 5428.43
5788.43 5420.32
5795.30 5412.60
5788.21 5405.21
5779.75 5397.97
5771.41 5390.82
5763.21 5383.81
5754.90 5376.69
5746.91 5369.85
5738.83 5362.93
5730.04 5355.41
5721.98 5348.51
5713.99 5341.67
5706.12 5334.85
5698.35 5327.93
5689.72 5320.24
5681.62 5313.02
5673.06 5305.40
5664.39 5297.67
5656.08 5290.26
5647.39 5282.52
5639.58 5275.56
5634.82 5271.31
5631.52 5268.37
5628.97 5262.76
5633.93 5256.05
5641.05 5248.80
5648.63 5241.07
5656.49 5232.89
5664.33 5224.48
5672.38 5216.44
5680.19 5208.63
5687.99 5200.79
5695.80 5192.71
5703.03 5185.25
5709.81 5178.24
5713.46 5174.46
5713.99 5173.91
5714.17 5173.73
5714.25 5173.64
5714.27 5173.62
5715.50 5172.50
5718.66 5169.93
5723.82 5168.35
5731.03 5172.40
5739.82 5177.98
5750.46 5184.73
5761.82 5191.95
5772.60 5198.80
5784.40 5206.29
5795.85 5212.47
5807.36 5218.41
5821.00 5221.33
5832.85 5226.57
5844.54 5231.74
5857.10 5237.29
5869.25 5242.67
5881.72 5248.18
5894.25 5253.73
5906.43 5258.51
5918.90 5262.32
5931.07 5266.03
5944.33 5270.08
5956.45 5273.78
5969.42 5277.74
5982.32 5281.68
5995.09 5285.58
6008.10 5289.55
6020.95 5293.89
6033.76 5299.41
6042.60 5310.27
6045.02 5324.05
6050.64 5336.68
6054.36 5350.14
6057.91 5362.97
6061.38 5375.50
6064.98 5388.53
6070.47 5400.27
6078.43 5410.22
6089.31 5416.74
6101.79 5420.99
6114.60 5425.34
6127.13 5429.58
6140.40 5434.08
6153.51 5438.53
6166.10 5442.79
6179.08 5447.20
6191.20 5451.61
6203.28 5455.77
6216.66 5460.15
6229.07 5463.41
6241.80 5466.76
6254.26 5470.03
6263.33 5472.41
6268.98 5473.90
6277.29 5476.24
6287.58 5480.28
6295.38 5489.20
6296.64 5499.55
6297.91 5510.06
6299.30 5521.52
6301.03 5532.21
6302.69 5542.57
6304.49 5553.60
6313.72 5555.76
6324.25 5553.11
6334.57 5550.47
6344.74 5548.13
6353.28 5546.33
6359.12 5545.57
6363.34 5551.57
6363.65 5561.86
6363.99 5573.21
6364.31 5583.91
6364.62 5594.26
6364.96 5605.63
6365.29 5616.81
6365.49 5623.49
6370.04 5629.56
6380.93 5629.27
6393.22 5632.24
6406.38 5631.89
6419.25 5631.67
6431.88 5631.71
6445.58 5632.69
6458.57 5633.39
6472.30 5633.26
6486.29 5633.14
6499.38 5633.01
6512.06 5632.90
6525.80 5632.77
6539.02 5632.65
6552.04 5632.53
6564.67 5632.41
6578.27 5632.28
6591.69 5633.43
6604.51 5637.06
6613.17 5639.51
6618.12 5640.91
6618.75 5641.09
6618.80 5641.10
6618.81 5641.10
6618.82 5641.11
6618.83 5641.11
6618.83 5641.11
6618.83 5641.11
6618.83 5641.11
6618.83 5641.11
6618.83 5641.11
6618.83 5641.11
6618.83 5641.11
6618.83 5641.11
6618.83 5641.11
6618.83 5641.11
6618.83 5641.11
6618.83 5641.11
6618.83 5641.11
6618.83 5641.11
6618.83 5641.11
6618.83 5641.11
6618.83 5641.11
6618.83 5641.11
6618.83 5641.11
6618.83 5641.11
6618.83 5641.11
6618.83 5641.11
6618.83 5641.11
6618.83 5641.11
6618.83 5641.11
6619.76 5641.37
6623.19 5642.34
6628.37 5643.92
6635.30 5646.54
6639.16 5653.59
6635.61 5663.39
6631.70 5674.16
6627.98 5684.40
6624.73 5693.34
6625.72 5700.30
6625.01 5702.26
6624.99 5702.32
6624.98 5702.33
6624.98 5702.33
6624.98 5702.33
6624.98 5702.33
6624.98 5702.33
6624.98 5702.33
6624.98 5702.33
6624.98 5702.33
6624.98 5702.33
6624.98 5702.33
6624.98 5702.33
6624.98 5702.33
6624.98 5702.33
6624.98 5702.33
6624.98 5702.33
6624.98 5702.33
6624.98 5702.33
6624.98 5702.33
6624.98 5702.33
6624.98 5702.33
6624.98 5702.33
6624.98 5702.33
6624.22 5704.48
6622.36 5709.41
6617.25 5715.83
6609.78 5721.51
6600.68 5727.19
6590.93 5731.55
6580.92 5734.37
6570.20 5736.36
6559.21 5737.01
6547.95 5736.88
6537.28 5736.10
6526.74 5735.34
6516.36 5734.62
6505.24 5734.33
6494.58 5734.04
6483.93 5733.95
6472.26 5734.08
6461.30 5734.20
6449.76 5734.73
6438.34 5735.34
6427.55 5735.90
6416.42 5737.04
6405.25 5738.23
6395.81 5739.23
6390.70 5739.77
6384.00 5741.36
6390.27 5746.99
6398.85 5753.26
6404.79 5763.32
6412.20 5770.96
6417.30 5781.28
6421.97 5791.87
6426.12 5801.91
6430.29 5812.10
6434.38 5822.11
6438.50 5832.15
6442.52 5841.98
6446.70 5852.83
6450.22 5863.00
6454.05 5873.45
6457.86 5883.43
6461.95 5894.10
6465.26 5902.74
6468.84 5912.07
6472.35 5921.23
6476.48 5932.00
6480.15 5941.65
6484.22 5952.51
6488.22 5963.25
6492.22 5973.96
6495.86 5983.68
6499.81 5994.28
6503.50 6004.17
6507.42 6014.91
6510.76 6024.87
6514.33 6035.59
6517.45 6044.93
6519.77 6051.89
6521.19 6056.18
6521.27 6056.41
6521.28 6056.43
6518.02 6057.09
6518.47 6058.43
6519.49 6061.49
6520.41 6064.26
6520.75 6065.27
6520.82 6065.49
6520.96 6065.89
6521.11 6066.37
6521.12 6066.39
6521.13 6066.42
6521.15 6066.46
6521.15 6066.47
6521.15 6066.48
6521.15 6066.48
6521.15 6066.48
6521.15 6066.48
6521.15 6066.48
6521.15 6066.48
6521.15 6066.48
6521.15 6066.48
6521.15 6066.48
6521.15 6066.48
6521.15 6066.48
6521.15 6066.48
6521.15 6066.48
6521.15 6066.48
6521.15 6066.48
6521.15 6066.48
6521.15 6066.48
