22383.66 9007.47
22384.46 9008.65
22386.68 9011.76
22389.31 9016.48
22392.12 9023.66
22394.83 9033.13
22397.24 9045.19
22398.73 9058.94
22400.32 9073.80
22401.68 9088.67
22403.02 9103.26
22403.98 9118.12
22404.76 9132.61
22405.53 9147.44
22406.23 9161.33
22406.76 9171.63
22407.12 9178.85
22407.29 9182.12
22407.31 9182.58
22407.31 9182.60
22407.31 9182.60
22407.31 9182.60
22407.31 9182.60
22407.31 9182.60
22407.62 9193.71
22407.62 9196.91
22407.62 9202.28
22407.48 9209.65
22406.45 9218.33
22404.15 9228.17
22396.06 9247.70
22387.95 9259.20
22378.22 9268.54
22367.49 9276.76
22356.17 9284.59
22343.95 9291.75
22331.69 9297.38
22318.97 9302.65
22306.70 9307.91
22294.10 9314.16
22282.69 9321.46
22271.21 9329.71
22236.48 9358.64
22226.58 9367.32
22216.26 9376.36
22206.29 9385.10
22196.30 9393.87
22186.41 9402.87
22176.76 9411.65
22166.91 9420.62
22157.34 9429.38
22147.46 9438.43
22137.41 9447.63
22127.80 9456.42
22118.02 9465.37
22108.54 9474.04
22099.00 9482.78
22089.43 9491.54
22078.15 9501.85
22068.58 9510.48
22057.31 9520.64
22045.56 9531.24
22035.28 9536.05
22031.73 9539.25
22004.25 9564.20
21992.57 9574.99
21979.30 9587.24
21966.71 9598.86
21953.73 9610.85
21940.51 9623.05
21927.65 9634.92
21915.00 9646.60
21902.02 9658.58
21889.17 9670.45
21876.42 9682.22
21863.73 9693.93
21851.07 9705.62
21837.61 9718.05
21824.59 9730.07
21811.20 9742.43
21800.19 9757.09
21786.71 9769.53
21774.15 9781.13
21761.00 9793.27
21748.41 9804.89
21735.30 9816.99
21722.32 9828.97
21709.02 9841.25
21696.12 9853.15
21683.13 9865.15
21667.57 9875.02
21655.01 9886.61
21641.71 9898.89
21628.51 9911.08
21615.45 9923.14
21602.16 9935.40
21588.96 9947.59
21576.33 9959.24
21565.33 9969.41
21555.49 9978.48
21538.69 9994.45
21528.76 10004.01
21517.69 10014.66
21507.61 10024.36
21497.77 10033.83
21487.46 10043.39
21477.24 10052.60
21467.24 10061.61
21456.64 10071.16
21447.21 10079.65
21436.58 10089.22
21425.96 10098.79
21415.55 10108.16
21405.66 10117.08
21395.68 10126.06
21388.19 10132.81
21380.02 10140.18
21374.26 10145.40
21368.37 10150.75
21361.94 10156.57
21356.40 10161.60
21350.57 10166.88
21344.44 10172.45
21338.49 10177.84
21332.88 10182.93
21326.90 10188.36
21321.30 10193.43
21317.87 10196.55
21315.92 10198.31
21315.85 10198.38
21315.82 10198.41
21315.81 10198.42
21315.81 10198.42
21315.81 10198.42
21315.81 10198.42
21315.81 10198.42
21315.81 10198.42
21314.90 10199.24
21312.91 10201.05
21263.12 10245.02
21262.53 10245.54
21261.83 10246.17
21260.95 10246.95
21251.51 10255.54
21240.90 10265.24
21229.81 10275.38
21219.09 10285.18
21207.87 10295.45
21197.21 10305.19
21186.50 10314.99
21175.60 10324.95
21165.63 10334.07
21163.29 10343.84
21161.06 10346.93
21159.37 10349.27
21160.97 10352.71
21159.82 10354.30
21159.39 10354.89
21159.33 10354.98
21159.31 10355.01
21159.29 10355.04
21159.29 10355.04
21159.29 10355.04
21159.29 10355.04
21159.29 10355.04
21159.29 10355.04
21159.29 10355.04
21159.29 10355.04
21159.29 10355.04
21159.29 10355.04
21159.29 10355.04
21159.29 10355.04
21159.29 10355.04
21159.29 10355.04
21159.29 10355.04
21159.29 10355.04
21159.29 10355.04
21159.29 10355.04
21159.29 10355.04
21159.29 10355.04
21159.29 10355.04
21159.29 10355.04
21159.29 10355.04
21159.29 10355.04
21158.84 10355.66
21157.97 10356.86
21151.91 10365.62
21150.98 10367.08
21149.71 10369.07
21148.24 10371.39
21146.46 10374.18
21144.65 10377.03
21124.83 10410.18
21120.30 10420.39
21115.09 10432.11
21109.87 10442.92
21104.15 10454.44
21098.83 10465.12
21093.51 10475.84
21086.36 10488.39
21082.29 10497.12
21078.37 10505.52
21074.53 10513.74
21070.58 10522.21
21062.73 10549.56
21061.22 10558.86
21063.49 10568.66
21068.06 10576.51
21080.28 10585.66
21094.70 10588.96
21108.44 10590.60
21123.33 10591.37
21138.75 10591.05
21153.16 10589.39
21166.81 10586.25
21180.37 10581.93
21195.80 10572.95
21208.50 10565.50
21221.09 10557.55
21231.66 10548.26
21240.45 10537.04
21246.63 10524.19
21250.22 10509.04
21249.67 10494.40
21244.91 10481.01
21235.31 10469.47
21222.33 10463.38
21208.57 10459.20
21193.96 10457.34
21180.07 10457.87
21164.16 10458.52
21143.38 10459.21
21127.37 10457.08
21109.85 10458.37
21089.84 10459.84
21067.48 10461.48
21042.78 10463.30
21018.17 10465.11
20992.53 10466.99
20964.32 10470.61
20938.13 10472.43
20912.95 10474.18
20888.02 10475.88
20863.16 10477.57
20838.81 10479.21
20814.46 10480.86
20788.90 10482.59
20763.39 10481.01
20736.82 10482.94
20711.31 10484.83
20684.22 10486.84
20657.76 10488.71
20629.64 10490.20
20602.02 10491.66
20574.27 10493.13
20545.84 10494.97
20516.55 10497.01
20487.95 10499.01
20458.70 10501.08
20428.86 10503.27
20398.99 10505.45
20369.89 10508.48
20340.96 10511.70
20310.76 10515.87
20281.17 10520.68
20251.72 10526.04
20223.45 10532.28
20195.14 10539.01
20166.40 10547.23
20138.00 10555.90
20109.75 10564.90
20081.10 10575.45
20054.03 10587.05
20025.79 10599.67
19999.37 10612.42
19972.23 10626.04
19946.31 10640.52
19919.92 10655.56
19894.12 10670.93
19868.62 10686.65
19842.97 10702.89
19818.31 10718.49
19792.34 10734.92
19768.34 10750.11
19745.75 10768.31
19720.27 10784.44
19696.88 10799.28
19674.05 10813.96
19651.35 10828.56
19628.68 10843.14
19607.00 10857.08
19584.94 10871.27
19563.76 10884.89
19541.98 10898.82
19520.80 10912.27
19498.61 10926.36
19477.10 10940.02
19455.44 10953.77
19434.51 10967.31
19413.03 10981.22
19392.29 10994.65
19370.85 11008.54
19349.71 11022.23
19329.12 11035.41
19308.84 11048.40
19287.37 11062.15
19266.43 11075.56
19244.95 11089.18
19222.05 11103.70
19196.44 11122.03
19173.10 11137.85
19150.40 11153.22
19127.73 11168.59
19101.49 11186.38
19081.61 11199.99
19065.63 11211.58
19051.81 11222.64
19038.75 11233.55
19025.48 11245.14
19013.00 11256.94
19001.35 11269.13
18989.77 11282.11
18978.16 11295.36
18967.78 11309.19
18957.71 11322.81
18947.46 11337.22
18938.11 11351.32
18929.34 11366.09
18920.89 11381.29
18912.86 11397.20
18905.74 11412.68
18899.07 11428.22
18892.93 11444.48
18886.96 11461.25
18881.42 11477.97
18876.73 11494.64
18872.78 11524.41
18868.73 11540.99
18864.63 11557.70
18860.44 11574.84
18856.39 11591.36
18851.88 11610.39
18849.34 11627.60
18849.17 11645.92
18852.90 11663.33
18861.43 11678.44
18874.17 11690.25
18890.35 11696.92
18907.83 11697.39
18924.21 11692.58
18938.80 11682.15
18948.79 11667.42
18952.55 11650.35
18950.48 11632.92
18943.20 11617.20
18930.88 11604.47
18915.65 11596.80
18892.66 11584.20
18876.45 11580.53
18860.32 11576.88
18844.84 11573.38
18829.45 11569.89
18813.35 11566.25
18797.76 11562.72
18776.95 11558.25
18764.98 11554.92
18752.63 11551.48
18741.10 11548.27
18729.90 11545.16
18719.24 11541.98
18707.54 11538.48
18661.03 11525.60
18646.23 11518.62
18628.93 11514.43
18610.39 11509.94
18590.57 11505.14
18569.18 11499.97
18546.81 11496.19
18528.89 11491.77
18486.84 11479.60
18457.52 11468.83
18425.77 11460.85
18392.25 11452.42
18357.08 11443.58
18321.91 11434.74
18283.54 11426.87
18247.26 11417.94
18211.68 11409.18
18176.57 11400.54
18140.28 11391.57
18105.04 11382.86
18069.58 11374.10
18033.55 11365.20
17997.98 11356.27
17963.11 11346.83
17928.25 11336.40
17893.80 11325.40
17859.11 11313.63
17823.83 11301.26
17788.86 11288.35
17755.01 11274.29
17721.16 11260.23
17687.57 11245.33
17654.02 11229.64
17620.97 11214.19
17587.78 11197.52
17555.59 11180.35
17523.49 11162.21
17492.12 11144.05
17460.96 11125.64
17430.14 11106.02
17399.21 11086.01
17369.09 11066.12
17338.78 11045.17
17309.35 11023.03
17280.49 11000.65
17251.13 10977.88
17222.42 10955.11
17194.75 10931.52
17167.43 10907.52
17140.30 10882.55
17113.91 10857.90
17086.82 10828.83
17061.47 10802.98
17036.66 10775.71
17011.82 10748.41
16988.16 10721.31
16964.27 10693.49
16934.14 10659.09
16913.70 10632.83
16893.16 10606.44
16872.72 10580.19
16852.49 10554.20
16832.31 10528.27
16803.70 10489.00
16781.22 10460.41
16758.72 10431.79
16736.19 10403.13
16713.63 10374.44
16687.82 10344.53
16664.76 10315.60
16641.75 10286.80
16617.95 10258.01
16594.77 10229.98
16571.27 10201.82
16547.36 10173.90
16523.09 10145.56
16499.57 10117.99
16476.40 10089.63
16453.13 10061.14
16429.92 10032.73
16406.82 10004.46
16383.79 9976.26
16360.85 9947.78
16338.33 9918.96
16315.47 9889.71
16292.63 9860.48
16270.10 9831.65
16247.12 9802.24
16224.44 9773.21
16202.12 9744.65
16179.66 9715.91
16157.24 9687.21
16134.47 9658.07
16112.22 9629.60
16089.61 9600.66
16066.68 9571.33
16044.16 9542.50
16021.78 9513.86
15999.62 9484.38
15977.34 9454.38
15955.11 9424.44
15933.31 9395.08
15911.27 9365.40
15889.71 9336.37
15868.06 9307.21
15845.91 9277.39
15824.16 9248.10
15801.96 9218.21
15780.18 9188.67
15758.62 9159.30
15736.64 9129.43
15714.60 9100.32
15692.24 9070.79
15669.94 9041.34
15647.58 9012.51
15625.20 8983.77
15602.22 8954.27
15579.90 8925.83
15557.38 8897.28
15531.12 8871.19
15507.39 8843.94
15482.61 8816.83
15457.64 8789.51
15432.50 8762.48
15406.61 8735.89
15379.99 8709.96
15349.11 8684.94
15322.19 8661.03
15295.08 8636.96
15268.00 8612.96
15239.33 8589.54
15211.20 8566.56
15182.57 8543.28
15153.76 8521.83
15124.72 8500.20
15096.01 8478.82
15070.12 8460.86
15047.56 8445.50
15028.62 8432.61
14992.74 8409.99
14981.10 8402.59
14969.42 8395.30
14957.64 8387.94
14946.30 8381.07
14934.86 8374.28
14922.80 8367.13
14901.63 8356.40
14886.15 8348.92
14870.73 8341.96
14854.73 8336.18
14838.57 8331.83
14821.73 8329.26
14805.06 8327.90
14787.95 8328.76
14771.21 8330.97
14754.43 8334.29
14738.27 8339.19
14722.43 8345.66
14706.99 8353.39
14691.99 8362.56
14678.41 8373.78
14665.44 8385.70
14654.22 8398.14
14643.52 8412.13
14633.64 8426.24
14625.61 8440.70
14618.45 8456.09
14612.05 8472.65
14606.71 8489.54
14602.88 8506.17
14600.52 8523.56
14593.34 8562.83
14592.48 8580.25
14588.29 8598.46
14587.39 8616.57
14586.52 8634.32
14585.67 8651.53
14584.79 8669.42
14583.92 8687.02
14583.07 8704.34
14582.20 8722.07
14581.32 8740.00
14580.45 8757.82
14578.05 8778.19
14577.54 8795.76
14577.06 8812.36
14577.93 8832.14
14576.96 8847.36
14575.07 8868.37
14573.62 8882.58
14573.87 8894.20
14575.12 8903.05
14575.96 8908.33
14576.52 8910.30
14576.68 8910.86
14576.70 8910.94
14576.71 8910.98
14576.72 8911.00
14576.72 8911.00
14576.72 8911.00
14576.72 8911.00
14577.04 8912.13
14577.74 8914.62
14584.51 8930.82
14588.60 8936.18
14592.40 8944.36
14599.16 8958.30
14599.49 8965.84
14598.74 8974.16
14590.45 8995.46
14584.05 9004.08
14576.05 9011.28
14551.39 9034.76
14549.00 9044.88
14548.51 9055.45
14547.37 9068.67
14545.66 9082.57
14543.90 9096.92
14542.14 9111.20
14540.40 9125.36
14538.73 9138.95
14537.19 9151.49
14536.23 9159.84
14535.70 9164.43
14535.56 9165.66
14535.50 9166.16
14535.48 9166.29
14535.48 9166.34
14535.48 9166.34
14535.48 9166.34
14535.48 9166.34
14534.25 9176.96
14533.96 9179.50
14533.46 9183.84
14532.75 9189.92
14531.80 9197.68
14530.66 9206.94
14528.02 9230.02
14526.24 9244.09
14524.39 9258.34
14522.51 9272.88
14520.69 9287.45
14518.94 9301.78
14517.24 9315.67
14515.47 9330.07
14513.71 9344.40
14511.93 9358.95
14510.16 9373.41
14508.35 9388.15
14506.55 9402.85
14504.76 9417.47
14502.98 9431.94
14501.16 9446.80
14499.39 9461.26
14497.65 9475.44
14495.83 9490.38
14494.21 9503.71
14493.08 9512.98
14492.48 9517.91
14492.39 9518.61
14492.39 9518.63
14492.39 9518.64
14492.39 9518.64
14492.39 9518.64
14492.39 9518.64
14492.39 9518.64
14492.39 9518.64
14492.39 9518.64
14492.39 9518.64
14492.39 9518.64
14492.39 9518.64
14492.39 9518.64
14492.39 9518.64
14492.39 9518.64
14491.03 9529.81
14490.61 9533.21
14490.07 9537.62
14489.38 9543.26
14488.55 9550.06
14487.48 9558.86
14484.99 9578.92
14483.41 9591.34
14481.80 9604.03
14483.40 9617.54
14480.81 9637.71
14478.94 9652.27
14477.05 9666.90
14475.30 9680.81
14473.50 9695.08
14471.78 9708.66
14470.08 9722.18
14467.51 9742.69
14465.88 9755.98
14464.31 9768.75
14462.43 9781.83
14460.72 9793.83
14459.55 9801.98
14458.82 9807.02
14458.66 9808.14
14458.64 9808.29
14458.63 9808.39
14458.63 9808.40
14458.63 9808.41
14456.86 9820.04
14456.30 9823.45
14455.49 9828.41
14454.52 9834.34
14452.06 9851.07
14450.82 9862.11
14448.85 9875.37
14446.72 9889.62
14444.57 9904.06
14442.51 9918.13
14440.40 9932.04
14438.13 9946.61
14435.92 9960.79
14433.71 9974.95
14431.47 9989.32
14429.14 10004.28
14426.79 10019.39
14424.50 10034.07
14422.16 10049.09
14419.81 10064.21
14417.59 10078.46
14415.33 10092.92
14412.98 10108.02
14410.65 10122.98
14408.34 10137.80
14405.98 10152.93
14403.67 10167.77
14401.60 10182.54
14399.03 10195.82
14396.57 10210.09
14395.89 10214.36
14392.70 10231.21
14392.08 10234.17
14391.70 10236.02
14391.69 10236.05
14391.69 10236.06
14389.55 10247.98
14388.97 10251.90
14388.11 10257.68
14386.90 10265.88
14385.49 10275.40
14383.90 10286.14
14381.98 10299.11
14379.94 10312.83
14377.89 10326.68
14375.78 10340.97
14373.78 10354.42
14371.80 10367.82
14369.80 10381.30
14367.70 10395.07
14364.70 10414.90
14362.75 10429.04
14360.76 10443.44
14358.84 10457.36
14356.83 10471.97
14354.78 10486.38
14352.69 10501.10
14350.60 10515.81
14348.51 10530.49
14346.21 10545.19
14343.99 10559.32
14341.77 10573.50
14339.49 10588.03
14337.33 10601.72
14333.52 10625.59
14331.22 10639.90
14328.87 10654.48
14326.67 10668.16
14324.47 10681.84
14322.28 10695.45
14320.02 10709.32
14317.74 10723.37
14315.47 10737.31
14313.12 10751.79
14310.85 10765.74
14309.27 10775.46
14308.38 10780.94
14308.18 10782.20
14308.16 10782.32
14308.15 10782.37
14308.14 10782.40
14308.14 10782.40
14308.14 10782.40
14308.14 10782.40
14308.14 10782.40
14308.14 10782.40
14308.14 10782.40
14308.14 10782.40
14307.95 10783.57
14307.50 10786.39
14305.30 10800.05
14304.25 10806.56
14302.96 10814.65
14301.32 10824.83
14299.42 10836.72
14297.38 10849.43
14295.52 10861.04
14293.51 10873.15
14291.63 10885.01
14289.86 10896.54
14288.28 10906.86
14286.48 10918.61
14284.72 10930.07
14283.08 10940.77
14281.47 10951.25
14280.23 10959.10
14279.48 10963.81
14279.18 10965.68
14279.02 10966.70
14278.95 10967.13
14278.93 10967.27
14278.92 10967.29
14278.92 10967.31
14278.92 10967.31
14278.92 10967.32
14278.92 10967.32
14278.92 10967.32
14278.92 10967.32
14278.92 10967.32
14278.92 10967.32
14278.92 10967.32
14278.85 10967.77
14278.73 10968.47
14278.56 10969.58
14278.06 10972.70
14277.97 10973.29
14277.93 10973.50
14277.93 10973.50
14277.93 10973.50
14277.93 10973.50
14277.93 10973.50
14277.93 10973.50
14277.93 10973.50
14277.93 10973.50
14277.93 10973.50
14277.93 10973.50
14277.93 10973.50
14277.93 10973.50
14277.93 10973.50
14277.93 10973.50
14277.93 10973.50
14277.93 10973.50
14277.93 10973.50
14277.93 10973.50
14277.93 10973.50
14277.93 10973.50
14277.67 10975.13
14277.23 10977.89
14278.43 10991.34
14277.67 10995.82
14276.65 11001.74
14275.76 11006.92
14275.18 11010.35
14275.04 11011.16
14274.97 11011.58
14274.92 11011.83
14274.90 11011.94
14274.89 11012.01
14274.89 11012.03
14274.89 11012.05
14274.88 11012.07
14274.88 11012.07
14274.88 11012.09
14274.88 11012.09
14274.88 11012.09
14274.88 11012.10
14274.88 11012.10
14274.88 11012.10
14274.88 11012.10
14274.88 11012.10
14274.88 11012.10
14274.88 11012.10
14274.88 11012.10
14274.88 11012.10
14274.88 11012.10
14274.88 11012.10
14274.88 11012.10
14274.79 11012.63
14274.66 11013.34
14274.56 11013.93
14274.30 11015.48
14274.24 11015.83
14274.20 11016.07
14274.19 11016.08
14274.19 11016.08
14274.19 11016.08
14274.19 11016.08
14274.19 11016.08
14274.19 11016.08
14274.19 11016.08
14274.19 11016.08
14274.19 11016.08
14274.19 11016.08
14274.19 11016.08
14274.19 11016.08
14274.19 11016.08
14274.19 11016.08
14274.19 11016.08
14274.19 11016.08
14274.19 11016.08
14274.19 11016.08
14274.19 11016.08
14274.19 11016.08
14274.19 11016.08
14274.19 11016.08
14274.19 11016.08
14274.19 11016.08
14274.19 11016.08
14274.04 11017.00
14273.61 11019.50
14277.37 11033.62
14283.80 11036.75
14291.62 11040.56
14301.06 11045.15
14311.39 11050.18
14321.69 11055.20
14332.79 11060.60
14342.91 11065.53
14353.43 11070.65
14363.85 11075.74
14372.99 11080.37
14383.76 11085.83
14393.32 11090.67
14402.66 11095.40
14413.63 11100.96
14423.41 11105.91
14433.38 11110.97
14443.66 11116.17
14453.85 11121.33
14474.45 11131.73
14486.64 11137.86
14498.61 11143.89
14510.41 11149.82
14522.59 11155.95
14534.87 11162.14
14546.98 11168.23
14559.56 11174.56
14577.73 11184.14
14586.29 11188.86
14607.47 11200.19
14619.04 11206.22
14630.49 11212.18
14642.34 11218.35
14658.47 11226.49
14666.57 11230.43
14671.96 11233.04
14674.74 11234.39
14675.96 11234.99
14676.09 11235.05
14676.10 11235.06
14676.10 11235.06
14674.42 11242.49
14672.32 11243.62
14668.96 11245.43
14665.19 11249.95
14660.71 11255.70
14654.84 11263.22
14648.14 11271.82
14640.08 11282.15
14632.84 11291.44
14628.05 11297.60
14625.69 11300.62
14620.73 11296.13
14621.62 11288.13
14625.72 11278.66
14630.34 11268.01
14635.51 11256.06
14641.21 11242.92
14647.02 11230.70
