14790.70 19325.42
14790.06 19327.23
14788.61 19331.36
14786.67 19336.88
14783.93 19343.87
14780.25 19353.24
14775.77 19364.68
14770.55 19377.76
14765.19 19390.83
14759.96 19403.60
14754.55 19416.80
14749.21 19429.83
14744.04 19442.43
14738.66 19455.90
14733.68 19468.72
14728.77 19481.33
14723.76 19494.19
14718.83 19506.85
14713.95 19519.39
14708.84 19532.52
14703.91 19545.17
14698.66 19558.68
14693.67 19571.49
14688.53 19584.27
14683.15 19597.78
14677.97 19610.75
14672.65 19624.09
14667.47 19637.09
14662.55 19649.97
14657.54 19663.10
14652.63 19675.98
14647.69 19688.84
14642.57 19701.92
14637.62 19714.58
14632.35 19728.06
14627.02 19741.63
14622.03 19754.22
14616.97 19766.98
14612.00 19779.50
14606.92 19792.30
14601.91 19804.95
14596.60 19818.33
14591.18 19831.55
14585.90 19844.43
14580.32 19857.75
14574.96 19870.11
14565.93 19891.53
14560.69 19904.28
14555.61 19916.71
14550.70 19929.43
14545.92 19941.78
14540.76 19954.90
14535.56 19968.11
14530.39 19981.25
14525.55 19993.57
14520.68 20006.02
14515.69 20018.76
14510.54 20031.92
14505.56 20044.64
14500.69 20057.10
14495.74 20069.74
14490.82 20082.30
14485.79 20095.16
14478.53 20117.07
14474.14 20130.53
14469.63 20143.19
14464.78 20156.79
14460.25 20169.49
14455.72 20182.18
14450.96 20195.52
14446.33 20208.51
14441.62 20221.70
14437.22 20234.63
14433.07 20247.69
14428.93 20260.75
14424.57 20274.48
14420.77 20287.13
14417.13 20300.01
14414.76 20313.16
14411.13 20327.01
14407.55 20339.79
14403.68 20353.61
14399.88 20367.17
14396.28 20380.60
14392.93 20394.43
14389.63 20408.04
14386.37 20421.53
14383.23 20434.49
14380.10 20447.41
14376.84 20460.90
14371.71 20482.02
14368.99 20493.22
14366.27 20504.42
14363.48 20515.91
14361.26 20525.05
14360.46 20531.93
14346.74 20543.20
14335.61 20541.28
14323.18 20539.13
14310.30 20536.90
14296.68 20534.54
14283.36 20535.58
14269.50 20533.19
14256.49 20530.93
14243.25 20528.64
14229.97 20526.35
14216.57 20524.03
14203.18 20521.71
14190.01 20519.83
14176.73 20518.45
14162.84 20517.02
14149.36 20515.62
14135.70 20514.21
14121.65 20512.75
14107.93 20511.34
14094.82 20509.98
14081.33 20508.58
14068.35 20507.24
14027.98 20503.24
14019.60 20502.91
14010.81 20502.24
14002.45 20500.95
13993.54 20499.89
13983.64 20495.92
13963.04 20494.46
13955.54 20493.58
13948.09 20493.01
13940.73 20492.41
13905.29 20489.35
13892.71 20489.94
13880.40 20488.52
13868.19 20487.11
13855.57 20485.66
13841.64 20487.37
13827.63 20476.77
13817.42 20473.32
13796.71 20464.98
13784.71 20458.44
13772.82 20451.97
13761.09 20445.59
13749.55 20439.31
13737.43 20434.31
13725.33 20429.44
13711.90 20425.86
13698.65 20422.79
13685.84 20420.93
13672.67 20419.02
13658.98 20417.03
13645.46 20416.05
13631.83 20415.32
13618.43 20414.64
13604.81 20414.17
13592.26 20415.47
13583.93 20418.33
13580.06 20420.67
13569.45 20432.39
13566.19 20438.47
13562.81 20444.76
13559.36 20451.18
13555.01 20456.77
13550.49 20461.65
13545.64 20466.87
13540.86 20472.02
13534.86 20476.75
13528.39 20480.39
13522.01 20483.98
13515.25 20486.51
13508.82 20488.46
13502.34 20490.42
13495.83 20492.39
13471.53 20502.66
13466.68 20511.12
13463.16 20522.46
13460.93 20536.20
13459.60 20551.48
13458.32 20568.38
13458.74 20586.71
13459.22 20607.48
13460.04 20630.64
13461.07 20655.78
13462.20 20683.39
13463.31 20710.63
13464.45 20738.48
13465.56 20765.60
13464.99 20797.71
13465.88 20826.76
13466.76 20855.60
13467.63 20884.32
13468.52 20913.37
13469.40 20942.19
13470.26 20970.39
13470.00 20999.39
13468.81 21028.14
13469.22 21056.58
13470.06 21085.02
13470.90 21113.54
13471.74 21141.93
13472.60 21170.98
13473.44 21199.45
13474.30 21228.51
13474.81 21257.19
13475.57 21285.73
13479.63 21338.92
13480.72 21363.15
13481.84 21388.09
13482.92 21412.23
13484.03 21436.76
13485.13 21461.25
13484.60 21489.99
13485.50 21518.63
13486.39 21547.28
13487.28 21575.87
13488.18 21604.75
13489.09 21633.83
13490.00 21663.17
13490.89 21691.47
13491.79 21720.31
13492.67 21748.68
13493.57 21777.50
13494.49 21806.97
13495.37 21835.31
13496.28 21864.57
13497.17 21893.13
13498.09 21922.67
13499.01 21951.93
13499.92 21981.30
13500.84 22010.71
13501.73 22039.37
13502.64 22068.57
13503.55 22097.73
13504.47 22127.23
13505.39 22156.73
13506.29 22185.71
13507.22 22215.26
13508.13 22244.45
13509.04 22273.81
13509.95 22302.94
13510.85 22331.69
13511.73 22360.09
13512.62 22388.73
13513.54 22418.09
13514.44 22447.03
13515.34 22475.93
13516.24 22504.87
13517.14 22533.56
13518.06 22563.09
13518.97 22592.43
13519.89 22621.82
13520.79 22650.69
13521.69 22679.68
13522.61 22708.92
13523.49 22737.40
13524.38 22765.78
13525.27 22794.51
13526.16 22822.98
13527.07 22852.07
13527.83 22876.66
13528.16 22899.35
13528.48 22921.53
13528.79 22943.82
13529.11 22966.82
13529.43 22989.37
13529.76 23012.42
13529.17 23039.56
13528.53 23062.36
13527.11 23085.02
13525.05 23107.47
13522.49 23130.01
13519.21 23151.88
13515.43 23174.10
13511.25 23195.91
13506.40 23218.24
13500.22 23240.52
13494.15 23262.38
13487.66 23283.85
13480.16 23305.74
13471.63 23327.21
13462.92 23348.15
13454.32 23368.85
13444.48 23388.99
13434.32 23409.58
13418.73 23435.70
13407.16 23453.57
13395.44 23471.67
13376.17 23503.19
13365.57 23518.25
13354.73 23533.20
13342.37 23547.90
13330.50 23561.98
13317.50 23576.00
13305.09 23589.39
13278.15 23614.17
13261.55 23628.80
13244.69 23642.92
13227.13 23657.42
13210.03 23671.33
13192.35 23684.77
13173.30 23697.60
13151.08 23713.95
13132.98 23724.58
13114.53 23735.10
13096.21 23745.06
13078.24 23754.48
13049.14 23766.37
13027.33 23774.73
13005.31 23782.68
12983.70 23790.40
12962.90 23800.39
12940.77 23807.34
12918.89 23812.63
12896.60 23817.69
12873.96 23822.83
12851.69 23827.18
12829.71 23831.34
12807.17 23835.32
12785.01 23838.62
12762.51 23841.48
12743.74 23843.87
12697.21 23852.83
12691.68 23855.69
12687.46 23860.19
12683.86 23865.06
12683.28 23870.97
12691.64 23885.26
12697.32 23889.57
12713.96 23892.74
12725.55 23887.28
12737.78 23881.53
12749.86 23875.85
12762.48 23871.17
12774.57 23866.76
12787.30 23862.12
12800.04 23857.47
12812.25 23853.02
12844.85 23845.93
12856.78 23843.87
12868.23 23841.90
12880.15 23839.85
12891.38 23837.92
12902.84 23835.95
12914.49 23833.94
12928.71 23827.75
12941.77 23824.57
12954.40 23821.48
12965.75 23818.71
12973.13 23816.91
12976.70 23816.04
12991.11 23815.12
12998.77 23812.53
13008.86 23809.11
13020.92 23804.85
13034.12 23800.09
13046.99 23795.45
13060.60 23790.55
13074.56 23787.19
13089.17 23786.66
13103.47 23787.67
13117.60 23790.31
13129.43 23796.62
13141.55 23804.13
13152.58 23813.70
13162.74 23822.51
13173.55 23831.89
13184.52 23841.41
13195.36 23850.82
13206.05 23860.09
13216.27 23868.95
13227.07 23878.32
13237.57 23887.45
13248.53 23896.98
13259.44 23906.47
13269.72 23915.41
13280.32 23924.63
13290.73 23933.08
13302.33 23941.10
13313.50 23948.81
13324.88 23956.67
13336.35 23964.59
13348.83 23971.84
13361.19 23977.92
13374.23 23984.34
13386.48 23990.37
13399.21 23995.52
13413.15 24000.01
13427.07 24004.49
13440.45 24008.80
13453.22 24012.91
13467.03 24017.36
13480.15 24021.58
13493.77 24025.97
13507.23 24030.30
13520.31 24034.51
13533.89 24038.89
13547.44 24043.25
13560.55 24047.47
13573.84 24051.75
13587.29 24056.08
13600.07 24062.07
13612.45 24068.15
13624.69 24075.20
13636.27 24082.71
13647.37 24090.61
13658.40 24099.54
13668.45 24108.57
13679.20 24118.34
13689.27 24127.79
13698.35 24138.44
13706.41 24149.41
13714.31 24160.39
13722.88 24172.30
13731.25 24183.94
