18524.88 4833.30
18523.30 4831.91
18520.41 4829.38
18516.50 4825.94
18511.19 4821.26
18504.60 4815.47
18496.19 4808.07
18488.12 4800.98
18479.73 4793.61
18471.77 4786.60
18463.75 4779.56
18455.59 4772.38
18447.64 4765.39
18439.63 4758.37
18431.69 4751.42
18423.10 4743.89
18414.61 4736.45
18406.00 4729.28
18397.54 4722.41
18388.65 4715.19
18380.26 4708.37
18371.86 4701.55
18363.05 4694.39
18354.52 4687.86
18345.25 4681.34
18336.02 4674.86
18327.43 4668.83
18318.62 4662.65
18309.45 4656.21
18300.01 4649.58
18290.93 4643.21
18281.85 4637.27
18272.33 4631.19
18263.31 4625.43
18254.04 4619.50
18245.13 4613.81
18235.53 4607.67
18226.26 4601.75
18217.01 4596.46
18206.69 4591.26
18196.86 4586.30
18187.43 4581.54
18176.65 4577.19
18166.08 4573.28
18156.29 4569.65
18145.71 4565.85
18135.06 4562.08
18124.84 4558.47
18114.13 4554.07
18104.31 4549.54
18094.73 4544.20
18085.00 4538.08
18075.79 4531.43
18067.03 4524.20
18060.19 4516.35
18053.39 4507.66
18046.25 4498.55
18039.32 4489.69
18032.64 4481.16
18025.56 4472.13
18018.98 4463.72
18011.91 4455.98
18004.16 4447.74
17996.48 4439.89
17988.99 4432.52
17981.55 4425.19
17972.32 4418.69
17963.65 4412.60
17954.79 4406.38
17944.93 4401.72
17934.48 4397.03
17923.95 4393.74
17913.82 4390.57
17903.00 4388.01
17891.97 4385.41
17881.32 4384.35
17870.90 4383.39
17860.10 4383.00
17848.90 4382.81
17837.31 4382.61
17825.85 4382.23
17814.31 4381.23
17803.27 4379.71
17792.79 4376.73
17782.62 4371.76
17774.23 4366.23
17769.73 4362.87
17775.01 4362.70
17782.18 4367.73
17791.80 4372.88
17801.94 4376.03
17812.26 4377.71
17822.90 4378.68
17834.41 4379.26
17845.70 4379.45
17857.13 4379.65
17867.60 4379.83
17878.08 4380.74
17888.84 4381.73
17900.27 4383.98
17911.58 4386.64
17922.56 4389.84
17933.23 4393.18
17943.45 4397.42
17953.21 4401.85
17962.48 4407.75
17971.45 4414.05
17980.53 4420.42
17988.64 4427.53
17996.32 4435.10
18003.99 4442.74
18011.22 4450.42
18018.82 4458.51
18026.05 4467.40
18032.66 4475.83
18039.36 4484.39
18046.47 4493.47
18052.91 4501.69
18059.65 4510.30
18066.64 4519.23
18074.76 4526.30
18083.10 4532.98
18092.54 4538.92
18102.22 4544.94
18112.42 4549.65
18122.93 4554.29
18132.78 4557.77
18143.17 4561.45
18153.42 4565.07
18163.57 4568.83
18174.29 4572.80
18184.27 4576.50
18193.90 4581.11
18204.10 4586.25
18213.79 4591.14
18223.58 4596.13
18233.45 4602.43
18242.71 4608.35
18252.21 4614.41
18261.07 4620.08
18269.96 4625.75
18279.11 4631.60
18288.42 4637.55
18297.83 4644.01
18306.71 4650.24
18316.16 4656.88
18325.37 4663.35
18333.99 4669.41
18343.51 4676.10
18352.50 4682.41
18361.10 4688.55
18369.97 4695.76
18378.69 4702.85
18387.21 4709.77
18395.44 4716.46
18404.11 4723.50
18412.56 4730.37
18420.56 4737.28
18429.24 4744.89
18438.00 4752.56
18446.45 4759.97
18454.61 4767.12
18462.54 4774.10
18470.83 4781.39
18479.60 4789.09
18488.06 4796.54
18496.03 4803.55
18504.55 4811.04
18513.23 4818.67
18521.32 4825.79
18529.71 4833.16
18545.50 4846.83
18554.14 4854.27
18562.57 4861.53
18570.75 4868.57
18579.32 4875.96
18587.51 4883.01
18595.63 4889.88
18603.70 4896.42
18612.61 4903.65
18621.06 4910.51
18629.12 4917.04
18637.27 4923.66
18645.92 4930.67
18654.23 4937.32
18662.62 4943.65
18671.08 4950.03
18680.28 4956.98
18688.79 4963.40
18697.95 4970.31
18706.34 4976.64
18715.53 4983.58
18724.25 4990.16
18733.08 4996.82
18742.17 5003.68
18750.49 5009.96
18759.31 5016.62
18768.53 5023.57
18777.22 5030.16
18786.00 5037.08
18794.97 5044.15
18803.91 5051.20
18812.41 5057.90
18821.32 5064.93
18829.99 5071.77
18838.30 5078.31
18847.33 5085.43
18855.83 5092.14
18864.71 5099.13
18880.63 5112.57
18888.72 5119.35
18896.80 5125.88
18904.92 5132.62
18912.89 5139.32
18921.31 5146.41
18929.71 5153.47
18937.59 5159.66
18945.57 5165.92
18954.07 5172.58
18961.84 5178.66
18970.12 5184.91
18978.57 5191.30
18990.62 5194.14
18996.38 5186.62
19002.08 5179.19
19008.15 5171.28
19014.52 5162.98
19020.30 5155.45
19026.17 5147.89
19030.46 5142.48
19032.80 5139.53
19045.59 5134.93
19053.17 5135.47
19062.30 5136.12
19070.95 5136.74
19075.99 5137.10
19082.40 5130.41
19085.60 5123.09
19090.48 5115.42
19104.19 5104.59
19112.95 5101.55
19122.36 5100.19
19131.46 5100.62
19140.22 5101.31
19149.03 5102.01
19154.71 5102.46
19176.24 5116.04
19181.99 5118.02
19186.72 5122.68
19191.50 5127.37
19204.18 5139.84
19213.10 5143.98
19219.41 5150.28
19225.60 5157.13
19238.49 5171.25
19244.68 5177.99
19251.27 5185.18
19257.36 5191.82
19270.13 5205.89
19276.38 5212.93
19282.67 5220.00
19288.72 5226.82
19295.41 5234.35
19301.76 5241.50
19307.95 5248.48
19321.95 5263.30
19329.06 5270.62
19336.14 5277.92
19343.08 5285.07
19350.40 5292.54
19357.29 5299.40
19364.52 5306.60
19371.56 5313.60
19385.38 5327.72
19392.31 5334.91
19399.69 5342.58
19407.42 5350.61
19415.10 5358.59
19422.10 5365.87
19429.88 5373.95
19437.15 5381.51
19444.72 5389.37
19452.03 5396.97
19459.38 5404.61
19466.70 5412.21
19474.24 5420.05
19482.01 5428.12
19489.60 5436.01
19503.80 5450.74
19510.47 5457.65
19517.45 5464.88
19524.68 5472.37
19531.59 5479.52
19538.72 5486.92
19545.94 5494.39
19553.30 5502.01
19567.34 5516.69
19574.10 5523.88
19580.61 5530.82
19587.04 5537.66
19593.39 5544.42
19600.26 5551.74
19607.00 5558.91
19614.05 5566.41
19627.47 5580.46
19633.72 5586.87
19640.64 5593.98
19647.59 5601.11
19653.98 5607.67
19667.00 5622.23
19673.30 5629.47
19679.18 5636.21
19685.62 5643.60
19691.62 5650.33
19698.08 5656.42
19712.91 5670.70
19720.18 5677.77
19727.83 5685.23
19734.86 5692.09
19741.99 5699.05
19749.06 5705.97
19756.64 5713.37
19763.50 5720.08
19770.79 5727.21
19785.16 5741.61
19792.21 5748.95
19798.87 5755.93
19805.99 5763.49
19813.31 5771.26
19820.10 5778.46
19826.73 5785.52
19833.73 5792.97
19840.92 5800.61
19854.09 5814.66
19861.62 5822.29
19869.03 5830.01
19876.00 5837.28
19883.03 5844.33
19890.55 5851.79
19898.14 5859.30
19905.11 5866.21
19912.08 5873.12
19917.32 5878.31
19928.52 5888.87
19932.78 5892.91
19936.19 5897.15
19940.06 5901.95
19943.99 5906.82
19947.81 5911.56
19951.35 5915.95
19954.63 5920.27
19957.91 5924.76
19961.72 5930.00
19965.09 5934.65
19968.61 5939.48
19972.01 5944.15
19975.90 5949.50
19979.40 5954.31
19982.59 5958.70
19986.06 5963.47
19989.94 5968.80
19996.95 5978.72
19999.85 5983.12
20002.80 5987.59
20005.57 5991.80
20008.25 5995.87
20010.70 5999.59
20013.59 6003.97
20016.35 6008.16
20019.30 6012.63
20023.50 6015.95
20028.23 6021.70
20033.82 6028.49
20039.91 6036.79
20045.70 6044.70
20051.39 6052.49
20057.47 6060.79
20063.10 6068.49
20068.94 6076.47
20074.39 6083.92
20079.93 6091.49
20086.00 6099.78
20095.87 6117.50
20100.02 6126.45
20104.09 6135.25
20108.31 6144.34
20112.47 6153.02
20116.91 6162.26
20120.97 6170.73
20125.28 6179.73
20129.39 6188.29
20133.51 6196.90
20137.84 6205.92
20142.06 6214.72
20146.46 6223.90
20150.72 6232.79
20155.13 6241.97
20159.63 6251.36
20163.73 6259.91
20167.91 6268.62
20188.97 6304.17
20192.89 6311.68
20196.55 6318.56
20200.26 6325.51
20203.97 6332.48
20207.75 6339.91
20214.77 6355.99
20218.02 6365.29
20221.29 6374.63
20224.72 6384.44
20227.98 6393.76
20231.28 6403.17
20234.67 6412.86
20237.91 6422.13
20241.21 6432.00
20244.21 6441.43
20247.32 6451.20
20252.59 6467.71
20254.93 6475.01
20257.38 6482.67
20262.90 6500.47
20265.66 6509.52
20268.26 6518.02
20270.78 6526.31
20276.80 6545.28
20279.83 6554.77
20282.94 6564.46
20286.11 6574.39
20289.16 6583.92
20291.90 6594.38
20294.32 6604.11
20295.42 6614.52
20296.22 6625.32
20296.80 6635.20
20296.53 6645.43
20296.27 6655.24
20296.11 6661.00
20296.08 6664.54
20296.07 6665.73
20296.05 6668.87
20296.01 6672.78
20296.00 6674.50
20295.99 6675.40
20295.99 6675.52
20295.99 6675.53
20295.99 6675.53
20295.99 6675.53
20295.99 6675.53
20295.99 6675.53
20295.99 6675.53
20295.99 6675.53
20295.99 6675.53
20295.99 6675.53
20295.99 6675.53
20295.99 6675.53
20295.99 6675.53
20295.99 6675.53
20295.99 6675.53
20295.99 6675.53
20295.99 6675.53
20295.99 6675.53
20295.99 6675.53
20295.99 6675.53
20295.99 6675.53
20295.99 6675.53
20295.99 6675.53
20295.99 6675.53
20295.99 6675.53
20295.98 6677.55
20295.95 6681.11
20296.56 6697.93
20297.34 6706.21
20299.11 6716.43
20303.06 6726.78
20307.53 6737.21
20312.94 6747.24
20318.84 6756.92
20324.87 6766.15
20331.57 6774.90
20338.45 6783.82
20345.22 6792.59
20352.21 6801.58
20359.05 6810.31
20365.79 6819.47
20372.31 6828.36
20378.98 6837.46
20385.08 6847.28
20390.87 6857.31
20396.28 6867.16
20401.55 6876.89
20407.06 6887.06
20408.97 6897.97
20413.58 6907.09
20418.50 6916.80
20423.25 6926.24
20428.41 6936.58
20433.06 6945.91
20440.64 6954.42
20444.64 6964.74
20448.69 6975.15
20452.55 6985.10
20456.44 6995.13
20460.27 7004.98
20464.20 7015.14
20467.95 7024.83
20471.72 7034.57
20475.64 7044.19
20480.02 7054.72
20484.46 7065.27
20489.31 7074.92
20494.48 7085.21
20499.61 7095.41
20504.26 7104.65
20509.19 7114.46
20514.27 7124.56
20519.06 7135.08
20523.52 7144.87
20528.07 7154.87
20535.98 7173.12
20540.00 7183.68
20543.79 7193.62
20547.45 7203.22
20550.62 7212.86
20553.88 7223.33
20553.51 7233.27
20556.91 7243.86
20560.76 7253.39
20564.65 7262.98
20568.88 7273.45
20573.41 7283.28
20578.29 7293.13
20583.00 7302.33
20588.21 7311.04
20594.54 7320.01
20600.70 7328.76
20607.14 7337.02
20614.21 7345.73
20621.41 7354.40
20628.11 7362.25
20635.35 7370.74
20642.65 7379.30
20649.46 7387.29
20656.36 7395.37
20662.83 7403.65
20668.85 7412.66
20675.03 7421.92
20680.79 7430.57
20686.89 7439.50
20692.61 7447.83
20698.63 7456.65
20704.05 7465.79
20716.54 7498.64
20717.96 7506.50
20718.94 7514.42
20719.29 7523.01
20719.62 7530.91
20723.23 7538.48
20723.84 7553.34
20724.26 7563.97
20724.69 7574.57
20725.09 7584.51
20725.51 7595.06
20725.93 7605.20
20726.36 7615.81
20726.79 7626.48
20727.22 7636.86
20727.66 7647.69
20728.06 7657.56
20728.47 7667.60
20729.31 7683.43
20729.91 7692.47
20730.52 7701.59
20731.11 7710.34
20731.51 7716.39
20731.74 7719.71
20731.78 7720.30
20731.78 7720.41
20731.79 7720.42
20731.79 7720.43
20731.79 7720.43
20731.79 7720.43
20731.79 7720.43
20731.79 7720.43
20731.79 7720.43
20731.79 7720.43
20731.79 7720.43
20731.79 7720.43
20731.79 7720.43
20731.79 7720.43
20732.79 7738.51
20732.99 7742.97
20733.25 7748.86
20733.61 7756.88
20734.05 7766.60
20734.53 7777.19
20735.00 7787.57
20735.73 7797.86
20736.51 7808.13
20737.30 7818.59
20738.10 7829.27
20738.89 7839.77
20739.69 7850.34
20740.51 7866.94
20740.93 7877.20
20741.43 7887.84
20741.94 7898.82
20742.46 7909.89
20742.77 7920.87
20742.87 7931.56
20742.93 7941.94
20742.97 7952.73
20743.02 7963.86
20743.72 7976.48
20741.05 7986.57
20741.64 7995.97
20742.20 8005.36
20742.63 8013.82
20742.88 8018.73
20742.96 8020.30
20742.96 8020.37
20742.96 8020.37
20742.96 8020.37
20742.96 8020.37
20743.03 8022.27
20743.03 8022.41
20743.03 8022.47
20743.03 8022.47
20743.08 8024.63
20743.09 8025.13
20743.09 8025.24
20743.09 8025.25
20743.09 8025.26
20743.09 8025.26
20743.09 8025.26
20743.09 8025.26
20743.09 8025.26
20743.09 8025.26
20743.09 8025.26
20743.09 8025.26
20743.09 8025.26
20743.09 8025.26
20743.09 8025.26
20743.09 8025.26
20743.09 8025.26
20743.09 8025.26
20743.09 8025.26
20743.43 8036.13
20743.48 8037.32
20743.25 8039.16
20742.66 8041.50
20745.05 8060.44
20745.86 8071.21
20746.61 8081.18
20747.36 8091.14
20748.16 8101.79
20748.91 8111.83
20749.24 8122.31
20749.50 8132.14
20749.78 8142.48
20750.12 8152.51
20750.57 8162.43
20751.05 8172.92
20751.53 8183.32
20752.00 8193.56
20752.45 8204.32
20752.77 8214.51
20753.10 8225.15
20752.66 8235.01
20751.79 8241.84
20751.09 8245.55
20751.00 8245.81
20750.96 8245.93
20750.93 8246.01
20750.91 8246.06
20750.91 8246.06
20750.91 8246.06
20750.91 8246.06
20750.54 8247.11
20749.58 8249.79
20730.51 8278.99
20728.52 8280.83
20726.01 8283.14
20722.73 8286.18
20719.40 8289.22
20703.95 8303.59
20696.76 8310.45
20689.37 8317.50
20681.75 8324.77
20674.20 8331.97
20666.44 8339.34
20658.98 8346.39
20651.49 8353.47
20644.28 8360.29
20636.34 8367.79
20628.60 8375.11
20621.12 8382.17
20599.63 8397.88
20591.75 8405.48
20583.70 8413.23
20575.93 8420.71
20568.07 8428.28
20560.76 8435.32
20553.49 8442.32
20546.07 8449.47
20538.54 8456.72
20531.07 8463.91
20523.09 8471.60
20515.13 8479.26
20507.01 8487.09
20499.11 8494.69
20491.82 8501.72
20483.78 8509.51
20475.89 8517.24
20468.37 8524.62
20460.78 8536.92
20453.21 8545.03
20445.76 8553.31
20438.65 8561.66
20431.82 8569.68
20424.46 8578.33
20417.25 8586.81
20409.77 8595.59
20402.99 8603.55
20395.54 8612.31
20388.44 8620.65
20381.48 8628.82
20374.64 8637.04
20367.99 8645.49
20361.44 8653.82
20354.53 8662.60
20347.37 8671.71
20340.29 8680.71
20333.70 8689.08
20326.62 8698.08
20319.97 8706.53
20313.22 8715.11
20306.26 8723.98
20299.58 8732.56
20292.66 8741.44
20285.77 8750.27
20278.86 8759.15
20272.41 8768.25
20266.26 8776.95
20260.21 8785.50
20253.76 8794.61
20247.70 8803.18
20241.63 8812.46
20235.50 8821.88
20229.76 8830.71
20224.12 8839.38
20218.37 8848.64
20212.48 8858.13
20206.44 8867.88
20200.62 8877.26
20195.14 8886.61
20189.51 8896.53
20184.34 8905.64
20179.03 8915.30
20173.78 8925.36
20168.74 8935.00
20163.45 8945.14
20158.30 8954.99
20153.45 8964.28
20148.36 8974.03
20143.57 8983.21
20138.75 8992.43
20133.88 9001.77
20128.70 9011.70
20123.83 9021.02
20118.49 9031.26
20113.15 9041.49
20105.65 9048.61
20101.22 9056.92
20098.86 9061.34
20098.28 9062.43
20098.19 9062.59
20098.18 9062.61
20098.18 9062.62
20098.18 9062.62
20084.35 9086.97
20081.99 9090.55
20078.43 9095.94
20074.04 9102.58
20068.42 9109.90
20061.11 9117.66
20054.05 9125.16
20046.78 9132.65
20039.09 9140.37
20031.77 9147.72
20023.12 9154.81
20014.61 9161.16
20006.07 9167.54
19997.26 9173.92
19988.74 9179.39
19979.78 9185.15
19970.84 9190.91
19961.83 9196.77
19952.40 9202.95
19943.68 9208.66
19934.23 9214.78
19925.10 9220.64
19916.49 9226.16
19907.49 9231.92
19898.12 9237.93
19889.13 9243.69
19871.23 9255.24
19862.22 9261.25
19853.79 9267.12
19844.93 9272.83
19835.89 9277.84
19826.66 9282.96
19816.61 9286.23
19806.31 9289.51
19798.18 9295.56
19789.00 9298.48
19779.73 9301.43
19769.19 9304.78
19758.83 9308.08
19748.33 9311.42
19737.92 9314.73
19727.70 9317.93
19717.23 9321.09
19707.09 9324.15
19696.32 9327.41
19685.58 9330.65
19675.53 9333.69
19665.21 9336.80
19655.35 9339.78
19645.41 9342.78
19627.91 9348.37
19619.55 9351.19
19611.16 9354.02
19603.10 9356.73
19595.43 9359.32
19576.49 9370.79
19572.31 9376.45
19571.60 9380.76
19571.63 9383.12
19571.64 9383.24
19571.64 9383.27
19571.64 9383.28
19571.64 9383.28
19571.64 9383.29
19571.70 9384.09
19571.87 9386.29
19572.42 9389.01
19578.42 9399.87
19583.14 9403.31
19588.79 9407.42
19595.48 9412.29
19600.36 9416.13
19606.23 9420.88
19610.68 9424.49
19611.16 9437.65
19607.71 9441.95
19603.92 9446.68
19600.32 9451.17
19596.74 9455.64
19593.25 9459.99
19589.25 9464.98
19585.73 9469.37
19581.66 9473.86
19577.42 9478.35
19573.13 9482.90
19569.04 9487.23
19564.79 9491.73
19561.02 9495.72
19556.81 9500.18
19553.21 9503.99
19544.15 9515.98
19540.72 9520.71
19537.59 9525.01
19534.27 9529.56
19530.58 9534.64
19527.33 9539.10
19524.05 9543.63
19520.44 9548.60
19517.36 9552.84
19514.01 9557.47
19510.78 9561.91
19507.50 9566.43
19499.30 9578.74
19496.80 9582.99
19494.32 9587.21
19491.72 9591.63
19489.17 9595.99
19486.95 9600.35
19481.19 9613.19
19479.32 9618.01
19477.79 9621.97
19475.98 9626.66
19474.76 9631.01
19473.53 9635.49
19470.84 9649.88
19470.07 9655.22
19469.39 9659.79
19468.61 9665.09
19468.01 9669.67
19467.52 9674.63
19467.22 9677.75
19456.47 9684.53
19451.22 9684.01
19446.00 9683.53
19440.52 9683.01
19435.92 9682.59
19430.55 9682.09
19427.59 9681.81
19412.97 9680.45
19407.34 9679.93
19401.56 9679.39
19396.55 9678.92
19390.79 9678.39
19384.94 9677.84
19379.97 9677.38
19374.98 9676.91
19369.36 9676.39
19363.73 9675.86
19348.29 9674.43
19342.29 9673.87
19336.48 9673.33
19330.61 9672.78
19324.53 9672.22
19318.76 9671.68
19312.45 9671.09
19306.59 9670.55
19300.50 9669.98
19294.05 9669.38
19287.65 9668.79
19281.95 9668.26
19275.90 9667.69
19270.08 9667.05
19266.68 9663.49
19258.10 9664.48
19254.48 9668.73
19250.51 9673.39
19246.42 9678.19
19242.74 9682.52
19238.88 9687.05
19234.84 9691.80
19231.19 9696.08
19227.69 9700.39
19223.80 9705.18
19219.86 9710.02
19216.09 9714.67
19212.71 9718.96
19208.82 9723.90
19205.15 9728.55
19201.17 9733.59
19197.46 9738.30
19193.57 9743.23
19189.58 9748.30
19186.03 9752.80
19182.69 9757.04
19180.22 9760.17
19167.30 9759.15
19163.27 9755.66
19159.50 9752.40
19155.39 9748.84
19151.79 9745.73
19147.65 9742.14
19136.69 9732.39
19133.19 9729.19
19130.02 9726.30
19126.38 9722.98
19122.81 9719.73
19112.28 9710.06
19108.52 9706.57
19104.73 9703.06
19100.87 9699.49
19096.89 9695.81
19092.79 9691.58
19088.83 9687.10
19085.18 9682.96
19081.20 9678.45
19077.61 9674.37
19073.65 9669.88
19069.73 9665.44
19066.17 9661.40
19062.64 9657.09
19059.73 9653.28
19058.46 9651.60
19058.24 9651.32
19058.12 9651.17
19058.12 9651.17
19058.12 9651.17
19058.12 9651.17
19058.12 9651.17
19058.12 9651.17
19058.12 9651.17
19058.12 9651.17
19058.12 9651.17
19058.12 9651.17
19058.12 9651.17
19052.93 9650.48
19050.77 9652.61
19047.60 9655.74
19043.48 9659.84
19037.83 9665.46
19031.22 9672.04
19023.74 9679.49
19015.92 9687.28
19008.01 9695.16
19000.66 9702.39
18993.01 9709.71
18985.29 9717.09
18977.10 9724.93
18969.74 9731.96
18961.87 9739.50
18954.46 9746.59
18946.80 9753.91
18939.18 9761.20
18931.48 9767.79
18923.27 9774.81
18914.78 9781.51
18906.26 9787.75
18889.85 9799.38
18880.72 9805.65
18871.81 9811.66
18862.63 9817.69
18853.28 9823.82
18844.19 9829.79
18834.68 9836.03
18825.99 9841.90
18816.53 9848.16
18806.93 9854.12
18797.11 9860.23
18787.26 9865.77
18777.50 9871.24
18767.73 9876.53
18758.06 9881.61
18749.19 9886.52
18739.86 9892.18
18729.26 9898.05
18721.59 9901.64
18716.83 9903.86
18715.40 9904.53
18714.91 9904.76
18714.64 9904.89
18713.64 9905.35
18711.47 9906.37
18697.43 9912.94
18691.50 9915.71
18684.02 9919.10
18674.47 9923.29
18663.37 9928.60
18651.43 9935.08
18638.48 9942.82
18625.77 9950.69
18613.50 9958.28
18601.40 9965.77
18585.59 9976.14
18572.28 9984.92
18559.14 9993.57
18545.77 10002.27
18532.60 10010.66
18519.73 10018.83
18506.64 10027.13
18494.08 10035.57
18477.56 10047.81
18462.87 10058.99
18451.38 10069.10
18440.12 10079.10
18428.80 10089.16
18417.52 10099.19
18405.74 10109.66
18394.25 10119.87
18382.30 10130.56
18370.40 10140.95
18358.62 10151.20
18346.47 10161.78
18335.12 10171.66
18322.95 10182.25
18310.97 10192.68
18299.59 10202.58
18287.55 10213.06
18275.32 10223.70
18263.42 10234.06
18251.94 10244.06
18240.14 10254.33
18227.99 10264.91
18216.28 10275.10
18204.81 10285.09
18192.75 10295.16
18181.20 10304.83
18169.60 10314.61
18157.88 10324.64
18145.75 10335.06
18133.82 10345.31
18121.68 10355.74
18109.56 10366.15
18097.44 10376.24
18085.12 10386.09
18072.08 10395.28
18059.35 10403.97
18045.68 10412.43
18031.89 10419.85
18018.56 10427.03
18004.73 10432.82
17990.34 10438.50
17975.06 10443.82
17960.07 10448.14
17944.86 10452.43
17929.83 10455.93
17914.46 10458.74
17899.26 10460.86
17883.77 10463.01
17867.95 10465.21
17852.18 10467.79
17836.33 10470.58
17821.07 10473.27
17805.48 10476.54
17790.49 10480.05
17749.60 10493.46
17740.12 10497.25
17729.93 10501.33
17722.52 10504.35
17717.92 10506.38
17716.04 10507.22
17716.00 10507.23
17715.99 10507.24
17715.99 10507.24
17715.99 10507.24
17715.99 10507.24
17715.99 10507.24
17715.99 10507.24
17715.99 10507.24
17715.99 10507.24
17705.35 10512.11
17701.98 10513.71
17696.61 10516.26
17689.72 10519.54
17680.85 10523.75
17670.14 10528.84
17657.61 10534.79
17643.81 10541.35
17629.76 10548.03
17615.52 10554.72
17601.65 10561.18
17587.96 10567.57
17573.53 10574.30
17559.63 10580.78
17545.41 10587.41
17531.02 10594.36
17517.12 10601.15
17502.65 10608.22
17488.36 10615.20
17474.13 10622.15
17459.80 10629.15
17445.45 10636.17
17431.59 10642.94
17417.71 10649.72
17403.95 10656.44
17389.71 10663.42
17376.18 10670.15
17361.78 10677.31
17347.66 10684.33
17333.64 10691.46
17319.35 10698.92
17305.81 10706.00
17291.94 10714.28
17278.27 10722.99
17264.97 10731.47
17252.61 10740.79
17237.93 10750.02
17227.51 10758.15
17217.47 10767.10
17210.24 10773.56
17205.79 10777.53
17204.15 10778.99
17204.14 10779.00
17204.14 10779.00
17204.14 10779.00
17204.14 10779.00
17204.14 10779.00
17204.14 10779.00
17204.14 10779.00
17204.14 10779.00
17204.14 10779.00
17204.14 10779.00
17204.14 10779.00
17203.01 10780.01
17200.90 10782.04
17185.76 10794.71
17181.69 10798.76
17176.44 10803.98
17169.66 10810.72
17162.69 10817.66
17155.74 10824.56
17148.23 10832.04
17141.01 10839.21
17133.76 10846.42
17126.54 10853.60
17119.47 10860.96
17112.76 10868.03
17105.35 10875.84
17095.40 10883.97
17089.07 10890.92
17082.35 10898.29
17076.11 10905.14
17069.79 10912.08
17063.04 10919.49
17056.58 10926.58
17050.45 10933.30
17046.72 10937.36
17045.57 10938.60
17045.43 10938.76
17045.41 10938.78
17045.41 10938.78
17045.41 10938.78
17045.41 10938.78
17045.41 10938.78
17045.41 10938.78
17045.41 10938.78
17045.41 10938.78
17045.41 10938.78
17025.34 10940.20
17023.82 10939.18
17021.70 10937.19
17019.64 10934.22
17017.14 10930.63
17014.83 10927.30
17013.78 10925.79
17013.63 10925.58
17013.61 10925.54
17013.60 10925.54
17013.60 10925.54
17006.61 10914.96
17005.06 10911.82
17002.80 10907.29
16999.81 10901.25
16995.92 10893.44
16988.90 10882.98
16981.02 10872.02
16973.17 10861.10
16964.73 10850.26
16956.08 10839.26
16947.88 10828.84
16939.92 10818.72
16932.04 10808.70
16923.17 10798.13
16914.19 10787.74
16905.26 10777.42
16894.98 10765.44
16887.15 10755.98
16879.65 10746.91
16872.28 10738.01
16861.04 10723.56
16854.53 10712.63
16848.78 10701.62
16844.60 10689.08
16842.98 10677.04
16842.34 10663.84
16843.73 10651.05
16845.13 10638.11
16846.50 10625.40
16847.52 10612.63
16847.68 10599.64
16846.57 10586.88
16843.99 10574.06
16840.88 10561.90
16834.96 10551.15
16828.66 10539.87
16822.64 10529.11
16811.76 10504.58
16802.42 10492.70
16792.06 10479.53
16780.82 10465.23
16768.60 10449.69
16755.57 10433.11
16741.02 10414.61
16724.94 10394.15
16707.98 10372.58
16687.90 10349.93
16670.91 10328.61
16653.69 10307.01
16635.92 10284.93
16618.53 10263.90
16601.07 10242.78
16583.21 10221.18
16564.93 10199.50
16546.75 10178.28
16528.80 10157.31
16510.84 10136.34
16492.81 10114.95
16475.21 10093.40
16457.64 10071.90
16440.39 10050.77
16423.15 10029.67
16405.86 10008.50
16388.51 9987.26
16371.14 9965.99
16353.83 9944.16
16336.99 9922.61
16319.93 9900.78
16303.12 9879.27
16285.66 9856.92
16268.26 9834.65
16251.16 9812.77
16233.84 9790.60
16217.13 9769.22
16200.03 9747.33
16183.26 9725.87
16165.97 9703.74
16148.60 9681.52
16131.11 9659.13
16113.66 9636.80
16096.24 9614.51
16079.51 9593.10
16062.60 9571.45
16045.42 9549.46
16028.04 9527.22
16011.25 9505.57
15994.34 9482.80
15977.69 9460.37
15961.17 9438.13
15944.63 9415.85
15928.37 9393.95
15911.57 9371.34
15895.01 9349.04
15878.24 9326.45
15861.55 9303.98
15844.91 9281.57
15828.40 9259.35
15814.40 9234.96
15800.26 9210.38
15784.09 9188.41
15767.99 9166.49
15751.40 9143.89
15735.00 9121.80
15718.10 9099.48
15701.08 9077.01
15684.47 9055.06
15667.64 9032.89
15650.80 9011.27
15633.77 8989.41
15616.67 8967.45
15599.22 8945.05
15581.89 8923.01
15564.72 8901.25
15547.08 8879.82
15528.73 8858.15
15510.21 8837.23
15491.22 8816.46
15472.32 8795.79
15453.28 8774.95
15434.53 8755.08
15414.90 8734.85
15395.09 8715.46
15375.24 8696.13
15350.29 8677.17
15329.91 8659.07
15309.09 8640.57
15288.45 8622.24
15268.00 8604.44
15246.87 8587.17
15225.70 8569.88
15203.91 8552.09
15182.40 8534.92
15160.69 8518.75
15138.34 8502.11
15116.63 8485.95
15094.33 8469.34
15071.10 8453.54
15048.40 8438.09
15025.74 8422.66
14981.63 8394.50
14958.51 8380.05
14936.01 8366.37
14913.54 8352.97
14890.69 8339.87
14866.72 8326.67
14843.38 8313.95
14819.59 8301.37
14796.26 8289.19
14772.24 8277.22
14748.35 8265.32
14723.97 8253.97
14699.82 8242.78
14675.72 8232.21
14651.07 8221.74
14626.75 8211.62
14602.08 8201.48
14577.28 8191.72
14552.39 8182.23
14526.78 8172.92
14501.60 8164.09
14475.90 8155.36
14450.46 8146.96
14425.46 8138.71
14399.35 8131.98
14370.34 8123.54
14345.42 8115.88
14319.18 8108.67
14293.59 8101.89
14264.57 8094.63
14238.85 8088.73
14212.54 8083.18
14183.16 8077.51
14153.87 8072.14
14122.35 8066.36
14088.19 8060.87
14054.20 8055.88
14023.04 8051.31
13992.98 8048.50
13965.20 8044.68
13937.32 8041.74
13910.00 8039.63
13882.68 8038.23
13854.62 8036.80
13826.41 8035.35
13799.22 8033.96
13771.01 8033.73
13743.73 8033.59
13715.40 8033.44
13687.99 8033.31
13659.73 8034.05
13631.73 8035.21
13604.16 8036.35
13575.91 8037.51
13548.25 8038.65
13520.00 8041.53
13491.77 8044.47
13464.25 8047.33
13436.15 8050.26
13408.83 8053.73
13380.90 8057.55
13352.91 8061.37
13325.89 8065.06
13298.58 8070.22
13271.84 8075.32
13244.78 8080.47
13217.87 8085.60
13191.00 8091.49
13164.23 8098.21
13136.93 8105.07
13109.50 8111.96
13082.22 8119.44
13054.99 8126.96
13027.95 8134.43
13001.56 8141.87
12975.21 8150.94
12948.98 8159.98
12922.88 8168.97
12896.39 8178.09
12869.99 8187.18
12843.64 8196.87
12817.92 8206.90
12792.39 8216.85
12766.24 8227.05
12740.15 8237.23
12714.67 8247.17
12689.25 8257.78
12663.07 8268.78
12638.07 8279.36
12613.10 8290.90
12587.42 8302.78
12562.06 8314.51
12537.28 8325.97
12511.69 8337.80
12486.54 8349.43
12461.59 8361.82
12437.30 8373.88
12412.44 8386.23
12387.33 8398.71
12362.05 8411.27
12337.56 8423.44
12312.57 8435.85
12288.20 8449.85
12264.50 8463.60
12240.40 8477.58
12216.87 8491.23
12192.64 8505.28
12169.14 8518.91
12145.52 8532.95
12122.32 8547.25
12098.60 8561.87
12074.71 8576.59
12051.28 8591.08
12027.92 8606.91
12005.34 8622.21
11981.90 8638.10
11959.17 8653.50
11935.94 8669.24
11913.37 8684.54
11890.71 8699.90
11868.41 8716.55
11846.07 8733.24
11823.74 8749.93
11801.40 8766.63
11779.25 8783.15
11756.63 8799.96
11734.41 8820.77
11713.33 8836.76
11691.49 8853.33
11669.05 8870.49
11647.46 8887.38
11626.74 8904.79
11605.84 8922.69
11585.27 8940.54
11564.25 8958.58
11542.56 8975.22
11520.66 8992.02
11499.47 9008.27
11477.56 9025.08
11455.39 9042.10
11419.04 9070.01
11398.41 9085.90
11378.15 9101.72
11358.14 9117.35
11338.24 9132.84
11318.18 9148.04
11297.84 9163.45
11277.82 9178.62
11256.10 9195.41
11235.67 9211.48
11214.77 9227.38
11193.86 9243.29
11170.30 9261.27
11148.81 9277.62
11127.15 9298.18
11105.58 9314.56
11084.45 9330.57
11066.75 9343.97
11050.10 9356.39
11035.89 9366.93
11021.25 9377.81
11006.91 9388.46
10991.90 9399.61
10977.54 9410.27
10962.79 9421.22
10948.17 9432.08
10933.86 9442.71
10919.64 9453.27
10905.19 9464.00
10890.41 9474.97
10876.15 9485.57
10861.42 9496.51
10847.12 9507.12
10832.09 9518.29
10817.87 9529.17
10803.62 9540.10
10789.57 9552.26
10778.09 9566.73
10769.02 9582.52
10764.23 9600.43
10760.96 9618.28
10758.34 9636.48
10755.78 9654.35
10753.12 9672.83
10747.48 9689.74
10738.74 9705.70
10726.47 9719.70
10712.87 9731.71
10698.87 9744.08
10685.06 9756.27
10672.09 9772.07
10658.64 9783.95
10645.10 9795.91
10632.25 9807.26
10619.52 9818.50
10607.99 9828.69
10599.28 9839.10
10592.52 9847.66
10590.18 9858.07
10593.33 9875.90
10601.60 9887.70
10610.30 9900.11
10619.16 9912.75
10627.92 9925.25
10636.64 9937.69
10644.99 9950.10
10653.46 9962.81
10661.95 9975.56
10670.54 9988.46
10679.11 10001.32
10687.92 10014.55
10696.71 10027.73
10705.47 10040.89
10713.71 10053.25
10722.15 10065.74
10731.06 10078.18
10739.79 10090.37
10748.82 10102.98
10757.94 10115.70
10766.60 10127.79
10775.77 10140.60
10784.45 10152.71
10793.40 10165.20
10802.62 10178.08
10811.69 10190.73
10820.33 10202.80
10829.12 10215.07
10837.90 10227.32
10847.17 10240.27
10856.39 10253.13
10865.59 10265.98
10874.27 10278.08
10883.53 10291.02
10892.66 10303.76
10901.37 10315.92
10910.16 10328.19
10919.32 10340.98
10925.96 10350.24
10930.12 10356.05
10931.95 10358.61
10932.12 10358.84
10932.18 10358.92
10932.18 10358.92
10932.18 10358.93
10932.18 10358.93
10932.18 10358.93
10932.18 10358.93
10932.18 10358.93
10932.18 10358.93
10932.18 10358.93
10932.18 10358.93
10932.18 10358.93
10932.18 10358.93
10932.18 10358.93
10932.18 10358.93
10932.18 10358.93
10932.18 10358.93
10932.18 10358.93
10932.18 10358.93
10932.18 10358.93
10932.18 10358.93
10950.67 10382.46
10950.69 10382.58
10950.72 10382.75
10950.75 10382.96
10950.80 10383.25
10950.85 10383.59
10950.88 10383.77
10950.89 10383.84
10950.89 10383.85
10950.89 10383.86
10950.89 10383.86
10950.89 10383.86
10950.89 10383.86
10950.89 10383.86
10950.89 10383.86
10950.89 10383.86
10950.89 10383.86
10950.89 10383.86
10963.59 10415.26
10965.25 10417.66
10967.55 10421.00
10970.74 10425.64
10974.67 10431.36
10979.18 10437.89
10983.71 10444.48
10989.79 10452.07
10996.78 10459.96
11003.97 10468.08
11010.86 10475.86
11017.84 10483.74
11025.15 10492.00
11032.13 10499.88
11039.38 10508.07
11046.84 10516.48
11054.05 10524.62
11060.75 10532.19
11067.66 10540.00
11074.59 10547.82
11078.88 10552.66
11080.33 10554.43
11080.62 10554.81
11080.69 10554.89
11081.62 10556.10
11083.87 10559.05
11090.64 10569.41
11094.23 10575.61
11098.55 10583.04
11103.87 10591.18
11109.42 10599.67
11115.12 10608.41
11120.92 10617.26
11126.39 10625.43
11132.42 10634.45
11138.33 10643.28
11144.30 10652.20
11149.74 10660.33
11155.33 10668.68
11161.33 10677.65
11167.37 10686.69
11173.24 10695.33
11179.08 10703.92
11184.56 10711.98
11190.92 10720.82
11195.94 10727.35
11199.24 10731.63
11200.21 10732.88
11200.42 10733.16
11200.48 10733.24
11200.50 10733.26
11200.50 10733.26
11200.50 10733.26
11200.50 10733.26
11200.50 10733.26
11200.50 10733.26
11200.50 10733.26
11200.50 10733.26
11200.50 10733.26
11200.50 10733.26
11200.50 10733.26
11200.50 10733.26
11201.06 10733.98
11202.40 10735.73
11219.89 10760.37
11222.70 10764.30
11226.44 10769.53
11231.38 10776.45
11236.84 10784.08
11242.58 10792.11
11248.57 10800.49
11254.81 10809.22
11260.73 10817.50
11266.80 10825.98
11272.83 10834.42
11278.83 10842.83
11284.83 10851.58
11290.92 10860.46
11297.08 10869.45
11302.88 10877.92
11309.20 10887.12
11315.00 10895.59
11321.21 10904.64
11327.46 10913.76
11333.65 10922.78
11339.41 10931.19
11345.60 10940.22
11351.63 10949.01
11357.39 10957.41
11363.26 10965.97
11369.26 10974.72
11375.46 10983.77
11386.67 10999.80
11392.18 11007.55
11397.72 11015.35
11403.33 11023.25
11409.05 11031.30
11414.43 11038.86
11420.00 11046.70
11431.11 11062.38
11437.02 11070.75
11443.35 11079.70
11449.28 11088.09
11454.92 11096.08
11461.02 11104.71
11467.32 11113.62
11473.17 11121.90
11479.41 11130.71
11489.34 11144.42
11495.66 11153.33
11501.71 11161.86
11508.03 11170.77
11514.33 11179.66
11520.33 11188.13
11526.41 11196.70
11532.54 11205.34
11538.89 11214.31
11544.75 11222.58
11549.33 11229.03
11551.84 11232.74
11552.95 11234.35
11552.96 11234.36
11552.97 11234.37
11552.97 11234.37
11552.97 11234.37
11552.97 11234.37
11560.98 11237.22
11564.12 11234.53
11569.03 11230.54
11574.85 11225.81
11581.94 11220.05
11589.14 11214.20
11615.38 11201.87
11616.05 11202.96
11616.62 11204.04
11616.77 11211.18
11609.72 11217.49
11602.65 11223.82
11595.63 11230.11
11588.28 11236.69
11581.16 11243.06
11575.30 11248.34
11571.48 11251.87
11560.01 11262.83
11556.53 11266.16
11554.54 11268.00
11554.13 11268.38
11554.12 11268.39
11554.11 11268.40
11554.11 11268.40
11554.11 11268.40
11554.11 11268.40
11549.02 11268.05
11547.77 11266.49
11545.87 11263.73
11543.21 11259.70
11533.26 11245.22
11527.51 11236.30
11521.85 11227.51
11515.75 11218.05
11510.03 11209.32
11504.23 11200.96
11497.80 11191.82
11491.37 11182.67
11482.31 11175.49
11476.24 11166.81
11470.21 11158.21
11464.12 11149.42
11457.90 11140.61
11451.99 11132.29
11445.76 11123.49
11439.45 11114.63
11433.54 11106.38
11426.99 11097.22
11420.82 11088.61
11414.22 11079.39
