17572.92 17460.21
17574.21 17461.39
17576.75 17463.70
17581.02 17467.58
17586.27 17472.35
17591.22 17476.85
17596.34 17481.50
17601.79 17486.45
17607.12 17491.30
17612.13 17495.85
17617.38 17500.57
17622.80 17505.26
17628.72 17510.39
17633.83 17514.82
17639.39 17519.64
17645.30 17524.76
17651.06 17529.84
17656.46 17534.66
17662.02 17539.63
17667.43 17544.47
17672.60 17549.10
17678.26 17554.16
17683.80 17558.91
17689.13 17563.47
17694.28 17567.89
17699.75 17572.58
17704.97 17577.05
17710.93 17582.16
17716.46 17586.90
17721.78 17591.46
17725.45 17594.60
17721.80 17595.81
17716.69 17591.43
17710.95 17586.51
17705.00 17581.41
17699.56 17576.75
17693.81 17571.82
17687.85 17566.71
17681.90 17561.62
17676.07 17556.62
17670.25 17551.42
17664.78 17546.53
17659.60 17541.90
17653.88 17536.79
17648.18 17531.70
17642.97 17527.10
17637.88 17522.69
17632.57 17518.09
17627.48 17513.68
17621.70 17508.68
17616.52 17504.19
17611.09 17499.36
17605.78 17494.54
17600.11 17489.38
17594.36 17484.16
17588.90 17479.20
17583.67 17474.45
17578.12 17469.41
17573.16 17464.89
17568.98 17461.04
17542.36 17420.76
17541.56 17414.33
17540.61 17406.68
17536.20 17397.98
17535.23 17388.81
17534.43 17379.16
17533.66 17369.90
17532.87 17360.30
17530.21 17348.03
17529.49 17339.41
17528.75 17330.36
17528.01 17321.43
17527.31 17313.03
17526.38 17289.51
17525.10 17282.92
17523.89 17276.64
17523.09 17272.48
17512.88 17265.99
17509.46 17255.77
17505.61 17243.48
17502.01 17231.98
17498.35 17220.29
17494.83 17209.07
17491.04 17196.96
17488.17 17187.24
17486.36 17180.95
17492.51 17169.25
17496.20 17167.97
17498.93 17167.02
17500.44 17166.50
17502.83 17165.73
17503.74 17165.45
17504.00 17165.36
17504.05 17165.35
17504.07 17165.34
17504.07 17165.34
17504.08 17165.34
17504.08 17165.34
17504.08 17165.34
17504.08 17165.34
17504.08 17165.34
17504.08 17165.34
17504.08 17165.34
17504.08 17165.34
17504.08 17165.34
17504.08 17165.34
17504.08 17165.34
17504.08 17165.34
17504.08 17165.34
17504.08 17165.34
17504.08 17165.34
17504.08 17165.34
17504.08 17165.34
17504.08 17165.34
17504.08 17165.34
17504.08 17165.34
17504.08 17165.34
17504.08 17165.34
17509.26 17153.99
17508.70 17150.22
17507.80 17144.49
17506.73 17137.16
17505.68 17128.62
17504.26 17117.93
17502.64 17105.82
17501.10 17094.32
17499.54 17082.65
17497.91 17070.44
17496.36 17058.93
17494.71 17046.58
17490.69 17031.29
17488.74 17018.71
17486.54 17006.69
17483.90 16994.70
17480.74 16982.56
17477.39 16970.79
17474.01 16958.90
17470.80 16947.64
17467.45 16935.85
17461.03 16914.57
17458.28 16906.94
17455.43 16899.04
17450.26 16881.22
17446.53 16872.29
17442.65 16862.99
17438.81 16853.79
17434.91 16844.41
17430.10 16835.53
17426.69 16820.52
17426.41 16819.94
17422.73 16807.57
17417.83 16796.39
17412.64 16784.55
17407.54 16772.88
17402.80 16762.08
17394.68 16742.38
17386.94 16731.96
17382.39 16720.63
17377.59 16708.90
17372.77 16697.14
17368.58 16682.92
17363.48 16672.67
17357.87 16662.55
17351.87 16652.39
17336.87 16633.48
17331.90 16625.62
17328.56 16620.23
17326.78 16617.35
17316.48 16599.99
17314.30 16595.39
17311.73 16589.95
17310.43 16586.75
17303.40 16569.83
17299.51 16561.98
17294.93 16552.75
17290.42 16542.08
17285.35 16531.11
17279.67 16519.23
17274.45 16508.30
17269.06 16497.00
17263.87 16486.15
17258.56 16475.04
17253.22 16463.85
17245.50 16447.49
17243.39 16442.76
17236.22 16427.15
17231.80 16417.63
17227.10 16407.51
17222.51 16397.66
17214.53 16380.84
17209.55 16370.07
17206.57 16363.13
17201.07 16350.29
17196.05 16338.56
17191.18 16326.74
17186.40 16314.79
17181.65 16302.92
17176.90 16291.04
17172.23 16279.36
17167.60 16267.80
17163.10 16256.57
17158.45 16245.27
17153.78 16234.10
17147.03 16216.84
17142.66 16204.65
17138.59 16193.30
17134.06 16182.11
17129.31 16170.69
17124.34 16158.74
17120.46 16146.86
17116.78 16134.78
17113.16 16122.88
17110.38 16113.58
17108.67 16107.63
17107.57 16103.61
17106.78 16100.70
17100.82 16072.72
17096.18 16068.54
17093.94 16061.81
17091.52 16054.75
17088.69 16046.68
17088.86 16037.20
17085.38 16027.28
17081.78 16017.03
17078.96 16008.98
17077.01 16003.42
17075.88 16000.20
17075.84 16000.11
17069.07 15981.28
17067.78 15978.26
17065.70 15973.41
17063.10 15967.36
17059.75 15959.56
17055.69 15950.09
17051.05 15939.26
17046.32 15927.93
17042.09 15917.44
17037.58 15906.26
17033.03 15894.99
17028.79 15884.49
17024.54 15873.96
17017.21 15864.62
17012.91 15853.94
16999.94 15823.54
16994.98 15809.38
16988.11 15793.91
16980.49 15777.27
16972.88 15760.67
16965.21 15744.49
16956.66 15727.50
16948.36 15711.59
16939.62 15695.49
16929.00 15679.81
16916.46 15666.23
16903.76 15653.51
16890.13 15640.52
16876.05 15628.37
16861.68 15615.96
16847.67 15603.86
16833.47 15591.47
16819.68 15579.36
16806.47 15566.61
16793.42 15552.86
16780.93 15539.65
16768.96 15525.81
16757.32 15511.66
16746.80 15496.58
16735.98 15481.06
16726.63 15465.40
16717.24 15449.23
16707.78 15432.92
16698.74 15417.34
16689.37 15400.79
16680.28 15384.51
16671.39 15368.56
16662.18 15352.06
16653.25 15336.14
16644.04 15319.87
16634.94 15303.78
16626.25 15288.41
16608.95 15258.26
16602.32 15247.29
16595.49 15235.99
16587.69 15224.77
16579.35 15214.28
16570.93 15204.40
16562.56 15194.88
16554.03 15185.17
16545.48 15175.45
16537.10 15166.27
16527.71 15156.41
16518.33 15146.56
16509.08 15136.86
16500.09 15127.12
16491.13 15117.35
16482.40 15108.35
16473.76 15099.26
16465.19 15090.24
16455.75 15080.65
16446.30 15071.80
16437.10 15063.20
16427.20 15054.02
16417.66 15045.52
16407.62 15036.58
16397.82 15027.97
16388.32 15019.87
16378.21 15011.46
16368.16 15003.10
16358.10 14994.74
16348.28 14986.56
16337.73 14977.92
16327.55 14970.35
16317.15 14962.61
16306.33 14954.57
16295.46 14946.46
16275.51 14931.79
16266.04 14924.90
16256.44 14917.91
16246.93 14911.00
16237.63 14904.27
16227.88 14897.22
16211.84 14883.57
16203.08 14877.43
16194.47 14871.39
16185.94 14865.42
16166.42 14853.60
16155.34 14846.95
16144.06 14840.08
16133.65 14833.69
16122.68 14826.96
16112.10 14820.59
16100.83 14814.16
16089.29 14808.53
16081.21 14804.99
16076.48 14802.90
16062.37 14796.22
16055.01 14792.54
16045.89 14787.97
16034.71 14782.38
16023.36 14776.95
16012.53 14772.55
16001.57 14768.10
15992.17 14764.29
15983.76 14760.88
15978.41 14758.73
15958.16 14748.79
15949.83 14745.82
15939.81 14742.25
15928.36 14738.17
15917.24 14734.21
15905.74 14731.12
15894.26 14728.42
15883.26 14725.84
15869.45 14722.19
15850.72 14716.82
15841.08 14714.32
15831.12 14711.72
15821.76 14709.29
15812.58 14706.90
15788.89 14696.20
15786.95 14695.16
15785.10 14694.15
15783.61 14693.35
15782.78 14692.80
15782.51 14692.54
15782.50 14692.52
15782.25 14692.27
15781.79 14691.82
15748.31 14653.46
15744.31 14646.36
15739.38 14637.55
15733.29 14626.65
15726.61 14614.73
15720.20 14603.27
15713.50 14591.29
15707.48 14580.13
15698.31 14569.77
15691.25 14559.21
15683.29 14544.64
15678.13 14534.39
15673.13 14524.45
15667.68 14513.63
15662.54 14503.45
15657.05 14492.54
15651.85 14482.21
15646.58 14471.75
15641.34 14461.34
15636.77 14450.61
15632.28 14439.48
15628.58 14430.77
15626.09 14424.99
15624.56 14421.43
15624.35 14420.93
15624.32 14420.87
15624.30 14420.83
15624.29 14420.80
15624.29 14420.80
15624.29 14420.80
15624.29 14420.80
15624.29 14420.80
15624.29 14420.80
15624.29 14420.80
15624.29 14420.80
15624.29 14420.80
15624.29 14420.80
15624.29 14420.80
15624.29 14420.80
15623.67 14419.35
15622.57 14416.47
15608.47 14387.45
15605.52 14381.89
15601.77 14374.81
15597.70 14367.11
15594.53 14361.13
15593.24 14358.68
15590.98 14354.42
15588.39 14349.52
15585.02 14343.16
15580.96 14335.49
15570.91 14317.40
15564.64 14306.35
15558.36 14295.28
15551.66 14284.14
15544.91 14273.20
15538.38 14262.63
15531.89 14252.12
15523.99 14239.57
15517.83 14230.00
15511.45 14220.11
15504.78 14209.76
15502.05 14199.74
15498.66 14196.97
15497.25 14195.83
15497.24 14195.82
15486.15 14185.29
15486.11 14185.24
15486.05 14185.18
15467.84 14165.86
15464.04 14157.94
15463.01 14146.04
15459.31 14136.41
15455.66 14126.90
15449.72 14107.59
15446.76 14095.46
15443.64 14082.67
15440.84 14070.20
15438.96 14057.90
15437.05 14045.55
15435.06 14032.75
15433.04 14019.73
15431.22 14002.16
15430.53 13990.05
15429.86 13978.51
15429.19 13966.84
15428.52 13955.15
15427.82 13942.96
15427.12 13930.75
15424.98 13913.83
15424.58 13909.66
15421.75 13892.20
15421.20 13883.53
15420.54 13874.17
15418.92 13852.10
15418.02 13840.34
15417.12 13828.51
15416.23 13816.88
15414.56 13796.59
15413.70 13787.11
15412.91 13778.39
15412.08 13769.29
15411.33 13761.03
15410.45 13751.38
15409.60 13742.01
15408.81 13733.26
15407.72 13724.22
15400.73 13716.11
15391.79 13717.17
15381.34 13718.42
15370.66 13718.97
15361.42 13719.14
15352.61 13719.31
15341.54 13719.53
15331.45 13718.78
15322.15 13717.90
15313.56 13717.08
15303.47 13716.12
15295.16 13715.18
15289.95 13714.57
15284.48 13713.92
15279.34 13713.31
15271.14 13702.64
15272.11 13695.43
15273.27 13686.89
15274.72 13676.11
15276.37 13663.87
15277.51 13655.45
15278.82 13645.73
15281.26 13627.47
15282.66 13617.03
15280.47 13607.01
15270.93 13589.35
15265.87 13580.51
15258.09 13566.93
15253.86 13559.56
15243.96 13552.06
15237.75 13549.48
15231.03 13546.69
15224.03 13543.79
15217.65 13541.14
15210.75 13538.27
15204.52 13535.69
15197.99 13532.98
15191.87 13530.43
15184.97 13527.57
15178.48 13524.88
15173.93 13522.98
15158.94 13517.10
15152.35 13514.51
15146.42 13512.18
15139.66 13509.52
15133.63 13507.14
15127.41 13504.69
15121.24 13502.26
15114.96 13499.79
15109.60 13497.68
15097.53 13492.60
15091.13 13488.78
15085.25 13483.85
15081.97 13476.84
15078.82 13469.80
15075.86 13463.19
15073.65 13458.26
15068.26 13445.79
15065.37 13439.04
15062.47 13432.26
15059.99 13426.49
15057.19 13419.95
15054.47 13413.60
15051.95 13408.16
15051.39 13407.38
15051.26 13407.19
15051.19 13407.09
15051.19 13407.09
15051.19 13407.09
15051.19 13407.09
15051.19 13407.09
15047.73 13401.16
15044.55 13400.23
15039.83 13398.85
15033.28 13396.93
15025.50 13394.66
15015.87 13391.84
15004.88 13388.62
14993.39 13385.27
14981.61 13381.82
14970.07 13378.50
14958.57 13375.23
14938.33 13361.53
14942.69 13349.17
14947.02 13336.90
14951.18 13325.12
14955.25 13313.61
14959.60 13301.32
14964.22 13289.84
14968.91 13278.18
14973.69 13266.39
14978.70 13254.61
14984.18 13243.55
14989.34 13229.22
14994.90 13217.58
15000.08 13206.75
15005.28 13195.87
15011.09 13184.26
15019.89 13166.64
15026.24 13156.94
15033.05 13146.56
15039.45 13132.37
15045.58 13120.83
15051.64 13109.75
15058.38 13098.50
15064.89 13087.64
15072.11 13076.98
15079.71 13066.09
15087.55 13055.43
15095.84 13044.87
15104.03 13034.45
15112.31 13024.04
15120.43 13014.87
15129.43 13005.36
15138.23 12996.32
15147.33 12987.66
15156.72 12978.72
15165.63 12970.25
15172.82 12963.26
15177.12 12958.61
15179.32 12956.23
15179.69 12955.84
15179.83 12955.69
15179.83 12955.68
15179.83 12955.68
15179.83 12955.68
15179.83 12955.68
15179.83 12955.68
15179.83 12955.68
15179.83 12955.68
15179.83 12955.68
15179.83 12955.68
15179.83 12955.68
15180.30 12955.18
15180.37 12955.09
15180.40 12955.06
15180.40 12955.06
15190.38 12946.97
15192.39 12944.92
15195.53 12941.73
15199.98 12936.83
15205.56 12930.18
15212.70 12921.91
15220.78 12912.70
15229.08 12902.96
15236.96 12892.22
15244.51 12881.92
15252.17 12871.07
15259.49 12860.33
15266.78 12849.65
15273.72 12838.35
15279.77 12827.43
15286.11 12816.37
15292.52 12805.29
15299.03 12794.03
15305.48 12782.87
15312.07 12768.14
15318.16 12757.54
15324.60 12746.35
15330.88 12735.42
15337.14 12724.53
15343.58 12713.32
15350.01 12702.13
15356.49 12690.88
15362.59 12680.25
15368.93 12669.23
15375.51 12657.79
15390.40 12636.81
15396.93 12625.41
15403.33 12614.21
15409.58 12603.29
15415.80 12592.40
15422.37 12580.92
15428.55 12570.08
15434.87 12558.77
15441.05 12547.72
15447.22 12536.67
15453.88 12524.88
15460.12 12513.91
15466.47 12502.75
15473.15 12490.97
15479.22 12480.08
15485.68 12468.51
15492.04 12457.60
15499.51 12443.56
15506.12 12433.61
15513.56 12420.67
15520.85 12411.46
15527.92 12402.53
15534.96 12393.62
15542.15 12385.45
15547.84 12380.72
15551.40 12378.41
15553.17 12377.26
15553.21 12377.23
15553.22 12377.23
15553.22 12377.23
15553.52 12372.38
15551.06 12370.73
15546.85 12367.92
15540.79 12363.85
15534.32 12357.32
15533.20 12346.35
15538.56 12335.18
15545.54 12323.66
15551.98 12313.02
15558.79 12301.69
15565.21 12290.36
15571.88 12278.59
15578.06 12267.67
15584.67 12256.01
15591.18 12244.50
15597.72 12232.88
15603.85 12222.00
15610.27 12210.59
15616.93 12198.77
15623.45 12187.19
15629.77 12175.96
15635.87 12165.13
15642.22 12153.85
15648.81 12142.14
15654.92 12131.30
15661.34 12119.91
15667.52 12108.94
15674.04 12097.36
15680.47 12085.95
15686.80 12074.70
15693.42 12062.94
15699.75 12051.71
15706.36 12039.98
