12843.67 13086.10
12844.31 13085.44
12848.26 13086.12
12850.68 13083.62
12853.93 13080.27
12857.82 13076.26
12862.56 13071.48
12867.57 13066.44
12872.16 13061.82
12876.88 13057.07
12897.60 13042.96
12903.48 13039.75
12908.40 13037.18
12911.34 13035.63
12912.93 13034.80
12913.14 13034.69
12913.19 13034.67
12913.20 13034.66
12913.20 13034.66
12913.20 13034.66
12913.20 13034.66
12913.20 13034.66
12913.20 13034.66
12913.20 13034.66
12913.20 13034.66
12913.20 13034.66
12913.20 13034.66
12913.20 13034.66
12913.20 13034.66
12913.20 13034.66
12913.20 13034.66
12913.46 13034.52
12913.61 13034.45
12913.61 13034.44
12955.02 13048.01
12956.29 13049.79
12958.13 13052.37
12960.80 13056.11
12964.20 13060.88
12968.18 13066.46
12972.24 13072.14
12976.23 13077.73
12982.51 13088.69
12996.37 13098.28
13004.82 13105.24
13014.20 13111.68
13023.31 13117.50
13032.47 13123.34
13041.86 13129.33
13051.50 13134.70
13068.14 13142.90
13078.87 13147.61
13089.12 13152.12
13100.28 13157.02
13111.28 13161.86
13121.78 13165.95
13133.25 13169.77
13144.78 13173.61
13155.78 13177.28
13166.60 13180.02
13177.69 13182.48
13189.26 13185.05
13201.35 13187.60
13212.54 13189.35
13224.66 13190.98
13236.25 13192.43
13261.91 13195.80
13273.77 13197.45
13285.16 13199.04
13296.78 13200.90
13308.31 13202.73
13319.86 13204.39
13330.89 13205.98
13341.92 13207.57
13353.92 13209.69
13365.39 13211.94
13377.14 13214.24
13388.48 13216.46
13399.82 13218.69
13410.87 13221.17
13422.01 13223.67
13432.83 13226.09
13444.02 13228.60
13479.06 13240.35
13485.43 13242.25
13491.85 13243.62
13498.46 13245.03
13505.88 13243.25
13512.15 13244.59
13517.45 13245.73
13520.39 13246.36
13521.44 13246.58
13521.63 13246.62
13521.64 13246.63
13521.65 13246.63
13521.65 13246.63
13521.65 13246.63
13568.92 13254.56
13570.62 13254.86
13573.10 13255.29
13576.44 13255.99
13580.81 13257.05
13586.04 13258.30
13591.15 13259.54
13606.78 13264.01
13617.64 13268.46
13627.95 13273.26
13637.75 13278.25
13647.04 13283.57
13656.96 13289.51
13667.00 13295.69
13676.18 13301.95
13685.55 13308.73
13694.35 13315.10
13703.32 13321.59
13717.80 13332.07
13724.18 13336.69
13728.05 13339.69
13730.09 13341.44
13742.89 13352.54
13743.65 13353.20
13744.01 13353.52
13744.11 13353.61
13744.15 13353.64
13744.17 13353.66
13744.17 13353.66
13744.17 13353.66
13744.17 13353.66
13744.17 13353.66
13744.17 13353.66
13744.17 13353.66
13744.17 13353.66
13758.10 13367.09
13760.76 13369.75
13764.37 13373.26
13769.07 13377.81
13775.24 13383.80
13782.20 13390.79
13789.97 13398.83
13798.33 13407.21
13806.18 13415.07
13814.08 13422.66
13822.13 13429.99
13833.25 13436.78
13842.59 13443.44
13852.59 13449.01
13863.38 13453.55
13873.24 13457.36
13899.32 13468.90
13909.79 13472.36
13920.04 13476.21
13929.70 13481.36
13938.93 13487.06
13948.03 13493.08
13957.32 13499.14
13966.60 13505.20
13975.99 13511.52
13984.72 13517.29
13993.95 13522.15
14004.28 13526.76
14015.16 13530.20
14025.57 13532.58
14036.62 13534.33
14047.55 13535.97
14057.93 13537.53
14069.06 13539.20
14080.30 13540.89
14090.68 13542.55
14107.88 13546.18
14109.17 13546.57
14119.30 13550.13
14133.12 13567.58
14135.93 13572.75
14139.89 13584.23
14142.15 13595.17
14144.49 13606.49
14146.68 13617.14
14151.45 13635.63
14153.96 13644.37
14156.66 13653.79
14165.85 13667.68
14168.98 13673.04
14173.16 13681.98
14184.64 13689.31
14197.52 13690.47
14208.17 13692.23
14226.15 13691.80
14237.05 13691.85
14247.70 13691.89
14259.19 13691.94
14269.89 13692.00
14280.81 13692.11
14292.32 13692.23
14309.85 13692.88
14319.52 13694.40
14333.50 13694.59
14342.30 13694.64
14355.14 13694.18
14362.23 13694.70
14366.70 13695.59
14368.69 13696.13
14368.80 13696.16
14368.81 13696.16
14368.81 13696.16
14368.81 13696.16
14368.81 13696.16
14368.81 13696.16
14388.43 13709.04
14388.28 13712.49
14388.07 13717.37
14387.78 13724.08
14387.43 13732.08
14390.30 13741.83
14389.79 13753.58
14389.90 13765.22
14390.05 13777.58
14390.21 13789.87
14390.35 13801.49
14390.51 13814.07
14390.66 13825.91
14390.39 13837.58
14390.09 13849.10
14389.79 13860.59
14389.50 13872.02
14389.17 13884.46
14388.87 13896.35
14388.56 13908.06
14388.14 13920.52
14387.32 13932.61
14386.52 13944.27
14385.68 13956.74
14384.84 13969.04
14384.06 13980.46
14383.23 13992.72
14382.38 14005.09
14381.53 14017.58
14380.57 14029.98
14379.52 14041.44
14378.46 14053.09
14377.37 14064.98
14376.27 14077.08
14375.19 14089.04
14374.13 14101.30
14373.05 14113.72
14371.99 14125.93
14370.94 14138.06
14369.92 14149.78
14368.89 14161.76
14367.87 14173.82
14366.87 14185.66
14365.85 14197.64
14364.89 14209.08
14363.88 14220.93
14362.85 14233.11
14361.83 14245.21
14360.87 14256.56
14360.26 14268.88
14359.69 14280.80
14359.12 14292.88
14355.23 14305.27
14354.64 14317.81
14354.57 14329.40
14354.53 14341.64
14354.48 14353.65
14354.44 14365.23
14354.84 14377.26
14355.32 14388.67
14355.80 14400.20
14356.32 14412.44
14356.82 14424.40
14357.33 14436.48
14357.86 14449.12
14359.78 14486.65
14360.61 14495.18
14361.36 14502.92
14361.89 14508.41
14362.19 14510.94
14362.20 14511.03
14362.20 14511.04
14362.33 14512.14
14362.65 14514.84
14364.46 14529.76
14365.28 14535.68
14366.38 14543.72
14367.74 14553.67
14369.23 14564.55
14370.75 14575.60
14373.85 14589.18
14371.91 14594.89
14370.92 14597.80
14370.58 14598.79
14370.50 14599.03
14370.49 14599.05
14370.49 14599.05
14370.49 14599.05
14370.49 14599.05
14367.84 14606.83
14367.78 14606.92
14356.63 14614.61
14353.17 14615.95
14350.25 14617.08
14336.53 14622.37
14332.21 14624.03
14327.83 14625.72
14323.24 14627.51
14320.90 14628.44
14319.77 14628.88
14319.71 14628.91
14319.65 14628.93
14319.62 14628.94
14319.61 14628.95
14319.61 14628.95
14319.61 14628.95
14319.61 14628.95
14319.00 14629.19
14317.57 14629.75
14306.11 14634.20
14301.22 14636.12
14295.25 14638.68
14289.23 14641.26
14282.96 14643.94
14277.43 14646.19
14271.46 14648.45
14265.93 14650.55
14260.17 14652.74
14254.63 14654.84
14249.59 14656.75
14243.54 14659.05
14238.91 14660.81
14233.88 14662.67
14230.46 14663.87
14225.09 14670.16
14219.19 14675.73
14211.18 14676.07
14198.01 14681.74
14189.12 14688.78
14180.36 14695.70
14171.51 14702.70
14161.08 14710.16
14150.66 14717.50
14140.36 14725.11
14130.15 14732.63
14120.51 14739.61
14110.95 14747.77
14102.45 14757.06
