17177.59 17024.30
17175.81 17024.87
17174.68 17025.24
17172.99 17025.78
17171.66 17026.20
17169.89 17026.77
17167.79 17027.44
17166.52 17027.85
17164.95 17028.35
17163.83 17028.71
17162.15 17029.25
17160.36 17029.82
17158.82 17030.31
17157.50 17030.74
17156.02 17031.21
17154.67 17031.65
17153.39 17032.05
17151.88 17032.54
17150.26 17033.06
17148.71 17033.55
17146.82 17034.16
17145.53 17034.57
17144.17 17035.02
17142.48 17035.62
17140.92 17036.18
17139.33 17036.76
17137.26 17037.50
17135.30 17038.21
17133.65 17038.80
17131.96 17039.41
17130.20 17040.04
17128.18 17040.77
17126.88 17041.24
17124.81 17041.98
17123.30 17042.52
17121.49 17043.17
17120.02 17043.70
17118.42 17044.28
17117.35 17044.66
17115.71 17045.25
17113.92 17045.90
17112.66 17046.35
17110.89 17046.99
17109.32 17047.55
17108.00 17048.03
17106.67 17048.50
17104.56 17049.26
17101.37 17056.19
17102.32 17059.99
17103.57 17064.98
17104.93 17070.65
17105.76 17075.91
17106.68 17081.68
17107.54 17087.11
17108.39 17092.49
17109.01 17098.82
17109.42 17104.37
17109.83 17109.94
17110.27 17115.89
17111.41 17131.29
17111.85 17137.22
17112.24 17142.31
17112.66 17147.94
17113.08 17153.54
17113.90 17159.07
17116.29 17164.35
17125.44 17172.66
17130.94 17175.08
17136.23 17177.81
17142.01 17180.84
17146.86 17183.39
17152.20 17186.20
17157.57 17189.02
17162.58 17191.65
17168.28 17194.65
17174.01 17197.66
17179.31 17200.45
17184.84 17203.35
17190.62 17206.39
17195.47 17208.94
17200.93 17211.81
17206.00 17214.47
17211.70 17217.47
17216.99 17220.25
17221.86 17222.81
17227.58 17225.82
17233.17 17228.75
17238.55 17231.58
17254.62 17240.16
17259.76 17243.05
17264.08 17245.47
17268.51 17247.95
17272.63 17250.26
17273.98 17251.02
17274.19 17251.14
17274.21 17251.15
17274.22 17251.16
17274.22 17251.16
17274.22 17251.16
17274.22 17251.16
17274.22 17251.16
17285.00 17256.86
17288.17 17258.47
17292.73 17260.80
17298.74 17263.87
17306.63 17267.90
17315.75 17272.55
17325.28 17277.41
17334.64 17282.19
17344.30 17287.13
17353.45 17291.79
17362.74 17296.79
17372.07 17302.01
17381.02 17307.00
17390.64 17312.38
17406.09 17322.13
17415.39 17328.72
17424.15 17334.93
17433.62 17341.64
17442.80 17348.15
17451.59 17355.09
17460.42 17362.60
17468.92 17369.89
17476.96 17376.77
17485.09 17383.73
17493.29 17390.76
17501.90 17398.14
17510.32 17405.35
17521.44 17414.86
17525.10 17417.96
17528.48 17420.82
17532.12 17423.91
17534.55 17425.97
17535.65 17426.91
17563.95 17469.20
17565.27 17475.79
17567.02 17484.48
17568.28 17494.24
17568.33 17504.22
17571.69 17514.58
17571.74 17524.15
17571.79 17533.93
17571.85 17544.41
17571.90 17554.93
17571.96 17565.39
17572.00 17575.59
17571.83 17585.60
17571.65 17595.82
17571.48 17606.00
17571.30 17616.03
17569.25 17635.84
17569.17 17639.67
17566.62 17655.12
17565.58 17666.40
17564.50 17678.17
17563.47 17689.37
17562.32 17701.05
17564.02 17712.07
17562.28 17723.79
17560.63 17734.91
17559.02 17745.77
17557.27 17757.56
17555.62 17768.61
17553.68 17779.65
17551.52 17790.78
17549.30 17802.20
17547.06 17813.75
17543.28 17831.19
17540.80 17841.56
17538.54 17850.97
17536.11 17861.14
17533.69 17871.25
17531.15 17881.34
17528.66 17891.14
17526.18 17900.85
17523.61 17910.86
17521.22 17920.43
17519.00 17929.82
17516.66 17939.71
17514.25 17949.91
17512.02 17959.33
17508.68 17990.04
17507.23 18000.88
17505.86 18011.11
17504.52 18021.09
17503.20 18030.89
17501.79 18041.37
17500.48 18051.98
17499.30 18062.34
17498.09 18073.06
17496.85 18083.96
17495.56 18093.78
17493.90 18104.54
17492.25 18115.41
17492.44 18125.64
17492.63 18135.88
17494.40 18145.80
17496.55 18156.11
17498.95 18165.72
17501.87 18175.71
17511.00 18202.75
17516.58 18210.54
17522.35 18218.60
17528.16 18226.71
17540.70 18242.66
17550.44 18248.84
17557.23 18257.34
17564.19 18266.04
17571.06 18274.62
17577.96 18283.25
17584.55 18291.48
17591.75 18300.48
17598.44 18308.85
17605.18 18317.27
17612.73 18326.76
17620.06 18336.05
17628.39 18346.61
17637.55 18358.23
17648.11 18371.62
17660.25 18387.00
17672.14 18402.08
17683.54 18416.54
17695.17 18431.29
17706.61 18445.79
17718.72 18461.15
17730.00 18475.69
17741.81 18490.97
17753.69 18505.63
17765.48 18520.14
17776.84 18535.11
17788.11 18550.04
17799.33 18564.92
17810.60 18579.85
17822.60 18594.96
17834.74 18609.09
17847.48 18623.91
17860.10 18638.60
17871.98 18652.80
17883.55 18667.24
17895.41 18682.07
17907.69 18697.40
17919.77 18712.50
17932.57 18726.64
17945.48 18740.67
17958.24 18754.53
17971.47 18768.57
17984.87 18782.53
17998.84 18795.75
18012.85 18808.63
18027.42 18821.15
18041.36 18833.14
18055.39 18844.86
18069.93 18856.46
18084.78 18868.30
18100.04 18879.30
18115.27 18890.28
18130.40 18901.18
18154.81 18913.56
18167.06 18918.77
18179.05 18923.45
18191.05 18927.96
18203.10 18932.49
18215.08 18936.48
18227.35 18940.29
18240.90 18941.45
18253.74 18941.10
18265.97 18939.07
18278.42 18934.55
18289.41 18928.37
18300.12 18921.90
18309.36 18913.03
18318.79 18903.99
18327.39 18893.59
18334.32 18883.07
18341.47 18872.21
18353.19 18860.92
18362.76 18848.47
18373.21 18834.16
18384.88 18818.19
18397.90 18800.36
18412.00 18781.06
18427.70 18763.29
18443.94 18745.52
18461.42 18724.34
18477.46 18707.33
18494.11 18689.66
18510.30 18672.47
18526.52 18655.26
18543.27 18637.48
18559.53 18620.22
18576.14 18602.59
18592.36 18585.38
18608.44 18568.32
18624.62 18551.47
18641.32 18534.13
18657.56 18517.27
18673.75 18500.46
18690.15 18483.44
18706.41 18466.56
18723.01 18449.33
18739.22 18432.50
18755.59 18415.51
18772.09 18398.39
18788.45 18381.33
18804.48 18364.30
18821.04 18346.30
18836.82 18327.84
18852.13 18309.91
18867.34 18292.11
18881.51 18273.41
18895.32 18254.49
18909.20 18235.42
18923.35 18215.78
18936.23 18196.29
18948.83 18175.58
18961.46 18154.81
18974.06 18134.10
18984.70 18113.09
18995.61 18091.57
19006.28 18070.50
19016.34 18049.02
19026.53 18026.89
19036.35 18005.58
19045.08 17983.12
19053.17 17961.31
19060.82 17939.36
19067.80 17916.20
19074.25 17892.80
19080.66 17869.81
19086.40 17846.91
19091.68 17823.62
19097.04 17799.97
19102.31 17776.72
19107.58 17753.49
19114.93 17728.25
19119.83 17705.11
19124.77 17681.79
19129.65 17658.76
19134.47 17636.03
19139.26 17613.41
19144.23 17589.96
19149.13 17566.85
19153.91 17544.27
19158.75 17521.45
19166.77 17477.25
19170.87 17458.71
19174.88 17440.56
19178.98 17422.01
19183.11 17403.30
19187.23 17384.67
19191.27 17366.37
19195.33 17347.99
19206.01 17306.11
19210.97 17282.43
19215.86 17259.13
19220.66 17236.22
19225.58 17212.76
19230.37 17189.90
19235.16 17167.04
19239.99 17144.00
19244.80 17121.09
19249.57 17098.30
19254.54 17074.62
19259.34 17051.69
19264.32 17027.98
19269.11 17005.10
19274.09 16981.37
19279.01 16957.85
19283.92 16934.47
19288.71 16911.59
19293.50 16888.79
19298.53 16864.81
19303.50 16841.14
19308.39 16817.83
19313.25 16794.96
19318.35 16771.77
19323.49 16748.38
19328.75 16724.48
19333.74 16701.78
19338.89 16678.36
19344.09 16654.78
19349.26 16631.35
19354.30 16608.50
19359.34 16585.70
19364.37 16562.94
19369.60 16539.26
19374.66 16516.32
19379.72 16493.39
19384.85 16470.17
19390.01 16446.84
19394.50 16423.62
19398.79 16400.74
19403.15 16377.43
19407.56 16353.90
19414.64 16328.36
19419.50 16305.62
19424.59 16281.81
19429.47 16258.95
19434.31 16236.32
19439.21 16213.39
19444.05 16190.71
19449.05 16167.33
19453.90 16144.62
19458.85 16121.47
19463.94 16097.65
19468.93 16074.31
19473.91 16051.00
19486.26 15978.32
19490.89 15956.96
19495.63 15935.10
19500.28 15913.68
19504.97 15892.01
19509.81 15869.69
19514.50 15848.08
19519.25 15826.17
19524.04 15804.07
19528.79 15782.14
19533.43 15760.74
19538.10 15739.21
19542.73 15717.85
19547.44 15696.15
19552.19 15674.25
19556.84 15652.79
19561.50 15631.30
19566.20 15609.55
19570.82 15587.92
19575.42 15566.36
19580.03 15544.75
19584.65 15523.12
19589.28 15501.72
19594.04 15479.73
19598.75 15457.95
19603.42 15436.34
19608.17 15414.18
19612.75 15392.76
19617.49 15370.61
19622.04 15349.34
19626.61 15327.98
19631.23 15306.39
19635.96 15284.26
19640.61 15262.52
19645.28 15240.71
19649.86 15219.31
19654.46 15197.82
19659.11 15176.08
19663.66 15154.81
19668.29 15133.16
19672.96 15111.34
19677.53 15089.19
19681.96 15066.89
19686.30 15045.07
19690.56 15023.62
19695.00 15001.26
19713.70 14924.68
19718.03 14903.20
19722.35 14881.77
19726.67 14860.35
19730.91 14839.32
19736.03 14818.26
19741.06 14797.65
19746.17 14776.70
19754.45 14756.69
19761.18 14736.36
19767.91 14716.17
19774.75 14695.66
19782.02 14670.51
19790.17 14648.46
19798.76 14626.14
19808.18 14603.67
19817.21 14582.12
19826.27 14560.51
19835.96 14539.25
19846.02 14517.64
19856.16 14495.86
19865.97 14474.78
19873.15 14451.53
19883.27 14429.79
19893.27 14408.31
19902.73 14386.71
19912.07 14365.31
19921.83 14342.94
19931.58 14320.58
19941.61 14298.45
19951.75 14277.46
19962.26 14255.69
19972.39 14234.71
19982.72 14213.32
19993.61 14188.41
20004.29 14167.71
20014.97 14147.03
20025.69 14126.25
20036.53 14105.27
20047.66 14084.51
20059.34 14062.97
20070.49 14042.43
20082.18 14020.87
20093.31 14000.36
20104.83 13979.13
20116.42 13958.82
20128.50 13937.70
20140.35 13916.98
20152.31 13896.06
20164.35 13875.02
20176.39 13854.25
20188.88 13833.59
20201.43 13812.82
20214.02 13791.99
20226.28 13771.71
20238.74 13751.74
20251.50 13731.30
20264.42 13710.61
20277.25 13690.05
20289.92 13669.77
20302.24 13650.04
20314.69 13630.09
20327.01 13610.36
20339.37 13590.56
20351.99 13570.35
20364.39 13550.49
20377.38 13529.68
20390.02 13509.43
20402.47 13489.48
20414.97 13469.47
20427.45 13449.48
20440.02 13429.34
20452.48 13409.38
20465.25 13389.36
20477.94 13369.48
20490.99 13349.03
20503.78 13329.00
20516.31 13309.38
20529.31 13289.02
20542.20 13268.68
20554.54 13248.88
20566.82 13228.73
20581.55 13206.54
20594.19 13186.30
20606.72 13166.24
20619.41 13145.94
20632.13 13125.59
20644.53 13105.73
20656.93 13085.90
20669.63 13065.58
20681.98 13045.81
20694.41 13025.93
20707.32 13005.26
20719.60 12985.62
20732.50 12964.97
20745.31 12944.48
20757.62 12924.78
20770.20 12904.65
20782.66 12884.69
20794.68 12864.86
20806.69 12845.04
20819.02 12824.70
20830.77 12800.41
20842.67 12779.58
20852.85 12758.58
20862.77 12737.51
20871.72 12715.80
20880.61 12694.25
20889.37 12673.03
20898.31 12651.39
20908.62 12629.69
20918.50 12608.95
20929.46 12588.22
20940.61 12567.14
20952.55 12547.12
20964.67 12527.53
20976.73 12508.04
20990.80 12485.38
21002.90 12465.83
21015.27 12445.82
21027.66 12425.80
21038.10 12406.15
21051.38 12385.65
21064.34 12365.66
21077.36 12345.56
21090.03 12325.64
21102.46 12305.86
21114.85 12286.16
21127.83 12265.51
21140.38 12245.06
21152.91 12224.63
21165.56 12204.01
21178.38 12183.10
21191.12 12162.33
21203.77 12141.69
21215.87 12121.36
21228.14 12100.48
21240.31 12079.74
21252.71 12058.63
21264.10 12037.23
21275.16 12016.26
21286.02 11995.67
21297.03 11974.58
21308.15 11953.22
21319.10 11932.05
21328.65 11910.81
21338.37 11889.21
21348.12 11866.99
21356.74 11844.71
21365.42 11822.27
21374.19 11799.35
21382.07 11776.18
21389.14 11753.57
21396.24 11730.63
21402.77 11707.04
21409.05 11683.78
21415.11 11660.16
21420.29 11637.31
21425.60 11613.88
21430.93 11590.39
21435.35 11566.58
21439.66 11542.60
21443.60 11518.60
21447.51 11494.80
21450.89 11471.29
21454.17 11448.21
21457.56 11424.32
21460.78 11400.50
21463.90 11376.19
21467.00 11352.00
21470.05 11328.26
21473.05 11304.80
21476.01 11281.72
21479.05 11258.05
21482.12 11234.09
21485.21 11209.94
21488.20 11186.70
21491.12 11162.76
21494.01 11139.10
21496.94 11115.14
21499.85 11091.37
21502.72 11067.84
21505.59 11044.34
21508.51 11020.45
21510.21 10993.99
21513.24 10970.97
21516.31 10947.68
21519.37 10924.45
21522.49 10901.43
21526.15 10877.91
21529.72 10854.89
21533.28 10831.98
21536.26 10812.81
21538.78 10796.60
21542.41 10777.72
21544.70 10764.29
21545.24 10750.03
21545.77 10735.83
21545.62 10722.63
21545.42 10709.36
21545.41 10696.17
21545.77 10681.87
21546.97 10667.77
21549.54 10654.98
21555.18 10640.09
21559.03 10628.48
21563.25 10616.36
21567.86 10604.71
21572.67 10592.55
21577.54 10580.65
21582.25 10569.24
21587.27 10556.97
21591.99 10545.26
21596.57 10533.91
21601.51 10521.67
21606.43 10492.35
21605.28 10490.67
21604.53 10489.58
21594.49 10475.73
21588.42 10468.02
21578.04 10462.20
21569.39 10455.35
21560.84 10448.57
21551.98 10441.55
21543.02 10434.45
21534.34 10427.58
21525.44 10420.52
21516.79 10413.67
21507.94 10406.65
21497.40 10398.43
21489.56 10392.33
21481.78 10386.27
21473.21 10379.60
21465.09 10373.05
21457.42 10366.25
21441.66 10352.72
21433.83 10346.17
21425.44 10339.15
21417.28 10332.32
21407.68 10322.92
21399.76 10314.71
21392.01 10306.67
21384.26 10298.63
21376.62 10290.71
21369.14 10282.94
21361.18 10274.69
21353.61 10266.83
21345.60 10258.53
21337.98 10250.63
21330.18 10242.54
21322.71 10234.79
21314.97 10224.60
21312.55 10221.82
21310.13 10219.02
21308.32 10216.95
21307.31 10215.78
21307.04 10215.47
21306.93 10215.34
21306.89 10215.29
21306.87 10215.27
21306.87 10215.27
21286.15 10210.24
21286.47 10208.48
21286.90 10206.11
21286.87 10203.05
21286.18 10199.73
21285.75 10197.65
21278.87 10183.68
21273.56 10177.60
21266.85 10169.90
21259.33 10161.28
21252.42 10153.37
21244.80 10144.64
21237.17 10135.89
21229.64 10127.26
21222.54 10119.12
21215.61 10111.18
21208.12 10102.60
21200.74 10094.13
21193.55 10085.90
21186.18 10077.45
21179.20 10069.05
21172.82 10060.61
21166.40 10052.11
21159.97 10043.60
21153.64 10035.22
21146.98 10026.08
21135.39 10006.88
21132.87 9995.02
21127.86 9984.52
21123.69 9974.26
21119.91 9963.31
21116.26 9951.92
21112.60 9940.49
21110.35 9928.86
21108.24 9917.71
21106.05 9906.13
21104.03 9894.73
21102.77 9883.19
21101.59 9872.35
21100.39 9861.27
21099.15 9849.92
21097.90 9838.38
21096.62 9826.67
21095.36 9815.09
21094.17 9804.17
21092.99 9793.30
21091.73 9781.72
21090.45 9769.98
21089.24 9758.87
21086.74 9747.28
21084.16 9736.19
21081.58 9725.09
21078.98 9713.89
21076.38 9703.28
21073.27 9692.09
21070.15 9680.88
21067.13 9669.99
21063.94 9658.52
21060.76 9647.40
21057.67 9636.67
21054.68 9626.29
21051.56 9615.48
21048.54 9604.99
21045.29 9593.69
21042.25 9583.16
21039.05 9572.05
21035.96 9561.32
21032.98 9550.87
21029.72 9539.30
21026.45 9527.71
21023.28 9516.45
21020.12 9505.25
21017.01 9494.21
21013.82 9482.90
21010.57 9471.37
21007.41 9460.14
21004.25 9448.93
21000.98 9437.33
20998.01 9426.78
20995.09 9416.41
20992.00 9405.47
20989.01 9394.82
20986.05 9384.33
20980.90 9363.54
20978.87 9355.51
20976.95 9347.39
20972.46 9329.05
20970.70 9321.84
20966.71 9305.69
20964.24 9294.52
20961.71 9283.10
20959.25 9271.99
20956.71 9260.51
20954.17 9249.05
20951.66 9237.72
20949.13 9226.28
20946.78 9215.68
20944.25 9204.24
20941.71 9192.75
20939.32 9181.97
20936.94 9171.23
20934.51 9160.24
20932.14 9149.54
20929.83 9139.10
20927.52 9128.67
20925.14 9117.89
20922.72 9106.93
20920.30 9095.69
20917.56 9084.36
20914.92 9073.89
20912.11 9062.48
20909.57 9052.14
20906.80 9040.87
20904.02 9029.53
20901.35 9018.68
20898.64 9007.64
20895.94 8996.63
20893.12 8985.17
20890.54 8974.64
20887.74 8963.25
20885.11 8952.52
20882.51 8941.95
20879.93 8931.45
20877.32 8920.82
20874.77 8910.47
20871.96 8899.26
20869.24 8888.36
20866.43 8877.14
20863.82 8866.73
20861.17 8856.14
20858.43 8845.16
20855.64 8834.57
20851.91 8823.60
20848.25 8812.84
20844.79 8802.66
20840.34 8792.22
20835.05 8782.70
20829.13 8773.38
20813.14 8751.75
20807.27 8743.96
20801.48 8734.65
20795.59 8726.13
20789.58 8716.78
20783.46 8707.46
20778.61 8700.08
20776.01 8696.13
20775.29 8695.08
20765.16 8692.24
20763.47 8692.62
20760.91 8692.60
20749.34 8687.53
20748.33 8680.73
20747.21 8668.08
20741.13 8658.89
20734.65 8649.14
20728.27 8639.53
20721.83 8629.85
20715.29 8620.00
20708.99 8610.52
20702.65 8600.99
20696.07 8591.14
20689.63 8581.54
20683.85 8571.75
20679.83 8561.57
20677.45 8550.75
20675.63 8539.67
20673.81 8528.64
20672.32 8517.34
20670.86 8505.60
20666.22 8485.82
20663.00 8475.83
20659.11 8466.67
20654.70 8456.81
20649.24 8448.46
20643.42 8439.56
20637.80 8430.96
20631.91 8422.67
20625.74 8414.48
20619.27 8406.24
20615.30 8401.18
20613.82 8399.30
20613.54 8398.94
20613.52 8398.91
20613.51 8398.89
20613.50 8398.89
20613.50 8398.89
20613.50 8398.89
20613.50 8398.89
20613.50 8398.89
20613.50 8398.89
20613.50 8398.89
20613.50 8398.89
20613.50 8398.89
20613.50 8398.89
20613.50 8398.89
20613.50 8398.89
20613.50 8398.89
20613.50 8398.89
20613.50 8398.89
20613.50 8398.89
20613.50 8398.89
20613.50 8398.89
20613.50 8398.89
20613.50 8398.89
20613.50 8398.89
20613.50 8398.89
20613.50 8398.89
20613.50 8398.89
20613.50 8398.89
20613.50 8398.89
20613.50 8398.89
20613.50 8398.89
20613.50 8398.89
20613.50 8398.89
20613.50 8398.89
20613.50 8398.89
20613.50 8398.89
20613.50 8398.89
20613.50 8398.89
20613.50 8398.89
20613.50 8398.89
20612.35 8397.30
20610.62 8394.61
20602.03 8395.57
20596.98 8400.44
20590.67 8406.51
20583.22 8413.69
20574.95 8421.65
20567.36 8428.96
20559.57 8436.47
20551.82 8443.93
20544.10 8451.36
20536.25 8458.92
20528.43 8466.45
20520.43 8474.16
20512.16 8482.13
20503.81 8490.16
20496.05 8497.64
20488.23 8505.18
20480.39 8512.83
20472.74 8520.34
20465.05 8527.88
20455.06 8538.21
20446.90 8546.95
20439.65 8555.39
20432.66 8563.61
20425.05 8572.54
20417.49 8581.42
20409.76 8590.51
20405.16 8601.01
20398.44 8608.90
20391.40 8617.17
20384.09 8625.76
20376.46 8634.72
20369.78 8643.22
20362.81 8652.08
20356.03 8660.69
20348.75 8669.94
20341.41 8679.28
20333.98 8688.72
20326.95 8697.66
20319.55 8707.07
20312.76 8715.70
20305.79 8724.58
20298.83 8733.52
20291.77 8742.57
20284.77 8751.56
20277.61 8760.90
20270.75 8770.60
20263.91 8780.27
20257.10 8789.90
20250.70 8798.94
20244.41 8808.19
20238.20 8817.73
20232.02 8827.24
20226.09 8836.35
20220.26 8845.60
20211.43 8853.57
20205.37 8863.34
20199.09 8873.46
20193.49 8882.83
20188.08 8892.37
20182.23 8902.68
20176.93 8912.20
20171.64 8922.32
20166.19 8932.75
20161.14 8942.43
20155.96 8952.34
20150.72 8962.38
20145.55 8972.29
20140.56 8981.85
20135.48 8991.58
20130.43 9001.25
20125.00 9011.65
20119.68 9021.84
20114.52 9031.74
20109.01 9042.29
20103.89 9051.91
20099.87 9059.44
20097.93 9063.09
20097.18 9057.48
20100.88 9050.55
20105.72 9041.45
20110.77 9031.79
20115.79 9022.18
20121.19 9011.83
20123.79 8999.70
20129.16 8989.43
20134.66 8978.89
20140.12 8968.44
20145.50 8958.13
20150.74 8948.09
20156.15 8937.73
20161.73 8927.05
20166.89 8917.16
20172.30 8906.79
20178.17 8896.45
20183.92 8886.33
20189.69 8876.16
20195.38 8866.92
20201.25 8857.46
20207.52 8847.35
20213.44 8837.82
20219.31 8828.61
20225.47 8819.14
20231.49 8809.89
20237.68 8800.38
20243.95 8791.35
20250.54 8782.02
20257.17 8772.66
20263.67 8763.47
20270.51 8753.81
20277.29 8745.05
20284.06 8736.37
20291.17 8727.24
20297.87 8718.63
20304.64 8710.01
20311.36 8701.47
20318.16 8692.82
20325.31 8683.73
20332.19 8674.99
20339.55 8665.63
20346.51 8656.78
20353.75 8647.58
20360.49 8639.01
20367.67 8629.87
20375.00 8621.16
20382.06 8612.87
20389.34 8604.32
20396.64 8595.74
20404.34 8586.69
20411.39 8578.41
20419.20 8569.24
20426.62 8560.52
20433.90 8551.97
20441.29 8543.29
20448.75 8535.30
