14376.56 18365.18
14379.02 18365.42
14382.79 18365.80
14389.00 18366.42
14397.00 18367.21
14404.54 18367.96
14412.50 18368.75
14419.93 18369.49
14427.44 18370.24
14434.92 18370.98
14442.56 18371.74
14450.47 18372.52
14457.85 18373.26
14466.13 18374.08
14473.68 18374.82
14481.96 18375.61
14490.16 18376.39
14498.18 18377.16
14506.12 18377.92
14513.32 18378.61
14520.51 18379.31
14528.00 18380.07
14536.20 18380.91
14544.30 18381.74
14551.96 18382.55
14559.67 18383.37
14567.93 18384.25
14576.14 18385.12
14583.74 18385.92
14591.73 18386.75
14599.55 18387.55
14607.04 18388.32
14611.72 18388.80
14616.79 18380.58
14617.88 18373.42
14618.93 18366.53
14619.98 18359.64
14621.19 18351.69
14622.27 18344.60
14623.38 18337.29
14624.60 18329.24
14625.74 18321.80
14626.81 18314.21
14627.49 18306.83
14628.25 18298.75
14628.75 18290.64
14628.93 18283.62
14629.33 18276.65
14630.27 18268.85
14631.17 18261.78
14631.80 18257.73
14633.87 18246.04
14635.74 18238.41
14637.56 18230.97
14639.30 18223.87
14641.26 18216.28
14643.30 18208.86
14645.22 18201.88
14647.35 18194.16
14649.01 18186.61
14650.36 18179.16
14651.60 18172.30
14651.65 18165.04
14651.59 18157.60
14651.52 18149.59
14651.46 18142.58
14651.40 18135.10
14651.33 18127.94
14651.27 18120.84
14651.21 18113.22
14651.14 18105.14
14651.07 18097.17
14651.01 18089.83
14650.94 18082.09
14650.89 18076.33
14644.46 18069.75
14636.37 18069.86
14627.17 18069.98
14616.29 18066.87
14604.30 18067.17
14582.23 18067.70
14569.91 18067.98
14556.40 18068.28
14543.83 18068.57
14530.35 18068.87
14517.89 18069.15
14505.09 18069.44
14491.67 18069.75
14479.31 18070.03
14465.80 18070.33
14452.33 18070.64
14439.47 18070.93
14416.83 18071.68
14403.69 18072.05
14390.60 18072.42
14377.20 18072.80
14363.63 18073.19
14351.00 18073.58
14337.75 18073.89
14324.60 18074.16
14311.13 18074.44
14298.46 18074.69
14285.79 18074.94
14277.37 18075.10
14272.80 18075.28
14272.47 18075.29
14272.20 18075.30
14271.49 18075.33
14263.55 18062.76
14263.27 18057.65
14262.88 18050.58
14262.34 18042.11
14261.39 18031.79
14260.30 18019.96
14259.06 18006.59
14257.79 17992.77
14256.58 17979.70
14255.33 17966.17
14254.10 17952.83
14252.72 17938.91
14251.38 17925.63
14250.02 17912.23
14248.64 17898.60
14247.33 17885.69
14245.98 17872.31
14244.63 17859.07
14243.29 17845.76
14241.99 17832.92
14240.65 17819.69
14239.34 17806.77
14237.80 17792.97
14236.33 17778.90
14234.88 17764.98
14233.30 17751.75
14231.45 17738.95
14229.62 17725.30
14227.91 17712.10
14226.13 17698.37
14224.44 17685.33
14222.82 17672.09
14221.32 17659.01
14219.84 17645.48
14218.43 17631.55
14217.04 17617.83
14215.63 17603.88
14214.25 17590.29
14212.61 17576.85
14210.78 17563.18
14208.84 17549.56
14207.08 17536.41
14205.28 17523.00
14203.60 17509.88
14201.93 17496.46
14200.30 17483.31
14198.59 17469.54
14196.18 17450.42
14194.69 17438.64
14193.19 17426.74
14191.57 17413.96
14189.32 17395.06
14188.02 17383.17
14186.73 17371.41
14185.61 17361.19
14184.92 17354.83
14184.64 17352.32
14184.56 17351.56
14184.54 17351.36
14184.53 17351.30
14184.53 17351.27
14184.53 17351.26
14184.53 17351.26
14184.53 17351.26
14184.53 17351.26
14184.53 17351.26
14184.53 17351.26
14184.43 17350.37
14184.08 17347.20
14183.52 17342.03
14183.39 17340.81
14183.39 17340.81
14183.39 17340.81
14183.39 17340.81
14183.39 17340.81
14183.39 17340.81
14183.39 17340.81
14183.39 17340.81
14183.39 17340.81
14183.39 17340.81
14183.39 17340.81
14183.39 17340.81
14183.39 17340.81
14183.39 17340.81
14183.39 17340.81
14183.39 17340.81
14183.39 17340.81
14183.39 17340.81
14183.39 17340.81
14183.39 17340.81
14182.18 17328.48
14181.83 17324.45
14181.27 17318.12
14180.58 17310.31
14179.71 17300.57
14178.73 17289.44
14177.62 17276.91
14176.46 17263.86
14175.36 17251.41
14174.22 17238.59
14173.00 17223.32
14172.40 17215.21
14172.07 17210.82
14171.99 17209.76
14171.93 17209.01
14171.93 17208.99
14171.93 17208.99
14171.93 17208.98
14171.93 17208.98
14171.93 17208.98
14171.93 17208.98
14171.93 17208.98
14171.93 17208.98
14171.93 17208.98
14171.93 17208.98
14171.93 17208.98
14171.93 17208.98
14171.93 17208.98
14171.93 17208.98
14171.93 17208.98
14171.93 17208.98
14171.93 17208.98
14171.93 17208.98
14171.93 17208.98
14171.93 17208.98
14171.93 17208.98
14171.93 17208.98
14171.93 17208.98
14171.93 17208.98
14171.93 17208.98
14171.93 17208.98
14171.93 17208.98
14171.93 17208.98
14171.93 17208.98
14171.93 17208.98
14171.93 17208.98
14171.93 17208.98
14171.93 17208.98
14171.93 17208.98
14171.93 17208.98
14171.93 17208.98
14171.93 17208.98
14171.93 17208.98
14171.93 17208.98
14171.93 17208.98
14171.93 17208.98
14171.93 17208.98
14171.93 17208.98
14171.93 17208.98
14171.93 17208.98
14171.93 17208.98
14171.93 17208.98
14171.93 17208.98
14171.93 17208.98
14171.93 17208.98
14171.93 17208.98
14171.93 17208.98
14171.83 17207.61
14171.61 17204.73
14171.30 17200.62
14170.03 17185.24
14169.36 17177.91
14168.57 17169.12
14167.56 17158.05
14166.42 17145.48
14165.31 17133.23
14164.17 17120.54
14162.68 17104.15
14161.51 17091.20
14160.38 17078.77
14159.24 17066.18
14158.11 17053.64
14156.97 17041.01
14155.83 17028.51
14154.22 17010.22
14153.22 16997.81
14152.22 16985.42
14151.43 16974.42
14150.64 16963.32
14149.76 16950.91
14148.87 16938.53
14148.17 16927.14
14147.81 16916.97
14147.53 16909.20
14147.36 16904.71
14147.33 16903.79
14147.25 16901.56
14147.12 16898.02
14145.62 16869.18
14145.57 16863.17
14145.51 16855.98
14145.43 16847.42
14145.35 16837.72
14145.30 16826.99
14145.26 16817.19
14145.21 16806.38
14143.70 16774.41
14143.32 16765.84
14142.78 16753.83
14142.18 16741.93
14140.24 16729.66
14138.32 16717.55
14134.76 16696.41
14132.82 16685.63
14130.78 16674.38
14128.35 16660.90
14126.35 16649.82
14124.93 16642.02
14124.11 16637.48
14123.66 16634.98
14123.60 16634.62
14123.56 16634.43
14123.56 16634.41
14123.39 16633.46
14123.01 16631.41
14120.50 16617.19
14119.59 16611.96
14118.30 16604.54
14116.72 16595.43
14114.87 16584.82
14112.74 16572.54
14110.89 16561.90
14108.51 16546.51
14107.24 16537.17
14105.97 16527.88
14104.87 16519.86
14104.27 16515.52
14103.81 16512.13
14103.74 16511.63
14103.71 16511.41
14103.69 16511.24
14103.55 16510.21
14103.30 16508.39
14102.84 16505.04
14100.93 16489.67
14100.02 16481.61
14098.85 16471.24
14097.57 16459.93
14096.12 16447.00
14094.65 16434.05
14093.28 16421.70
14091.85 16408.76
14090.48 16396.41
14089.07 16383.66
14087.76 16371.33
14086.55 16358.20
14085.38 16345.40
14084.22 16332.86
14083.05 16320.11
14080.21 16289.97
14079.70 16283.48
14079.28 16278.23
14078.23 16265.06
14077.93 16261.18
14077.74 16258.87
14077.71 16258.47
14077.70 16258.37
14077.70 16258.34
14077.70 16258.33
14077.62 16257.38
14077.50 16255.80
14077.46 16255.36
14077.46 16255.32
14077.46 16255.30
14077.45 16255.29
14077.45 16255.28
14077.45 16255.28
14077.45 16255.28
14077.45 16255.28
14077.45 16255.28
14072.96 16240.65
14072.94 16240.40
14072.91 16240.00
14072.87 16239.63
14072.84 16218.71
14072.29 16211.88
14071.61 16203.47
14070.65 16185.53
14069.53 16172.82
14068.40 16160.04
14067.28 16147.44
14066.09 16133.99
14064.98 16121.60
14063.78 16108.07
14062.60 16094.76
14061.44 16081.76
14060.25 16068.36
14059.10 16055.44
14057.93 16042.30
14056.76 16029.16
14055.00 16015.99
14050.62 16007.49
14043.76 16000.52
14029.44 15992.15
14020.02 15986.70
14010.97 15981.45
14001.52 15975.94
13991.22 15953.82
13994.42 15942.65
13997.52 15931.85
14000.53 15921.36
14003.75 15910.16
14006.89 15899.19
14009.96 15888.49
14012.98 15877.99
14016.00 15867.45
14018.76 15857.84
14026.70 15823.24
14028.44 15813.01
14027.88 15801.64
14026.90 15790.34
14026.02 15780.29
14025.12 15770.05
14024.19 15759.32
14023.34 15749.66
14022.40 15738.82
14021.41 15727.48
14020.45 15716.49
14018.49 15694.84
14017.38 15682.68
14016.27 15670.54
14015.19 15658.69
14014.08 15646.62
14013.03 15635.06
14011.87 15622.34
14010.74 15609.95
14009.72 15598.83
14007.69 15576.97
14003.66 15569.55
14002.82 15560.65
14001.78 15549.78
14000.58 15537.20
13999.46 15525.35
13999.06 15507.22
13997.11 15498.74
13994.71 15490.16
13991.20 15481.49
13977.78 15461.78
13964.45 15450.32
13954.75 15442.19
13943.80 15434.93
13933.08 15428.86
13922.03 15423.10
13909.93 15417.52
13898.38 15412.19
13887.12 15407.00
13875.87 15401.81
13858.14 15395.46
13846.37 15390.05
13835.16 15384.91
13827.64 15381.46
13823.67 15379.63
13822.08 15378.91
13820.62 15378.24
13818.04 15377.05
13808.68 15370.94
13803.57 15368.59
13797.34 15365.73
13789.96 15362.15
13780.79 15357.54
13770.39 15352.30
13759.51 15346.83
13748.24 15341.15
13737.35 15335.41
13726.14 15329.89
13702.88 15318.58
13692.04 15313.26
13681.43 15308.04
13670.06 15302.46
13658.68 15296.87
13646.91 15291.09
13635.21 15284.78
13623.80 15278.89
13613.84 15273.14
13599.62 15268.97
13590.13 15263.76
13583.65 15260.21
13580.52 15258.49
13578.57 15257.42
13578.07 15257.14
13571.79 15251.53
13570.64 15250.88
13570.63 15250.87
13570.62 15250.87
13570.62 15250.86
13570.62 15250.86
13570.62 15250.86
13570.62 15250.86
13570.62 15250.86
13570.38 15250.72
13569.73 15250.36
13568.66 15249.75
13562.05 15255.29
13558.72 15261.33
13554.73 15268.58
13549.99 15277.19
13544.59 15287.01
13539.02 15297.14
13535.28 15303.93
13533.39 15307.36
13519.50 15307.70
13512.61 15303.41
13503.64 15298.02
13492.39 15291.84
13480.77 15285.03
13469.72 15278.55
13458.21 15271.79
13446.46 15264.90
13434.97 15258.17
13423.31 15251.33
13411.60 15244.46
13399.95 15237.63
13388.15 15230.71
13376.31 15224.12
13364.83 15217.77
13353.56 15211.54
13341.89 15205.08
