7335.09 22418.35
7337.11 22417.19
7341.05 22414.95
7346.33 22411.95
7353.37 22407.94
7362.50 22404.25
7373.42 22404.84
7384.41 22410.76
7393.80 22419.27
7400.30 22430.13
7406.38 22441.93
7420.70 22438.30
7431.09 22432.17
7441.63 22425.95
7452.29 22419.67
7461.47 22414.25
7467.27 22410.83
7468.64 22399.96
7463.61 22390.71
7457.59 22379.66
7451.64 22368.73
7445.55 22357.54
7439.50 22346.43
7434.95 22335.39
7429.10 22320.56
7422.79 22309.59
7416.56 22298.78
7410.52 22288.30
7404.28 22277.47
7398.31 22267.11
7392.25 22256.59
7381.53 22238.25
7376.26 22228.74
7370.95 22219.15
7364.94 22209.59
7351.91 22195.04
7344.19 22188.24
7335.63 22182.63
7317.65 22173.80
7305.60 22170.00
7293.32 22168.13
7281.11 22167.49
7268.41 22168.27
7256.46 22169.76
7244.97 22173.20
7225.73 22182.32
7214.96 22188.00
7203.41 22194.08
7192.67 22199.75
7181.11 22205.72
7170.28 22211.27
7159.37 22216.86
7152.17 22220.54
7148.58 22222.39
7144.09 22229.09
7142.36 22231.99
7131.15 22235.98
7119.57 22236.59
7108.42 22242.60
7097.30 22249.06
7087.88 22256.84
7078.21 22264.82
7068.94 22272.48
7062.83 22277.52
7059.71 22280.10
7047.46 22289.77
7041.46 22294.37
7034.35 22299.82
7025.79 22306.39
7016.01 22313.89
7006.35 22321.30
6996.71 22328.70
6977.81 22338.66
6966.13 22340.67
6954.90 22340.07
6942.91 22339.42
6920.09 22338.54
6910.40 22338.36
6902.03 22338.20
6896.73 22338.09
6879.37 22337.45
6868.85 22336.93
6856.06 22337.28
6843.35 22338.19
6830.43 22340.35
6817.57 22343.75
6805.50 22348.65
6793.83 22354.29
6782.59 22360.81
6772.53 22367.90
6762.07 22375.73
6752.06 22383.40
6743.26 22392.24
6728.32 22409.76
6720.38 22419.64
6712.42 22429.53
6704.73 22439.09
6696.74 22449.03
6688.97 22458.71
6681.31 22468.34
6669.69 22483.06
6661.99 22493.07
6654.64 22502.63
6646.93 22512.65
6639.99 22521.68
6635.55 22527.45
6624.76 22538.46
6617.87 22547.00
6610.40 22556.24
6603.04 22565.35
6595.53 22574.64
6587.78 22584.24
6580.12 22593.73
6574.95 22600.14
6572.27 22603.45
6559.21 22611.14
6551.88 22608.69
6542.09 22605.42
6530.85 22601.66
6518.06 22597.63
6503.73 22593.13
6487.54 22588.04
6469.67 22582.43
6450.77 22576.49
6432.94 22570.83
6414.77 22565.04
6396.74 22559.30
6378.28 22553.45
6359.57 22547.65
6341.40 22542.02
6322.53 22536.26
6303.59 22531.55
6284.48 22526.80
6265.07 22523.85
6245.37 22522.37
6225.67 22522.55
6206.68 22523.44
6187.33 22524.50
6167.95 22525.57
6148.39 22526.67
6129.39 22527.77
6110.11 22529.22
6091.50 22530.63
6072.40 22531.87
6053.15 22532.71
6033.30 22532.44
6014.72 22530.59
5995.71 22527.44
5977.43 22523.18
5958.96 22517.62
5940.83 22511.00
5922.92 22503.72
5905.67 22496.67
5887.85 22489.35
5869.75 22481.92
5852.34 22474.76
5834.10 22466.93
5816.80 22459.36
5798.61 22451.39
5781.07 22443.71
5763.65 22435.69
5745.81 22427.36
5727.93 22419.01
5710.13 22410.69
5692.45 22402.43
5674.66 22394.12
5657.03 22385.88
5639.36 22377.63
5622.49 22369.74
5605.19 22361.66
5587.39 22353.34
5570.23 22345.32
5552.45 22337.02
5535.56 22329.13
5518.11 22320.90
5501.56 22312.34
5485.10 22301.76
5469.72 22289.93
5454.23 22278.31
5438.39 22266.56
5422.88 22254.48
5408.04 22242.92
5393.14 22231.31
5378.02 22219.53
5363.12 22207.92
5348.21 22196.31
5333.16 22184.58
5318.35 22173.05
5302.59 22161.14
5287.40 22149.72
5272.36 22138.10
5257.05 22125.54
5241.79 22113.02
5227.00 22100.89
5211.79 22089.94
5198.02 22079.22
5187.66 22071.16
5180.72 22065.76
5176.31 22062.32
5174.92 22061.24
5174.72 22061.09
5174.56 22060.96
5174.54 22060.94
5174.54 22060.94
5174.54 22060.94
5174.54 22060.94
5174.54 22060.94
5174.54 22060.94
5174.54 22060.94
5174.54 22060.94
5174.54 22060.94
5174.54 22060.94
5174.54 22060.94
5174.54 22060.94
5166.07 22054.60
5163.29 22052.61
5158.89 22049.48
5153.20 22045.42
5146.12 22040.37
5137.90 22033.79
5128.82 22024.87
5118.02 22014.26
5105.48 22001.94
5091.98 21988.68
5077.94 21976.70
5062.29 21965.42
5044.77 21956.76
5027.41 21949.24
5009.65 21941.58
4992.08 21934.11
4975.26 21925.62
4958.59 21916.13
4943.28 21905.59
4927.52 21895.36
4911.43 21884.91
4895.90 21874.83
4879.76 21864.35
4864.05 21854.16
4848.59 21844.12
4832.52 21833.69
4817.05 21823.64
4800.58 21812.95
4785.11 21802.90
4768.82 21792.33
4752.43 21781.69
4736.95 21770.88
4721.65 21759.22
4706.44 21747.18
4692.17 21733.95
4679.26 21719.54
4668.66 21702.65
4668.14 21701.31
4667.81 21700.45
4667.64 21700.02
4667.62 21699.98
4667.62 21699.97
4667.62 21699.97
4667.62 21699.97
4667.62 21699.97
4667.62 21699.97
4667.62 21699.97
4667.62 21699.97
4667.62 21699.97
4667.62 21699.97
4667.62 21699.97
4667.62 21699.97
4667.62 21699.97
4667.62 21699.97
4667.62 21699.97
4667.62 21699.97
4667.62 21699.97
4667.62 21699.97
4667.62 21699.97
4667.62 21699.97
4667.62 21699.97
4657.13 21654.14
4657.38 21649.92
4657.71 21644.20
4658.17 21636.30
4658.74 21626.57
4660.10 21614.74
4661.87 21601.33
4664.31 21586.54
4667.74 21570.10
4671.48 21552.15
4675.09 21534.84
4678.76 21517.27
4682.37 21499.97
4686.11 21482.01
4689.68 21464.89
4693.35 21447.33
4697.07 21429.48
4700.84 21411.38
4704.65 21393.10
4708.23 21375.92
4711.90 21358.30
4715.65 21340.31
4719.36 21322.54
4722.94 21305.37
4726.54 21288.18
4730.14 21270.93
4733.32 21253.78
4734.42 21236.91
4734.36 21223.17
4733.37 21213.56
4732.81 21208.14
4726.70 21194.93
4725.23 21191.75
4726.42 21178.43
4739.03 21169.61
4743.22 21156.29
4746.04 21143.87
4745.97 21130.83
4745.89 21117.95
4743.33 21104.19
4740.74 21090.64
4737.33 21078.22
4730.13 21065.72
4726.14 21052.43
4721.88 21040.25
4715.69 21027.89
4708.77 21016.59
4700.38 21005.87
4692.09 20995.29
4683.61 20984.48
4675.27 20973.83
4666.47 20963.13
4658.03 20953.64
4649.62 20944.18
4641.09 20934.59
4632.54 20924.96
4623.37 20914.65
4614.66 20904.85
4605.49 20894.54
4596.40 20884.32
4587.66 20874.48
4579.22 20864.99
4568.42 20851.58
4559.71 20842.72
4551.29 20834.16
4542.58 20825.18
4534.49 20816.71
4525.85 20807.26
4517.18 20797.26
4508.51 20787.24
4499.70 20777.07
4490.75 20766.74
4482.18 20756.84
4475.81 20744.46
4466.86 20734.12
4458.06 20723.96
4449.42 20714.00
4440.63 20703.86
4431.90 20693.80
4423.35 20683.95
4414.58 20673.84
4405.71 20663.61
4396.73 20653.27
4388.17 20643.48
4378.85 20633.06
4370.11 20623.30
4361.52 20613.69
4352.44 20603.55
4343.95 20594.06
4335.11 20584.19
4326.35 20574.03
4318.33 20564.12
4306.91 20550.01
4301.50 20543.25
4300.14 20529.60
4313.96 20525.34
4326.73 20519.78
4339.50 20514.23
4351.15 20509.17
4363.20 20503.93
4375.23 20498.69
4387.32 20493.44
4399.72 20488.05
4411.52 20482.91
4424.21 20477.40
4436.27 20472.15
4448.36 20466.89
4460.03 20461.82
4474.56 20455.52
4485.17 20450.93
4490.94 20448.49
4494.80 20446.88
4496.80 20446.05
4520.50 20436.05
4528.13 20432.73
4537.07 20428.84
4548.02 20424.07
4560.06 20418.83
4572.24 20413.53
4584.48 20408.18
4596.76 20402.75
4609.20 20398.23
4622.18 20393.48
4634.35 20388.75
4645.55 20384.35
4653.12 20381.96
4657.51 20381.23
4665.75 20376.31
4673.19 20372.52
4682.41 20367.83
4692.99 20362.44
4704.22 20355.10
4714.61 20345.81
4724.76 20336.74
4734.53 20328.01
4744.52 20319.09
4754.48 20310.18
4764.30 20301.30
4774.20 20291.62
4783.46 20278.80
4793.57 20264.32
4804.37 20248.84
4816.13 20233.00
4827.52 20217.71
4838.76 20202.63
4850.16 20187.05
4861.84 20171.09
4872.90 20155.97
4884.53 20140.07
4895.78 20124.96
4907.91 20109.76
4919.88 20094.77
4932.13 20079.44
4943.95 20064.64
4955.86 20050.00
4968.31 20035.73
4980.52 20021.73
4993.46 20006.89
5006.59 19992.85
5019.90 19979.85
5033.54 19966.53
5047.32 19953.65
5061.08 19940.88
5075.43 19927.58
5089.79 19914.25
5103.86 19901.20
5118.16 19887.93
5132.31 19875.23
5143.30 19865.70
5150.91 19859.09
5155.09 19855.37
5157.57 19843.11
5158.23 19838.42
5161.60 19834.00
5172.12 19830.00
