11917.64 16492.37
11916.07 16491.29
11913.46 16489.51
11908.88 16486.37
11902.29 16482.05
11893.74 16476.48
11884.13 16470.23
11874.95 16463.77
11866.27 16457.35
11857.91 16451.17
11848.71 16444.37
11839.47 16437.53
11830.19 16430.68
11821.71 16424.37
11812.75 16417.53
11803.79 16410.71
11790.38 16399.69
11782.68 16392.53
11774.71 16385.13
11766.58 16377.58
11759.08 16369.48
11752.09 16361.36
11744.91 16350.49
11739.01 16343.62
11733.37 16337.02
11727.93 16330.63
11722.04 16323.71
11716.64 16317.37
11713.18 16313.30
11695.38 16286.08
11689.89 16277.64
11683.74 16268.77
11677.34 16259.54
11671.05 16250.47
11664.68 16241.09
11658.96 16232.49
11653.30 16224.00
11647.41 16215.16
11641.29 16205.88
11635.60 16197.23
11629.43 16187.83
11623.34 16178.55
11617.30 16169.35
11611.06 16159.85
11605.28 16151.06
11599.33 16142.00
11590.83 16126.32
11584.75 16117.35
11579.08 16108.96
11572.98 16099.96
11567.00 16091.12
11561.53 16083.04
11558.23 16078.16
11557.22 16076.66
11557.12 16076.51
11557.09 16076.48
11557.09 16076.47
11557.60 16070.94
11559.13 16069.84
11561.55 16068.12
11564.59 16065.96
11566.13 16064.86
11566.22 16064.79
11566.26 16064.77
11566.27 16064.76
11566.27 16064.76
11574.52 16064.60
11576.90 16068.10
11580.30 16073.09
11584.45 16079.19
11589.31 16086.33
11594.87 16094.49
11600.65 16102.98
11606.64 16111.77
11614.82 16126.90
11620.60 16135.96
11626.51 16145.22
11632.37 16154.41
11638.51 16164.03
11644.50 16173.43
11650.64 16183.05
11656.82 16192.33
11666.88 16206.30
11673.11 16215.32
11679.31 16224.28
11685.40 16233.09
11691.79 16242.32
11698.40 16251.89
11704.49 16260.70
11710.65 16269.72
11716.51 16278.79
11722.61 16288.22
11732.37 16303.27
11738.65 16312.83
11745.42 16322.61
11752.21 16332.34
11758.61 16341.10
11765.82 16349.25
11773.37 16356.92
11781.64 16364.66
11790.17 16372.32
11798.86 16379.90
11808.37 16386.56
11817.51 16393.27
11826.65 16400.02
11836.32 16407.14
11848.13 16415.46
11856.95 16421.87
11865.87 16428.65
11874.12 16434.92
11883.72 16444.19
11891.47 16449.88
11899.38 16455.69
11907.50 16461.66
11915.73 16467.70
11932.92 16477.81
11938.23 16481.57
11943.20 16485.09
11948.60 16488.90
11953.82 16492.46
11959.18 16495.99
11962.65 16498.27
11989.45 16551.38
11990.65 16558.18
11991.85 16566.15
11991.97 16575.09
11991.71 16583.59
11990.43 16592.17
11988.91 16599.01
11987.89 16603.29
11981.50 16619.25
11975.06 16628.65
11967.25 16640.03
11959.51 16651.48
11951.69 16663.18
11944.24 16674.35
11936.74 16685.58
11928.74 16697.56
11920.86 16709.36
11913.00 16721.13
11905.35 16732.59
11897.65 16744.13
11889.97 16755.62
11881.95 16767.63
11874.36 16778.95
11866.26 16790.65
11858.23 16802.24
11850.32 16813.68
11842.62 16824.80
11834.54 16836.47
11826.52 16848.07
11819.10 16860.46
11810.12 16874.88
11801.77 16888.18
11792.27 16903.31
11781.46 16920.54
11769.30 16939.91
11756.81 16959.81
11744.07 16980.10
11731.35 17000.37
11715.90 17018.78
11703.38 17038.72
11691.07 17058.33
11678.54 17078.30
11665.92 17098.41
11652.95 17119.06
11640.85 17139.51
11629.07 17160.57
11617.47 17181.32
11605.94 17201.95
11594.18 17222.97
11582.71 17243.49
11571.77 17264.62
11561.07 17285.41
11550.68 17306.96
11540.49 17328.79
11530.96 17350.19
11521.66 17372.35
11512.44 17394.32
11503.38 17415.92
11493.92 17438.47
11481.77 17474.99
11474.60 17494.26
11467.98 17513.34
11461.09 17533.19
11454.28 17553.19
11448.37 17572.53
11442.42 17592.03
11436.44 17611.63
11431.32 17631.68
11419.74 17668.23
11412.92 17690.32
11406.03 17712.90
11399.24 17735.22
11392.38 17757.72
11385.49 17780.68
11378.86 17803.26
11372.03 17826.52
11361.11 17857.84
11354.77 17879.20
11348.07 17900.93
11341.47 17922.35
11334.78 17944.09
11327.93 17965.26
11320.92 17986.84
11313.91 18008.42
11306.78 18030.38
11297.68 18055.57
11288.66 18078.00
11279.71 18100.24
11270.67 18122.80
11262.12 18144.39
11253.49 18166.18
11244.74 18188.06
11235.51 18209.58
11226.00 18231.76
11216.86 18253.06
11207.05 18274.84
11197.03 18296.99
11187.08 18322.04
11176.66 18343.87
11166.47 18365.20
11156.42 18386.26
11145.38 18407.55
11133.88 18428.90
11122.66 18449.72
11111.04 18471.27
11099.91 18491.93
11088.33 18512.78
11076.61 18533.49
11065.07 18553.88
11053.23 18574.79
11041.41 18595.69
11029.86 18616.09
11018.02 18637.00
11006.50 18657.36
10994.43 18677.84
10981.75 18698.77
10969.13 18719.63
10956.99 18739.68
10944.64 18760.07
10932.20 18780.62
10920.09 18800.63
10907.58 18821.30
10895.27 18841.62
10882.62 18862.28
10869.64 18882.97
10856.89 18903.27
10844.11 18923.62
10831.33 18943.97
10818.65 18964.17
10806.14 18984.09
10793.50 19004.24
10780.79 19024.47
10768.14 19044.59
10755.01 19064.61
10742.23 19084.12
10729.01 19104.29
10715.65 19124.66
10702.34 19144.93
10688.97 19165.28
10675.72 19185.46
10662.92 19204.96
10649.78 19224.97
10636.46 19245.24
10623.07 19265.63
10609.59 19286.17
10596.26 19306.46
10582.84 19326.90
10569.76 19346.82
10556.87 19366.44
10543.22 19385.89
10529.55 19405.30
10515.47 19425.30
10501.49 19445.17
10487.90 19464.47
10474.08 19484.10
10460.09 19503.98
10445.91 19524.11
10432.33 19543.40
10418.55 19562.98
10404.77 19582.57
10390.66 19602.61
10376.70 19622.44
10362.36 19642.09
10347.84 19661.65
10333.19 19681.37
10318.62 19701.00
10304.39 19720.17
10290.19 19739.29
10275.67 19758.84
10261.28 19778.22
10247.23 19797.14
10232.84 19816.52
10215.46 19837.07
10201.30 19856.00
10187.63 19874.28
10173.56 19893.09
10162.74 19907.48
10154.99 19917.83
10146.78 19927.95
10107.99 19978.44
10093.95 19996.69
10079.65 20015.28
10064.99 20034.34
10050.49 20053.18
10036.43 20071.46
10021.84 20090.42
10007.28 20109.35
9993.35 20127.46
9979.33 20145.68
9964.69 20164.71
9950.10 20183.68
9935.77 20202.30
9921.46 20220.90
9907.26 20239.35
9892.62 20258.38
9878.33 20276.96
9863.72 20295.95
9849.20 20314.82
9835.21 20333.01
9821.09 20351.37
9805.68 20373.70
9791.06 20392.09
9776.37 20411.08
9761.81 20430.42
9747.35 20449.63
9732.76 20469.00
9718.58 20487.82
9704.19 20506.79
9689.68 20525.49
9674.90 20544.56
9660.35 20563.31
9645.38 20582.61
9630.63 20601.63
9615.76 20620.80
9601.08 20639.72
9586.50 20658.51
9571.67 20677.64
9557.20 20696.29
9542.54 20715.20
9527.69 20734.41
9513.48 20752.86
9498.66 20772.09
9484.01 20791.09
9469.48 20809.84
9454.83 20828.77
9440.34 20847.48
9425.45 20866.72
9410.66 20885.82
9396.48 20904.46
9382.60 20924.65
9366.60 20946.08
9352.21 20964.42
9337.96 20982.58
9323.89 21000.51
9308.03 21020.80
9293.97 21038.71
9280.26 21056.71
9267.15 21074.10
9253.16 21091.77
9239.79 21109.10
9226.05 21127.10
9212.34 21145.06
9198.81 21162.76
9185.57 21180.28
9172.44 21198.12
9146.01 21231.18
9131.56 21250.20
9117.21 21269.08
9102.64 21288.25
9088.14 21307.33
9073.80 21326.21
9059.62 21344.86
9045.22 21363.80
9030.61 21383.03
9018.89 21403.90
9004.52 21422.81
8990.43 21441.34
8975.58 21460.88
8960.74 21480.40
8946.37 21499.30
8931.82 21518.44
8917.00 21537.94
8902.63 21556.83
8888.12 21575.92
8873.88 21594.66
8859.34 21613.79
8844.91 21632.56
8830.42 21651.20
8815.49 21670.38
8800.47 21689.69
8787.59 21706.25
8760.76 21743.52
8752.03 21755.79
8743.51 21767.70
8734.77 21779.91
8728.29 21793.45
8721.90 21806.90
8716.85 21820.86
8712.39 21834.66
8708.86 21849.18
8705.51 21864.16
8703.09 21878.81
8701.41 21893.21
8701.13 21908.17
8701.14 21923.29
8701.78 21938.19
8703.21 21953.53
8705.36 21968.38
8710.09 21981.13
8713.03 21991.44
8716.55 22001.96
8720.80 22010.95
8724.81 22019.39
8732.07 22035.73
8736.84 22044.49
8742.08 22054.11
8749.21 22065.38
8757.56 22073.85
8767.59 22084.03
8778.76 22095.35
8790.22 22106.99
8802.20 22118.14
8814.93 22127.10
8827.70 22136.09
8840.86 22145.36
8853.78 22154.46
8866.96 22163.21
8880.62 22170.89
8894.96 22178.95
8908.73 22186.70
8922.69 22194.09
8937.01 22201.65
8948.14 22207.52
8955.75 22211.54
8960.01 22213.78
8989.61 22231.12
8997.36 22235.49
9006.63 22240.72
9017.58 22246.89
9030.07 22253.94
9045.66 22258.95
9059.48 22266.74
9072.91 22274.32
9086.83 22282.17
9100.17 22289.69
9114.02 22297.51
9127.63 22305.44
9141.75 22313.93
9155.63 22322.29
9168.97 22330.31
9182.07 22338.20
9195.41 22346.22
9208.76 22354.25
9221.88 22362.14
9235.28 22370.21
9249.22 22378.59
9262.56 22386.64
9276.50 22395.27
9290.04 22403.66
9303.13 22411.76
9316.77 22420.21
9330.46 22428.68
9343.87 22436.99
9356.73 22446.35
9369.65 22455.92
9382.17 22465.20
9394.73 22474.51
9407.10 22483.68
9419.63 22492.24
9436.92 22500.17
9447.19 22503.45
9457.61 22506.80
9467.85 22509.74
9479.15 22512.72
9489.83 22513.85
9500.68 22514.73
9511.58 22514.61
9521.96 22513.27
9533.03 22510.96
9555.01 22506.65
9561.84 22504.85
9568.94 22502.99
9575.76 22501.19
9594.08 22513.87
9596.80 22524.22
9599.37 22533.98
9602.44 22544.37
9605.64 22554.92
9608.88 22565.59
9613.57 22575.54
9618.34 22585.37
9623.65 22594.59
9628.99 22603.10
9635.37 22610.89
9642.37 22618.78
9650.17 22626.29
9658.00 22632.76
9666.92 22638.96
9676.27 22645.07
9685.45 22650.93
9694.67 22656.93
9703.45 22662.75
9710.64 22667.17
9714.86 22669.46
9726.42 22668.37
9729.90 22661.33
9734.07 22652.89
9738.16 22644.62
9742.47 22635.89
9746.42 22624.09
9750.05 22616.05
9753.63 22607.74
9757.28 22599.26
9761.25 22591.06
9772.13 22571.60
9776.95 22563.14
9781.57 22555.02
9784.68 22547.22
9786.87 22541.45
9789.23 22535.23
9791.60 22528.98
9793.92 22522.87
9796.20 22516.86
9798.36 22511.16
9800.50 22505.52
9802.65 22499.87
9804.99 22493.69
9807.43 22487.06
9809.82 22480.41
9811.83 22474.80
9813.88 22469.10
9815.90 22463.45
9817.93 22457.80
9820.24 22451.36
9822.39 22445.39
9824.70 22438.95
9826.77 22433.17
9831.38 22420.59
9833.78 22414.25
9836.10 22408.91
9838.60 22403.14
9840.98 22397.67
9843.46 22391.96
9846.24 22385.56
9848.79 22379.39
9850.97 22373.87
9853.18 22368.25
9855.50 22362.36
9857.77 22356.60
9860.10 22350.69
9862.42 22344.79
9864.80 22338.75
9867.04 22332.63
9869.16 22325.91
9871.06 22319.90
9873.13 22313.36
9874.98 22307.49
9876.78 22301.79
9878.65 22295.88
9880.76 22289.18
9882.63 22283.27
9884.25 22278.15
9884.94 22275.96
9884.98 22275.83
9884.98 22275.83
9884.98 22275.83
9884.98 22275.83
9884.98 22275.83
9895.52 22272.42
9899.41 22274.96
9905.07 22278.74
9912.47 22283.68
9921.02 22289.40
9929.97 22295.39
9938.77 22301.27
9947.96 22307.76
9956.93 22314.31
9965.40 22320.49
9974.32 22327.01
9988.13 22337.16
9997.02 22343.80
10005.88 22350.43
10014.66 22356.99
10022.93 22363.17
10032.01 22369.96
10045.77 22380.11
10054.70 22386.53
10063.66 22392.98
10072.17 22399.11
10080.85 22405.36
10089.90 22411.88
10099.12 22418.51
10107.85 22424.80
10115.61 22430.22
10119.97 22433.21
10121.72 22448.00
10117.00 22455.93
10111.03 22465.97
10105.07 22476.00
10099.48 22485.40
10093.75 22495.02
10087.90 22504.86
10082.41 22514.10
10076.50 22524.04
10070.63 22533.91
10064.81 22543.69
10059.16 22553.19
10053.67 22562.42
10048.17 22571.67
10046.62 22585.30
10055.18 22591.49
10064.24 22598.03
10072.73 22604.17
10081.77 22610.70
10090.85 22617.26
10099.53 22623.53
10108.68 22630.14
10117.79 22636.73
10131.56 22646.68
10140.56 22653.17
10149.41 22659.56
10158.03 22665.79
10166.67 22672.02
10175.75 22678.58
10184.63 22684.98
10193.93 22691.70
10202.40 22697.81
