18808.90 6893.64
18810.23 6892.27
18812.88 6889.55
18816.59 6885.74
18821.77 6880.43
18827.84 6874.20
18835.01 6866.84
18843.58 6858.05
18853.23 6848.15
18862.88 6838.25
18867.49 6827.50
18859.26 6817.88
18850.55 6808.62
18841.68 6799.18
18832.57 6789.49
18823.51 6779.86
18814.77 6770.56
18805.77 6760.98
18797.83 6752.54
18792.38 6746.74
18789.84 6744.04
18793.22 6731.31
18798.44 6726.56
18805.20 6720.41
18813.57 6712.79
18823.27 6703.96
18832.59 6695.47
18842.32 6686.62
18851.72 6678.06
18860.83 6669.77
18867.16 6664.01
18871.11 6660.41
18869.60 6651.69
18863.94 6646.82
18857.28 6641.09
18841.92 6628.35
18830.62 6619.90
18819.29 6612.33
18807.12 6605.71
18794.99 6599.12
18783.22 6592.72
18771.86 6586.04
18760.02 6578.96
18748.13 6571.80
18737.98 6562.95
18728.78 6553.71
18719.42 6543.39
18710.16 6533.18
18700.88 6522.96
18691.90 6513.06
18683.20 6503.47
18674.15 6493.49
18664.99 6483.40
18655.60 6473.05
18644.95 6464.06
18625.58 6452.36
18614.25 6445.51
18603.12 6438.79
18592.55 6432.40
18581.08 6425.46
18570.18 6418.88
18559.30 6412.69
18547.23 6407.29
18535.77 6402.16
18523.68 6396.75
18502.82 6387.96
18491.32 6383.25
18479.85 6378.56
18468.31 6373.84
18456.18 6368.87
18444.60 6364.13
18432.87 6359.33
18420.57 6354.29
18399.60 6345.05
18387.93 6339.52
18376.15 6333.94
18363.91 6328.14
18351.37 6321.96
18340.14 6315.27
18328.82 6308.52
18317.08 6301.53
18305.28 6294.50
18293.99 6287.77
18282.51 6280.93
18271.22 6274.21
18259.30 6267.11
18248.13 6260.47
18236.60 6253.70
18224.94 6246.90
18213.55 6240.25
18202.12 6233.58
18190.70 6226.91
18179.48 6220.37
18168.13 6213.75
18155.96 6206.76
18144.12 6200.02
18132.95 6193.66
18121.67 6187.24
18109.88 6180.51
18097.99 6173.72
18086.62 6167.23
18074.59 6160.35
18062.95 6153.71
18054.58 6148.93
18049.98 6146.30
18027.70 6144.96
18022.75 6139.00
18016.74 6132.49
18009.35 6124.51
18000.63 6116.95
17991.38 6109.75
17974.40 6096.46
17964.97 6089.07
17954.74 6081.04
17944.99 6073.40
17935.00 6065.56
17925.24 6057.90
17907.51 6044.54
17896.74 6036.74
17886.27 6029.17
17875.72 6021.40
17865.59 6013.64
17855.28 6005.74
17844.91 5997.82
17834.49 5989.90
17824.15 5982.03
17805.84 5968.16
17795.72 5960.35
17785.72 5952.63
17775.72 5944.91
17765.08 5936.68
17754.63 5928.62
17743.98 5920.40
17733.54 5912.34
17723.12 5904.29
17712.80 5896.33
17702.17 5888.12
17691.74 5880.06
17681.34 5872.03
17671.13 5864.15
17660.64 5856.05
17649.86 5847.73
17636.96 5855.06
17629.42 5865.80
17621.61 5876.93
17614.33 5887.30
17607.02 5897.71
17599.24 5908.81
17591.57 5919.79
17584.19 5930.35
17576.75 5940.99
17569.46 5951.41
17561.93 5962.19
17554.10 5973.40
17546.22 5984.67
17538.29 5996.02
17524.74 6014.70
17516.90 6025.21
17508.43 6035.85
17498.85 6046.11
17489.36 6056.27
17480.22 6066.06
17471.21 6075.63
17461.98 6085.26
17452.78 6094.85
17443.36 6104.67
17433.93 6114.50
17425.17 6124.75
17417.14 6135.81
17409.20 6146.88
17402.21 6158.86
17395.55 6170.29
17388.68 6182.08
17381.87 6193.76
17374.53 6205.81
17367.56 6217.00
17360.09 6228.98
17352.44 6239.99
17343.18 6250.51
17333.86 6261.10
17324.86 6271.33
17314.88 6281.37
17304.63 6290.92
17294.86 6299.84
17284.54 6309.26
17268.16 6323.93
17259.93 6331.00
17249.46 6339.58
17238.88 6348.25
17228.45 6356.56
17217.96 6364.78
17207.05 6373.33
17196.23 6381.71
17185.88 6389.74
17175.96 6398.10
17165.45 6407.14
17158.19 6413.39
17154.44 6417.48
17152.70 6419.49
17152.58 6419.63
17152.55 6419.66
17152.55 6419.67
17152.54 6419.67
17152.54 6419.67
17152.54 6419.67
17152.54 6419.67
17152.54 6419.67
17152.54 6419.67
17152.54 6419.67
17152.54 6419.67
17152.54 6419.67
17152.54 6419.67
17152.54 6419.67
17152.54 6419.67
17143.46 6424.68
17142.60 6424.39
17141.19 6423.89
17140.86 6423.78
17131.65 6420.60
17129.69 6419.92
17126.98 6418.98
17123.24 6417.70
17118.90 6416.20
17090.91 6406.63
17078.43 6402.23
17063.61 6397.00
17046.89 6391.10
17028.98 6384.79
17010.48 6378.26
16992.02 6371.75
16974.43 6365.54
16956.18 6359.10
16919.42 6349.06
16915.43 6347.54
16912.52 6346.43
16910.58 6345.69
16909.36 6345.23
16909.18 6345.16
16909.16 6345.15
16909.16 6345.15
16909.16 6345.15
16909.16 6345.15
16909.16 6345.15
16909.16 6345.15
16909.16 6345.15
16909.16 6345.15
16909.16 6345.15
16909.16 6345.15
16909.16 6345.15
16909.16 6345.15
16909.16 6345.15
16909.16 6345.15
16909.16 6345.15
16909.16 6345.15
16909.16 6345.15
16909.16 6345.15
16909.16 6345.15
16909.16 6345.15
16887.39 6337.29
16883.82 6336.04
16878.09 6334.03
16870.92 6331.52
16861.79 6328.33
16850.83 6324.49
16837.76 6319.92
16822.79 6314.68
16806.51 6308.98
16788.40 6302.64
16770.40 6297.10
16752.49 6292.16
16734.09 6287.08
16715.49 6281.94
16697.00 6276.84
16678.54 6271.74
16660.10 6267.02
16641.65 6262.38
16623.23 6257.74
16604.95 6253.14
16586.75 6248.56
16567.82 6243.80
16549.17 6239.11
16530.34 6234.37
16512.12 6229.79
16493.17 6225.02
16474.17 6220.24
16455.42 6215.52
16437.07 6210.87
16418.72 6206.22
16399.77 6201.43
16381.76 6196.87
16363.40 6192.22
16344.31 6187.39
16326.33 6182.83
16308.19 6178.37
16289.53 6173.79
16270.44 6169.11
16252.39 6164.68
16233.34 6159.80
16215.41 6155.17
16197.12 6150.44
16180.04 6146.02
16165.35 6142.22
16140.04 6143.48
16132.17 6148.21
16127.30 6152.74
16125.01 6155.91
16120.61 6169.29
16121.74 6176.99
16123.53 6186.25
16126.78 6197.79
16131.49 6210.93
16136.40 6223.90
16141.29 6236.79
16146.14 6249.57
16150.76 6261.76
16155.54 6274.35
16160.29 6286.87
16165.15 6299.70
16170.08 6312.69
16178.34 6334.64
16183.21 6347.63
16187.79 6359.83
16192.25 6371.74
16196.79 6383.84
16201.51 6396.43
16206.23 6409.01
16210.74 6421.02
16215.34 6433.29
16219.97 6445.64
16224.79 6458.49
16229.45 6470.92
16234.04 6483.16
16238.80 6495.85
16243.59 6508.61
16251.90 6530.58
16256.46 6542.58
16261.05 6554.63
16265.63 6566.66
16270.60 6579.74
16275.50 6592.60
16280.10 6604.71
16284.97 6617.51
16289.66 6629.83
16294.60 6642.79
16299.47 6655.60
16304.14 6667.88
16308.77 6680.05
16313.73 6693.09
16318.29 6705.06
16322.89 6717.15
16327.73 6729.87
16332.55 6742.53
16337.40 6755.28
16346.47 6779.11
16351.15 6791.38
16355.90 6803.81
16360.65 6816.26
16365.32 6828.50
16369.98 6840.73
16374.71 6853.13
16379.55 6865.79
16384.51 6878.79
16389.27 6891.44
16393.91 6904.16
16398.67 6917.23
16403.19 6929.60
16407.88 6942.46
16412.49 6955.17
16416.81 6967.62
16421.08 6979.92
16425.26 6991.98
16430.58 7004.32
16435.79 7016.09
16441.96 7028.27
16448.54 7040.10
16455.73 7051.69
16463.25 7062.17
16471.44 7072.07
16479.75 7082.02
