11974.05 16443.79
11974.75 16441.61
11976.21 16437.06
11978.16 16431.07
11980.73 16423.36
11983.79 16414.18
11987.51 16402.99
11991.45 16391.16
11995.51 16378.97
11999.54 16366.88
12003.43 16355.19
12007.28 16343.65
12011.40 16331.27
12015.60 16318.66
12019.45 16307.11
12023.81 16294.82
12027.86 16283.43
12031.98 16271.83
12036.22 16259.91
12040.41 16248.11
12044.47 16235.55
12048.33 16223.61
12052.12 16211.83
12057.03 16196.53
12063.90 16186.16
12068.04 16173.52
12072.62 16159.53
12077.57 16144.44
12082.95 16128.03
12088.24 16111.93
12091.72 16096.29
12096.06 16084.52
12100.63 16072.91
12105.95 16061.72
12111.62 16049.98
12118.16 16038.79
12124.85 16027.35
12131.01 16016.81
12137.57 16005.58
12143.73 15995.03
12150.27 15983.84
12156.92 15972.47
12163.60 15961.04
12170.36 15949.48
12176.94 15938.21
12183.71 15926.63
12190.05 15915.79
12196.48 15904.78
12203.04 15893.29
12209.22 15882.46
12215.38 15871.66
12221.69 15860.60
12227.92 15849.68
12234.58 15838.01
12240.67 15827.34
12247.23 15815.84
12253.38 15805.07
12259.47 15794.40
12265.90 15783.12
12272.12 15772.23
12278.11 15761.62
12284.13 15749.85
12290.21 15737.99
12296.26 15726.18
12301.92 15715.13
12307.76 15703.64
12313.45 15692.44
12319.52 15681.25
12326.56 15669.81
12333.36 15658.74
12340.32 15647.42
12346.70 15637.03
12353.57 15625.85
12360.61 15614.40
12367.24 15603.62
12373.84 15592.88
12380.66 15581.79
12387.63 15570.45
12401.57 15550.81
12407.40 15542.48
12413.37 15534.08
12419.58 15525.51
12425.68 15517.09
12431.60 15508.92
12445.29 15487.92
12451.51 15477.40
12458.01 15467.05
12464.55 15456.72
12470.88 15446.17
12473.32 15433.61
12474.89 15420.96
12474.87 15408.48
12473.64 15397.14
12470.39 15385.61
12467.19 15375.35
12463.30 15364.28
12460.72 15352.77
12460.08 15341.30
12459.84 15331.33
12461.10 15320.99
12462.34 15311.23
12463.74 15300.33
12465.55 15289.32
12467.26 15279.20
12469.09 15268.45
12471.08 15256.74
12472.46 15245.27
12473.59 15234.17
12474.46 15225.54
12475.56 15214.73
12476.44 15206.08
12477.23 15198.21
12479.74 15185.84
12480.04 15184.29
12480.26 15183.18
12480.38 15182.55
12480.62 15181.32
12480.89 15179.77
12481.29 15177.42
12481.82 15174.31
12482.34 15171.01
12507.89 15133.12
12512.71 15130.21
12517.78 15127.15
12523.10 15123.94
12528.29 15120.80
12549.54 15107.90
12558.99 15102.07
12567.36 15096.81
12576.04 15090.68
12583.24 15085.61
12591.72 15079.63
12601.10 15073.01
12609.42 15067.14
12617.26 15061.46
12625.35 15055.50
12635.09 15051.36
12652.33 15042.59
12658.47 15036.33
12669.86 15025.75
12678.69 15019.55
12688.31 15012.80
12696.94 15006.74
12705.95 15000.42
12713.48 14995.14
12722.30 14988.95
12731.35 14982.60
12739.70 14976.74
12746.62 14971.88
12752.97 14967.43
12756.03 14965.29
12757.17 14964.49
12758.64 14963.45
12759.44 14962.89
12759.63 14962.76
12760.22 14962.34
12762.02 14961.08
12764.15 14959.58
12768.08 14956.83
12773.72 14952.87
12780.42 14948.17
12788.43 14942.55
12798.37 14935.58
12808.46 14928.50
12826.70 14915.89
12836.19 14909.37
12845.68 14902.85
12854.57 14896.75
12868.41 14887.53
12877.29 14881.80
12886.08 14876.13
12895.32 14870.17
12901.83 14865.97
12905.71 14863.46
12906.72 14862.81
12907.16 14862.53
12907.33 14862.42
12907.35 14862.41
12907.35 14862.41
12907.35 14862.40
12907.36 14862.40
12907.36 14862.40
12907.36 14862.40
12907.36 14862.40
12907.36 14862.40
12907.36 14862.40
12907.36 14862.40
12907.36 14862.40
12907.36 14862.40
12907.36 14862.40
12907.36 14862.40
12907.36 14862.40
12907.36 14862.40
12907.36 14862.40
12907.61 14862.24
12908.83 14861.45
12911.41 14859.79
12914.52 14857.78
12917.38 14855.94
12921.69 14853.15
12926.87 14849.85
12946.78 14827.79
12954.82 14822.40
12963.73 14816.03
12973.03 14809.10
12982.71 14802.61
12992.54 14796.02
13002.41 14789.39
13012.05 14782.92
13018.92 14778.31
13022.90 14775.64
13023.98 14774.91
13024.22 14774.75
13024.24 14774.74
13024.25 14774.74
13024.25 14774.74
13024.25 14774.74
13024.25 14774.74
13024.25 14774.74
13024.25 14774.74
13024.25 14774.74
13024.25 14774.74
13024.25 14774.74
13024.25 14774.74
13024.25 14774.74
13024.25 14774.74
13024.25 14774.74
13024.25 14774.74
13024.25 14774.74
13024.25 14774.74
13024.25 14774.74
13024.25 14774.74
13024.25 14774.74
13024.25 14774.74
13024.25 14774.74
13024.25 14774.74
13024.25 14774.74
13024.25 14774.74
13024.25 14774.74
13024.25 14774.74
13024.25 14774.74
13024.25 14774.74
13024.25 14774.74
13024.25 14774.74
13024.25 14774.74
13024.25 14774.74
13024.25 14774.74
13024.25 14774.74
13024.25 14774.74
13024.25 14774.74
13024.25 14774.74
13024.25 14774.74
13024.25 14774.74
13024.25 14774.74
13024.25 14774.74
13024.25 14774.74
13024.25 14774.74
13024.25 14774.74
13024.25 14774.74
13024.25 14774.74
13024.25 14774.74
13024.25 14774.74
13024.73 14774.41
13026.02 14773.54
13028.49 14771.89
13032.70 14769.13
13046.92 14763.46
13053.41 14758.63
13061.04 14753.10
13071.35 14747.37
13081.01 14742.00
13091.68 14736.68
13101.27 14732.72
13111.28 14728.36
13122.09 14723.45
13133.71 14719.32
13144.05 14716.98
13154.37 14714.65
13171.40 14712.13
13180.70 14710.46
13191.35 14708.40
13201.67 14704.87
13211.09 14701.63
13220.57 14693.97
13229.95 14688.71
13239.88 14683.14
13248.34 14678.40
13257.25 14672.49
13266.92 14665.47
13274.80 14660.16
13280.43 14656.76
13283.74 14654.76
13285.52 14653.68
13286.59 14653.03
13288.04 14652.16
13290.68 14650.56
13294.61 14648.19
13299.94 14644.96
13335.22 14633.39
13342.12 14631.66
13350.56 14629.24
13358.49 14626.97
13367.07 14624.51
13374.97 14622.25
13387.42 14622.16
13396.65 14619.82
13412.85 14615.46
13423.85 14612.25
13434.11 14609.26
13444.46 14606.24
13454.22 14603.39
13465.27 14600.17
13475.32 14596.77
13485.55 14593.16
13496.01 14589.47
13506.98 14585.60
13521.21 14576.75
13527.25 14574.05
13530.59 14572.57
13531.65 14572.09
13532.08 14571.90
13532.37 14571.77
13532.52 14571.70
13532.55 14571.69
13532.55 14571.69
13532.55 14571.69
13532.55 14571.69
13532.55 14571.69
13532.55 14571.69
13532.55 14571.69
13532.55 14571.69
13532.55 14571.69
13532.55 14571.69
13532.55 14571.69
13532.55 14571.69
13532.55 14571.69
13533.37 14571.33
13536.02 14570.14
13539.49 14568.59
13540.07 14568.34
13540.44 14568.17
13540.84 14567.99
13540.97 14567.93
13541.09 14567.88
13541.14 14567.86
13541.17 14567.84
13541.20 14567.83
13541.21 14567.83
13541.23 14567.82
13541.23 14567.82
13541.24 14567.82
13541.24 14567.82
13541.24 14567.82
13541.24 14567.81
13541.24 14567.81
13541.24 14567.81
13541.24 14567.81
13541.24 14567.81
13541.24 14567.81
13541.24 14567.81
13541.24 14567.81
13541.95 14567.50
13552.21 14563.99
13553.87 14563.51
13556.36 14566.22
13559.70 14565.29
13565.12 14563.82
13571.72 14562.02
13579.63 14559.96
13589.62 14558.22
13600.82 14556.28
13611.68 14554.91
13622.97 14554.51
13634.33 14554.11
13645.88 14555.01
13653.50 14555.75
13659.79 14556.36
13662.51 14556.63
13662.72 14556.65
13662.76 14556.65
13662.78 14556.65
13662.78 14556.65
13662.78 14556.65
13662.78 14556.65
13662.78 14556.65
13662.78 14556.65
13662.78 14556.65
13687.17 14559.60
13690.08 14559.91
13694.50 14560.37
13700.90 14561.00
13709.08 14561.45
13715.66 14561.82
13720.91 14558.76
13727.92 14559.05
13736.62 14559.41
13746.57 14559.82
13763.28 14560.26
13774.31 14560.40
13786.31 14560.54
13800.93 14563.92
13813.47 14563.68
13826.37 14563.16
13838.74 14562.29
13851.52 14560.48
13862.89 14558.68
13873.09 14556.85
13879.10 14555.91
13886.60 14549.78
13887.69 14548.02
13881.88 14550.83
13902.20 14548.60
13913.61 14554.42
13926.22 14554.87
13938.50 14555.32
13950.57 14555.75
13963.09 14556.20
13975.73 14556.66
