5048.50 13865.92
5049.84 13865.12
5053.23 13863.09
5058.64 13859.86
5066.06 13855.43
5074.53 13850.37
5085.16 13845.58
5096.23 13842.69
5108.22 13839.57
5120.20 13836.45
5132.32 13833.29
5143.52 13830.37
5155.39 13827.28
5166.69 13824.34
5178.86 13821.16
5199.87 13816.47
5212.06 13814.17
5223.77 13811.97
5235.26 13809.81
5247.20 13807.56
5259.22 13805.30
5270.98 13803.09
5283.40 13800.75
5295.21 13798.53
5307.24 13796.27
5319.21 13794.02
5331.35 13791.73
5343.89 13789.37
5356.01 13787.09
5367.08 13785.01
5373.93 13783.72
5386.36 13793.85
5389.50 13803.35
5393.32 13815.05
5397.27 13827.26
5401.08 13839.01
5403.83 13850.55
5406.38 13862.34
5407.80 13874.37
5408.97 13887.20
5409.90 13900.10
5410.38 13912.50
5410.87 13925.29
5411.35 13937.81
5411.81 13949.85
5412.29 13962.35
5412.64 13974.58
5412.97 13987.43
5413.27 13999.17
5413.57 14011.13
5413.63 14023.35
5413.35 14032.20
5413.20 14036.82
5421.78 14040.78
5430.64 14040.41
5441.84 14039.93
5454.26 14039.41
5466.66 14038.89
5478.69 14038.38
5491.24 14037.85
5502.76 14037.34
5514.95 14036.75
5526.89 14035.95
5539.60 14035.06
5551.25 14034.24
5562.76 14033.43
5574.84 14032.58
5584.22 14031.92
5590.00 14031.51
5599.83 14041.82
5600.60 14051.35
5601.50 14062.58
5602.46 14074.55
5603.46 14086.92
5604.41 14098.72
5605.37 14110.74
5606.34 14122.80
5607.33 14135.07
5608.19 14145.73
5608.73 14152.44
5608.96 14155.33
5615.59 14159.01
5621.25 14158.35
5629.00 14157.44
5638.31 14156.35
5648.92 14155.10
5660.59 14153.97
5672.52 14153.11
5683.79 14152.29
5694.86 14151.49
5706.24 14150.67
5717.23 14149.87
5741.07 14148.26
5752.53 14147.54
5763.85 14146.83
5775.08 14146.12
5787.39 14145.34
5799.01 14144.58
5810.63 14143.71
5822.22 14142.85
5829.67 14142.29
5845.54 14141.21
5856.90 14140.50
5868.24 14139.79
5880.09 14139.05
5892.08 14138.31
5903.62 14137.59
5914.90 14136.88
5935.87 14135.42
5948.08 14134.46
5959.80 14133.54
5971.55 14132.61
5983.01 14131.71
5994.85 14130.78
6006.92 14129.83
6018.78 14128.90
6028.05 14128.17
6033.20 14127.76
6042.12 14138.93
6042.58 14147.46
6043.13 14157.71
6043.77 14169.57
6044.37 14180.94
6045.00 14192.62
6045.62 14204.27
6046.21 14215.29
6047.33 14235.22
6047.87 14244.48
6048.41 14253.82
6048.98 14263.68
6049.50 14272.76
6049.84 14278.53
6058.04 14283.65
6067.16 14282.68
6076.67 14281.67
6086.45 14280.63
6096.12 14279.60
6105.58 14278.59
6115.08 14277.58
6133.32 14268.71
6138.66 14261.32
6147.96 14243.22
6152.15 14234.79
6148.63 14238.20
6159.83 14220.64
6166.83 14212.75
6173.99 14204.67
6181.21 14196.53
6188.29 14188.71
6195.45 14180.88
6202.99 14172.63
6210.51 14164.42
6217.64 14156.63
6231.91 14145.88
6241.99 14134.84
6252.09 14123.88
6262.14 14113.07
6272.41 14102.04
6283.02 14090.64
6293.48 14079.02
6303.49 14067.79
6313.24 14056.91
6323.13 14045.88
6332.86 14035.17
6343.07 14023.90
6350.22 14011.07
6354.98 13996.59
6357.69 13981.51
6359.07 13966.87
6358.74 13951.95
6358.40 13937.04
6358.06 13922.01
6360.91 13904.90
6360.22 13888.06
6359.45 13869.52
6358.62 13849.24
6357.71 13827.24
6356.54 13800.18
6355.46 13773.90
6353.67 13747.98
6351.87 13722.05
6350.09 13696.45
6347.49 13671.13
6344.51 13645.42
6339.56 13620.55
6335.22 13591.68
6329.64 13566.25
6323.45 13540.89
6315.18 13516.35
6306.77 13491.39
6298.54 13467.01
6290.33 13438.89
6280.77 13414.39
6271.59 13390.84
6261.79 13367.12
6251.42 13344.07
6241.47 13321.96
6233.33 13303.88
6224.02 13289.46
6219.96 13276.34
6214.55 13264.43
6208.30 13253.05
6201.95 13241.51
6195.29 13229.37
6188.88 13217.71
6182.52 13206.14
6168.27 13181.90
6161.93 13168.15
6155.86 13154.99
6149.82 13141.87
6143.46 13128.09
6137.37 13114.71
6131.54 13101.67
6125.55 13088.24
6119.66 13075.05
6113.50 13061.27
6107.54 13047.93
6101.58 13034.59
6093.18 13011.66
6086.85 12997.74
6080.48 12983.73
6074.13 12969.76
6068.14 12956.52
6062.28 12943.19
6056.52 12930.07
6050.66 12916.72
6044.94 12903.68
6038.57 12889.93
6032.15 12876.34
6026.02 12863.34
6002.91 12839.68
5990.87 12832.05
5976.61 12828.16
5962.14 12827.82
5948.02 12831.85
5935.54 12839.45
5924.94 12850.00
5916.55 12861.89
5909.70 12875.27
5903.50 12888.04
5900.22 12901.89
5901.87 12916.40
5911.24 12932.45
5922.64 12941.78
5936.41 12945.87
5951.12 12946.13
5966.08 12943.68
5979.82 12940.05
5993.85 12935.06
6007.17 12930.23
6020.51 12924.69
6033.76 12919.52
6047.08 12914.51
6060.48 12909.47
6078.42 12905.25
6093.96 12897.72
6111.65 12889.15
6130.79 12879.89
6151.49 12869.86
6175.93 12857.97
6199.47 12846.56
6225.15 12834.13
6252.35 12820.96
6279.65 12807.74
6305.93 12794.40
6332.21 12780.96
6358.58 12767.49
6385.14 12753.91
6425.30 12734.45
6452.44 12719.63
6479.42 12704.75
6507.30 12689.37
6535.10 12674.04
6562.05 12658.95
6588.92 12643.25
6615.49 12627.73
6644.25 12608.55
6671.44 12592.12
6698.88 12575.53
6725.52 12559.13
6752.14 12541.38
6778.29 12523.93
6804.46 12506.48
6831.16 12488.67
6857.85 12470.86
6884.64 12453.00
6911.26 12434.93
6937.66 12416.74
6964.14 12398.50
6989.79 12380.83
7015.83 12362.89
7041.74 12344.28
7067.08 12325.36
7092.44 12306.56
7118.26 12287.58
7144.15 12268.54
7169.70 12249.75
7194.95 12231.19
7220.25 12212.58
7245.32 12194.15
7270.31 12175.78
7295.80 12157.04
7321.41 12138.21
7347.08 12119.33
7371.95 12100.83
7396.72 12082.20
7421.53 12063.54
7447.18 12044.25
7472.86 12024.93
7498.22 12005.86
7523.10 11987.15
7548.39 11968.13
7573.15 11949.50
7598.23 11930.63
7623.21 11911.85
7648.05 11893.16
7673.66 11873.73
7699.32 11854.25
7724.93 11834.82
7750.34 11815.53
7775.08 11796.75
7799.97 11777.86
7825.11 11758.78
7850.48 11739.52
7875.60 11720.46
7900.42 11701.71
7925.30 11682.94
7950.47 11663.95
7975.84 11644.81
8000.93 11625.87
8026.07 11606.90
8051.20 11587.94
8075.99 11569.23
8101.22 11550.20
8126.92 11530.81
8152.19 11511.74
8177.12 11492.92
8201.90 11474.23
8226.96 11455.32
8252.43 11436.10
8277.50 11416.95
8303.03 11397.44
8328.14 11378.25
8353.28 11359.12
8378.02 11340.35
8402.84 11321.51
8428.53 11302.01
8453.98 11282.70
8479.25 11263.52
8504.89 11244.06
8529.78 11225.17
8555.09 11205.96
8580.09 11186.98
8605.75 11167.51
8631.45 11147.99
8656.43 11129.03
8682.06 11109.56
8707.38 11090.13
8732.34 11070.96
8756.96 11052.06
8782.17 11032.70
8807.51 11013.24
8832.80 10993.82
8858.01 10974.46
8882.62 10955.56
8908.00 10936.07
8933.38 10916.59
8958.35 10897.41
8983.27 10878.28
9008.48 10858.92
9033.67 10839.58
9059.22 10819.97
9083.97 10800.96
9108.74 10782.12
9134.51 10762.84
9159.86 10743.87
9185.64 10724.59
9211.13 10705.52
9236.24 10686.73
9261.35 10667.95
9286.91 10648.83
9312.59 10629.61
9338.25 10610.42
9363.42 10591.59
9388.54 10572.79
9414.18 10553.62
9439.94 10534.34
9465.30 10515.36
9490.42 10496.55
9515.57 10477.73
9540.71 10458.91
9566.29 10439.76
9591.48 10420.86
9616.94 10401.56
9641.67 10382.81
9667.02 10363.59
9691.85 10344.76
9717.28 10325.48
9742.36 10306.47
9767.33 10287.53
9792.09 10268.76
9816.90 10249.95
9842.44 10230.58
9867.47 10211.60
9893.06 10192.20
9918.03 10173.24
9942.87 10154.37
9968.10 10135.20
9993.73 10115.73
10018.87 10096.63
10043.92 10077.60
10068.77 10058.72
10093.68 10039.66
10118.89 10020.22
10143.52 10001.05
10168.57 9981.56
10193.92 9961.83
10218.50 9942.71
10243.15 9923.53
10267.63 9904.48
10292.79 9884.90
10317.84 9865.41
10342.65 9846.11
10367.13 9827.06
10391.98 9807.73
10417.70 9788.36
10443.22 9769.26
10468.84 9750.10
10493.66 9731.53
10519.43 9712.24
10546.73 9692.01
10571.26 9673.79
10595.73 9655.62
10622.73 9635.42
10647.09 9616.68
10672.41 9597.21
10697.52 9577.89
10722.39 9558.77
10747.05 9539.80
10772.20 9520.45
10797.52 9500.98
10822.02 9482.14
10846.85 9463.04
10873.30 9442.87
10897.84 9424.14
10921.96 9405.74
10948.59 9385.36
10973.10 9366.66
10998.02 9347.64
11022.81 9328.73
11047.74 9309.70
11072.65 9290.70
11097.73 9271.57
11123.00 9252.29
11147.69 9233.44
11172.42 9214.58
11197.77 9195.24
11222.58 9176.30
11247.81 9157.03
11273.08 9137.73
11297.60 9119.00
11322.88 9099.85
11347.95 9081.04
11372.63 9062.52
11397.41 9043.93
11422.08 9025.41
11446.74 9006.91
11471.32 8988.46
11496.35 8969.68
11521.04 8951.15
11546.02 8932.41
11570.89 8913.78
11596.38 8894.58
11621.01 8875.95
11645.65 8857.29
11670.29 8838.63
11706.36 8811.31
11730.91 8792.72
11755.75 8773.90
11780.29 8755.30
11805.12 8736.43
11829.43 8717.95
11854.09 8699.21
11882.36 8678.55
11907.64 8661.41
11932.72 8644.40
11960.61 8625.44
11986.30 8608.02
12012.25 8590.43
12038.11 8572.89
12064.78 8555.88
12091.12 8539.21
12117.66 8522.41
12144.38 8505.56
12172.15 8489.46
12199.75 8473.45
12227.66 8457.27
12254.69 8441.60
12281.97 8425.79
12309.08 8410.67
12336.60 8396.32
12365.07 8381.48
12392.74 8367.06
12420.59 8352.54
12448.50 8337.99
12476.55 8323.51
12505.12 8310.36
12534.23 8296.96
12563.42 8283.52
12591.88 8270.41
12620.63 8257.18
12649.30 8244.77
12678.78 8232.20
12708.56 8219.89
12738.65 8208.24
12767.72 8196.99
12797.34 8185.53
12826.38 8174.29
12855.80 8163.18
12885.93 8152.84
12915.27 8142.78
12944.83 8132.64
12974.45 8122.48
13004.84 8112.42
13035.59 8103.56
13065.45 8094.97
13095.57 8086.29
13126.52 8078.87
13157.93 8071.46
13188.78 8064.18
13219.18 8058.09
13250.84 8052.36
13281.79 8046.75
13312.34 8041.48
13343.22 8036.36
13374.67 8031.54
13406.63 8027.67
13438.11 8023.99
13469.23 8020.51
13501.19 8017.63
13532.94 8015.08
13564.56 8016.28
13595.45 8014.30
13629.31 8008.14
13663.11 8005.96
13699.46 8005.27
13737.41 8005.44
13777.06 8006.01
13818.27 8007.11
13861.42 8009.39
13906.40 8012.28
13946.84 8015.71
13982.75 8019.53
14015.00 8023.41
14043.91 8027.74
14073.54 8032.16
14106.09 8037.24
14135.10 8041.81
14159.83 8045.71
14180.29 8048.85
14196.48 8051.24
14212.11 8052.97
14226.08 8056.07
14240.41 8059.25
14254.48 8062.38
14269.01 8065.62
14283.58 8069.47
14297.58 8073.17
14311.26 8076.78
14325.21 8080.47
14338.92 8084.09
14352.80 8087.76
14366.65 8091.42
14380.82 8095.20
14395.10 8099.61
14408.69 8103.82
14423.18 8108.30
14436.98 8112.56
14450.50 8116.75
14464.95 8121.21
14495.35 8132.89
14510.01 8134.54
14524.25 8139.55
14538.55 8144.58
14552.29 8149.41
14566.20 8154.30
14579.56 8159.67
14592.86 8165.06
14607.14 8170.84
14621.34 8176.59
14635.25 8182.22
14649.27 8187.89
14672.79 8193.84
14687.88 8193.87
14702.58 8189.78
14715.11 8181.74
14724.09 8170.44
14729.97 8157.18
14731.96 8141.70
14730.02 8126.97
14723.71 8113.44
14714.66 8101.57
14705.44 8089.49
14696.17 8077.35
14683.31 8068.95
14669.25 8064.87
14653.74 8066.41
14640.29 8072.87
14629.77 8084.11
14623.81 8098.16
14622.29 8113.77
14621.61 8133.07
14617.88 8147.95
14617.22 8162.82
14616.56 8177.32
14615.92 8191.46
14615.23 8206.75
14614.54 8221.90
14613.85 8237.00
14613.19 8251.45
14612.53 8265.73
14611.85 8280.43
14611.14 8295.72
14610.87 8320.03
14609.87 8333.39
14608.89 8346.46
14607.85 8360.38
14606.74 8374.18
14604.89 8387.37
14603.02 8400.72
14601.20 8413.72
14594.91 8439.74
14594.54 8454.60
14594.12 8471.27
14593.70 8488.43
14593.26 8506.06
14592.85 8522.57
14592.53 8535.42
14589.57 8572.43
14588.83 8587.45
14588.09 8602.37
14587.34 8617.61
14586.58 8633.18
14585.81 8648.86
14585.04 8664.28
14584.27 8679.86
14583.55 8694.65
14582.81 8709.62
14582.08 8724.50
14581.35 8739.35
14580.62 8754.28
14578.21 8772.75
14577.80 8786.90
14577.38 8801.54
14576.95 8816.17
14577.87 8833.13
14577.05 8845.99
14575.51 8865.42
14573.72 8877.43
14573.57 8889.49
14574.61 8899.40
14575.55 8906.00
14576.49 8910.22
14576.70 8910.93
14577.00 8911.99
14577.84 8914.96
14584.73 8931.09
14588.43 8935.80
14591.46 8942.33
14598.86 8956.38
14599.40 8963.74
14599.25 8970.88
14593.11 8990.09
14588.47 8998.54
14582.80 9005.65
14575.74 9011.53
14551.96 9033.66
14549.13 9042.22
14548.69 9051.64
14551.48 9062.26
14550.01 9074.16
14548.60 9085.68
14547.16 9097.39
14545.67 9109.56
14544.25 9121.11
14542.81 9132.78
14541.33 9144.83
14540.00 9156.00
14538.67 9167.45
14536.45 9186.74
14535.22 9196.93
14534.04 9206.54
14543.48 9213.59
14554.05 9214.22
14565.19 9214.88
14575.99 9215.52
14586.44 9216.15
14596.99 9216.77
14606.90 9217.36
14612.94 9217.72
14621.91 9230.22
14621.65 9240.90
14621.35 9253.54
14621.07 9265.18
14620.92 9277.15
14621.02 9289.02
14621.11 9301.02
14621.46 9313.01
14621.86 9324.62
14622.28 9336.74
14623.16 9349.53
14624.00 9361.31
14625.39 9373.92
14627.06 9386.39
14629.45 9398.63
14632.73 9410.34
14637.12 9422.25
14642.01 9432.89
14648.65 9442.82
14652.47 9457.64
14649.30 9463.76
14646.39 9469.39
14643.50 9474.97
14640.92 9480.60
14638.35 9486.97
14635.65 9493.68
14633.17 9499.95
14631.11 9506.15
14629.06 9512.35
14627.06 9518.38
14625.70 9525.30
14624.54 9531.47
14623.56 9536.72
14620.47 9552.47
14619.11 9559.17
14617.83 9565.49
14616.65 9571.32
14615.29 9578.04
14613.90 9584.85
14612.72 9590.71
14611.54 9596.52
14610.15 9603.37
14608.77 9610.15
14607.88 9614.56
14604.91 9628.53
14603.78 9633.67
14602.73 9638.40
14600.07 9650.59
14598.53 9657.64
14596.96 9664.86
14595.53 9671.42
14594.08 9678.07
14592.67 9684.55
14591.08 9691.85
14589.71 9698.15
14588.33 9704.50
14586.88 9711.13
14585.36 9718.10
14583.74 9725.55
14582.25 9732.42
14580.66 9739.70
14579.24 9746.22
14578.10 9751.47
14566.34 9754.29
14559.29 9753.18
14552.72 9752.13
14546.01 9751.07
14539.11 9749.98
14532.47 9748.93
14526.30 9747.95
14519.60 9746.89
14513.62 9745.94
14506.73 9744.85
14500.04 9743.79
14493.62 9742.77
14486.82 9741.70
14480.44 9740.69
14473.73 9739.62
