13023.20 10248.06
13021.16 10248.17
13016.86 10248.39
13010.90 10248.70
13002.85 10249.12
12993.49 10249.61
12981.85 10248.09
12969.65 10242.12
12957.01 10235.84
12944.63 10229.69
12932.12 10223.48
12919.77 10217.35
12911.72 10206.34
12911.35 10192.63
12915.19 10179.87
12921.79 10167.19
12919.61 10178.53
12915.03 10191.57
12914.46 10204.47
12922.37 10214.95
12934.69 10221.07
12946.93 10227.15
12959.12 10233.20
12971.48 10239.34
12983.88 10245.06
12996.83 10246.13
13010.28 10245.43
13019.42 10244.95
13025.53 10244.63
13029.76 10234.81
13028.87 10224.30
13027.86 10212.46
13026.74 10199.25
13025.62 10185.99
13024.43 10171.87
13023.26 10158.14
13022.12 10144.51
13021.04 10131.45
13019.88 10117.34
13018.72 10103.32
13017.65 10090.26
13016.56 10077.05
13015.43 10063.36
13014.32 10049.91
13013.24 10036.78
13012.09 10022.80
13011.00 10009.57
13009.84 9996.12
13008.62 9982.91
13007.48 9970.52
13006.75 9962.50
13006.17 9958.88
13006.12 9958.73
13006.11 9958.68
13006.10 9958.66
13000.77 9955.92
12996.52 9957.05
12990.11 9958.18
12982.12 9959.39
12972.28 9960.88
12960.90 9962.60
12948.62 9964.45
12935.79 9966.39
12922.24 9959.40
12920.35 9951.94
12927.71 9933.85
12934.28 9923.22
12942.13 9913.67
12954.39 9909.57
12975.57 9905.41
12987.49 9904.33
12998.76 9907.90
13007.68 9915.85
13014.04 9925.54
13026.34 9931.16
13039.49 9928.86
13052.95 9926.84
13066.40 9924.83
13079.87 9922.90
13093.18 9921.01
13106.54 9919.11
13120.28 9917.16
13133.82 9915.24
13147.37 9913.32
13160.94 9911.85
13173.31 9910.38
13182.90 9909.24
13200.33 9907.04
13208.26 9906.02
13215.84 9905.04
13222.70 9904.15
13229.57 9903.27
13237.58 9902.23
13245.24 9901.24
13252.69 9900.28
13259.53 9899.40
13266.87 9898.45
13274.49 9897.46
13281.61 9896.54
13288.59 9895.64
13296.41 9894.63
13304.14 9893.91
13313.63 9889.64
13313.13 9881.62
13312.75 9871.39
13312.32 9859.86
13312.07 9847.82
13308.12 9832.20
13307.05 9820.77
13307.55 9809.63
13312.58 9800.29
13325.06 9793.94
13325.60 9781.34
13326.17 9767.96
13326.73 9754.95
13330.52 9743.58
13329.97 9756.36
13329.38 9770.26
13328.83 9783.29
13328.25 9796.87
