17528.11 5631.10
17529.07 5632.27
17530.68 5634.24
17532.10 5635.98
17533.81 5638.06
17535.29 5639.87
17536.27 5641.17
17537.03 5643.08
17536.94 5645.75
17536.46 5647.30
17535.91 5648.80
17533.88 5650.56
17531.95 5652.23
17529.94 5653.96
17528.54 5655.18
17527.25 5656.29
17525.65 5657.67
17524.20 5658.93
17522.97 5659.99
17521.18 5661.53
17519.56 5662.94
17518.05 5664.24
17516.47 5665.61
17514.32 5667.46
17512.80 5668.78
17511.36 5670.02
17509.59 5671.56
17508.04 5672.90
17506.17 5674.52
17504.80 5675.70
17503.20 5677.08
17501.56 5678.50
17500.30 5679.59
17498.16 5681.44
17496.58 5682.81
17494.51 5684.60
17492.92 5685.97
17491.30 5687.37
17489.95 5688.54
17488.07 5690.16
17486.58 5696.35
17489.29 5699.22
17492.95 5703.11
17498.00 5708.46
17504.18 5715.01
17511.10 5722.35
17525.18 5736.71
17531.94 5742.74
17546.78 5756.00
17556.13 5764.34
17566.02 5773.15
17575.29 5781.42
17584.48 5789.65
17594.24 5798.04
17604.17 5806.15
17613.93 5814.13
17623.75 5822.15
17631.05 5828.10
17635.19 5831.49
17636.18 5832.30
17636.30 5832.40
17636.36 5832.44
17636.38 5832.46
17636.39 5832.47
17636.39 5832.47
17636.39 5832.47
17636.39 5832.47
17636.39 5832.47
17636.39 5832.47
17636.39 5832.47
17636.39 5832.47
17642.65 5846.96
17640.67 5849.78
17637.33 5854.54
17632.66 5861.19
17626.90 5869.40
17620.07 5879.12
17612.74 5889.56
17605.33 5900.10
17597.92 5910.70
17590.15 5921.82
17582.66 5932.53
17575.00 5943.49
17567.26 5954.56
17559.74 5965.33
17551.85 5976.61
17544.59 5987.00
17536.71 5998.28
17523.14 6016.85
17515.09 6027.62
17506.64 6037.77
17497.43 6047.63
17488.09 6057.63
17479.13 6067.23
17469.76 6077.15
17460.28 6087.02
17451.24 6096.45
17441.68 6106.42
17432.05 6116.46
17423.61 6126.90
17415.65 6137.85
17407.89 6149.12
17401.22 6160.56
17394.58 6171.96
17387.53 6184.05
17380.58 6195.98
17373.56 6207.37
17366.03 6219.45
17358.59 6231.39
17350.18 6242.57
17341.27 6252.68
17332.16 6263.04
17322.81 6273.66
17313.11 6283.08
17302.78 6292.61
17292.23 6302.24
17281.98 6311.60
17266.33 6325.53
17257.99 6332.59
17247.50 6341.19
17236.95 6349.84
17226.94 6357.74
17216.62 6365.83
17205.67 6374.39
17194.82 6382.80
17184.24 6391.01
17173.85 6399.91
17165.64 6406.98
17159.65 6412.14
17156.67 6414.91
17156.38 6415.24
17156.17 6415.49
17156.16 6415.50
17156.16 6415.50
17156.16 6415.50
17156.16 6415.50
17156.16 6415.50
17156.16 6415.50
17155.23 6416.58
17153.05 6419.09
17142.81 6424.46
17142.55 6424.37
17142.29 6424.28
17142.21 6424.25
17142.20 6424.25
17142.20 6424.24
17142.20 6424.24
17142.20 6424.24
17141.90 6424.14
17141.22 6423.91
17131.47 6420.53
17128.48 6419.50
17124.51 6418.13
17119.68 6416.47
17091.97 6407.01
17077.96 6402.06
17062.72 6396.69
17045.98 6390.78
17027.83 6384.38
17009.27 6377.83
16991.41 6371.53
16973.18 6365.10
16956.08 6359.07
16920.35 6356.81
16914.90 6357.41
16909.84 6359.06
16905.05 6361.65
16901.47 6363.58
16899.39 6364.71
16898.88 6364.98
16898.85 6364.99
16898.84 6365.00
16898.84 6365.00
16898.84 6365.00
16898.84 6365.00
16898.84 6365.00
16898.84 6365.00
16898.84 6365.00
16898.84 6365.00
16898.84 6365.00
16898.84 6365.00
16898.84 6365.00
16898.84 6365.00
16898.84 6365.00
16898.84 6365.00
16898.84 6365.00
16898.84 6365.00
16898.84 6365.00
16898.84 6365.00
16898.84 6365.00
16898.84 6365.00
16898.84 6365.00
16898.84 6365.00
16898.84 6365.00
16897.46 6366.24
16896.14 6369.67
16894.04 6375.14
16891.26 6382.36
16887.96 6390.92
16883.77 6401.10
16877.27 6411.43
16868.49 6419.16
16857.82 6425.47
16846.41 6429.06
16834.13 6430.57
16821.57 6430.85
16809.14 6431.12
16799.93 6431.33
16786.97 6436.23
16785.57 6448.24
16783.88 6459.35
16781.85 6470.36
16778.85 6483.98
16774.58 6497.46
16770.38 6510.75
16766.27 6523.76
16762.13 6536.87
16757.72 6549.31
16752.53 6562.30
16747.24 6575.43
16741.43 6588.00
16735.52 6600.80
16729.63 6613.53
16724.07 6625.56
16718.03 6638.62
16712.13 6651.30
16706.69 6663.54
16700.88 6675.82
16694.62 6688.42
16688.68 6700.39
16682.55 6712.77
16676.37 6725.79
16670.49 6738.16
16664.35 6751.09
16658.39 6763.64
16652.58 6775.88
16646.71 6788.25
16640.85 6800.60
16634.92 6813.09
16628.89 6825.78
16623.08 6838.03
16617.39 6850.00
16611.70 6862.07
16605.99 6874.16
16600.34 6886.14
16594.56 6898.40
16588.76 6910.70
16583.12 6922.64
16577.45 6934.66
16571.45 6947.38
16565.68 6959.62
16559.98 6971.71
16553.96 6984.46
16547.97 6997.16
16542.24 7009.32
16536.12 7022.28
16530.14 7034.97
16524.09 7047.78
16517.97 7060.75
16511.94 7073.55
16506.04 7086.05
16494.18 7116.80
16490.66 7128.13
16487.05 7139.79
16484.01 7151.07
16480.90 7162.72
16477.68 7174.77
16475.10 7188.71
16472.28 7203.97
16469.40 7220.97
16466.64 7239.41
16465.00 7259.44
16463.22 7279.62
16461.31 7299.05
16459.27 7318.52
16457.08 7338.17
16454.45 7358.16
16451.55 7377.48
16448.25 7396.61
16444.09 7415.58
16439.54 7434.85
16433.96 7453.88
16427.55 7472.54
16420.52 7490.63
16412.96 7508.65
16404.63 7526.87
16395.78 7544.04
16386.22 7562.08
16376.03 7578.63
16365.30 7595.00
16354.06 7611.63
16342.40 7627.74
16330.68 7643.20
16318.78 7658.90
16306.45 7675.16
16294.61 7690.77
16282.38 7706.90
16269.98 7723.26
16258.14 7738.87
16246.24 7754.56
16233.96 7770.76
16222.15 7786.33
16209.92 7802.47
16198.02 7818.15
16185.75 7834.34
16173.55 7850.42
16161.58 7866.22
16149.32 7882.38
16137.23 7898.33
16125.94 7913.21
16117.90 7923.82
16110.27 7933.88
16102.85 7943.66
16095.57 7953.26
16089.56 7961.19
16085.92 7965.98
16084.66 7967.65
16084.51 7967.84
16084.50 7967.86
16084.49 7967.87
16084.49 7967.87
16084.49 7967.87
16084.49 7967.87
16084.49 7967.87
16084.49 7967.87
16084.49 7967.87
16084.49 7967.87
16084.49 7967.87
16084.49 7967.87
16084.49 7967.87
16084.49 7967.87
16084.49 7967.87
16084.49 7967.87
16084.49 7967.87
16084.49 7967.87
16080.62 7982.84
16081.23 7984.28
16082.29 7986.75
16083.67 7990.00
16085.45 7994.17
16092.52 8011.43
16097.40 8023.71
16102.20 8035.77
16107.07 8048.02
16111.86 8060.07
16116.69 8072.23
16121.65 8084.70
16126.60 8097.15
16131.37 8109.15
16136.05 8120.93
16152.44 8128.97
16151.28 8133.58
16150.54 8136.53
16150.24 8137.74
16150.18 8137.98
16150.15 8138.10
16150.13 8138.18
16150.12 8138.19
16150.12 8138.19
16150.12 8138.19
16150.12 8138.19
16151.61 8159.74
16152.35 8161.56
16153.58 8164.56
16155.40 8169.01
16157.79 8174.85
16160.76 8182.10
16167.36 8198.16
16171.82 8208.95
16176.15 8219.44
16183.69 8240.62
16188.00 8253.69
16191.11 8266.10
16194.18 8278.89
16197.25 8291.62
16200.25 8304.06
16203.50 8317.56
16206.65 8330.66
16209.63 8343.04
16212.66 8355.64
16215.66 8368.10
16218.76 8380.95
16225.21 8402.69
16229.31 8415.72
16233.35 8428.57
16237.24 8440.95
16241.21 8454.33
16244.60 8466.62
16248.23 8479.33
16251.76 8491.70
16255.35 8504.10
16258.86 8516.43
16262.60 8529.01
16266.28 8541.70
16269.98 8554.96
16273.67 8568.20
16277.39 8581.54
16280.98 8594.41
16284.08 8605.52
16286.02 8612.48
16286.81 8615.32
16286.84 8615.42
16286.85 8615.46
16286.86 8615.47
16286.86 8615.47
16286.86 8615.47
16286.86 8615.47
16286.86 8615.47
16286.86 8615.47
16286.86 8615.47
16287.36 8617.26
16288.27 8620.53
16282.64 8638.64
16277.65 8644.43
16271.82 8651.18
16264.85 8659.57
16257.14 8669.82
16249.26 8680.29
16241.58 8690.50
16233.81 8701.76
16226.45 8713.08
16219.09 8724.41
16211.97 8735.36
16205.33 8746.70
16198.69 8758.23
16191.86 8770.07
16185.43 8782.02
16179.36 8793.80
16173.35 8805.48
