9695.11 16621.41
9695.02 16621.48
9693.32 16622.92
9690.03 16625.70
9682.81 16627.48
9676.26 16633.03
9668.50 16639.59
9660.59 16646.29
9652.48 16653.14
9643.64 16660.51
9635.74 16667.14
9627.07 16674.44
9618.81 16681.42
9611.71 16687.78
9607.57 16691.49
9605.34 16693.49
9604.25 16694.47
9601.98 16696.51
9600.07 16693.79
9605.14 16689.24
9611.81 16683.26
9619.86 16676.19
9628.22 16669.16
9634.28 16659.75
9642.50 16652.84
9650.47 16646.20
9659.14 16638.86
9667.20 16632.04
9675.53 16625.00
9684.22 16617.64
9697.53 16606.47
9705.28 16600.12
9713.23 16593.62
9721.54 16586.83
9729.06 16580.67
9737.08 16574.11
9745.47 16567.25
9758.58 16556.77
9767.32 16549.89
9775.37 16543.56
9784.30 16536.54
9792.97 16529.72
9801.91 16522.69
9810.48 16515.96
9819.13 16509.15
9827.99 16502.19
9836.67 16495.36
9844.79 16488.98
9853.73 16481.94
9862.70 16474.90
9870.79 16468.53
9879.01 16462.07
9892.61 16451.45
9899.40 16446.29
9906.20 16441.12
9912.53 16436.27
9919.33 16430.92
9925.56 16426.02
9932.18 16420.81
9938.91 16415.52
9945.30 16410.49
9951.65 16405.50
9957.80 16400.66
9964.55 16395.35
9970.75 16390.47
9986.58 16332.77
9991.28 16334.14
9996.09 16335.66
10000.93 16337.19
10014.77 16341.18
10021.22 16341.98
10026.04 16342.58
10028.33 16342.65
10039.22 16339.85
10045.01 16340.51
10049.84 16337.93
10054.40 16335.50
10059.04 16333.03
10069.36 16327.38
10074.68 16324.38
10080.32 16321.27
10085.32 16318.54
10091.11 16315.37
10096.32 16312.53
10102.05 16309.33
10107.64 16306.03
10113.02 16302.85
10117.95 16299.93
10123.54 16296.62
10128.61 16293.67
10134.80 16290.25
10139.71 16286.91
10144.53 16283.64
10148.98 16280.61
10153.39 16277.61
10158.20 16274.34
10162.91 16271.14
10169.33 16265.70
10175.87 16262.30
10184.14 16258.01
10202.37 16248.53
10208.13 16245.54
10213.75 16242.61
10217.58 16240.64
10219.03 16239.95
10219.23 16239.85
10219.32 16239.81
10219.38 16239.78
10219.39 16239.77
10219.41 16239.77
10229.34 16236.78
10229.41 16236.75
10229.48 16236.71
10229.49 16236.71
10229.49 16236.71
10229.49 16236.71
10229.49 16236.71
10229.49 16236.71
10229.49 16236.71
10229.49 16236.71
10233.97 16237.96
10234.01 16238.03
10239.58 16245.79
10242.72 16250.17
10246.63 16255.76
10254.04 16260.59
10259.11 16267.82
10264.54 16275.58
10269.54 16282.72
10274.66 16290.03
10279.91 16297.86
10284.61 16305.08
10289.31 16312.30
10294.18 16319.77
10298.99 16327.17
10318.85 16354.66
10324.74 16363.49
10330.83 16372.61
10336.38 16380.94
10342.01 16389.37
10347.55 16397.69
10353.72 16406.93
10359.43 16415.50
10365.37 16424.40
10371.37 16433.41
10376.92 16441.72
10382.64 16450.30
10388.50 16459.10
10394.08 16467.47
10399.79 16476.04
10405.30 16484.30
10410.81 16492.56
10416.69 16501.36
10420.66 16507.32
10423.14 16511.03
10434.04 16510.62
10440.28 16507.52
10448.25 16503.57
10456.24 16499.60
10464.37 16495.56
10472.44 16491.56
10480.32 16487.65
10488.97 16483.35
10504.95 16474.63
10512.78 16470.13
10519.14 16466.41
10523.36 16463.94
10525.16 16462.89
10525.17 16462.88
10525.18 16462.88
10525.18 16462.88
10525.18 16462.88
10525.18 16462.88
10525.18 16462.88
10535.82 16460.27
10538.54 16458.56
10542.86 16455.85
10548.81 16452.13
10556.62 16447.22
10565.28 16441.79
10574.04 16436.30
10582.99 16430.69
10591.52 16425.31
10600.36 16419.74
10608.89 16414.23
10617.45 16408.62
10626.06 16402.97
10634.93 16397.15
10643.41 16391.55
10652.26 16385.50
10660.82 16379.64
10669.37 16373.50
10677.55 16367.44
10694.28 16356.44
10703.18 16350.79
10712.41 16344.71
10721.59 16338.65
10730.23 16333.19
10738.98 16327.66
10747.78 16322.10
10757.03 16316.25
10766.16 16310.48
10774.94 16304.99
10784.20 16299.19
10792.83 16293.69
10801.95 16287.89
10810.51 16282.22
10819.83 16276.01
10828.61 16270.17
10837.77 16264.08
10850.52 16255.29
10858.02 16250.17
10864.97 16245.43
10869.10 16242.62
10870.71 16241.53
10870.87 16241.42
10870.99 16241.34
10871.01 16241.33
10871.01 16241.32
10871.01 16241.32
10871.01 16241.32
10871.01 16241.32
10880.35 16235.03
10883.19 16233.14
10887.24 16230.43
10892.74 16226.77
10899.78 16222.07
10907.48 16216.93
10915.27 16211.74
10933.90 16199.23
10942.58 16193.37
10951.26 16187.49
10960.10 16181.51
10968.04 16176.13
10976.27 16170.56
10984.76 16164.82
10992.97 16159.25
11001.16 16153.68
11009.48 16148.02
11017.81 16142.71
11033.88 16132.30
11041.82 16126.80
11050.23 16120.96
11058.57 16115.20
11066.37 16110.07
11074.26 16104.89
11087.78 16096.06
11096.61 16090.37
11105.32 16084.76
11113.95 16079.21
11122.46 16073.72
11130.71 16068.41
11138.99 16063.08
11147.89 16057.35
11158.86 16049.83
11165.08 16045.42
11178.87 16035.95
11183.00 16033.15
11184.75 16031.96
11185.03 16031.78
11185.05 16031.76
11185.06 16031.76
11185.06 16031.76
11185.06 16031.76
11185.06 16031.76
11185.06 16031.76
11185.06 16031.76
11191.13 16027.60
11194.07 16025.56
11198.77 16022.30
11204.88 16018.06
11212.52 16012.76
11220.35 16007.33
11228.12 16001.94
11240.81 15993.38
11248.74 15988.19
11254.89 15984.37
11258.97 15981.84
11259.97 15981.22
11260.40 15980.96
11260.43 15980.94
11260.44 15980.93
11260.45 15980.93
11260.45 15980.93
11260.45 15980.93
11260.45 15980.93
11266.84 15976.96
11269.18 15975.51
11272.56 15973.42
11277.53 15970.35
11284.21 15966.20
11292.13 15961.04
11300.59 15955.53
11309.58 15949.68
11318.33 15943.98
11326.90 15938.41
11335.71 15932.67
11349.47 15923.74
11357.39 15918.59
11366.15 15912.91
11374.39 15907.55
11382.40 15902.37
11390.96 15896.84
11399.49 15891.33
11411.43 15883.97
11414.45 15882.12
11416.18 15881.06
11416.65 15880.77
11416.75 15880.71
11416.83 15880.66
11416.84 15880.66
11416.84 15880.66
11416.84 15880.66
11416.84 15880.66
11416.84 15880.66
11416.84 15880.66
11416.84 15880.66
11416.84 15880.66
11416.84 15880.66
11416.84 15880.66
11416.84 15880.66
11416.84 15880.66
11416.84 15880.66
11416.84 15880.66
11416.84 15880.66
11416.84 15880.66
11416.84 15880.66
11416.84 15880.66
11416.84 15880.66
11416.84 15880.66
11416.84 15880.66
11416.84 15880.66
11417.41 15880.31
11418.71 15879.52
11442.72 15864.28
11447.36 15861.38
11453.08 15857.80
11460.59 15853.11
11468.50 15848.16
11476.47 15843.18
11484.72 15838.02
11493.05 15832.81
11500.81 15827.95
11509.12 15822.75
11522.67 15814.28
11531.30 15808.88
11540.08 15803.40
11548.88 15797.89
11558.90 15791.58
11565.96 15787.26
11573.37 15782.74
11580.35 15778.49
11587.42 15774.17
11594.47 15769.88
11600.08 15766.35
11602.76 15764.56
11603.24 15764.24
11603.55 15764.03
11604.47 15763.42
11606.20 15762.26
11606.72 15761.91
11606.90 15761.79
11606.97 15761.75
11607.00 15761.73
11607.02 15761.72
11607.02 15761.72
11607.02 15761.72
11607.02 15761.72
11607.02 15761.72
11607.02 15761.72
11607.02 15761.72
11607.02 15761.72
11607.02 15761.72
11607.94 15761.10
11610.08 15759.67
11644.44 15737.77
11647.79 15735.71
11651.47 15733.46
11655.80 15730.81
11660.97 15727.64
11665.94 15724.60
11671.26 15721.33
11674.53 15719.33
11675.82 15718.64
11676.08 15718.51
11676.31 15718.39
11676.31 15718.39
11676.31 15718.39
11676.31 15718.39
11676.31 15718.39
11677.08 15717.98
11678.33 15717.32
11705.77 15695.99
11708.03 15692.44
11711.58 15687.87
11717.12 15683.07
11722.50 15678.41
11728.23 15673.58
11739.84 15664.04
11746.31 15658.46
11752.63 15653.00
11759.25 15647.47
11771.82 15636.60
11776.49 15632.40
11779.33 15629.84
11780.93 15628.48
11781.08 15628.35
11781.18 15628.27
11781.22 15628.23
11781.24 15628.22
11781.24 15628.22
11781.24 15628.22
11781.24 15628.22
11781.24 15628.22
11781.24 15628.22
11781.24 15628.22
11781.24 15628.22
11781.24 15628.22
11781.24 15628.22
11781.24 15628.22
11781.24 15628.22
11781.86 15627.70
11783.13 15626.63
11802.83 15610.04
11807.02 15606.52
11812.31 15602.08
11819.16 15596.34
11826.24 15590.39
11832.99 15584.73
11839.81 15579.01
11854.40 15567.07
11862.21 15561.02
11869.92 15555.05
11877.74 15548.99
11885.88 15542.68
11893.45 15536.81
11901.30 15530.73
11909.28 15524.77
11917.12 15518.93
11922.27 15514.91
11925.13 15512.64
11925.69 15512.20
11925.74 15512.16
11925.76 15512.14
11925.77 15512.14
11925.78 15512.13
11926.84 15511.29
11929.39 15509.28
11941.42 15500.71
11946.02 15497.61
11951.92 15493.65
11959.24 15488.72
11966.12 15484.10
11973.24 15479.30
11986.16 15470.41
11993.89 15465.04
12001.95 15459.52
12010.19 15454.29
12018.55 15448.98
12034.54 15439.24
12041.63 15434.62
12048.56 15430.11
12055.93 15425.31
12063.07 15420.65
12070.04 15416.11
12077.41 15411.32
12083.13 15407.59
12086.26 15405.55
12086.60 15405.33
12086.64 15405.30
12086.66 15405.29
12086.67 15405.28
12086.67 15405.28
12086.67 15405.28
12086.67 15405.28
12086.67 15405.28
12086.67 15405.28
12088.15 15404.29
12109.62 15389.64
12113.34 15386.92
12118.15 15383.41
12124.27 15378.94
12130.33 15374.52
12136.08 15370.32
12145.16 15364.04
12150.94 15360.20
12156.80 15356.47
12167.45 15350.29
12176.63 15345.47
12184.94 15341.10
12193.43 15336.65
12202.29 15331.87
12210.69 15326.93
12219.31 15321.36
12226.12 15316.96
12230.78 15313.95
12232.10 15313.10
12232.37 15312.93
12232.60 15312.78
12232.62 15312.76
12232.62 15312.76
12232.62 15312.76
12232.62 15312.76
12232.62 15312.76
12232.62 15312.76
12232.62 15312.76
12232.62 15312.76
12232.62 15312.76
12232.71 15312.70
12233.06 15312.48
12233.97 15311.89
12235.22 15311.08
12236.56 15310.21
12238.78 15308.78
12239.55 15308.28
12240.44 15307.71
12240.94 15307.39
12241.25 15307.19
12241.92 15306.75
12243.50 15305.73
12246.07 15304.07
12249.81 15301.65
12253.33 15299.38
12257.40 15296.75
12262.68 15293.34
12267.77 15290.05
12272.90 15286.74
12302.09 15270.29
12304.36 15268.69
12306.97 15266.85
12309.65 15264.96
12323.29 15257.44
12330.65 15252.36
12340.28 15244.21
12348.64 15239.04
12356.69 15234.07
12365.40 15228.69
12374.07 15223.33
12382.01 15218.34
12390.13 15213.19
12398.14 15208.04
12406.34 15202.75
12414.57 15197.45
12421.37 15193.07
12424.89 15186.87
12431.24 15182.77
12437.16 15178.95
12444.18 15174.43
12451.18 15169.92
12457.11 15166.10
12463.48 15161.99
12470.03 15157.77
12506.37 15134.04
12510.61 15131.47
12514.74 15128.99
12518.17 15126.91
12521.86 15124.69
12525.41 15122.54
12529.16 15120.28
12548.67 15108.44
12555.31 15104.34
12562.37 15099.98
12569.15 15095.55
12574.79 15091.57
12581.05 15087.15
12586.99 15082.96
12593.13 15078.63
12599.28 15074.30
12606.71 15069.05
12613.11 15064.52
12619.57 15059.76
12625.11 15055.68
12632.01 15052.55
12647.96 15045.37
12652.72 15042.24
12657.48 15037.71
12665.27 15028.96
12671.60 15024.52
12678.63 15019.59
12684.69 15015.34
12691.72 15010.40
12699.06 15005.26
12705.35 15000.84
12712.13 14996.09
12718.74 14991.44
12725.92 14986.41
12732.05 14982.11
12739.71 14976.73
12746.78 14971.78
12752.81 14967.54
12759.27 14963.01
12764.84 14959.10
12771.84 14954.19
12778.72 14949.36
12785.18 14944.83
12792.22 14939.89
12796.64 14936.79
12798.53 14935.46
12799.22 14934.98
12799.92 14934.49
12800.25 14934.26
12800.31 14934.21
12800.38 14934.17
12800.41 14934.15
12800.42 14934.14
12800.42 14934.14
12800.42 14934.14
12800.42 14934.14
12801.43 14933.43
12804.14 14931.53
12807.96 14928.85
12821.60 14919.38
12827.65 14915.23
12833.28 14911.36
12839.63 14907.01
12846.93 14902.00
12853.69 14897.35
12865.14 14889.64
12870.80 14885.98
12876.53 14882.29
12882.90 14878.18
12888.51 14874.56
12893.43 14871.38
12899.33 14867.58
12905.70 14863.47
12911.46 14859.75
12917.19 14856.06
12921.00 14853.60
12923.27 14852.15
12923.55 14851.97
12923.70 14851.87
12923.75 14851.84
12923.76 14851.84
12923.76 14851.83
12923.76 14851.83
12923.76 14851.83
12923.76 14851.83
12923.76 14851.83
12923.76 14851.83
12923.76 14851.83
12923.76 14851.83
12923.76 14851.83
12923.76 14851.83
12923.76 14851.83
12923.76 14851.83
12923.76 14851.83
12923.76 14851.83
12923.76 14851.83
12923.76 14851.83
12923.76 14851.83
12923.76 14851.83
12923.76 14851.83
12923.76 14851.83
12923.76 14851.83
12923.76 14851.83
12923.76 14851.83
12923.76 14851.83
12923.76 14851.83
12923.76 14851.83
12923.76 14851.83
12923.76 14851.83
12923.76 14851.83
12923.76 14851.83
12923.76 14851.83
12923.76 14851.83
12923.76 14851.83
12923.76 14851.83
12923.76 14851.83
12923.76 14851.83
12923.76 14851.83
12923.76 14851.83
12923.76 14851.83
12923.76 14851.83
12923.76 14851.83
12923.76 14851.83
12923.76 14851.83
12923.76 14851.83
12923.76 14851.83
12923.76 14851.83
12923.76 14851.83
12923.76 14851.83
12923.76 14851.83
12923.76 14851.83
12923.76 14851.83
12923.76 14851.83
12923.76 14851.83
12923.76 14851.83
12923.76 14851.83
12923.76 14851.83
12923.76 14851.83
12923.76 14851.83
12923.76 14851.83
12923.76 14851.83
12923.76 14851.83
12923.76 14851.83
12924.81 14851.16
12927.28 14849.59
12944.62 14846.41
12948.16 14851.70
12953.06 14858.56
12959.06 14867.01
12965.26 14875.38
12971.42 14883.18
12980.76 14888.86
12990.44 14890.84
13004.18 14893.27
13015.19 14890.91
13025.48 14892.31
13035.45 14895.42
13045.11 14901.31
13053.73 14907.18
13062.90 14913.34
13071.99 14919.43
13081.27 14925.65
13090.34 14931.56
13099.67 14937.64
13108.95 14943.68
13117.96 14949.55
13127.01 14955.45
13135.73 14960.94
13146.89 14967.63
13154.20 14972.32
13161.77 14977.18
13168.80 14981.68
13176.06 14986.34
13183.47 14991.09
13203.99 15004.24
13204.09 15004.31
13204.13 15004.34
13204.13 15004.34
13204.13 15004.34
13204.13 15004.34
13204.13 15004.34
13204.13 15004.34
13204.13 15004.34
13204.13 15004.34
13204.13 15004.34
13210.10 15010.15
13210.17 15010.19
13210.24 15010.24
13221.29 15015.43
13224.77 15017.68
13235.66 15026.69
13244.69 15032.50
13253.52 15038.18
13261.93 15043.59
13270.36 15049.02
13279.31 15054.78
13288.08 15060.42
13297.29 15066.02
13306.69 15071.57
13315.31 15076.66
13324.35 15082.00
13333.27 15087.27
13342.56 15092.75
13352.10 15098.29
13360.78 15103.16
13365.95 15106.06
13367.96 15107.19
13368.42 15107.44
13368.58 15107.53
13368.60 15107.54
13369.74 15108.18
13372.21 15109.56
13373.69 15110.38
13373.94 15110.52
13374.10 15110.61
13374.11 15110.62
13374.13 15110.62
13374.13 15110.62
13374.92 15111.06
13377.82 15112.67
13370.58 15140.56
13368.65 15144.55
13365.73 15149.62
13361.94 15156.18
13357.88 15163.21
13353.96 15169.99
13349.74 15177.30
13345.68 15184.34
13342.90 15189.16
13340.48 15193.35
13326.31 15195.98
13317.89 15190.87
13309.05 15185.51
13299.66 15179.82
13290.69 15174.38
13281.08 15168.55
13271.98 15163.04
13262.89 15157.52
13254.03 15152.15
13244.26 15146.23
13235.00 15140.61
13225.87 15135.08
13216.84 15129.61
13207.18 15123.75
13198.40 15118.43
13189.27 15112.89
13198.61 15114.69
13207.54 15120.11
13216.88 15125.77
13225.73 15131.13
13235.45 15137.03
13244.71 15142.64
13253.58 15148.02
13263.38 15153.96
13272.96 15159.77
13281.72 15165.08
13291.48 15170.99
13300.56 15176.50
13309.45 15181.89
13318.38 15187.30
13328.14 15193.22
