13963.03 23405.17
13964.99 23403.84
13969.00 23401.14
13974.66 23397.32
13981.91 23392.43
13989.89 23385.84
13999.30 23377.92
14011.87 23370.69
14022.07 23360.20
14031.00 23349.65
14039.70 23337.91
14047.26 23326.06
14053.96 23313.48
14059.94 23300.55
14065.20 23287.59
14069.95 23274.00
14073.45 23260.45
14076.36 23246.92
14078.79 23232.77
14079.26 23218.71
14078.64 23203.90
14077.92 23189.64
14077.48 23175.81
14077.20 23161.21
14076.91 23146.82
14076.65 23133.48
14076.47 23124.45
14076.38 23119.72
14079.76 23123.82
14079.94 23132.86
14080.16 23143.97
14080.41 23156.69
14080.69 23170.99
14081.05 23186.16
14081.77 23200.50
14082.52 23215.49
14082.34 23230.19
14080.26 23244.06
14077.26 23258.40
14073.87 23272.17
14069.14 23286.58
14063.50 23300.71
14057.36 23314.01
14050.47 23327.06
14042.87 23339.11
14033.88 23351.33
14024.51 23362.43
14014.19 23373.05
14003.83 23382.73
13992.63 23392.15
13980.67 23401.23
13968.74 23409.27
13951.69 23420.91
13938.21 23425.62
13925.35 23431.55
13912.00 23436.84
13897.55 23440.59
13882.82 23443.69
13868.94 23445.87
13854.96 23447.50
13840.27 23448.53
13825.56 23449.12
13810.94 23449.76
13796.52 23449.79
13779.88 23450.96
13766.08 23449.17
13752.78 23446.64
13739.41 23443.67
13726.30 23440.84
13712.22 23438.43
13698.10 23437.55
13688.09 23437.91
13681.49 23438.68
13678.45 23439.17
13668.95 23447.19
13666.41 23450.82
13657.50 23456.54
13646.61 23456.62
13639.37 23453.15
13629.57 23438.13
13622.20 23427.65
13610.65 23418.91
13598.20 23410.67
13585.41 23402.84
13572.44 23396.81
13558.35 23393.00
13543.33 23390.61
13528.82 23388.31
13513.97 23385.96
13499.63 23384.98
13484.95 23386.09
13470.46 23389.46
13456.50 23395.48
13444.22 23403.51
13435.18 23415.56
13420.70 23432.67
13412.25 23445.71
13402.98 23460.02
13392.79 23475.76
13373.82 23506.54
13362.31 23522.88
13349.96 23538.87
13337.26 23553.99
13323.84 23569.16
13310.28 23583.79
13286.63 23610.53
13268.77 23627.06
13250.53 23642.33
13231.71 23657.95
13213.39 23672.84
13193.99 23687.65
13175.20 23700.30
13161.00 23720.37
13158.28 23737.25
13164.89 23753.33
13178.76 23764.07
13194.75 23772.40
13210.19 23779.79
13225.56 23787.08
13242.39 23793.29
13259.43 23794.18
13276.10 23788.20
13287.38 23775.74
13294.49 23759.71
13293.56 23742.63
13286.64 23726.41
13270.60 23703.14
13257.94 23692.97
13244.90 23682.48
13231.98 23672.11
13219.36 23661.97
13206.87 23651.93
13194.01 23641.60
13180.89 23631.06
13168.41 23621.03
13155.82 23610.92
13130.30 23593.58
13117.66 23583.94
13104.92 23574.22
13092.81 23564.99
13080.46 23555.57
13068.00 23546.06
13055.58 23536.58
13043.18 23527.12
13030.93 23517.78
13018.60 23508.37
13006.30 23498.98
12993.64 23489.86
12980.51 23480.68
12969.50 23472.98
12961.64 23467.48
12956.53 23463.90
12953.53 23461.80
12918.60 23437.05
12911.70 23431.88
12902.78 23425.20
12892.41 23417.44
12880.48 23408.51
12867.15 23398.53
12852.26 23387.38
12837.44 23376.29
12822.58 23365.16
12808.40 23354.54
12793.57 23343.44
12779.20 23332.68
12765.28 23322.26
12750.39 23311.11
12735.44 23295.88
12718.82 23285.31
12700.34 23273.55
12679.86 23260.52
12657.60 23246.36
12629.88 23228.78
12604.21 23212.45
12577.86 23196.55
12551.65 23181.18
12522.93 23168.17
12496.20 23152.50
12469.30 23137.00
12442.53 23121.69
12415.93 23106.47
12388.95 23091.03
12362.70 23076.01
12335.85 23060.65
12308.99 23045.28
12282.77 23030.28
12255.98 23014.95
12228.84 22999.42
12202.65 22984.43
12175.87 22969.11
12149.27 22953.89
12122.27 22938.30
12096.76 22922.15
12068.76 22908.34
12042.93 22891.98
12016.98 22875.55
11991.04 22859.13
11965.00 22842.64
11939.42 22824.78
11914.54 22807.07
11889.27 22789.09
11864.44 22771.41
11839.63 22753.75
11814.46 22735.83
11789.14 22717.81
11764.95 22699.74
11739.90 22680.85
11716.03 22661.67
11691.93 22642.14
11668.19 22622.91
11644.54 22603.74
11620.45 22584.22
11596.56 22564.12
11573.29 22544.02
11549.56 22523.51
11526.66 22503.73
11503.24 22483.50
11480.45 22463.14
11458.11 22441.33
11435.84 22419.58
11413.53 22397.80
11391.90 22376.68
11369.54 22354.84
11347.08 22332.91
11324.91 22311.26
11302.63 22289.50
11281.03 22268.05
11259.92 22245.89
11238.64 22223.54
11217.75 22201.60
11196.32 22179.10
11175.39 22157.13
11154.16 22134.82
11132.98 22112.59
11111.54 22090.07
11090.16 22067.62
11068.99 22045.37
11048.08 22023.39
11026.41 22000.61
11005.20 21978.32
10983.75 21955.77
10962.40 21933.33
10941.24 21911.09
10920.07 21888.83
10898.37 21866.02
10877.56 21844.15
10856.63 21822.29
10835.13 21799.90
10813.76 21777.66
10792.56 21755.59
10771.34 21733.51
10749.74 21711.02
10728.74 21689.16
10707.48 21667.03
10685.66 21644.38
10664.15 21622.36
10642.56 21600.25
10621.04 21578.20
10599.13 21555.76
10577.80 21533.91
10555.96 21511.55
10534.59 21489.66
10512.91 21467.45
10491.48 21445.51
10469.05 21424.13
10446.60 21403.31
10425.74 21383.97
10404.85 21364.60
10384.43 21345.67
10364.49 21327.18
10345.73 21309.78
10326.52 21291.97
10307.95 21274.75
10289.50 21257.64
10271.54 21241.00
10252.79 21224.68
10233.85 21209.91
10215.81 21195.84
10197.73 21181.74
10179.52 21167.55
10160.92 21153.04
10142.32 21138.54
10124.09 21124.32
10105.06 21109.48
10086.70 21096.38
10067.82 21083.03
10047.14 21068.35
10029.50 21055.88
10011.44 21043.42
9996.75 21033.32
9985.62 21025.67
9971.47 21018.24
9960.65 21011.30
9950.26 21004.77
9939.03 20998.44
9928.26 20992.36
9917.31 20986.19
9905.92 20979.76
9894.89 20973.53
9883.81 20967.29
9872.53 20960.92
9861.28 20954.58
9850.30 20948.38
9839.13 20942.08
9780.00 20910.54
9770.53 20905.18
9761.39 20900.01
9751.70 20894.53
9742.17 20889.14
9732.71 20883.78
9723.23 20878.42
9713.67 20873.01
9704.12 20867.61
9694.94 20862.42
9686.23 20857.49
9677.32 20852.45
9668.55 20847.49
9659.24 20842.45
9649.83 20837.41
9639.47 20831.85
9629.85 20826.70
9620.59 20821.73
9610.67 20816.41
9601.69 20811.59
9592.28 20806.73
9582.57 20802.30
9573.19 20798.03
9563.96 20793.82
9555.63 20790.02
9550.55 20787.71
9545.73 20785.51
9521.99 20774.36
9513.25 20769.87
9502.59 20764.40
9491.43 20758.68
9479.84 20752.73
9443.11 20738.43
9430.96 20734.29
9418.13 20730.09
9405.71 20726.13
9393.04 20723.04
9381.16 20722.55
9369.07 20723.78
9357.67 20727.82
9346.83 20734.04
9337.96 20742.60
9330.93 20752.07
9326.31 20764.11
9325.00 20775.66
9325.66 20787.40
9328.96 20799.02
9335.16 20810.34
9343.41 20819.24
9353.04 20826.47
9363.53 20831.31
9375.46 20833.31
9387.71 20832.80
9399.59 20830.32
9410.71 20825.72
9421.35 20818.74
9439.20 20802.01
9447.38 20791.83
9457.03 20785.08
9464.37 20775.95
9471.34 20766.80
9478.76 20757.01
9485.55 20748.05
9492.30 20739.15
9499.46 20729.71
9506.76 20720.07
9514.08 20710.32
9521.07 20700.73
9528.19 20690.95
9545.20 20669.25
9553.26 20658.70
9561.71 20647.66
9569.80 20637.09
9577.26 20627.34
9585.06 20617.14
9593.16 20606.56
9600.49 20596.98
9608.26 20586.83
9615.62 20577.21
9622.90 20567.69
9630.20 20558.14
9638.59 20547.19
9647.04 20536.14
9654.63 20526.22
9661.97 20516.63
9669.78 20506.43
9678.32 20495.26
9685.96 20485.27
9694.35 20474.31
9702.59 20463.54
9710.40 20453.33
9728.20 20432.95
9735.29 20423.27
9742.49 20413.44
9749.75 20403.54
9756.54 20394.26
9764.09 20384.00
9772.81 20372.73
9782.55 20360.15
9793.03 20346.62
9806.14 20331.79
9817.35 20316.55
9829.96 20299.40
9843.91 20281.22
9860.84 20262.28
9875.62 20247.07
9904.90 20220.22
9923.44 20195.82
9942.34 20171.50
9961.18 20147.34
9979.83 20123.42
9999.03 20095.97
10015.81 20073.48
10032.11 20051.63
10048.32 20029.91
10064.49 20008.23
10081.32 19985.67
10097.72 19963.68
10130.08 19924.92
10148.68 19902.01
10167.78 19878.47
10186.65 19855.23
10205.21 19827.79
10223.55 19802.96
10241.58 19778.56
10258.61 19755.50
10278.38 19734.29
10296.48 19709.77
10314.85 19684.91
10333.15 19660.13
10351.52 19635.27
10369.34 19610.62
10387.41 19585.01
10405.33 19559.59
10423.01 19534.52
10441.01 19508.99
10458.82 19483.73
10476.93 19458.05
10494.83 19432.67
10512.94 19406.98
10530.76 19381.71
10548.60 19356.30
10566.09 19330.54
10583.13 19305.44
10600.70 19279.58
10618.17 19253.85
10635.41 19228.46
10653.00 19202.55
10670.05 19176.48
10686.78 19150.69
10703.46 19124.96
10720.41 19098.80
10737.20 19072.91
10754.18 19046.72
10770.72 19020.60
10787.12 18994.13
10803.42 18967.81
10819.87 18941.25
10836.23 18914.83
10852.37 18888.77
10868.27 18863.11
10884.48 18836.72
10900.76 18809.96
10916.97 18783.31
10933.04 18756.91
10949.08 18730.55
10965.14 18704.13
10980.34 18679.17
10996.13 18652.94
11011.14 18626.95
11026.09 18601.06
11040.55 18576.03
11054.60 18551.71
11069.18 18526.46
11083.74 18501.25
11096.99 18476.43
11109.24 18452.11
11121.92 18426.92
11134.42 18402.07
11147.38 18376.32
11159.99 18351.27
11172.35 18326.73
11184.11 18301.68
11195.93 18275.84
11207.51 18250.36
11218.09 18223.79
11231.41 18196.82
11241.70 18172.22
11251.42 18147.71
11261.69 18121.83
11272.15 18094.74
11282.09 18068.58
11291.39 18043.28
11299.25 18014.35
11307.66 17989.15
11316.27 17963.35
11324.71 17937.50
11332.74 17911.17
11340.84 17884.61
11348.55 17858.74
11356.19 17832.50
11363.85 17806.23
11371.34 17780.52
11379.02 17754.04
11386.54 17727.90
11394.17 17701.36
11402.16 17673.91
11410.05 17647.14
11417.66 17620.76
11425.84 17593.70
11434.05 17567.52
11442.26 17541.84
11451.55 17515.70
11460.58 17490.28
11470.12 17465.43
11480.12 17439.52
11489.75 17414.55
11500.44 17388.81
11510.63 17364.52
11527.65 17328.88
11539.51 17302.89
11550.79 17278.77
11561.64 17256.57
11571.78 17236.18
11578.98 17216.47
11589.79 17197.06
11601.51 17176.03
11614.35 17152.97
11627.69 17129.02
11641.02 17106.62
11655.71 17082.83
11670.05 17059.59
11681.35 17035.01
11696.85 17009.90
11712.08 16985.23
11726.82 16957.87
11742.31 16932.25
11756.74 16908.38
11771.58 16883.84
11786.09 16859.83
11800.55 16835.91
11814.66 16812.57
11828.64 16789.46
11840.32 16770.13
11850.13 16755.12
11858.22 16739.84
11866.37 16724.43
11874.09 16709.40
11881.62 16694.51
11889.21 16679.51
11896.94 16664.23
11904.81 16648.54
11912.31 16633.53
11919.72 16618.38
11926.71 16602.35
11933.36 16587.09
11940.15 16571.49
11951.38 16544.10
11955.93 16536.61
11962.85 16530.69
12011.56 16530.32
12019.40 16535.49
12027.64 16540.90
12035.26 16546.91
12042.44 16552.75
12056.55 16566.37
12068.06 16575.47
12078.82 16584.46
12090.10 16594.31
12101.42 16604.20
12112.54 16613.91
12123.54 16623.98
12134.03 16634.02
12144.02 16644.37
12153.38 16654.62
12163.44 16665.64
12172.82 16676.02
12182.84 16685.30
12196.34 16702.17
12204.99 16714.12
12213.10 16725.27
12221.61 16736.97
12230.04 16748.56
12238.42 16760.08
12246.97 16771.84
12255.13 16784.03
12262.87 16796.59
12270.66 16809.24
12278.31 16821.65
12286.11 16834.32
12293.21 16846.00
12297.64 16854.30
12299.91 16858.93
12300.55 16860.23
12300.63 16860.40
12298.39 16867.45
12296.20 16867.47
12293.32 16867.49
12289.17 16867.06
12286.82 16866.75
12285.79 16866.60
12285.53 16866.56
12278.61 16862.18
12277.08 16858.92
12274.57 16853.55
12271.41 16846.81
12267.47 16838.40
12261.75 16828.43
12254.75 16817.12
12246.86 16804.37
12239.00 16791.67
12230.53 16779.02
12221.45 16767.00
12212.22 16754.78
12203.73 16741.39
12196.58 16732.85
