7131.89 14109.82
7131.83 14108.48
7131.70 14105.47
7131.48 14100.52
7131.20 14094.18
7130.85 14086.26
7130.46 14077.52
7130.08 14068.78
7129.70 14060.33
7129.30 14051.08
7128.92 14042.47
7128.51 14033.20
7128.14 14024.95
7127.74 14015.84
7127.35 14006.86
7126.95 13997.98
7126.57 13989.37
7126.17 13980.20
7125.77 13971.11
7125.37 13962.10
7125.15 13957.09
7116.43 13941.67
7116.03 13933.52
7115.61 13925.13
7115.19 13916.72
7114.77 13908.18
7114.32 13899.11
7113.92 13890.85
7113.61 13882.66
7113.54 13874.25
7114.38 13865.25
7116.18 13857.25
7119.58 13848.64
7123.64 13840.79
7128.47 13833.03
7133.85 13826.43
7139.41 13819.79
7144.96 13813.17
7150.54 13806.52
7155.94 13800.07
7161.59 13793.34
7164.57 13789.78
7174.74 13777.63
7180.14 13771.17
7185.66 13764.57
7191.26 13757.87
7196.32 13751.82
7201.35 13745.80
7206.55 13739.58
7211.72 13733.40
7215.17 13729.28
7226.11 13716.37
7231.51 13710.05
7237.24 13703.37
7242.93 13696.73
7248.53 13690.20
7254.62 13683.08
7260.50 13676.22
7265.85 13669.98
7271.59 13663.28
7277.11 13656.84
7282.85 13650.14
7288.25 13643.84
7293.76 13637.41
7299.06 13631.08
7304.17 13624.16
7308.40 13616.32
7311.32 13607.78
7312.30 13598.81
7312.29 13591.65
7309.56 13582.29
7312.44 13575.55
7321.75 13578.49
7334.18 13578.59
7346.94 13578.69
7369.79 13578.87
7382.20 13578.96
7394.19 13579.06
7406.54 13579.15
7418.47 13579.25
7455.88 13579.54
7468.63 13579.64
7481.10 13579.73
7493.72 13579.83
7505.77 13579.93
7529.47 13580.12
7544.33 13580.24
7558.36 13580.35
7572.21 13580.46
7586.31 13580.57
7606.69 13580.77
7621.09 13580.98
7635.28 13581.19
7649.23 13581.40
7663.02 13581.60
7677.05 13581.81
7701.35 13582.00
7716.52 13582.13
7731.22 13582.17
7745.98 13582.45
7761.30 13582.74
7776.14 13583.02
7790.37 13583.23
7814.37 13582.83
7829.56 13581.49
7845.57 13580.08
7860.93 13578.72
7877.16 13577.30
7893.36 13575.87
7909.38 13574.53
7925.71 13573.17
7940.90 13571.75
7956.19 13570.31
7972.02 13568.82
7988.27 13567.30
8003.89 13565.83
8019.25 13564.39
8034.69 13562.94
8050.43 13561.46
8065.67 13560.04
8080.98 13558.60
8096.20 13557.19
8112.14 13555.81
8128.27 13554.41
8144.29 13553.01
8160.02 13551.64
8176.16 13550.23
8192.11 13548.75
8207.99 13547.27
8223.70 13545.81
8239.72 13544.32
8255.63 13543.02
8271.90 13541.72
8288.14 13540.72
8303.37 13539.29
8318.90 13537.45
8335.04 13535.53
8350.72 13533.67
8367.02 13531.67
8383.31 13529.58
8399.50 13527.51
8415.32 13525.48
8431.32 13526.17
8447.62 13527.47
8462.79 13528.68
8479.07 13529.98
8494.77 13534.05
8509.37 13538.96
8524.63 13544.09
8539.71 13549.16
8555.29 13554.40
8569.83 13559.28
8584.97 13564.37
8599.38 13569.22
8614.80 13574.40
8628.76 13579.09
8642.10 13584.79
8660.03 13592.12
8669.86 13595.81
8679.65 13599.49
8688.40 13602.77
8706.04 13609.68
8716.69 13614.55
8727.56 13619.52
8737.92 13624.26
8747.80 13628.78
8757.59 13634.23
8766.83 13640.18
8777.16 13646.90
8787.36 13653.54
8796.85 13659.71
8806.30 13665.86
8815.46 13671.83
8823.93 13677.34
8833.21 13683.38
8842.83 13689.64
8852.99 13695.99
8862.46 13701.87
8871.97 13707.76
8881.88 13713.91
8891.28 13719.73
8901.81 13724.71
8912.20 13729.06
8921.96 13733.15
8933.14 13737.83
8944.40 13742.54
8954.25 13746.67
8966.05 13750.48
8978.44 13740.56
8982.27 13724.86
8986.25 13709.70
8990.16 13693.91
8993.89 13678.97
8997.75 13663.95
9001.69 13648.56
9005.69 13632.98
9009.73 13617.21
9013.72 13601.67
9017.56 13586.69
9021.44 13571.57
9025.43 13555.98
9029.21 13541.24
9033.01 13526.44
9036.83 13511.54
9040.85 13495.87
9044.81 13480.42
9048.69 13465.40
9052.57 13450.48
9056.60 13435.08
9060.82 13419.44
9064.80 13404.72
9068.95 13389.36
9073.10 13374.03
9077.34 13358.35
9081.44 13343.15
9085.56 13327.90
9089.75 13312.41
9093.83 13297.30
9097.84 13282.47
9101.79 13267.87
9105.73 13253.27
9109.94 13237.72
9113.97 13222.78
9118.20 13207.16
9121.96 13192.35
9125.75 13177.19
9129.48 13162.27
9133.38 13146.69
9137.23 13131.27
9141.19 13115.47
9145.08 13099.90
9148.92 13084.52
9155.89 13070.29
9159.62 13055.39
9163.74 13039.70
9167.83 13024.19
9171.96 13008.52
9176.05 12993.01
9180.15 12977.45
9184.27 12961.83
9188.16 12947.09
9192.13 12932.01
9196.08 12917.06
9199.47 12901.36
9202.85 12885.59
9206.07 12870.54
9209.32 12855.35
9212.46 12840.48
9215.34 12825.29
9218.22 12810.06
9221.13 12794.73
9223.97 12779.72
9226.80 12764.78
9229.64 12749.77
9232.97 12727.84
9234.38 12719.11
9235.28 12713.46
9235.83 12710.05
9235.94 12709.32
9235.94 12709.31
9248.08 12700.00
9251.87 12700.26
9257.66 12700.66
9264.75 12701.11
9274.15 12701.66
9285.80 12702.34
9298.64 12703.13
9313.26 12704.42
9327.85 12705.70
9346.51 12703.50
9362.08 12704.40
9377.61 12705.80
9393.75 12707.55
9409.35 12709.30
9424.33 12712.04
9439.24 12714.77
9454.91 12718.05
9469.63 12721.90
9484.62 12725.82
9500.01 12729.93
9515.24 12734.33
9530.48 12738.72
9545.21 12742.97
9560.77 12747.46
9575.33 12751.64
9590.57 12756.03
9615.00 12763.32
9627.72 12767.50
9640.09 12771.57
9652.41 12775.61
9664.78 12779.68
9677.66 12777.55
9683.70 12762.45
9688.41 12750.67
9693.33 12738.33
9698.33 12725.83
9707.20 12704.52
9712.97 12691.45
9718.57 12678.79
9723.65 12667.48
9727.31 12659.64
9729.59 12654.42
9727.19 12644.19
9733.15 12633.12
9739.11 12634.12
9754.35 12632.93
9769.65 12632.24
9785.08 12632.48
9800.02 12632.72
9814.72 12632.95
9829.85 12633.19
9844.74 12633.43
9872.20 12627.04
9880.80 12624.00
9887.14 12621.77
9891.07 12620.37
9893.51 12619.51
9896.62 12614.17
9897.45 12604.81
9895.51 12595.56
9893.80 12586.91
9892.44 12578.58
9891.02 12569.84
9889.61 12561.21
9888.17 12552.31
9886.68 12543.14
9885.23 12534.11
9883.75 12524.88
9882.22 12515.41
9880.83 12506.75
9879.46 12498.25
9877.95 12488.81
9876.52 12479.97
9875.10 12471.09
9873.65 12462.20
9872.05 12453.94
9870.41 12445.47
9868.81 12437.16
9867.02 12427.92
9865.42 12419.64
9861.49 12406.14
9859.44 12400.66
9858.36 12397.78
9852.30 12390.77
9849.48 12387.83
9841.40 12382.43
9832.05 12379.57
9821.70 12375.18
9809.95 12370.21
9788.46 12360.78
9776.33 12355.25
9764.31 12349.77
9753.48 12344.84
9745.36 12341.14
9740.78 12339.05
9725.70 12332.33
9718.12 12329.00
9708.57 12324.81
9697.47 12319.95
9684.67 12314.33
9665.12 12305.63
9660.27 12303.38
9657.38 12302.05
9655.57 12288.31
9658.79 12280.24
9661.77 12270.64
9664.43 12258.74
9665.79 12244.45
9667.02 12230.13
9668.28 12215.56
9669.51 12201.27
9670.38 12191.09
9670.91 12185.03
9674.03 12187.19
9673.16 12197.37
9672.10 12209.65
9670.86 12224.07
9669.64 12238.21
9668.41 12252.49
9666.00 12266.86
9662.02 12280.99
9656.53 12294.02
