9548.66 22367.03
9549.79 22365.43
9552.20 22362.04
9555.81 22356.95
9560.16 22350.80
9565.68 22343.26
9572.73 22334.47
9580.80 22324.41
9587.45 22321.40
9579.52 22331.28
9571.56 22341.21
9563.66 22351.58
9556.55 22361.61
9551.83 22368.28
9549.49 22371.58
9537.00 22381.21
9532.78 22383.12
9529.67 22384.56
9527.86 22385.41
9527.69 22385.49
9527.65 22385.50
9527.64 22385.51
9527.64 22385.51
9527.64 22385.51
9527.64 22385.51
9527.64 22385.51
9517.72 22390.16
9515.06 22391.28
9510.15 22393.36
9503.17 22396.31
9494.42 22400.01
9483.80 22404.50
9471.96 22409.51
9460.17 22414.60
9448.44 22420.37
9436.80 22426.58
9426.01 22432.97
9415.31 22440.44
9404.98 22449.54
9395.64 22459.45
9388.23 22469.99
9381.27 22481.13
9375.96 22493.69
9371.57 22506.30
9368.47 22518.47
9366.15 22531.22
9365.27 22544.11
9366.39 22556.99
9369.27 22569.80
9376.15 22588.63
9381.76 22598.17
9388.79 22607.11
9396.83 22615.70
9415.20 22625.67
9424.94 22626.76
9434.79 22624.72
9449.46 22613.08
9455.77 22603.15
9461.59 22593.34
9465.71 22581.81
9465.65 22569.54
9462.67 22558.83
9459.32 22552.39
9457.20 22548.97
9456.88 22548.46
9456.83 22548.37
9456.83 22548.37
9456.83 22548.37
9456.83 22548.37
9456.83 22548.37
9456.83 22548.37
9456.83 22548.37
9456.83 22548.37
9456.83 22548.37
9456.83 22548.37
9456.83 22548.37
9456.83 22548.37
9456.83 22548.37
9456.83 22548.37
9456.83 22548.37
9456.83 22548.37
9456.83 22548.37
9456.83 22548.37
9456.83 22548.37
9456.83 22548.37
9456.83 22548.37
9456.83 22548.37
9456.83 22548.37
9456.83 22548.37
9456.83 22548.37
9456.83 22548.37
9456.83 22548.37
9456.83 22548.37
9456.83 22548.37
9456.83 22548.37
9456.83 22548.37
9456.83 22548.37
9456.83 22548.37
9456.83 22548.37
9456.83 22548.37
9456.83 22548.37
9456.83 22548.37
9456.83 22548.37
9456.83 22548.37
9456.83 22548.37
9456.83 22548.37
9456.83 22548.37
9456.83 22548.37
9456.83 22548.37
9456.83 22548.37
9456.83 22548.37
9456.83 22548.37
9456.83 22548.37
9456.83 22548.37
9456.83 22548.37
9456.83 22548.37
9456.33 22547.57
9454.45 22545.41
9453.73 22544.64
9453.65 22544.56
9453.64 22544.55
9453.64 22544.55
9453.64 22544.54
9453.64 22544.54
9453.64 22544.54
9453.64 22544.54
9453.64 22544.54
9453.64 22544.54
9453.64 22544.54
9453.64 22544.54
9453.64 22544.54
9453.64 22544.54
9453.64 22544.54
9453.64 22544.54
9453.64 22544.54
9453.64 22544.54
9453.64 22544.54
9453.64 22544.54
9453.64 22544.54
9453.64 22544.54
9453.64 22544.54
9453.64 22544.54
9453.64 22544.54
9453.64 22544.54
9453.64 22544.54
9453.64 22544.54
9453.64 22544.54
9453.64 22544.54
9453.64 22544.54
9453.64 22544.54
9453.64 22544.54
9453.64 22544.54
9453.64 22544.54
9453.64 22544.54
9453.64 22544.54
9453.64 22544.54
9453.64 22544.54
9428.99 22520.61
9426.13 22518.65
9421.77 22515.65
9415.75 22511.50
9408.54 22506.54
9399.87 22500.57
9390.12 22493.87
9378.72 22486.02
9366.28 22477.46
9352.19 22467.76
9337.15 22457.41
9321.30 22446.94
9305.79 22436.78
9289.94 22426.39
9274.36 22416.19
9258.50 22405.79
9242.25 22395.45
9225.83 22385.24
9209.54 22375.11
9194.02 22365.45
9178.37 22355.73
9162.18 22345.66
9145.99 22335.59
9130.31 22325.84
9114.25 22315.85
9098.48 22306.63
9081.75 22297.10
9065.42 22287.79
9048.63 22278.22
9033.83 22265.97
9017.02 22256.39
9001.19 22247.37
8988.82 22240.38
8976.65 22233.99
8965.05 22227.90
8953.21 22221.68
8941.12 22215.33
8928.78 22208.85
8916.63 22202.47
8905.12 22196.42
8893.28 22190.29
8881.27 22184.07
8869.67 22178.07
8858.05 22172.04
8845.62 22165.82
8833.52 22159.76
8821.92 22153.96
8810.27 22148.13
8798.28 22142.13
8784.31 22138.54
8772.61 22132.08
8760.72 22125.51
8749.33 22119.22
8737.36 22112.60
8725.68 22106.07
8714.45 22099.79
8678.12 22079.76
8667.14 22073.20
8657.74 22063.75
8647.48 22057.62
8636.94 22051.06
8627.07 22043.42
8617.51 22036.02
8607.20 22028.04
8597.56 22020.37
8588.85 22012.11
8579.57 22003.32
8570.79 21993.80
8562.91 21984.20
8555.63 21973.52
8550.16 21962.48
8544.98 21950.96
8540.49 21938.67
8535.81 21925.87
8532.34 21913.27
8530.34 21900.84
8528.32 21888.27
8527.33 21877.87
8527.09 21867.56
8526.82 21856.29
8526.56 21845.37
8527.18 21835.60
8529.39 21825.38
8531.73 21814.58
8533.97 21804.22
8537.35 21795.08
8541.83 21784.90
8545.67 21776.18
8550.15 21767.14
8555.61 21758.38
8561.43 21749.03
8567.17 21739.82
8581.28 21724.10
8588.71 21717.73
8595.91 21711.56
8603.59 21705.61
8611.79 21700.42
8617.24 21696.97
8620.70 21694.78
8621.46 21694.30
8622.42 21693.69
8622.59 21693.58
8622.65 21693.55
8622.70 21693.52
8622.70 21693.51
8622.70 21693.51
8622.70 21693.51
8622.70 21693.51
8622.70 21693.51
8622.70 21693.51
8622.70 21693.51
8622.70 21693.51
8622.70 21693.51
8622.70 21693.51
8622.70 21693.51
8622.71 21693.51
8622.83 21693.43
8623.21 21693.19
8624.65 21692.28
8626.41 21691.17
8628.42 21689.89
8630.74 21688.42
8634.18 21686.25
8638.81 21683.81
8644.69 21681.63
8650.40 21679.52
8653.59 21678.33
8654.56 21677.97
8656.40 21677.29
8656.82 21677.14
8657.22 21676.99
8657.33 21676.95
8657.44 21676.91
8657.47 21676.89
8657.48 21676.89
8657.49 21676.89
8657.49 21676.88
8657.49 21676.88
8657.49 21676.88
8657.49 21676.88
8657.49 21676.88
8657.49 21676.88
8657.49 21676.88
8657.49 21676.88
8657.49 21676.88
8657.49 21676.88
8657.49 21676.88
8657.49 21676.88
8657.49 21676.88
8657.49 21676.88
8657.49 21676.88
8657.49 21676.88
8657.49 21676.88
8657.49 21676.88
8657.49 21676.88
8657.49 21676.88
8657.49 21676.88
8657.49 21676.88
8657.49 21676.88
8657.49 21676.88
8657.49 21676.88
8657.49 21676.88
8657.49 21676.88
8657.49 21676.88
8657.49 21676.88
8657.49 21676.88
8657.49 21676.88
8657.49 21676.88
8657.49 21676.88
8657.84 21676.76
8659.57 21676.11
8662.70 21674.95
8666.43 21673.79
8671.20 21672.47
8712.23 21661.18
8720.89 21658.90
8731.47 21656.11
8743.06 21652.32
8754.49 21648.02
8765.50 21643.32
8776.42 21638.27
8786.87 21632.93
8796.69 21627.56
8805.98 21620.21
8814.69 21613.33
8824.32 21605.44
8832.35 21597.67
8840.60 21589.48
8848.93 21580.07
8856.55 21571.45
8864.49 21562.48
8872.09 21553.74
8879.60 21545.01
8886.32 21537.20
8894.00 21528.28
8923.80 21492.50
8933.31 21479.83
8944.11 21465.44
8952.90 21453.73
8962.62 21440.77
8973.59 21426.16
8985.20 21410.69
8997.79 21393.92
9011.39 21375.79
9024.59 21358.21
9038.25 21340.29
9053.58 21320.70
9069.16 21300.78
9084.70 21280.94
9099.46 21261.98
9114.31 21242.85
9129.49 21217.98
9143.33 21200.15
9156.99 21182.55
9170.68 21164.90
9184.47 21145.37
9196.96 21130.18
9208.31 21113.45
9220.60 21096.78
9232.43 21079.87
9243.83 21063.52
9256.06 21046.83
9265.77 21033.58
9285.19 21003.28
9295.61 20986.07
9305.29 20967.99
9313.89 20949.19
9320.47 20930.09
9324.56 20909.39
9326.79 20888.53
9327.25 20868.18
9325.72 20847.85
9323.40 20826.98
9319.30 20806.36
9314.24 20786.51
9308.20 20766.53
9301.21 20746.61
9293.25 20726.88
9284.03 20708.73
9272.61 20691.66
9259.35 20675.66
9244.22 20661.60
9227.43 20649.41
9210.73 20637.73
9192.72 20626.47
9174.26 20616.92
9155.45 20607.37
9137.19 20598.11
9118.98 20588.80
9100.45 20579.11
9081.58 20569.24
9062.84 20559.44
9044.45 20549.82
9025.69 20540.21
8970.68 20513.49
8947.58 20503.29
8921.90 20492.49
8896.26 20481.72
8870.15 20470.35
8844.66 20458.81
8818.83 20447.11
8792.50 20435.19
8766.76 20423.54
8741.41 20412.05
8716.00 20400.64
8689.62 20388.88
8664.28 20377.58
8638.59 20366.12
8613.21 20354.80
8586.94 20343.08
8561.13 20331.43
8535.13 20319.63
8509.83 20308.14
8483.86 20296.35
8458.01 20284.62
8432.06 20272.84
8406.45 20261.21
8381.13 20249.72
8355.25 20237.97
8329.29 20226.19
8303.73 20214.58
8277.78 20202.81
8252.53 20191.34
8227.08 20179.79
8201.45 20168.16
8175.75 20156.53
8150.15 20144.94
8124.19 20133.19
8098.48 20121.56
8072.73 20109.91
8047.23 20098.36
8021.96 20086.93
7996.53 20075.42
7971.20 20063.96
7945.55 20052.35
7919.80 20040.70
7893.67 20028.87
7867.86 20017.19
7842.48 20005.58
7816.36 19993.35
7790.62 19981.29
7765.95 19969.74
7741.72 19958.39
7717.01 19946.82
7696.12 19933.39
7671.12 19921.68
7646.43 19908.32
7621.26 19894.33
7596.75 19880.70
7571.83 19866.84
7547.59 19853.37
7522.35 19839.34
7498.48 19824.62
7475.02 19809.41
7450.99 19793.83
7427.54 19778.17
7404.59 19761.71
7381.38 19745.06
7358.83 19728.88
7336.47 19711.81
7314.31 19693.76
7292.15 19675.72
7270.35 19657.98
7248.57 19640.18
7226.17 19621.85
7204.87 19602.43
7184.41 19583.14
7163.96 19563.87
7143.33 19544.22
7124.10 19523.64
7104.92 19503.13
7085.38 19482.23
7066.41 19461.93
7047.60 19441.08
7029.61 19419.29
7011.21 19396.99
6993.04 19374.60
6976.03 19352.23
6958.62 19329.34
6939.34 19308.47
6922.95 19285.71
6906.25 19262.53
6890.43 19239.32
6875.02 19216.24
6859.64 19191.94
6844.65 19167.54
6830.64 19143.60
6816.41 19119.28
6802.26 19091.36
6789.32 19066.56
6776.31 19041.63
6763.41 19016.91
6750.79 18992.72
6736.38 18964.07
6725.36 18937.72
6714.67 18912.19
6704.03 18886.53
6693.28 18860.38
6682.60 18834.36
6672.81 18807.82
6664.15 18781.62
6655.25 18754.68
6646.80 18728.32
6638.49 18701.05
6630.47 18674.16
6622.98 18647.29
6615.85 18620.72
6608.69 18593.53
6601.93 18566.37
6595.83 18539.41
6589.61 18511.96
6583.35 18484.29
6578.19 18457.22
6574.40 18426.69
6570.46 18399.28
6566.59 18372.33
6562.89 18344.99
6560.08 18316.89
6557.35 18289.59
6555.17 18262.29
6553.71 18234.74
6550.50 18203.50
6549.28 18175.83
6548.06 18148.21
6546.84 18120.67
6545.62 18093.17
6544.63 18065.09
6544.12 18037.07
6543.62 18009.90
6543.20 17982.58
6543.54 17954.65
6547.18 17926.92
6547.53 17898.83
6547.87 17870.26
6548.43 17842.45
6549.30 17814.45
6550.18 17785.67
6551.06 17757.28
6551.95 17728.39
6552.81 17700.30
6553.70 17671.58
6554.57 17643.12
6555.43 17615.25
6556.30 17587.15
6557.20 17558.91
6558.12 17530.59
6559.05 17501.85
6559.99 17473.04
6560.90 17445.03
6561.80 17417.20
6562.67 17388.53
6563.34 17360.17
6564.03 17331.43
6564.71 17303.06
6565.40 17274.32
6566.07 17246.39
6566.42 17217.82
6566.53 17189.83
6566.64 17161.85
6566.75 17134.06
6566.87 17105.51
6566.98 17076.97
6566.62 17048.74
6566.15 17020.44
6565.67 16991.76
6565.20 16963.84
6564.73 16935.64
6564.18 16907.60
6563.04 16879.56
6561.90 16851.44
6560.78 16823.71
6559.65 16795.87
6558.50 16767.56
6557.09 16738.92
6555.47 16710.30
6553.88 16682.25
6552.27 16653.70
6550.69 16625.83
6545.83 16598.28
6543.81 16570.54
6541.47 16541.91
6539.18 16513.84
6536.88 16485.72
6534.58 16457.56
6532.29 16429.53
6529.97 16401.13
6527.63 16372.51
6525.35 16344.59
6523.09 16316.91
6520.36 16289.17
6517.33 16260.82
6514.35 16232.98
6511.36 16205.07
6508.34 16176.80
6505.31 16148.45
6502.24 16119.79
6499.23 16091.66
6496.17 16063.01
6493.11 16034.47
6490.12 16006.48
6487.05 15977.80
6483.98 15949.08
6481.02 15921.43
6478.06 15893.78
6475.14 15865.50
6472.48 15837.24
6469.79 15808.63
6467.17 15780.80
6464.72 15752.85
6462.33 15724.73
6459.95 15696.74
6457.56 15668.64
6455.27 15641.79
6456.31 15615.04
6453.92 15586.95
6451.57 15559.29
6449.73 15530.78
6448.02 15502.16
6446.32 15473.64
6444.66 15445.73
6442.99 15417.72
6441.31 15389.53
6439.79 15360.77
6438.43 15333.14
6437.03 15304.52
6435.63 15276.02
6434.27 15248.06
6432.89 15220.03
6431.79 15191.62
6430.94 15163.76
6430.09 15135.67
6429.24 15107.91
6428.38 15079.71
6427.51 15051.24
6426.64 15022.41
6425.67 14993.91
6424.69 14965.44
6423.74 14937.67
6419.49 14910.09
6418.53 14882.27
6417.55 14853.51
6416.59 14825.74
6415.63 14797.78
6414.67 14769.61
6413.71 14741.66
6412.72 14712.74
6411.74 14684.36
6410.10 14656.45
6408.25 14627.68
6406.41 14599.04
6404.60 14570.76
6402.79 14542.57
6401.00 14514.71
6399.19 14486.47
6397.39 14458.43
6395.55 14429.79
6393.72 14401.21
6391.88 14372.60
6390.10 14344.90
6384.85 14313.79
6383.13 14286.95
6381.38 14259.66
6379.73 14233.99
6377.60 14209.69
6375.56 14188.59
6373.45 14166.82
6371.59 14147.58
6370.04 14131.61
6366.98 14117.62
6363.33 14104.08
6356.73 14092.73
6347.24 14082.13
6335.46 14076.34
6322.48 14074.07
6308.67 14076.38
6296.10 14082.29
6286.25 14092.02
6275.79 14103.26
6264.47 14115.41
6253.38 14127.32
6242.59 14139.06
6231.21 14151.53
6219.46 14164.41
6211.52 14173.09
6203.92 14181.41
6195.94 14190.13
6187.84 14199.00
6180.35 14207.45
6172.91 14215.84
6164.99 14224.78
6140.68 14293.85
6131.55 14294.88
6122.33 14295.93
6113.11 14296.97
6104.02 14298.00
6095.18 14299.00
6085.95 14300.04
6071.48 14301.46
6065.74 14301.93
6061.74 14302.25
6059.86 14305.71
6057.17 14305.93
6026.46 14306.82
6022.26 14306.71
6016.96 14306.57
6010.49 14306.39
5992.30 14306.52
5978.44 14306.89
5965.41 14307.52
5951.63 14308.20
5938.22 14308.86
5924.70 14309.52
5910.62 14310.21
5897.70 14310.92
5884.64 14311.70
5871.15 14312.51
5857.91 14313.30
5844.62 14314.10
5831.01 14314.91
5811.21 14316.03
5798.01 14316.67
5784.29 14317.38
5771.31 14318.61
5758.24 14319.84
5744.74 14321.05
5730.99 14321.94
5717.43 14322.67
5704.16 14323.31
5691.09 14323.95
5677.31 14324.62
5663.92 14325.27
5650.82 14325.91
5637.25 14326.56
5624.05 14327.21
5611.02 14327.84
