9238.37 14248.75
9238.85 14246.80
9239.81 14242.94
9241.09 14237.85
9242.84 14230.82
9244.98 14222.22
9247.48 14212.20
9249.96 14202.29
9252.30 14192.94
9254.86 14182.69
9257.39 14172.62
9259.93 14162.49
9262.52 14152.15
9264.78 14143.10
9266.21 14137.79
9266.70 14136.20
9266.76 14135.99
9266.76 14135.99
9266.76 14135.99
9266.76 14135.99
9266.76 14135.99
9266.76 14135.99
9266.76 14135.99
9266.76 14135.99
9266.76 14135.99
9266.76 14135.99
9266.76 14135.99
9266.76 14135.99
9266.76 14135.99
9266.76 14135.99
9266.76 14135.99
9266.76 14135.99
9266.76 14135.99
9266.76 14135.99
9266.76 14135.99
9266.76 14135.99
9266.76 14135.99
9266.76 14135.99
9266.76 14135.99
9266.76 14135.99
9266.76 14135.99
9266.76 14135.99
9266.76 14135.99
9266.76 14135.99
9266.76 14135.99
9266.76 14135.99
9266.76 14135.99
9266.76 14135.99
9266.76 14135.99
9266.76 14135.99
9266.76 14135.99
9266.76 14135.99
9266.76 14135.99
9266.76 14135.99
9277.01 14110.94
9280.26 14110.71
9285.52 14110.32
9292.95 14109.78
9301.82 14105.83
9312.96 14105.01
9323.51 14104.24
9333.85 14103.49
9345.19 14102.66
9356.15 14101.86
9366.94 14101.08
9377.66 14100.29
9388.69 14099.49
9400.07 14098.66
9406.15 14084.91
9403.64 14073.84
9401.20 14063.07
9398.74 14052.24
9396.29 14041.42
9393.66 14029.83
9391.05 14018.27
9388.67 14007.77
9386.19 13996.83
9383.60 13985.39
9381.00 13973.96
9378.58 13963.24
9376.15 13952.53
9373.55 13941.05
9371.15 13930.49
9368.61 13919.26
9366.24 13908.82
9363.76 13897.87
9359.19 13877.68
9356.85 13867.38
9354.38 13856.47
9352.15 13846.64
9349.79 13836.21
9347.55 13826.31
9345.25 13816.19
9343.20 13807.13
9342.03 13801.97
9331.74 13796.89
9322.24 13796.65
9310.63 13796.35
9298.89 13796.05
9287.70 13795.77
9276.62 13795.49
9265.33 13794.81
9253.57 13793.78
9242.44 13792.80
9230.56 13791.76
9219.03 13790.74
9208.23 13789.79
9191.26 13787.94
9180.51 13786.60
9168.80 13785.14
9156.92 13783.67
9145.16 13782.20
9133.69 13780.78
9122.62 13779.40
9111.56 13777.95
9100.56 13776.51
9089.89 13774.89
9078.87 13773.16
9067.14 13771.32
9055.62 13769.51
9044.76 13767.81
9033.30 13766.01
9022.39 13764.30
9011.73 13762.61
9002.59 13761.13
8997.27 13760.15
8994.92 13759.71
8994.53 13759.64
8994.31 13759.59
8994.24 13759.58
8994.21 13759.58
8994.21 13759.58
8994.20 13759.58
8994.20 13759.58
8994.20 13759.58
8992.90 13759.33
8989.52 13758.71
8988.44 13758.51
8980.06 13748.02
8981.22 13743.14
8982.83 13736.29
8985.09 13727.09
8988.10 13715.67
8987.67 13703.98
8990.41 13692.91
8993.18 13681.75
8996.04 13670.59
8998.89 13659.49
9001.95 13647.56
9004.99 13635.71
9007.83 13624.61
9010.65 13613.63
9013.65 13601.94
9016.73 13589.91
9019.80 13577.96
9022.65 13566.83
9025.65 13555.14
9028.69 13543.29
9031.74 13531.41
9034.70 13519.84
9037.56 13508.71
9040.60 13496.84
9043.43 13485.80
9046.41 13474.17
9049.49 13462.32
9052.31 13451.49
9055.28 13440.08
9058.30 13428.78
9061.41 13417.27
9064.41 13406.18
9067.58 13394.44
9070.51 13383.61
9073.43 13372.79
9076.63 13360.97
9079.74 13349.46
9082.66 13338.65
9085.72 13327.33
9088.94 13315.42
9091.96 13304.24
9095.07 13292.73
9097.99 13281.94
9101.18 13270.11
9104.26 13258.74
9107.29 13247.52
9110.44 13235.85
9113.66 13223.93
9116.72 13212.64
9119.74 13201.22
9122.49 13190.21
9125.22 13179.29
9128.07 13167.90
9131.05 13156.01
9133.99 13144.24
9136.80 13133.00
9139.68 13121.50
9142.66 13109.57
9145.50 13098.23
9148.46 13086.39
9151.33 13074.89
9154.14 13063.68
9156.99 13052.32
9160.01 13040.89
9162.99 13029.58
9165.91 13018.51
9168.98 13006.86
9175.13 12996.50
9178.28 12984.55
9181.31 12973.07
9184.33 12961.61
9187.29 12950.38
9190.30 12938.95
9193.28 12927.65
9196.25 12916.41
9198.79 12904.55
9201.15 12893.54
9203.63 12881.91
9206.05 12870.64
9208.56 12858.88
9211.05 12847.23
9213.42 12835.39
9215.52 12824.33
9217.69 12812.89
9219.86 12801.43
9222.16 12789.29
9224.33 12777.83
9226.60 12765.81
9228.79 12754.26
9228.73 12733.47
9230.09 12724.98
9231.36 12717.07
9232.18 12711.97
9232.64 12709.08
9232.65 12708.99
9232.65 12708.97
9232.65 12708.97
9232.65 12708.97
9232.65 12708.97
9238.33 12689.40
9238.75 12686.10
9239.33 12681.09
9240.05 12674.84
9241.03 12666.31
9242.24 12655.83
9243.52 12644.77
9244.80 12633.63
9246.29 12622.45
9247.75 12611.45
9249.04 12600.76
9250.40 12589.49
9251.71 12578.64
9252.96 12568.28
9254.20 12558.00
9252.51 12543.29
9253.61 12531.90
9254.74 12520.06
9255.88 12508.18
9257.02 12496.33
9258.17 12484.36
9259.28 12472.82
9260.37 12461.44
9261.47 12449.96
9262.77 12437.99
9264.10 12426.16
9265.37 12414.91
9266.62 12403.78
9267.86 12392.70
9269.24 12380.47
9270.49 12369.33
9271.80 12357.65
9273.09 12346.24
9274.35 12334.97
9275.62 12323.69
9276.94 12311.93
9278.25 12300.25
9279.54 12288.83
9280.81 12277.51
9282.09 12266.13
9283.46 12253.94
9284.81 12241.90
9286.06 12230.79
9288.09 12210.40
9289.18 12198.81
9290.24 12187.57
9291.29 12176.34
9292.39 12164.67
9293.44 12153.42
9294.46 12142.59
9295.56 12131.26
9296.86 12118.17
9298.38 12102.86
9300.07 12085.84
9302.14 12069.23
9304.36 12052.96
9306.73 12035.65
9309.09 12018.43
9312.97 12001.93
9316.69 11986.14
9320.64 11969.33
9324.61 11952.47
9329.91 11936.03
9335.06 11920.57
9340.40 11904.53
9345.93 11887.94
9352.28 11872.23
9359.81 11856.47
9367.25 11840.91
9374.35 11826.05
9381.44 11811.22
9389.93 11796.39
9398.32 11781.97
9406.98 11767.05
9415.85 11753.13
9424.98 11739.29
9434.57 11725.37
9444.78 11712.24
9455.17 11699.01
9466.63 11685.92
9477.97 11673.14
9489.60 11661.19
9501.70 11648.77
9513.83 11636.32
9525.72 11624.64
9538.22 11613.08
9550.69 11601.55
9560.95 11592.05
9568.21 11585.34
9572.17 11581.67
9572.86 11581.04
9573.15 11580.77
9573.22 11580.71
9573.23 11580.69
9573.24 11580.69
9573.24 11580.69
9573.24 11580.69
9573.24 11580.69
9573.24 11580.69
9573.24 11580.69
9573.24 11580.69
9573.24 11580.69
9573.24 11580.69
9573.24 11580.69
9573.24 11580.69
9573.24 11580.69
9573.24 11580.69
9573.24 11580.69
9573.24 11580.69
9573.24 11580.69
9573.24 11580.69
9573.24 11580.69
9573.24 11580.69
9573.24 11580.69
9573.24 11580.69
9573.24 11580.69
9587.02 11568.49
9589.40 11566.46
9593.29 11563.14
9598.60 11558.59
9605.07 11553.06
9613.23 11546.08
9623.05 11537.68
9634.44 11527.94
9646.72 11517.43
9659.02 11506.91
9671.53 11496.21
9684.41 11485.19
9697.26 11474.20
9709.63 11463.62
9722.62 11452.51
9734.94 11441.97
9747.78 11430.99
9760.70 11420.18
9773.80 11409.81
9787.12 11399.24
9800.53 11388.62
9813.76 11378.13
9826.91 11367.72
9839.70 11357.58
9853.25 11346.84
9866.18 11336.59
9878.99 11326.44
9892.15 11315.93
9905.16 11305.20
9918.11 11294.52
9930.63 11284.19
9943.31 11273.73
9956.64 11262.73
9969.10 11252.45
9981.81 11241.96
9994.91 11231.16
10008.05 11220.32
10020.97 11209.66
10033.83 11199.05
10046.70 11188.44
10059.36 11177.99
10072.68 11167.00
10086.08 11155.95
10098.74 11145.51
10111.30 11135.14
10124.66 11124.12
10137.22 11113.76
10150.05 11103.17
10163.07 11092.43
10175.87 11081.87
10188.69 11071.29
10201.31 11060.65
10213.68 11049.10
10226.39 11037.24
10238.71 11025.89
10251.96 11014.83
10265.15 11003.76
10278.54 10992.65
10290.98 10982.31
10303.88 10971.61
10317.27 10960.50
10329.85 10950.05
10342.93 10939.19
10355.60 10928.68
10368.82 10917.70
10381.67 10907.04
10394.84 10896.10
10407.49 10885.60
10420.86 10874.51
10433.86 10863.71
10446.39 10853.31
10459.70 10842.94
10473.11 10832.56
10486.33 10822.33
10499.53 10812.12
10513.05 10801.66
10526.76 10791.05
10540.38 10780.50
10553.86 10770.08
10566.88 10759.99
10580.60 10749.38
10594.25 10738.82
10607.54 10728.53
10620.90 10718.19
10634.12 10707.96
10647.64 10697.50
10660.24 10685.90
10672.94 10674.18
10685.29 10662.77
10695.61 10653.23
10703.27 10646.16
10707.65 10642.11
10709.14 10640.73
10709.66 10640.25
10709.80 10640.13
10709.86 10640.08
10709.87 10640.07
10709.87 10640.06
10709.87 10640.06
10709.87 10640.06
10709.87 10640.06
10709.87 10640.06
10709.87 10640.06
10709.87 10640.06
10709.87 10640.06
10709.87 10640.06
10709.87 10640.06
10709.87 10640.06
10709.87 10640.06
10709.87 10640.06
10709.87 10640.06
10709.87 10640.06
10709.87 10640.06
10709.87 10640.06
10709.87 10640.06
10709.87 10640.06
10709.87 10640.06
10709.87 10640.06
10709.87 10640.06
10709.87 10640.06
10709.87 10640.06
10709.87 10640.06
10709.87 10640.06
10709.87 10640.06
10717.74 10632.45
10719.78 10630.36
10722.98 10627.08
10727.81 10622.13
10733.63 10616.12
10740.59 10608.92
10748.45 10600.77
10757.75 10591.14
10768.06 10580.47
10779.11 10568.79
10790.22 10555.65
10800.87 10543.07
10811.28 10530.52
10821.54 10517.20
10831.41 10504.40
10841.56 10491.20
10851.48 10477.82
10861.47 10464.35
10870.98 10451.52
10881.17 10437.77
10890.77 10424.81
10900.35 10411.90
10910.38 10398.00
10919.72 10385.56
10923.18 10380.79
10925.78 10377.22
10927.30 10375.12
10927.75 10374.51
10927.78 10374.47
10927.78 10374.47
10927.78 10374.47
10927.78 10374.47
10927.78 10374.47
10927.78 10374.47
10927.78 10374.47
10927.78 10374.47
10927.78 10374.47
10927.78 10374.47
10927.78 10374.47
10927.78 10374.47
10927.78 10374.47
10927.78 10374.47
10927.78 10374.47
10927.78 10374.47
10927.78 10374.47
10927.78 10374.47
10927.78 10374.47
10927.78 10374.47
10927.78 10374.47
10927.78 10374.47
10927.78 10374.47
10927.78 10374.47
10927.78 10374.47
10927.78 10374.47
10927.78 10374.47
10927.78 10374.47
10927.78 10374.47
10927.78 10374.47
10927.78 10374.47
10927.78 10374.47
10927.78 10374.47
10927.78 10374.47
10927.78 10374.47
10924.12 10364.68
10922.21 10362.02
10919.28 10357.92
10915.07 10352.04
10909.46 10344.22
10903.02 10335.22
10895.68 10324.99
10887.06 10312.94
10877.85 10300.09
10868.18 10286.60
10858.88 10273.61
10849.43 10260.42
10839.74 10246.90
10830.26 10233.66
10821.04 10220.79
10811.27 10207.15
10801.57 10193.61
10792.18 10180.51
10782.98 10167.67
10773.12 10153.91
10763.50 10140.47
10754.02 10127.23
10744.43 10113.85
10734.76 10100.35
10725.05 10086.80
10715.90 10074.02
10706.97 10060.99
10698.03 10047.57
10688.70 10033.57
10679.57 10019.86
10670.36 10006.03
10661.61 9992.90
10652.35 9979.00
10643.54 9965.77
10634.83 9952.69
10628.16 9937.09
10619.13 9924.20
10609.63 9910.65
10600.11 9897.07
10590.69 9883.62
10579.55 9867.51
10576.95 9863.71
10575.39 9861.43
10574.93 9860.75
10574.82 9860.59
10573.98 9859.37
10573.37 9858.48
10573.07 9858.03
10573.03 9857.97
10573.02 9857.95
10573.01 9857.95
10564.85 9845.72
10563.58 9843.88
10561.80 9841.29
10559.30 9837.65
10556.15 9833.07
10552.07 9827.14
10537.75 9806.13
10529.20 9794.18
10520.22 9781.66
10511.04 9768.85
10501.86 9756.04
10492.85 9743.45
10483.49 9730.40
10474.61 9718.00
10465.18 9704.85
10456.13 9692.21
10447.01 9679.48
10437.99 9666.89
10428.09 9652.96
10424.52 9647.94
10422.56 9645.18
10427.25 9628.97
10431.66 9625.82
10436.73 9622.20
10439.71 9620.07
10440.60 9619.44
10449.92 9612.55
10453.91 9609.42
10459.16 9605.30
10465.81 9600.08
10473.85 9593.78
10483.08 9586.55
10493.74 9578.18
10504.51 9569.74
10515.60 9561.04
10526.39 9552.58
10537.52 9543.86
10548.22 9535.46
10559.84 9526.35
10571.51 9518.28
10583.41 9511.67
10596.24 9506.98
10609.78 9503.40
10623.81 9502.56
10637.93 9504.04
10651.23 9507.39
10665.40 9510.98
10679.30 9514.51
10693.07 9518.01
10707.45 9521.20
10721.97 9522.89
10736.66 9522.79
10750.12 9521.26
10763.89 9516.59
10776.11 9510.48
10787.97 9502.46
10800.13 9494.25
10812.21 9485.89
10823.99 9477.24
10834.84 9468.79
10846.32 9459.59
10862.06 9451.45
10875.09 9441.51
10889.31 9430.65
10904.92 9418.75
10921.93 9405.77
10943.23 9389.45
10964.49 9373.22
10987.76 9355.47
11011.43 9337.41
11034.41 9319.88
11057.36 9302.37
11080.71 9284.55
11104.13 9266.68
11127.78 9248.64
11150.89 9231.00
11173.61 9213.67
11196.90 9195.90
11219.80 9178.43
11242.66 9160.97
11265.71 9143.36
11289.12 9125.48
11312.30 9107.79
11335.75 9090.19
11359.16 9072.63
11382.87 9054.84
11405.82 9037.61
11429.26 9020.03
11452.26 9002.77
11475.39 8985.41
11498.60 8967.99
11521.75 8950.62
11545.25 8932.99
11568.42 8915.62
11592.11 8897.81
11615.49 8880.13
11638.42 8862.77
11661.68 8845.15
11696.06 8819.11
11719.27 8801.53
11741.90 8784.39
11764.25 8767.46
11787.17 8750.07
11809.42 8733.16
11832.33 8715.74
11854.55 8698.86
11881.19 8679.34
11904.14 8663.78
11927.95 8647.64
11951.68 8631.55
11978.29 8613.45
12003.00 8596.70
12027.90 8579.81
12052.36 8563.74
12077.31 8547.95
12102.02 8532.31
12127.15 8516.40
12152.09 8501.09
12178.07 8486.02
12203.12 8471.50
12228.82 8456.60
12254.89 8441.48
12280.15 8426.84
12306.33 8412.10
12332.07 8398.68
12358.78 8384.76
12384.44 8371.38
12411.17 8357.45
12437.20 8343.88
12463.48 8330.18
12489.96 8317.34
12516.74 8305.01
12543.61 8292.64
12570.24 8280.38
12596.58 8268.25
12623.22 8255.99
12650.69 8244.17
12677.98 8232.54
12705.33 8221.14
12732.88 8210.48
12760.20 8199.90
12789.27 8192.19
12816.17 8181.78
12843.17 8171.32
12870.44 8161.64
12898.18 8152.13
12926.20 8142.51
12954.69 8132.74
12983.05 8123.01
13011.20 8114.01
13039.44 8105.88
13067.15 8097.91
13095.83 8089.66
13124.29 8082.80
13153.46 8075.91
13182.13 8069.14
13211.01 8062.92
13239.97 8057.68
13269.07 8052.41
13297.99 8047.20
13327.06 8042.38
13355.95 8037.60
13385.72 8036.85
13414.96 8033.31
13444.78 8029.88
13474.36 8026.58
13503.72 8024.05
13533.14 8021.69
13562.40 8019.73
13591.88 8017.83
13623.68 8011.99
13654.48 8009.63
13687.41 8008.56
13722.91 8008.59
13760.25 8009.03
13799.46 8009.91
13840.29 8011.47
13882.97 8013.96
13921.14 8016.79
13955.24 8019.91
13984.91 8023.07
14016.35 8026.97
14044.78 8031.14
14073.91 8035.41
14102.55 8040.05
14131.91 8045.02
14161.19 8049.97
14189.33 8055.19
14217.85 8060.63
14246.05 8066.01
14274.09 8071.60
14301.96 8079.22
14329.69 8086.79
14357.36 8094.36
14385.14 8102.07
14413.09 8110.97
14440.93 8119.85
14468.48 8128.62
14496.49 8137.55
14524.33 8146.42
14551.84 8156.59
14579.47 8167.12
14605.01 8180.50
14632.62 8191.56
14659.45 8202.30
14698.22 8219.10
14724.94 8231.87
14752.84 8245.21
14781.87 8259.16
14812.22 8275.43
14840.56 8290.62
14868.55 8304.15
14892.94 8317.86
14917.39 8331.61
14944.12 8348.30
14969.12 8363.94
14993.46 8379.15
15018.56 8394.85
15043.16 8410.23
15068.31 8426.20
15092.05 8443.19
15116.10 8460.40
15139.88 8477.42
15163.30 8494.18
15186.88 8511.05
15209.66 8529.15
15232.76 8548.16
15254.95 8566.44
15276.91 8585.37
15298.98 8604.47
15321.06 8623.80
15342.60 8644.07
15364.02 8664.23
15385.63 8684.57
15406.27 8704.98
15429.88 8727.05
15450.40 8748.72
15469.89 8770.42
15489.37 8792.11
15508.66 8813.59
15528.56 8835.75
15547.80 8858.02
15566.90 8881.07
15585.17 8903.65
15603.27 8926.41
15621.18 8949.60
15638.94 8973.07
15656.80 8996.67
15674.56 9020.13
15691.92 9043.33
15709.34 9066.84
15726.97 9090.63
15744.62 9114.45
15762.25 9137.73
15779.68 9160.74
15797.51 9184.27
15815.09 9207.29
15833.13 9230.91
15850.70 9253.91
15868.71 9277.48
15886.69 9301.02
15904.73 9324.64
15922.79 9348.28
15940.76 9371.80
15958.40 9394.89
15976.27 9418.29
15993.96 9441.45
16011.86 9464.87
16029.47 9487.93
16047.49 9511.24
16065.83 9534.87
16083.55 9557.70
16101.84 9581.27
16120.16 9604.87
16138.13 9628.04
16156.39 9651.56
16174.52 9674.92
16192.57 9698.30
16210.90 9722.20
16228.59 9744.98
16246.76 9768.22
16264.90 9791.43
16282.77 9814.30
16300.53 9837.01
16318.34 9859.80
16336.53 9883.07
16354.62 9906.21
16372.66 9929.30
16391.15 9952.63
16409.26 9975.08
16427.95 9998.26
16446.23 10020.92
16464.53 10043.62
16482.71 10066.16
16501.42 10089.11
16520.41 10111.99
16539.48 10134.97
16558.44 10157.82
16577.38 10180.65
16595.83 10202.88
16614.92 10225.89
16634.06 10248.95
16652.75 10271.47
16671.83 10294.46
16691.21 10320.47
16708.79 10343.12
16726.32 10365.71
16744.31 10388.89
16761.97 10411.64
16779.78 10434.43
16797.64 10457.19
16815.92 10480.49
16844.29 10513.84
16859.71 10533.38
16878.07 10551.33
16893.32 10570.65
16908.89 10590.39
16924.24 10609.85
16939.63 10629.13
16955.20 10648.33
16982.40 10689.47
17000.72 10711.42
17019.12 10733.43
17038.56 10754.80
17057.91 10776.07
17077.07 10797.14
17100.84 10818.79
17121.36 10839.10
17142.36 10859.25
17164.43 10879.47
17186.09 10899.21
17208.32 10918.59
17230.25 10937.50
17253.14 10956.38
17275.98 10974.41
17300.79 10989.80
17324.22 11008.31
17347.06 11025.94
17370.98 11043.31
17395.72 11060.33
17419.99 11077.03
17445.03 11093.05
17469.45 11108.34
17494.83 11123.49
17520.56 11138.54
17545.65 11152.66
17571.52 11166.88
17597.37 11180.40
17623.91 11193.99
17650.77 11206.67
17677.49 11219.28
17704.53 11232.04
17731.65 11243.85
17759.20 11255.22
17785.92 11266.25
17813.52 11276.88
17840.78 11286.69
17868.10 11296.02
17895.63 11305.10
17924.01 11314.22
17952.30 11323.17
17981.20 11331.34
18009.45 11339.20
18040.94 11345.46
18069.61 11352.56
18098.05 11359.60
18126.92 11366.75
18155.50 11373.83
18183.80 11380.84
18212.37 11387.77
18241.36 11394.77
18269.75 11401.63
18298.06 11408.48
18327.04 11417.25
18346.89 11422.30
18367.23 11427.48
18386.93 11432.49
18476.69 11451.26
18502.71 11456.47
18529.23 11461.63
18556.03 11466.16
18583.02 11470.06
18610.02 11473.36
18636.84 11473.94
18663.59 11470.09
18689.52 11461.68
18713.79 11448.80
18736.35 11433.29
18758.04 11418.13
18779.98 11402.79
18798.92 11389.56
18817.70 11376.49
18837.71 11362.67
18857.71 11348.86
18877.49 11335.09
18897.66 11320.75
18916.83 11306.23
18936.24 11287.42
18952.67 11271.92
18969.10 11255.94
18985.56 11239.78
19002.89 11224.49
19020.66 11211.16
19039.98 11198.91
19059.04 11187.33
19082.62 11173.25
19103.29 11163.65
19122.16 11151.48
19141.28 11139.31
19159.83 11127.50
19179.67 11114.99
19200.34 11105.90
19222.89 11089.60
19243.55 11076.24
19264.08 11063.04
19284.36 11050.15
19305.41 11036.78
19326.52 11023.36
19347.57 11009.96
19367.64 10996.84
19388.42 10983.26
19409.31 10969.60
19430.01 10956.14
19450.90 10943.12
19471.83 10930.07
19492.11 10917.41
19512.52 10904.69
19533.59 10891.53
19554.15 10878.28
19574.85 10864.93
19595.58 10851.57
19616.44 10838.12
19637.00 10824.87
19657.78 10811.47
19678.30 10798.24
19698.87 10785.13
19719.46 10772.04
19739.88 10759.06
19760.31 10746.07
19780.40 10733.30
19800.58 10720.47
19821.04 10707.46
19842.07 10694.09
19862.23 10681.27
19883.45 10668.00
19904.43 10655.60
19925.21 10643.40
19946.21 10631.73
19967.09 10620.12
19988.01 10605.58
20009.88 10594.27
20032.05 10584.28
20054.48 10574.31
20077.06 10565.03
20099.38 10556.38
20122.35 10548.39
20145.35 10541.27
20168.78 10534.17
20192.60 10527.46
20216.19 10521.72
20240.33 10516.58
20263.92 10511.90
20288.05 10507.93
20311.92 10504.16
20336.72 10500.66
20361.34 10497.83
20385.43 10495.07
20410.21 10492.97
20435.19 10491.16
20460.08 10489.36
20484.66 10487.61
20509.58 10485.85
20534.15 10484.11
20558.90 10482.36
20582.96 10480.69
20607.93 10478.97
20632.74 10477.26
20660.40 10477.05
20684.29 10475.62
20707.85 10474.20
20732.39 10472.73
20756.78 10471.27
20780.93 10469.83
20805.36 10468.36
20856.59 10462.92
20876.70 10461.33
20897.28 10459.70
20918.25 10458.26
20938.88 10456.84
20959.78 10455.40
20980.10 10454.01
21000.50 10452.60
21021.41 10451.17
21042.37 10449.72
21062.75 10448.35
21100.16 10447.02
21124.57 10444.67
21148.49 10442.38
21171.98 10440.12
21195.62 10437.85
21219.20 10435.58
21243.55 10432.60
21267.29 10429.33
21291.25 10426.02
21317.83 10420.23
21341.48 10416.19
21365.70 10411.56
21388.95 10406.68
21412.72 10400.60
21436.62 10394.49
21460.04 10387.32
21483.64 10380.02
21506.10 10372.23
21529.05 10363.76
21551.27 10354.28
21573.43 10344.15
21595.71 10333.96
21617.59 10323.95
21639.78 10313.77
21661.87 10302.25
21683.86 10290.78
21705.20 10279.65
21727.17 10268.19
21748.32 10255.57
21768.59 10242.91
21788.48 10229.57
21808.76 10215.61
21828.28 10202.01
21848.28 10187.24
21867.57 10172.46
21886.37 10157.50
21905.71 10141.69
21924.87 10125.86
21943.39 10110.56
21961.52 10094.96
21979.82 10078.92
21998.05 10062.93
22016.15 10046.75
22034.45 10030.27
22052.73 10013.80
22070.76 9997.56
22088.70 9981.41
22106.50 9965.36
22124.54 9948.65
22142.01 9932.46
22159.84 9915.95
22177.60 9899.50
22195.82 9882.63
22213.79 9865.98
22231.48 9849.60
22252.61 9832.26
22271.31 9816.36
22289.38 9801.01
22307.89 9785.18
22325.95 9769.27
22344.10 9753.27
22362.12 9737.39
22380.25 9721.41
22398.50 9705.32
22416.89 9688.83
22435.42 9672.17
22453.12 9656.25
22471.19 9640.01
22488.92 9624.07
22506.97 9607.83
22525.00 9591.62
22542.85 9575.58
22561.84 9556.28
22579.61 9540.34
22597.94 9523.90
22615.89 9507.80
22633.91 9491.65
22651.77 9475.63
22670.24 9459.06
22688.58 9442.61
22707.09 9426.01
22724.93 9410.01
22742.76 9394.02
22760.68 9377.95
22778.53 9361.94
22796.11 9344.84
22813.83 9327.28
22830.84 9310.41
22848.37 9293.03
22865.29 9276.25
22882.36 9258.44
22899.33 9240.38
22915.83 9222.83
22932.89 9204.69
22949.26 9186.19
22964.96 9167.77
22980.65 9149.37
22996.76 9130.47
23012.12 9111.13
23026.68 9091.86
23041.08 9072.81
23055.45 9053.78
23069.78 9034.44
23082.76 9014.24
23096.06 8993.52
23109.02 8973.34
23121.90 8952.82
23134.51 8931.73
23147.16 8910.56
23159.47 8889.96
23171.23 8868.46
23182.36 8847.36
23193.84 8825.61
23204.54 8803.78
23214.47 8782.00
23224.53 8759.94
23234.37 8737.96
23243.97 8715.57
23253.66 8692.97
23263.17 8670.78
23271.77 8647.74
23279.97 8624.79
23288.18 8601.81
23296.39 8578.82
23304.31 8555.54
23311.06 8529.34
23318.38 8506.60
23325.29 8484.81
23323.25 8479.45
23323.52 8478.37
23323.78 8477.28
23324.04 8476.24
23349.30 8364.40
23353.24 8340.40
23356.37 8317.51
23359.12 8297.32
23361.32 8281.16
23363.20 8249.48
23363.02 8237.47
23362.84 8225.12
23362.68 8213.09
23362.52 8200.77
23361.14 8188.40
23358.97 8175.86
23354.46 8164.31
23348.62 8153.13
23341.71 8142.61
23334.89 8132.77
23325.75 8124.26
23316.36 8115.62
23305.97 8108.90
23295.94 8101.61
23286.93 8093.57
23278.82 8084.95
23271.80 8075.12
23267.39 8063.74
23263.13 8051.77
23260.62 8039.81
23258.16 8028.08
23253.41 8016.27
23246.87 8005.97
23237.09 7997.97
23225.59 7992.64
23214.24 7989.39
23202.19 7989.37
23143.09 7986.53
23128.16 7987.10
23111.54 7987.72
23092.71 7988.44
23072.35 7989.21
23050.46 7990.03
23027.24 7990.91
23002.60 7991.84
22982.32 7992.61
22966.31 7993.21
22951.87 7995.20
22941.44 7995.19
22930.61 7995.19
22916.05 7993.60
22904.91 7993.95
22893.81 7994.30
22883.22 7994.63
22873.01 7994.95
22861.89 7995.29
22851.65 7995.61
22842.71 7995.89
22837.83 7996.04
22836.69 7996.08
22824.28 7994.85
22820.19 7995.01
22814.73 7995.22
22807.77 7995.48
22799.12 7995.81
22788.90 7996.20
22781.66 7996.48
22772.91 7996.81
22763.39 7997.17
22753.12 7997.56
22741.45 7998.01
22731.02 7998.41
22720.40 7998.81
22709.48 7999.23
22698.20 7999.66
22686.98 8000.08
22676.13 8000.50
22665.10 8000.92
22653.93 8001.35
22643.05 8001.77
22631.87 8002.21
22619.82 8002.67
22608.52 8003.11
22597.12 8003.55
22585.19 8004.02
22573.44 8004.50
22556.95 8005.79
22549.13 8005.49
22541.06 8005.18
22523.65 7996.36
22525.05 7987.43
22526.45 7978.50
22527.77 7970.06
22529.18 7961.07
22533.62 7935.17
22535.07 7924.45
22536.61 7913.03
22538.18 7901.37
22539.70 7890.16
22541.17 7879.26
22539.18 7867.28
22540.47 7855.63
22541.74 7844.22
22542.98 7833.07
22544.22 7821.89
22545.54 7810.06
22546.82 7799.31
22551.56 7788.94
22553.11 7777.72
22554.84 7766.81
22556.53 7756.10
22558.95 7745.09
22561.34 7734.20
22563.80 7722.97
22566.24 7711.87
22568.73 7700.50
22571.03 7689.99
22573.41 7679.17
22575.78 7668.36
22580.80 7649.01
22583.93 7639.13
22587.09 7629.14
22590.28 7619.05
22593.26 7609.62
22596.20 7600.36
22599.96 7583.39
22600.84 7574.47
22601.34 7565.53
22601.59 7548.94
22602.37 7537.48
22602.38 7537.37
22615.61 7527.87
22618.32 7526.39
22621.77 7524.50
22637.10 7517.48
22647.80 7513.89
22658.84 7511.40
22668.99 7508.89
22681.89 7504.99
22693.22 7501.97
22704.40 7499.95
22716.18 7497.86
22728.06 7497.68
22739.20 7497.53
22751.11 7498.48
22762.22 7499.91
22774.14 7501.46
22785.50 7502.92
22796.50 7504.35
22814.23 7506.79
22824.96 7508.48
22836.06 7510.23
22846.75 7511.83
22857.50 7513.32
22868.69 7514.88
22879.86 7516.43
22891.23 7518.01
22902.79 7518.90
22913.46 7519.39
22924.60 7519.90
22931.49 7520.22
22935.09 7520.38
22935.62 7520.41
22935.81 7520.42
22935.89 7520.42
22935.90 7520.42
22935.90 7520.42
22935.91 7520.42
22935.91 7520.42
22935.91 7520.42
22935.91 7520.42
22936.40 7520.44
22937.99 7520.52
22941.33 7520.67
22945.17 7520.85
22946.69 7520.92
22946.80 7520.92
22946.83 7520.92
22946.85 7520.92
22946.85 7520.92
22946.85 7520.92
22946.85 7520.92
22946.85 7520.92
22946.85 7520.92
22946.85 7520.92
22946.85 7520.92
22946.85 7520.92
22946.85 7520.92
22946.85 7520.92
22946.85 7520.92
22946.85 7520.92
22946.85 7520.92
22946.85 7520.92
22946.85 7520.92
22946.85 7520.92
22946.85 7520.92
22946.85 7520.92
22946.85 7520.92
22946.85 7520.92
22946.85 7520.92
22946.85 7520.92
22948.68 7521.01
22952.93 7521.20
22968.74 7522.00
22975.02 7522.33
22983.30 7522.77
22993.88 7523.33
23004.50 7523.89
23015.13 7524.45
23025.74 7525.04
23037.16 7525.65
23048.89 7526.34
23060.31 7527.01
23071.50 7527.67
23083.11 7528.36
23094.35 7529.03
23114.22 7530.15
23124.08 7530.70
23134.40 7531.26
23144.76 7531.83
23154.64 7532.37
23165.18 7532.95
23185.75 7534.13
23196.01 7534.70
23206.85 7535.29
23217.39 7535.87
23227.72 7536.33
23238.08 7536.79
23248.51 7537.04
23259.38 7537.28
23270.58 7537.36
23290.82 7537.17
23301.88 7536.84
23313.12 7536.40
23324.76 7535.75
23336.09 7534.91
23347.38 7533.89
23359.38 7532.62
23370.84 7531.37
23382.57 7530.08
23394.22 7528.78
23405.68 7527.35
23417.72 7525.62
23428.65 7524.05
23440.06 7522.41
23452.33 7520.64
23463.91 7518.98
23472.87 7517.71
23491.28 7515.17
23502.73 7513.62
23514.04 7512.08
23525.13 7510.55
23536.55 7508.92
23547.78 7507.32
23558.70 7505.80
23569.71 7504.26
23580.29 7502.78
23591.41 7501.20
23602.50 7499.60
23613.04 7498.09
23632.84 7495.15
23643.32 7493.56
23653.83 7492.06
23664.00 7490.62
23672.69 7489.39
23690.62 7486.87
23700.23 7485.34
23710.94 7483.63
23722.82 7481.76
23734.23 7480.08
23744.95 7478.51
23755.98 7476.87
23767.30 7474.96
23778.14 7472.66
23789.41 7470.24
23800.43 7466.99
23810.88 7463.70
23821.78 7459.32
23832.37 7454.05
23842.30 7448.74
23851.87 7443.50
23861.79 7438.00
23871.65 7432.54
23882.21 7426.74
23892.22 7421.26
23901.97 7415.93
23912.21 7410.33
23922.33 7404.79
23942.45 7394.43
23953.39 7389.58
23963.89 7385.84
23975.35 7382.12
23986.39 7378.77
23996.96 7376.40
24008.16 7374.40
24019.29 7372.69
24030.24 7371.00
24041.27 7369.31
24052.03 7367.65
24063.89 7365.82
24075.16 7364.22
24086.49 7362.68
24097.30 7361.11
24108.88 7359.44
24120.34 7357.79
24131.96 7356.12
24143.81 7354.42
24155.21 7352.78
24166.54 7351.15
24187.78 7348.12
24198.28 7346.66
24208.75 7345.14
24218.36 7343.70
24227.99 7342.25
24237.50 7340.82
24247.90 7339.25
24258.04 7337.73
24267.82 7336.26
24260.46 7340.70
24250.20 7342.24
24239.84 7343.80
24229.28 7345.39
24219.37 7346.88
24208.78 7348.47
24198.75 7349.92
24189.22 7351.25
