13452.35 16284.56
13452.08 16285.96
13451.41 16289.54
13450.33 16295.22
13448.99 16302.31
13447.62 16309.52
13446.37 16316.13
13445.06 16323.04
13443.81 16329.68
13442.58 16336.20
13441.14 16343.80
13439.80 16350.88
13438.51 16357.68
13437.17 16364.75
13436.31 16369.32
13443.56 16375.01
13450.05 16376.04
13457.15 16377.18
13463.48 16378.19
13470.56 16379.32
13477.42 16380.42
13484.56 16381.56
13489.61 16382.35
13498.76 16377.93
13502.71 16370.55
13504.60 16360.35
13506.82 16348.30
13508.55 16336.79
13507.48 16315.18
13507.52 16309.64
13507.55 16305.96
13507.56 16304.05
13507.33 16295.08
13507.69 16288.49
13508.30 16281.05
13508.92 16273.52
13509.58 16266.26
13510.59 16259.23
13511.59 16252.28
13512.60 16245.18
13513.57 16237.69
13514.05 16231.24
13514.20 16223.82
13514.28 16216.94
13514.19 16209.73
13514.11 16203.14
13514.01 16195.79
13513.92 16188.53
13513.82 16180.91
13513.12 16174.29
13512.08 16167.63
13509.60 16161.34
13508.39 16155.13
13508.36 16147.97
13508.32 16140.80
13508.29 16133.22
13508.25 16125.88
13503.30 16109.57
13506.62 16100.33
13506.65 16089.47
13506.65 16078.22
13506.56 16066.12
13506.47 16054.20
13506.38 16042.25
13506.31 16034.31
13506.22 16030.38
13506.19 16029.20
13507.52 16015.86
13507.52 16015.77
13507.52 16015.71
13507.36 16001.28
13507.35 15999.84
13506.11 15982.89
13506.59 15973.77
13507.39 15964.28
13508.54 15954.89
13515.56 15937.85
13519.97 15928.44
13524.65 15919.08
13529.51 15909.34
13535.15 15897.12
13539.54 15886.60
13544.11 15875.79
13549.02 15864.64
13554.49 15853.41
13563.09 15835.04
13567.24 15825.65
13571.09 15816.95
13579.56 15798.13
13584.76 15786.68
13589.95 15775.28
13594.95 15764.29
13599.80 15753.63
13605.03 15742.14
13610.17 15730.83
13617.43 15714.45
13622.33 15703.25
13627.17 15692.20
13632.04 15681.09
13636.73 15670.36
13641.62 15659.24
13644.60 15647.17
13648.06 15626.45
13649.74 15614.02
13652.41 15601.52
13655.11 15588.88
13657.65 15576.97
13660.34 15564.47
13663.05 15551.97
13665.66 15539.91
13668.29 15527.73
13670.89 15515.97
13673.71 15503.97
13676.55 15491.89
13679.42 15479.65
13682.39 15467.01
13685.17 15455.18
13688.07 15442.85
13690.95 15430.59
13693.37 15420.29
13694.81 15414.18
13695.26 15412.27
13695.40 15411.67
13695.40 15411.66
13695.40 15411.65
13693.45 15405.00
13690.76 15403.47
13686.50 15401.04
13681.04 15397.92
13674.24 15394.04
13665.96 15389.31
13656.21 15383.75
13644.79 15377.22
13633.61 15370.84
13622.63 15364.57
13611.99 15358.50
13600.70 15352.40
13589.85 15346.58
13579.09 15340.81
13568.21 15334.98
13556.83 15328.87
13545.87 15322.99
13534.53 15316.91
13514.94 15304.84
13503.61 15298.00
13492.48 15291.89
13481.23 15285.30
13469.86 15278.63
13459.25 15272.41
13448.18 15265.92
13437.33 15259.55
13426.62 15253.27
13415.82 15246.94
13405.21 15240.71
13394.05 15234.17
13382.80 15227.71
13371.51 15221.46
13360.27 15215.25
13349.79 15209.45
13342.94 15205.66
13339.68 15203.84
13337.73 15191.52
13340.84 15186.14
13344.64 15179.55
13348.96 15172.08
13353.78 15163.72
13358.71 15155.18
13362.72 15148.23
13365.30 15143.77
13366.96 15140.67
13368.31 15137.45
13366.16 15126.26
13359.61 15122.19
13351.79 15117.39
13342.58 15111.73
13332.64 15105.62
13322.97 15099.68
13312.78 15093.42
13303.16 15087.51
13292.76 15081.12
13282.36 15074.73
13272.35 15068.58
13261.86 15062.13
13251.39 15055.70
13241.15 15049.40
13231.57 15043.52
13221.25 15037.18
13207.87 15029.09
13197.69 15023.00
13197.62 15022.96
13187.68 15016.99
13181.54 15013.29
13174.16 15008.72
13164.98 15002.99
13154.56 14996.36
13144.76 14990.08
13134.88 14983.74
13119.30 14973.40
13109.44 14966.54
13099.26 14959.46
13089.32 14952.55
13079.15 14945.47
13069.23 14938.57
13058.64 14931.28
13048.62 14924.41
13038.74 14917.63
13028.28 14910.46
13018.13 14904.11
13006.56 14899.96
12987.71 14894.84
12983.18 14893.98
12966.05 14884.81
12958.94 14876.47
12952.97 14867.63
12946.65 14858.27
12942.43 14852.04
12939.99 14848.43
12939.38 14847.52
12939.08 14847.08
12939.02 14846.98
12938.99 14846.94
12938.98 14846.93
12938.98 14846.93
12938.98 14846.93
12938.98 14846.93
12938.98 14846.93
12938.98 14846.93
12938.98 14846.93
12938.98 14846.93
12938.98 14846.93
12938.98 14846.93
12938.98 14846.93
12938.98 14846.93
12938.70 14846.51
12946.38 14832.58
12950.13 14829.51
12953.24 14823.46
12959.68 14819.17
12966.83 14813.61
12975.56 14807.41
12985.21 14800.93
12995.42 14794.08
13002.30 14789.46
13005.87 14787.07
13006.82 14786.43
13006.98 14786.32
13007.13 14786.23
13007.13 14786.22
13007.13 14786.22
13007.13 14786.22
13007.13 14786.22
13007.13 14786.22
13007.13 14786.22
13007.13 14786.22
13007.13 14786.22
13007.13 14786.22
13007.22 14786.16
13007.82 14785.76
13008.76 14785.13
13010.91 14783.69
13014.22 14781.47
13019.38 14778.00
13025.59 14773.84
13033.01 14768.93
13047.04 14763.36
13060.91 14753.17
13069.93 14748.16
13080.27 14742.41
13090.26 14737.26
13100.44 14733.06
13110.64 14728.65
13122.49 14723.27
13130.50 14720.05
13139.49 14718.01
13149.75 14715.69
13168.91 14712.45
13179.62 14710.67
13191.00 14708.52
13199.92 14705.47
13210.76 14701.77
13221.10 14693.67
13230.13 14688.61
13239.46 14683.38
13248.59 14678.26
13257.53 14672.28
13264.14 14667.49
13268.10 14664.62
13270.92 14662.57
13271.89 14661.92
13273.42 14661.00
13274.46 14660.37
13276.72 14659.00
13280.75 14656.56
13286.38 14653.16
13292.88 14649.23
13299.39 14645.29
13286.98 14633.79
13282.37 14629.45
13278.53 14624.04
13275.78 14618.70
13272.84 14612.79
13270.16 14606.70
13267.73 14601.19
13265.00 14594.89
13262.89 14588.93
13260.74 14582.84
13258.63 14576.88
13256.40 14570.60
13254.21 14564.41
13252.24 14558.84
13248.51 14555.95
13242.31 14557.97
13236.36 14559.90
13230.77 14561.70
13224.56 14563.69
13218.46 14565.65
13214.83 14566.81
13206.30 14584.26
13199.30 14586.32
13190.50 14588.91
13179.96 14592.01
13168.78 14595.31
13158.08 14598.46
13147.46 14601.59
13129.24 14603.26
13117.75 14603.87
13106.09 14604.48
13094.33 14604.98
13083.29 14605.34
