12652.75 20706.72
12651.01 20707.14
12647.58 20707.95
12642.55 20709.15
12636.05 20710.69
12627.09 20712.81
12616.63 20715.30
12604.21 20718.25
12589.61 20721.72
12572.60 20725.75
12554.48 20730.06
12536.25 20734.39
12518.35 20738.64
12500.93 20742.77
12483.50 20746.91
12465.69 20751.14
12448.29 20755.15
12430.69 20759.10
12413.31 20763.01
12396.08 20766.87
12378.78 20770.78
12361.71 20774.74
12344.55 20778.73
12326.78 20782.86
12308.66 20787.07
12291.06 20791.16
12273.22 20795.31
12255.17 20799.50
12237.03 20803.72
12219.83 20807.72
12202.43 20811.76
12184.95 20815.82
12167.21 20819.95
12149.27 20824.12
12131.88 20828.16
12116.06 20831.84
12103.42 20834.77
12094.97 20836.74
12090.80 20837.71
12093.58 20833.67
12101.43 20831.84
12111.30 20829.55
12123.19 20826.78
12136.84 20823.61
12151.85 20820.12
12168.38 20816.28
12185.70 20812.26
12202.90 20808.26
12221.16 20804.02
12238.39 20800.01
12256.05 20795.91
12273.37 20791.88
12290.92 20787.80
12308.49 20783.72
12325.98 20779.65
12343.30 20775.63
12361.49 20771.40
12379.14 20767.30
12396.36 20763.42
12413.78 20759.51
12431.03 20755.64
12449.25 20751.55
12466.69 20747.51
12483.94 20743.41
12501.13 20739.33
12517.56 20735.43
12534.24 20731.47
12551.16 20727.45
12568.04 20723.44
12584.25 20719.60
12599.83 20715.90
12614.46 20712.42
12630.76 20708.55
12644.72 20705.24
12655.71 20702.63
12677.63 20696.87
12685.88 20694.70
12693.87 20692.60
12701.52 20690.59
12706.75 20689.22
12710.33 20688.28
12711.79 20687.90
12712.22 20687.79
12712.37 20687.74
12712.42 20687.73
12712.42 20687.73
12713.07 20687.56
12715.11 20687.03
12718.98 20686.01
12719.78 20685.80
12720.30 20685.66
12720.58 20685.59
12720.66 20685.57
12720.67 20685.56
12720.68 20685.56
12720.68 20685.56
12720.68 20685.56
12720.68 20685.56
12720.68 20685.56
12720.68 20685.56
12720.68 20685.56
12720.68 20685.56
12720.68 20685.56
12720.68 20685.56
12720.68 20685.56
12720.68 20685.56
12720.68 20685.56
12720.68 20685.56
12720.68 20685.56
12720.68 20685.56
12720.68 20685.56
12720.68 20685.56
12720.68 20685.56
12720.68 20685.56
12720.68 20685.56
12720.68 20685.56
12720.68 20685.56
12720.68 20685.56
12720.68 20685.56
12720.68 20685.56
12720.68 20685.56
12720.68 20685.56
12720.68 20685.56
12720.68 20685.56
12722.11 20685.19
12725.02 20684.34
12754.01 20674.81
12758.61 20673.18
12764.51 20670.69
12771.15 20667.70
12777.72 20664.73
12784.34 20661.74
12815.24 20648.47
12818.93 20646.45
12822.79 20644.33
12836.28 20636.87
12846.48 20630.93
12856.78 20624.18
12866.07 20618.08
12874.75 20612.39
12884.87 20605.75
12895.02 20599.10
12903.97 20593.23
12912.66 20587.53
12923.00 20580.75
12932.57 20574.47
12940.98 20568.95
12950.21 20562.91
12959.92 20556.53
12970.20 20549.79
12979.29 20543.84
12988.02 20538.28
12996.83 20532.68
13006.28 20526.67
13016.07 20520.44
13025.80 20514.25
13035.69 20507.97
13045.12 20501.96
13054.06 20496.28
13063.27 20490.94
13073.04 20485.62
13082.15 20480.66
13092.21 20475.91
13102.18 20471.82
13112.17 20467.73
13122.67 20463.43
13132.59 20459.37
13142.38 20455.36
13152.80 20451.10
13164.07 20446.48
13174.17 20442.34
13184.59 20438.08
13194.93 20433.84
13204.82 20429.79
13214.39 20425.87
13225.48 20421.33
13235.48 20417.24
13244.75 20413.44
13254.16 20409.59
13265.10 20405.11
13276.11 20401.54
13285.13 20398.79
13289.89 20397.33
13296.97 20395.16
13306.93 20389.49
13316.56 20387.47
13328.05 20385.06
13339.78 20382.54
13351.15 20379.60
13363.11 20376.63
13374.99 20373.60
13384.27 20370.56
13388.83 20367.30
13396.21 20355.53
13397.92 20348.79
13399.86 20341.14
13401.80 20333.49
13404.25 20326.57
13407.04 20320.35
13410.29 20313.23
13413.52 20306.15
13416.74 20299.10
13420.08 20293.26
13423.80 20287.43
13427.89 20281.00
13432.07 20274.46
13436.34 20267.90
13441.61 20263.41
13447.46 20258.44
13453.35 20253.42
13460.00 20249.29
13466.81 20246.05
13473.82 20242.73
13481.26 20240.99
13489.03 20239.80
13496.60 20238.63
13503.46 20237.58
13519.66 20232.32
13526.56 20226.17
13532.67 20216.50
13539.85 20205.13
13548.24 20191.86
13558.21 20176.73
13568.78 20161.18
13579.15 20146.95
13589.68 20132.86
13601.36 20118.51
13613.04 20104.17
13624.22 20090.44
13635.75 20076.28
13647.11 20062.33
13658.31 20048.72
13670.05 20034.64
13681.34 20021.10
13693.38 20006.65
13704.64 19993.14
13716.90 19975.92
13729.10 19961.66
13741.13 19947.60
13753.28 19933.39
13765.10 19919.57
13777.57 19905.10
13790.11 19890.56
13801.96 19876.81
13814.24 19862.56
13826.16 19848.74
13837.93 19835.09
13851.11 19822.49
13864.94 19809.29
13878.39 19795.60
13891.04 19782.40
13903.93 19768.95
13917.02 19755.29
13929.99 19741.76
13942.92 19728.26
13955.78 19714.84
13968.54 19701.52
13980.96 19688.56
13994.18 19674.77
14007.14 19661.24
14020.10 19647.72
14033.37 19633.87
14046.20 19620.48
14058.87 19607.25
14071.32 19594.27
14084.30 19580.72
14097.26 19567.19
14110.53 19553.35
14123.50 19539.81
14136.12 19526.64
14148.93 19513.27
14161.53 19500.12
14174.49 19486.60
14187.17 19473.36
14200.22 19459.75
14213.04 19446.36
14226.30 19432.53
14238.97 19419.31
14251.86 19405.86
14264.73 19392.42
14277.13 19379.48
14289.97 19366.08
14303.15 19352.32
14315.81 19339.12
14328.53 19325.84
14341.15 19312.67
14354.42 19298.82
14367.57 19285.25
14381.60 19272.78
14395.17 19260.73
14408.81 19248.68
14422.29 19236.82
14436.14 19224.62
14450.38 19212.08
14463.92 19200.16
14478.67 19188.34
14493.36 19177.02
14507.97 19165.75
14523.18 19154.02
14538.23 19142.42
14552.53 19131.39
14567.70 19119.79
14583.16 19109.34
14598.66 19098.87
14614.33 19088.28
14629.52 19078.02
14644.43 19067.94
14659.99 19057.43
14675.44 19047.00
14690.75 19036.65
14706.67 19026.21
14721.99 19016.53
14737.88 19006.48
14753.24 18996.77
14765.98 18988.71
14777.18 18979.63
14787.44 18973.08
14797.49 18966.67
14807.62 18959.97
14816.40 18952.37
14824.90 18944.19
14831.69 18935.05
14837.95 18926.32
14840.93 18920.28
14842.14 18917.83
14842.28 18917.54
14842.34 18917.43
14842.34 18917.41
14842.34 18917.41
14842.34 18917.41
14842.34 18917.41
14842.34 18917.41
14842.35 18917.41
14842.35 18917.41
14848.08 18909.67
14848.75 18908.37
14849.82 18906.29
14851.01 18903.34
14852.10 18899.28
14853.40 18894.45
14854.69 18888.93
14862.10 18824.05
14861.62 18815.44
14861.22 18806.70
14860.87 18797.97
14861.51 18789.80
14862.20 18781.47
14862.91 18772.75
14863.64 18763.97
14864.35 18755.38
14866.09 18734.36
14867.98 18722.92
14869.98 18710.77
14871.88 18699.24
14873.83 18687.41
14875.33 18675.20
14876.51 18662.91
14877.69 18650.65
14878.90 18638.10
14880.08 18625.75
14881.23 18613.84
14882.38 18601.85
14884.57 18580.09
14885.81 18567.99
14887.06 18555.71
14888.29 18543.70
14889.55 18531.39
14890.85 18518.67
14892.04 18506.98
14893.18 18495.82
14894.42 18483.63
14895.58 18472.53
14897.91 18450.45
14899.15 18438.60
14898.76 18426.73
14898.00 18414.14
14899.25 18401.82
14900.52 18390.19
14901.81 18378.47
14903.13 18366.43
14904.49 18354.06
14905.84 18341.78
14907.18 18329.54
14910.79 18310.38
14913.14 18297.36
14914.15 18284.09
14915.08 18271.93
14916.04 18259.38
14917.02 18246.57
14917.98 18234.05
14918.90 18222.00
14919.56 18209.48
14920.13 18197.13
14920.70 18184.65
14921.26 18172.55
14921.86 18159.46
14922.13 18146.63
14922.00 18133.91
14921.87 18121.12
14921.73 18108.02
14921.61 18096.49
14921.53 18088.67
14921.47 18084.19
14921.45 18082.98
14921.45 18082.95
14921.45 18082.95
14921.45 18082.95
14921.45 18082.95
14921.45 18082.95
14921.43 18081.02
14921.38 18077.65
14922.80 18061.86
14922.73 18056.89
14922.64 18050.43
14922.53 18042.51
14922.39 18033.13
14921.94 18022.30
14921.37 18009.92
14917.54 17998.36
14916.95 17985.74
14916.40 17973.71
14915.86 17962.07
14915.32 17950.28
14918.77 17935.27
14918.16 17927.01
14918.01 17922.03
14918.04 17920.34
14918.05 17919.93
14918.05 17919.81
14918.05 17919.80
14918.05 17919.80
14917.97 17909.28
14917.82 17905.86
14917.59 17900.74
14917.28 17894.08
14916.85 17885.69
14916.34 17875.98
14915.75 17864.68
14915.10 17852.27
14914.51 17840.98
14913.92 17829.57
14912.47 17807.92
14911.27 17795.22
14910.11 17783.03
14908.90 17770.21
14907.69 17757.41
14906.57 17744.44
14905.53 17732.38
14904.44 17719.92
14900.10 17708.00
14899.06 17695.59
14898.47 17683.29
14897.70 17670.23
14896.91 17657.83
14896.11 17645.38
14895.29 17632.59
14894.75 17619.74
14894.38 17607.56
14894.00 17595.15
14893.62 17582.56
14893.24 17570.08
14892.86 17556.87
14892.55 17544.59
14891.97 17525.26
14891.67 17515.81
14891.36 17506.12
14890.99 17496.61
14890.56 17486.89
14890.15 17477.65
14889.69 17467.65
14889.23 17457.80
14887.10 17426.40
14886.29 17416.72
14885.45 17406.58
14884.58 17396.14
14883.70 17385.59
14882.86 17375.48
14882.04 17365.63
14884.56 17356.15
14883.75 17346.48
14880.54 17320.27
14879.22 17308.14
14878.31 17296.19
14877.40 17284.12
14876.52 17271.50
14875.73 17259.68
14874.94 17247.77
14874.12 17235.55
14873.30 17223.29
14872.48 17210.92
14871.69 17199.08
14870.90 17187.20
14870.06 17174.56
14869.36 17164.01
14868.88 17156.80
14868.53 17151.73
14867.14 17136.77
14867.05 17134.90
14866.52 17124.03
14865.89 17114.01
14865.10 17101.65
14864.25 17088.28
14863.39 17074.77
14862.54 17061.31
14858.39 17048.21
14857.54 17034.83
14856.69 17021.43
14855.30 17008.70
14853.68 16996.13
14852.06 16983.52
14850.44 16970.84
14848.72 16957.48
14847.03 16944.34
14845.31 16930.88
14843.60 16917.59
14839.63 16905.34
14837.37 16893.23
14835.41 16880.60
14833.35 16867.29
14831.35 16854.31
14829.34 16841.08
14827.42 16828.40
14825.45 16815.43
14823.52 16802.75
14821.36 16789.68
14818.46 16770.95
14816.68 16758.83
14814.88 16746.56
14813.16 16734.86
14811.47 16723.35
14809.63 16710.80
14807.87 16698.79
14805.91 16686.73
14803.69 16674.21
14801.49 16661.83
14799.37 16649.85
14797.23 16637.75
14795.17 16626.14
14790.99 16602.52
14789.02 16591.38
14787.67 16580.63
14786.39 16569.64
14785.00 16558.56
14783.70 16547.19
14780.79 16525.25
14778.85 16513.12
14776.99 16501.50
14775.21 16490.30
14773.35 16478.67
14771.46 16466.85
14769.63 16455.39
14767.72 16443.46
14765.79 16431.36
14763.97 16419.98
14762.14 16408.88
14760.34 16397.93
14758.48 16386.68
14756.52 16374.81
14754.63 16363.36
14752.72 16351.76
14750.86 16340.59
14749.02 16329.44
14747.10 16317.90
14745.20 16306.46
14743.17 16294.19
14741.26 16282.56
14739.00 16237.03
14739.76 16225.40
14740.80 16214.51
14743.05 16203.43
14745.28 16192.43
14748.03 16181.49
14751.50 16172.14
14754.64 16163.79
14756.53 16158.90
14762.71 16142.96
14767.09 16134.76
14773.04 16125.33
14779.64 16114.85
14785.79 16105.39
14792.11 16096.00
14798.72 16086.17
14805.17 16076.58
14811.76 16066.86
14818.13 16057.56
14825.06 16047.39
14834.37 16027.04
14835.51 16020.93
14835.87 16017.20
14835.69 16015.84
14835.66 16015.65
14835.66 16015.63
14835.66 16015.63
14835.66 16015.63
14835.66 16015.63
14835.66 16015.63
14835.66 16015.63
14832.28 16009.01
14830.56 16007.94
14827.87 16006.26
14818.15 16000.19
14814.26 15997.77
14797.79 15988.01
14785.51 15981.28
14771.21 15973.45
14755.24 15964.71
14739.44 15956.06
14727.17 15945.31
14707.52 15934.20
14693.70 15926.38
14681.24 15915.55
14658.99 15904.10
14643.29 15896.32
14628.44 15888.15
14613.03 15879.68
14597.96 15871.39
14582.70 15862.99
14567.45 15854.60
14551.76 15845.88
14536.32 15836.83
14521.78 15828.31
14507.00 15819.64
14494.03 15811.68
14473.10 15798.01
14465.62 15793.01
14458.40 15788.09
14450.92 15782.68
14435.92 15771.27
14426.00 15763.28
14415.68 15754.96
14405.93 15747.11
14395.71 15738.87
14385.72 15730.82
14375.74 15722.70
14365.89 15714.59
14357.70 15707.85
14349.94 15701.47
14341.96 15694.90
14333.60 15688.00
14325.26 15680.34
14316.63 15671.84
14303.35 15658.77
14295.22 15650.80
14287.88 15643.59
14280.72 15636.56
14274.77 15630.72
14270.82 15626.84
14268.09 15624.16
14266.61 15622.70
14265.38 15621.49
14264.47 15620.61
14262.74 15618.90
14260.05 15616.27
14256.00 15612.29
14250.93 15607.38
14244.57 15601.36
14230.70 15588.08
14222.50 15579.69
14214.92 15571.94
14207.41 15564.28
14199.80 15556.49
14192.06 15548.58
14184.22 15540.57
14177.88 15534.10
14169.99 15526.03
14162.46 15518.34
14155.48 15509.82
14146.50 15495.88
14140.78 15480.95
14139.95 15478.88
14128.30 15453.85
14125.74 15445.30
14123.17 15436.72
14120.57 15428.04
14117.99 15418.88
14115.64 15410.31
14109.18 15387.78
14106.97 15380.46
14104.69 15372.89
14100.44 15357.85
14098.21 15348.01
14095.89 15337.79
14093.67 15328.16
14091.89 15321.39
14091.13 15317.98
14091.03 15317.47
14090.97 15317.17
14090.96 15317.15
14090.96 15317.15
14090.96 15317.15
14087.66 15301.71
14086.94 15298.70
14086.16 15294.55
14085.24 15289.28
14084.11 15282.73
14082.73 15274.77
14081.17 15265.75
14079.26 15255.27
14076.93 15244.87
14074.46 15234.18
14072.43 15225.40
14071.20 15220.12
14070.81 15218.43
14070.69 15217.95
14070.64 15217.71
14070.61 15217.59
14068.36 15207.48
14067.57 15203.66
14066.40 15198.03
14064.90 15190.81
14063.13 15181.85
14061.06 15171.28
14058.70 15159.25
14059.60 15146.62
14057.41 15135.44
14055.22 15124.27
14052.89 15112.42
14049.81 15095.83
14047.97 15084.89
14046.12 15073.91
14044.11 15063.00
14041.53 15052.14
14037.56 15033.01
14035.54 15022.76
14033.57 15012.50
14028.59 14994.42
14025.28 14983.60
14021.27 14972.91
14016.56 14961.96
14011.37 14951.05
14006.40 14940.82
14001.03 14930.47
13996.95 14923.97
13994.78 14920.54
13994.04 14919.41
13993.96 14919.30
13997.91 14916.60
13999.80 14919.42
14002.49 14923.44
14006.22 14928.99
14010.59 14935.52
14015.01 14944.20
14018.84 14953.39
14026.46 14972.64
14029.54 14982.76
14032.42 14992.22
14034.21 14998.90
14035.23 15002.78
14035.32 15003.12
14038.51 15002.30
14038.51 15002.31
14038.51 15002.31
14038.51 15002.31
14038.51 15002.31
14040.57 15009.76
14041.23 15012.02
14042.22 15015.43
14046.11 15023.69
14048.06 15031.85
14050.50 15042.07
14053.16 15053.16
14055.62 15064.12
14058.15 15075.64
14060.63 15086.95
14063.15 15098.46
