24222.65 18006.70
24223.94 18005.86
24226.92 18003.93
24231.10 18001.21
24235.46 17998.38
24240.08 17995.37
24244.55 17992.47
24249.31 17989.38
24254.29 17986.14
24258.22 17983.58
24258.59 17987.27
24254.24 17990.11
24249.11 17993.44
24244.65 17996.34
24240.15 17999.26
24235.36 18002.37
24230.46 18005.56
24225.93 18008.51
24222.22 18010.92
24209.83 18019.35
24205.07 18022.68
24200.86 18025.63
24196.09 18028.97
24191.60 18032.12
24186.69 18035.56
24183.47 18037.81
24170.46 18034.89
24166.12 18028.79
24160.77 18021.28
24154.53 18012.50
24148.87 18004.54
24143.10 17996.44
24135.43 17978.35
24132.28 17968.12
24128.51 17958.17
24124.41 17947.60
24120.25 17936.86
24116.37 17926.84
24112.26 17916.23
24108.09 17905.50
24103.95 17894.82
24100.06 17884.77
24094.99 17869.20
24092.65 17859.72
24090.34 17849.59
24088.03 17838.84
24080.56 17819.53
24076.90 17811.44
24073.10 17803.05
24068.72 17795.82
24063.88 17788.39
24058.86 17780.68
24053.60 17773.62
24047.57 17766.67
24041.62 17759.79
24036.13 17753.46
24008.78 17721.26
24003.44 17714.48
23998.98 17706.86
23994.85 17699.47
23991.85 17693.72
23988.94 17688.05
23986.18 17682.67
23983.16 17676.80
23980.17 17670.97
23977.45 17665.67
23974.54 17659.56
23971.87 17653.83
23968.70 17648.89
23965.00 17643.32
23955.44 17631.15
23951.78 17627.35
23947.32 17623.32
23942.81 17619.38
23938.39 17615.52
23934.40 17612.03
23929.63 17607.85
23925.46 17604.20
23921.07 17600.37
23917.08 17596.88
23912.43 17592.81
23907.81 17588.77
23903.17 17584.71
23898.99 17581.06
23894.56 17577.18
23890.16 17573.34
23885.21 17570.12
23866.06 17563.46
23859.40 17563.22
23852.29 17563.97
23845.05 17564.73
23838.50 17565.42
23831.36 17566.17
23824.69 17566.87
23818.38 17567.53
23811.57 17568.25
23805.48 17568.89
23798.80 17569.60
23791.96 17570.32
23785.88 17570.95
23779.48 17571.63
23772.85 17572.32
23765.77 17572.20
23759.32 17571.72
23752.52 17570.36
23745.87 17568.20
23739.85 17565.64
23733.79 17562.34
23727.37 17558.85
23721.88 17555.86
23716.52 17552.95
23710.10 17549.45
23704.43 17546.37
23698.13 17543.29
23691.94 17540.30
23685.96 17537.42
23679.65 17534.39
23673.40 17531.37
23667.92 17528.74
23662.01 17525.89
23646.92 17519.21
23640.73 17516.89
23634.97 17514.74
23629.40 17512.66
23623.28 17510.37
23617.66 17508.27
23612.39 17506.30
23606.32 17504.03
23600.48 17501.85
23594.76 17499.71
23589.03 17497.56
23583.13 17495.36
23577.23 17493.16
23571.97 17491.56
23555.79 17486.49
23549.83 17484.57
23543.65 17482.57
23537.75 17480.67
23531.25 17478.55
23525.38 17476.57
23519.52 17474.58
23513.94 17472.69
23507.84 17470.63
23502.04 17468.67
23496.31 17466.72
23490.42 17464.73
23483.82 17463.02
23477.15 17461.33
23471.42 17459.87
23465.23 17458.30
23458.63 17456.62
23451.99 17454.94
23446.18 17453.46
23428.67 17450.12
23422.52 17449.12
23416.96 17448.22
23411.53 17447.33
23405.47 17446.07
23399.51 17444.26
23393.77 17442.53
23388.73 17440.73
23383.30 17438.50
23377.36 17436.04
23374.62 17434.92
23358.51 17424.98
23354.47 17422.27
23349.88 17419.19
23345.64 17416.35
23341.30 17413.45
23337.26 17410.74
23333.28 17408.07
23328.71 17405.01
23324.25 17402.02
23320.09 17399.24
23307.90 17391.04
23302.63 17387.49
23297.98 17384.35
23292.79 17380.85
23287.57 17377.33
23282.45 17373.88
23277.07 17370.25
23272.47 17367.15
23267.17 17363.57
23262.04 17360.11
23257.11 17356.79
23252.23 17353.50
23247.13 17350.05
23242.03 17346.62
23237.40 17343.50
23234.50 17341.55
23221.75 17333.15
23216.13 17329.55
23210.68 17326.06
23204.71 17322.24
23198.82 17318.46
23193.15 17314.82
23187.25 17311.04
23181.81 17307.24
23177.10 17302.81
23172.33 17298.33
23167.71 17293.98
23163.22 17289.75
23158.48 17285.32
23153.89 17281.13
23149.30 17276.94
23144.12 17272.21
23139.36 17267.85
23134.59 17263.50
23129.36 17258.72
23124.81 17254.56
23119.62 17249.92
23114.68 17246.02
23109.63 17242.04
23104.09 17237.67
23098.69 17233.41
23093.13 17229.03
23087.97 17224.95
23082.74 17220.82
23077.49 17216.68
23072.22 17212.52
23067.29 17208.23
23063.15 17203.14
23059.12 17198.18
23054.92 17193.01
23050.55 17187.65
23045.93 17181.96
23041.91 17177.02
23037.97 17172.17
23034.10 17167.40
23029.66 17161.94
23025.55 17156.89
23021.68 17152.14
23017.75 17147.30
23013.66 17142.27
23009.74 17137.44
23005.19 17131.91
23000.50 17126.56
22995.83 17121.24
22991.28 17116.06
22988.09 17112.42
22977.81 17099.98
22974.12 17095.40
22970.58 17091.01
22967.22 17086.83
22963.66 17082.42
22959.96 17077.83
22955.37 17074.50
22950.44 17073.45
22945.01 17072.28
22939.99 17071.21
22934.61 17070.06
22929.01 17068.86
22925.17 17068.04
22908.86 17068.30
22900.70 17070.41
22890.91 17072.64
22878.84 17075.38
22867.64 17077.93
22856.29 17080.50
22844.90 17083.09
22833.18 17084.70
22821.73 17085.52
22809.78 17086.37
22798.21 17087.19
22786.04 17088.06
22774.45 17088.89
22763.10 17087.79
22751.83 17085.80
22740.48 17083.79
22729.08 17081.77
22716.95 17079.62
22705.01 17077.50
22693.57 17075.38
22681.63 17072.71
22670.67 17070.25
22659.38 17067.72
22648.53 17065.28
22636.62 17063.71
22624.72 17065.18
22612.90 17066.65
22601.66 17068.04
22589.63 17069.53
22577.76 17071.00
22566.41 17072.40
22554.34 17073.90
22543.04 17075.30
22530.96 17076.79
22519.05 17078.26
22506.94 17079.76
22495.34 17081.20
22483.04 17082.72
22471.27 17084.18
22460.12 17085.56
22448.41 17087.01
22436.11 17088.53
22423.87 17090.05
22412.02 17091.51
22399.86 17093.02
22388.22 17094.46
22376.76 17095.88
22364.56 17097.39
22353.02 17098.82
22340.91 17100.32
22328.91 17101.80
22317.47 17103.22
22305.99 17104.64
22294.70 17106.04
22285.50 17107.17
22280.29 17107.82
22278.48 17108.04
22277.55 17108.13
22277.35 17108.15
22277.27 17108.16
22277.22 17108.16
22277.21 17108.16
22277.21 17108.16
22277.21 17108.16
22277.21 17108.16
22276.08 17108.26
22273.00 17108.54
22258.20 17110.79
22251.46 17112.29
22243.53 17114.06
22233.36 17116.32
22222.21 17118.80
22211.07 17121.28
22200.44 17123.61
22190.29 17125.84
22180.08 17128.08
22169.82 17130.33
22158.66 17132.78
22147.89 17135.14
22128.71 17139.34
22120.05 17141.24
22111.47 17143.12
22103.37 17145.78
22085.74 17156.25
22077.58 17161.85
22069.29 17167.55
22048.74 17173.53
22039.01 17174.46
22028.15 17174.83
22017.91 17175.18
22007.45 17175.55
21997.53 17175.89
21987.38 17176.24
21976.48 17176.62
21957.05 17177.33
21945.58 17177.82
21934.52 17178.30
21923.46 17178.77
21912.56 17179.23
21901.06 17179.73
21890.34 17180.18
21878.75 17180.68
21867.55 17181.16
21856.53 17181.64
21845.80 17182.09
21834.82 17182.52
21823.61 17182.96
21812.93 17183.38
21797.67 17182.85
21790.17 17182.17
21786.17 17181.45
21776.96 17182.85
21765.17 17182.81
21761.66 17179.40
21763.82 17165.02
21771.14 17162.30
21782.40 17157.63
21789.20 17148.12
21795.20 17139.31
21801.82 17129.57
21808.03 17120.44
21813.99 17111.68
21820.07 17102.83
21826.65 17093.23
21833.11 17083.81
21839.31 17074.78
21845.36 17065.97
21844.90 17053.48
21836.46 17048.14
21827.25 17042.31
21818.46 17036.71
21810.09 17031.01
21801.22 17026.25
21790.94 17022.58
21772.42 17023.35
21762.17 17025.09
21751.09 17026.98
21740.37 17028.80
21729.47 17030.65
21718.68 17032.49
21708.12 17034.28
21697.36 17035.57
21680.29 17028.68
21673.12 17023.25
21665.99 17017.86
21658.54 17012.23
21644.62 17001.49
21638.24 16996.49
21632.86 16992.28
21629.82 16989.90
21612.38 16975.08
21606.77 16969.76
21600.76 16964.05
21594.66 16958.25
21581.61 16945.44
21576.15 16939.67
21564.11 16927.31
21559.87 16923.12
21548.33 16911.51
21542.54 16905.57
21537.12 16900.01
21531.73 16894.48
21508.51 16870.60
21504.34 16866.53
21500.08 16862.37
21495.90 16858.29
21482.46 16845.46
21476.06 16839.41
21470.47 16834.13
21466.67 16830.54
21451.70 16818.19
21445.81 16814.39
21432.75 16806.49
21422.99 16801.07
21413.40 16795.79
21403.66 16790.42
21394.09 16785.15
21383.51 16783.14
21372.08 16784.97
21361.48 16786.66
21339.51 16790.50
21328.63 16792.14
21317.98 16793.72
21306.63 16795.37
21295.24 16797.02
21285.37 16800.21
21277.81 16807.56
21270.30 16815.41
21262.51 16823.55
21254.65 16831.75
21246.54 16840.23
21238.44 16848.69
21230.59 16856.89
21222.87 16864.96
21215.48 16872.68
21207.90 16880.60
21202.67 16886.07
21199.90 16888.96
21198.30 16897.81
21196.97 16903.09
21191.71 16907.30
21179.08 16899.93
21179.53 16894.36
21174.30 16879.74
21168.89 16870.35
21163.46 16860.92
21157.74 16850.97
21152.45 16841.75
21147.09 16832.45
21141.31 16822.43
21136.05 16813.29
21132.71 16807.50
21127.83 16798.25
21114.64 16793.23
21102.42 16793.94
21090.47 16794.64
21078.46 16795.35
21067.18 16796.01
21055.96 16796.66
21044.62 16797.33
21032.49 16797.92
21020.86 16798.42
21009.34 16799.03
20997.38 16799.66
20986.15 16800.26
20975.06 16800.84
20962.77 16801.49
20951.16 16802.10
20940.17 16801.95
20929.54 16801.80
20918.58 16801.65
20908.34 16801.16
20900.12 16794.64
20896.82 16787.72
20896.35 16784.10
20912.59 16772.95
20920.17 16771.85
20929.98 16770.42
20941.21 16767.30
20952.27 16763.77
20961.19 16757.24
20970.68 16750.30
20978.74 16741.71
20985.70 16732.85
20990.67 16722.41
20994.56 16711.78
20997.28 16700.93
20998.46 16689.63
20996.18 16678.48
20993.86 16667.74
20991.51 16656.85
20989.10 16645.70
20986.73 16634.70
20984.29 16623.42
20981.86 16612.16
20979.45 16600.97
20977.14 16590.28
20974.82 16579.53
20972.30 16567.85
20969.84 16556.48
20967.44 16545.38
20965.08 16534.44
20962.76 16523.68
20958.12 16502.95
20955.34 16491.36
20952.61 16479.66
20950.14 16468.54
20947.74 16457.70
20947.73 16445.87
20947.80 16434.24
20949.78 16422.21
20951.95 16410.29
20957.33 16399.72
20963.02 16389.06
20969.84 16380.27
20977.56 16370.74
20987.43 16363.46
20997.02 16356.66
21006.34 16350.05
21016.15 16343.09
21025.87 16336.20
21035.20 16329.57
21044.77 16322.78
21053.09 16314.41
21058.90 16304.84
21064.22 16293.64
21069.71 16281.02
21071.82 16265.73
21072.62 16249.29
21072.94 16231.93
21073.26 16214.90
21073.57 16198.28
21073.89 16181.14
21074.20 16164.33
21074.51 16147.55
21074.82 16130.72
21075.14 16113.67
21075.45 16097.13
21075.75 16080.65
21076.06 16064.32
21076.37 16047.60
21076.69 16030.33
21077.00 16013.46
21077.31 15996.98
21077.61 15980.73
21077.93 15963.68
21078.23 15947.23
21077.83 15930.04
21076.69 15913.38
21075.52 15896.38
21074.39 15879.99
21073.23 15863.22
21072.12 15847.03
21071.01 15830.84
21069.83 15813.69
21068.64 15796.42
21067.48 15779.61
21066.34 15762.99
21065.19 15746.25
21064.02 15729.21
21062.86 15712.44
21061.72 15695.80
21060.60 15679.56
21059.46 15663.03
21058.28 15645.83
21057.08 15628.42
21055.88 15610.96
21054.71 15593.93
21053.62 15576.65
21052.85 15561.13
21052.08 15545.59
21051.42 15532.30
21050.91 15522.11
21050.62 15516.12
21043.56 15506.92
21038.09 15500.38
21037.59 15490.04
21042.88 15481.85
21053.48 15477.69
21064.92 15482.42
21080.01 15484.81
21092.32 15484.40
21104.89 15483.36
21117.32 15481.80
21135.66 15475.72
21147.66 15468.90
21157.81 15459.42
21164.99 15447.42
21170.32 15434.80
21175.56 15422.10
21180.93 15408.83
21183.06 15390.85
21183.20 15377.32
21178.61 15364.95
21172.21 15352.98
21160.15 15345.36
21147.78 15339.00
21134.26 15338.03
21119.99 15338.77
21106.02 15341.14
21092.43 15344.66
21079.34 15348.06
21065.27 15351.71
21051.82 15355.35
21038.47 15359.02
21025.36 15362.62
21011.59 15366.19
20997.43 15369.81
20983.25 15373.43
20969.43 15376.96
20955.31 15380.57
20941.64 15384.07
20927.54 15387.67
20913.67 15391.21
20899.94 15394.72
20886.73 15398.10
20872.54 15401.67
20859.09 15404.87
20841.43 15405.16
20825.78 15409.16
20808.05 15413.70
20789.10 15418.54
20770.35 15423.34
20751.59 15428.14
20732.99 15432.93
20714.83 15437.81
20695.98 15442.87
20678.11 15444.27
20659.45 15449.30
20641.56 15454.13
20622.67 15459.23
20604.82 15464.04
20586.21 15469.06
20567.75 15474.17
20549.62 15479.22
20530.81 15484.43
20512.31 15489.41
20493.88 15494.31
20476.00 15499.04
20457.40 15503.97
20439.17 15508.80
20420.57 15513.68
20402.45 15518.16
20384.24 15522.66
20366.18 15527.12
20348.33 15531.54
20329.42 15536.19
20311.40 15540.58
20293.88 15544.85
20275.58 15549.30
20236.47 15555.29
20218.91 15557.43
20200.44 15559.84
20182.86 15562.40
20165.59 15564.58
20148.74 15566.61
20130.96 15567.81
20112.75 15568.98
20095.63 15566.32
20077.22 15566.99
20058.58 15567.41
20040.20 15567.81
20021.58 15567.62
20003.44 15567.38
19984.48 15566.72
19966.18 15565.74
19948.13 15564.53
19929.27 15562.99
19911.48 15561.36
19892.92 15559.00
19874.67 15556.41
19856.89 15553.89
19838.14 15551.24
19820.39 15547.98
19802.44 15544.61
19784.31 15541.03
19765.80 15537.05
19748.09 15533.25
19730.47 15529.46
19694.45 15520.46
19675.31 15516.83
19655.94 15513.16
19636.73 15509.49
19618.06 15505.88
19599.53 15502.29
19580.00 15498.52
19561.33 15494.91
19543.01 15491.37
19524.08 15487.71
19505.11 15483.89
19486.06 15479.60
19467.08 15475.33
19447.98 15471.03
19429.16 15466.79
19409.86 15462.44
19391.61 15458.34
19372.33 15453.99
19353.26 15449.70
19331.82 15446.50
19313.81 15442.36
19295.69 15438.19
19276.71 15433.82
19258.65 15429.67
19240.07 15425.39
19221.46 15421.11
19202.27 15416.86
19183.70 15412.82
19165.33 15408.82
19147.27 15404.90
19128.82 15400.88
19110.57 15396.91
19092.40 15393.32
19071.15 15388.17
19053.02 15383.40
19033.92 15378.34
19015.70 15373.27
18997.75 15368.26
18979.90 15362.74
18961.60 15356.96
18943.24 15350.83
18925.35 15344.85
18907.25 15338.39
18889.71 15331.99
18873.87 15326.21
18863.98 15322.33
18848.46 15314.39
18837.82 15310.11
18827.10 15305.79
18816.72 15301.62
18806.64 15297.56
18795.99 15293.27
18785.29 15288.96
18774.90 15284.77
18764.61 15280.63
18754.25 15276.46
18743.82 15272.26
18733.19 15267.98
18722.54 15263.69
18711.90 15259.40
18701.12 15255.06
18690.14 15250.64
18679.08 15246.18
18668.49 15241.92
18658.09 15237.74
18639.27 15231.95
18629.52 15228.03
18619.15 15223.87
18608.66 15219.65
18597.89 15215.33
18587.88 15211.31
18577.45 15207.12
18566.96 15202.90
18556.28 15198.72
18545.79 15194.89
18534.96 15190.94
18524.95 15187.28
18515.02 15183.66
18504.36 15179.76
18493.89 15175.94
18475.04 15167.42
18464.46 15163.67
18453.37 15159.75
18442.38 15155.86
18431.95 15152.17
18421.28 15148.40
18410.54 15144.82
18399.36 15141.08
18387.73 15137.20
18377.22 15133.69
18366.17 15130.00
18355.20 15126.34
18344.53 15122.73
18333.98 15119.08
18322.38 15115.04
18311.51 15111.23
18297.27 15108.18
18285.90 15104.41
18275.20 15100.87
18263.96 15097.13
18252.77 15093.38
18240.99 15089.42
18229.56 15086.23
18217.45 15083.24
18205.59 15080.21
18193.99 15077.47
18182.36 15075.78
18170.19 15074.11
18158.83 15072.54
18146.63 15070.86
18134.28 15069.16
18123.13 15067.63
18111.94 15066.09
18099.76 15064.41
18087.87 15062.78
18075.69 15061.10
18063.61 15059.44
18051.54 15057.78
18039.65 15056.14
18028.06 15054.55
18015.81 15052.86
18004.35 15051.28
17992.35 15049.63
17980.92 15048.06
17968.54 15046.36
17956.92 15044.76
17944.76 15043.08
17932.77 15041.43
17920.66 15039.77
17909.07 15038.17
17896.82 15036.49
17884.64 15034.81
17873.36 15033.26
17862.02 15031.98
17850.16 15031.00
17833.84 15028.68
17818.60 15028.43
17801.39 15028.14
17783.42 15028.39
17765.66 15029.61
17747.28 15030.87
17729.44 15032.57
17711.92 15034.49
17693.68 15036.73
17661.01 15038.74
17642.15 15037.46
17624.11 15039.34
17605.78 15037.63
17587.72 15035.17
17569.57 15032.06
17551.64 15028.25
17533.24 15024.27
17514.91 15020.10
17497.15 15015.91
17478.47 15011.46
17460.65 15006.52
17442.25 15002.21
17424.05 14997.93
17405.80 14993.91
17387.62 14991.08
17369.48 14988.26
17351.40 14986.22
17332.65 14987.54
17313.62 14985.58
17294.72 14984.37
17275.77 14983.15
17257.53 14981.98
17239.07 14980.79
17207.17 14977.06
17187.84 14975.44
17168.75 14970.53
17149.60 14968.96
17130.27 14967.41
17111.62 14965.92
17048.97 14962.43
17031.24 14960.98
17013.52 14959.54
16995.14 14958.04
16976.92 14956.56
16959.19 14955.11
16941.11 14953.64
16923.12 14952.10
16905.47 14950.58
16887.95 14951.93
16869.82 14949.48
16852.63 14947.16
16835.44 14944.83
16817.36 14942.39
16800.26 14939.01
16783.14 14935.61
16765.69 14932.14
16747.93 14927.66
16731.16 14922.95
16714.23 14917.64
16697.05 14911.76
16680.31 14906.03
16662.90 14900.08
16645.84 14894.32
16628.70 14888.53
16611.40 14882.69
16594.33 14876.92
16577.39 14871.20
16560.71 14866.01
16543.12 14860.77
16525.73 14855.51
16508.50 14850.13
16491.34 14844.93
16476.00 14838.23
16459.17 14834.61
16429.59 14829.09
16412.42 14827.33
16394.23 14825.46
16376.01 14825.36
16357.35 14825.53
16340.16 14828.67
16325.07 14830.11
16310.82 14831.47
16296.20 14833.46
16281.30 14836.57
16267.17 14839.62
16253.06 14843.37
16205.90 14859.59
16189.65 14867.44
16172.94 14875.50
16157.11 14884.38
16140.97 14894.55
16124.14 14905.94
16108.86 14917.38
16093.87 14929.96
16079.72 14942.35
16065.77 14954.91
16051.94 14968.05
16038.58 14982.22
16027.81 14997.82
16019.02 15009.58
16010.77 15021.92
16002.91 15033.67
15994.71 15045.94
15972.86 15082.13
15963.12 15099.31
15953.74 15115.84
15944.15 15132.75
15934.89 15149.08
15925.29 15165.28
15915.37 15182.01
15905.60 15198.49
15895.70 15215.11
15885.81 15231.38
15875.09 15250.60
15863.82 15266.09
15852.19 15282.06
15840.28 15297.38
15827.92 15312.46
15815.77 15327.23
15803.77 15341.63
15791.29 15356.61
15778.03 15370.28
15764.34 15383.99
15751.23 15398.06
15737.64 15412.65
15724.66 15426.58
15711.85 15440.33
15698.59 15454.28
15685.39 15468.13
15672.01 15482.17
15658.36 15496.49
15645.04 15510.45
15631.92 15524.21
15618.61 15538.17
15605.28 15552.16
15591.69 15566.46
15578.35 15580.50
15564.88 15594.67
15551.59 15608.48
15538.07 15622.52
15524.74 15636.80
15511.97 15650.65
15498.95 15664.77
15486.06 15678.74
15473.18 15692.71
15460.12 15706.87
15446.79 15721.32
15433.25 15735.61
15419.81 15749.78
15406.07 15764.28
15393.04 15778.03
15379.99 15791.80
15366.90 15805.62
15353.73 15819.51
15340.01 15833.99
15326.37 15848.24
15312.56 15862.50
15298.83 15876.68
15284.98 15891.00
15271.61 15905.30
15259.17 15923.37
15246.79 15936.61
15233.67 15950.64
15220.81 15964.38
15210.10 15975.84
15200.79 15985.72
15193.03 15993.83
15184.71 16002.54
15177.10 16010.50
15168.92 16019.06
15161.16 16027.16
15153.31 16035.38
15145.54 16043.51
15137.92 16051.47
15131.35 16061.34
15127.18 16072.23
15125.22 16083.89
15125.51 16095.59
15127.43 16107.04
15131.26 16118.46
15136.94 16128.93
15144.10 16138.53
15151.60 16146.96
15159.51 16154.65
15169.50 16160.84
15180.68 16165.50
15191.39 16167.96
15204.22 16167.36
15213.47 16166.67
15222.61 16164.71
15231.96 16161.08
15241.07 16157.06
15258.17 16145.51
15263.03 16141.93
15269.60 16130.81
15272.34 16122.29
15273.20 16114.32
15272.62 16109.41
15272.39 16107.86
15272.38 16107.80
15272.37 16107.77
15272.37 16107.76
15272.37 16107.76
15272.37 16107.76
15268.99 16099.30
15266.34 16097.03
15262.33 16093.61
15256.89 16088.96
15249.75 16082.86
15242.05 16076.28
15234.19 16069.57
15226.37 16062.88
15218.67 16056.31
15213.36 16051.66
15211.09 16049.56
15210.77 16049.26
15210.60 16049.10
15210.60 16049.10
15210.60 16049.10
15210.60 16049.10
15210.60 16049.10
15210.60 16049.10
15193.62 16034.13
15191.21 16031.91
15187.75 16028.73
15182.75 16023.99
15176.58 16018.09
15168.77 16010.62
15160.51 16002.71
15152.65 15995.19
15144.58 15987.47
15136.37 15979.58
15128.60 15972.11
15120.55 15964.36
15113.04 15957.13
15104.93 15949.40
15097.05 15941.92
15089.22 15934.50
15081.17 15926.94
15073.56 15919.99
15065.38 15912.32
15057.42 15904.44
15049.54 15896.63
15041.86 15889.03
15033.84 15881.09
15026.46 15873.79
15019.03 15866.43
15011.10 15858.57
15003.07 15850.62
14997.89 15845.47
14995.57 15843.08
14995.21 15842.71
14995.11 15842.61
14995.07 15842.57
14995.06 15842.55
14995.05 15842.54
14995.05 15842.54
14995.05 15842.54
14994.04 15841.50
14991.51 15838.90
14973.94 15819.59
14968.92 15813.84
14962.91 15806.95
14955.46 15798.41
14948.42 15790.34
14941.14 15782.00
14933.93 15773.72
14926.98 15765.64
14919.71 15757.13
14912.71 15748.95
14905.41 15740.42
14897.92 15731.66
14891.09 15723.68
14881.27 15711.66
14877.01 15706.32
14872.77 15701.00
14861.71 15687.61
14855.61 15679.53
14849.06 15670.45
14842.22 15661.67
14835.48 15653.30
14828.76 15644.95
14821.77 15636.27
14811.76 15623.32
14805.32 15614.68
14799.19 15606.46
14793.00 15598.14
14786.71 15589.71
14780.45 15581.31
14773.88 15572.50
14763.13 15557.23
14758.19 15549.71
14753.10 15541.96
14748.12 15534.36
14744.95 15529.53
14741.97 15524.98
14737.95 15518.84
14732.89 15511.16
14726.73 15502.29
14720.44 15493.24
14714.18 15484.22
14708.13 15475.49
14701.60 15465.91
14695.72 15457.04
14689.88 15448.22
14684.51 15440.12
14680.04 15433.37
14668.83 15423.77
14666.29 15423.67
14663.93 15424.07
14662.69 15424.28
14645.00 15434.09
14642.46 15435.31
14639.26 15436.85
14635.27 15438.76
14627.63 15441.11
14618.63 15442.17
14609.25 15443.04
14600.15 15444.03
14580.84 15446.43
14570.20 15447.86
14559.17 15449.35
14548.60 15450.78
14537.57 15452.27
14526.71 15453.85
14515.77 15455.63
14504.86 15457.40
14493.72 15459.21
14483.16 15460.93
14472.45 15462.81
14461.64 15464.77
14450.33 15466.63
14426.92 15469.91
14416.07 15471.32
14404.51 15469.38
14392.72 15470.80
14381.18 15472.18
14370.16 15473.50
14359.14 15474.78
14348.40 15476.03
14336.66 15477.40
14325.87 15478.65
14314.15 15479.83
14303.07 15480.59
14291.60 15481.37
14280.38 15482.14
14269.02 15482.92
14257.10 15483.73
14245.51 15484.53
14233.91 15486.28
14222.15 15487.57
14210.64 15487.77
14199.55 15487.96
14180.25 15487.82
14175.41 15487.71
14170.75 15487.81
14167.05 15487.90
14165.09 15487.94
14164.75 15487.95
14164.70 15487.95
14164.67 15487.95
14164.66 15487.95
14164.65 15487.95
14123.06 15486.65
14122.56 15486.62
14121.74 15486.57
14120.54 15486.49
14112.83 15486.27
14101.67 15486.25
14090.78 15486.50
14079.85 15486.75
14068.68 15486.85
14057.24 15486.90
14045.81 15487.03
14034.24 15486.57
14015.96 15481.21
14010.47 15478.87
14006.63 15477.11
14004.68 15476.21
14003.88 15475.85
14003.78 15475.80
14003.76 15475.79
14003.76 15475.79
14003.76 15475.79
14003.76 15475.79
14003.76 15475.79
14003.76 15475.79
14003.76 15475.79
14003.76 15475.79
14003.76 15475.79
14003.76 15475.79
14003.76 15475.79
14003.76 15475.79
14003.76 15475.79
14003.76 15475.79
14003.76 15475.79
14003.36 15475.61
14002.40 15475.17
14000.79 15474.43
13998.80 15473.29
13982.61 15461.64
13977.81 15457.40
13965.41 15446.82
13956.49 15439.38
13946.98 15433.08
13937.72 15427.59
13928.02 15422.44
13918.07 15417.64
13908.16 15413.07
13899.27 15408.97
13891.89 15405.56
13886.78 15403.21
13881.99 15401.00
13878.05 15399.18
13877.03 15398.71
13875.83 15398.15
13872.25 15400.14
13868.88 15398.59
13857.47 15395.15
13850.37 15391.89
13842.18 15388.13
13832.41 15383.65
13822.59 15379.14
13807.78 15370.52
13798.31 15366.18
13788.77 15361.56
13779.58 15356.93
13770.10 15352.16
13760.72 15347.44
13750.85 15342.47
13741.50 15337.53
13731.91 15332.69
13722.72 15328.22
13700.85 15317.59
13690.94 15312.72
13681.04 15307.85
13670.84 15302.84
13660.61 15297.82
13650.59 15292.90
13640.39 15287.64
13631.22 15282.57
13622.94 15274.58
13613.26 15268.99
13600.01 15265.42
13591.67 15260.85
13586.24 15257.86
13583.67 15256.46
13583.40 15256.31
13583.22 15256.21
13583.12 15256.15
13583.10 15256.14
13583.10 15256.14
13583.10 15256.14
13582.51 15255.82
13580.83 15254.89
13573.68 15248.81
13572.11 15247.92
13562.16 15240.47
13555.39 15236.68
13547.37 15232.28
13537.75 15227.00
13527.97 15221.63
13519.14 15216.65
13509.66 15211.17
13499.87 15205.51
13490.41 15200.03
13481.47 15194.86
13471.87 15189.31
13462.24 15183.73
13452.58 15178.14
13443.56 15172.75
13434.17 15167.10
13425.17 15161.68
13416.05 15156.19
13407.71 15151.17
13402.39 15147.97
13398.88 15145.87
13398.53 15145.67
13398.40 15145.59
13398.37 15145.57
13398.35 15145.56
13398.35 15145.56
13398.35 15145.56
13398.35 15145.56
13398.35 15145.56
13398.35 15145.56
13398.35 15145.56
13398.35 15145.56
13398.35 15145.56
13398.35 15145.56
13398.35 15145.56
13398.35 15145.56
13398.35 15145.56
13398.35 15145.56
13398.35 15145.56
13398.35 15145.56
13398.35 15145.56
13398.35 15145.56
13398.35 15145.56
13398.35 15145.56
13398.35 15145.56
13398.35 15145.56
13398.35 15145.56
13398.35 15145.56
13398.35 15145.56
13398.35 15145.56
13398.35 15145.56
13398.35 15145.56
13398.35 15145.56
13398.35 15145.56
13398.35 15145.56
13398.35 15145.56
13398.35 15145.56
13398.35 15145.56
13398.35 15145.56
13398.35 15145.56
13398.35 15145.56
13398.35 15145.56
13398.35 15145.56
13398.35 15145.56
13398.35 15145.56
13398.35 15145.56
13398.35 15145.56
13398.35 15145.56
13398.35 15145.56
13398.35 15145.56
13398.35 15145.56
13398.35 15145.56
13398.35 15145.56
13398.35 15145.56
13398.35 15145.56
13398.35 15145.56
13398.35 15145.56
13398.35 15145.56
13398.35 15145.56
13398.35 15145.56
13398.35 15145.56
13398.35 15145.56
13398.35 15145.56
13398.35 15145.56
13398.35 15145.56
13398.35 15145.56
13398.35 15145.56
13398.35 15145.56
13398.35 15145.56
13398.35 15145.56
13398.35 15145.56
13398.35 15145.56
13398.35 15145.56
13398.35 15145.56
13398.35 15145.56
13398.35 15145.56
13398.35 15145.56
13398.35 15145.56
13398.35 15145.56
13398.35 15145.56
13398.35 15145.56
13398.35 15145.56
13398.35 15145.56
13398.35 15145.56
13398.35 15145.56
13398.35 15145.56
13398.35 15145.56
13398.35 15145.56
13398.35 15145.56
13398.35 15145.56
13398.35 15145.56
13398.35 15145.56
13398.35 15145.56
13398.35 15145.56
13398.35 15145.56
13398.35 15145.56
13398.35 15145.56
13398.35 15145.56
13398.35 15145.56
13398.35 15145.56
13398.35 15145.56
13398.35 15145.56
13398.35 15145.56
13398.35 15145.56
13397.74 15145.20
13395.96 15144.15
13393.06 15142.44
13389.63 15140.42
13389.15 15140.13
13388.76 15139.90
13388.67 15139.85
13388.65 15139.84
13387.06 15142.72
13385.89 15142.03
13383.13 15140.40
13364.44 15129.07
13358.52 15125.39
13351.19 15120.89
13342.03 15115.27
13333.16 15109.81
13323.68 15103.99
13315.14 15098.74
13306.28 15093.30
13296.90 15087.54
13288.19 15082.19
13279.43 15076.80
13270.74 15071.46
13261.60 15065.85
13252.59 15060.31
13243.12 15054.49
13234.37 15049.12
13225.02 15043.37
13216.03 15037.85
13205.99 15031.81
13195.95 15025.81
13195.90 15025.78
13195.88 15025.76
13195.87 15025.76
13195.87 15025.76
13195.87 15025.76
13195.87 15025.76
13195.87 15025.76
13195.87 15025.76
13195.87 15025.76
13195.87 15025.76
13195.87 15025.76
13195.87 15025.76
13195.87 15025.76
13195.87 15025.76
13195.87 15025.76
13195.87 15025.76
13195.87 15025.76
13195.87 15025.76
13195.87 15025.76
13195.87 15025.76
13187.66 15020.83
13184.31 15018.81
13179.51 15015.92
13173.10 15011.94
13165.08 15006.94
13155.52 15000.90
13145.91 14994.74
13136.81 14988.91
13128.07 14983.30
13114.20 14973.87
13104.81 14967.34
13095.75 14961.04
13086.29 14954.45
13076.75 14947.81
13067.44 14941.34
13058.03 14934.85
13048.62 14928.40
13039.71 14922.30
13030.88 14916.25
13021.97 14910.14
13012.80 14905.07
13001.86 14902.29
12986.73 14912.63
12987.72 14923.19
12988.79 14933.54
12989.92 14944.42
12991.02 14955.03
12992.08 14965.27
12993.13 14975.38
12994.22 14985.95
