13981.90 12870.56
13982.26 12868.26
13982.97 12863.64
13984.03 12856.82
13985.34 12848.36
13986.89 12838.33
13988.57 12827.53
13990.29 12816.41
13991.96 12805.66
13993.65 12794.72
13995.38 12783.54
13990.90 12765.45
13978.81 12765.53
13967.31 12766.77
13955.93 12767.99
13944.76 12769.19
13933.29 12770.44
13922.10 12771.71
13910.80 12772.84
13899.16 12773.97
13887.81 12775.06
13876.32 12776.16
13865.06 12777.35
13853.51 12778.63
13842.05 12779.90
13830.42 12781.19
13818.85 12782.47
13807.15 12783.77
13797.94 12784.79
13792.45 12785.40
13788.30 12785.86
13784.30 12786.31
13780.29 12786.75
13780.04 12786.78
13780.00 12786.79
13779.97 12786.79
13779.97 12786.79
13779.97 12786.79
13779.97 12786.79
13779.97 12786.79
13779.97 12786.79
13779.97 12786.79
13779.97 12786.79
13779.97 12786.79
13779.97 12786.79
13779.97 12786.79
13779.97 12786.79
13779.97 12786.79
13779.97 12786.79
13779.97 12786.79
13779.97 12786.79
13758.86 12793.40
13756.59 12790.71
13753.20 12786.67
13748.37 12780.94
13740.14 12776.27
13733.62 12768.53
13726.30 12759.83
13719.78 12751.32
13713.78 12742.84
13707.56 12734.04
13701.26 12724.56
13696.69 12717.54
13694.27 12713.82
13693.84 12713.16
13693.80 12713.10
13693.79 12713.09
13693.79 12713.08
13693.79 12713.08
13693.79 12713.08
13693.79 12713.08
13693.79 12713.08
13693.79 12713.08
13693.79 12713.08
13688.68 12712.50
13686.51 12715.38
13683.62 12719.21
13679.81 12724.25
13674.62 12731.11
13668.04 12739.82
13661.32 12748.73
13654.49 12757.77
13647.71 12766.46
13639.68 12773.54
13631.10 12781.09
13622.04 12788.26
13612.12 12793.22
13601.65 12798.44
13592.73 12802.89
13587.23 12805.64
13583.73 12807.38
13572.72 12811.97
13565.26 12814.82
13556.45 12818.18
13546.36 12822.04
13535.10 12826.34
13523.55 12830.75
13512.12 12835.12
13501.02 12839.36
13489.36 12843.82
13478.43 12848.00
13467.08 12852.25
13455.27 12856.66
13444.50 12860.69
13433.13 12864.94
13422.37 12868.96
13411.08 12873.18
13400.21 12877.25
13388.99 12882.24
13378.66 12887.24
13368.16 12892.32
13357.15 12897.64
13334.35 12911.48
13325.66 12916.25
13317.19 12920.89
13310.40 12924.61
13306.61 12926.68
13287.76 12930.09
13279.95 12930.31
13270.61 12930.58
13259.80 12930.89
13249.02 12931.20
13238.21 12931.51
13226.73 12931.84
13215.41 12932.17
13203.98 12932.50
13192.20 12932.84
13181.27 12933.15
13170.54 12933.46
13159.64 12933.77
13148.30 12934.10
13140.43 12934.27
13136.36 12934.28
13136.11 12934.28
13136.00 12934.28
13122.58 12922.96
13121.11 12920.10
13118.94 12915.85
13115.79 12909.71
13111.98 12902.28
13107.64 12893.82
13103.09 12884.94
13099.61 12878.16
13097.38 12873.81
13096.29 12871.68
13096.26 12871.63
13096.25 12871.61
13096.25 12871.60
13096.25 12871.60
13096.25 12871.60
13096.25 12871.60
13096.25 12871.60
13096.25 12871.60
13095.46 12870.07
13093.79 12866.82
13085.28 12869.09
13079.30 12874.07
13071.35 12879.98
13062.74 12886.55
13054.90 12894.51
13047.25 12902.27
13039.70 12909.93
13028.21 12921.63
13021.26 12928.73
13014.01 12936.13
13001.99 12949.58
12994.58 12958.16
12987.03 12966.90
12980.23 12975.68
12972.93 12985.26
12953.88 13012.44
12951.87 13015.56
12950.01 13018.43
12945.55 13019.27
12944.00 13021.67
12943.24 13023.03
12924.50 13051.90
12919.79 13057.96
12914.53 13065.06
12907.38 13072.70
12900.54 13079.98
12893.48 13087.24
12886.23 13094.69
12878.77 13102.36
12872.78 13108.72
12869.42 13112.51
12856.06 13127.89
12849.20 13135.56
12842.79 13145.55
12840.17 13156.80
12837.60 13167.86
12834.88 13179.53
12832.25 13190.83
12829.54 13202.48
12826.95 13213.60
12824.33 13224.85
12821.53 13236.89
12818.80 13248.62
12816.10 13260.25
12811.99 13278.16
12809.86 13288.12
12807.68 13298.32
12805.66 13307.77
12804.15 13314.79
12803.41 13318.25
12799.34 13336.18
12797.39 13344.25
12795.02 13354.07
12792.30 13365.35
12789.54 13376.74
12786.87 13387.82
12784.26 13398.64
12781.39 13410.50
12778.79 13421.29
12776.11 13432.39
12773.41 13443.56
12770.56 13455.37
12767.69 13467.24
12764.93 13478.64
12762.07 13490.49
12759.29 13502.04
12756.54 13513.40
12753.65 13525.35
12748.00 13549.15
12745.58 13558.68
12742.98 13568.14
12740.29 13577.93
12737.66 13587.48
12734.90 13597.53
12730.64 13613.68
12727.82 13624.58
12725.21 13635.66
12722.71 13646.39
12720.20 13657.18
12717.71 13667.68
12715.19 13678.32
12712.66 13688.97
12710.47 13698.21
12709.19 13703.63
12708.82 13705.21
12708.73 13705.56
12708.73 13705.57
12708.73 13705.57
12708.73 13705.57
12706.02 13721.51
12705.80 13723.92
12705.45 13727.70
12704.94 13733.25
12704.31 13740.08
12703.51 13748.90
12702.60 13758.75
12701.65 13769.10
12700.02 13786.90
12698.10 13805.08
12696.74 13816.32
12695.48 13826.77
12694.19 13837.42
12692.94 13848.26
12691.77 13859.59
12690.75 13870.68
12689.90 13882.10
12689.55 13891.36
12689.77 13898.16
12689.93 13901.02
12689.93 13901.03
12689.93 13901.03
12689.93 13901.04
12689.93 13901.04
12689.93 13901.04
12689.93 13901.04
12689.93 13901.04
12690.77 13914.83
12690.80 13915.35
12690.89 13916.05
12692.49 13927.02
12693.93 13935.84
12695.91 13947.11
12697.92 13958.39
12700.10 13970.61
12702.25 13982.66
12704.31 13994.21
12706.33 14005.52
12708.53 14017.83
12710.59 14029.35
12712.73 14041.32
12714.89 14053.46
12717.04 14065.48
12719.21 14077.64
12721.39 14089.88
12723.43 14101.12
12725.51 14119.09
12727.32 14129.56
12729.06 14139.64
12730.89 14149.64
12732.93 14159.81
12734.40 14167.15
12735.23 14171.28
12720.79 14180.37
12711.57 14182.36
12704.12 14189.43
12700.42 14200.68
12696.84 14211.57
12693.08 14222.99
12689.28 14234.53
12685.55 14245.88
12681.86 14257.06
12678.10 14268.49
12674.18 14280.41
12670.38 14291.96
12666.55 14303.60
12662.61 14315.55
12658.66 14327.56
12654.80 14339.30
12650.99 14350.86
12647.53 14361.89
12643.78 14373.63
12638.31 14390.52
12636.45 14395.51
12634.90 14399.54
12634.04 14401.88
12617.56 14427.55
12612.18 14433.43
12605.44 14440.80
12597.79 14448.46
12589.91 14455.78
12582.00 14463.14
12576.25 14472.99
12568.61 14480.10
12560.56 14487.58
12552.99 14494.68
12545.03 14502.15
12520.81 14524.12
12513.27 14530.69
12505.59 14537.38
12498.12 14543.87
12490.42 14550.58
12482.88 14557.15
12475.30 14563.75
12459.78 14577.71
12450.88 14585.88
12442.19 14593.86
12433.05 14600.94
12423.65 14608.41
12415.04 14616.00
12406.67 14623.37
12398.38 14630.68
12389.85 14638.19
12381.19 14645.83
12372.03 14653.52
12363.25 14660.65
12354.17 14668.04
12344.95 14675.53
12335.88 14682.99
12327.15 14690.31
12303.37 14704.08
12299.12 14707.41
12286.69 14716.87
12277.62 14723.86
12268.24 14731.07
12257.80 14737.91
12247.95 14743.85
12238.12 14749.78
12222.59 14758.74
12212.30 14764.10
12201.81 14769.56
12191.70 14774.84
12181.37 14780.23
12171.28 14785.49
12161.04 14790.84
12150.81 14796.18
12140.55 14801.53
12130.10 14806.99
12119.21 14812.67
12108.86 14818.11
12098.02 14823.94
12083.95 14831.35
12084.73 14843.08
12080.15 14851.69
12071.69 14857.48
12056.74 14865.87
12046.94 14871.40
12037.11 14876.94
12027.28 14882.49
12017.75 14887.86
12008.72 14892.96
12003.01 14896.17
12000.79 14897.48
12000.25 14897.81
11999.91 14898.03
11999.91 14898.03
11999.91 14898.03
11999.91 14898.03
11998.98 14903.47
12001.29 14906.31
12004.63 14910.40
12009.09 14915.89
12014.76 14922.85
12021.52 14931.16
12029.13 14940.51
12037.87 14951.24
12048.15 14966.48
12059.27 14980.14
12070.44 14993.86
12081.13 15007.00
12091.90 15020.23
12102.66 15033.44
12113.84 15044.70
12118.99 15050.75
12121.66 15053.82
12121.86 15054.05
12121.95 15054.16
12121.97 15054.19
12121.97 15054.19
12121.98 15054.19
12121.98 15054.19
12127.49 15060.68
12130.37 15064.09
12134.25 15068.68
12138.94 15074.42
12145.11 15082.15
12152.55 15091.47
12161.16 15102.27
12170.69 15114.20
12181.57 15127.85
12192.03 15140.96
12202.39 15153.93
12212.90 15167.11
12223.73 15180.69
12234.73 15194.47
12245.38 15207.83
12253.78 15220.99
12261.37 15230.50
12269.00 15240.06
12276.25 15249.15
12306.97 15284.25
12314.88 15294.01
12322.83 15303.83
12330.77 15313.64
12338.49 15323.18
12355.46 15342.63
12361.92 15349.30
12368.06 15355.64
12382.16 15372.63
12389.23 15380.06
12396.37 15387.55
12403.58 15395.11
12411.15 15403.06
12419.15 15413.82
12427.04 15422.01
12434.88 15430.14
12442.51 15438.05
12450.44 15446.28
12458.53 15454.59
12466.66 15462.86
12474.57 15470.90
12482.69 15479.17
12498.48 15498.08
12505.32 15505.27
12511.82 15512.11
12518.93 15518.47
12526.38 15525.06
12544.73 15536.73
12554.24 15543.76
12564.61 15550.21
12575.85 15554.98
12587.20 15558.21
12599.02 15561.38
12610.51 15564.19
12621.63 15566.90
12633.43 15569.73
12644.65 15572.22
12656.13 15574.91
12667.03 15579.47
12678.12 15584.40
12688.58 15590.63
12697.08 15599.28
12704.19 15608.42
12710.70 15618.85
12715.99 15629.68
12719.87 15640.89
12721.80 15652.78
12723.65 15664.10
12724.71 15676.05
12725.56 15687.54
12725.83 15699.15
12725.78 15710.91
12723.96 15722.22
12722.06 15734.09
12721.27 15744.33
12721.24 15750.73
12724.43 15772.69
12730.78 15780.18
12738.69 15788.15
12746.72 15796.00
12755.48 15802.72
12764.48 15809.29
12774.51 15815.66
12785.58 15819.10
12799.95 15822.02
12811.14 15823.83
12822.39 15825.65
12833.77 15827.49
12844.46 15829.01
12855.23 15830.00
12866.77 15831.05
