13098.40 15068.27
13099.77 15069.11
13102.26 15070.65
13106.17 15073.05
13111.31 15076.22
13117.52 15080.04
13125.60 15085.02
13134.71 15090.02
13145.28 15093.26
13154.04 15087.62
13159.45 15079.00
13165.09 15070.03
13170.49 15061.45
13185.78 15034.16
13187.35 15031.48
13188.96 15028.73
13189.03 15021.66
13180.42 15016.47
13171.74 15011.10
13162.82 15005.53
13153.99 14999.92
13145.23 14994.30
13136.41 14988.65
13130.20 14984.66
13127.25 14982.77
13117.20 14975.97
13110.44 14971.26
13101.80 14965.25
13093.59 14959.53
13085.20 14953.70
13076.39 14947.56
13067.81 14941.60
13059.46 14935.84
13050.83 14929.92
13041.81 14923.74
13032.99 14917.69
13024.35 14911.77
13015.88 14906.67
13006.29 14903.30
12987.90 14901.60
12982.67 14900.60
12978.56 14899.53
12976.61 14898.57
12976.28 14898.41
12976.20 14898.37
12976.18 14898.36
12976.17 14898.36
12961.41 14889.53
12958.88 14886.77
12955.35 14882.92
12951.55 14877.33
12947.01 14870.60
12941.67 14862.70
12937.16 14856.03
12934.60 14852.24
12933.92 14851.24
12933.47 14850.57
12933.40 14850.46
12933.38 14850.43
12933.37 14850.43
12933.37 14850.42
12933.37 14850.42
12933.37 14850.42
12933.37 14850.42
12933.37 14850.42
12933.37 14850.42
12933.37 14850.42
12933.37 14850.42
12933.37 14850.42
12933.37 14850.42
12933.37 14850.42
12933.37 14850.42
12933.37 14850.42
12927.13 14838.02
12925.60 14835.61
12923.10 14831.67
12919.51 14826.01
12914.96 14818.84
12909.73 14810.60
12904.25 14801.97
12898.65 14793.16
12893.39 14784.86
12888.28 14776.82
12882.99 14768.47
12877.76 14760.24
12872.41 14751.80
12869.18 14746.72
12861.74 14735.24
12856.71 14727.59
12850.62 14718.33
12844.63 14709.22
12838.48 14699.86
12832.39 14690.61
12826.79 14682.10
12820.92 14673.17
12814.81 14663.89
12808.96 14654.98
12803.79 14645.78
12799.94 14632.50
12800.09 14625.82
12800.53 14621.18
12800.77 14619.04
12800.85 14618.29
12800.86 14618.20
12800.87 14618.14
12800.87 14618.12
12800.87 14618.12
12806.64 14592.60
12806.33 14590.18
12805.86 14586.41
12805.14 14580.80
12804.29 14574.07
12803.21 14565.52
12802.07 14556.54
12800.99 14548.00
12799.39 14539.23
12797.85 14530.82
12796.23 14521.94
12794.70 14513.59
12793.01 14504.66
12791.43 14496.31
12790.50 14491.39
12790.24 14490.02
12790.16 14489.63
12790.15 14489.56
12790.14 14489.53
12790.14 14489.52
12790.14 14489.52
12790.14 14489.52
12790.14 14489.52
12790.14 14489.52
12790.14 14489.52
12788.00 14478.23
12787.28 14474.55
12786.21 14468.99
12784.83 14461.84
12783.20 14453.44
12781.44 14444.36
12779.56 14434.61
12777.75 14425.28
12775.96 14416.01
12774.12 14406.49
12772.21 14396.63
12770.43 14387.22
12769.37 14381.52
12765.11 14358.12
12765.09 14358.04
12765.08 14358.00
12765.08 14357.99
12765.08 14357.99
12765.08 14357.99
12765.08 14357.99
12765.08 14357.99
12765.08 14357.99
12765.08 14357.99
12762.69 14345.96
12762.04 14342.54
12760.96 14336.93
12759.48 14329.20
12757.65 14319.65
12755.73 14309.67
12753.70 14299.06
12751.76 14288.92
12749.76 14278.50
12747.69 14267.71
12745.62 14256.93
12743.74 14247.12
12741.86 14237.31
12739.79 14226.53
12737.74 14215.86
12735.81 14205.78
12733.88 14195.73
12731.90 14185.53
12728.31 14169.27
12726.22 14159.65
12724.10 14149.83
12721.96 14139.95
12719.95 14130.65
12717.83 14120.88
12715.18 14106.40
12713.61 14097.59
12712.43 14090.50
12711.67 14086.24
12711.50 14085.35
12711.46 14085.12
12711.44 14085.02
12711.44 14085.00
12711.44 14084.99
12711.44 14084.99
12711.44 14084.99
12711.44 14084.99
12710.05 14077.28
12709.41 14073.63
12708.47 14068.30
12707.22 14061.22
12705.61 14052.06
12703.68 14041.08
12701.88 14030.87
12700.12 14020.90
12698.36 14010.89
12696.57 14000.73
12694.84 13990.92
12693.04 13980.70
12691.14 13969.89
12689.38 13959.88
12687.52 13949.29
12685.60 13938.40
12683.86 13928.50
12682.37 13917.50
12669.55 13914.49
12659.12 13915.38
12648.75 13915.97
12639.01 13916.53
12628.84 13917.11
12618.87 13917.67
12608.82 13918.25
12598.19 13917.93
12594.36 13918.31
12572.30 13920.05
12562.10 13920.69
12551.57 13921.39
12541.42 13922.08
12531.09 13922.78
12520.99 13923.47
12510.56 13924.19
12499.84 13924.92
12489.23 13925.64
12478.68 13926.36
12468.67 13927.04
12458.23 13927.76
12447.90 13928.46
12437.54 13929.17
12427.33 13929.86
12417.36 13930.54
12407.07 13931.24
12396.16 13931.99
12376.91 13933.30
12366.59 13934.00
12356.78 13934.67
12346.63 13935.35
12336.47 13936.04
12326.52 13936.71
12316.56 13937.39
12306.99 13938.04
12296.91 13938.72
12287.48 13939.36
12277.86 13940.01
12267.56 13940.70
12258.18 13941.34
12249.40 13952.98
12249.86 13962.33
12250.32 13971.67
12250.79 13981.37
12251.24 13990.48
12251.70 13999.80
12252.14 14008.74
12252.61 14018.33
12253.05 14027.24
12253.52 14036.80
