18628.11 13331.79
18627.11 13329.94
18625.12 13326.32
18622.18 13320.94
18618.26 13313.78
18613.67 13305.39
18608.06 13295.15
18602.04 13284.13
18596.13 13273.34
18589.94 13262.04
18583.96 13251.10
18577.85 13239.95
18571.81 13228.90
18566.03 13218.34
18559.92 13207.17
18542.78 13198.21
18530.70 13202.52
18518.79 13206.77
18506.68 13211.09
18495.19 13215.19
18483.58 13219.33
18472.99 13223.11
18465.16 13230.17
18467.18 13237.21
18469.06 13244.55
18470.66 13251.54
18472.28 13258.67
18473.75 13265.70
18475.10 13272.42
18476.49 13279.35
18477.84 13286.07
18479.36 13293.05
18481.02 13300.03
18482.79 13307.48
18484.42 13314.31
18486.17 13321.68
18487.69 13328.79
18489.13 13335.61
18490.68 13342.92
18492.28 13350.48
18493.86 13357.95
18495.41 13365.28
18496.93 13372.50
18498.37 13379.28
18499.53 13385.18
18499.57 13388.26
18499.57 13388.45
18499.57 13388.49
18499.57 13388.50
18499.57 13388.50
18499.57 13388.50
18499.57 13388.50
18499.57 13388.50
18499.57 13388.50
18499.57 13388.50
18499.57 13388.50
18499.57 13388.50
18499.57 13388.50
18492.33 13399.87
18488.44 13400.19
18483.24 13400.62
18475.97 13401.22
18466.47 13402.00
18454.82 13403.07
18442.21 13404.75
18429.56 13406.76
18416.56 13409.07
18404.31 13411.24
18391.92 13413.44
18379.49 13416.02
18367.29 13418.61
18345.56 13423.67
18333.68 13427.15
18321.12 13429.81
18309.20 13431.46
18296.35 13433.23
18283.76 13434.96
18272.95 13436.45
18266.19 13437.38
18263.48 13437.76
18263.24 13437.79
18263.22 13437.79
18263.21 13437.80
18263.20 13437.80
18263.20 13437.80
18263.20 13437.80
18263.20 13437.80
18263.20 13437.80
18263.20 13437.80
18263.20 13437.80
18263.20 13437.80
18263.20 13437.80
18263.20 13437.80
18263.20 13437.80
18263.20 13437.80
18263.20 13437.80
18263.20 13437.80
18263.20 13437.80
18263.20 13437.80
18263.20 13437.80
18252.01 13439.36
18248.33 13439.88
18242.64 13440.68
18235.22 13441.73
18225.89 13443.05
18214.96 13444.59
18202.14 13445.25
18189.33 13445.82
18175.61 13446.45
18162.71 13447.42
18148.94 13448.82
18136.14 13450.39
18123.04 13451.99
18110.08 13453.59
18097.43 13455.14
18084.10 13456.77
18071.08 13458.37
18057.76 13460.01
18044.67 13461.83
18031.38 13465.08
18021.79 13467.43
18015.38 13468.90
18004.80 13477.30
18002.74 13479.55
17999.33 13481.27
17983.44 13475.04
17975.85 13468.71
17963.80 13470.17
17951.42 13471.66
17939.53 13473.11
17927.06 13474.62
17915.47 13476.02
17894.16 13478.71
17881.00 13480.52
17867.54 13482.37
17855.12 13484.07
17842.15 13485.85
17829.33 13487.61
17815.86 13489.45
17802.89 13491.23
17790.42 13493.32
17778.04 13496.06
17765.60 13498.30
17752.96 13500.14
17739.67 13501.92
17726.35 13502.82
17713.72 13504.29
17692.35 13507.26
17680.54 13508.90
17668.75 13510.53
17656.17 13512.28
17643.80 13513.99
17631.74 13515.67
17619.05 13516.83
17596.19 13518.55
17583.22 13519.99
17570.47 13521.42
17557.07 13522.91
17543.55 13524.42
17529.58 13525.97
17516.44 13527.44
17502.51 13529.25
17488.88 13531.60
17476.08 13533.80
17462.67 13536.11
17449.76 13538.33
17436.90 13540.55
17423.38 13544.12
17410.75 13548.23
17397.70 13552.48
17385.05 13556.61
17372.68 13560.63
17360.31 13564.65
17347.16 13568.93
17334.03 13573.20
17320.65 13577.55
17308.31 13581.57
17296.98 13585.14
17288.60 13586.93
17284.37 13587.19
17284.32 13587.19
17284.31 13587.19
17279.84 13591.00
17279.16 13592.59
17277.87 13594.83
17267.40 13598.59
17259.10 13600.73
17249.27 13608.11
17236.89 13614.26
17225.18 13619.27
17212.70 13623.31
17199.94 13627.20
17187.14 13631.10
17173.88 13635.14
17160.57 13639.20
17148.32 13642.93
17136.08 13646.48
17123.03 13650.27
17109.66 13654.15
17097.46 13657.69
17084.98 13661.31
17072.60 13663.84
17061.99 13665.15
17054.91 13666.02
17044.87 13674.88
17044.02 13684.63
17043.08 13696.37
17042.02 13709.48
17041.01 13722.06
17039.98 13734.47
17038.95 13746.77
17037.90 13759.31
17036.82 13772.11
17034.83 13784.04
17032.44 13796.48
17030.04 13809.03
17024.58 13835.84
17022.38 13847.06
17020.14 13858.48
17018.33 13870.36
17016.76 13881.54
17015.14 13893.03
17013.50 13904.75
17012.15 13914.32
17011.28 13920.54
17001.40 13936.89
16993.16 13937.61
16980.38 13938.27
16968.73 13936.64
16956.75 13934.90
16946.36 13933.29
16935.14 13931.55
16925.19 13930.01
16914.02 13928.28
16903.67 13926.89
16893.28 13925.51
16883.21 13924.17
16862.55 13921.29
16852.98 13920.00
16843.38 13918.71
16832.40 13917.24
16821.97 13915.83
16811.75 13914.46
16801.10 13913.03
16791.02 13911.67
16780.09 13910.21
16770.24 13908.88
16760.28 13907.54
16750.25 13906.17
16739.48 13904.66
16730.13 13903.36
16720.08 13901.96
16709.43 13900.63
16698.31 13899.31
16688.23 13898.12
16669.63 13896.33
16660.55 13895.56
16650.80 13894.75
16640.71 13893.91
16630.52 13893.06
16621.01 13892.26
16610.80 13891.41
16601.83 13890.66
16591.48 13889.68
16581.17 13888.76
16555.01 13886.89
16546.58 13886.01
16537.65 13885.07
16529.07 13883.49
16520.29 13881.46
16511.39 13878.03
16502.59 13874.04
16493.65 13868.40
16478.15 13862.16
16470.65 13860.34
16451.44 13859.57
16438.73 13861.90
16424.74 13863.08
16410.85 13862.45
16396.84 13861.65
16383.94 13859.83
16370.63 13857.89
16357.56 13855.98
16344.06 13854.00
16331.20 13851.87
16319.72 13849.97
16307.84 13847.95
16297.89 13846.16
16287.28 13844.24
16276.87 13842.37
16266.91 13840.57
16256.91 13838.76
16246.83 13836.94
16238.16 13835.38
16229.36 13833.79
16218.34 13831.80
16196.48 13828.59
16183.50 13826.64
16170.28 13824.66
16158.00 13822.82
16145.47 13820.94
16132.43 13818.98
16119.55 13817.05
16106.28 13815.05
16093.43 13813.13
16080.47 13811.18
16067.63 13809.53
16054.55 13809.08
16041.91 13809.45
16020.89 13813.37
16008.73 13817.06
15997.40 13822.76
15985.82 13829.23
15974.67 13835.47
15963.35 13841.91
15952.23 13848.72
15942.08 13855.58
15931.68 13862.61
15921.36 13869.56
15910.69 13876.35
15900.18 13883.04
15889.75 13889.68
15870.87 13901.11
15863.22 13905.25
15855.24 13909.58
15847.65 13913.69
15839.91 13917.87
15831.72 13922.31
15786.26 13935.41
15775.63 13935.12
15764.73 13934.82
15754.45 13934.40
15744.20 13933.81
15733.31 13933.19
15716.91 13934.26
15716.46 13934.25
15716.16 13934.24
15715.99 13934.23
15715.94 13934.23
15715.92 13934.23
15715.92 13934.23
15715.92 13934.23
15715.92 13934.23
15715.92 13934.23
15715.92 13934.23
15715.92 13934.23
15715.92 13934.23
15715.92 13934.23
15715.92 13934.23
15715.92 13934.23
15715.92 13934.23
15667.20 13933.17
15666.10 13933.18
15664.42 13933.19
15662.35 13933.19
15659.68 13933.20
15656.41 13933.21
15641.00 13933.36
15632.55 13932.86
15623.41 13932.32
15604.85 13931.45
15591.32 13930.82
15577.66 13929.97
15564.09 13928.62
15551.58 13927.31
15536.39 13926.21
15524.83 13926.27
15513.32 13926.20
15502.27 13926.07
15491.09 13925.94
15479.53 13925.80
15468.56 13925.67
15458.84 13925.52
15452.57 13925.60
15448.94 13925.77
15448.51 13925.78
15448.23 13925.80
15448.18 13925.80
15448.15 13925.82
15448.14 13925.83
15448.14 13925.83
15448.14 13925.83
15448.14 13925.83
15448.14 13925.83
15448.14 13925.83
15448.14 13925.83
15448.14 13925.83
15448.14 13925.83
15448.14 13925.83
15448.14 13925.83
15448.14 13925.83
15448.14 13925.83
15448.14 13925.83
15448.14 13925.83
15448.14 13925.83
15448.14 13925.83
15448.14 13925.83
15448.14 13925.83
15448.14 13925.83
15446.91 13926.63
15444.19 13928.42
15428.09 13905.46
15428.02 13905.39
15416.81 13898.66
15409.09 13897.92
15393.23 13898.05
15382.46 13897.01
15371.97 13896.00
15361.92 13895.02
15351.81 13894.04
15345.64 13904.07
15347.31 13915.99
15349.05 13928.49
15350.71 13940.37
15352.33 13952.04
15354.09 13964.61
15355.69 13976.14
15357.43 13988.56
15358.90 13999.13
15359.83 14005.77
15360.70 14012.04
15353.06 14015.05
15344.47 14014.22
15338.09 14016.01
15334.39 14018.42
15331.13 14021.42
15319.04 14032.88
15312.53 14038.26
15304.62 14044.80
15290.78 14057.23
15282.32 14065.46
15273.88 14073.68
15265.06 14082.10
15256.52 14090.09
15248.50 14097.59
15242.52 14103.18
15239.36 14106.14
15224.23 14115.26
15215.35 14113.58
15205.22 14111.66
15192.95 14109.35
15180.92 14107.07
15168.31 14104.69
15155.82 14102.33
15142.93 14099.89
15130.60 14097.57
15118.57 14095.30
15096.20 14091.00
15083.84 14088.54
15072.44 14086.22
15060.61 14083.81
15048.23 14081.42
15035.93 14079.04
15023.50 14076.64
15013.39 14076.33
15006.65 14078.67
15003.97 14080.90
14998.10 14092.42
14996.72 14101.29
14999.31 14110.97
15003.15 14122.23
15008.32 14137.72
15015.24 14149.25
15022.94 14158.95
15032.19 14168.36
15040.31 14176.61
15044.05 14183.75
15044.04 14184.31
15041.14 14194.79
15038.62 14197.23
15027.17 14194.70
15023.35 14190.98
15012.47 14177.21
15005.41 14166.92
14998.49 14156.26
14991.87 14144.95
14985.96 14133.74
14981.44 14121.76
14976.98 14109.94
14972.84 14098.04
14964.73 14076.18
14962.57 14062.20
14960.91 14049.05
14959.17 14035.26
14957.47 14021.87
14955.80 14008.61
14954.11 13995.25
14952.35 13981.37
14950.10 13967.58
14947.21 13954.40
14942.88 13941.97
14936.50 13929.88
14928.98 13917.97
14919.91 13907.86
14909.02 13899.03
14897.35 13892.71
14884.52 13888.21
14870.55 13886.11
14856.96 13884.45
14843.35 13883.22
14829.38 13882.05
14815.82 13880.98
14802.80 13879.99
14789.62 13879.31
14775.80 13878.78
14762.39 13878.26
14749.35 13877.76
14735.89 13877.25
14722.38 13876.73
14709.29 13875.89
14696.22 13874.96
14682.56 13873.99
14669.73 13873.08
14656.95 13872.17
14646.08 13868.09
14632.70 13867.14
14619.51 13866.20
14605.37 13865.20
14592.09 13864.26
14578.17 13863.27
14565.09 13862.34
14551.60 13861.38
14538.47 13860.45
14525.02 13859.50
14511.64 13858.55
14498.46 13857.61
14484.91 13856.65
14471.74 13855.71
14457.90 13854.73
14444.92 13853.81
14431.71 13852.87
14418.69 13851.95
14404.89 13850.97
14391.72 13850.03
14378.35 13849.09
14364.17 13848.10
14351.18 13847.28
14329.35 13845.28
14316.71 13843.72
14303.79 13845.16
14291.92 13842.95
14280.03 13839.55
14268.48 13836.12
14256.95 13832.69
14244.64 13828.76
14226.05 13822.44
14216.63 13818.66
14200.52 13812.75
14195.66 13811.37
14173.02 13806.05
14161.35 13804.71
14150.24 13803.50
14138.86 13802.26
14127.60 13800.99
14115.99 13799.08
14105.03 13795.89
14093.81 13792.91
14083.01 13789.91
14072.31 13786.45
14060.74 13782.98
14050.44 13778.49
14039.96 13774.11
14005.03 13761.18
13994.41 13758.69
13982.90 13756.00
13972.14 13753.50
13960.58 13751.40
13944.02 13749.77
13935.37 13748.42
13925.90 13746.94
13918.13 13745.69
13912.37 13744.50
13909.64 13743.88
13907.63 13743.43
13907.26 13743.34
13907.04 13743.29
13907.02 13743.29
13907.01 13743.29
13907.01 13743.28
13907.01 13743.28
13906.41 13743.15
13904.68 13742.76
13901.21 13741.97
13899.92 13741.73
13899.23 13741.61
13899.16 13741.60
13899.16 13741.60
13899.16 13741.60
13899.16 13741.60
13899.16 13741.60
13899.16 13741.60
13899.16 13741.60
13899.16 13741.60
13899.16 13741.60
13871.33 13734.63
13868.68 13734.18
13864.50 13733.46
13858.85 13732.50
13852.14 13731.36
13843.60 13730.44
13838.47 13729.91
13831.52 13729.56
13822.93 13729.52
13811.92 13731.42
13805.46 13732.05
13802.89 13732.30
13802.83 13732.30
13802.80 13732.31
13802.79 13732.31
13802.79 13732.31
13802.01 13732.38
13799.93 13732.59
13798.48 13732.73
13798.12 13732.76
13797.89 13732.78
13797.81 13732.79
13797.77 13732.80
13797.46 13732.83
13796.61 13732.91
13794.54 13733.11
13792.10 13733.38
13790.74 13733.54
13789.82 13733.65
13789.26 13733.72
13788.58 13733.80
13787.98 13733.87
13785.95 13734.12
13783.32 13734.44
13780.37 13734.91
13775.34 13735.90
13770.94 13736.77
13765.40 13738.24
13747.30 13743.08
13739.98 13745.02
13732.07 13747.37
13725.35 13749.35
13722.01 13750.34
13720.72 13750.73
13720.03 13750.93
13720.80 13754.14
13719.62 13754.49
13718.10 13754.95
13715.48 13755.72
13711.88 13756.79
13693.85 13756.64
13692.70 13756.97
13681.25 13759.82
13681.15 13759.84
13666.26 13763.21
13652.72 13766.31
13640.83 13767.40
13631.91 13768.70
13624.80 13769.73
13612.63 13771.20
13603.68 13771.78
13592.76 13772.34
13579.71 13772.93
13568.84 13773.43
13556.30 13774.01
13545.90 13774.48
13533.52 13775.05
13520.63 13775.87
13510.07 13777.08
13500.89 13778.14
13492.89 13779.32
13482.58 13780.89
13467.14 13783.03
13459.44 13784.08
13450.11 13785.35
13441.97 13786.46
13432.15 13788.24
13423.58 13790.49
13416.25 13792.41
13409.69 13794.80
13405.12 13796.82
13402.25 13799.42
13400.53 13801.51
13399.38 13803.19
13398.50 13804.89
13397.20 13814.98
13397.90 13821.42
13398.51 13826.37
13399.38 13833.36
13400.04 13838.71
13400.57 13842.96
13400.47 13846.25
13400.17 13851.64
13399.54 13855.63
13397.24 13861.65
13394.74 13866.05
13392.20 13869.33
13387.93 13874.18
13384.17 13876.99
13380.60 13878.22
13375.14 13880.10
13370.77 13881.60
13367.82 13882.41
13362.75 13883.03
13355.22 13883.95
13349.97 13884.60
13346.06 13885.08
13340.45 13885.76
13332.76 13886.71
13327.38 13887.37
13323.49 13887.85
13317.44 13888.59
13309.21 13889.60
13304.25 13890.21
13289.66 13892.24
13283.72 13893.14
13277.86 13894.03
13271.72 13894.97
13265.84 13895.86
13260.93 13896.61
13254.67 13897.56
13248.70 13898.47
13242.50 13899.42
13236.88 13900.27
13211.26 13893.63
13206.03 13889.70
13202.14 13885.48
13198.73 13880.76
13195.62 13875.88
13192.29 13870.59
13188.76 13864.97
13182.03 13851.56
13178.68 13846.24
13175.32 13840.38
13172.32 13834.81
13170.96 13830.92
13170.79 13830.36
13170.71 13830.11
13170.66 13829.95
13170.65 13829.92
13169.37 13818.21
13168.60 13814.30
13167.57 13808.71
13166.58 13801.03
13165.71 13792.07
13164.98 13781.29
13164.80 13769.83
