15772.57 21047.36
15771.44 21049.28
15769.39 21052.75
15766.21 21058.13
15762.80 21063.92
15759.32 21069.82
15756.69 21076.23
15754.33 21082.97
15751.96 21089.75
15749.45 21096.91
15746.95 21104.06
15745.24 21110.92
15743.53 21118.18
15741.85 21125.30
15740.08 21132.80
15738.55 21139.31
15736.92 21146.24
15735.38 21152.77
15733.79 21159.52
15732.26 21166.01
15730.53 21173.34
15728.80 21180.69
15727.05 21188.14
15725.42 21195.06
15723.65 21202.58
15721.93 21209.84
15720.28 21216.88
15718.55 21224.22
15716.82 21231.54
15715.10 21238.85
15713.52 21245.57
15711.78 21252.95
15710.23 21259.54
15708.56 21266.63
15707.18 21272.47
15703.78 21272.55
15705.31 21266.04
15707.04 21258.69
15708.68 21251.71
15710.48 21244.09
15712.03 21237.50
15713.83 21229.88
15715.42 21223.12
15717.03 21216.30
15718.83 21208.66
15720.63 21201.02
15722.35 21193.68
15724.16 21186.02
15725.77 21179.20
15727.47 21171.96
15729.25 21164.42
15730.78 21157.90
15732.33 21151.32
15733.86 21144.84
15735.45 21138.11
15737.15 21130.88
15738.72 21124.20
15740.32 21117.41
15741.96 21110.45
15743.85 21102.94
15746.36 21095.76
15748.91 21088.49
15751.42 21081.30
15753.86 21074.33
15756.45 21068.18
15760.15 21061.91
15763.95 21055.47
15767.80 21048.94
15770.29 21044.71
15784.47 21038.42
15792.54 21040.71
15802.91 21043.65
15814.75 21046.11
15826.89 21047.45
15838.74 21047.21
15850.96 21044.67
15862.44 21040.85
15874.59 21036.81
15885.88 21033.05
15897.98 21029.03
15909.87 21025.07
15921.48 21021.81
15934.11 21018.69
15946.07 21015.74
15958.08 21012.78
15969.52 21009.95
15981.60 21008.19
16003.28 21008.79
16015.34 21011.12
16027.67 21014.27
16039.26 21017.26
16051.61 21021.47
16063.54 21025.53
16075.06 21029.45
16087.04 21033.52
16099.59 21036.19
16111.92 21037.85
16124.37 21038.10
16136.24 21036.88
16148.43 21034.34
16160.54 21030.65
16172.78 21026.75
16184.51 21022.80
16196.76 21018.56
16208.29 21014.84
16220.18 21011.01
16232.05 21006.90
16243.31 21002.74
16254.41 20997.51
16265.20 20992.01
16275.98 20986.03
16286.59 20980.14
16305.73 20969.34
16315.77 20963.63
16326.16 20957.67
16335.61 20951.08
16345.64 20943.91
16355.16 20936.92
16364.77 20929.86
16374.33 20922.83
16384.50 20915.36
16393.79 20908.54
16411.14 20895.79
16421.35 20888.29
16431.42 20880.89
16441.89 20873.42
16452.07 20866.20
16461.84 20859.27
16471.47 20852.45
16481.81 20845.12
16491.48 20838.27
16501.94 20830.86
16512.14 20823.63
16522.49 20816.30
16532.21 20809.41
16541.77 20802.63
16552.09 20795.80
16563.46 20789.91
16583.50 20783.62
16593.15 20781.32
16602.44 20779.12
16622.95 20773.73
16634.37 20770.61
16646.11 20767.41
16657.57 20764.28
16669.71 20760.92
16681.51 20757.65
16692.88 20754.50
16704.87 20751.18
16716.07 20748.06
16727.64 20744.81
16739.53 20741.47
16751.37 20738.14
16762.92 20734.89
16773.98 20731.79
16786.17 20728.36
16798.23 20724.97
16810.24 20721.59
16821.48 20718.60
16832.74 20715.82
16843.94 20713.06
16880.95 20704.67
16888.56 20702.91
16896.29 20701.13
16904.04 20699.33
16911.64 20697.58
16917.39 20696.25
16920.44 20695.54
16921.69 20695.25
16921.70 20695.25
16921.70 20695.25
16921.70 20695.25
16921.70 20695.25
16921.70 20695.25
16921.70 20695.25
16921.70 20695.25
16921.70 20695.25
16921.70 20695.25
16921.70 20695.25
16922.48 20695.07
16924.49 20694.64
16935.97 20682.08
16937.18 20674.97
16942.07 20665.93
16944.10 20654.09
16946.51 20639.99
16949.12 20624.34
16951.76 20607.09
16954.42 20589.70
16957.24 20571.28
16960.03 20553.05
16962.73 20535.44
16965.48 20517.48
16968.17 20499.90
16970.90 20482.09
16973.60 20464.47
16976.37 20446.39
16979.11 20428.50
16981.83 20410.72
16984.49 20393.35
16987.20 20375.65
16990.03 20357.17
16992.69 20339.83
16995.38 20322.23
16998.15 20304.15
17000.87 20286.43
17003.66 20268.20
17006.43 20250.09
17005.94 20231.46
17008.78 20212.89
17011.46 20195.41
17014.26 20177.11
17016.97 20159.47
17019.77 20141.12
17025.84 20123.33
17028.66 20104.97
17031.43 20086.83
17034.11 20069.35
17036.81 20051.74
17039.55 20033.85
17042.26 20016.14
17044.94 19998.64
17047.68 19980.74
17050.49 19962.40
17053.25 19944.38
17055.98 19926.58
17058.68 19908.93
17061.48 19890.62
17064.26 19872.48
17067.05 19854.30
17069.84 19836.02
17072.83 19815.94
17075.34 19798.95
17077.83 19782.14
17080.35 19765.09
17082.84 19748.27
17085.43 19730.94
17087.02 19713.32
17087.02 19713.18
17091.62 19677.19
17092.15 19670.76
17093.86 19650.54
17094.37 19634.33
17094.86 19618.80
17095.36 19603.21
17095.86 19587.57
17096.12 19571.98
17095.99 19556.00
17095.45 19530.85
17095.05 19514.24
17094.66 19497.81
17094.26 19481.06
17093.85 19463.84
17093.44 19446.71
17089.68 19426.68
17089.46 19409.06
17089.25 19391.73
17089.03 19373.86
17088.81 19356.08
17088.58 19337.69
17086.62 19321.25
17088.03 19296.67
17088.47 19278.54
17088.95 19259.91
17089.76 19241.43
17090.93 19223.31
17092.22 19205.75
17093.88 19187.67
17095.56 19169.22
17098.16 19150.78
17100.72 19132.65
17103.56 19115.26
17106.90 19098.02
17110.38 19080.02
17114.52 19062.92
17119.11 19045.13
17123.72 19027.25
17128.75 19010.37
17134.00 18993.41
17139.36 18976.09
17144.67 18958.96
17150.71 18941.81
17156.61 18925.11
17162.80 18907.58
17169.03 18890.54
17175.48 18874.12
17182.15 18857.18
17188.59 18840.77
17195.16 18824.05
17201.86 18807.02
17208.26 18790.74
17215.04 18773.50
17221.51 18757.04
17228.00 18740.52
17234.76 18723.34
17239.46 18702.17
17245.26 18686.53
17251.03 18670.98
17256.94 18655.04
17262.61 18638.97
17267.95 18623.38
17272.99 18608.65
17284.25 18584.96
17287.96 18573.13
17291.83 18560.76
17295.42 18549.33
17299.27 18537.03
17302.84 18525.66
17306.64 18513.53
17310.40 18501.52
17314.28 18489.16
17317.83 18477.80
17321.46 18466.24
17325.20 18454.29
17329.05 18441.98
17332.85 18429.85
17336.67 18417.66
17340.19 18406.41
17344.04 18394.12
17347.77 18382.24
17351.61 18369.96
