13023.20 10248.06
13021.14 10248.17
13017.47 10248.36
13011.93 10248.65
13003.83 10249.07
12993.79 10249.59
12981.78 10248.08
12971.20 10242.88
12960.05 10237.35
12948.65 10231.69
12937.30 10226.05
12926.00 10220.45
12915.51 10213.30
12911.02 10202.67
12911.75 10191.09
12915.36 10179.55
12921.12 10168.47
12920.56 10176.70
12916.21 10186.99
12914.33 10199.04
12917.71 10210.51
12926.76 10217.13
12937.50 10222.47
12947.61 10227.49
12958.33 10232.81
12969.30 10238.26
12980.00 10243.57
12991.83 10246.23
13003.16 10245.80
13015.39 10245.16
13023.31 10244.75
13029.79 10235.15
13028.80 10223.47
13027.82 10211.98
13026.86 10200.58
13025.85 10188.71
13024.89 10177.35
13023.92 10165.90
13022.93 10154.23
13021.90 10141.87
13020.88 10129.42
13019.87 10117.24
13018.89 10105.37
13017.89 10093.20
13016.91 10081.28
13015.92 10069.29
13014.95 10057.59
13013.99 10045.91
13013.05 10034.45
13012.04 10022.18
13011.01 10009.73
13010.05 9998.42
13009.00 9987.06
13007.91 9975.13
13006.84 9963.57
12995.96 9957.20
12984.21 9959.07
12973.31 9960.72
12961.68 9962.48
12949.97 9964.25
12938.61 9965.97
12924.75 9967.99
12921.89 9968.40
12912.64 9974.40
12907.41 9983.61
12903.87 9994.00
12900.16 10004.92
12896.61 10015.34
12893.14 10025.53
12889.52 10036.15
12885.81 10047.05
12882.27 10057.74
12879.03 10069.33
12876.28 10080.52
12873.40 10092.23
12870.65 10103.39
12867.90 10115.32
12865.83 10126.52
12863.67 10138.25
12861.53 10149.83
12859.38 10161.47
12857.17 10173.46
12853.90 10191.53
12851.89 10203.49
12849.99 10214.80
12848.03 10226.49
12846.07 10238.16
12844.26 10249.50
12842.50 10260.78
12840.77 10271.89
12838.97 10283.43
12837.11 10295.29
12835.24 10307.28
12833.42 10318.95
12831.66 10330.19
12829.45 10346.13
12828.15 10355.85
12826.86 10365.42
12825.59 10374.98
12824.34 10384.29
12823.55 10390.17
12823.23 10392.63
12823.19 10392.94
12823.18 10393.01
12823.18 10393.02
12823.18 10393.02
12823.18 10393.02
12823.18 10393.02
12823.18 10393.02
12823.18 10393.02
12823.18 10393.02
12823.18 10393.02
12823.18 10393.02
12823.18 10393.02
12823.18 10393.02
12823.18 10393.02
12823.18 10393.02
12823.18 10393.02
12823.18 10393.02
12823.18 10393.02
12823.18 10393.02
12823.18 10393.02
12818.93 10422.53
12818.53 10426.37
12817.56 10431.92
12816.32 10439.12
12814.86 10447.53
12813.28 10457.64
12811.59 10468.85
12809.95 10479.77
12808.31 10490.70
12806.59 10502.16
12804.90 10513.39
12803.10 10525.32
12801.44 10536.38
12799.67 10548.18
12798.03 10559.09
12796.25 10570.85
12794.34 10582.76
12792.60 10593.54
12790.78 10604.87
12789.03 10615.79
12787.17 10627.35
12785.26 10639.21
12783.46 10650.42
12781.60 10661.96
12779.72 10673.65
12777.05 10690.55
12775.65 10699.86
12774.31 10708.80
12772.12 10727.56
12771.97 10738.46
12771.83 10749.12
12771.69 10759.45
12771.54 10770.27
12771.39 10781.33
12771.10 10801.91
12770.90 10813.31
12770.72 10824.34
12770.53 10835.57
12770.33 10846.87
12770.14 10858.21
12769.95 10869.02
12769.77 10879.52
12769.33 10898.12
12769.13 10905.35
12769.01 10909.56
12758.22 10918.89
12749.47 10920.47
12738.97 10922.45
12727.99 10924.53
12716.65 10926.68
12705.11 10928.86
12693.84 10930.99
12682.48 10933.14
12670.54 10935.40
12659.72 10937.44
12648.89 10939.49
12637.68 10941.61
12626.66 10943.69
12614.87 10945.93
12603.50 10948.08
12592.09 10950.23
12580.72 10952.38
12579.75 10964.72
12584.88 10974.79
12590.17 10985.16
12595.39 10995.39
12600.65 11005.70
12605.90 11015.98
12611.27 11026.52
12616.38 11036.53
12621.37 11046.33
12626.50 11056.39
12631.91 11066.98
12636.91 11076.79
12642.10 11086.97
12647.41 11097.38
12651.96 11106.30
12654.58 11111.43
12648.49 11123.92
12641.60 11127.55
12633.63 11131.76
12625.03 11136.30
12607.61 11145.87
12598.66 11151.05
12589.89 11156.13
12580.34 11161.65
12571.61 11166.70
12553.97 11177.10
12543.83 11183.47
12533.60 11189.89
12523.60 11196.18
12513.38 11202.59
12503.12 11209.04
12493.20 11215.26
12482.94 11221.71
12472.89 11228.02
12462.68 11234.43
12452.70 11240.69
12443.19 11246.67
12433.27 11252.89
12422.92 11259.39
12412.77 11265.76
12402.64 11272.12
12392.46 11278.51
12382.65 11284.66
12365.40 11295.18
12357.98 11299.53
12347.52 11305.73
12337.23 11311.83
12327.47 11317.61
12316.96 11323.83
12306.51 11330.02
12296.37 11336.16
12285.98 11342.60
12275.81 11348.89
12265.50 11355.32
12255.11 11362.21
12244.57 11368.59
12234.52 11374.67
12224.43 11380.78
12223.47 11394.50
12228.78 11404.91
12234.32 11415.77
12239.71 11426.35
12245.17 11437.06
12250.78 11447.47
12256.50 11457.80
12262.35 11468.36
12268.24 11479.00
12273.98 11489.38
12279.64 11499.60
12285.26 11509.75
12290.91 11519.95
12296.54 11530.12
12302.36 11540.63
12308.19 11551.16
12314.15 11561.91
12319.81 11572.15
12325.46 11582.34
12331.05 11592.45
12336.67 11602.58
12342.40 11612.94
12348.47 11623.90
12354.31 11634.46
12360.16 11645.02
12365.92 11655.43
12371.60 11665.68
12377.35 11676.07
12383.16 11686.57
12388.48 11696.85
12394.23 11708.04
12399.67 11718.64
12405.13 11729.27
12410.63 11739.97
12415.91 11750.25
12421.29 11760.73
12427.08 11771.93
12432.39 11782.21
12437.66 11792.40
12442.99 11802.75
12448.33 11813.29
12453.80 11824.10
12458.96 11834.28
12464.58 11845.38
12469.88 11855.85
12475.57 11867.07
12480.74 11877.28
12486.21 11888.08
12491.53 11898.59
12497.02 11909.45
12502.23 11919.72
12507.01 11929.18
12510.11 11935.30
12512.14 11939.30
12505.96 11957.66
12499.33 11963.30
12491.71 11969.79
12482.38 11977.73
12473.05 11985.67
12466.03 11995.99
12456.66 12003.97
12447.57 12011.70
12438.77 12019.20
12429.62 12026.99
12420.27 12034.94
12411.28 12042.38
12401.58 12050.00
12391.80 12057.69
12382.17 12065.26
12372.97 12072.50
12363.15 12080.22
12354.09 12087.34
12344.45 12094.92
12334.88 12102.44
12325.30 12109.98
12315.58 12117.62
12305.75 12125.35
12296.46 12132.65
12287.46 12144.07
12279.40 12150.59
12271.17 12157.25
12262.82 12164.01
12254.53 12170.72
12246.74 12177.03
12239.01 12183.28
12234.26 12187.13
12232.49 12188.56
12232.39 12188.64
12232.37 12188.66
12232.35 12188.67
12232.35 12188.67
12232.35 12188.67
12232.35 12188.67
12232.35 12188.67
12232.35 12188.67
12232.35 12188.67
12223.02 12194.38
12221.84 12195.42
12220.08 12196.98
12218.04 12198.93
12217.03 12199.91
12216.76 12200.16
12216.76 12200.17
12216.76 12200.17
12216.76 12200.17
12216.76 12200.17
12216.44 12200.46
12215.68 12201.16
12205.26 12212.18
12203.58 12214.40
12201.27 12217.46
12199.61 12219.68
12198.66 12220.97
12198.49 12221.20
12198.42 12221.29
12198.40 12221.31
12198.39 12221.33
12198.39 12221.33
12198.39 12221.33
12198.39 12221.33
12198.39 12221.33
12197.96 12221.92
12197.16 12222.99
12189.03 12234.67
12185.41 12241.09
12181.30 12248.66
12177.02 12258.34
12171.94 12269.88
12167.24 12282.63
12161.26 12297.17
12156.27 12312.08
12151.25 12327.06
12146.25 12342.71
12141.32 12358.30
12136.98 12373.58
12133.01 12388.62
12128.80 12404.59
12124.62 12420.43
12120.53 12435.96
12111.60 12470.00
12109.75 12477.06
12104.13 12496.24
12099.20 12511.67
12093.93 12527.70
12088.22 12543.87
12082.79 12559.27
12077.37 12575.57
12072.25 12591.75
12070.62 12607.19
12058.73 12631.40
12054.74 12642.47
12050.74 12653.56
12046.91 12664.18
12042.82 12675.22
12031.78 12699.17
12027.76 12709.89
12023.76 12720.87
12019.69 12732.04
12009.53 12754.40
12003.91 12769.03
11998.65 12782.71
11993.39 12796.41
11991.07 12811.62
11985.78 12825.39
11978.00 12846.19
11972.04 12862.36
11966.09 12878.51
11960.11 12894.72
11954.15 12910.91
11948.31 12926.75
11942.60 12942.24
11936.98 12957.50
11931.23 12973.10
11925.39 12989.26
11919.65 13005.18
11914.10 13020.55
11908.25 13036.87
11902.52 13053.13
11897.04 13068.67
11891.42 13084.60
11885.85 13100.39
11880.42 13115.78
11874.80 13131.70
11869.22 13147.53
11863.51 13163.71
11858.01 13179.32
11852.42 13195.17
11846.88 13210.86
11836.91 13239.62
11832.12 13253.87
11827.23 13268.39
11822.31 13283.02
11818.08 13295.59
11815.09 13304.47
11813.21 13310.08
11812.56 13312.01
11812.54 13312.04
11812.53 13312.07
11812.53 13312.08
11812.53 13312.08
11812.53 13312.08
11812.53 13312.08
11812.53 13312.08
11812.53 13312.08
11812.53 13312.08
11812.53 13312.08
11812.53 13312.08
11812.53 13312.08
11812.53 13312.08
11812.53 13312.08
11812.53 13312.08
11812.53 13312.08
11812.53 13312.08
11812.53 13312.08
11809.39 13311.08
11809.09 13311.99
11808.11 13314.89
11806.62 13319.32
11806.22 13320.57
11806.21 13320.59
11806.21 13320.59
11806.21 13320.59
11806.21 13320.59
11806.21 13320.59
11806.21 13320.59
11806.21 13320.59
11806.21 13320.59
11806.21 13320.59
11806.21 13320.59
11806.21 13320.59
11806.21 13320.59
11806.21 13320.59
11806.21 13320.59
11806.21 13320.59
11806.21 13320.59
11806.21 13320.59
11806.21 13320.59
11806.21 13320.59
11806.21 13320.59
11806.21 13320.59
11806.21 13320.59
11806.21 13320.59
11806.21 13320.59
11806.21 13320.59
11806.21 13320.59
11806.21 13320.59
11806.21 13320.59
11806.21 13320.59
11806.21 13320.59
11806.21 13320.59
11806.21 13320.59
11806.21 13320.59
11806.21 13320.59
11800.48 13339.59
11799.26 13343.31
11797.61 13348.15
11795.46 13354.42
11792.92 13361.88
11789.64 13371.47
11785.83 13382.63
11781.58 13395.10
11776.66 13409.50
11771.71 13423.99
11762.89 13442.46
11758.09 13457.35
11751.91 13472.59
11745.54 13488.30
11739.12 13504.14
11732.99 13519.24
11726.84 13534.41
11720.37 13550.37
11713.97 13566.16
11707.60 13581.86
11701.99 13598.13
11695.25 13615.89
11692.73 13625.59
11687.74 13652.67
11686.88 13668.45
11686.74 13684.92
11687.07 13701.42
11685.82 13721.25
11689.46 13738.74
11689.80 13755.66
11690.15 13772.86
11690.49 13789.94
11690.84 13807.51
11691.18 13824.81
11691.52 13841.95
11691.87 13859.46
11692.15 13873.47
11690.75 13886.14
11690.81 13889.25
11690.82 13890.12
11690.83 13890.33
11690.83 13890.40
11690.83 13890.44
11690.83 13890.45
11690.83 13890.45
11690.83 13890.45
11690.83 13890.45
11691.01 13899.42
11691.07 13902.44
11691.15 13906.74
11691.27 13912.49
11691.42 13919.81
11691.59 13928.39
11691.75 13936.59
11691.86 13941.99
11691.91 13944.57
11691.91 13944.58
11691.91 13944.58
11691.91 13944.58
11691.91 13944.58
11691.91 13944.58
11691.91 13944.58
11691.91 13944.58
11691.91 13944.58
11691.91 13944.58
11691.91 13944.58
11691.91 13944.58
11691.91 13944.58
11691.91 13944.58
11691.91 13944.58
11691.91 13944.58
11691.91 13944.58
11691.31 13983.88
11691.41 13985.69
11691.59 13988.74
11691.83 13993.08
11692.14 13998.72
11692.53 14005.56
11692.95 14013.07
11693.44 14047.84
11695.88 14061.08
11698.24 14073.90
11702.52 14098.13
11709.41 14112.51
11713.15 14127.90
11716.96 14143.59
11721.66 14159.33
11726.65 14175.25
11731.39 14190.38
11735.92 14204.85
11742.36 14215.48
11744.63 14223.78
11746.91 14232.13
11749.14 14240.29
11751.26 14248.02
11753.45 14256.07
11755.66 14264.13
11757.87 14272.23
11760.28 14280.45
11772.05 14331.17
11775.13 14343.39
11778.51 14356.84
11782.24 14371.62
11785.93 14386.27
11789.73 14401.35
11793.47 14416.19
11797.10 14430.62
11800.95 14445.89
11804.79 14461.14
11808.52 14475.92
11812.25 14490.72
11815.28 14509.53
11819.16 14524.94
11823.05 14540.22
11830.47 14555.35
11834.57 14570.91
11841.46 14589.84
11844.48 14600.75
11848.14 14611.73
11862.30 14645.12
11869.24 14659.18
11876.64 14673.84
11884.07 14688.57
11891.48 14703.27
11898.83 14717.85
11905.91 14731.89
11913.28 14746.49
11920.26 14760.34
11927.59 14774.87
11937.54 14790.83
11945.38 14805.82
11952.90 14820.22
11960.56 14834.86
11968.41 14849.88
11974.97 14866.00
11984.49 14888.36
11990.51 14897.79
12003.58 14914.35
12014.20 14927.39
12024.23 14939.71
12034.47 14952.29
12045.60 14968.57
12056.24 14981.65
12064.65 14997.21
12075.31 15010.30
12085.97 15023.40
12096.42 15036.24
12109.73 15050.16
12124.05 15066.84
12134.84 15079.86
12145.28 15092.95
12156.16 15106.58
12166.76 15119.87
12177.04 15132.76
12187.89 15146.35
12198.19 15159.26
12209.08 15172.91
12219.46 15185.91
12229.79 15198.87
12240.36 15212.11
12248.61 15225.10
12255.92 15234.26
12263.01 15243.14
12268.47 15249.99
12272.08 15254.51
12273.78 15256.64
12278.49 15292.40
12276.34 15293.59
12273.67 15295.07
12271.94 15296.03
12271.45 15296.30
12271.26 15296.40
12271.21 15296.43
12271.20 15296.44
12271.20 15296.44
12262.61 15301.41
12260.09 15303.07
12256.24 15305.61
12250.96 15309.10
12244.24 15313.53
12235.63 15319.20
12226.21 15325.41
12217.19 15331.36
12207.54 15337.72
12193.27 15350.12
12186.42 15355.31
12179.23 15360.77
12168.43 15366.45
12162.20 15370.40
12156.19 15374.34
12146.04 15382.41
12139.19 15386.18
12132.05 15390.62
12125.27 15395.74
12120.87 15399.06
12095.32 15416.52
12086.91 15421.80
12078.35 15427.18
12069.95 15432.46
12061.39 15437.84
12052.90 15443.41
12043.91 15449.55
12035.38 15455.38
12026.58 15461.60
12015.93 15468.73
12003.04 15478.72
11994.25 15484.80
11985.11 15491.12
11976.14 15497.33
11967.40 15503.38
11957.58 15507.57
11951.91 15511.05
11948.56 15513.03
11941.81 15500.45
11947.87 15496.37
11955.51 15491.23
11962.87 15486.28
11970.67 15481.03
11984.47 15471.58
11993.44 15465.35
12001.97 15459.50
12011.37 15453.54
12020.19 15447.95
12037.09 15437.58
12044.59 15432.69
12052.50 15427.54
12060.48 15422.35
12068.17 15417.33
12075.82 15412.35
12083.44 15407.39
12090.87 15402.44
