11657.43 5468.40
11658.80 5466.47
11660.49 5462.17
11662.14 5456.39
11664.22 5449.14
11666.70 5440.50
11669.68 5430.11
11672.49 5420.40
11676.25 5410.95
11680.96 5401.53
11686.28 5393.02
11692.17 5384.89
11699.64 5376.80
11706.91 5369.25
11713.67 5361.62
11706.58 5342.73
11696.20 5343.27
11686.37 5343.78
11676.23 5344.31
11666.36 5344.82
11656.16 5345.35
11645.92 5345.88
11636.02 5346.40
11626.07 5346.92
11615.88 5347.49
11606.32 5349.58
11596.49 5352.82
11586.45 5356.12
11576.89 5359.28
11567.23 5362.46
11557.99 5365.50
11548.20 5368.73
11538.84 5371.84
11529.24 5375.04
11519.64 5378.24
11510.53 5381.28
11500.50 5384.62
11493.83 5386.85
11492.66 5396.43
11498.59 5404.40
11505.22 5411.68
11511.65 5418.71
11518.68 5425.16
11526.05 5431.93
11533.07 5438.05
11540.37 5444.41
11552.31 5455.23
11559.23 5461.82
11565.91 5468.19
11572.86 5475.48
11584.16 5490.09
11589.31 5499.27
11594.56 5508.63
11599.44 5518.63
11603.24 5529.10
11606.91 5539.24
11610.69 5549.65
11613.99 5558.75
11616.05 5564.42
11617.27 5567.78
11617.27 5567.80
11617.28 5567.81
11617.28 5567.81
11619.78 5574.84
11620.79 5577.74
11622.46 5582.53
11624.52 5588.46
11627.21 5596.20
11630.36 5605.26
11633.87 5615.35
11637.25 5625.08
11639.65 5631.97
11640.95 5635.68
11641.20 5636.40
11641.20 5636.40
11641.20 5636.40
11643.61 5643.53
11644.03 5644.79
11644.63 5646.60
11645.41 5648.99
11645.77 5650.06
11645.82 5650.23
11645.86 5650.33
11645.86 5650.33
11645.86 5650.33
11645.86 5650.33
11645.86 5650.33
11645.86 5650.33
11645.86 5650.33
11645.86 5650.33
11645.86 5650.33
11645.86 5650.33
11649.29 5659.60
11649.52 5660.21
11649.84 5661.06
11650.32 5662.37
11655.63 5676.50
11659.12 5686.05
11662.59 5695.55
11666.07 5705.07
11669.61 5714.76
11673.24 5724.67
11676.92 5734.74
11680.70 5745.09
11684.17 5754.58
11687.58 5763.77
11691.14 5773.14
11694.80 5782.79
11698.52 5792.60
11698.90 5802.91
11702.02 5811.21
11703.84 5816.65
11704.33 5818.11
11708.18 5829.36
11708.59 5830.55
11709.16 5832.20
11709.88 5834.29
11715.06 5849.55
11716.86 5854.87
11723.11 5876.10
11728.61 5890.84
11733.94 5905.11
11739.27 5919.42
11744.48 5933.37
11749.57 5947.02
11757.90 5959.92
11762.96 5973.48
11768.46 5988.22
11773.59 6001.97
11778.84 6016.06
11784.14 6030.27
11789.31 6044.13
11794.42 6057.83
11799.87 6072.50
11805.97 6089.40
11812.64 6107.88
11819.77 6127.64
11827.51 6149.11
11835.16 6170.31
11842.94 6191.88
11850.75 6213.52
11858.68 6235.47
11866.27 6256.53
11874.27 6278.69
11882.25 6300.81
11890.11 6322.59
11897.99 6344.44
11905.87 6366.26
11913.59 6387.66
11921.60 6409.85
11929.56 6431.91
11937.44 6453.75
11945.10 6474.99
11952.68 6495.99
11960.68 6518.16
11968.59 6540.08
11976.59 6562.24
11984.43 6583.96
11992.30 6605.77
12000.13 6627.48
12007.89 6648.98
12015.75 6670.75
12023.76 6692.93
12031.54 6714.51
12039.25 6735.87
12047.05 6757.47
12054.74 6778.79
12062.69 6800.83
12070.58 6822.68
12078.35 6844.21
12085.99 6865.37
12093.80 6887.03
12101.72 6908.96
12109.56 6930.71
12117.18 6951.80
12124.78 6972.87
12132.67 6994.73
12140.27 7015.78
12147.71 7036.40
12153.80 7053.28
12158.45 7066.18
12162.71 7078.09
12167.20 7090.66
12171.43 7102.50
12175.84 7114.84
12180.35 7127.46
12184.61 7139.38
12188.83 7151.18
12193.24 7163.53
12197.61 7175.74
12201.92 7187.80
12206.45 7200.49
12211.05 7213.37
12215.33 7225.35
12219.67 7237.49
12223.97 7249.52
12228.31 7261.67
12232.58 7273.61
12236.98 7285.92
12241.50 7298.57
12245.76 7310.48
12250.12 7322.69
12253.86 7333.15
12256.53 7340.62
12257.76 7344.07
12258.10 7345.02
12258.16 7345.17
12258.17 7345.21
12258.17 7345.21
12258.17 7345.21
12258.17 7345.21
12258.17 7345.21
12258.17 7345.21
12258.17 7345.21
12258.17 7345.21
12258.17 7345.21
12258.17 7345.21
12258.17 7345.21
12258.17 7345.21
12258.17 7345.21
12258.17 7345.21
12258.17 7345.21
12258.17 7345.21
12264.44 7362.81
12265.38 7365.46
12266.85 7369.58
12268.90 7375.32
12271.36 7382.24
12274.34 7390.59
12277.91 7400.60
12282.09 7412.33
12286.39 7424.39
12290.62 7436.23
12294.81 7448.00
12298.93 7459.53
12303.17 7471.44
12307.34 7483.14
12311.54 7494.91
12315.92 7507.19
12320.39 7519.71
12324.84 7532.20
12329.26 7544.58
12333.44 7556.31
12337.65 7568.13
12341.75 7579.60
12346.09 7591.78
12350.33 7603.66
12357.72 7624.40
12362.14 7636.81
12366.69 7649.56
12371.24 7662.32
12375.67 7674.59
12380.24 7687.25
12384.91 7700.15
12389.38 7712.52
12393.82 7724.81
12398.34 7737.33
12402.78 7749.61
12407.34 7762.22
12412.12 7774.75
12417.79 7786.55
12423.50 7798.44
12429.14 7810.19
12434.98 7822.35
12441.41 7833.97
12448.05 7845.79
12454.32 7856.94
12460.94 7868.72
12467.15 7879.78
12473.71 7891.45
12480.26 7903.09
12486.72 7914.59
12493.47 7926.60
12499.78 7937.82
12506.54 7949.86
12513.17 7961.66
12519.99 7973.10
12527.11 7985.04
12534.02 7996.63
12540.90 8008.16
12547.46 8019.15
12554.41 8030.82
12560.98 8041.83
12567.65 8053.02
12574.31 8064.18
12580.85 8075.16
12587.60 8086.54
12594.49 8098.38
12601.48 8110.41
12608.17 8121.92
12614.80 8133.32
12621.74 8145.26
12628.69 8157.21
12635.24 8168.47
12641.92 8179.96
12648.91 8191.99
12655.46 8203.26
12667.25 8223.80
12674.09 8235.76
12680.88 8247.64
12687.80 8259.74
12694.32 8271.13
12701.00 8282.82
12707.52 8294.21
12713.89 8305.35
12720.43 8316.78
12727.15 8328.53
12733.83 8340.22
12740.22 8351.39
12746.60 8362.53
12753.50 8374.60
12760.33 8386.56
12766.83 8397.91
12773.34 8409.30
12780.26 8421.40
12787.12 8433.39
12793.78 8445.04
12800.32 8456.48
12807.17 8468.29
12814.10 8480.10
12821.00 8491.85
12827.78 8503.41
12834.54 8514.92
12841.23 8526.32
12847.77 8537.45
12854.50 8548.92
12861.57 8560.95
12868.22 8572.28
12875.00 8583.83
12882.10 8595.92
12888.72 8607.19
12895.42 8618.62
12902.06 8629.92
12908.89 8641.56
12916.06 8653.59
12922.84 8664.68
12929.64 8675.61
12936.42 8686.70
12942.99 8698.22
12949.87 8710.28
12956.65 8722.17
12963.16 8733.58
12969.56 8744.80
12976.37 8756.74
12982.94 8768.26
12989.53 8779.82
12995.96 8790.93
13002.49 8802.07
13009.01 8813.21
13016.02 8825.18
13022.99 8837.08
13029.73 8848.60
13036.26 8859.76
13043.35 8871.66
13050.07 8882.93
13057.21 8894.91
13064.39 8906.97
13071.55 8918.98
13078.37 8930.43
13083.78 8939.91
13089.43 8949.99
13095.04 8959.98
13100.19 8969.16
13105.65 8978.45
13111.12 8987.51
13116.75 8996.85
13122.42 9006.24
13127.50 9014.97
13132.79 9024.14
13137.88 9032.96
13143.10 9042.00
13148.31 9051.03
13153.37 9059.81
13158.48 9068.66
13163.72 9077.74
13169.32 9087.45
13174.44 9096.32
13180.05 9105.95
13185.15 9114.62
13190.55 9123.81
13196.23 9133.48
13201.58 9142.58
13206.88 9151.59
13211.06 9158.71
13213.30 9162.53
13227.85 9186.87
13230.33 9190.51
13233.34 9194.92
13236.60 9200.14
13239.79 9205.45
13241.71 9208.65
13242.44 9209.86
13242.56 9210.05
13242.62 9210.17
13242.63 9210.18
13242.64 9210.19
13242.64 9210.19
13242.64 9210.19
13247.06 9217.55
13248.49 9220.00
13250.63 9223.68
13253.63 9228.82
13257.51 9235.45
13262.31 9243.68
13267.88 9253.22
13273.18 9262.30
13278.36 9271.16
13283.62 9280.17
13288.74 9288.94
13293.76 9297.53
13298.90 9306.34
13303.98 9315.05
13309.42 9324.36
13321.74 9345.58
13327.04 9354.75
13332.40 9364.02
13337.89 9373.52
13343.05 9382.46
13348.30 9391.55
13353.54 9400.60
13359.05 9410.14
13364.66 9419.85
13369.72 9428.60
13375.18 9438.03
13377.89 9449.12
13383.17 9458.17
13388.84 9467.94
13394.39 9477.63
13399.42 9486.41
13404.45 9495.19
13409.51 9504.02
13414.64 9512.97
13419.78 9521.95
13425.40 9531.76
13430.95 9541.45
13436.05 9550.35
13441.28 9559.48
13446.70 9568.94
13452.22 9578.58
13457.49 9587.78
13462.98 9597.36
13468.08 9606.25
13473.25 9615.29
13478.53 9624.83
13483.66 9634.12
13488.07 9642.11
13490.58 9646.67
13484.16 9648.96
13479.68 9641.54
13474.83 9633.52
13469.69 9625.01
13464.16 9616.37
13460.55 9611.05
13452.44 9614.57
13449.49 9619.37
13447.72 9625.65
13446.17 9631.19
13444.37 9637.58
13442.69 9643.55
13440.92 9649.82
13439.10 9656.32
13437.33 9662.61
13435.61 9668.72
13434.01 9674.40
13432.25 9680.65
13430.58 9686.61
13428.89 9692.61
13427.15 9698.79
13425.34 9705.23
13423.74 9710.92
13422.07 9716.87
13420.38 9722.85
13418.81 9728.45
13417.22 9734.07
13415.62 9739.79
13414.07 9745.27
13412.31 9751.54
13410.61 9757.59
13408.82 9763.94
13407.03 9770.32
13405.36 9776.24
13403.56 9782.65
13401.84 9788.78
13400.04 9795.15
13398.21 9801.66
13396.65 9807.23
13394.94 9813.30
13393.26 9819.27
13391.55 9825.36
13389.75 9831.73
13388.10 9837.63
13386.42 9843.59
13384.60 9850.06
13382.93 9855.99
13381.39 9861.48
13379.79 9867.52
13379.10 9873.09
13379.05 9879.00
13365.26 9890.33
13360.68 9890.88
13355.15 9891.53
13350.26 9892.11
13345.18 9892.71
13340.45 9893.27
13335.88 9893.81
13330.99 9894.39
13326.20 9894.96
13321.52 9895.51
13306.05 9897.06
13300.53 9897.55
13295.05 9898.14
13289.45 9898.86
13283.40 9899.64
13277.61 9900.39
13271.82 9901.14
13266.44 9901.83
13260.55 9902.59
13254.52 9903.37
13248.46 9904.16
13242.26 9904.96
13236.07 9905.76
13230.22 9906.51
13224.85 9907.21
13219.01 9907.96
13213.41 9908.68
13207.63 9909.43
13201.70 9910.20
13196.06 9910.93
13180.96 9912.79
13173.96 9913.62
13164.68 9914.72
13154.11 9915.98
13143.06 9917.26
13132.47 9918.76
13122.09 9920.24
13111.00 9921.81
13100.37 9923.32
13089.71 9924.83
13079.63 9926.26
13069.34 9927.72
13059.25 9929.24
13048.99 9930.77
13038.29 9932.38
13028.14 9934.14
13013.98 9943.62
13010.69 9949.30
13000.02 9956.12
12989.43 9958.28
12979.35 9959.81
12969.49 9961.30
12959.56 9962.80
12949.54 9964.31
12938.72 9965.95
12925.13 9967.94
12922.48 9968.32
12914.64 9972.58
12909.00 9980.03
12905.36 9989.64
12902.17 9999.00
12898.98 10008.39
12895.79 10017.74
12892.56 10027.21
12889.46 10036.33
12886.10 10046.20
12882.97 10055.62
12879.90 10065.80
12877.25 10076.58
12874.51 10087.70
12871.88 10098.42
12869.43 10108.37
12867.30 10118.59
12865.28 10129.50
12863.28 10140.33
12861.23 10151.44
12859.27 10162.09
12857.32 10172.63
12855.34 10183.38
12852.57 10199.47
12850.78 10210.09
12848.99 10220.78
12847.22 10231.31
12845.44 10241.99
12843.74 10252.87
12842.17 10262.88
12840.47 10273.83
12838.76 10284.74
12837.05 10295.72
12835.32 10306.80
12833.60 10317.81
12832.04 10327.77
12829.88 10342.88
12828.78 10351.09
12827.65 10359.56
12826.54 10367.83
12825.63 10374.68
12825.07 10378.85
12824.97 10379.60
12824.95 10379.72
12824.95 10379.76
12824.78 10381.01
12824.40 10383.82
12823.98 10386.99
12823.85 10387.95
12823.80 10388.35
12823.77 10388.53
12823.77 10388.58
12823.77 10388.59
12823.77 10388.60
12823.77 10388.60
12823.77 10388.60
12823.77 10388.60
12823.77 10388.60
12823.77 10388.60
12823.77 10388.60
12823.77 10388.60
12823.77 10388.60
12823.77 10388.60
12823.77 10388.60
12823.77 10388.60
12823.77 10388.60
12823.77 10388.60
12823.77 10388.60
12823.77 10388.60
12823.77 10388.60
12823.77 10388.60
12823.77 10388.60
12823.77 10388.60
12823.77 10388.60
12823.77 10388.60
12823.59 10389.93
12823.17 10393.08
12818.47 10426.70
12817.22 10433.90
12815.63 10443.09
12813.84 10453.91
12812.25 10464.49
12810.65 10475.14
12809.04 10485.82
12807.43 10496.57
12805.92 10506.56
12804.39 10516.74
12802.85 10527.02
12801.22 10537.86
12799.75 10547.64
12798.16 10558.21
12796.65 10568.23
12795.10 10578.02
12793.41 10588.55
12791.69 10599.24
12790.05 10609.40
12788.44 10619.41
12786.81 10629.57
12785.17 10639.76
12783.53 10649.94
12781.89 10660.18
12780.28 10670.16
12778.69 10680.09
12776.34 10695.26
12775.07 10703.74
12773.74 10712.60
12772.07 10731.18
12771.93 10741.48
12771.79 10751.69
12771.66 10761.62
12771.52 10771.91
12771.39 10781.33
12771.27 10790.60
12770.97 10809.51
12770.81 10818.92
12770.64 10828.72
12770.47 10839.08
12770.30 10848.98
12770.13 10858.52
12769.97 10868.15
12769.81 10877.57
12769.39 10895.75
12769.17 10903.92
12768.96 10911.23
12769.83 10927.06
12770.92 10932.83
12772.08 10939.00
12773.15 10944.65
12774.24 10949.96
12775.79 10955.81
12777.36 10961.79
12778.83 10967.37
12780.42 10973.38
12782.05 10979.57
12783.54 10985.25
12785.06 10991.01
12786.62 10996.94
12788.06 11002.38
12789.47 11007.75
12790.86 11013.05
12792.33 11018.63
12793.84 11024.40
12794.82 11030.34
12795.61 11036.35
12795.68 11042.75
12795.17 11048.87
12794.59 11053.53
12794.53 11054.04
12794.53 11054.05
12794.53 11054.05
12794.53 11054.05
12794.53 11054.06
12794.53 11054.06
12794.53 11054.06
12794.53 11054.06
12794.53 11054.06
12794.53 11054.06
12794.53 11054.06
12794.53 11054.06
12794.53 11054.06
12794.53 11054.06
12794.53 11054.06
12794.53 11054.06
12794.53 11054.06
12794.53 11054.06
12794.53 11054.06
12794.53 11054.06
12794.53 11054.06
12794.53 11054.06
12794.53 11054.06
12792.50 11068.82
12791.87 11073.12
12790.96 11079.34
12790.08 11085.35
12789.28 11090.84
12788.48 11096.34
12787.70 11102.02
12786.83 11108.38
12785.73 11114.30
12784.09 11120.46
12782.59 11126.09
12780.37 11132.04
12778.32 11137.14
12776.17 11142.49
12773.95 11147.71
12771.38 11152.54
12768.33 11158.27
12765.36 11163.84
12762.71 11169.05
12760.44 11174.16
12758.24 11179.12
12755.75 11184.74
12753.78 11189.78
12752.30 11195.67
12750.85 11201.44
12749.48 11206.87
12747.02 11218.67
12746.38 11223.02
12745.70 11227.65
12745.04 11232.18
12744.29 11237.31
12743.58 11242.15
12743.11 11262.18
12743.69 11267.84
12744.41 11274.87
12745.19 11282.61
12746.01 11290.79
12747.74 11308.80
12748.63 11318.55
12749.56 11328.63
12750.19 11338.49
12750.61 11348.43
12751.29 11359.07
12752.54 11369.72
12753.70 11379.60
12755.05 11390.28
12756.39 11401.09
12757.35 11411.31
12758.34 11421.74
12759.36 11432.57
12761.32 11452.74
12762.38 11463.34
12763.37 11473.37
12764.43 11484.00
12765.45 11494.33
12766.45 11504.41
12767.49 11514.83
12768.53 11525.35
12769.60 11536.13
12770.63 11546.43
12771.64 11556.62
12772.69 11567.16
12775.61 11585.84
12777.67 11595.52
12779.74 11605.23
12781.82 11615.03
12784.65 11624.62
12788.31 11634.90
12792.08 11645.50
12795.22 11656.34
12797.79 11666.19
12800.46 11676.43
12803.42 11686.19
12806.33 11695.90
12809.19 11706.29
12813.50 11721.72
12814.56 11725.75
12816.39 11740.87
12816.38 11740.96
12816.37 11741.01
12816.37 11741.01
12816.37 11741.01
12816.37 11741.01
12816.37 11741.01
12816.37 11741.01
12816.37 11741.01
12816.37 11741.01
12816.37 11741.01
12816.37 11741.01
12816.37 11741.01
12816.37 11741.01
12816.37 11741.01
12816.37 11741.01
12816.37 11741.01
12816.37 11741.01
12816.37 11741.01
12816.37 11741.01
12818.46 11754.32
12818.67 11755.76
12818.98 11757.80
12820.16 11769.83
12818.12 11778.64
12815.75 11788.67
12812.99 11798.22
12810.00 11808.55
12807.08 11818.66
12804.06 11829.13
12801.14 11839.24
12798.08 11849.85
12795.02 11860.05
12792.05 11869.85
12788.95 11880.04
12786.04 11889.66
12782.96 11899.46
12779.60 11909.95
12776.31 11920.25
12773.12 11930.33
12770.14 11940.25
12767.02 11950.64
12763.83 11961.30
12758.94 11981.92
12756.72 11992.28
12754.51 12003.30
12752.92 12013.63
12751.18 12024.95
12749.84 12035.27
12749.08 12045.51
12748.22 12056.97
12747.45 12067.20
12746.63 12077.65
12745.97 12088.28
12745.88 12099.39
12746.54 12110.13
12747.93 12120.85
12750.39 12132.08
12752.90 12142.81
12756.34 12153.04
12759.68 12162.95
12763.54 12172.78
12767.55 12182.68
12772.32 12192.28
12778.04 12201.29
12784.60 12209.29
12791.86 12217.72
12799.35 12225.88
12806.82 12234.34
12813.74 12242.27
12820.76 12250.32
12828.02 12258.63
12835.35 12267.18
12841.98 12275.35
12848.83 12283.79
12854.72 12291.03
12857.88 12294.93
12853.17 12308.99
12847.07 12314.80
12839.81 12322.34
12832.91 12330.14
12825.84 12338.13
12818.89 12345.99
12811.84 12353.96
12804.61 12362.14
12797.84 12369.79
12790.99 12377.53
12784.23 12385.16
12777.18 12393.13
12770.43 12400.77
12763.10 12409.05
12752.66 12420.59
12749.37 12424.11
12734.20 12436.04
12726.92 12444.26
12719.75 12452.36
12712.36 12460.72
12705.55 12468.42
12701.07 12478.46
12693.62 12486.77
12686.56 12494.65
12679.51 12502.53
12672.38 12510.50
12664.78 12518.98
12657.39 12527.23
12650.09 12535.31
12643.12 12543.11
12635.68 12551.44
12628.65 12559.30
12621.55 12567.25
12614.33 12575.29
12606.84 12583.63
12599.86 12591.41
12593.03 12599.05
12586.18 12607.02
12579.78 12619.53
12565.86 12632.55
12561.48 12637.19
12557.18 12641.91
12553.63 12646.17
12551.28 12648.99
12547.42 12665.31
12553.13 12673.60
12558.96 12681.82
12565.02 12690.36
12570.97 12698.74
12577.15 12707.44
12583.49 12716.37
12589.24 12724.47
12595.17 12732.84
12601.59 12741.88
12607.67 12750.49
12613.72 12759.13
12619.59 12767.51
12625.65 12776.15
12631.69 12784.76
12637.18 12792.60
12640.59 12797.45
12635.70 12812.53
12630.49 12816.87
12625.69 12820.86
12620.83 12824.91
12616.20 12828.77
12611.19 12832.94
12605.99 12837.27
12600.87 12841.54
12596.38 12845.27
12590.44 12847.57
12584.73 12849.77
12578.96 12847.62
12572.90 12844.69
12567.78 12842.20
12561.63 12839.21
12556.35 12836.60
12550.67 12833.79
12545.19 12831.09
12540.15 12828.60
12534.40 12825.75
12529.20 12823.18
12523.74 12820.48
12517.94 12817.73
12512.80 12815.40
12507.24 12812.88
12501.78 12810.41
12496.21 12807.89
12491.04 12805.55
12485.46 12803.02
12480.27 12800.67
12474.83 12798.21
12469.06 12795.59
12463.65 12793.15
12457.42 12790.32
12451.71 12787.74
12446.18 12785.23
12439.94 12782.41
12433.87 12779.66
12433.69 12775.33
12436.49 12770.18
12439.56 12765.37
12443.41 12760.95
12447.65 12756.08
12452.05 12751.04
12456.31 12746.15
12460.45 12741.44
12465.02 12736.34
12468.97 12731.93
12473.17 12727.23
12477.55 12722.33
12481.33 12718.11
12485.30 12713.66
12489.41 12709.07
12493.80 12704.17
12497.81 12699.68
12501.59 12695.46
12505.96 12690.57
12510.44 12685.73
12514.55 12681.45
12518.45 12677.40
12522.36 12673.33
12526.42 12669.11
12530.89 12664.46
