23581.47 14903.85
23579.87 14903.75
23576.55 14903.53
23571.63 14903.21
23564.90 14899.32
23556.53 14898.52
23546.61 14897.57
23534.50 14896.41
23521.19 14895.14
23508.11 14893.89
23495.05 14892.64
23481.15 14891.31
23467.43 14890.00
23453.73 14888.69
23440.08 14887.59
23426.48 14886.55
23415.12 14885.69
23408.12 14885.16
23411.16 14882.09
23422.51 14882.94
23435.24 14883.91
23448.33 14884.90
23461.66 14886.13
23475.21 14887.43
23488.11 14888.66
23501.95 14889.99
23514.74 14891.21
23527.55 14892.43
23541.00 14893.72
23553.87 14894.95
23566.89 14896.19
23580.75 14897.20
23593.73 14897.50
23606.99 14897.36
23619.73 14897.23
23633.36 14898.01
23646.61 14898.78
23659.92 14899.55
23672.80 14900.37
23685.99 14901.20
23699.52 14902.06
23713.14 14902.93
23726.15 14903.75
23739.78 14904.62
23752.40 14905.42
23765.41 14906.24
23778.09 14907.05
23790.65 14907.84
23804.18 14908.70
23816.75 14909.50
23835.69 14910.95
23841.14 14911.36
23844.48 14911.62
23867.76 14913.29
23873.84 14913.67
23880.96 14914.11
23886.11 14914.43
23888.76 14914.60
23904.91 14933.90
23907.04 14939.62
23907.16 14946.57
23905.32 14955.01
23899.64 14963.49
23892.07 14972.32
23876.34 14986.25
23864.22 14996.21
23852.04 15006.23
23840.02 15015.39
23827.04 15025.03
23814.67 15034.23
23801.63 15043.91
23787.65 15055.98
23774.89 15064.81
23761.46 15074.11
23748.83 15082.61
23735.48 15091.50
23722.08 15100.41
23708.15 15108.19
23694.36 15115.73
23680.98 15123.06
23667.13 15130.64
23653.24 15138.24
23639.76 15145.31
23626.00 15152.51
23611.61 15160.05
23574.71 15175.52
23558.34 15182.34
23540.47 15189.80
23520.43 15198.16
23497.93 15206.42
23474.08 15215.08
23449.18 15223.18
23424.29 15230.08
23399.37 15237.40
23369.44 15246.07
23341.17 15250.85
23313.60 15255.51
23285.09 15258.87
23256.84 15261.33
23228.23 15263.58
23200.46 15265.56
23172.81 15267.34
23144.52 15266.99
23117.03 15266.65
23089.47 15264.40
23061.42 15261.40
23033.62 15258.43
23006.62 15252.91
22979.60 15247.18
22951.61 15241.25
22924.20 15235.44
22896.83 15227.92
22870.47 15218.58
22844.32 15209.21
22817.85 15199.51
22790.94 15189.65
22764.68 15180.10
22737.81 15171.74
22710.78 15163.35
22683.94 15155.27
22657.32 15147.26
22629.82 15139.82
22602.49 15134.12
22574.49 15128.76
22547.12 15124.02
22519.04 15119.67
22491.47 15116.25
22463.65 15113.00
22435.93 15110.15
22408.46 15107.56
22380.15 15106.28
22352.55 15105.65
22324.68 15105.01
22296.08 15104.36
22268.50 15103.99
22239.89 15104.33
22211.46 15104.66
22183.29 15105.00
22155.53 15105.33
22127.84 15105.65
22100.43 15107.86
22072.36 15110.92
22044.94 15113.92
22016.93 15116.97
21988.48 15120.08
21957.92 15125.70
21931.11 15130.42
21903.67 15135.25
21876.17 15140.10
21849.27 15145.01
21822.26 15150.83
21795.40 15156.93
21764.95 15162.13
21738.13 15168.21
21710.75 15174.41
21684.03 15181.19
21657.08 15188.34
21629.68 15195.61
21603.35 15202.60
21554.46 15216.90
21529.78 15223.12
21504.37 15229.53
21479.39 15235.82
21453.96 15242.23
21429.36 15248.42
21403.69 15254.89
21378.93 15261.13
21354.11 15267.39
21330.17 15273.42
21310.02 15278.50
21288.60 15284.15
21266.84 15289.90
21245.30 15295.60
21224.09 15301.21
21202.35 15306.96
21180.53 15312.73
21158.98 15318.43
21137.07 15324.22
21116.08 15329.77
21094.42 15335.50
21073.28 15341.09
21051.49 15346.84
21030.51 15352.37
21008.75 15358.43
20986.90 15364.65
20965.45 15370.76
20944.23 15376.81
20922.56 15382.98
20901.24 15389.06
20879.75 15395.18
20857.91 15401.40
20833.04 15407.31
20812.22 15412.63
20791.01 15418.05
20769.69 15423.51
20748.01 15425.65
20726.81 15431.18
20706.10 15436.73
20685.58 15442.25
20664.30 15447.99
20643.68 15453.56
20622.42 15459.29
20601.34 15464.98
20580.50 15470.62
20559.26 15476.53
20538.33 15482.37
20516.63 15488.25
20496.06 15493.73
20474.48 15499.45
20453.93 15504.89
20433.30 15510.35
20411.58 15515.90
20390.03 15521.23
20368.91 15526.45
20347.85 15531.65
20326.20 15536.97
20305.07 15542.12
20284.14 15547.22
20241.56 15554.67
20219.94 15557.31
20199.14 15560.03
20178.58 15563.02
20157.65 15565.54
20136.15 15567.47
20114.87 15568.85
20093.50 15569.70
20071.82 15570.42
20050.46 15570.89
20029.34 15571.02
20008.08 15570.74
19986.11 15570.11
19964.17 15568.92
19942.44 15567.46
19921.35 15565.58
19900.15 15563.35
19878.80 15560.33
19857.13 15557.26
19835.73 15554.23
19814.43 15550.22
19793.72 15546.33
19772.78 15541.93
19751.76 15537.41
19730.35 15532.81
19691.39 15523.23
19669.15 15519.02
19647.84 15514.98
19626.55 15510.88
19605.21 15506.75
19582.90 15502.44
19561.20 15498.24
19539.58 15494.06
19517.23 15489.74
19495.08 15485.01
19473.21 15480.09
19451.92 15475.29
19430.19 15470.40
19409.00 15465.63
19387.03 15460.68
19365.17 15455.76
19340.49 15451.89
19319.37 15447.03
19297.76 15442.05
19276.74 15437.22
19255.24 15432.27
19233.25 15427.21
19211.95 15422.34
19190.54 15417.68
19169.28 15413.06
19147.53 15408.33
19126.44 15403.74
19104.34 15398.93
19079.34 15393.74
19057.40 15387.97
19035.63 15382.24
19014.58 15376.38
18992.81 15370.24
18971.05 15363.43
18949.56 15356.42
18927.94 15349.19
18906.39 15341.59
18887.27 15334.61
18871.86 15328.99
18861.39 15324.86
18844.42 15316.33
18831.25 15314.58
18819.44 15309.82
18807.76 15305.12
18795.14 15300.03
18782.51 15294.95
18770.77 15290.22
18758.76 15285.38
18746.80 15280.57
18734.80 15275.74
18722.78 15270.89
18710.63 15266.00
18698.15 15260.98
18686.02 15256.09
18673.62 15251.10
18661.45 15246.20
18648.88 15241.13
18629.54 15235.16
18617.08 15230.15
18605.25 15225.40
18593.90 15220.84
18581.64 15215.91
18570.20 15211.31
18558.78 15206.73
18546.93 15202.33
18534.69 15197.86
18523.00 15193.60
18510.50 15189.03
18499.01 15184.84
18478.23 15175.54
18465.68 15171.10
18452.33 15166.38
18439.46 15161.83
18426.57 15157.27
18413.97 15152.92
18401.25 15148.67
18388.12 15144.29
18375.88 15140.20
18363.46 15136.05
18351.23 15131.97
18338.24 15127.53
18325.04 15122.97
18311.73 15118.30
18295.18 15114.44
18281.67 15109.96
18269.23 15105.84
18255.89 15101.38
18243.51 15097.23
18231.00 15093.38
18217.62 15090.09
18204.01 15086.63
18191.01 15083.71
18177.30 15081.74
18164.23 15079.94
18150.61 15078.07
18137.30 15076.24
18123.96 15074.40
18110.99 15072.62
18097.38 15070.75
18084.16 15068.93
18070.70 15067.07
18056.83 15065.17
18042.82 15063.24
18028.96 15061.33
18015.47 15059.48
18001.64 15057.57
17988.44 15055.76
17975.70 15054.00
17962.39 15052.17
17949.30 15050.37
17937.25 15048.71
17924.55 15046.97
17911.22 15045.13
17898.77 15043.42
17886.17 15041.68
17872.63 15039.82
17859.95 15038.43
17846.31 15037.30
17828.19 15035.19
17810.39 15034.90
17790.44 15034.57
17769.35 15035.98
17748.31 15037.42
17727.95 15039.37
17707.08 15041.74
17687.30 15044.17
17652.03 15044.75
17630.78 15043.27
17609.85 15041.33
17589.94 15035.55
17569.51 15032.05
17550.43 15027.99
17529.04 15023.36
17508.74 15018.64
17487.96 15013.74
17467.08 15008.29
17446.34 15003.17
17425.32 14998.23
17404.19 14993.66
17382.81 14990.33
17360.88 14987.23
17339.55 14984.95
17318.31 14982.69
17296.66 14981.18
17274.59 14979.76
17253.05 14978.38
17231.57 14977.00
17197.12 14972.90
17176.04 14971.14
17154.04 14969.32
17132.98 14967.63
17111.48 14965.91
17045.86 14962.17
17025.50 14960.51
17005.18 14958.86
16985.01 14957.21
16964.48 14955.54
16943.71 14953.85
16923.28 14952.11
16902.24 14950.31
16881.83 14947.76
16861.41 14945.01
16841.32 14942.29
16821.38 14939.60
16801.39 14935.87
16780.57 14931.73
16759.90 14927.59
16740.48 14922.13
16720.74 14916.37
16701.58 14909.82
16682.26 14903.21
16662.50 14896.47
16643.50 14890.05
16623.74 14883.38
16604.68 14876.94
16584.57 14870.15
16565.47 14863.99
16545.13 14857.92
16525.94 14852.11
16505.87 14845.85
16485.75 14840.35
16466.00 14836.07
16434.07 14829.55
16412.67 14827.36
16391.63 14825.22
16369.42 14825.42
16347.35 14827.98
16330.27 14829.61
16313.05 14831.26
16295.97 14833.51
16279.64 14836.92
16263.20 14840.67
16246.70 14845.06
16195.21 14864.75
16176.35 14873.85
16156.95 14884.48
16138.32 14896.32
16119.32 14909.55
16101.80 14923.02
16085.20 14937.55
16069.08 14951.77
16053.19 14966.86
16038.21 14982.61
16026.70 14999.29
16016.87 15012.79
16007.78 15026.39
15998.69 15039.98
15976.35 15075.99
15962.60 15093.54
15951.95 15112.32
15941.30 15131.09
15930.67 15149.75
15919.68 15168.29
15908.55 15187.06
15897.41 15205.80
15885.95 15224.87
15873.72 15246.88
15860.54 15264.98
15847.55 15282.82
15833.97 15299.87
15820.14 15316.73
15805.83 15334.00
15792.13 15350.43
15777.98 15365.67
15763.19 15380.38
15748.58 15396.07
15733.98 15411.74
15719.41 15427.38
15705.61 15442.13
15691.78 15456.64
15677.25 15471.89
15662.64 15487.21
15648.21 15502.34
15633.44 15517.82
15619.11 15532.86
15604.99 15547.67
15590.78 15562.62
15576.02 15578.16
15562.40 15592.49
15548.61 15606.81
15534.69 15621.27
15520.43 15636.60
15506.46 15651.75
15492.71 15666.66
15478.80 15681.74
15465.24 15696.44
15451.56 15711.28
15437.93 15725.86
15424.02 15740.54
15410.19 15755.13
15396.71 15769.35
15383.34 15783.46
15369.30 15798.28
15356.58 15811.69
15345.20 15823.70
15337.61 15836.52
15326.03 15848.58
15314.18 15860.82
15302.35 15873.04
15289.69 15886.12
15277.57 15898.93
15265.64 15916.45
15252.86 15930.12
15240.25 15943.60
15227.78 15956.93
15217.87 15967.52
15209.99 15975.96
15201.25 15985.24
15193.93 15992.89
15185.87 16001.32
15177.83 16009.73
15169.63 16018.31
15161.37 16026.95
15153.85 16034.81
15145.99 16043.03
15138.59 16050.77
15131.53 16060.88
15127.32 16071.87
15125.35 16083.02
15125.43 16093.78
15127.17 16105.70
15130.66 16116.74
15136.11 16127.48
15142.29 16136.38
15150.11 16145.34
15158.68 16153.88
15167.96 16159.97
15178.83 16164.84
15189.53 16167.68
15202.46 16167.31
15212.21 16166.80
15221.50 16164.97
15230.18 16161.86
15239.22 16157.87
15258.11 16145.55
15266.43 16137.31
15270.96 16128.02
15272.85 16118.51
15272.95 16112.19
15272.53 16108.84
15272.38 16107.79
15272.37 16107.77
15272.37 16107.76
15272.37 16107.76
15272.37 16107.76
15272.37 16107.76
15269.62 16099.84
15267.23 16097.79
15263.58 16094.68
15259.04 16090.80
15253.29 16085.89
15246.54 16080.12
15238.20 16073.00
15229.00 16065.13
15220.10 16057.53
15214.24 16052.47
15211.26 16049.71
15210.91 16049.39
15210.73 16049.22
15210.66 16049.16
15210.62 16049.12
15210.60 16049.10
15210.60 16049.10
15210.60 16049.10
15210.60 16049.10
15193.75 16034.25
15190.83 16031.56
15186.28 16027.37
15180.14 16021.49
15172.46 16014.15
15163.78 16005.84
15154.44 15996.90
15145.51 15988.36
15136.18 15979.40
15126.69 15970.27
15117.51 15961.43
15108.81 15953.08
15099.73 15944.47
15090.69 15935.90
15081.11 15926.88
15071.47 15918.09
15062.31 15909.28
15053.03 15900.09
15044.06 15891.21
15034.95 15882.19
15025.72 15873.05
15016.87 15864.29
15007.96 15855.47
14999.96 15847.55
14994.69 15842.17
14992.31 15839.72
14991.43 15838.81
14991.37 15838.75
14991.36 15838.74
14991.36 15838.74
14975.80 15821.73
14972.99 15818.50
14968.85 15813.76
14963.78 15807.95
14957.15 15800.34
14949.34 15791.39
14940.80 15781.60
14932.55 15772.14
14924.54 15762.79
14916.03 15752.84
14908.12 15743.59
14900.09 15734.19
14891.93 15724.66
14880.90 15711.20
14875.44 15704.34
14862.84 15688.89
14855.06 15678.77
14848.01 15668.99
14840.44 15659.46
14832.95 15650.15
14824.92 15640.19
14813.75 15625.99
14806.18 15615.83
14798.87 15606.03
14791.53 15596.17
14783.96 15586.01
14778.12 15578.18
14774.67 15573.56
14773.30 15571.72
14773.11 15571.47
14772.95 15571.26
14772.94 15571.24
14766.39 15562.04
14764.61 15559.42
14761.84 15555.28
14758.01 15549.44
14753.31 15542.28
14747.74 15533.78
14743.53 15527.36
14738.54 15519.73
14732.60 15510.75
14725.20 15500.10
14718.00 15489.73
14710.60 15479.05
14703.27 15468.42
14696.12 15457.64
14688.77 15446.55
14681.53 15435.62
14668.83 15423.77
14666.39 15423.66
14664.03 15424.05
14662.69 15424.28
14661.77 15395.92
14661.76 15395.92
14661.74 15395.91
14661.72 15395.89
14661.70 15395.88
14661.68 15395.87
14658.44 15397.21
14658.41 15397.17
14658.39 15397.12
14625.59 15343.48
14620.06 15333.69
14614.38 15323.62
14608.48 15313.19
14602.64 15302.85
14597.17 15292.94
14591.60 15282.04
14586.43 15271.99
14580.87 15261.19
14579.43 15251.18
14574.56 15241.27
14567.74 15226.20
14563.43 15217.20
14558.58 15208.71
14549.78 15191.20
14544.19 15179.57
14539.47 15168.61
14534.62 15157.31
14529.69 15145.89
14524.81 15134.59
14519.78 15122.93
14514.78 15111.35
14506.32 15090.96
14501.77 15079.70
14497.17 15068.31
14492.73 15057.33
14488.32 15046.42
14483.62 15034.79
14478.78 15023.06
14470.95 15003.09
14466.79 14991.84
14462.80 14981.14
14458.69 14970.35
14451.36 14949.90
14447.42 14938.14
14443.30 14925.87
14439.32 14914.01
14435.71 14901.74
14432.44 14890.16
14429.20 14878.73
14424.13 14856.48
14420.78 14844.49
14417.33 14832.16
14413.88 14819.85
14410.48 14807.70
14407.34 14795.50
14404.23 14783.31
14401.13 14771.14
14398.08 14759.22
14393.67 14741.00
14390.74 14728.26
14387.85 14715.66
14381.86 14704.38
14379.05 14692.16
14376.33 14680.22
14373.63 14667.75
14370.86 14654.95
14368.18 14642.53
14363.83 14622.46
14359.92 14605.56
14355.84 14595.19
14354.27 14588.35
14349.54 14568.23
14346.89 14557.23
14344.29 14546.13
14342.56 14535.17
14340.73 14523.57
14333.49 14503.63
14330.86 14499.41
14329.15 14496.68
14328.19 14495.17
14328.15 14495.10
14328.15 14495.10
14328.15 14495.10
14328.15 14495.10
14327.85 14494.64
14327.16 14493.61
14317.66 14480.37
14314.94 14479.48
14311.34 14478.30
14307.02 14477.23
14293.70 14475.93
14282.21 14475.44
14269.51 14475.50
14257.48 14476.25
14244.66 14477.11
14231.77 14477.98
14219.38 14478.82
14206.89 14479.66
14194.27 14480.51
14181.78 14481.35
14170.80 14482.09
14163.95 14482.55
14160.18 14482.81
14160.10 14482.81
14160.10 14482.81
14160.10 14482.81
14160.10 14482.81
14160.10 14482.81
14160.10 14482.81
14160.10 14482.81
14160.10 14482.81
14159.44 14482.86
14157.52 14482.98
14154.24 14483.21
14150.94 14483.12
14150.18 14482.95
14149.80 14482.86
14149.64 14482.82
14149.59 14482.81
14149.54 14482.80
14149.54 14482.80
14149.53 14482.80
14149.53 14482.80
14149.53 14482.80
14149.53 14482.80
14149.53 14482.80
14149.53 14482.80
14149.53 14482.80
14149.53 14482.80
14149.53 14482.80
14149.53 14482.80
14149.53 14482.80
14149.53 14482.80
14149.53 14482.80
14149.53 14482.80
14149.53 14482.80
14149.53 14482.80
14149.53 14482.80
14149.53 14482.80
14149.53 14482.80
14149.53 14482.80
14149.53 14482.80
14149.53 14482.80
14149.53 14482.80
14149.53 14482.80
14149.53 14482.80
14149.53 14482.80
14149.53 14482.80
14149.53 14482.80
14149.53 14482.80
14149.53 14482.80
14149.53 14482.80
14149.53 14482.80
14149.53 14482.80
14149.53 14482.80
14149.53 14482.80
14149.53 14482.80
14149.53 14482.80
14149.53 14482.80
14149.53 14482.80
14149.53 14482.80
14149.53 14482.80
14149.53 14482.80
14149.53 14482.80
14149.53 14482.80
14149.53 14482.80
14149.53 14482.80
14149.53 14482.80
14149.53 14482.80
14149.53 14482.80
14149.53 14482.80
14149.53 14482.80
14149.53 14482.80
14149.53 14482.80
14149.53 14482.80
14149.53 14482.80
14149.53 14482.80
14149.53 14482.80
14149.53 14482.80
14149.53 14482.80
14149.53 14482.80
14148.18 14482.48
14144.82 14481.70
14127.32 14472.22
14123.82 14472.72
14117.93 14473.15
14107.18 14472.47
14094.30 14471.62
14079.34 14474.37
14067.62 14474.40
14055.22 14474.44
14043.60 14474.48
14031.52 14474.52
14019.43 14474.56
14007.95 14474.32
13996.51 14473.99
13984.70 14473.35
13973.28 14472.59
13962.07 14472.19
13950.39 14471.68
13941.93 14471.25
13931.30 14470.70
13875.91 14468.26
13864.88 14467.15
13854.28 14465.95
13843.54 14464.74
13833.26 14463.57
13823.30 14462.45
13812.99 14461.28
13802.47 14460.09
13791.13 14458.79
13778.07 14457.20
13768.83 14456.02
13735.36 14451.13
13727.57 14450.85
13719.84 14450.57
13711.89 14450.28
13704.49 14450.02
13699.08 14449.82
13695.78 14449.70
13694.77 14449.67
13694.56 14449.66
13694.52 14449.66
13694.52 14449.66
13694.51 14449.66
13694.51 14449.66
13694.51 14449.66
13694.51 14449.66
13694.51 14449.66
13694.51 14449.66
13694.23 14449.65
13693.15 14449.61
13671.53 14425.27
13668.29 14422.49
13668.51 14419.23
13669.29 14415.09
13670.20 14410.28
13674.27 14389.36
13676.12 14376.65
13677.46 14363.71
13678.59 14350.76
13679.64 14338.68
13680.70 14326.48
13681.80 14314.32
13682.99 14303.75
13674.51 14298.58
13668.09 14297.69
13661.61 14296.79
13655.14 14295.89
13648.69 14295.00
13642.30 14294.11
13635.89 14293.22
13630.95 14292.53
13623.80 14299.87
13623.12 14307.24
13623.17 14311.66
13616.46 14316.57
13608.96 14315.64
13601.96 14314.78
13595.53 14313.98
13588.54 14313.11
13582.01 14312.30
13569.59 14311.97
13562.77 14314.02
13555.89 14316.09
13549.16 14318.91
13542.48 14322.29
13536.41 14325.82
13530.14 14330.15
13523.61 14331.15
13517.04 14331.05
13513.96 14331.00
13506.33 14324.62
13506.35 14319.15
13506.39 14312.54
13506.44 14304.79
13506.47 14299.96
13502.69 14295.66
13500.96 14295.74
13498.63 14295.85
13496.96 14295.93
13494.94 14296.02
13492.57 14296.13
13490.63 14296.22
13488.66 14296.31
13486.29 14296.43
13483.60 14296.55
13482.02 14296.62
13480.21 14296.71
13478.43 14296.79
13476.05 14296.90
13473.67 14297.01
13471.42 14297.12
13469.02 14297.23
13467.20 14297.31
13465.58 14297.39
13463.80 14297.47
13461.32 14297.59
13459.07 14297.69
13456.81 14297.80
13454.09 14297.92
13451.81 14298.03
13449.62 14298.13
13447.95 14298.21
13445.91 14298.31
13443.48 14298.42
13441.63 14298.50
13439.97 14298.58
13438.40 14298.66
13436.80 14298.73
13435.16 14298.81
13432.62 14298.92
13430.95 14299.00
13429.27 14299.08
13426.80 14299.20
13425.00 14299.28
13422.94 14299.37
13420.94 14299.47
13419.40 14299.54
13417.24 14299.64
13414.86 14299.75
13412.86 14299.84
13410.72 14299.94
13408.87 14300.03
13406.99 14300.12
13404.92 14300.21
13403.00 14300.30
13401.33 14300.38
13399.14 14300.48
13396.77 14300.59
13394.51 14300.70
13392.00 14300.82
13390.20 14300.87
13388.38 14300.93
13386.39 14300.99
13383.77 14301.07
13382.13 14301.11
13380.07 14301.18
13378.31 14301.26
13376.18 14301.36
13373.99 14301.47
13371.26 14301.59
13369.25 14301.69
13367.55 14301.77
13364.97 14301.89
13363.13 14301.98
13361.59 14302.05
13359.89 14302.13
13357.21 14302.25
13355.47 14302.34
13353.24 14302.44
13350.87 14302.55
13349.36 14302.62
13347.66 14302.70
13345.89 14302.79
13343.83 14302.88
13342.06 14302.97
13340.37 14303.05
13338.15 14303.15
13336.19 14303.24
13333.94 14303.35
13332.31 14303.42
13330.34 14303.52
13328.32 14303.61
13325.94 14303.72
