6571.69 26423.83
6570.48 26421.63
6568.34 26417.75
6565.31 26411.98
6561.95 26405.15
6558.81 26398.79
6555.94 26392.97
6553.06 26385.94
6550.55 26379.75
6548.07 26373.64
6545.24 26366.68
6542.45 26359.79
6539.86 26353.40
6537.19 26346.81
6534.26 26339.93
6530.89 26333.29
6527.02 26327.80
6523.13 26322.65
6519.12 26317.34
6514.78 26312.13
6510.18 26306.90
6505.95 26301.98
6500.74 26296.94
6496.05 26292.57
6490.88 26288.28
6485.21 26284.14
6479.31 26279.80
6473.97 26275.82
6468.38 26271.66
6462.47 26267.25
6457.12 26263.26
6451.56 26259.74
6445.49 26256.12
6439.52 26252.55
6433.08 26248.71
6427.28 26245.25
6421.18 26241.61
6415.10 26237.98
6409.75 26234.50
6404.29 26230.68
6398.16 26226.37
6392.53 26222.21
6387.33 26217.96
6381.96 26213.57
6376.41 26209.04
6370.73 26204.32
6365.13 26199.64
6360.12 26195.45
6354.94 26191.11
6349.95 26186.94
6344.59 26182.03
6339.66 26177.26
6334.91 26172.68
6330.20 26168.12
6325.13 26163.22
6320.27 26158.53
6315.39 26153.81
6310.79 26149.37
6305.42 26144.18
6300.00 26138.94
6297.05 26136.10
6301.06 26135.38
6306.14 26140.29
6311.58 26145.54
6317.00 26150.77
6322.28 26155.88
6327.22 26160.65
6332.65 26165.89
6337.88 26170.95
6343.13 26176.01
6348.27 26180.99
6353.19 26185.34
6358.64 26189.90
6364.36 26194.69
6369.43 26198.94
6374.50 26203.18
6380.04 26207.75
6385.26 26212.02
6391.08 26216.77
6397.00 26221.53
6402.56 26225.43
6408.27 26229.44
6413.88 26233.37
6419.44 26236.72
6425.32 26240.23
6431.83 26244.12
6437.66 26247.60
6443.43 26251.04
6449.52 26254.68
6455.44 26258.21
6461.62 26262.49
6467.07 26266.55
6472.34 26270.49
6478.29 26274.92
6483.49 26278.78
6488.93 26282.76
6494.75 26287.02
6499.62 26291.39
6504.60 26296.02
6509.74 26301.32
6514.34 26306.66
6518.80 26311.68
6523.47 26317.63
6527.56 26323.04
6532.04 26328.97
6535.68 26335.44
6538.64 26341.59
6541.35 26348.28
6543.89 26354.54
6546.35 26360.60
6549.11 26367.41
6551.94 26374.39
6554.76 26381.35
6557.17 26387.28
6559.73 26393.18
6562.60 26399.01
6565.86 26405.64
6568.80 26411.61
6572.41 26418.31
6575.68 26424.22
6573.39 26442.56
6566.21 26446.71
6557.10 26451.65
6546.37 26457.48
6535.29 26463.50
6524.66 26468.46
6513.72 26474.95
6503.18 26481.63
6493.76 26489.13
6483.75 26497.12
6473.98 26504.90
6464.79 26512.23
6455.36 26519.74
6445.41 26527.67
6435.64 26535.46
6425.95 26543.35
6416.40 26551.36
6406.93 26559.30
6397.77 26566.98
6388.53 26574.73
6379.31 26582.47
6370.06 26590.23
6360.80 26598.00
6351.52 26605.79
6342.31 26613.51
6333.09 26621.05
6323.98 26628.23
6314.61 26635.62
6305.10 26643.11
6295.25 26650.88
6285.77 26658.36
6275.91 26666.13
6265.83 26673.26
6256.07 26680.02
6246.37 26686.75
6235.95 26693.98
6224.61 26699.77
6214.00 26704.85
6203.14 26710.25
6196.14 26713.49
6191.09 26722.49
6189.23 26729.73
6170.30 26739.69
6164.56 26738.14
6154.55 26720.38
6156.20 26714.60
6159.60 26703.65
6155.33 26691.97
6151.10 26680.41
6147.19 26668.62
6143.50 26657.26
6139.94 26646.15
6136.43 26635.00
6132.67 26623.05
6129.77 26610.61
6126.88 26598.19
6124.24 26586.87
6121.42 26574.77
6118.67 26562.99
6116.45 26549.73
6114.30 26535.35
6111.77 26518.48
6109.51 26501.16
6107.66 26483.58
6105.92 26465.42
6104.64 26447.67
6103.72 26430.42
6102.81 26412.63
6101.92 26395.03
6101.03 26377.48
6100.14 26360.08
6099.24 26342.36
6098.36 26325.08
6097.36 26307.02
6096.36 26288.95
6095.38 26271.36
6094.45 26254.02
6093.71 26236.51
6092.97 26219.18
6092.20 26201.10
6091.44 26183.32
6090.68 26165.27
6089.97 26148.52
6089.47 26137.09
6088.98 26125.98
6088.51 26115.45
6088.01 26104.12
6087.52 26092.90
6087.02 26081.71
6086.52 26070.39
6084.92 26042.50
6084.66 26037.73
6084.47 26034.28
6084.36 26032.24
6086.73 26020.83
6085.85 26013.22
6084.77 26003.89
6083.44 25992.50
6081.71 25981.38
6079.36 25970.31
6077.12 25959.83
6074.68 25948.49
6072.43 25938.06
6067.70 25924.50
6063.41 25913.62
6059.04 25902.52
6054.51 25891.23
6048.90 25880.05
6043.30 25868.88
6037.95 25858.23
6030.87 25847.33
6026.78 25838.71
6022.71 25830.12
6018.60 25821.46
6014.58 25812.98
6010.70 25804.82
6006.58 25796.13
6002.91 25788.37
6000.33 25782.94
5986.85 25755.65
5981.49 25746.70
5976.16 25737.79
5971.05 25729.25
5965.74 25720.38
5960.48 25711.95
5954.88 25703.99
5948.71 25695.22
5943.01 25687.13
5937.00 25678.59
5931.39 25670.62
5925.55 25662.33
5919.43 25653.63
5913.45 25645.14
5907.29 25636.39
5901.83 25628.76
5897.84 25623.27
5896.00 25620.74
5869.65 25592.01
5865.72 25589.50
5860.67 25586.36
5854.49 25583.42
5846.85 25580.80
5837.33 25579.72
5828.45 25582.31
5812.89 25594.23
5804.98 25605.85
5796.68 25618.03
5788.80 25629.61
5781.16 25640.83
5773.49 25652.09
5765.82 25663.36
5761.18 25676.42
5760.30 25690.08
5762.18 25703.87
5769.24 25715.58
5779.75 25724.13
5792.57 25729.27
5807.01 25729.56
5820.82 25725.26
5831.70 25716.84
5839.68 25705.79
5845.13 25692.34
5850.08 25678.66
5854.84 25665.53
5868.43 25635.53
5872.87 25618.89
5877.96 25599.88
5883.50 25579.15
5889.95 25556.28
5897.41 25531.38
5905.31 25505.00
5913.59 25477.37
5922.30 25444.33
5932.35 25413.15
5942.82 25380.65
5954.22 25346.45
5966.67 25310.10
5980.24 25271.82
5995.33 25231.87
6011.39 25190.90
6028.39 25148.01
6046.63 25104.21
6065.81 25058.62
6086.62 25011.56
6108.50 24962.70
6131.71 24912.84
6155.90 24863.89
6181.18 24814.48
6206.57 24765.85
6232.30 24718.10
6259.25 24670.33
6287.67 24623.47
6316.43 24576.07
6344.84 24529.46
6374.09 24483.09
6403.51 24436.48
6432.59 24390.66
6463.89 24345.01
6494.97 24299.66
6526.13 24254.21
6559.27 24210.25
6592.39 24166.32
6626.15 24123.31
6662.50 24081.80
6698.44 24040.75
6734.61 23999.43
6770.38 23958.58
6806.59 23917.22
6843.11 23875.51
6878.86 23834.68
6915.66 23794.28
6953.27 23754.02
6990.47 23714.21
7027.54 23674.52
7065.42 23633.97
7104.11 23594.29
7143.55 23555.57
7181.97 23516.55
7220.21 23476.93
7258.05 23437.72
7296.15 23398.24
7334.24 23358.77
7372.09 23319.55
7410.31 23279.95
7448.33 23240.55
7486.72 23200.77
7524.55 23161.61
7562.71 23121.58
7600.26 23080.87
7637.49 23040.52
7674.63 23000.26
7711.44 22960.36
7748.27 22920.44
7785.74 22879.83
7822.75 22839.36
7859.52 22797.75
7895.73 22756.79
7932.07 22715.67
7967.34 22675.77
7999.89 22638.94
8029.46 22605.48
8056.15 22575.29
8079.86 22548.46
8100.45 22524.60
8120.10 22501.23
8140.36 22477.12
8160.59 22453.05
8180.82 22428.98
8201.02 22404.94
8220.79 22381.42
8240.34 22358.16
8260.39 22334.31
8279.84 22311.16
8299.77 22287.46
8319.53 22263.95
8339.72 22239.92
8359.57 22215.86
8379.38 22191.71
8398.60 22168.29
8417.93 22144.73
8437.40 22121.00
8454.04 22100.63
8469.11 22081.88
8484.30 22062.96
8499.51 22044.03
8515.27 22024.43
8530.54 22005.41
8545.84 21986.20
8560.90 21966.84
8575.95 21947.04
8590.82 21927.50
8605.94 21907.61
8620.69 21888.21
8635.48 21868.76
8650.16 21849.46
8665.10 21829.82
8679.68 21810.63
8694.89 21790.64
8709.75 21771.09
8724.58 21751.87
8739.50 21732.77
8754.27 21713.87
8769.19 21694.76
8784.27 21675.46
8799.65 21655.78
8814.53 21636.73
8829.55 21617.49
8844.62 21598.03
8859.75 21578.42
8874.73 21559.02
8890.08 21539.13
8926.18 21494.83
8941.69 21474.16
8957.01 21453.74
8972.47 21433.15
8987.63 21412.95
9003.09 21392.36
9018.37 21371.99
9033.83 21351.39
9049.47 21331.31
9065.07 21311.37
9080.99 21291.02
9096.34 21271.39
9111.51 21251.84
9128.68 21229.79
9143.47 21210.74
9158.75 21191.04
9174.13 21171.22
9189.78 21148.43
9205.59 21128.53
9221.20 21108.89
9236.75 21089.19
9251.86 21069.24
9267.11 21049.53
9282.70 21028.92
9297.97 21008.74
9313.17 20988.64
9328.76 20968.04
9343.80 20948.16
9358.87 20928.23
9373.66 20908.90
9389.62 20888.72
9404.89 20869.41
9420.68 20849.45
9436.40 20829.58
9451.72 20810.20
9467.38 20790.40
9482.97 20770.20
9497.83 20750.12
9512.65 20730.11
9527.97 20709.82
9543.73 20689.73
9559.04 20670.21
9574.40 20650.63
9589.84 20630.95
9605.29 20611.24
9621.08 20591.12
9636.46 20571.51
9652.27 20551.35
9667.75 20531.61
9683.16 20511.97
9699.93 20495.94
9714.87 20475.86
9729.79 20455.74
9744.72 20435.60
9759.50 20415.67
9774.76 20395.10
9790.17 20375.80
9806.04 20356.05
9820.89 20336.24
9836.11 20315.71
9851.50 20294.95
9866.52 20274.70
9881.92 20253.92
9908.56 20220.85
9923.91 20200.66
9936.45 20179.06
9951.69 20159.51
9967.17 20139.66
9982.88 20119.52
9998.56 20096.60
10012.34 20078.14
10026.26 20059.47
10039.65 20041.52
10053.54 20022.90
10067.14 20004.68
10081.14 19985.91
10094.89 19967.48
10123.30 19933.26
10139.08 19913.83
10155.02 19894.20
10170.88 19874.66
10187.02 19854.77
10202.44 19831.54
10217.98 19810.50
10232.88 19790.33
10248.25 19769.52
10263.15 19749.35
10278.41 19728.69
10293.40 19708.40
10308.31 19688.22
10323.85 19667.18
10338.90 19646.80
10353.85 19626.56
10368.72 19605.79
10383.50 19584.83
10398.53 19563.51
10412.90 19543.13
10427.66 19522.20
10442.48 19501.18
10457.46 19479.94
10471.94 19459.40
10486.96 19438.11
10501.40 19417.63
10516.38 19396.38
10531.36 19375.14
10545.87 19354.45
10560.43 19333.00
10575.00 19311.54
10589.56 19290.10
10604.23 19268.50
10618.95 19246.82
10633.09 19225.98
10647.71 19204.46
10661.62 19183.42
10675.61 19161.84
10689.55 19140.34
10703.38 19119.01
10717.40 19097.39
10731.55 19075.56
10745.33 19054.30
10759.00 19033.21
10772.65 19011.22
10786.33 18989.12
10800.00 18967.05
10813.52 18945.23
10826.66 18924.01
10840.09 18902.34
10853.73 18880.32
10867.30 18858.40
10880.74 18836.51
10894.18 18814.42
10907.67 18792.25
10920.86 18770.58
10934.36 18748.38
10947.97 18726.01
10961.21 18704.24
10974.73 18682.02
10988.23 18659.83
11001.10 18637.73
11013.89 18615.58
11026.70 18593.39
11039.34 18571.50
11052.20 18549.25
11064.81 18527.41
11077.86 18504.81
11090.51 18481.96
11101.87 18459.40
11113.27 18436.74
11124.94 18413.57
11136.17 18391.24
11147.73 18368.29
11159.39 18345.12
11170.86 18322.34
11181.78 18298.84
11192.22 18276.01
11202.60 18253.33
11212.33 18229.32
11224.88 18203.59
11234.60 18181.14
11243.66 18158.31
11252.90 18135.04
11263.30 18108.74
11272.08 18085.61
11280.96 18062.24
11289.18 18039.47
11296.28 18012.81
11304.30 17988.78
11312.14 17965.28
11320.21 17940.91
11327.39 17917.40
11334.88 17892.85
11342.35 17868.21
11349.44 17843.89
11356.55 17819.48
11363.50 17795.63
11370.62 17771.18
11377.51 17747.36
11384.61 17722.67
11391.66 17698.16
11398.87 17673.38
11406.07 17649.04
11412.99 17625.05
11420.13 17600.88
11427.77 17576.54
11435.45 17552.06
11443.53 17528.40
11452.09 17504.31
11460.93 17480.09
11470.15 17456.17
11479.44 17432.11
11488.56 17408.62
11498.41 17385.11
11507.92 17362.45
11524.52 17327.78
11535.09 17304.63
11546.02 17281.02
11557.11 17258.33
11568.66 17235.00
11580.78 17213.24
11592.74 17191.75
11604.67 17170.35
11616.40 17149.28
11627.60 17129.17
11639.77 17108.65
11651.98 17088.87
11663.89 17069.57
11674.61 17052.20
11684.54 17036.12
11694.28 17020.34
11704.93 17003.09
11711.75 16985.76
11721.74 16966.28
11732.49 16948.50
11743.81 16929.77
11755.76 16910.00
11766.25 16892.65
11776.57 16875.58
11787.89 16856.85
11799.45 16837.74
11810.29 16819.80
11820.24 16803.33
11829.75 16787.61
11837.78 16774.32
11844.28 16762.51
11849.77 16748.75
11855.52 16737.89
11861.79 16726.03
11868.11 16713.87
11874.02 16702.21
11880.29 16689.82
11886.75 16677.05
11893.01 16664.67
11898.73 16653.31
11904.72 16641.33
11911.09 16628.59
11917.12 16616.10
11922.46 16603.84
11928.22 16590.61
11933.57 16578.34
11942.20 16548.05
11941.78 16537.05
11939.75 16527.03
11936.38 16516.63
11931.06 16508.59
11918.06 16492.65
11909.14 16486.55
11899.85 16480.46
11890.88 16474.62
11882.35 16469.07
11873.59 16462.76
11864.78 16456.25
11856.86 16450.39
11848.09 16443.91
11840.41 16438.23
11831.51 16431.65
11824.19 16426.24
11815.14 16419.36
11805.89 16412.31
11797.75 16406.10
11785.63 16395.28
11778.70 16388.83
11771.79 16382.42
11764.44 16375.58
11756.87 16366.90
11749.72 16358.60
11740.14 16350.01
11734.66 16343.64
11729.22 16337.25
11723.37 16330.37
11719.68 16326.04
11717.79 16323.81
11717.58 16323.57
11717.53 16323.50
11717.48 16323.45
11717.48 16323.45
11717.48 16323.45
11717.48 16323.45
11717.48 16323.45
11717.48 16323.45
11717.06 16322.96
11716.11 16321.84
11714.23 16319.63
11712.80 16317.95
11712.33 16317.39
11712.09 16317.11
11711.93 16316.92
11711.90 16316.89
11711.88 16316.87
11711.88 16316.86
11711.88 16316.86
11711.88 16316.86
11711.88 16316.86
11711.88 16316.86
11711.02 16315.85
11709.49 16314.06
11693.74 16289.59
11690.08 16284.02
11685.42 16276.98
11679.84 16268.93
11673.12 16259.24
11666.60 16249.85
11659.89 16239.84
11653.45 16230.18
11647.27 16220.90
11641.06 16211.55
11634.98 16202.28
11628.92 16193.06
11622.90 16183.90
11616.92 16174.79
11610.66 16165.26
11604.52 16155.90
11598.31 16146.45
11587.37 16133.00
11581.65 16124.55
11575.62 16115.64
11569.40 16106.45
11563.16 16097.23
11557.72 16089.18
11551.83 16080.48
11543.77 16065.36
11538.10 16056.78
11532.55 16048.24
11528.11 16038.48
11523.45 16028.68
11518.37 16019.67
11508.79 16004.57
11503.16 15995.83
11497.28 15986.70
11491.52 15977.75
11485.44 15968.71
11475.96 15954.40
11470.25 15945.53
11464.10 15935.98
11458.36 15927.08
11452.57 15918.10
11447.01 15909.48
11441.06 15900.24
11435.90 15892.59
11432.21 15888.44
11430.79 15886.85
11430.57 15886.60
11430.56 15886.60
11430.56 15886.59
11430.56 15886.59
11430.56 15886.59
11430.56 15886.59
11430.56 15886.59
11430.56 15886.59
11430.56 15886.59
11430.56 15886.59
11430.56 15886.59
11430.56 15886.59
11430.56 15886.59
11430.56 15886.59
11430.56 15886.59
11429.79 15885.72
11428.15 15883.83
11421.06 15881.96
11419.50 15882.90
11417.26 15884.26
11414.40 15886.01
11410.97 15888.13
