15822.26 13612.12
15821.45 13614.19
15819.75 13618.56
15814.09 13624.00
15810.85 13632.30
15804.09 13640.55
15799.72 13651.77
15794.52 13665.10
15789.08 13679.06
15783.83 13692.51
15777.78 13705.35
15771.59 13718.20
15765.35 13731.14
15759.14 13744.04
15752.70 13757.39
15746.43 13770.40
15741.41 13780.94
15736.53 13791.23
15731.75 13801.30
15726.87 13811.60
15721.98 13821.89
15717.71 13830.88
15714.96 13835.91
15714.14 13837.39
15713.85 13837.94
15713.84 13837.95
15713.83 13837.96
15713.83 13837.96
15713.83 13837.96
15710.12 13844.99
15708.43 13848.40
15706.05 13853.20
15702.95 13859.46
15699.09 13867.26
15695.68 13876.48
15692.28 13886.94
15688.96 13897.13
15686.35 13905.14
15684.71 13910.18
15683.98 13912.45
15683.84 13912.86
15683.84 13912.86
15683.84 13912.86
15683.84 13912.86
15683.84 13912.86
15689.39 13938.24
15689.57 13939.47
15689.86 13941.41
15690.25 13943.94
15690.78 13947.29
15691.13 13949.48
15691.24 13950.21
15691.25 13950.24
15692.45 13958.95
15692.91 13961.45
15693.66 13965.56
15694.61 13970.74
15695.90 13977.84
15701.29 13990.12
15703.19 14001.59
15705.07 14012.93
15707.00 14024.60
15705.24 14034.13
15707.23 14046.14
15709.18 14057.94
15711.11 14069.56
15712.92 14080.54
15714.85 14092.17
15716.40 14103.38
15715.21 14114.59
15710.74 14125.09
15704.82 14134.62
15695.21 14141.34
15684.78 14145.15
15674.01 14148.15
15662.91 14150.51
15651.71 14152.90
15640.09 14155.37
15628.93 14157.75
15617.53 14160.18
15605.99 14162.64
15594.36 14165.12
15582.88 14167.56
15571.08 14170.08
15559.51 14172.54
15547.51 14175.10
15536.42 14177.46
15525.53 14179.79
15506.34 14187.38
15503.18 14188.08
15501.35 14188.49
15500.27 14188.73
15500.22 14188.75
15484.77 14192.19
15483.18 14192.54
15480.86 14192.96
15479.35 14193.23
15479.24 14193.25
15479.22 14193.25
15479.22 14193.25
15479.22 14193.26
15479.22 14193.26
15479.22 14193.26
15468.09 14195.30
15464.28 14195.84
15458.81 14196.62
15451.10 14197.71
15441.81 14199.03
15430.37 14200.66
15419.13 14202.25
15408.02 14203.83
15396.74 14205.43
15386.06 14206.76
15374.76 14208.03
15367.19 14208.81
15358.99 14209.77
15348.90 14210.83
15336.20 14214.24
15325.84 14215.73
15315.52 14217.21
15305.24 14218.68
15295.92 14220.01
15290.05 14217.52
15284.18 14218.35
15281.06 14218.80
15280.93 14218.82
15280.87 14218.83
15280.82 14218.83
15280.81 14218.84
15280.81 14218.84
15280.81 14218.84
15280.81 14218.84
15280.81 14218.84
15280.81 14218.84
15280.25 14218.92
15278.37 14219.18
15276.05 14219.52
15274.66 14219.71
15271.84 14220.12
15240.91 14225.48
15235.73 14226.00
15228.66 14226.74
15219.78 14227.50
15209.81 14228.16
15200.03 14228.81
15190.82 14229.42
15181.23 14230.06
15171.32 14230.72
15161.83 14231.35
15152.19 14231.99
15142.29 14232.73
15132.40 14233.35
15092.93 14233.95
15086.56 14233.62
15080.28 14232.30
15074.24 14230.04
15062.36 14224.58
15056.39 14221.22
15050.56 14217.81
15037.06 14208.01
15026.12 14198.27
15022.21 14194.48
15012.14 14182.56
15005.94 14173.53
14999.24 14163.77
14993.54 14154.34
14987.97 14144.81
14982.65 14134.33
14978.48 14123.28
14974.59 14112.97
14970.83 14102.37
14967.59 14091.94
14963.86 14070.98
14962.17 14058.97
14960.76 14047.85
14959.24 14035.80
14957.73 14023.93
14956.25 14012.20
14954.78 14000.53
14953.24 13988.42
14951.78 13976.87
14949.73 13965.59
14947.15 13954.22
14943.52 13943.19
14938.32 13933.35
14932.83 13923.64
14926.29 13914.39
14917.78 13905.82
14908.77 13898.88
14898.08 13892.97
14887.26 13889.09
14876.24 13886.96
14864.73 13885.24
14853.27 13884.12
14841.30 13883.03
14829.25 13882.04
14817.20 13881.08
14805.48 13880.20
14793.61 13879.46
14782.33 13879.03
14770.07 13878.56
14758.29 13878.11
14746.95 13877.67
14735.51 13877.23
14723.74 13876.78
14711.57 13876.05
14699.63 13875.21
14688.05 13874.38
14676.88 13873.59
14665.25 13872.76
14653.58 13871.94
14641.56 13871.08
14629.90 13870.25
14618.35 13869.43
14607.23 13868.64
14595.22 13867.79
14583.15 13866.93
14571.06 13866.07
14559.45 13865.25
14547.58 13864.41
14536.39 13863.61
14525.26 13862.82
14513.49 13861.99
14502.18 13861.18
14490.82 13860.38
14479.26 13859.56
14467.61 13858.73
14455.54 13857.87
14443.32 13857.00
14431.01 13856.13
14419.31 13855.30
14407.16 13854.44
14395.17 13853.58
14383.76 13852.77
14372.30 13851.98
14360.34 13851.15
14348.54 13850.55
14327.96 13848.44
14317.57 13847.18
14306.66 13845.57
14295.57 13843.97
14284.62 13840.89
14273.95 13837.74
14263.68 13834.69
14253.21 13831.58
14243.12 13828.25
14226.08 13822.45
14217.79 13819.13
14202.14 13813.21
14197.76 13811.97
14179.40 13806.97
14169.62 13805.61
14159.10 13804.46
14149.43 13803.41
14139.22 13802.30
14129.63 13801.22
14119.97 13799.98
14109.72 13797.40
14100.29 13794.70
14090.08 13791.85
14080.33 13789.07
14071.13 13786.06
14061.78 13783.27
14052.97 13779.66
14044.21 13775.78
14011.09 13763.13
14002.00 13760.47
13992.67 13758.28
13983.45 13756.13
13974.03 13753.92
13964.25 13752.06
13949.02 13750.59
13940.80 13749.24
13932.81 13748.04
13924.33 13746.69
13916.29 13745.38
13908.64 13743.65
13903.29 13742.44
13900.42 13741.82
13899.72 13741.70
13899.39 13741.64
13899.20 13741.61
13899.16 13741.60
13899.16 13741.60
13871.71 13734.69
13868.96 13734.22
13864.42 13733.45
13857.98 13732.35
13849.71 13731.08
13839.73 13730.04
13830.09 13729.55
13820.62 13729.50
13808.69 13731.73
13800.30 13732.55
13795.52 13733.02
13792.89 13733.28
13792.79 13733.29
13792.76 13733.30
13792.75 13733.30
13792.75 13733.30
13792.74 13733.30
13792.74 13733.30
13792.74 13733.30
13792.74 13733.30
13792.74 13733.30
13791.65 13733.43
13788.92 13733.76
13786.97 13734.00
13784.01 13734.35
13783.46 13734.42
13782.98 13734.48
13782.84 13734.49
13781.98 13734.60
13781.36 13734.71
13780.81 13734.82
13779.74 13735.03
13777.96 13735.39
13774.12 13736.14
13769.01 13737.24
13751.12 13745.50
13745.06 13747.06
13737.56 13749.18
13728.88 13751.75
13719.70 13754.47
13710.77 13757.11
13701.65 13762.95
13698.31 13767.07
13690.21 13778.73
13687.64 13787.09
13685.19 13795.06
13682.55 13803.67
13680.01 13811.94
13677.44 13820.33
13674.94 13828.48
13672.30 13837.08
13664.34 13907.27
13664.62 13914.50
13664.89 13921.53
13665.18 13929.13
13665.46 13936.45
13665.74 13943.76
13666.03 13951.23
13666.88 13958.81
13667.87 13966.19
13668.60 13971.53
13668.95 13974.16
13669.01 13974.60
13669.02 13974.69
13669.12 13975.43
13669.29 13976.66
13673.09 13992.92
13673.57 13994.81
13674.21 13997.31
13674.40 14004.03
13677.23 14013.44
13680.25 14024.75
13683.04 14035.18
13686.23 14045.47
13689.51 14055.99
13692.66 14066.12
13695.06 14073.80
13696.95 14079.88
13696.96 14079.92
13696.97 14079.96
13697.00 14080.05
13700.77 14092.68
13700.81 14092.79
13706.14 14105.88
13708.22 14115.09
13710.42 14124.81
13712.71 14134.93
13715.02 14145.18
13724.59 14162.72
13728.23 14165.55
13731.80 14168.32
13737.57 14166.61
13738.90 14160.42
13739.86 14154.09
13740.19 14148.09
13740.34 14142.46
13740.52 14135.78
13740.68 14129.61
13740.86 14122.91
13741.03 14116.59
13741.20 14110.30
13741.35 14104.67
13741.51 14098.65
13741.62 14094.41
13742.98 14082.72
13742.53 14075.84
13741.93 14066.79
13741.20 14055.72
13740.45 14044.21
13740.25 14033.53
13739.62 14022.08
13739.00 14010.81
13738.39 13999.61
13737.60 13988.94
13734.48 13970.83
13730.13 13957.90
13727.77 13946.37
13726.25 13935.21
13725.21 13923.81
