17029.68 10603.13
17028.34 10602.27
17025.81 10600.65
17021.60 10598.67
17015.76 10595.99
17008.42 10594.59
16999.40 10593.87
16988.57 10595.51
16979.45 10600.16
16970.96 10606.87
16964.66 10615.12
16961.12 10624.90
16959.66 10635.60
16960.84 10645.65
16965.55 10655.31
16983.43 10685.56
16992.83 10696.82
17003.11 10709.13
17014.99 10723.35
17028.67 10739.02
17044.07 10755.95
17060.36 10773.86
17077.83 10793.07
17098.90 10812.18
17116.91 10830.20
17135.04 10847.65
17153.89 10865.40
17172.55 10882.40
17191.63 10899.79
17210.86 10916.42
17229.97 10932.91
17249.73 10949.48
17270.22 10965.66
17290.06 10981.33
17310.60 10997.55
17330.42 11013.20
17351.03 11028.86
17372.43 11044.31
17393.24 11058.62
17414.64 11073.34
17436.57 11087.75
17458.09 11101.23
17480.06 11114.85
17502.42 11127.93
17524.20 11140.67
17547.16 11153.49
17569.69 11165.87
17592.18 11177.72
17615.60 11189.83
17638.27 11200.77
17662.15 11212.04
17685.59 11223.11
17709.46 11234.37
17733.53 11244.63
17757.64 11254.58
17781.86 11264.57
17806.10 11274.21
17830.54 11283.00
17854.33 11291.48
17878.92 11299.59
17903.23 11307.60
17928.31 11315.58
17952.46 11323.22
17977.46 11330.30
18002.27 11337.21
18030.63 11342.91
18055.93 11349.17
18080.75 11355.32
18105.85 11361.53
18131.10 11367.79
18155.68 11373.87
18180.26 11379.96
18205.57 11386.12
18230.94 11392.25
18255.30 11398.14
18279.78 11404.06
18304.59 11410.06
18329.20 11417.80
18346.26 11422.14
18363.96 11426.65
18381.04 11430.99
18398.29 11435.38
18487.84 11453.49
18511.25 11458.18
18534.85 11462.70
18557.71 11466.42
18580.82 11469.75
18604.20 11472.70
18627.31 11474.21
18651.24 11472.46
18674.13 11467.11
18696.27 11458.82
18716.58 11446.94
18736.21 11433.38
18755.88 11419.64
18775.57 11405.88
18794.63 11392.56
18810.48 11381.48
18828.65 11368.93
18846.12 11356.87
18863.45 11344.90
18880.90 11332.68
18898.46 11320.17
18915.65 11307.18
18931.77 11293.74
18947.73 11276.63
18962.81 11262.25
18977.39 11247.55
18992.95 11232.93
19008.78 11219.79
19025.86 11207.50
19044.03 11196.45
19061.58 11185.78
19083.61 11176.55
19101.64 11164.73
19119.45 11153.21
19137.50 11141.72
19155.00 11130.58
19173.02 11119.18
19190.88 11107.95
19208.89 11096.63
19229.05 11081.69
19246.66 11070.31
19264.27 11059.01
19282.10 11047.68
19300.55 11035.95
19318.60 11024.49
19336.95 11012.82
19354.57 11001.44
19372.51 10989.71
19390.86 10977.72
19408.54 10966.16
19426.37 10954.53
19444.76 10943.06
19462.98 10931.70
19480.98 10920.47
19498.67 10909.44
19516.63 10898.25
19534.47 10887.05
19552.98 10875.12
19570.62 10863.74
19588.67 10852.11
19607.11 10840.22
19625.32 10828.48
19643.50 10816.76
19661.75 10804.99
19680.23 10793.08
19697.82 10781.89
19716.01 10770.33
19734.57 10758.53
19752.33 10747.24
19770.20 10735.88
19788.11 10724.49
19806.06 10713.08
19824.28 10701.49
19842.08 10690.17
19859.88 10678.86
19878.47 10667.12
19896.82 10656.27
19914.88 10645.59
19933.15 10635.21
19952.03 10624.72
19971.41 10614.16
19990.56 10604.26
20010.17 10594.12
20030.13 10585.14
20049.70 10576.44
20069.26 10568.14
20089.06 10560.30
20108.81 10552.81
20128.74 10546.41
20149.16 10540.08
20169.76 10533.90
20190.26 10528.06
20210.87 10523.02
20231.89 10518.32
20253.03 10513.95
20274.25 10510.20
20295.25 10506.78
20316.12 10503.50
20337.46 10500.57
20359.37 10498.06
20380.90 10495.59
20402.90 10493.49
20424.85 10491.91
20446.00 10490.38
20466.78 10488.88
20487.70 10487.40
20508.83 10485.90
20530.43 10484.37
20551.72 10482.87
20573.15 10481.37
20595.07 10479.85
20616.64 10478.37
20637.88 10476.90
20662.44 10476.92
20684.06 10475.63
20705.28 10474.36
20726.80 10473.07
20747.96 10471.80
20769.55 10470.51
20791.07 10469.22
20811.64 10467.99
20859.72 10462.68
20877.38 10461.27
20895.27 10459.85
20913.73 10458.57
20931.68 10457.33
20949.89 10456.08
20968.04 10454.83
20986.26 10453.58
21004.10 10452.36
21022.40 10451.10
21041.03 10449.82
21058.68 10448.62
21092.38 10447.77
21113.73 10445.72
21134.68 10443.70
21156.22 10441.63
21177.77 10439.56
21198.46 10437.57
21220.09 10435.49
21241.00 10432.95
21261.52 10430.12
21281.97 10427.30
21305.41 10422.26
21326.86 10418.74
21348.44 10414.86
21369.91 10410.75
21391.33 10406.07
21412.24 10400.73
21432.70 10395.49
21452.63 10389.61
21472.84 10383.36
21493.25 10376.97
21513.22 10369.60
21533.81 10362.01
21553.39 10353.32
21573.02 10344.33
21592.43 10335.46
21612.38 10326.33
21631.70 10317.49
21650.54 10308.15
21670.08 10297.96
21689.45 10287.86
21708.27 10278.05
21727.37 10268.09
21745.90 10257.08
21763.95 10245.81
21781.44 10234.41
21799.49 10221.99
21816.96 10209.89
21834.97 10197.35
21852.46 10184.05
21869.80 10170.69
21886.93 10157.06
21903.50 10143.51
21920.44 10129.52
21936.90 10115.92
21953.56 10101.94
21969.74 10087.76
21985.48 10073.95
22001.54 10059.88
22016.99 10045.99
22032.72 10031.82
22048.57 10017.55
22064.34 10003.35
22079.78 9989.44
22095.58 9975.21
22111.32 9960.90
22126.89 9946.48
22142.98 9931.57
22158.37 9917.31
22174.39 9902.48
22189.98 9888.04
22205.88 9873.31
22221.21 9859.11
22239.32 9843.56
22255.93 9829.44
22272.63 9815.24
22289.31 9801.07
22305.76 9787.06
22321.65 9773.05
22337.88 9758.75
22353.55 9744.94
22369.45 9730.93
22385.71 9716.60
22401.22 9702.92
22417.15 9688.60
22432.56 9674.74
22448.39 9660.51
22464.26 9646.24
22480.09 9632.00
22496.22 9617.50
22511.64 9603.64
22527.80 9589.10
22543.86 9574.66
22560.92 9557.10
22576.44 9543.18
22592.14 9529.11
22608.25 9514.66
22624.48 9500.10
22640.59 9485.65
22656.42 9471.45
22672.20 9457.31
22687.77 9443.34
22703.50 9429.24
22719.86 9414.56
22735.50 9400.54
22751.82 9385.90
22768.02 9371.37
22783.74 9357.11
22799.39 9341.59
22814.33 9326.77
22829.52 9311.72
22845.05 9296.32
22859.81 9281.69
22874.41 9266.89
22889.07 9251.30
22903.83 9235.59
22918.75 9219.72
22933.10 9204.47
22947.69 9188.02
22961.93 9171.32
22975.58 9155.31
22989.82 9138.62
23003.87 9122.05
23017.04 9104.63
23030.17 9087.24
23043.07 9070.17
23055.83 9053.28
23068.87 9035.87
23080.12 9018.34
23091.40 9000.78
23102.99 8982.73
23114.84 8964.28
23125.88 8946.16
23136.85 8927.81
23147.58 8909.84
23158.62 8891.38
23168.93 8872.81
23179.05 8853.64
23189.03 8834.72
23198.78 8816.24
23207.57 8797.14
23216.40 8777.78
23225.28 8758.30
23234.13 8738.53
23242.81 8718.27
23251.37 8698.31
23259.57 8679.18
23267.55 8659.55
23274.65 8639.68
23281.67 8620.03
23288.89 8599.82
23296.18 8579.43
23302.92 8559.67
23308.59 8537.01
23314.78 8517.79
23321.15 8498.00
23326.26 8481.03
23326.50 8480.07
23326.72 8479.15
23326.95 8478.22
23327.17 8477.31
23350.42 8374.40
23354.80 8353.40
23358.02 8329.79
23361.28 8305.88
23364.56 8281.85
23369.85 8240.32
23372.79 8221.68
23375.10 8206.99
23376.88 8195.73
23378.63 8184.62
23380.32 8173.89
23382.09 8162.69
23383.82 8151.72
23385.50 8141.05
23387.21 8130.21
23388.58 8118.91
23389.77 8108.02
23391.00 8096.74
23392.21 8085.76
23393.48 8074.19
23394.74 8062.64
23396.10 8051.57
23397.89 8040.03
23399.94 8015.55
23401.21 8004.79
23402.52 7993.78
23403.84 7982.59
23405.19 7971.18
23406.48 7960.25
23407.80 7949.10
23409.05 7938.46
23407.77 7914.05
23405.79 7902.67
23403.85 7891.55
23399.71 7880.89
23394.95 7869.62
23388.03 7860.36
23379.54 7852.03
23369.36 7845.51
23357.45 7842.49
23346.44 7841.25
23335.24 7842.35
23324.12 7847.66
23314.66 7854.33
23305.66 7861.92
23300.68 7872.65
23297.77 7884.10
23296.44 7895.09
23297.71 7906.45
23301.48 7917.22
23307.92 7926.39
23315.69 7934.59
23325.33 7942.15
23335.62 7948.35
23346.11 7953.29
23357.45 7955.61
23369.11 7957.75
23380.53 7958.58
23412.36 7962.71
23425.54 7961.71
23441.46 7960.70
23458.73 7959.61
23501.74 7955.21
23520.01 7954.05
23540.11 7952.76
23561.79 7951.38
23585.30 7949.87
23610.59 7947.57
23637.10 7943.61
23665.35 7939.38
23695.07 7934.08
23726.26 7927.61
23782.60 7911.00
23815.83 7900.53
23844.87 7890.92
23869.26 7881.38
23889.45 7873.18
23905.57 7866.63
23925.25 7855.07
23936.37 7849.87
23946.67 7844.41
23957.86 7838.04
23968.37 7830.72
23977.62 7822.99
23986.25 7814.46
23994.44 7804.86
24001.37 7795.37
24007.27 7784.34
24010.80 7772.10
24012.76 7760.33
24014.08 7748.41
24015.38 7735.64
24016.22 7723.28
24017.22 7710.67
24019.19 7698.44
24022.52 7687.00
24027.77 7676.40
24034.86 7665.94
24043.65 7656.85
24053.53 7650.14
24064.00 7644.28
24075.50 7641.06
24087.87 7639.46
24100.38 7639.82
24112.47 7641.35
24124.81 7642.98
24137.50 7644.67
24149.77 7646.30
24161.68 7647.88
24174.27 7649.55
24198.08 7650.91
24203.92 7651.14
24208.33 7651.30
24210.66 7651.37
24211.01 7651.38
24211.20 7651.39
24211.20 7651.39
24211.20 7651.39
24211.20 7651.39
24211.20 7651.39
24211.43 7651.39
24211.59 7651.40
24211.61 7651.40
24211.62 7651.40
24211.62 7651.40
24218.80 7629.92
24219.55 7626.02
24220.61 7620.53
24222.09 7612.85
24223.74 7604.35
24225.41 7595.68
24227.15 7586.71
24228.87 7577.76
24230.49 7569.28
24232.13 7560.73
24233.80 7552.01
24235.57 7542.70
24237.19 7534.28
24238.84 7525.61
24237.98 7512.52
24239.92 7502.45
24241.78 7493.16
24243.71 7483.44
24245.68 7473.56
24247.63 7463.80
24249.48 7454.52
24251.51 7444.34
24253.49 7434.41
24255.34 7425.16
24257.30 7415.28
24259.33 7405.12
24261.37 7394.90
24263.36 7384.91
24265.19 7375.72
24267.14 7365.98
24268.87 7357.98
24270.11 7352.76
24271.65 7346.29
24266.60 7339.78
24258.31 7341.02
24249.69 7342.32
24240.46 7343.71
24231.65 7345.03
24223.08 7346.32
24214.74 7347.57
24206.40 7348.83
24197.83 7350.05
24188.74 7351.32
24169.38 7354.08
24160.10 7355.41
24150.85 7356.74
24140.53 7358.22
24130.27 7359.69
24120.99 7361.03
24111.16 7362.45
24101.77 7363.80
24091.59 7365.27
24082.23 7366.59
24071.78 7368.01
24061.88 7369.47
24051.69 7371.04
24041.29 7372.64
24031.42 7374.16
24021.56 7375.68
24011.67 7377.20
24002.02 7378.83
23992.62 7380.67
23983.57 7383.06
23973.99 7386.03
23964.73 7389.03
23955.44 7392.28
23946.71 7396.12
23927.74 7405.58
23918.83 7410.46
23909.58 7415.52
23900.38 7420.56
23891.72 7425.30
23882.54 7430.33
23873.50 7435.30
23864.31 7440.38
23856.03 7444.97
23846.83 7450.06
23837.88 7454.85
23828.95 7459.65
23820.13 7463.70
23810.95 7467.14
23801.95 7469.97
23792.97 7472.79
23783.50 7474.89
23774.15 7476.90
23764.82 7478.72
23754.71 7480.42
23745.27 7481.80
23735.11 7483.29
23724.61 7484.83
23715.09 7486.32
23705.08 7487.91
23695.43 7489.44
23676.19 7492.24
23667.37 7493.47
23658.43 7494.74
23649.15 7496.05
23639.86 7497.42
23630.70 7498.81
23624.00 7507.41
23625.16 7516.04
23626.46 7525.55
23627.98 7535.10
23629.44 7544.35
23630.72 7553.49
23631.82 7562.70
23634.23 7581.32
23635.58 7590.71
23636.87 7599.65
23638.10 7608.12
23639.88 7616.77
23642.57 7625.87
23645.03 7634.20
23648.38 7642.65
23650.18 7647.54
23639.69 7657.19
23630.79 7657.47
23620.58 7657.80
23610.53 7658.12
23600.85 7658.41
23591.34 7658.69
23581.65 7658.97
23571.22 7659.28
23561.03 7659.57
23550.66 7659.88
23545.15 7656.74
23554.84 7656.45
23564.59 7656.17
23574.96 7655.86
23585.38 7655.56
23594.88 7655.28
23604.50 7655.00
23614.55 7654.69
23624.90 7654.36
23634.16 7654.06
23644.41 7653.73
