23458.63 7535.11
23458.48 7537.01
23458.18 7540.70
23457.76 7545.87
23457.23 7552.51
23456.49 7561.59
23455.63 7572.60
23455.16 7585.11
23454.63 7599.37
23454.04 7615.09
23453.40 7632.11
23452.69 7651.24
23451.91 7672.02
23450.79 7694.48
23449.56 7718.67
23448.35 7742.73
23447.16 7766.24
23445.80 7789.95
23444.16 7813.96
23442.55 7837.46
23440.89 7861.86
23439.22 7886.26
23437.56 7910.44
23435.91 7934.66
23433.65 7958.64
23431.28 7982.63
23428.80 8006.76
23426.29 8030.47
23423.81 8053.99
23421.28 8077.28
23417.84 8101.35
23414.46 8125.05
23410.99 8149.35
23407.51 8173.46
23404.13 8196.86
23400.78 8220.45
23397.36 8244.86
23393.51 8268.82
23389.31 8291.99
23383.95 8319.25
23378.32 8343.12
23372.69 8366.99
23367.00 8391.11
23361.55 8414.26
23355.96 8437.95
23349.60 8461.48
23342.38 8485.02
23335.31 8508.08
23328.38 8530.68
23321.40 8553.43
23313.90 8576.77
23306.12 8600.32
23297.82 8622.53
23289.26 8645.21
23280.88 8667.42
23271.62 8689.58
23262.29 8711.33
23252.73 8733.59
23242.80 8756.17
23232.40 8778.75
23222.08 8801.15
23211.97 8822.86
23200.58 8844.61
23189.54 8865.68
23178.47 8886.81
23166.66 8907.44
23154.69 8927.80
23142.62 8948.35
23130.65 8968.72
23117.82 8988.67
23104.51 9009.26
23091.14 9029.94
23077.65 9050.28
23063.40 9069.81
23048.78 9089.83
23034.66 9109.17
23020.13 9129.08
23004.91 9147.15
22988.84 9165.37
22972.99 9183.34
22956.91 9201.55
22940.17 9219.79
22923.40 9237.73
22906.79 9255.50
22889.38 9272.77
22872.00 9289.67
22854.58 9306.61
22837.66 9323.06
22820.74 9339.51
22803.19 9356.57
22785.78 9373.38
22768.18 9390.08
22750.23 9407.12
22732.83 9423.64
22715.38 9440.20
22698.16 9456.55
22680.58 9473.23
22662.64 9489.14
22644.46 9504.90
22625.78 9521.08
22607.85 9536.62
22589.24 9552.75
22571.38 9568.23
22553.10 9584.07
22534.43 9600.24
22516.56 9615.73
22497.92 9632.03
22479.52 9648.17
22460.92 9664.48
22442.94 9680.25
22424.56 9696.37
22406.21 9712.47
22388.17 9728.29
22369.91 9744.30
22351.67 9760.30
22333.76 9776.67
22315.57 9793.35
22297.66 9809.76
22279.51 9826.40
22262.07 9842.38
22243.76 9859.17
22225.44 9875.97
22207.74 9892.19
22189.48 9908.93
22171.53 9925.28
22154.04 9941.20
22133.25 9957.95
22115.48 9974.30
22098.36 9990.06
22080.24 10006.45
22063.01 10022.04
22045.24 10038.12
22027.71 10053.98
22009.57 10070.39
21992.06 10086.23
21974.21 10102.30
21955.26 10121.86
21936.45 10136.60
21917.63 10151.34
21899.02 10165.93
21880.36 10180.27
21861.14 10194.67
21842.22 10208.83
21823.34 10222.97
21804.49 10237.09
21784.63 10250.58
21764.60 10263.33
21743.81 10276.56
21723.54 10288.26
21702.04 10299.84
21681.26 10311.03
21660.56 10322.17
21638.84 10333.38
21616.57 10343.13
21594.56 10352.78
21572.29 10362.54
21547.68 10371.87
21526.42 10380.87
21504.24 10388.34
21482.69 10395.44
21460.53 10402.43
21438.50 10408.84
21415.98 10415.02
21393.82 10420.98
21358.85 10427.97
21335.30 10431.99
21312.61 10435.98
21289.14 10439.98
21265.93 10443.18
21243.21 10446.32
21219.85 10449.20
21196.63 10451.69
21172.93 10450.91
21146.30 10452.37
21122.75 10454.10
21099.27 10455.83
21075.35 10457.59
21051.85 10459.32
21028.29 10461.05
21003.96 10462.84
20977.51 10466.39
20953.60 10468.05
20929.04 10469.75
20904.44 10471.46
20879.63 10473.15
20856.03 10474.74
20832.13 10476.36
20807.54 10478.02
20783.88 10479.62
20760.02 10481.23
20736.37 10482.98
20712.73 10484.73
20688.63 10486.51
20664.86 10488.27
20640.60 10489.62
20616.77 10490.88
20593.19 10492.13
20568.35 10493.44
20543.73 10495.11
20519.93 10496.78
20496.12 10498.44
20472.39 10500.10
20448.47 10501.83
20424.58 10503.58
20400.78 10505.32
20376.44 10507.76
20351.72 10510.51
20327.53 10513.20
20303.84 10516.98
20279.77 10520.91
20255.29 10525.25
20231.15 10530.58
20207.13 10536.14
20183.69 10542.19
20160.56 10548.99
20137.47 10556.07
20113.98 10563.44
20091.45 10571.24
20068.90 10580.56
20046.60 10590.37
20024.25 10600.36
20002.66 10610.77
19980.79 10621.75
19959.85 10632.89
19938.37 10644.99
19917.21 10657.17
19896.35 10669.60
19875.42 10682.36
19854.60 10695.53
19834.00 10708.56
19814.02 10721.20
19794.38 10737.54
19773.40 10750.82
19753.22 10763.58
19732.85 10776.47
19711.88 10789.75
19691.82 10802.53
19670.93 10815.97
19650.50 10829.10
19629.60 10842.55
19609.67 10855.36
19589.09 10868.60
19568.45 10881.87
19548.34 10894.78
19528.31 10907.50
19507.80 10920.52
19487.78 10933.24
19467.44 10946.15
19447.48 10958.91
19427.36 10971.94
19406.69 10985.33
19386.65 10998.31
19366.62 11011.28
19345.74 11024.77
19325.07 11038.00
19304.43 11051.22
19283.51 11064.62
19263.26 11077.58
19242.78 11090.56
19221.93 11103.78
19201.57 11116.74
19178.34 11130.31
19158.72 11143.60
19139.07 11156.91
19119.98 11169.84
19099.08 11185.58
19078.11 11198.04
19057.83 11212.20
19038.52 11225.67
19020.42 11241.63
19002.33 11257.93
18985.99 11275.31
18969.71 11293.88
18955.02 11312.85
18941.12 11331.86
18928.51 11351.85
18916.89 11372.70
18905.84 11393.75
18895.31 11415.15
18887.26 11438.00
18879.11 11461.14
18873.14 11484.51
18867.33 11507.38
18861.27 11531.20
18855.47 11553.99
18849.50 11577.40
18844.52 11596.93
18839.15 11615.65
18833.72 11633.66
18827.71 11651.52
18821.46 11669.51
18814.92 11687.80
18807.63 11705.08
18799.38 11722.62
18790.69 11739.69
18781.61 11756.28
18771.85 11772.42
18761.16 11788.82
18750.30 11804.62
18738.72 11820.57
18727.46 11835.54
18714.92 11850.24
18702.02 11863.65
18689.45 11876.72
18676.93 11889.98
18663.90 11903.82
18649.91 11916.56
18634.74 11928.28
18619.57 11940.01
18604.48 11951.63
18588.63 11961.93
18572.09 11972.67
18555.17 11982.40
18538.80 11991.28
18521.19 11998.59
18503.37 12006.49
18485.25 12014.09
18467.64 12021.06
18450.04 12028.03
18431.74 12034.76
18413.80 12040.65
18395.35 12046.30
18376.62 12051.46
18358.17 12056.54
18339.08 12061.79
18320.87 12066.81
18302.66 12071.83
18284.29 12076.89
18265.63 12082.37
18246.93 12088.50
18228.58 12095.01
18211.12 12102.47
18193.27 12110.10
18175.29 12118.27
18157.59 12127.23
18140.38 12136.67
18123.81 12147.08
18107.43 12157.37
18091.58 12168.18
18076.16 12178.74
18060.74 12190.72
18045.76 12202.53
18031.14 12215.80
18017.11 12229.40
18003.33 12242.77
17987.18 12258.72
17972.78 12272.03
17959.14 12284.64
17945.32 12297.42
17931.55 12310.15
17917.25 12322.93
17903.03 12335.23
17888.71 12347.62
17873.82 12360.52
17859.20 12373.17
17844.41 12385.78
17829.09 12397.86
17813.96 12409.84
17797.89 12421.46
17781.61 12432.77
17765.52 12443.59
17749.15 12453.93
17731.90 12463.66
17714.15 12472.09
17696.12 12479.82
17678.16 12486.94
17660.23 12493.83
17641.73 12499.90
17622.84 12505.55
17603.99 12510.06
17585.14 12513.80
17566.04 12517.11
17546.51 12518.86
17527.08 12520.35
17507.70 12521.70
17488.38 12522.04
17468.66 12525.09
17449.88 12524.35
17430.03 12522.81
17408.14 12522.58
17390.37 12520.66
17372.64 12518.74
17351.31 12519.44
17337.55 12517.62
17323.76 12515.80
17309.32 12513.89
17294.72 12511.95
17282.98 12510.40
17249.18 12508.01
17237.38 12507.34
17226.12 12506.70
17214.69 12506.10
17203.01 12506.10
17192.20 12506.10
17180.81 12506.11
17169.62 12506.11
17158.14 12506.40
17146.31 12507.30
17135.18 12508.14
17124.21 12508.98
17112.43 12509.87
17101.02 12510.75
17089.38 12511.98
17077.50 12513.22
17065.95 12514.43
17055.13 12515.57
17043.61 12516.78
17031.78 12518.02
17020.31 12519.22
16980.30 12523.77
16972.08 12525.78
16964.03 12527.74
16956.40 12530.04
16949.62 12534.04
16943.09 12538.59
16937.89 12544.62
16934.06 12551.74
16930.79 12559.39
16927.70 12566.66
16925.69 12574.67
16925.66 12586.42
16926.37 12596.11
16927.11 12606.18
16927.87 12616.55
16928.59 12626.31
16929.31 12636.18
16926.94 12649.46
16927.66 12660.24
16928.32 12670.20
16929.02 12680.81
16929.74 12691.63
16931.17 12712.45
16931.95 12723.91
16932.74 12735.33
16933.57 12747.07
16934.53 12758.50
16935.55 12770.07
16936.49 12780.72
16937.49 12792.13
16938.19 12803.11
16938.34 12814.51
16938.01 12826.14
16937.65 12836.93
16937.24 12847.62
16936.99 12858.61
16938.04 12869.83
16939.27 12881.23
16940.48 12892.52
16941.65 12903.51
16942.81 12914.31
16945.27 12934.19
16946.44 12943.24
16947.62 12952.33
16948.35 12957.96
16948.79 12961.38
16949.23 12964.77
16951.21 12982.78
16951.87 12989.46
16953.27 12998.23
16955.21 13008.48
16957.19 13019.01
16959.31 13030.24
16961.27 13040.59
16963.24 13051.01
16965.25 13061.70
16967.19 13071.93
16969.27 13082.97
16971.26 13093.49
16973.22 13103.91
16975.31 13114.98
16979.49 13135.46
16982.84 13146.30
16986.32 13157.10
16989.66 13167.48
16993.18 13178.41
16996.70 13189.32
17000.00 13199.58
17003.37 13210.04
17006.78 13220.64
17010.38 13231.82
17013.86 13242.61
17017.33 13253.38
17020.73 13263.93
17024.02 13274.17
17029.78 13290.71
17033.45 13301.03
17036.98 13310.97
17040.51 13320.90
17043.68 13331.06
17046.84 13341.29
17050.08 13351.78
17051.79 13362.33
17054.29 13372.72
17057.03 13383.60
17058.93 13391.60
17059.93 13395.82
17059.97 13395.98
17059.98 13396.04
17059.98 13396.05
17059.98 13396.05
17059.98 13396.05
17059.98 13396.05
17059.98 13396.05
17059.98 13396.05
17059.98 13396.05
17059.98 13396.05
17059.98 13396.05
17059.98 13396.05
17059.98 13396.05
17059.98 13396.05
17059.98 13396.05
17059.98 13396.05
17059.98 13396.05
17059.98 13396.05
17059.98 13396.05
17059.98 13396.05
17059.98 13396.05
17059.98 13396.05
17059.98 13396.05
17059.98 13396.05
17059.98 13396.05
17060.22 13397.04
17060.67 13398.94
17061.41 13402.40
17063.56 13420.32
17064.02 13426.86
17063.71 13435.47
17063.35 13445.47
17062.51 13456.13
17061.60 13466.26
17060.72 13476.07
17059.83 13486.06
17057.40 13509.11
17056.23 13519.72
17055.05 13530.49
17054.87 13540.81
17054.71 13551.49
17054.20 13561.99
17053.58 13572.54
17052.59 13583.70
17051.64 13594.05
17050.67 13604.62
17049.66 13615.70
17048.68 13626.39
17047.68 13637.30
17046.81 13647.78
17046.35 13655.20
17046.13 13658.81
17046.09 13659.33
17046.08 13659.53
17046.08 13659.62
17046.08 13659.62
17046.08 13659.62
17046.08 13659.62
17046.08 13659.62
17046.08 13659.62
17046.08 13659.62
17046.08 13659.62
17046.08 13659.62
17046.08 13659.62
17046.08 13659.62
17046.08 13659.62
17046.08 13659.62
17046.08 13659.62
17046.08 13659.62
17046.08 13659.62
17046.08 13659.62
17046.08 13659.62
17046.08 13659.62
17046.08 13659.62
17046.08 13659.62
17046.08 13659.62
17046.08 13659.62
17046.08 13659.62
17046.08 13659.62
17045.12 13672.13
17044.80 13675.61
17044.32 13680.97
17043.75 13687.96
17043.02 13697.05
17042.15 13707.95
17041.32 13718.15
17040.46 13728.80
17039.55 13739.62
17038.68 13750.02
17037.77 13760.81
17036.88 13771.43
17035.20 13782.13
17033.26 13792.22
17031.16 13803.16
17025.99 13828.65
17024.05 13838.51
17022.09 13848.51
17020.05 13858.92
17018.58 13868.55
17017.17 13878.61
17015.73 13888.87
17014.36 13898.59
17012.92 13908.83
17011.69 13917.64
17010.98 13922.62
17018.08 13928.35
17025.91 13929.20
17035.30 13930.04
17045.98 13930.48
17056.23 13930.89
17066.87 13931.32
17077.12 13931.74
17087.79 13932.50
17099.62 13933.56
17111.48 13934.63
17123.38 13935.79
17134.47 13936.88
17145.21 13938.42
17156.92 13940.71
17167.78 13942.84
17178.71 13944.98
17190.25 13947.24
17201.82 13949.51
17218.19 13952.89
17228.40 13955.09
17238.88 13957.35
17255.22 13960.93
17265.15 13963.18
17275.69 13965.56
17286.05 13967.91
17296.17 13970.20
17306.62 13972.56
17317.07 13974.70
17327.38 13976.68
17337.39 13978.61
17356.30 13983.22
17365.75 13985.75
17375.30 13988.30
17385.19 13990.95
17395.40 13993.68
17414.11 13998.51
17422.15 14000.48
17430.29 14002.48
17448.29 14007.10
17458.89 14010.04
17469.76 14013.05
17479.74 14015.95
17489.69 14018.88
17500.15 14022.13
17510.64 14025.47
17520.68 14028.65
17530.95 14031.84
17541.60 14035.14
17555.62 14039.79
17560.55 14041.57
17575.73 14041.88
17586.15 14035.78
17596.09 14030.41
17605.48 14025.33
17614.05 14020.10
17622.37 14014.39
17627.55 14010.83
17632.77 14007.05
17638.10 14003.19
17642.73 13999.84
17647.37 13996.49
17652.44 13992.89
17657.89 13989.04
17663.41 13985.13
17673.16 13977.73
17677.66 13974.00
17682.13 13970.29
17686.60 13966.50
17691.43 13962.40
17696.13 13957.75
17700.92 13952.76
17705.11 13948.05
17709.30 13942.79
17713.13 13937.98
17717.16 13932.59
17720.67 13927.89
17724.66 13922.56
17728.19 13917.83
17731.97 13912.78
17735.97 13907.42
17739.77 13902.35
17743.46 13897.41
17747.38 13893.06
