17088.09 19679.83
17088.15 19679.06
17088.27 19677.59
17088.47 19675.25
17088.73 19672.08
17089.04 19668.32
17093.88 19649.80
17094.27 19637.62
17094.69 19624.24
17095.10 19611.21
17095.52 19598.26
17095.94 19585.02
17096.12 19571.85
17096.00 19558.11
17095.56 19535.45
17095.21 19520.93
17094.88 19507.11
17094.53 19492.51
17094.20 19478.70
17093.87 19464.63
17093.53 19450.54
17093.19 19436.64
17089.59 19419.08
17089.40 19404.19
17089.22 19389.56
17089.03 19373.99
17088.85 19359.42
17088.65 19344.01
17091.77 19328.96
17089.83 19318.90
17091.41 19292.56
17091.80 19277.38
17092.19 19262.58
17092.67 19247.63
17093.66 19232.24
17094.62 19217.33
17095.90 19201.78
17097.35 19185.96
17098.69 19171.31
17100.77 19155.90
17102.84 19141.29
17104.94 19126.38
17107.72 19111.18
17110.57 19096.43
17110.31 19080.41
17113.87 19065.45
17117.74 19050.45
17121.49 19035.90
17125.44 19021.07
17130.13 19005.90
17134.68 18991.21
17139.31 18976.27
17143.86 18961.55
17148.80 18947.23
17153.98 18932.56
17159.09 18918.11
17164.35 18903.20
17169.86 18888.42
17175.24 18874.74
17180.66 18860.95
17186.36 18846.47
17191.91 18832.34
17197.66 18817.70
17203.44 18802.99
17208.86 18789.20
17214.52 18774.83
17220.18 18760.41
17225.98 18745.67
17231.36 18731.98
17236.87 18717.95
17240.27 18699.97
17245.29 18686.45
17250.04 18673.65
17254.74 18660.96
17259.68 18647.52
17264.06 18634.73
17268.45 18621.92
17272.93 18608.83
17283.64 18586.91
17286.85 18576.64
17289.84 18567.11
17292.80 18557.67
17296.08 18547.21
17299.28 18537.01
17302.55 18526.59
17305.66 18516.64
17308.88 18506.39
17312.02 18496.36
17314.98 18486.91
17318.03 18477.16
17320.98 18467.75
17323.92 18458.36
17327.22 18447.82
17330.21 18438.30
17333.38 18428.16
17336.46 18418.34
17339.49 18408.66
17342.77 18398.18
17345.74 18388.72
17348.72 18379.21
17351.97 18368.81
17355.13 18358.74
17357.28 18346.84
17360.22 18337.94
17363.25 18328.75
17366.24 18319.71
17372.32 18300.97
17375.13 18291.70
17377.78 18282.94
17380.46 18274.08
17383.31 18264.68
17386.29 18255.18
17389.32 18245.54
17392.15 18236.51
17395.02 18227.37
17401.69 18206.27
17403.69 18200.17
17405.68 18193.79
17407.50 18187.75
17409.51 18181.03
17417.40 18157.16
17420.49 18148.22
17423.85 18138.49
17426.91 18129.63
17430.22 18120.05
17433.43 18110.75
17436.68 18101.34
17439.85 18092.17
17442.85 18083.48
17449.97 18062.97
17453.49 18052.78
17456.91 18042.72
17460.35 18032.61
17463.80 18022.48
17467.16 18012.58
17470.53 18002.69
17474.03 17992.38
17477.39 17982.51
17480.76 17972.60
17484.23 17962.39
17487.46 17952.90
17490.81 17943.06
17494.09 17933.39
17497.63 17923.49
17501.04 17913.45
17504.54 17903.30
17508.00 17893.32
17511.57 17882.84
17514.55 17872.32
17517.54 17861.71
17520.42 17851.37
17522.77 17841.09
17524.97 17831.43
17527.19 17821.67
17529.23 17811.55
17531.10 17800.80
17532.91 17790.44
17534.62 17779.53
17536.21 17769.21
17537.86 17758.47
17539.35 17748.26
17540.68 17738.26
17542.02 17728.20
17543.35 17718.14
17544.76 17707.50
17546.18 17696.53
17547.24 17686.39
17548.36 17675.70
17549.38 17665.21
17549.83 17654.19
17550.27 17643.36
17550.70 17632.74
17550.77 17614.83
17549.38 17605.68
17549.85 17595.70
17550.32 17585.72
17550.85 17574.70
17550.61 17563.89
17550.38 17553.91
17550.15 17543.92
17549.92 17533.85
17549.66 17522.99
17549.41 17511.97
17549.15 17501.03
17547.86 17487.53
17546.93 17480.37
17545.98 17473.02
17545.10 17466.21
17542.38 17420.90
17538.13 17413.48
17537.14 17405.49
17536.19 17397.84
17535.32 17389.87
17534.66 17381.91
17534.02 17374.27
17533.37 17366.32
17532.75 17358.79
17530.22 17348.15
17529.67 17341.52
17529.11 17334.82
17528.57 17328.27
17527.98 17321.11
17527.42 17314.35
17526.91 17292.26
17525.80 17286.49
17524.79 17281.28
17523.72 17275.77
17522.72 17270.56
17511.67 17262.83
17508.61 17253.05
17505.72 17243.82
17502.81 17234.55
17499.71 17224.65
17496.64 17214.84
17493.60 17205.15
17490.73 17195.99
17488.03 17186.77
17486.51 17181.46
17491.87 17169.48
17496.45 17167.88
17500.49 17166.48
17502.81 17165.73
17503.54 17165.51
17503.87 17165.41
17504.05 17165.35
17504.07 17165.34
17504.08 17165.34
17504.08 17165.34
17504.08 17165.34
17504.08 17165.34
17504.08 17165.34
17504.08 17165.34
17504.08 17165.34
17504.08 17165.34
17504.08 17165.34
17504.08 17165.34
17504.08 17165.34
17504.08 17165.34
17504.08 17165.34
17504.08 17165.34
17504.08 17165.34
17504.08 17165.34
17504.08 17165.34
17504.08 17165.34
17504.08 17165.34
17504.08 17165.34
17504.08 17165.34
17509.28 17154.23
17508.84 17151.13
17508.09 17146.38
17507.03 17139.61
17505.92 17130.53
17504.68 17121.06
17503.40 17111.49
17502.10 17101.76
17500.84 17092.35
17499.50 17082.35
17498.22 17072.79
17497.00 17063.67
17495.76 17054.43
17492.37 17042.03
17490.91 17032.65
17489.42 17023.11
17487.98 17013.85
17485.87 17003.66
17483.83 16994.39
17481.29 16984.50
17478.68 16975.32
17476.14 16966.39
17473.45 16956.93
17470.65 16947.11
17467.90 16937.45
17462.09 16917.52
17459.81 16911.20
17457.40 16904.52
17455.12 16898.19
17450.53 16881.89
17447.39 16874.34
17444.44 16867.27
17441.31 16859.78
17438.20 16852.32
17435.21 16845.14
17431.73 16838.39
17429.24 16834.02
17428.30 16832.38
17428.14 16832.09
17428.14 16832.09
17428.14 16832.09
17428.14 16832.09
17428.14 16832.09
17428.14 16832.09
17428.14 16832.09
17428.14 16832.09
17428.14 16832.09
17428.14 16832.09
17426.82 16820.78
17426.74 16820.62
17426.61 16820.35
17426.45 16820.02
17421.71 16813.49
17417.66 16804.24
17411.30 16797.94
17407.72 16789.78
17404.02 16781.32
17400.07 16772.29
17392.23 16753.99
17388.66 16745.11
17385.05 16736.12
17381.46 16727.17
17377.55 16717.50
17373.86 16708.50
17369.93 16698.91
17366.92 16687.42
17363.12 16679.36
17359.04 16671.15
17354.27 16662.93
17349.82 16655.39
17333.01 16641.02
17328.01 16636.67
17321.99 16633.72
17316.53 16632.96
17313.28 16632.88
17312.69 16632.86
17312.62 16632.86
17312.57 16632.86
17312.57 16632.86
17312.56 16632.86
17312.56 16632.86
17312.56 16632.86
17312.56 16632.86
17300.28 16634.35
17296.64 16635.96
17290.94 16638.48
17283.27 16641.88
17273.71 16646.12
17264.24 16650.31
17253.84 16654.92
17243.88 16659.33
17233.75 16663.82
17223.29 16668.45
17213.17 16672.94
17203.09 16677.40
17193.64 16681.59
17183.93 16685.89
17174.32 16690.32
17164.59 16694.84
17154.54 16699.52
17145.22 16703.85
17135.01 16708.59
17125.65 16712.95
17116.17 16717.36
17106.12 16722.03
17096.27 16726.61
17086.59 16731.11
17077.31 16735.43
17067.34 16740.06
17057.14 16745.12
17047.09 16750.35
17037.21 16755.51
17027.08 16760.79
17017.26 16765.90
17007.18 16771.16
16997.52 16776.19
16987.45 16781.44
16977.42 16786.67
16967.34 16791.92
16957.37 16797.12
16947.48 16802.28
16937.35 16807.55
16927.62 16812.63
16917.99 16817.64
16908.04 16822.83
16898.23 16827.94
16888.21 16833.16
16878.49 16838.23
16868.70 16843.33
16858.54 16848.63
16848.52 16853.85
16838.91 16858.86
16828.87 16864.09
16819.20 16869.13
16809.47 16874.21
16799.42 16879.44
16789.60 16884.56
16779.79 16889.67
16767.95 16892.13
16758.50 16897.05
16749.19 16901.91
16739.93 16906.73
16730.71 16911.54
16721.23 16916.48
16711.85 16921.37
16701.80 16926.61
16692.36 16931.52
16683.05 16936.38
16673.24 16941.49
16663.37 16946.63
16653.93 16951.56
16643.78 16956.85
16633.80 16962.05
16624.73 16966.78
16615.03 16971.83
16604.88 16977.12
16594.77 16982.39
16585.12 16987.42
16575.65 16992.36
16565.81 16997.48
16556.24 17002.47
16547.00 17007.29
16537.85 17012.06
16528.23 17017.07
16518.54 17022.12
16509.12 17027.03
16499.75 17031.91
16490.01 17036.99
16480.45 17041.98
16470.36 17047.24
16460.43 17052.41
16450.69 17057.49
16440.99 17062.54
16430.86 17067.82
16421.31 17072.69
16412.11 17077.37
16402.74 17082.13
16393.12 17087.55
16384.05 17092.87
16374.32 17098.57
16365.79 17105.60
16357.51 17113.01
16349.72 17120.13
16342.03 17128.59
16334.77 17136.58
16317.11 17155.89
16309.80 17164.20
16301.08 17170.08
16292.38 17174.56
16282.01 17177.73
16271.51 17179.20
16261.50 17179.82
16251.85 17177.60
16241.65 17174.26
16232.57 17170.01
16224.06 17164.41
16216.51 17157.75
16210.11 17149.15
16205.02 17140.03
16200.03 17130.31
16197.66 17120.63
16195.18 17110.49
16192.62 17099.85
16190.37 17089.29
16188.17 17078.93
16185.09 17068.81
16181.85 17058.66
16176.24 17048.12
16172.99 17040.13
16165.71 17029.49
16160.13 17022.34
16153.85 17014.81
16146.80 17008.01
16133.81 16993.54
16125.19 16986.82
16115.72 16980.92
16106.56 16975.22
16097.26 16969.42
16088.47 16963.96
16079.05 16958.09
16069.70 16952.27
16061.14 16946.94
16052.22 16941.39
16042.83 16935.54
16033.52 16929.75
16024.09 16923.87
16014.53 16917.92
16005.13 16912.07
15995.92 16906.33
15986.77 16900.64
15977.23 16894.69
15967.66 16888.74
15958.13 16882.81
15948.99 16877.11
15940.10 16871.58
15931.12 16865.99
15921.94 16860.27
15913.33 16854.91
15903.96 16849.08
15894.70 16843.32
15885.13 16837.36
15875.76 16831.52
15848.27 16814.34
15841.88 16810.35
15835.08 16806.09
15828.28 16801.84
15821.21 16797.41
15814.21 16793.04
15807.37 16788.76
15800.34 16784.36
15793.31 16779.98
15776.64 16769.33
15767.80 16763.65
15759.07 16758.04
15749.66 16751.99
15740.41 16746.38
15731.93 16740.81
15723.25 16735.33
15713.62 16729.48
15704.68 16724.05
15695.11 16718.09
15686.11 16712.56
15677.05 16706.99
15667.41 16701.00
15658.13 16694.55
15649.06 16687.96
15641.06 16681.18
15633.07 16674.36
15625.14 16666.62
15617.59 16659.26
15609.71 16651.14
15602.35 16643.52
15594.92 16635.23
15587.69 16627.13
15580.62 16619.20
15573.50 16611.23
15566.62 16603.52
15559.84 16595.92
15552.76 16587.98
15545.43 16579.77
15538.36 16571.84
15531.08 16563.69
15523.82 16555.58
15516.58 16547.49
15509.62 16539.70
15502.43 16531.66
15494.89 16523.23
15488.07 16515.61
15480.81 16507.50
15473.78 16499.64
15466.72 16491.73
15459.15 16483.27
15451.57 16474.80
15444.36 16466.73
15436.83 16458.32
15429.65 16450.29
15422.07 16441.87
15414.98 16434.15
15407.62 16426.15
15400.18 16418.06
15392.45 16409.66
15385.42 16402.01
15378.35 16394.33
15371.57 16386.77
15364.35 16378.50
15357.31 16370.42
15350.09 16362.15
15343.11 16354.14
15335.78 16345.76
15328.37 16337.61
15320.75 16329.22
15313.34 16321.07
15306.02 16313.01
15298.73 16304.99
15291.49 16297.02
15284.29 16289.08
15277.18 16281.26
15269.59 16272.90
15261.83 16265.50
15253.76 16257.88
15246.06 16250.61
15237.31 16243.38
15229.07 16236.90
15220.05 16229.88
15211.55 16223.30
15202.64 16216.85
15193.43 16210.71
15184.53 16204.79
15174.82 16199.20
15165.23 16193.77
15156.25 16189.03
15146.76 16184.19
15137.11 16179.27
15127.36 16174.30
15117.39 16169.21
15098.91 16167.70
15090.47 16167.52
15081.58 16167.77
15072.69 16169.12
15067.44 16169.92
15065.58 16170.21
15064.89 16170.31
15064.87 16170.32
15064.86 16170.32
15054.28 16169.77
15051.86 16171.21
15048.15 16173.41
15042.97 16176.49
15036.83 16180.12
15029.37 16184.24
15021.66 16188.51
15009.25 16197.25
15003.23 16200.66
14999.84 16202.58
14998.61 16203.27
14998.41 16203.39
14998.27 16203.46
14998.27 16203.47
14998.27 16203.47
14998.27 16203.47
14998.27 16203.47
14984.84 16206.60
14982.94 16206.77
14979.90 16207.10
14976.01 16207.62
14971.00 16208.28
14965.60 16209.00
14960.36 16209.70
14956.09 16210.27
14954.06 16210.54
14954.06 16210.54
14954.06 16210.54
14954.06 16210.54
14954.06 16210.54
14954.06 16210.54
14954.06 16210.54
14954.06 16210.54
14954.06 16210.54
14954.06 16210.54
14954.06 16210.54
14954.06 16210.54
14954.06 16210.54
14954.06 16210.54
14954.06 16210.54
14954.06 16210.54
14954.06 16210.54
14953.58 16210.60
14952.25 16210.78
14915.45 16232.92
14911.72 16235.72
14906.73 16239.47
14900.58 16244.10
14893.17 16249.67
14884.76 16256.00
14876.37 16262.30
14865.49 16269.67
14854.33 16277.16
14843.71 16284.29
14833.14 16291.25
14822.44 16298.21
14811.32 16305.44
14800.06 16312.77
14789.37 16319.72
14778.14 16326.75
14766.67 16333.68
14754.74 16340.63
14743.29 16347.29
14732.00 16353.74
14720.09 16360.43
14708.45 16366.79
14696.59 16372.42
14684.29 16378.26
14672.28 16383.03
14659.47 16387.93
14646.90 16392.15
14640.94 16394.11
14640.09 16394.35
14639.17 16394.61
14638.23 16394.87
14637.30 16395.13
14636.43 16395.37
14635.54 16395.62
14559.34 16412.50
14549.01 16413.52
14537.66 16414.26
14526.44 16414.91
14515.90 16415.34
14504.78 16415.80
14494.15 16416.23
14483.39 16416.46
14471.91 16416.43
14460.80 16416.38
14449.50 16416.34
14438.69 16416.30
14427.93 16416.26
14416.74 16416.21
14405.38 16416.11
14394.15 16416.05
14383.86 16416.07
14372.75 16416.10
14362.27 16416.12
14351.19 16416.14
14339.88 16416.17
14328.89 16415.52
14317.73 16414.42
14307.17 16412.45
14296.14 16409.11
14285.55 16405.90
14275.43 16402.83
14265.43 16397.53
14255.42 16392.23
14245.97 16387.22
14237.35 16381.01
14229.15 16374.61
14217.59 16367.19
14209.74 16360.44
14202.23 16353.99
14194.02 16346.94
14186.25 16340.26
14178.41 16333.53
14170.36 16326.61
14162.87 16320.17
14155.29 16313.66
14147.67 16307.12
14140.10 16300.61
14132.51 16294.09
14124.51 16287.22
14109.97 16275.97
14103.31 16271.85
14096.19 16267.48
14089.20 16263.56
14076.64 16256.52
14065.06 16248.14
14063.90 16247.49
14063.31 16247.17
14063.20 16247.12
14063.19 16247.12
14063.19 16247.12
14063.19 16247.12
14063.19 16247.12
14063.19 16247.12
14052.13 16242.20
14049.10 16240.74
14044.91 16238.72
14039.23 16235.99
14032.15 16232.58
14023.85 16228.86
14015.22 16225.18
14006.80 16221.59
13998.29 16217.96
13989.04 16214.02
13979.83 16210.09
13970.84 16206.26
13962.11 16202.54
13946.86 16196.07
13941.25 16193.74
13930.76 16189.93
13911.95 16182.92
13901.82 16179.09
13892.16 16175.43
13882.71 16171.85
13873.09 16168.21
13863.24 16164.48
13853.24 16160.69
13843.52 16156.93
13834.12 16153.28
13824.44 16149.53
13814.58 16145.70
13804.40 16141.75
13794.28 16137.82
13784.53 16134.04
13774.38 16130.13
13764.16 16126.26
13753.65 16122.28
13743.75 16118.53
13733.82 16114.77
13724.48 16111.23
13714.88 16107.59
13705.24 16103.94
13694.97 16100.06
13684.95 16096.27
13675.28 16092.61
13665.93 16089.10
13655.56 16085.06
13645.14 16081.01
13634.86 16077.01
13624.75 16073.07
13614.90 16069.24
13605.22 16065.46
13595.28 16061.59
13585.27 16057.69
13575.81 16054.01
13565.61 16050.04
13555.87 16046.25
13540.78 16040.42
13534.61 16037.94
13517.28 16029.89
13512.02 16027.34
13492.28 16017.64
13483.39 16012.84
13475.55 16008.27
13467.33 16003.35
13459.15 15998.42
13450.83 15992.77
13442.56 15987.15
13435.11 15982.09
13427.18 15977.07
13418.83 15972.50
13407.64 15966.21
13399.29 15960.60
13390.97 15955.01
13372.73 15949.70
13363.25 15953.39
13353.19 15957.29
13343.04 15961.23
13333.57 15964.91
13324.12 15968.51
13314.59 15971.54
13304.61 15974.72
13294.55 15977.48
13284.93 15979.96
13275.07 15982.51
13265.28 15985.03
13255.00 15987.69
13244.46 15990.40
13234.63 15992.94
13224.67 15995.92
13214.76 15999.62
13204.90 16003.82
13195.94 16008.18
13186.83 16013.44
13178.43 16019.06
13169.73 16024.97
13161.03 16031.40
13152.40 16037.77
13144.40 16043.68
13136.32 16049.65
13127.69 16055.26
13118.58 16061.11
13109.86 16066.71
13101.69 16072.21
13093.47 16078.07
13084.72 16084.31
13076.07 16090.48
13068.36 16097.93
13062.01 16106.14
13057.36 16115.38
13055.34 16125.11
13053.32 16134.79
13051.30 16144.46
13047.71 16159.91
13045.32 16169.73
13043.05 16179.05
13040.80 16188.31
13038.43 16198.05
13032.48 16211.82
13029.27 16220.97
13026.07 16229.63
13022.31 16238.85
13018.44 16248.33
13011.69 16262.17
13006.67 16270.37
13001.64 16278.42
12996.18 16287.15
12990.81 16295.74
12985.80 16303.75
12980.10 16312.52
12976.45 16326.25
12977.29 16333.42
12976.39 16346.28
12971.63 16347.02
12966.59 16347.60
12951.29 16349.43
12941.33 16350.84
12931.80 16352.24
12921.99 16353.68
12912.01 16354.90
12894.20 16353.51
12883.66 16351.82
12873.97 16350.27
12863.94 16348.66
12854.27 16347.11
12844.75 16345.58
12834.25 16343.90
12824.03 16341.82
12814.16 16339.58
12804.45 16337.37
12794.95 16334.37
12788.89 16331.96
12775.64 16325.57
12771.96 16323.68
12753.75 16313.59
12745.32 16308.79
12736.23 16303.61
12727.81 16298.81
12718.84 16293.70
12710.33 16288.85
12702.09 16284.34
12693.18 16279.56
12683.95 16274.60
12675.02 16269.81
12657.86 16260.49
12649.07 16255.70
12639.93 16250.71
12630.56 16245.60
12621.62 16240.72
12612.20 16235.59
12603.44 16230.81
12593.98 16225.65
12584.68 16220.58
12575.44 16215.54
12566.87 16210.87
12558.16 16206.12
12549.27 16201.28
12531.82 16191.86
12523.11 16187.28
12513.98 16182.48
12504.84 16177.55
12495.34 16171.94
12486.83 16166.91
12478.32 16161.89
12468.83 16156.29
12460.26 16151.22
12451.56 16146.09
12442.31 16140.62
12433.12 16135.20
12423.95 16129.78
12414.51 16124.21
12405.94 16119.15
12396.68 16113.68
12387.50 16108.26
12378.33 16102.84
12361.48 16092.91
12352.87 16087.83
12344.84 16083.10
12336.27 16078.05
12328.09 16073.23
12319.89 16068.40
12311.41 16063.40
12302.68 16058.25
12294.17 16053.34
12285.27 16048.25
12268.72 16038.75
12260.09 16033.75
12251.43 16028.73
12242.94 16023.81
12230.88 16020.69
12222.92 16016.37
12214.83 16011.99
12206.29 16007.51
12197.67 16003.20
12189.64 15999.18
12184.82 15996.78
12183.48 15996.10
12183.05 15995.89
12182.87 15995.80
12182.82 15995.78
12182.81 15995.77
12182.80 15995.77
12182.80 15995.77
12175.93 15991.95
12173.39 15990.36
12169.50 15987.99
12164.13 15984.72
12157.48 15980.67
12153.27 15978.11
12151.53 15977.00
12151.45 15976.95
12151.40 15976.92
12151.39 15976.91
12151.38 15976.91
12151.38 15976.91
12151.38 15976.91
12151.38 15976.91
12151.38 15976.91
12151.38 15976.91
12151.38 15976.91
12151.38 15976.91
12151.38 15976.91
12143.73 15971.94
12141.08 15970.23
12136.80 15967.45
12130.83 15963.60
12123.71 15958.99
12115.92 15953.95
12108.90 15949.42
12094.54 15939.16
12087.48 15934.12
12080.41 15930.34
12072.12 15922.08
12066.24 15918.50
12049.99 15908.96
12040.98 15903.76
12031.85 15898.49
12023.13 15893.45
12014.50 15888.47
12005.56 15883.31
11996.09 15877.84
11987.44 15872.85
11978.42 15867.64
11969.51 15862.49
11961.08 15857.62
11951.88 15852.31
11937.35 15844.12
11928.47 15838.82
11919.34 15833.35
11910.47 15828.03
11901.59 15822.72
11892.35 15817.19
11883.50 15811.88
11874.09 15806.25
11864.69 15800.62
11855.85 15795.33
11846.47 15789.71
11837.13 15784.12
11828.63 15779.03
11819.20 15773.39
11809.77 15767.74
11800.40 15762.13
11791.10 15756.57
11781.56 15750.85
11772.24 15745.09
11763.54 15739.65
11746.87 15732.43
11740.01 15729.39
11732.15 15727.22
11724.30 15725.40
11716.97 15723.83
11699.67 15720.15
11694.01 15715.54
11692.35 15715.16
11692.09 15715.10
11691.97 15715.07
11691.89 15715.06
11691.87 15715.05
11691.87 15715.05
11691.87 15715.05
11691.87 15715.05
11691.87 15715.05
11691.87 15715.05
11691.87 15715.05
11691.87 15715.05
11691.87 15715.05
11691.87 15715.05
11691.87 15715.05
11691.87 15715.05
11691.87 15715.05
11691.87 15715.05
11691.87 15715.05
11691.87 15715.05
11691.87 15715.05
11691.87 15715.05
11691.87 15715.05
11691.87 15715.05
11691.87 15715.05
11691.87 15715.05
11678.47 15712.75
11675.79 15712.39
11671.85 15711.78
11666.86 15711.01
11660.67 15710.04
11653.15 15708.87
11645.15 15707.62
11636.71 15706.31
11628.53 15705.03
11620.50 15703.91
11607.86 15710.56
11609.12 15716.23
11612.26 15721.20
11615.94 15726.15
11619.49 15730.74
11607.87 15765.11
11600.58 15769.98
11593.87 15774.10
11586.50 15778.60
11579.80 15782.68
11572.86 15786.92
11565.72 15791.27
11558.93 15795.45
11550.49 15804.67
11542.54 15809.64
11533.80 15815.09
11525.74 15820.15
11512.24 15828.58
11504.38 15833.50
11496.97 15838.14
11488.95 15843.17
11481.18 15848.02
11473.22 15853.00
11465.55 15857.79
11457.91 15862.57
11452.50 15865.95
11448.55 15868.42
11420.77 15882.14
11417.49 15884.11
11413.43 15886.61
