23581.47 14903.85
23579.73 14903.74
23575.86 14903.49
23570.27 14903.12
23562.58 14902.41
23553.11 14901.51
23541.97 14900.44
23530.79 14899.37
23519.30 14898.28
23507.15 14897.12
23495.52 14896.00
23483.39 14894.84
23471.51 14893.71
23460.21 14892.63
23448.52 14891.54
23436.39 14890.62
23424.09 14889.68
23412.73 14888.82
23391.79 14887.23
23381.44 14886.45
23370.67 14885.63
23359.87 14884.82
23348.52 14883.96
23337.80 14883.14
23326.52 14882.29
23306.10 14880.46
23296.02 14879.11
23286.81 14877.87
23277.22 14876.59
23258.11 14873.20
23246.80 14870.65
23235.43 14868.09
23223.79 14865.47
23212.49 14862.92
23201.89 14860.53
23191.19 14858.12
23180.48 14855.70
23169.21 14853.16
23158.49 14850.74
23147.93 14848.36
23127.89 14843.78
23116.74 14841.16
23105.37 14838.50
23093.82 14835.79
23083.37 14833.35
23072.89 14830.89
23061.90 14828.32
23050.51 14825.65
23039.61 14823.10
23028.64 14820.53
23017.83 14817.99
23006.71 14815.39
22985.90 14807.12
22974.58 14804.48
22963.83 14801.97
22952.82 14799.40
22941.16 14796.67
22929.98 14794.06
22919.47 14791.46
22908.73 14788.40
22897.17 14785.11
22886.14 14781.97
22874.83 14778.75
22864.12 14775.70
22853.54 14772.68
22834.24 14766.28
22823.86 14762.73
22813.06 14759.03
22801.61 14755.12
22790.69 14751.38
22779.89 14747.69
22768.65 14743.84
22758.06 14740.22
22746.83 14736.38
22736.21 14732.74
22722.80 14731.49
22713.25 14728.06
22703.82 14724.68
22696.06 14721.89
22691.78 14720.36
22690.76 14719.99
22690.49 14719.90
22690.44 14719.88
22690.42 14719.87
22690.42 14719.87
22690.42 14719.87
22690.42 14719.87
22690.42 14719.87
22690.42 14719.87
22690.42 14719.87
22690.42 14719.87
22690.42 14719.87
22690.42 14719.87
22690.42 14719.87
22690.42 14719.87
22690.42 14719.87
22690.42 14719.87
22690.42 14719.87
22690.42 14719.87
22690.42 14719.87
22690.42 14719.87
22690.42 14719.87
22671.89 14708.97
22669.01 14707.75
22664.43 14705.81
22658.02 14703.09
22649.83 14699.62
22640.83 14695.80
22628.68 14690.64
22618.20 14686.20
22608.23 14681.97
22598.44 14677.87
22588.18 14673.58
22578.02 14669.32
22567.83 14665.05
22548.31 14658.37
22537.38 14654.78
22526.75 14651.29
22516.10 14647.79
22505.51 14644.31
22494.34 14640.69
22482.86 14637.61
22471.34 14634.52
22459.79 14631.42
22448.59 14628.41
22437.42 14625.42
22426.06 14622.88
22415.03 14620.96
22403.64 14618.97
22392.31 14617.55
22380.29 14616.49
22367.39 14615.96
22346.82 14616.93
22335.36 14618.12
22324.24 14620.91
22313.27 14623.77
22302.70 14627.84
22292.61 14632.76
22282.20 14638.24
22271.55 14643.81
22261.34 14649.16
22251.64 14654.53
22241.93 14660.01
22232.30 14666.29
22222.73 14673.87
22213.89 14680.88
22204.73 14688.13
22195.23 14695.67
22186.07 14702.92
22172.17 14713.38
22164.01 14719.08
22155.73 14724.86
22146.89 14729.34
22137.67 14733.15
22127.76 14737.10
22117.24 14739.29
22107.18 14741.39
22096.60 14743.59
22086.34 14745.73
22047.86 14753.46
22037.67 14755.52
22026.90 14757.70
22015.92 14759.57
22005.09 14761.29
21994.54 14762.97
21983.47 14764.39
21972.41 14765.67
21961.96 14766.51
21951.61 14767.14
21940.68 14767.80
21930.31 14768.31
21919.46 14768.84
21907.94 14768.92
21896.44 14768.51
21875.61 14764.82
21864.65 14760.97
21854.12 14756.73
21843.70 14752.48
21833.49 14748.31
21823.10 14744.14
21812.58 14740.56
21801.48 14736.79
21790.13 14734.35
21779.03 14732.04
21768.17 14730.63
21757.33 14729.46
21746.11 14728.24
21725.35 14725.73
21714.06 14724.31
21702.04 14722.81
21690.79 14721.40
21679.66 14719.83
21668.03 14718.05
21655.99 14716.21
21644.44 14714.44
21632.69 14712.64
21621.30 14710.90
21610.36 14708.50
21599.14 14705.69
21587.77 14702.85
21576.88 14700.13
21565.92 14697.39
21554.97 14694.66
21543.61 14691.81
21532.25 14688.98
21520.46 14686.03
21509.56 14683.31
21497.89 14680.40
21486.73 14677.61
21475.60 14674.83
21454.85 14669.65
21443.96 14666.93
21433.41 14664.29
21422.32 14661.52
21411.71 14658.87
21401.04 14656.21
21389.83 14653.41
21379.07 14650.72
21368.12 14647.98
21357.15 14645.24
21346.12 14642.48
21334.82 14639.66
21324.53 14637.09
21313.33 14634.29
21302.67 14631.63
21294.15 14629.50
21289.64 14628.33
21288.60 14628.06
21288.55 14628.04
21288.51 14628.03
21288.51 14628.03
21288.50 14628.03
21288.50 14628.03
21288.50 14628.03
21288.50 14628.03
21288.50 14628.03
21288.50 14628.03
21288.50 14628.03
21288.50 14628.03
21288.50 14628.03
21265.05 14625.05
21261.83 14624.37
21256.95 14623.34
21250.06 14621.67
21241.60 14619.49
21232.08 14616.98
21222.35 14614.33
21212.53 14611.65
21202.29 14608.86
21192.79 14606.46
21182.39 14604.46
21150.04 14598.94
21140.65 14596.68
21130.65 14594.28
21120.73 14591.89
21111.63 14589.71
21102.20 14587.44
21092.19 14585.04
21082.76 14582.77
21072.80 14580.38
21053.44 14575.44
21043.66 14572.85
21034.24 14570.35
21024.41 14567.74
21002.61 14562.18
20991.06 14558.77
20979.57 14555.63
20968.56 14552.95
20957.02 14550.15
20946.30 14547.55
20935.57 14544.94
20924.18 14542.18
20912.90 14539.44
20901.82 14536.75
20890.49 14534.00
20878.96 14531.20
20867.55 14528.43
20856.38 14525.72
20844.74 14522.89
20833.14 14520.08
20822.11 14517.40
20810.65 14514.62
20799.37 14511.88
20788.08 14509.14
20777.22 14506.51
20757.55 14501.78
20747.58 14499.41
20737.47 14496.99
20726.56 14494.22
20715.29 14490.69
20703.67 14487.05
20692.06 14483.42
20680.52 14480.24
20668.87 14477.30
20657.02 14474.31
20645.22 14471.19
20633.69 14468.10
20622.24 14465.04
20610.64 14461.94
20599.01 14458.83
20587.59 14455.72
20576.80 14452.77
20565.66 14449.49
20555.23 14445.54
20544.53 14441.48
20533.88 14437.73
20522.42 14433.96
20511.53 14430.39
20499.99 14426.59
20488.82 14422.92
20480.57 14420.21
20476.40 14418.84
20476.04 14418.72
20475.82 14418.65
20475.75 14418.63
20475.73 14418.62
20475.72 14418.62
20475.72 14418.62
20475.72 14418.62
20475.72 14418.62
20475.72 14418.62
20475.72 14418.62
20475.72 14418.62
20475.72 14418.62
20475.72 14418.62
20475.72 14418.62
20475.72 14418.62
20475.72 14418.62
20475.72 14418.62
20475.72 14418.62
20475.72 14418.62
20475.72 14418.62
20475.72 14418.62
20475.72 14418.62
20459.52 14413.11
20456.83 14412.17
20452.32 14410.60
20446.63 14408.62
20439.02 14405.98
20429.91 14402.81
20418.69 14398.91
20408.04 14395.21
20396.95 14391.35
20386.64 14387.90
20375.85 14384.43
20365.25 14381.02
20353.93 14377.37
20343.67 14374.07
20332.65 14370.53
20321.34 14366.89
20311.02 14363.57
20300.06 14361.03
20286.94 14357.63
20276.97 14354.55
20266.61 14351.36
20258.73 14348.93
20254.71 14347.68
20253.77 14347.35
20253.75 14347.35
20253.74 14347.34
20253.74 14347.34
20253.74 14347.34
20253.74 14347.34
20253.74 14347.34
20252.42 14346.88
20249.50 14345.86
20235.56 14340.98
20228.86 14338.65
20220.94 14335.90
20211.47 14332.61
20201.79 14329.25
20191.73 14325.76
20181.41 14322.18
20162.03 14315.60
20152.21 14312.35
20142.59 14309.17
20132.49 14306.00
20122.22 14303.30
20103.06 14298.81
20091.37 14296.49
20079.76 14294.19
20068.60 14291.97
20058.04 14289.88
20047.39 14287.77
20036.38 14285.58
20026.51 14283.62
20020.36 14282.40
20018.32 14282.00
20018.18 14281.97
20018.18 14281.97
20018.17 14281.97
20018.17 14281.97
20018.17 14281.97
20016.92 14281.72
20014.49 14281.23
20001.39 14278.64
19996.11 14277.59
19988.82 14276.15
19980.37 14274.48
19970.45 14272.51
19959.09 14270.26
19948.45 14268.16
19937.27 14265.94
19926.23 14263.37
19915.86 14260.94
19905.15 14258.43
19886.79 14254.64
19876.97 14252.70
19867.60 14250.85
19858.12 14248.91
19848.28 14246.48
19838.34 14244.03
19818.23 14239.10
19801.05 14235.14
19796.01 14234.01
19779.02 14230.05
19768.79 14227.62
19759.15 14225.29
19749.45 14222.95
19739.66 14220.59
19729.95 14218.25
19710.11 14213.79
19699.68 14211.50
19689.46 14209.26
19678.76 14206.91
19668.71 14204.71
19657.90 14202.34
19638.98 14197.98
19629.29 14195.57
19620.09 14193.24
19610.65 14190.84
19601.27 14188.46
19592.09 14186.14
19582.42 14183.83
19573.08 14181.73
19563.50 14179.58
19513.59 14177.08
19502.45 14176.86
19491.54 14176.64
19480.59 14176.42
19470.04 14176.21
19459.34 14175.99
19448.15 14175.76
19437.52 14175.55
19426.22 14175.32
19415.09 14175.10
19404.21 14174.90
19392.89 14174.73
19382.16 14174.56
19371.45 14174.40
19360.75 14174.24
19349.74 14174.07
19338.97 14173.91
19328.01 14173.61
19317.71 14173.20
19306.38 14172.76
19295.18 14172.27
19284.65 14171.81
19273.59 14171.32
19262.39 14170.78
19251.68 14170.08
19229.23 14168.60
19220.37 14168.02
19211.09 14167.76
19201.98 14167.64
19177.70 14167.68
19175.67 14167.69
19174.41 14167.69
19154.09 14167.74
19149.00 14167.67
19143.80 14167.61
19141.03 14167.57
19140.39 14167.56
19139.87 14167.56
19139.86 14167.56
19139.85 14167.56
19131.88 14167.46
19129.02 14167.47
19124.60 14167.47
19118.14 14167.49
19109.92 14167.50
19099.98 14167.52
19088.25 14167.54
19076.89 14167.86
19065.83 14168.39
19053.24 14168.90
19041.42 14168.86
19029.64 14168.81
19018.41 14168.76
19006.90 14168.72
18995.49 14168.67
18979.36 14168.39
18969.61 14168.09
18962.44 14167.86
18958.78 14167.75
18957.31 14167.70
18956.85 14167.69
18956.78 14167.68
18956.77 14167.68
18956.77 14167.68
18956.77 14167.68
18956.77 14167.68
18956.77 14167.68
18945.63 14167.35
18941.60 14167.24
18935.57 14167.07
18928.17 14166.85
18919.50 14166.62
18909.50 14166.41
18898.04 14166.17
18887.32 14165.95
18876.19 14166.20
18865.12 14166.70
18854.10 14167.20
18843.08 14167.79
18831.39 14168.61
18820.19 14169.39
18811.43 14170.25
18805.86 14171.24
18804.11 14171.55
18803.59 14171.64
18803.35 14171.68
18803.29 14171.69
18803.26 14171.70
18803.26 14171.70
18790.19 14174.06
18785.73 14174.87
18779.44 14175.50
18771.18 14175.94
18761.42 14176.46
18749.28 14177.10
18737.65 14177.72
18726.11 14178.33
18714.76 14178.93
18703.70 14179.52
18691.88 14180.14
18679.85 14180.78
18667.77 14181.42
18656.25 14182.03
18644.04 14182.68
18632.93 14183.27
18620.99 14183.90
18609.44 14184.51
18598.07 14185.12
18586.80 14185.71
18576.40 14186.27
18564.70 14186.89
18555.45 14187.38
18549.89 14187.67
18547.29 14187.81
18547.02 14187.82
18546.87 14187.83
18546.81 14187.83
18546.80 14187.84
18546.80 14187.84
18546.80 14187.84
18546.80 14187.84
18546.80 14187.84
18546.80 14187.84
18546.80 14187.84
18546.80 14187.84
18546.80 14187.84
18546.80 14187.84
18546.80 14187.84
18546.80 14187.84
18545.75 14187.89
18543.29 14188.02
18529.30 14188.57
18524.39 14188.60
18518.15 14188.63
18503.07 14188.43
18493.02 14188.07
18483.18 14187.72
18477.07 14187.50
18474.05 14187.39
18473.14 14187.36
18472.89 14187.35
18472.82 14187.34
18472.79 14187.34
18472.78 14187.34
18472.78 14187.34
18472.78 14187.34
18471.64 14187.30
18468.39 14187.18
18454.28 14186.95
18447.69 14186.94
18439.48 14186.91
18429.12 14186.87
18417.41 14186.82
18406.37 14186.78
18395.28 14186.71
18383.86 14186.42
18372.50 14185.91
18360.49 14185.09
18349.24 14184.32
18337.64 14183.53
18319.92 14182.89
18315.26 14182.79
18312.79 14182.74
18312.09 14182.73
18311.75 14182.72
18311.59 14182.72
18311.51 14182.72
18311.50 14182.72
18311.50 14182.72
18311.50 14182.72
18311.50 14182.72
18311.50 14182.72
18311.50 14182.72
18311.50 14182.72
18311.50 14182.72
18311.50 14182.72
18310.69 14182.70
18308.60 14182.66
18293.16 14182.55
18286.14 14182.41
18277.00 14182.18
18265.74 14181.89
18254.72 14181.61
18243.03 14181.32
18231.89 14181.03
18220.95 14180.76
18203.10 14176.75
18192.70 14176.02
18182.35 14175.29
18166.08 14173.65
18157.22 14172.39
18145.50 14170.88
18133.57 14169.34
18121.53 14167.79
18110.12 14166.32
18098.26 14168.12
18085.81 14166.37
18074.53 14164.72
18063.30 14163.07
18051.60 14161.39
18040.30 14159.81
18028.75 14158.19
18016.93 14156.53
18005.69 14154.89
17994.38 14153.23
17982.47 14151.49
17971.36 14149.46
17959.52 14147.16
17947.75 14145.06
17935.70 14142.92
17917.45 14138.89
17908.08 14136.66
17889.46 14132.20
17881.55 14126.90
17873.38 14124.93
17868.32 14123.70
17865.05 14122.91
17861.97 14122.17
17848.14 14118.93
17841.93 14117.52
17833.80 14115.69
17823.78 14113.42
17813.08 14111.00
17802.44 14108.59
17791.68 14106.31
17782.64 14104.47
17777.56 14103.43
17776.21 14103.16
17775.87 14103.09
17775.79 14103.07
17775.77 14103.07
17775.76 14103.06
17774.86 14102.88
17772.65 14102.43
17759.96 14099.62
17754.46 14098.23
17746.67 14096.27
17737.67 14094.01
17727.32 14091.72
17716.50 14089.45
17704.88 14087.02
17693.85 14084.70
17682.23 14082.27
17671.05 14079.58
17659.96 14076.77
17649.20 14074.12
17638.06 14071.38
17627.42 14068.76
17615.95 14065.94
17604.86 14063.22
17589.68 14059.23
17588.99 14059.05
17582.11 14047.47
17582.13 14047.39
17587.83 14038.63
17600.27 14031.90
17610.04 14026.62
17619.35 14020.47
17627.87 14014.61
17633.39 14010.67
17638.50 14006.98
17643.98 14003.00
17649.43 13999.07
17654.61 13995.40
17660.34 13991.34
17665.13 13987.95
17667.19 13990.53
17662.01 13994.21
17656.32 13998.24
17650.53 14002.35
17645.48 14006.01
17640.40 14009.68
17635.26 14013.40
