12858.21 14334.66
12859.81 14333.90
12862.68 14332.54
12868.86 14333.26
12875.54 14329.95
12883.75 14325.84
12894.01 14320.71
12906.33 14315.41
12919.25 14310.63
12933.03 14306.12
12945.85 14303.36
12955.75 14301.67
12961.67 14300.66
12963.60 14300.33
12963.63 14300.32
12963.64 14300.32
12963.64 14300.32
12963.64 14300.32
12963.64 14300.32
12963.64 14300.32
12963.64 14300.32
12963.64 14300.32
12963.64 14300.32
12963.64 14300.32
12963.64 14300.32
12963.64 14300.32
12963.64 14300.32
12963.64 14300.32
12963.64 14300.32
12964.28 14304.58
12960.93 14305.12
12956.09 14305.92
12949.54 14306.99
12941.41 14308.32
12931.09 14310.39
12919.40 14313.81
12906.86 14318.36
12894.96 14326.94
12882.09 14333.32
12871.85 14338.40
12865.14 14341.74
12860.59 14344.02
12859.66 14344.48
12859.53 14344.55
12859.50 14344.57
12859.50 14344.57
12852.67 14347.98
12849.97 14349.32
12846.16 14351.23
12840.99 14353.81
12830.10 14357.38
12821.11 14361.84
12809.16 14365.21
12795.85 14368.72
12781.75 14372.36
12781.58 14372.39
12781.48 14372.41
12760.65 14376.13
12752.93 14377.73
12743.44 14379.70
12732.04 14382.07
12719.55 14384.81
12706.56 14388.78
12693.56 14393.35
12680.17 14398.07
12667.14 14402.55
12651.63 14409.06
12644.79 14412.38
12619.32 14430.52
12610.69 14439.95
12601.73 14449.31
12592.40 14457.97
12583.15 14466.58
12573.90 14475.18
12564.72 14483.71
12555.36 14492.47
12548.44 14498.95
12543.84 14503.27
12541.59 14505.38
12541.03 14505.90
12522.97 14522.23
12520.02 14524.81
12516.22 14528.12
12511.21 14532.47
12505.23 14537.69
12498.27 14543.75
12489.97 14550.98
12480.31 14559.39
12462.95 14574.79
12452.50 14584.39
12441.92 14594.11
12430.59 14602.82
12419.44 14612.12
12408.99 14621.33
12398.39 14630.66
12387.11 14640.60
12376.30 14650.04
12365.48 14658.85
12354.20 14668.02
12343.31 14676.87
12334.55 14684.02
12329.06 14688.56
12326.88 14690.55
12326.77 14690.65
12326.73 14690.69
12326.72 14690.70
12326.72 14690.70
12326.72 14690.70
12307.06 14701.17
12305.93 14702.06
12304.19 14703.44
12301.88 14705.26
12298.84 14707.63
12287.56 14716.20
12277.50 14723.94
12266.44 14732.45
12253.52 14740.49
12241.23 14747.91
12223.04 14758.50
12210.32 14765.12
12197.00 14772.07
12184.02 14778.85
12171.43 14785.41
12158.59 14792.12
12145.85 14798.77
12132.79 14805.58
12119.19 14812.69
12106.51 14819.37
12086.25 14830.16
12073.48 14836.85
12063.09 14842.38
12046.18 14851.52
12031.86 14859.30
12020.30 14865.59
12009.34 14871.31
12000.30 14875.99
11994.53 14878.98
11991.62 14880.48
11974.05 14889.73
11973.97 14889.77
11959.56 14897.31
11955.32 14899.76
11952.37 14901.58
11952.30 14897.75
11956.65 14895.12
11959.26 14893.74
11960.60 14880.50
11956.25 14873.00
11951.55 14863.56
11945.94 14852.31
11939.49 14839.36
11932.29 14824.91
11921.39 14810.42
11912.36 14792.25
11903.23 14773.76
11893.88 14754.80
11880.16 14734.45
11871.00 14715.90
11861.86 14697.39
11853.41 14680.27
11842.72 14665.08
11833.85 14662.35
11824.54 14661.54
11808.02 14672.38
11797.76 14683.41
11783.83 14698.13
11775.54 14706.57
11767.21 14715.05
11749.79 14731.82
11738.89 14741.94
11727.75 14752.05
11716.63 14761.50
11705.68 14770.63
11694.48 14779.98
11683.19 14789.21
11671.69 14798.49
11662.56 14805.85
11656.71 14810.58
11654.14 14812.65
11654.13 14812.67
11654.12 14812.67
11654.12 14812.67
11654.12 14812.67
11654.12 14812.67
11654.12 14812.67
11654.12 14812.67
11654.12 14812.67
11654.12 14812.67
11645.37 14819.58
11642.90 14821.47
11639.08 14824.38
11634.08 14828.19
11627.96 14832.87
11620.31 14838.70
11610.86 14845.91
11599.77 14854.38
11588.04 14863.33
11576.29 14872.19
11564.79 14880.79
11548.37 14892.92
11535.91 14901.90
11524.01 14910.31
11511.79 14918.78
11499.86 14926.89
11485.49 14936.41
