15783.61 12172.09
15782.40 12173.19
15780.20 12175.19
15776.51 12178.55
15771.45 12183.15
15765.01 12189.00
15757.63 12195.71
15749.15 12203.40
15741.16 12210.62
15732.69 12218.27
15724.25 12225.90
15716.06 12233.31
15708.04 12241.04
15700.38 12248.43
15692.28 12256.25
15684.23 12264.29
15676.35 12272.16
15668.45 12280.06
15661.14 12287.64
15653.29 12295.84
15645.51 12303.96
15637.90 12312.25
15630.43 12320.48
15623.12 12328.55
15615.80 12336.61
15608.62 12344.54
15601.42 12352.48
15634.56 12314.53
15626.88 12322.68
15619.64 12332.78
15612.11 12342.34
15603.90 12352.02
15596.18 12361.14
15588.25 12370.50
15581.84 12378.06
15577.24 12383.49
15575.24 12385.85
15575.08 12386.04
15575.06 12386.06
15575.06 12386.07
15575.06 12386.07
15575.06 12386.07
15575.06 12386.07
15569.16 12390.49
15567.22 12392.71
15563.74 12396.41
15559.08 12401.38
15553.16 12407.68
15546.27 12416.11
15538.07 12425.71
15529.85 12435.42
15521.36 12445.56
15513.08 12455.67
15505.01 12466.18
15497.52 12476.92
15490.36 12487.16
15483.07 12501.07
15476.62 12511.72
15470.53 12522.37
15464.20 12533.53
15458.17 12544.14
15451.64 12555.64
15445.10 12567.14
15438.64 12578.53
15432.66 12589.06
15426.70 12600.37
15421.07 12611.22
15414.96 12623.02
15409.46 12633.63
15405.89 12640.53
15404.10 12643.97
15403.74 12644.67
15403.54 12645.05
15403.54 12645.05
15403.54 12645.05
15403.54 12645.05
15403.54 12645.05
15403.54 12645.05
15403.54 12645.05
15403.54 12645.05
15403.54 12645.05
15394.84 12659.76
15394.61 12660.16
15394.29 12660.74
15393.85 12661.54
15393.51 12662.14
15393.42 12662.31
15393.42 12662.31
15393.42 12662.31
15393.42 12662.31
15393.42 12662.31
15385.50 12676.47
15383.57 12679.77
15380.45 12685.14
15376.46 12691.99
15371.26 12700.92
15365.12 12711.46
15358.41 12722.99
15351.36 12735.10
15344.87 12746.25
15338.11 12757.87
15331.40 12769.40
15324.49 12781.28
15318.02 12792.39
15311.14 12804.19
15304.63 12815.39
15297.74 12827.22
15291.12 12838.60
15284.07 12850.70
15277.26 12862.40
15270.12 12873.51
15262.64 12884.63
15254.82 12896.26
15244.52 12908.53
15237.78 12918.47
15230.81 12927.99
15223.43 12937.20
15212.44 12950.95
15208.22 12956.23
15205.45 12959.70
15203.96 12961.57
15188.43 12971.84
15183.91 12975.34
15178.68 12979.78
15172.80 12985.07
15165.98 12991.22
15158.29 12998.14
15144.61 13011.10
15135.24 13020.33
15125.93 13029.72
15116.91 13039.51
15108.04 13050.14
15099.88 13060.24
15091.54 13071.06
15083.80 13081.87
15076.36 13093.40
15069.42 13104.79
15062.53 13116.12
15056.00 13128.29
15050.41 13139.86
15044.67 13151.77
15040.01 13165.73
15033.34 13182.60
15027.49 13194.40
15021.62 13206.40
15015.83 13217.83
15009.98 13229.35
15004.41 13240.35
14998.69 13251.62
14993.27 13262.67
14988.32 13273.90
14983.22 13285.50
14977.81 13296.64
14967.48 13316.81
14963.53 13326.11
14960.83 13345.47
14962.16 13355.28
14967.87 13363.74
14979.90 13371.47
14991.28 13375.59
15003.04 13379.36
15015.42 13383.09
15027.53 13386.75
15038.37 13390.02
15050.80 13393.67
15063.31 13397.53
15072.95 13400.84
15082.18 13404.00
15091.88 13407.33
15100.46 13410.28
15105.93 13412.17
15130.77 13421.89
15138.21 13424.54
15146.40 13426.16
15154.04 13426.21
15161.58 13424.67
15169.34 13421.79
15175.82 13417.70
15181.65 13412.19
15186.83 13405.45
15190.91 13398.37
15193.38 13390.85
15193.83 13382.53
15192.65 13374.26
15190.03 13366.39
15186.08 13359.16
15151.79 13329.42
15140.76 13325.01
15128.52 13320.13
15116.51 13315.33
15104.25 13310.43
15091.90 13306.14
15079.26 13302.97
15066.89 13299.87
15053.60 13296.53
15040.84 13293.68
15027.98 13290.96
15015.35 13288.28
15002.46 13285.77
14989.19 13283.41
14976.20 13281.14
14963.73 13278.96
14950.96 13276.72
14938.49 13274.54
14925.89 13272.38
14912.51 13270.09
14899.55 13267.86
14886.90 13265.69
14875.23 13263.69
14862.71 13261.55
14851.48 13259.62
14840.27 13257.70
14830.02 13255.94
14819.16 13254.07
14808.63 13252.25
14797.93 13250.40
14787.02 13248.51
14776.51 13246.69
14765.71 13244.82
14754.80 13242.93
14743.70 13241.01
14733.73 13239.29
14723.93 13237.59
14712.72 13235.65
14702.23 13233.84
14691.79 13232.03
14681.70 13230.28
14671.36 13228.49
14659.65 13226.47
14649.77 13224.76
14639.11 13222.91
14628.07 13221.00
14617.49 13219.17
14606.78 13217.32
14596.66 13215.57
14585.85 13213.70
14575.15 13211.84
14564.65 13210.03
14554.34 13208.24
14543.16 13206.31
14532.78 13204.51
14521.81 13202.62
14510.78 13200.71
14500.04 13198.85
14490.09 13197.13
14479.68 13195.33
14468.81 13193.44
14458.26 13191.62
14447.60 13189.77
14436.87 13187.92
14425.81 13186.03
14415.04 13184.23
14403.33 13182.27
14391.67 13180.32
14381.24 13178.58
14370.71 13176.82
14360.63 13175.14
14350.09 13173.38
14339.38 13171.59
14328.80 13169.82
14318.11 13168.04
14307.32 13166.24
14296.33 13164.40
14285.97 13162.67
14274.91 13160.82
14264.48 13159.08
14254.08 13157.34
14243.75 13155.62
14233.24 13153.86
14223.27 13152.20
14213.40 13150.55
14203.28 13148.86
14144.69 13137.77
14131.99 13135.45
14119.52 13132.36
14107.78 13129.44
14095.28 13126.33
14083.02 13123.22
14072.16 13120.47
14061.14 13117.50
14053.40 13114.96
14045.58 13112.40
14037.63 13109.79
14031.30 13107.72
14023.64 13105.29
14014.42 13102.62
14003.79 13099.54
13991.89 13096.09
13980.39 13092.76
13969.13 13089.49
13957.44 13085.75
13946.17 13082.12
13935.64 13078.72
13925.59 13076.11
13915.93 13073.99
13905.10 13071.60
13881.71 13072.45
13872.07 13075.18
13864.16 13078.19
13856.67 13083.31
13850.94 13089.67
13845.59 13097.36
13841.63 13105.61
13838.46 13113.66
13830.52 13136.35
13830.14 13137.63
13824.32 13151.62
13820.99 13162.38
13817.80 13171.94
13814.58 13181.61
13811.17 13191.83
13807.36 13203.27
13803.16 13215.88
13797.63 13227.23
13792.10 13238.51
13789.34 13253.50
13785.30 13265.64
13781.25 13277.80
13777.14 13290.17
13773.38 13301.47
13769.17 13314.15
13765.19 13326.12
13761.28 13337.89
13756.93 13349.73
13747.14 13367.84
13741.07 13383.38
13740.11 13386.12
13739.81 13386.81
13739.77 13386.90
13739.73 13387.00
13739.72 13387.02
13739.58 13387.34
13739.26 13388.07
13741.50 13391.18
13736.04 13402.77
13734.19 13409.46
13731.80 13418.07
13728.95 13428.35
13725.67 13440.16
13722.51 13451.56
13719.37 13462.89
13716.17 13474.42
13713.78 13486.81
13711.42 13499.18
13709.19 13510.87
13707.29 13520.82
13706.23 13526.85
13705.88 13528.93
13705.80 13529.41
13705.54 13530.93
13705.08 13533.66
13703.03 13546.45
13702.53 13549.80
13701.89 13554.05
13701.15 13559.04
13700.30 13564.73
13698.72 13588.94
13694.63 13598.22
13693.93 13608.67
13693.03 13628.82
13693.00 13640.44
13692.97 13652.24
13692.94 13663.50
13692.91 13675.03
13692.88 13686.33
13692.85 13698.11
13692.33 13716.81
13692.10 13720.96
13691.58 13723.13
13680.54 13739.05
13680.49 13739.11
13676.11 13743.68
13668.14 13751.12
13666.91 13752.21
13666.20 13752.84
13651.06 13763.31
13639.93 13764.20
13630.57 13765.56
13619.90 13767.11
13602.18 13768.55
13589.40 13769.18
13578.48 13769.68
13566.88 13770.22
13556.08 13770.71
13545.45 13771.20
13534.61 13771.70
13523.47 13772.22
13513.38 13773.38
13503.55 13774.51
13495.15 13775.63
13489.72 13779.80
13482.46 13780.91
