17246.24 18330.89
17244.71 18331.07
17241.35 18331.48
17235.89 18332.15
17228.10 18333.10
17218.86 18334.23
17208.30 18335.52
17195.47 18337.09
17182.25 18340.44
17170.10 18343.69
17157.47 18347.07
17144.59 18350.52
17131.83 18353.77
17118.86 18354.18
17113.73 18348.58
17126.77 18350.70
17139.53 18348.46
17151.74 18345.19
17164.35 18341.81
17177.26 18338.35
17189.59 18335.05
17201.93 18332.97
17215.28 18331.34
17228.65 18329.71
17238.94 18328.46
17245.47 18327.66
17248.92 18327.24
17265.00 18310.63
17271.58 18310.21
17280.27 18309.64
17290.98 18308.95
17303.34 18308.15
17315.04 18307.39
17327.55 18306.58
17339.24 18305.82
17351.65 18305.01
17360.48 18304.44
17365.42 18304.24
17373.59 18296.76
17375.87 18289.26
17378.59 18280.27
17381.79 18269.69
17385.41 18257.99
17389.15 18246.09
17392.76 18234.57
17400.68 18209.35
17403.34 18201.22
17405.97 18192.82
17408.43 18184.63
17416.48 18159.82
17420.48 18148.23
17424.71 18135.99
17428.96 18123.69
17432.96 18112.12
17437.13 18100.04
17441.35 18087.84
17449.60 18064.02
17453.82 18051.82
17458.07 18039.31
17462.46 18026.42
17466.81 18013.63
17471.08 18001.07
17475.29 17988.69
17479.51 17976.26
17483.70 17963.96
17488.14 17950.89
17492.54 17937.96
17496.96 17925.36
17501.20 17912.97
17505.64 17900.14
17509.92 17887.80
17513.89 17874.62
17517.41 17862.16
17520.96 17849.01
17524.02 17835.61
17526.89 17822.99
17529.45 17810.26
17531.83 17796.67
17534.04 17783.27
17536.15 17769.60
17538.13 17756.74
17540.02 17743.22
17541.77 17730.03
17543.52 17716.85
17545.31 17703.41
17546.92 17689.44
17548.36 17675.69
17549.52 17661.76
17550.06 17648.45
17550.63 17634.58
17550.77 17614.55
17549.56 17601.71
17550.23 17587.74
17550.84 17573.68
17550.51 17559.54
17550.21 17546.54
17549.90 17533.16
17549.60 17520.18
17549.29 17507.14
17548.14 17489.67
17546.93 17480.36
17545.80 17471.66
17542.85 17424.70
17538.40 17415.60
17537.16 17405.71
17535.97 17396.11
17535.03 17386.40
17534.21 17376.50
17533.38 17366.47
17532.54 17356.25
17529.90 17344.34
17529.15 17335.23
17528.40 17326.13
17527.62 17316.80
17526.94 17292.49
17525.61 17285.53
17524.25 17278.49
17522.81 17271.06
17510.82 17260.12
17507.16 17248.44
17503.47 17236.64
17499.61 17224.32
17495.88 17212.42
17492.34 17201.11
17489.51 17191.95
17487.99 17186.64
17486.73 17182.22
17490.58 17169.92
17494.41 17168.59
17497.04 17167.68
17498.40 17167.21
17498.75 17167.08
17499.00 17167.00
17499.07 17166.97
17499.10 17166.96
17499.11 17166.96
17499.11 17166.96
17499.11 17166.96
17499.11 17166.96
17499.11 17166.96
17499.11 17166.96
17499.11 17166.96
17499.11 17166.96
17499.11 17166.96
17499.11 17166.96
17499.42 17166.85
17500.45 17166.49
17502.46 17165.84
17509.11 17152.81
17507.87 17144.99
17506.56 17135.80
17505.28 17125.53
17503.89 17115.17
17502.74 17106.56
17501.42 17096.66
17500.00 17086.05
17498.62 17075.78
17497.23 17065.41
17495.85 17055.08
17492.45 17042.55
17490.76 17031.74
17489.20 17021.72
17487.77 17012.52
17485.63 17002.57
17483.45 16992.66
17480.77 16982.69
17477.90 16972.59
17475.01 16962.44
17472.48 16953.52
17469.66 16943.63
17467.08 16934.55
17461.25 16915.19
17458.66 16908.01
17456.27 16901.38
17451.17 16883.40
17447.12 16873.71
17443.26 16864.46
17439.38 16855.14
17435.67 16846.25
17432.92 16840.49
17431.11 16837.31
17430.49 16836.23
17430.27 16835.84
17430.23 16835.76
17430.20 16835.71
17429.79 16834.98
17428.67 16833.02
17426.77 16820.68
17426.61 16820.35
17426.41 16819.94
17420.36 16810.41
17415.82 16800.05
17408.98 16792.64
17404.63 16782.71
17400.39 16773.02
17392.26 16754.07
17388.29 16744.17
17384.01 16733.53
17379.37 16721.97
17375.10 16711.52
17370.29 16699.80
17365.98 16685.19
17360.61 16674.32
17355.13 16664.39
17349.43 16654.74
17333.32 16636.91
17326.11 16631.71
17317.35 16629.74
17294.96 16633.09
17281.99 16638.84
17269.47 16644.38
17256.80 16650.00
17244.17 16655.60
17231.78 16661.09
17218.59 16666.93
17205.56 16672.71
17192.60 16678.45
17179.31 16684.36
17166.96 16690.10
17153.82 16696.22
17141.67 16701.86
17129.49 16707.53
17116.53 16713.55
17103.69 16719.52
17090.88 16725.48
17078.52 16731.23
17065.98 16737.06
17053.70 16743.19
17040.85 16749.89
17028.72 16756.21
17016.50 16762.58
17004.45 16768.86
16991.82 16775.44
16979.82 16781.69
16967.41 16788.16
16954.59 16794.85
16942.00 16801.41
16929.56 16807.90
16917.42 16814.22
16907.20 16823.27
16894.75 16829.75
16882.64 16836.07
16870.34 16842.48
16857.46 16849.19
16845.60 16855.37
16833.62 16861.62
16821.33 16868.02
16809.52 16874.18
16796.66 16880.88
16784.03 16887.47
16771.11 16894.20
16759.18 16900.42
16747.17 16906.68
16734.99 16913.03
16722.09 16919.75
16710.06 16926.02
16697.15 16932.75
16685.31 16938.92
16672.45 16945.62
16660.04 16952.09
16647.63 16958.56
16635.11 16965.08
16622.78 16971.51
16607.88 16975.56
16595.53 16981.99
16583.71 16988.16
16571.86 16994.33
16559.08 17000.99
16546.96 17007.31
16534.88 17013.60
16522.53 17020.04
16509.75 17026.70
16497.37 17033.15
16485.56 17039.31
16473.49 17045.60
16460.78 17052.23
16448.86 17058.44
16436.82 17064.72
16424.10 17071.27
16411.71 17077.58
16398.81 17084.22
16386.93 17091.18
16375.18 17098.07
16364.48 17106.76
16353.97 17116.18
16344.52 17125.85
16335.00 17136.33
16315.45 17157.81
16305.84 17166.87
16294.83 17173.68
16282.33 17177.66
16270.73 17179.25
16258.97 17179.24
16247.53 17176.60
16236.34 17172.04
16227.02 17166.36
16218.15 17159.50
16211.16 17150.89
16205.87 17141.61
16200.64 17131.87
16197.91 17121.65
16195.38 17111.30
16192.76 17100.52
16190.66 17090.65
16188.35 17079.80
16184.88 17068.15
16181.58 17057.80
16175.64 17046.64
16170.22 17035.27
16165.93 17024.41
16158.74 17015.20
16149.94 17006.45
16134.63 16989.83
16123.74 16982.02
16111.79 16974.59
16100.11 16967.31
16088.09 16959.83
16076.19 16952.42
16064.44 16945.11
16052.85 16937.89
16040.78 16930.38
16029.00 16923.04
16015.16 16918.31
16003.37 16910.97
15991.29 16903.45
15979.38 16896.03
15967.70 16888.77
15955.96 16881.46
15944.30 16874.20
15932.51 16866.86
15921.07 16859.73
15909.30 16852.40
15898.05 16845.40
15886.84 16838.42
15875.36 16831.27
15846.17 16813.03
15837.12 16807.37
15828.60 16802.04
15819.93 16796.61
15810.93 16790.99
15802.27 16785.57
15796.41 16781.90
15793.20 16779.91
15792.02 16779.20
15791.79 16779.06
15791.79 16779.06
15791.79 16779.06
15791.79 16779.06
15782.59 16773.25
15779.22 16771.04
15774.63 16768.04
15768.71 16764.24
15760.71 16759.09
15750.56 16752.57
15741.84 16743.40
15729.95 16735.54
15717.91 16728.23
15705.88 16720.92
15694.36 16713.73
15682.73 16706.64
15670.78 16699.21
15659.21 16691.28
15648.58 16683.22
15637.53 16673.87
15627.75 16664.57
15617.84 16654.84
15608.44 16645.08
15599.04 16634.90
15587.87 16627.33
15578.71 16617.06
15569.81 16607.09
15560.67 16596.84
15551.75 16586.86
15542.76 16576.78
15533.12 16565.98
15524.13 16555.92
15515.26 16546.01
15506.23 16535.91
15497.22 16525.84
15487.87 16515.39
15478.52 16504.93
15469.19 16494.50
15460.34 16484.60
15451.05 16474.22
15441.41 16463.44
15432.55 16453.54
15423.26 16443.16
15414.22 16433.33
15405.03 16423.33
15395.58 16413.07
15386.22 16402.89
15376.98 16392.84
15368.15 16382.85
15359.40 16372.82
15350.54 16362.67
15341.05 16351.79
15331.63 16341.20
15321.95 16330.54
15312.48 16320.12
15303.10 16309.79
15293.49 16299.22
15284.39 16289.20
15274.91 16278.76
15265.38 16268.84
15255.31 16259.34
15244.99 16249.60
15234.38 16241.08
15223.96 16232.90
15212.82 16224.28
15201.60 16216.16
15190.47 16208.74
15178.51 16201.29
15165.99 16194.20
15153.61 16187.68
15141.33 16181.42
15128.56 16174.91
15106.88 16163.58
15098.03 16158.86
15089.18 16154.12
15069.18 16143.03
15060.36 16138.03
15051.76 16133.14
15036.42 16122.53
15023.10 16114.95
15008.58 16106.69
14992.11 16097.32
14975.85 16088.07
14959.39 16078.71
14942.74 16069.24
14925.58 16059.47
14908.72 16049.89
14892.98 16040.86
14880.80 16033.85
14865.86 16025.26
14863.70 16024.02
14862.93 16023.57
14862.80 16023.50
14854.32 16018.62
14854.24 16018.58
14842.99 16011.82
14841.29 16010.75
14831.20 16004.45
14819.96 15997.42
14814.66 15994.12
14790.06 15983.77
14773.42 15974.66
14756.55 15965.43
14740.01 15956.37
14723.45 15947.00
14704.08 15932.25
14691.39 15921.29
14676.60 15912.92
14653.45 15901.41
14636.41 15892.54
14620.08 15883.56
14603.90 15874.66
14587.74 15865.77
14571.14 15856.63
14554.32 15847.38
14538.52 15838.12
14522.80 15828.90
14509.20 15820.93
14498.09 15814.42
14490.88 15809.63
14487.13 15807.21
14486.61 15806.88
14486.56 15806.84
14486.54 15806.83
14486.54 15806.83
14486.54 15806.83
14486.54 15806.83
14486.54 15806.83
14486.54 15806.83
14486.54 15806.83
14486.54 15806.83
14486.54 15806.83
14486.54 15806.83
14486.54 15806.83
14486.54 15806.83
14486.54 15806.83
14486.54 15806.83
14486.54 15806.83
14486.54 15806.83
14473.87 15798.52
14471.19 15796.73
14467.57 15794.31
14462.81 15791.14
14456.99 15787.07
14450.13 15782.11
14431.29 15771.77
14420.59 15763.15
14409.93 15754.56
14399.63 15746.26
14389.07 15737.75
14378.90 15729.55
14368.54 15721.03
14358.02 15712.38
14347.98 15704.13
14337.50 15695.50
14329.61 15684.39
14319.75 15674.90
14305.27 15660.65
14296.33 15651.88
14287.68 15643.39
14278.59 15634.47
14269.75 15625.79
14261.13 15617.33
14251.95 15608.35
14243.00 15599.88
14227.82 15585.13
14218.62 15575.72
14209.66 15566.57
14200.36 15557.07
14191.48 15547.99
14182.23 15538.55
14172.90 15529.01
14164.15 15520.06
14156.02 15510.62
14146.50 15495.86
14140.53 15480.34
14132.72 15457.12
14130.03 15448.14
14127.15 15438.51
14124.46 15429.53
14121.69 15419.89
14119.12 15410.55
14112.33 15386.80
14109.76 15378.29
14107.29 15370.14
14103.03 15354.35
14100.67 15343.97
14098.33 15333.67
14095.76 15323.13
14090.30 15298.57
14088.20 15286.99
14086.26 15275.76
14084.28 15264.37
14082.10 15252.85
14079.64 15241.90
14077.08 15230.87
14074.66 15220.43
14091.59 15209.23
14097.57 15208.76
14104.00 15208.25
14110.51 15207.74
14116.30 15207.29
14122.03 15206.84
14128.46 15206.33
14135.03 15205.82
14139.00 15205.51
14151.96 15203.94
14159.42 15202.80
14166.95 15201.65
14174.19 15200.55
14181.17 15199.49
14188.85 15198.14
14196.33 15196.73
14203.50 15195.38
14210.41 15194.08
14217.45 15192.75
14225.10 15191.31
14232.92 15189.89
14239.92 15182.98
14239.06 15175.47
14238.09 15167.01
14237.22 15159.36
14236.35 15151.72
14235.52 15144.49
14234.64 15136.77
14233.70 15128.56
14232.75 15120.28
14231.81 15112.06
14230.99 15104.83
14230.08 15096.87
14229.19 15089.13
14223.11 15088.14
14215.36 15089.05
14207.19 15090.01
14199.21 15090.95
14190.86 15091.93
14183.05 15092.85
14174.98 15093.80
14167.32 15094.70
14159.76 15095.58
14151.58 15096.55
