24020.83 4357.27
24020.95 4355.45
24021.15 4352.22
24021.42 4346.82
24021.65 4339.71
24021.90 4332.24
24022.11 4325.82
24022.35 4318.60
24022.60 4311.16
24022.83 4304.18
24023.06 4297.05
24023.22 4290.69
24023.38 4284.00
24023.54 4277.21
24023.71 4269.84
24023.94 4262.72
24024.17 4256.06
24024.41 4249.29
24024.64 4242.74
24024.83 4235.33
24024.91 4228.79
24025.07 4222.35
24025.27 4215.15
24025.38 4210.89
24028.55 4215.56
24028.35 4223.07
24028.18 4230.53
24028.11 4236.92
24027.91 4243.75
24027.66 4250.76
24027.41 4257.80
24027.18 4264.32
24027.00 4270.66
24026.82 4277.82
24026.66 4284.78
24026.50 4291.51
24026.31 4298.57
24026.09 4305.37
24025.85 4312.43
24025.64 4318.76
24025.40 4326.09
24025.16 4333.21
24024.93 4340.33
24024.69 4347.64
24024.30 4354.70
24024.00 4359.54
24023.91 4360.93
24023.89 4361.24
24014.83 4366.71
24011.64 4365.80
24006.51 4364.34
24000.74 4362.69
23995.11 4361.08
23989.27 4359.42
23983.31 4357.73
23977.72 4356.18
23972.34 4354.69
23967.09 4353.23
23961.61 4351.96
23957.06 4350.94
23940.98 4358.87
23938.67 4365.03
23937.66 4371.20
23936.55 4377.28
23935.26 4383.83
23934.12 4389.86
23932.82 4396.38
23931.23 4402.51
23929.56 4408.36
23927.97 4413.27
23921.78 4429.01
23919.14 4434.86
23916.38 4441.17
23913.81 4447.08
23911.26 4452.94
23908.70 4458.62
23906.02 4464.14
23903.47 4469.63
23900.60 4475.91
23898.04 4481.52
23895.41 4487.29
23892.78 4493.05
23890.65 4497.72
23885.82 4508.62
23884.18 4512.49
23882.20 4517.16
23880.04 4522.18
23877.73 4527.48
23875.15 4533.36
23872.88 4538.42
23870.57 4543.59
23867.98 4549.41
23865.72 4554.47
23863.48 4559.48
23861.33 4564.54
23859.20 4569.63
23856.43 4575.70
23854.91 4579.00
23852.76 4583.64
23846.17 4598.36
23843.68 4604.06
23841.10 4609.96
23839.01 4614.71
23836.43 4620.60
23834.48 4625.04
23831.82 4631.12
23829.61 4636.16
23827.28 4641.50
23825.16 4646.32
23822.94 4651.40
23820.44 4657.10
23818.15 4662.33
23816.76 4665.50
23814.46 4670.76
23808.89 4683.71
23807.47 4687.07
23806.33 4689.88
23805.18 4693.42
23801.15 4709.47
23800.22 4715.11
23799.17 4721.53
23798.57 4726.78
23797.92 4732.49
23797.64 4738.86
23797.37 4745.61
23797.14 4751.28
23796.88 4757.82
23796.64 4763.88
23796.43 4769.19
23796.20 4774.98
23795.97 4780.81
23795.69 4787.08
23795.43 4792.74
23795.14 4799.13
23794.89 4804.58
23794.61 4810.70
23794.36 4816.18
23794.05 4822.91
23793.75 4829.45
23793.50 4835.01
23793.20 4841.48
23792.88 4847.73
23792.58 4853.53
23792.32 4858.66
23791.97 4865.34
23791.69 4870.82
23791.32 4877.89
23791.15 4883.69
23791.01 4889.56
23790.89 4894.95
23790.74 4901.07
23790.57 4908.29
23790.37 4914.15
23789.75 4929.23
23789.59 4933.25
23789.40 4937.99
23789.20 4942.97
23789.03 4947.46
23788.82 4952.62
23788.63 4957.35
23788.43 4962.44
23788.24 4967.31
23788.14 4969.60
23788.07 4970.33
23788.03 4970.83
23788.02 4970.86
23788.02 4970.87
23788.02 4970.87
23788.02 4970.87
23788.02 4970.87
23788.02 4970.87
23788.02 4970.87
23788.02 4970.87
23787.91 4972.14
23787.66 4974.85
23775.74 4986.71
23769.54 4986.75
23761.04 4986.81
23750.09 4990.18
23738.40 4990.25
23727.64 4990.34
23716.37 4989.93
23705.98 4989.52
23694.60 4989.07
23683.51 4988.63
23673.74 4988.24
23663.01 4987.81
23652.92 4987.41
23633.48 4990.52
23623.19 4996.21
23614.46 5004.09
23608.05 5013.17
23604.17 5023.93
23600.13 5036.56
23595.95 5057.40
23592.84 5070.06
23590.18 5080.89
23587.77 5090.68
23585.15 5101.35
23582.37 5112.63
23579.58 5123.99
23576.72 5135.60
23574.42 5145.39
23569.45 5152.65
23567.28 5162.54
23564.72 5174.20
23562.22 5185.58
23561.06 5198.77
23559.03 5208.23
23557.48 5217.88
23556.30 5227.63
23555.14 5237.24
23554.08 5246.00
23552.90 5255.80
23548.92 5293.67
23547.99 5310.36
23546.93 5329.33
23545.75 5350.61
23544.45 5373.84
23543.04 5399.12
23541.58 5425.25
23536.84 5451.19
23535.42 5476.59
23534.07 5502.00
23532.77 5528.33
23531.56 5554.31
23530.33 5580.85
23529.09 5607.48
23527.90 5633.13
23526.66 5659.64
23525.44 5686.02
23524.22 5712.16
23522.98 5738.82
23521.79 5764.39
23520.57 5790.65
23519.38 5816.23
23518.15 5842.62
23516.92 5869.10
23515.74 5894.57
23514.52 5920.74
23513.41 5946.87
23512.31 5973.15
23511.22 5999.22
23510.14 6025.13
23509.02 6051.80
23507.95 6077.25
23506.88 6102.84
23505.81 6128.48
23504.73 6154.35
23503.61 6180.95
23502.50 6207.61
23501.41 6233.42
23500.33 6259.33
23499.24 6285.25
23498.16 6311.18
23497.09 6336.72
23495.97 6363.35
23494.88 6389.44
23493.82 6414.86
23492.70 6441.49
23491.63 6467.12
23490.56 6492.67
23491.05 6522.21
23490.03 6547.58
23488.82 6573.70
23487.61 6599.90
23486.43 6625.50
23485.23 6651.37
23484.05 6677.03
23482.87 6702.66
23481.69 6728.68
23480.75 6755.04
23479.82 6781.22
23478.89 6807.52
23477.99 6832.97
23477.06 6858.94
23476.13 6885.20
23475.22 6910.77
23474.93 6936.09
23472.50 6964.93
23471.68 6991.49
23470.88 7017.25
23470.07 7043.44
23469.27 7069.51
23468.47 7095.18
23467.77 7120.57
23467.08 7146.39
23466.38 7172.76
23465.70 7198.48
23465.02 7224.14
23464.32 7250.20
23463.65 7275.75
23462.95 7302.01
23462.27 7327.44
23461.59 7353.07
23460.91 7378.76
23460.23 7404.63
23459.55 7430.12
23458.74 7458.77
23458.07 7483.99
23457.39 7509.51
23456.92 7534.08
23457.05 7554.69
23455.33 7580.71
23454.38 7606.01
23453.42 7631.74
23452.43 7658.15
23451.35 7683.42
23450.02 7709.59
23448.74 7735.03
23447.41 7761.26
23445.97 7787.47
23444.22 7813.06
23442.43 7839.32
23440.68 7864.85
23438.90 7890.88
23437.13 7916.75
23435.29 7942.02
23432.74 7967.83
23430.22 7993.28
23427.52 8018.85
23424.77 8044.92
23422.08 8070.42
23418.67 8095.53
23415.07 8120.75
23411.40 8146.47
23407.75 8171.83
23404.12 8196.94
23400.56 8222.04
23397.01 8247.30
23392.85 8272.47
23388.14 8298.43
23382.20 8326.65
23376.33 8351.56
23370.42 8376.62
23364.50 8401.74
23358.55 8426.98
23352.48 8452.09
23344.75 8477.31
23337.05 8502.42
23329.22 8527.96
23321.39 8553.47
23313.50 8577.97
23305.15 8603.11
23295.99 8627.38
23286.77 8651.82
23277.18 8676.62
23266.82 8700.77
23256.57 8724.66
23246.48 8748.17
23235.71 8771.57
23224.90 8795.02
23213.88 8818.93
23202.15 8841.60
23189.99 8864.82
23177.66 8888.35
23164.68 8910.81
23151.61 8933.06
23138.47 8955.41
23124.95 8977.65
23110.99 8999.24
23096.49 9021.67
23082.14 9043.87
23067.16 9064.66
23051.73 9085.79
23035.95 9107.40
23020.75 9128.23
23003.77 9148.44
22986.51 9168.01
22969.63 9187.15
22952.06 9207.05
22934.35 9226.02
22916.77 9244.82
22898.53 9263.88
22879.86 9282.03
22860.70 9300.66
22841.96 9318.88
22823.08 9337.23
22804.09 9355.69
22785.24 9373.89
22766.15 9392.02
22747.06 9410.13
22727.71 9428.50
22709.17 9446.10
22689.88 9464.41
22670.29 9482.51
22650.89 9499.32
22631.53 9516.10
22612.23 9532.83
22592.63 9549.81
22572.49 9567.26
22553.10 9584.07
22533.02 9601.46
22513.04 9618.78
22493.83 9635.62
22473.85 9653.15
22454.21 9670.37
22434.20 9687.92
22414.62 9705.09
22395.43 9721.92
22375.33 9739.55
22358.61 9754.21
22342.11 9769.02
22326.19 9783.61
22310.06 9798.40
22291.68 9810.77
22274.43 9826.58
22256.11 9843.38
22237.18 9860.73
22218.26 9878.07
22199.51 9895.26
22180.56 9912.61
22161.57 9929.88
22141.99 9947.70
22119.66 9965.97
22101.03 9983.11
22082.26 10000.17
22062.91 10017.68
22043.86 10034.91
22025.04 10051.94
22006.10 10069.07
21986.79 10086.54
21967.50 10103.88
21947.11 10124.05
21926.38 10140.29
21906.44 10155.92
21885.59 10172.23
21864.79 10187.81
21844.51 10202.99
21823.39 10218.81
21802.94 10234.13
21781.88 10248.41
21760.00 10262.34
21738.58 10275.98
21715.73 10288.72
21692.91 10301.01
21670.27 10313.20
21647.97 10325.21
21624.65 10336.00
21600.97 10346.37
21577.00 10356.87
21550.35 10367.01
21527.91 10376.87
21503.85 10384.99
21480.71 10392.62
21456.40 10400.27
21432.20 10407.19
21407.57 10413.87
21383.22 10420.41
21347.52 10426.49
21322.34 10430.93
21297.87 10435.23
21272.81 10438.90
21248.14 10442.31
21223.48 10445.50
21198.28 10448.20
21173.28 10450.87
21144.91 10452.47
21119.35 10454.35
21093.85 10456.23
21069.06 10458.05
21045.11 10463.13
21019.81 10464.99
20995.73 10466.76
20968.60 10470.32
20944.82 10471.97
20921.19 10473.61
20897.76 10475.23
20874.82 10476.78
20851.63 10475.04
20826.52 10476.74
20800.13 10478.52
20773.57 10480.32
20747.35 10482.16
20721.32 10484.09
20695.24 10486.02
20668.91 10487.97
20642.45 10489.52
20616.81 10490.88
20590.79 10492.26
20564.44 10493.67
20537.77 10495.53
20512.16 10497.32
20486.13 10499.14
20460.02 10500.99
20433.43 10502.93
20408.01 10504.79
20382.47 10507.08
20356.80 10509.94
20330.30 10512.89
20304.87 10516.82
20278.93 10521.05
20253.69 10525.60
20228.51 10531.16
20203.28 10537.06
20178.69 10543.65
20154.17 10550.95
20129.18 10558.61
20104.12 10566.86
20079.94 10575.93
20055.80 10586.26
20031.67 10597.04
20007.78 10608.20
19984.28 10619.99
19961.70 10631.85
19938.63 10644.84
19915.60 10658.13
19893.30 10671.42
19871.17 10685.04
19849.29 10698.89
19827.58 10712.63
19806.03 10726.26
19784.22 10740.06
19762.55 10753.77
19740.27 10767.88
19718.59 10781.59
19696.67 10795.48
19675.04 10809.39
19652.90 10823.64
19630.80 10837.85
19608.58 10852.14
19587.12 10865.94
19564.78 10880.31
19543.13 10894.18
19520.99 10908.24
19499.39 10921.95
19477.45 10935.89
19455.84 10949.61
19433.84 10963.81
19412.19 10977.83
19390.80 10991.69
19368.84 11005.91
19346.98 11020.05
19325.24 11033.97
19302.97 11048.24
19280.70 11062.50
19259.05 11076.34
19236.75 11090.47
19214.75 11104.43
19191.48 11121.41
19170.75 11135.46
19149.53 11149.83
19128.76 11163.90
19107.22 11178.49
19083.60 11194.27
19061.84 11209.40
19040.23 11224.47
19020.59 11241.48
19001.65 11258.54
18984.32 11277.18
18967.37 11296.90
18951.16 11317.94
18936.24 11338.64
18923.07 11361.60
18910.81 11384.04
18899.10 11406.93
18889.75 11430.94
18881.04 11455.66
18874.11 11480.71
18867.73 11505.83
18861.42 11530.63
18854.98 11555.92
18848.86 11579.92
18843.66 11600.00
18837.84 11620.22
18831.47 11640.35
18824.83 11660.07
18817.85 11679.61
18810.22 11699.39
18801.48 11718.40
18792.31 11736.67
18782.25 11755.23
18771.50 11773.00
18760.22 11790.20
18748.14 11807.76
18736.11 11824.05
18723.76 11840.47
18709.75 11855.61
18695.63 11870.29
18681.39 11885.25
18666.97 11900.56
18651.94 11914.98
18635.10 11928.00
18618.38 11940.93
18601.77 11953.39
18584.06 11964.90
18566.45 11976.29
18548.25 11986.15
18529.84 11995.06
18508.52 12000.60
18493.53 12010.81
18474.33 12018.41
18456.80 12025.35
18439.17 12032.32
18422.41 12037.82
18405.20 12043.47
18388.30 12048.24
18372.02 12052.72
18356.93 12056.88
18339.42 12061.70
18321.98 12066.50
18304.74 12071.25
18287.89 12075.89
18271.34 12080.50
18252.97 12086.52
18237.22 12091.68
18220.53 12098.45
18202.02 12106.36
18185.17 12113.55
18168.83 12121.54
18154.34 12128.87
18138.18 12138.05
18122.89 12147.66
18107.68 12157.21
18093.18 12167.09
18078.78 12176.95
18063.11 12188.85
18049.79 12199.36
18035.06 12212.00
18022.03 12224.64
18009.40 12236.88
17995.87 12250.16
17980.44 12264.96
17967.22 12277.18
17954.85 12288.62
17942.85 12299.71
17929.54 12312.01
17914.76 12325.08
17900.54 12337.39
17886.40 12349.63
17871.99 12362.10
17858.63 12373.67
17844.88 12385.41
17830.19 12396.99
17815.71 12408.46
17801.39 12419.03
17785.83 12429.84
17770.72 12440.12
17756.94 12449.34
17742.19 12457.85
17727.02 12466.13
17712.18 12473.00
17697.89 12479.11
17684.86 12484.31
17669.88 12490.12
17653.00 12496.21
17634.87 12502.14
17617.23 12506.89
17599.81 12511.06
17580.75 12514.56
17560.37 12517.79
17540.75 12519.30
17520.76 12520.79
17502.90 12521.92
17486.94 12522.05
17472.92 12521.93
17460.83 12521.52
17450.58 12524.40
17439.82 12523.57
17426.60 12522.55
17408.35 12522.60
17391.59 12520.79
17373.10 12518.79
17350.65 12516.03
17335.14 12513.97
17320.08 12511.98
17304.37 12509.90
17290.30 12508.03
17279.31 12506.58
17243.16 12504.36
17231.42 12503.70
17219.27 12503.01
17206.50 12502.80
17194.87 12502.80
17182.22 12502.81
17170.29 12502.81
17157.53 12503.14
17144.78 12504.11
17132.28 12505.06
17119.85 12506.00
17108.25 12506.88
17096.43 12507.92
17084.55 12509.17
17072.56 12510.43
17060.92 12511.65
17048.74 12512.93
17036.32 12514.23
17023.55 12515.57
17011.16 12516.87
16974.62 12514.89
16966.15 12512.27
16957.98 12508.74
16950.56 12504.61
16942.69 12500.23
16935.29 12496.08
16928.05 12492.80
16923.36 12491.11
16920.79 12490.18
16920.66 12490.14
16920.64 12490.13
16920.62 12490.12
16920.62 12490.12
16920.62 12490.12
16920.62 12490.12
16920.62 12490.12
16920.62 12490.12
16920.62 12490.12
16920.62 12490.12
16920.62 12490.12
16920.62 12490.12
16920.62 12490.12
16919.10 12484.45
16921.17 12482.75
16924.15 12480.29
16928.61 12476.61
16933.69 12471.62
16939.68 12465.50
16946.23 12458.81
16954.30 12452.87
16962.70 12447.58
16970.82 12442.46
16979.08 12440.53
16984.05 12439.39
17013.09 12436.52
17022.19 12437.06
17032.51 12437.67
17043.77 12438.34
17055.54 12439.04
17067.46 12439.75
17078.67 12440.41
17090.43 12441.11
17101.93 12441.80
17113.75 12442.66
17125.53 12444.56
17137.12 12446.42
17148.20 12448.20
17160.13 12450.69
17172.03 12453.45
17183.79 12456.18
17194.61 12458.86
17205.46 12461.84
17216.20 12464.78
17227.85 12467.97
17238.78 12470.38
17250.62 12472.99
17261.94 12475.48
17295.35 12485.50
17310.15 12487.66
17327.01 12490.12
17346.14 12492.91
17365.83 12495.78
17385.51 12497.86
17406.07 12500.02
17426.31 12502.14
17449.49 12502.23
17470.40 12502.79
17491.14 12502.81
17511.42 12502.43
17532.64 12501.36
17552.62 12499.73
17572.78 12496.97
17593.17 12493.45
17613.41 12488.78
17633.58 12483.16
17652.98 12477.09
17672.28 12470.12
17691.62 12462.08
17710.17 12453.13
17728.19 12443.58
17746.36 12433.58
17764.11 12422.66
17780.55 12411.27
17796.77 12399.48
17813.70 12386.86
17829.79 12373.94
17845.81 12360.48
17861.59 12346.93
17877.20 12333.52
17891.57 12319.55
17905.94 12305.48
17921.26 12291.10
17936.03 12277.46
17950.86 12263.76
17966.12 12249.67
17981.61 12235.35
17996.90 12221.84
18012.97 12207.95
18029.00 12194.09
18044.88 12180.52
18060.89 12168.13
18077.20 12156.28
18094.24 12144.08
