11983.11 16486.31
11983.68 16484.67
11984.72 16481.68
11986.34 16477.04
11988.51 16470.80
11991.02 16462.84
11993.76 16453.11
11996.92 16441.87
12000.60 16428.81
12004.77 16414.02
12009.52 16397.15
12014.59 16379.00
12019.91 16359.95
12024.67 16341.08
12029.19 16322.84
12033.93 16304.33
12038.67 16285.97
12043.65 16266.66
12048.18 16247.56
12052.43 16228.24
12056.59 16209.34
12063.33 16187.89
12069.33 16169.58
12075.30 16151.36
12081.13 16133.58
12087.20 16115.10
12091.91 16100.75
12095.47 16086.13
12099.66 16074.94
12104.74 16064.26
12110.06 16053.07
12116.04 16042.43
12121.98 16032.25
12128.08 16021.81
12134.27 16011.23
12140.39 16000.75
12146.56 15990.20
12152.31 15980.35
12158.44 15969.87
12164.50 15959.49
12170.46 15949.29
12176.54 15938.89
12182.22 15929.19
12188.33 15918.72
12194.08 15908.88
12200.02 15898.57
12205.64 15888.73
12210.77 15879.74
12215.61 15871.25
12220.45 15862.77
12225.39 15854.12
12230.34 15845.44
12234.36 15838.39
12239.08 15830.13
12243.32 15822.70
12247.71 15814.99
12252.41 15806.77
12257.00 15798.72
12261.55 15790.75
12265.96 15783.02
12270.64 15774.82
12275.51 15766.28
12279.71 15758.49
12284.16 15749.80
12288.56 15741.20
12292.79 15732.95
12296.83 15725.06
12301.08 15716.77
12305.36 15708.35
12309.79 15699.64
12313.67 15692.02
12317.69 15684.23
12322.63 15676.20
12327.46 15668.35
12332.41 15660.29
12336.65 15653.38
12341.81 15644.98
12346.64 15637.13
12351.53 15629.17
12356.44 15621.19
12361.24 15613.39
12365.90 15605.80
12371.30 15597.01
12376.89 15587.92
12381.37 15580.63
12386.67 15572.01
12392.82 15562.00
12400.52 15540.00
12403.13 15529.26
12405.38 15518.65
12407.00 15507.22
12407.15 15495.30
12406.79 15484.32
12404.61 15473.38
12400.81 15462.38
12396.81 15451.74
12392.29 15440.82
12386.35 15430.43
12380.73 15420.83
12374.86 15411.16
12368.98 15402.00
12362.51 15392.14
12358.17 15380.55
12353.44 15374.37
12348.47 15367.86
12343.63 15361.54
12328.57 15341.86
12322.79 15334.41
12316.98 15326.91
12311.39 15319.70
12305.61 15312.25
12299.98 15304.99
12292.01 15297.40
12288.80 15293.69
12265.32 15261.45
12258.38 15253.11
12250.16 15243.22
12241.03 15232.26
12231.81 15221.17
12222.77 15210.17
12214.41 15199.52
12204.68 15184.45
12194.53 15171.52
12184.47 15158.71
12174.44 15146.04
12164.24 15133.54
12151.12 15122.70
12140.77 15110.02
12130.66 15097.63
12120.59 15085.31
12108.37 15068.09
12100.23 15058.19
12092.74 15048.67
12084.97 15038.80
12077.08 15028.97
12069.22 15019.57
12061.19 15009.97
12052.91 15000.06
12045.16 14990.80
12034.63 14983.34
12026.77 14973.93
11977.03 14910.27
11972.86 14904.97
11969.18 14899.74
11955.27 14878.37
11948.24 14864.32
11941.18 14850.15
11933.78 14835.31
11926.77 14821.23
11919.79 14807.21
11912.77 14793.08
11905.79 14778.95
11898.59 14764.35
11891.27 14749.52
11879.99 14734.12
11872.71 14719.36
11865.72 14705.21
11858.69 14690.97
11851.63 14676.65
11842.17 14664.86
11835.36 14662.74
11828.17 14661.74
11814.38 14665.95
11806.48 14673.99
11798.52 14682.59
11791.04 14690.67
11780.41 14701.61
11773.80 14708.34
11767.84 14714.41
11753.48 14728.39
11745.34 14735.95
11737.52 14743.21
11729.66 14750.36
11721.04 14757.81
11712.89 14764.61
11703.84 14772.17
11695.30 14779.29
11686.56 14786.48
11677.70 14793.64
11669.20 14800.50
11661.28 14806.89
11656.57 14810.70
11654.64 14812.25
11654.36 14812.47
11654.14 14812.65
11654.13 14812.66
11654.12 14812.67
11654.12 14812.67
11654.12 14812.67
11654.12 14812.67
11654.12 14812.67
11654.12 14812.67
11654.12 14812.67
11654.12 14812.67
11654.12 14812.67
11654.12 14812.67
11645.00 14819.86
11642.04 14822.12
11637.16 14825.85
11630.76 14830.73
11623.02 14836.64
11614.50 14843.14
11605.79 14849.79
11596.65 14856.76
11587.72 14863.57
11578.73 14870.38
11569.46 14877.31
11560.66 14883.89
11546.74 14894.09
11537.65 14900.65
11528.68 14907.07
11519.81 14913.22
11510.77 14919.49
11501.07 14926.08
11491.39 14932.54
11476.47 14942.00
11467.46 14947.47
11458.53 14952.88
11449.94 14958.06
11440.51 14963.66
11434.48 14967.24
11431.23 14969.17
11430.09 14969.85
11430.05 14969.87
11430.02 14969.89
11430.02 14969.89
11430.02 14969.89
11430.02 14969.89
11430.02 14969.89
11430.02 14969.89
11430.02 14969.89
11430.02 14969.89
11430.02 14969.89
11430.02 14969.89
11430.02 14969.89
11423.25 14973.90
11420.80 14975.34
11416.90 14977.64
11411.29 14980.96
11404.15 14985.17
11395.97 14990.00
11386.59 14995.53
11376.78 15001.32
11367.19 15006.97
11357.93 15012.44
11342.57 15022.02
11333.71 15027.67
11324.70 15033.40
11315.43 15039.31
11306.20 15045.18
11297.65 15050.63
11292.26 15054.06
11289.45 15055.86
11277.82 15063.08
11273.26 15065.84
11267.15 15069.54
11254.02 15077.50
11245.79 15082.50
11237.21 15087.72
11229.30 15092.53
11208.60 15106.45
11204.23 15109.87
11201.65 15111.90
11200.63 15112.75
11200.55 15112.83
11200.53 15112.85
11200.52 15112.86
11200.51 15112.86
11200.51 15112.86
11200.51 15112.86
11195.35 15117.76
11193.57 15119.49
11190.47 15122.52
11186.21 15126.67
11181.03 15131.74
11174.81 15138.28
11168.01 15145.47
11161.86 15151.96
11141.15 15174.11
11134.32 15181.53
11127.31 15189.16
11120.78 15196.26
11114.31 15203.29
11107.48 15210.72
11100.52 15218.29
11088.02 15231.49
11080.96 15238.85
11073.33 15246.80
11066.24 15254.19
11059.21 15261.33
11051.91 15269.20
11046.07 15275.44
11042.94 15278.78
11042.16 15279.62
11042.01 15279.77
11041.94 15279.85
11041.93 15279.85
11041.93 15279.86
11041.93 15279.86
11032.17 15291.39
11030.77 15292.93
11028.81 15294.93
11026.25 15297.55
11024.78 15299.07
11024.14 15299.72
11024.04 15299.82
11023.97 15299.90
11023.96 15299.91
11023.96 15299.91
11023.96 15299.91
11023.67 15300.20
11023.67 15300.21
11023.66 15300.22
11023.66 15300.22
11023.66 15300.22
11013.68 15293.74
11012.15 15291.17
11009.97 15287.48
11007.00 15282.47
11003.43 15276.43
10998.67 15268.40
10990.59 15261.23
10985.08 15251.91
10979.52 15242.53
10974.03 15233.25
10968.61 15224.09
10963.20 15214.97
10957.49 15205.31
10946.96 15187.40
10941.04 15177.44
10935.40 15167.95
10929.62 15158.21
10923.99 15148.68
10918.59 15138.96
10913.07 15129.00
10907.82 15119.54
10902.25 15109.45
10897.91 15099.35
10894.15 15089.40
10890.05 15078.54
10886.20 15068.33
10882.68 15058.03
10879.72 15047.43
10876.85 15036.05
10874.16 15025.38
10871.52 15014.71
10868.96 15004.14
10866.86 14993.57
10864.62 14982.27
10862.50 14970.81
10860.94 14959.62
10863.02 14948.42
10861.85 14937.87
