6034.36 14022.90
6034.64 14024.62
6035.22 14028.28
6035.57 14033.90
6036.02 14040.93
6036.55 14049.27
6037.19 14059.42
6037.96 14071.59
6038.77 14084.26
6039.55 14096.57
6040.33 14108.89
6041.13 14121.55
6042.37 14143.58
6043.04 14155.97
6043.68 14167.89
6044.32 14179.98
6044.93 14191.39
6045.57 14203.23
6046.18 14214.63
6047.32 14235.08
6047.91 14245.26
6048.48 14255.02
6049.06 14265.10
6049.52 14272.96
6049.80 14277.90
6049.94 14280.28
6049.96 14280.55
6049.96 14280.58
6049.96 14280.58
6049.96 14280.58
6049.96 14280.58
6049.96 14280.58
6049.96 14280.58
6049.96 14280.58
6049.96 14280.58
6049.96 14280.58
6049.96 14280.58
6049.96 14280.58
6049.96 14280.58
6049.98 14280.93
6055.21 14283.95
6058.98 14283.55
6060.82 14283.36
6063.77 14283.05
6068.02 14282.59
6074.08 14281.95
6081.18 14281.19
6090.20 14280.23
6100.39 14279.14
6110.64 14278.05
6132.29 14275.28
6137.52 14274.75
6141.82 14274.33
6144.48 14274.07
6161.33 14276.09
6164.26 14275.91
6167.49 14275.72
6169.52 14275.59
6188.16 14274.90
6197.12 14274.87
6207.82 14274.84
6219.24 14274.81
6240.71 14274.41
6253.17 14274.00
6265.51 14273.59
6278.47 14273.17
6291.39 14272.74
6304.68 14272.31
6317.77 14271.88
6330.81 14271.45
6343.68 14271.03
6356.43 14270.52
6368.90 14269.34
6423.58 14270.87
6425.19 14271.54
6426.76 14272.18
6428.24 14272.80
6429.18 14273.22
6429.58 14273.42
6429.58 14273.42
6429.58 14273.42
6429.59 14273.42
6429.59 14273.42
6429.59 14273.42
6429.59 14273.42
6442.91 14287.77
6443.36 14289.54
6444.19 14292.36
6445.23 14296.15
6446.24 14300.58
6447.67 14315.54
6446.79 14329.79
6445.82 14345.52
6444.87 14361.02
6443.94 14376.11
6443.00 14391.53
6442.07 14406.53
6441.14 14421.77
6440.18 14437.39
6439.22 14452.96
6438.24 14468.90
6438.88 14487.64
6438.11 14502.61
6437.31 14518.12
6436.51 14533.80
6435.75 14548.69
6435.17 14563.84
6435.61 14579.50
6436.05 14595.29
6436.49 14610.87
6436.90 14625.73
6437.35 14641.61
6434.62 14658.04
6435.33 14676.23
6436.12 14696.30
6436.95 14717.63
6437.86 14740.73
6439.05 14769.64
6440.12 14796.95
6441.16 14823.57
6442.23 14850.61
6443.29 14877.72
6444.35 14904.68
6445.39 14931.25
6446.44 14957.87
6447.50 14984.97
6448.58 15012.32
6449.37 15039.34
6450.08 15066.18
6450.79 15093.20
6451.49 15119.85
6452.20 15146.70
6452.92 15173.86
6453.63 15200.87
6454.80 15227.73
6456.08 15255.19
6457.34 15282.14
6458.60 15308.90
6459.84 15335.49
6461.11 15362.72
6462.58 15389.57
6464.34 15417.13
6466.12 15444.87
6467.89 15472.45
6469.61 15499.32
6471.32 15525.97
6473.11 15553.17
6475.30 15579.73
6477.55 15606.98
6479.84 15634.76
6482.06 15661.68
6484.33 15689.13
6486.56 15716.17
6488.76 15742.79
6491.05 15770.59
6493.79 15798.01
6496.49 15824.63
6499.29 15852.39
6502.13 15880.11
6505.00 15907.59
6507.86 15935.02
6510.71 15962.35
6513.55 15989.57
6516.42 16017.09
6519.31 16044.74
6522.07 16071.24
6524.85 16097.85
6527.70 16125.14
6530.58 16152.73
6533.41 16179.91
6536.21 16206.69
6539.05 16233.92
6541.84 16260.66
6544.73 16288.33
6547.32 16315.08
6549.69 16342.86
6552.04 16370.43
6554.33 16397.19
6556.64 16424.37
6558.97 16451.65
6561.29 16478.75
6563.60 16505.92
6565.92 16533.00
6568.28 16560.69
6570.58 16588.28
6572.15 16615.83
6573.72 16643.32
6575.26 16670.36
6576.79 16697.11
6578.38 16724.91
6579.96 16752.70
6580.83 16779.67
6581.69 16806.77
6582.55 16833.56
6583.43 16861.00
6584.30 16888.03
6585.08 16914.68
6585.57 16941.94
6586.06 16969.53
6586.54 16996.17
6587.01 17022.84
6587.50 17050.11
6587.86 17076.81
6587.82 17103.45
6587.77 17131.05
6587.73 17158.85
6587.68 17185.76
6587.64 17213.44
6587.48 17240.30
6586.88 17267.91
6586.28 17295.48
6585.68 17323.13
6585.08 17350.74
6584.49 17378.07
6583.75 17405.65
6582.71 17433.27
6581.67 17460.91
6580.65 17487.98
6579.64 17514.98
6578.64 17541.71
6577.63 17568.50
6576.80 17595.48
6576.00 17623.19
6575.21 17650.64
6574.43 17677.90
6573.66 17704.61
6572.88 17731.63
6572.10 17758.79
6571.32 17786.03
6570.53 17813.28
6569.74 17841.05
6569.15 17867.82
6568.82 17895.26
6568.49 17922.55
6568.16 17949.81
6567.82 17977.51
6567.98 18004.89
6568.31 18031.88
6568.63 18058.64
6569.35 18086.29
6570.55 18114.17
6571.75 18141.90
6572.90 18168.56
6574.06 18195.38
6574.31 18225.18
6576.67 18252.30
6579.18 18279.30
6581.96 18305.67
6584.80 18332.68
6588.14 18359.88
6592.02 18385.98
6595.94 18412.38
6605.57 18463.95
6609.90 18488.40
6615.04 18514.71
6620.51 18542.74
6625.91 18570.37
6632.84 18597.34
6639.96 18624.39
6647.87 18651.53
6656.03 18678.51
6663.99 18705.62
6672.29 18733.00
6681.67 18759.64
6690.86 18785.74
6700.14 18812.11
6709.89 18838.16
6719.95 18865.02
6730.27 18891.28
6741.70 18916.46
6753.04 18941.45
6765.04 18965.93
6805.53 19047.75
6819.12 19071.61
6832.14 19094.46
6845.49 19117.90
6858.80 19141.26
6872.17 19164.18
6885.77 19186.91
6899.82 19210.38
6917.81 19234.95
6932.90 19257.45
6948.27 19280.38
6963.36 19302.89
6979.51 19325.27
6996.33 19347.42
7012.84 19369.17
7030.13 19390.04
7047.37 19410.78
7064.76 19431.71
7083.07 19451.57
7101.65 19471.33
7120.44 19491.30
7138.15 19510.13
7156.16 19529.29
7172.43 19549.13
7192.10 19567.34
7212.17 19585.90
7232.21 19604.11
7252.98 19621.22
7273.71 19638.29
7294.84 19655.82
7315.79 19673.22
7336.37 19690.31
7357.78 19707.86
7379.36 19723.64
7400.85 19739.35
7422.90 19755.48
7445.45 19771.56
7468.83 19786.59
7492.08 19801.53
7515.05 19816.30
7538.92 19830.03
7562.62 19843.22
7586.61 19856.56
7610.49 19869.84
7634.30 19883.08
7658.50 19896.54
7682.75 19909.30
7707.05 19921.07
7732.15 19933.22
7759.43 19942.76
7783.96 19954.64
7808.53 19966.54
7833.34 19978.55
7858.03 19990.50
7883.41 20002.02
7907.90 20013.04
7932.74 20024.10
7957.11 20034.95
7981.47 20045.80
8006.51 20056.94
8031.10 20067.88
8056.06 20079.00
8081.53 20090.33
8106.05 20101.25
8130.47 20112.12
8155.39 20123.21
8180.39 20134.34
8205.43 20145.48
8230.30 20156.64
8254.87 20167.70
8279.18 20178.65
8304.19 20189.91
8329.42 20201.27
8353.97 20212.32
8378.72 20223.46
8404.00 20234.85
8428.42 20245.84
8453.26 20257.03
8478.38 20268.24
8503.43 20279.21
8527.97 20289.96
8552.47 20300.70
8577.97 20311.87
8602.64 20322.99
8627.89 20334.50
8652.36 20345.67
8677.06 20356.93
8701.87 20368.24
8726.48 20379.47
8751.16 20390.65
8776.55 20402.04
8801.92 20413.43
8826.45 20424.44
8851.80 20435.83
8876.61 20446.97
8901.16 20457.87
8929.80 20466.85
8954.41 20477.60
8977.17 20487.55
8996.64 20496.06
9012.82 20503.27
9027.74 20508.64
9040.56 20514.81
9054.05 20521.32
9067.89 20527.75
9081.87 20533.58
9095.53 20539.28
9109.49 20545.10
9123.12 20550.78
9136.39 20556.32
9150.35 20562.14
9164.42 20568.00
9191.38 20576.86
9206.23 20581.16
9221.38 20585.26
9236.63 20589.18
9252.01 20592.48
9267.92 20594.25
9283.82 20595.64
9299.62 20597.02
9315.15 20597.12
9330.64 20597.21
9346.65 20596.42
9362.86 20595.29
9378.47 20594.08
9394.15 20592.25
9410.31 20589.70
9425.99 20586.75
9441.01 20582.58
9456.49 20578.27
9471.25 20574.17
9486.02 20570.07
9501.03 20565.08
9515.58 20560.16
9530.43 20555.13
9545.24 20550.12
9559.82 20543.96
9574.45 20537.49
9588.69 20531.18
9602.67 20524.99
9616.30 20517.95
9629.50 20509.62
9642.72 20501.27
9655.20 20492.46
9667.72 20482.78
9679.98 20473.30
9691.85 20463.13
9703.77 20452.10
9727.28 20434.21
9735.72 20422.69
9744.30 20410.97
9753.13 20398.92
9761.81 20387.08
9770.45 20375.78
9779.65 20363.90
9788.55 20352.39
9800.90 20338.91
9811.23 20324.87
9822.67 20309.31
9835.15 20292.47
9849.23 20274.38
9865.77 20257.31
9879.87 20242.52
9908.19 20215.88
9924.60 20194.29
9941.22 20172.94
9957.87 20151.58
9974.44 20130.34
9990.61 20109.59
10006.38 20086.11
10020.83 20066.74
10035.62 20046.92
10050.43 20027.07
10065.03 20007.51
10079.34 19988.32
10093.93 19968.77
10123.07 19933.54
10140.22 19912.42
10157.11 19891.62
10173.99 19870.83
10191.30 19846.62
10207.11 19825.21
10223.02 19803.68
10239.49 19781.38
10255.97 19759.07
10272.50 19736.69
10288.73 19714.73
10304.69 19693.11
10321.05 19670.97
10337.30 19648.97
10353.81 19626.62
10369.54 19604.63
10385.29 19582.29
10403.79 19561.77
10419.42 19539.61
10435.08 19517.40
10450.75 19495.18
10466.50 19472.84
10482.32 19450.41
10497.81 19428.44
10513.45 19406.25
10529.35 19383.72
10545.26 19361.15
10560.37 19338.97
10575.33 19316.93
10590.58 19294.47
10606.11 19271.60
10621.61 19248.77
10637.12 19225.93
10651.87 19204.21
10666.41 19182.10
10680.47 19160.42
10695.08 19137.88
10709.29 19115.95
10723.16 19094.57
10736.93 19073.33
10751.39 19051.01
10765.42 19029.16
10778.65 19007.80
10791.55 18986.96
10804.86 18965.47
10818.04 18944.20
10831.23 18922.91
10843.91 18902.44
10856.89 18881.47
10869.94 18860.40
10883.96 18837.57
10898.01 18814.48
10912.02 18791.46
10925.90 18768.64
10940.19 18745.16
10954.63 18721.42
10968.64 18698.39
10982.61 18675.43
10996.79 18651.78
11010.46 18628.12
11024.33 18604.12
11037.86 18580.68
11051.32 18557.39
11065.13 18533.47
11079.04 18509.39
11092.19 18485.97
11104.22 18462.07
11116.63 18437.41
11129.00 18412.84
11141.32 18388.37
11153.45 18364.26
11165.62 18340.10
11177.56 18316.01
11189.10 18290.77
11200.25 18266.38
11211.09 18241.36
11223.92 18214.10
11234.38 18189.97
11244.30 18165.66
11253.99 18141.23
11261.76 18112.79
11271.25 18087.80
11280.49 18063.48
11289.46 18038.63
11297.09 18010.38
11305.72 17984.53
11314.32 17958.74
11322.66 17932.90
11330.39 17907.56
11338.04 17882.49
11345.25 17858.26
11351.86 17835.57
11358.52 17812.73
11364.83 17791.07
11370.91 17770.20
11377.21 17748.40
11383.14 17727.77
11389.05 17707.22
11394.65 17687.76
11400.56 17667.69
11406.67 17646.93
11412.11 17628.10
11417.98 17607.76
11423.91 17588.83
11429.74 17570.26
11435.87 17550.73
11442.65 17530.88
11449.33 17512.08
11455.92 17493.54
11462.84 17475.12
11470.24 17455.94
11477.11 17438.14
11484.29 17419.53
11491.91 17400.63
11499.44 17382.67
11507.40 17363.67
11515.05 17345.45
11529.61 17316.63
11537.56 17299.21
11545.89 17281.27
11554.79 17263.07
11563.45 17245.35
11573.17 17226.90
11582.74 17209.71
11593.36 17190.65
11605.06 17169.64
11617.53 17147.26
11630.33 17124.28
11644.10 17101.63
11657.62 17079.72
11670.96 17058.13
11684.32 17036.48
11695.89 17011.46
11710.02 16988.56
11724.49 16961.72
11738.53 16938.51
11752.33 16915.68
11766.33 16892.52
11780.17 16869.62
11794.36 16846.14
11808.03 16823.53
11821.44 16801.36
11832.81 16782.56
11842.41 16766.66
11850.72 16754.02
11857.56 16741.09
11864.38 16728.21
11871.24 16715.03
11878.20 16701.27
11884.83 16688.18
11891.75 16674.48
11898.63 16660.89
11905.46 16647.24
11912.05 16634.05
11918.57 16621.00
11921.63 16605.75
11927.84 16591.49
11933.99 16577.38
11946.65 16547.23
11949.97 16538.94
11955.64 16532.49
11962.18 16527.35
12013.44 16527.61
12020.19 16532.05
12027.16 16536.64
12034.10 16541.71
12040.72 16547.09
12047.50 16552.62
12062.43 16566.82
12072.03 16574.40
12082.15 16582.99
12091.36 16591.04
12100.98 16599.43
12110.83 16608.03
12120.67 16616.67
12130.37 16625.95
12139.76 16634.93
12148.28 16644.14
12157.21 16653.92
12166.24 16663.81
12174.67 16673.11
12181.65 16681.20
12185.75 16683.64
12186.14 16684.13
12186.14 16684.13
12186.14 16684.13
12186.14 16684.13
12186.14 16684.13
12186.14 16684.13
12186.14 16684.13
12186.14 16684.13
12186.14 16684.13
12194.67 16694.47
12196.71 16697.00
12199.92 16701.52
12204.31 16707.57
12209.71 16715.00
12216.56 16724.41
12224.18 16734.89
12231.89 16745.49
12239.25 16755.60
12246.80 16765.99
12254.32 16776.41
12260.99 16787.23
12264.93 16799.94
12271.45 16810.52
12278.07 16821.27
12284.68 16832.00
12291.08 16842.38
12296.18 16851.34
12299.27 16857.62
12300.48 16860.08
12300.61 16860.36
12300.67 16860.48
12300.68 16860.50
12300.68 16860.50
12300.68 16860.50
12300.68 16860.50
12307.81 16873.95
12312.23 16875.25
12314.58 16879.68
12317.60 16885.38
12318.79 16894.75
12323.54 16903.80
12329.50 16914.69
12336.00 16925.40
12342.39 16935.90
12349.22 16946.43
12356.54 16956.75
12363.33 16966.33
12370.03 16976.18
12376.85 16986.74
12383.97 16996.85
12396.71 17013.75
12403.13 17022.71
12409.41 17031.47
12411.22 17044.94
12405.39 17051.31
