11729.86 5371.02
11730.40 5372.54
11731.64 5375.99
11732.33 5381.26
11733.06 5388.61
11733.80 5396.05
11734.47 5402.81
11735.14 5409.59
11735.87 5416.96
11736.53 5423.63
11737.25 5430.92
11737.92 5437.63
11738.67 5445.21
11739.38 5452.41
11740.13 5460.02
11740.86 5467.34
11741.53 5474.15
11742.25 5481.37
11742.93 5488.27
11743.67 5495.73
11744.40 5503.11
11745.09 5510.06
11745.83 5517.59
11746.53 5524.58
11747.18 5531.18
11747.84 5537.89
11748.58 5545.29
11749.31 5552.74
11749.91 5560.32
11750.24 5567.14
11750.58 5574.40
11750.88 5580.62
11745.44 5591.32
11738.64 5592.01
11722.68 5585.12
11715.51 5576.03
11708.77 5567.21
11696.87 5560.00
11687.32 5565.47
11676.24 5566.96
11665.01 5567.45
11653.60 5567.94
11642.13 5568.45
11631.81 5568.90
11625.41 5569.55
11622.92 5570.27
11622.66 5570.35
11622.51 5570.39
11622.51 5570.39
11622.51 5570.39
11620.02 5575.53
11621.15 5578.78
11622.97 5584.02
11625.48 5591.22
11628.45 5599.78
11631.83 5609.49
11635.71 5620.64
11639.80 5632.40
11644.28 5645.55
11645.17 5648.24
11645.62 5649.62
11645.75 5650.00
11645.82 5650.21
11645.84 5650.28
11649.29 5659.59
11649.58 5660.37
11649.99 5661.47
11650.53 5662.94
11656.81 5679.73
11660.25 5689.15
11664.37 5700.41
11668.90 5712.81
11673.36 5725.02
11677.81 5737.19
11682.13 5749.00
11686.51 5760.95
11690.79 5772.22
11695.16 5783.76
11699.75 5795.86
11704.14 5807.42
11711.25 5828.12
11712.12 5830.67
11712.69 5832.30
11712.93 5833.01
11712.96 5833.11
11712.99 5833.18
11712.99 5833.18
11712.99 5833.18
11712.99 5833.18
11712.99 5833.18
11712.99 5833.18
11712.99 5833.18
11712.99 5833.18
11712.99 5833.18
11712.99 5833.18
11712.99 5833.18
11712.99 5833.18
11712.99 5833.18
11712.99 5833.18
11712.99 5833.18
11712.99 5833.18
11712.99 5833.18
11716.79 5844.33
11717.30 5845.85
11718.12 5848.28
11719.21 5851.52
11720.58 5855.56
11726.74 5876.37
11731.23 5888.41
11736.51 5902.57
11742.45 5918.50
11748.90 5935.78
11755.47 5953.39
11761.69 5970.08
11768.09 5987.24
11774.54 6004.52
11780.82 6021.35
11787.27 6038.66
11793.86 6056.32
11800.27 6073.59
11807.22 6092.86
11814.75 6113.74
11822.74 6135.87
11831.16 6159.22
11840.15 6184.14
11849.44 6209.88
11858.92 6236.16
11868.23 6261.96
11877.62 6287.99
11887.14 6314.36
11896.68 6340.80
11906.13 6366.98
11915.58 6393.18
11925.03 6419.38
11934.33 6445.14
11943.73 6471.19
11953.18 6497.38
11962.58 6523.42
11972.06 6549.70
11981.55 6575.97
11990.80 6601.60
12000.31 6627.96
12009.91 6654.58
12019.13 6680.11
12028.76 6706.81
12038.13 6732.75
12047.64 6759.13
12057.21 6785.63
12066.54 6811.48
12076.09 6837.94
12085.69 6864.55
12094.98 6890.30
12104.18 6915.78
12113.74 6942.29
12122.97 6967.86
12132.30 6993.69
12141.83 7020.11
12150.18 7043.25
12157.22 7062.77
12162.70 7078.07
12168.13 7093.25
12173.53 7108.36
12178.82 7123.19
12184.24 7138.35
12189.54 7153.17
12194.80 7167.89
12199.99 7182.40
12205.41 7197.57
12210.94 7213.06
12216.38 7228.26
12221.91 7243.75
12227.23 7258.64
12232.63 7273.73
12238.16 7289.20
12243.67 7304.64
12249.02 7319.62
12253.22 7331.35
12256.07 7339.32
12257.74 7343.99
12257.96 7344.61
12258.11 7345.03
12258.15 7345.14
12258.16 7345.18
12258.17 7345.21
12258.17 7345.21
12258.17 7345.21
12264.66 7363.44
12265.85 7366.77
12267.64 7371.81
12270.26 7379.14
12273.64 7388.64
12277.82 7400.35
12282.72 7414.08
12287.81 7428.36
12292.87 7442.56
12298.19 7457.46
12303.39 7472.04
12308.77 7487.13
12313.91 7501.55
12319.16 7516.28
12324.38 7530.90
12329.71 7545.85
12334.77 7560.05
12340.04 7574.82
12345.19 7589.26
12350.47 7604.05
12359.03 7628.07
12364.53 7643.51
12369.79 7658.26
12375.23 7673.39
12380.80 7688.78
12386.44 7704.40
12391.79 7719.21
12397.48 7734.94
12402.93 7750.03
12408.22 7764.65
12414.19 7779.06
12421.09 7793.44
12428.08 7807.99
12435.34 7823.10
12443.25 7837.26
12451.47 7851.88
12459.25 7865.72
12467.10 7879.68
12475.25 7894.18
12483.33 7908.57
12491.42 7922.95
12499.11 7936.63
12506.94 7950.56
12515.12 7964.93
12523.61 7979.16
12531.58 7992.54
12539.60 8005.98
12547.67 8019.52
12555.84 8033.21
12564.43 8047.61
12572.41 8061.00
12580.99 8075.38
12589.22 8089.32
12597.25 8103.14
12605.43 8117.19
12613.85 8131.68
12621.91 8145.55
12629.96 8159.38
12637.85 8172.96
12645.92 8186.85
12654.32 8201.29
12667.43 8224.12
12675.28 8237.84
12683.54 8252.29
12691.80 8266.73
12699.65 8280.45
12707.82 8294.74
12716.18 8309.35
12724.41 8323.75
12732.81 8338.44
12740.65 8352.14
12748.98 8366.70
12757.09 8380.88
12765.20 8395.06
12773.12 8408.91
12781.24 8423.10
12789.07 8436.80
12797.08 8450.80
12805.04 8464.68
12813.31 8478.75
12821.43 8492.59
12829.56 8506.44
12838.05 8520.90
12846.36 8535.05
12854.84 8549.49
12862.96 8563.32
12871.48 8577.83
12879.54 8591.55
12887.66 8605.39
12895.97 8619.54
12904.29 8633.71
12912.73 8648.03
12921.22 8662.08
12929.91 8676.05
12938.55 8690.43
12946.69 8704.70
12955.06 8719.38
12962.98 8733.27
12970.91 8747.17
12979.04 8761.43
12987.10 8775.55
12995.41 8789.99
13003.51 8803.82
13011.94 8818.22
13020.13 8832.20
13028.15 8845.90
13036.30 8859.83
13044.54 8873.65
13052.44 8886.91
13060.38 8900.24
13068.27 8913.48
13075.06 8924.88
13082.01 8936.76
13088.45 8948.24
13094.41 8958.85
13100.70 8970.07
13107.54 8981.58
13113.68 8991.75
13120.21 9002.58
13126.19 9012.71
13132.28 9023.25
13138.03 9033.21
13144.22 9043.94
13147.29 9055.87
13153.51 9066.65
13160.24 9078.31
13166.64 9089.40
13173.30 9100.94
13179.83 9112.09
13186.09 9122.73
13192.59 9133.79
13199.16 9144.97
13204.25 9153.63
13207.17 9158.59
13210.39 9164.08
13228.53 9187.87
13231.77 9192.62
13232.70 9200.06
13236.34 9206.11
13244.24 9219.27
13250.35 9229.73
13256.61 9240.45
13262.77 9251.01
13269.39 9262.34
13275.49 9272.80
13282.04 9284.03
13288.39 9294.89
13294.63 9305.59
13300.87 9316.27
13307.33 9327.34
13321.10 9351.05
13327.46 9362.06
13334.08 9373.52
13340.31 9384.31
13346.64 9395.25
13353.10 9406.43
13359.54 9417.57
13366.07 9428.88
13375.67 9438.84
13382.21 9449.98
13388.91 9461.45
13395.40 9472.76
13401.71 9483.77
13408.26 9495.21
13415.03 9507.02
13421.18 9517.76
13427.77 9529.26
13433.99 9540.11
13440.32 9551.16
13446.98 9562.78
13453.64 9574.42
13459.99 9585.50
13466.55 9596.94
13473.09 9608.37
13479.40 9619.55
13485.56 9630.72
13491.57 9641.62
13498.02 9653.02
13504.39 9664.00
13511.22 9675.79
13517.70 9686.98
13524.17 9698.14
13533.87 9714.79
13540.54 9726.14
13547.14 9737.35
13553.48 9748.12
13559.67 9758.65
13565.98 9769.38
13572.32 9780.15
13578.67 9790.94
13585.26 9802.13
13591.76 9813.19
13598.13 9824.01
13604.44 9834.75
13609.41 9843.18
13612.15 9848.05
13613.18 9849.92
13613.39 9850.30
13613.55 9850.58
13610.68 9852.21
13611.35 9853.43
13612.78 9856.04
13613.11 9856.63
13613.25 9856.90
13621.99 9872.93
13623.76 9876.21
13626.18 9880.68
13629.24 9886.24
13633.51 9893.57
13638.87 9902.78
13645.22 9913.68
13651.54 9924.53
13657.94 9935.51
13664.55 9946.87
13671.13 9958.17
13677.66 9969.38
13684.24 9980.67
13691.54 9986.66
13697.09 9996.18
13703.48 10007.16
13710.00 10018.36
13716.22 10029.04
13722.68 10040.14
13729.00 10050.99
13735.51 10062.15
13746.34 10080.91
13752.21 10091.10
13758.30 10101.65
13764.21 10111.91
13770.30 10122.48
13774.52 10129.82
13782.74 10143.99
13785.29 10148.31
13788.23 10153.30
13791.99 10159.68
13796.79 10167.83
13801.87 10176.45
13807.22 10185.53
13811.94 10193.54
13816.84 10201.86
13832.90 10218.11
13840.55 10223.33
13848.28 10227.87
13853.80 10229.98
13856.35 10230.95
13856.51 10231.01
13856.51 10231.01
13856.51 10231.01
13856.51 10231.01
13856.51 10231.01
13866.91 10234.01
13869.55 10233.89
13873.67 10233.71
13879.55 10233.45
13886.89 10233.13
13895.61 10232.74
13905.63 10232.30
13917.78 10231.77
13930.22 10231.22
13942.64 10230.67
13954.62 10230.14
13967.22 10229.59
13988.41 10228.67
14000.31 10228.19
14011.51 10227.74
14030.02 10226.76
14039.11 10226.07
14054.80 10225.57
14066.88 10225.08
14079.85 10224.57
14092.09 10224.09
14104.25 10223.60
14117.25 10223.07
14130.01 10222.55
14149.37 10221.82
14161.93 10221.64
14173.96 10221.47
14186.43 10221.30
14198.59 10221.13
14211.52 10220.95
14224.60 10220.76
14237.76 10220.58
14249.86 10220.41
14272.38 10220.12
14284.29 10219.88
14296.26 10219.60
14308.80 10219.31
14320.91 10219.03
14333.18 10218.74
14345.72 10218.44
14357.67 10218.16
14374.79 10218.14
14378.66 10218.13
14380.45 10218.12
14380.52 10218.11
14380.56 10218.11
14380.57 10218.11
14380.58 10218.11
14399.18 10217.75
14400.29 10217.75
14402.02 10217.74
14404.15 10217.74
14416.27 10217.80
14431.64 10218.23
14444.19 10218.85
14456.81 10219.47
14469.12 10220.39
14481.57 10221.54
14499.38 10223.21
14509.91 10224.20
14520.71 10225.22
14542.36 10227.86
14555.18 10229.64
14567.32 10231.32
14579.49 10233.01
14592.29 10235.05
14604.78 10237.06
14617.43 10239.09
14630.08 10241.12
14642.71 10243.37
14655.33 10245.70
14667.94 10248.02
14680.59 10250.36
14693.13 10252.67
14705.33 10255.13
