17735.84 16215.06
17734.69 16214.25
17731.89 16212.28
17727.81 16209.42
17721.91 16205.27
17714.11 16199.79
17705.32 16193.61
17696.42 16187.36
17687.49 16181.52
17678.70 16175.98
17669.61 16170.26
17660.21 16164.35
17650.84 16158.45
17641.18 16152.37
17632.42 16146.86
17617.56 16137.14
17608.77 16130.84
17600.42 16124.84
17592.28 16119.00
17584.20 16113.20
17575.46 16106.94
17566.59 16100.57
17557.74 16094.23
17537.36 16080.33
17533.05 16077.41
17520.97 16069.49
17511.80 16063.63
17501.88 16057.28
17492.51 16050.84
17483.37 16044.29
17474.09 16037.65
17464.44 16030.74
17455.28 16024.19
17445.58 16017.24
17436.73 16010.91
17427.63 16004.39
17418.13 15997.59
17408.40 15990.62
17391.05 15977.71
17381.62 15971.09
17372.46 15964.91
17363.36 15958.76
17353.85 15952.34
17344.93 15946.35
17335.89 15940.40
17326.58 15934.27
17317.27 15927.28
17309.18 15919.96
17300.49 15912.08
17292.91 15889.22
17294.88 15878.19
17296.84 15867.11
17298.97 15855.51
17301.41 15843.96
17303.84 15832.47
17306.13 15821.64
17308.58 15810.08
17311.11 15798.11
17313.59 15786.38
17316.09 15774.54
17317.94 15763.14
17319.87 15751.00
17321.95 15739.65
17324.15 15728.77
17326.26 15717.01
17328.25 15705.64
17330.27 15694.10
17332.01 15682.51
17333.59 15671.18
17335.50 15659.00
17336.43 15648.35
17336.35 15639.17
17336.27 15630.28
17336.42 15607.30
17336.67 15597.11
17338.85 15586.77
17341.14 15575.94
17343.27 15565.80
17345.57 15554.92
17347.82 15544.21
17349.96 15534.05
17352.26 15523.16
17354.43 15512.85
17356.54 15502.86
17358.65 15492.82
17360.74 15482.93
17363.59 15465.60
17364.71 15457.58
17365.77 15450.00
17366.91 15441.82
17368.06 15433.55
17369.12 15427.85
17370.47 15424.52
17370.83 15423.64
17371.00 15423.21
17371.01 15423.18
17371.01 15423.18
17371.01 15423.17
17371.01 15423.17
17382.18 15395.25
17382.88 15392.57
17383.89 15388.74
17385.19 15383.82
17386.91 15377.27
17389.12 15368.88
17390.91 15359.69
17393.74 15341.99
17395.90 15331.30
17398.08 15320.48
17400.33 15309.32
17402.61 15298.00
17404.78 15287.20
17407.05 15275.95
17409.27 15264.95
17411.34 15254.67
17413.45 15244.20
17417.11 15227.13
17419.29 15217.19
17421.51 15207.10
17423.84 15196.27
17426.01 15186.14
17428.22 15175.77
17430.38 15165.69
17432.67 15154.94
17439.92 15131.37
17441.94 15121.86
17444.08 15111.78
17446.34 15101.52
17448.63 15094.10
17449.81 15090.24
17450.27 15088.77
17450.32 15088.60
17450.32 15088.59
17450.33 15088.58
17448.96 15081.42
17446.58 15078.37
17445.51 15073.10
17446.57 15066.48
17455.02 15057.95
17467.14 15051.58
17471.00 15041.60
17474.95 15031.38
17478.35 15021.45
17481.38 15011.58
17483.57 15000.59
17484.82 14990.20
17485.30 14979.04
17484.67 14967.90
17484.06 14957.29
17482.31 14947.17
17472.28 14923.21
17468.88 14917.28
17466.37 14913.10
17464.19 14910.20
17454.07 14899.52
17449.25 14895.80
17443.29 14892.08
17438.27 14889.94
17435.32 14888.92
17431.10 14887.47
17408.82 14880.56
17401.55 14878.49
17395.70 14876.96
17392.68 14876.19
17386.12 14876.21
17375.46 14873.36
17368.41 14870.72
17359.63 14867.42
17348.51 14856.67
17342.09 14848.26
17335.59 14839.76
17328.79 14830.86
17317.94 14816.05
17311.25 14806.28
17304.74 14796.76
17298.30 14787.36
17291.81 14777.86
17285.35 14768.43
17278.70 14758.70
17272.05 14748.99
17265.79 14739.84
17259.53 14730.61
17252.97 14720.75
17246.99 14711.74
17240.45 14701.92
17233.58 14692.34
17227.13 14683.45
17213.87 14665.66
17207.35 14656.60
17201.33 14648.23
17195.13 14639.61
17188.47 14631.19
17181.13 14623.71
17173.56 14615.98
17166.30 14608.58
17153.77 14600.17
17145.57 14596.99
17128.46 14590.24
17120.61 14587.09
17114.15 14584.49
17110.09 14582.86
17092.01 14573.42
17083.72 14569.42
17073.52 14565.74
17063.30 14562.04
17052.83 14558.26
17042.94 14554.68
17032.39 14550.87
17022.13 14547.16
17011.67 14543.38
17002.11 14539.97
16992.35 14536.53
16984.44 14533.26
16980.36 14529.51
16980.49 14502.34
16980.48 14494.07
16980.47 14484.44
16980.45 14474.77
16980.44 14465.60
16980.43 14456.67
16980.41 14439.56
16980.39 14428.41
16980.38 14416.78
16980.37 14406.01
16980.35 14394.33
16980.34 14382.70
16980.32 14371.66
16980.63 14354.43
16980.90 14342.77
16981.15 14331.91
16981.40 14320.88
16981.67 14309.31
16981.93 14297.97
16982.18 14287.17
16982.43 14276.40
16977.51 14257.49
16974.07 14246.65
16970.63 14235.80
16967.16 14224.83
16963.77 14214.13
16960.46 14203.68
16956.85 14192.29
16953.54 14181.84
16949.94 14170.45
16946.66 14160.10
16943.14 14148.99
16939.67 14138.50
16930.72 14121.45
16926.94 14110.32
16923.43 14099.83
16919.68 14088.59
16916.24 14078.27
16912.69 14067.63
16909.19 14057.15
16905.73 14046.78
16902.10 14035.90
16898.68 14025.63
16895.15 14015.06
16891.58 14003.95
16888.23 13993.46
16884.87 13982.96
16881.38 13972.03
16877.84 13960.95
16874.24 13949.69
16871.58 13941.36
16870.21 13937.07
16870.12 13936.80
16870.08 13936.67
16870.05 13936.58
16870.05 13936.58
16870.05 13936.58
16870.05 13936.58
16870.05 13936.58
16870.05 13936.58
16870.05 13936.58
16870.05 13936.58
16870.05 13936.58
16870.05 13936.58
16870.05 13936.58
16870.05 13936.58
16870.05 13936.58
16870.05 13936.58
16870.05 13936.58
16870.05 13936.58
16870.05 13936.58
16870.05 13936.58
16870.05 13936.58
16870.05 13936.58
16870.05 13936.58
16870.05 13936.58
16869.81 13935.83
16870.15 13933.45
16871.06 13929.64
16867.14 13921.94
16859.60 13920.89
16849.88 13919.59
16838.13 13918.01
16827.17 13916.53
16816.36 13915.08
16805.62 13913.64
16794.03 13912.08
16782.51 13910.53
16771.90 13909.10
16760.55 13907.58
16749.56 13906.07
16737.83 13904.44
16726.13 13902.80
16715.28 13901.32
16704.06 13899.99
16693.10 13898.69
16673.14 13896.62
16662.99 13895.77
16652.92 13894.92
16642.62 13894.07
16632.60 13893.23
16622.50 13892.39
16611.63 13891.48
16601.04 13890.60
16590.64 13889.51
16563.87 13887.59
16554.12 13886.80
16543.82 13885.72
16533.52 13884.36
16523.38 13882.39
16514.00 13879.11
16504.40 13874.88
16495.16 13869.35
16480.08 13862.70
16473.26 13860.81
16466.69 13859.82
16445.92 13860.86
16434.06 13862.63
16421.93 13862.95
16410.72 13862.45
16398.61 13861.90
16386.81 13860.24
16374.83 13858.50
16363.96 13856.92
16353.37 13855.37
16344.02 13854.00
16332.18 13852.04
16320.88 13850.17
16310.44 13848.42
16299.62 13846.47
16289.71 13844.68
16278.86 13842.72
16267.73 13840.72
16257.01 13838.78
16245.21 13836.65
16235.89 13834.97
16225.80 13833.15
