7478.70 28852.74
7477.44 28852.28
7474.71 28851.30
7469.83 28849.55
7463.48 28847.26
7454.97 28844.43
7444.80 28841.72
7432.55 28838.45
7420.38 28835.30
7408.20 28832.33
7395.33 28829.22
7382.90 28826.31
7371.16 28823.57
7363.48 28821.77
7359.86 28820.92
7345.42 28818.48
7339.76 28817.76
7332.71 28816.87
7324.41 28815.83
7314.62 28814.59
7303.19 28813.14
7291.28 28811.64
7270.08 28808.83
7259.20 28807.36
7247.51 28805.79
7236.66 28804.33
7214.58 28801.23
7202.90 28799.57
7191.03 28797.88
7178.76 28796.13
7166.37 28794.37
7154.17 28792.64
7142.47 28790.97
7120.50 28788.28
7107.67 28787.19
7094.60 28786.00
7080.72 28784.68
7068.04 28783.47
7054.65 28782.45
7041.30 28782.35
7027.52 28782.32
7014.33 28782.45
7000.79 28782.57
6987.67 28782.70
6974.70 28782.82
6962.29 28779.86
6952.92 28771.80
6951.33 28759.17
6953.30 28746.46
6955.30 28733.53
6957.30 28720.53
6959.39 28707.04
6961.49 28693.44
6963.52 28680.29
6965.64 28666.57
6953.11 28657.48
6940.95 28654.27
6928.94 28651.10
6916.43 28647.79
6904.30 28644.59
6892.73 28641.53
6880.79 28638.38
6859.20 28632.62
6845.71 28629.00
6833.05 28625.59
6820.06 28621.68
6807.26 28617.73
6795.39 28613.14
6783.02 28607.93
6771.10 28602.85
6759.14 28597.24
6746.65 28591.37
6734.70 28585.54
6723.19 28579.92
6711.51 28574.21
6699.56 28568.37
6689.24 28561.36
6690.48 28548.34
6691.75 28534.92
6693.11 28522.08
6694.58 28508.50
6696.00 28495.41
6697.43 28482.23
6698.88 28468.86
6700.33 28455.48
6701.74 28441.82
6703.11 28428.32
6705.23 28406.66
6706.37 28394.62
6707.52 28382.39
6708.66 28370.31
6709.83 28357.82
6711.03 28345.05
6711.56 28333.80
6711.95 28325.66
6712.14 28321.57
6703.78 28317.65
6695.47 28317.54
6685.02 28317.48
6672.36 28317.85
6660.29 28318.22
6647.23 28318.69
6635.21 28319.13
6622.11 28319.61
6609.35 28319.99
6597.24 28320.10
6584.06 28319.55
6571.51 28318.20
6558.69 28316.16
6545.94 28313.72
6533.20 28311.28
6520.66 28308.91
6507.98 28307.14
6497.76 28305.60
6490.93 28304.57
6475.82 28275.00
6478.90 28264.82
6482.35 28253.42
6486.32 28240.31
6490.25 28227.32
6493.92 28215.23
6497.81 28202.84
6501.71 28190.43
6505.54 28178.26
6509.37 28166.07
6513.39 28153.27
6517.33 28140.72
6521.21 28128.38
6525.30 28115.38
6529.18 28103.02
6533.08 28090.61
6537.23 28077.40
6541.38 28064.18
6545.39 28051.44
6549.23 28039.23
6553.06 28027.09
6557.10 28014.29
6558.25 28001.55
6552.73 27989.37
6541.93 27980.99
6529.64 27977.17
6516.51 27973.10
6503.28 27968.99
6491.75 27961.86
6487.19 27949.33
6488.96 27935.72
6492.72 27923.24
6496.62 27910.72
6500.43 27898.49
6504.30 27886.06
6508.32 27873.17
6512.27 27860.46
6516.29 27847.56
6520.17 27835.10
6524.26 27821.96
6528.18 27809.39
6531.93 27797.34
6535.99 27784.30
6539.77 27772.16
6543.81 27759.19
6547.68 27746.74
6551.60 27734.16
6555.52 27721.56
6559.52 27708.71
6563.44 27696.14
6567.29 27683.77
6571.31 27670.85
6575.15 27658.53
6578.97 27646.26
6582.97 27633.39
6587.13 27620.31
6591.31 27607.74
6595.43 27595.06
6599.36 27582.35
6603.25 27569.74
6607.28 27556.66
6611.24 27543.88
6615.34 27530.71
6619.20 27518.35
6623.22 27505.47
6627.05 27493.17
6630.83 27481.08
6634.63 27468.88
6638.67 27455.92
6642.65 27443.17
6646.48 27430.79
6650.23 27418.69
6654.29 27405.60
6658.20 27392.98
6662.29 27379.79
6666.52 27366.77
6671.09 27354.00
6676.56 27341.39
6681.16 27329.40
6685.46 27316.83
6689.93 27303.78
6694.18 27290.98
6698.22 27278.74
6703.74 27267.48
6712.70 27257.16
6720.13 27247.04
6721.59 27214.43
6720.84 27202.66
6716.55 27191.22
6708.19 27183.55
6697.46 27177.44
6686.27 27172.51
6677.15 27169.29
6670.94 27167.09
6667.25 27165.79
6651.47 27157.59
6644.59 27155.32
6635.99 27152.49
6625.40 27148.87
6614.25 27144.82
6600.13 27139.46
6585.57 27133.12
6568.65 27125.76
6551.07 27117.79
6533.27 27109.18
6516.04 27099.98
6498.97 27090.34
6482.58 27080.51
6466.58 27070.79
6450.93 27060.55
6434.99 27048.98
6419.61 27037.46
6404.74 27026.14
6389.94 27014.27
6375.22 27001.52
6360.74 26988.52
6346.61 26975.56
6332.98 26962.03
6319.23 26947.96
6305.97 26933.71
6293.31 26918.93
6280.82 26903.89
6269.04 26889.00
6257.55 26872.90
6246.44 26856.91
6235.45 26840.78
6224.55 26824.40
6214.68 26808.34
6205.09 26791.03
6196.06 26773.60
6189.18 26760.07
6183.90 26750.22
6180.56 26744.38
6169.03 26736.06
6165.70 26734.90
6154.77 26717.97
6157.61 26711.25
6156.49 26695.15
6152.14 26683.24
6148.02 26671.15
6144.04 26658.94
6140.04 26646.47
6135.88 26633.26
6131.99 26620.15
6128.89 26606.83
6125.73 26593.27
6122.68 26580.19
6119.74 26567.55
6116.95 26553.04
6114.57 26537.19
6111.92 26519.52
6109.40 26500.07
6107.35 26480.64
6105.59 26460.86
6104.27 26441.30
6103.27 26421.60
6102.30 26402.45
6101.30 26382.79
6100.34 26363.89
6099.35 26344.56
6098.35 26324.86
6097.30 26305.91
6096.22 26286.52
6095.18 26267.74
6094.21 26248.29
6093.38 26228.97
6092.54 26209.16
6091.74 26190.30
6090.93 26171.20
6090.18 26153.62
6089.61 26140.25
6089.07 26128.12
6088.54 26116.04
6088.00 26103.74
6087.47 26091.75
6086.93 26079.62
6086.41 26067.80
6084.84 26040.99
6084.60 26036.55
6084.44 26033.71
6084.35 26032.01
6086.69 26020.44
6085.85 26013.25
6084.87 26004.81
6083.71 25994.79
6082.19 25983.66
6079.60 25971.43
6077.00 25959.28
6074.50 25947.66
6072.06 25936.32
6066.96 25922.61
6062.31 25910.81
6057.46 25898.53
6052.34 25886.90
6046.57 25875.40
6040.56 25863.42
6032.42 25850.59
6028.14 25841.58
6023.83 25832.50
6019.39 25823.12
6015.08 25814.05
6010.47 25804.32
6006.07 25795.04
6002.59 25787.71
6000.25 25782.76
5987.42 25756.61
5982.94 25749.13
5977.72 25740.41
5972.09 25731.00
5966.30 25721.31
5960.16 25711.49
5953.57 25702.13
5946.82 25692.54
5940.30 25683.28
5933.95 25674.26
5927.50 25665.09
5921.26 25656.23
5914.55 25646.70
5908.34 25637.89
5902.53 25629.72
5898.51 25624.18
5896.13 25620.92
5869.02 25591.61
5864.25 25588.56
5858.01 25585.09
5850.81 25581.66
5841.82 25579.98
5831.37 25581.46
5814.89 25591.30
5806.43 25603.72
5797.80 25616.39
5788.78 25629.64
5780.30 25642.09
5771.75 25654.64
5763.68 25668.07
5760.17 25682.80
5761.27 25698.50
5766.84 25712.14
5777.38 25722.71
5791.30 25728.89
5806.05 25729.77
5820.66 25725.34
5832.89 25715.55
5841.29 25702.94
5846.42 25688.79
5851.60 25674.46
5856.95 25659.70
5870.53 25627.66
5875.44 25609.31
5880.78 25589.34
5886.57 25567.67
5893.51 25544.38
5900.99 25519.41
5909.20 25492.01
5917.38 25459.62
5927.52 25428.14
5938.44 25394.22
5949.88 25359.10
5962.69 25321.71
5976.37 25282.21
5991.82 25241.02
6008.34 25198.58
6025.82 25154.49
6044.93 25108.28
6064.90 25060.69
6086.37 25012.13
6108.75 24962.16
6132.05 24912.12
6156.18 24863.32
6181.38 24814.09
6206.77 24765.46
6232.97 24716.86
6259.69 24669.59
6288.03 24622.88
6316.33 24576.23
6345.14 24528.97
6374.53 24482.40
6403.78 24436.05
6432.90 24390.21
6463.64 24345.38
6494.31 24300.63
6525.21 24255.55
6557.91 24212.04
6591.22 24167.88
6624.93 24124.70
6661.38 24083.08
6697.12 24042.26
6733.51 24000.69
6770.08 23958.92
6806.47 23917.36
6842.76 23875.91
6879.29 23834.19
6916.32 23793.57
6953.72 23753.54
6991.51 23713.09
7029.38 23672.55
7067.23 23632.04
7105.84 23592.56
7145.03 23554.13
7183.29 23515.19
7221.02 23476.10
7259.55 23436.17
7297.23 23397.13
7335.26 23357.72
7373.15 23318.46
7411.16 23279.06
7449.70 23239.14
7487.54 23199.92
7525.42 23160.71
7563.50 23120.71
7601.06 23080.00
7638.17 23039.79
7675.45 22999.37
7712.57 22959.13
7750.02 22918.55
7786.80 22878.67
7823.81 22838.16
7860.15 22797.04
7896.19 22756.27
7932.82 22714.82
7969.50 22673.32
8004.01 22634.28
8035.54 22598.61
8064.09 22566.31
8089.75 22537.27
8111.96 22510.91
8133.49 22485.30
8154.78 22459.97
8176.54 22434.08
8197.94 22408.60
8219.84 22382.55
8241.54 22356.74
8262.96 22331.24
8284.61 22305.49
8306.10 22279.93
8327.94 22253.93
8349.43 22228.21
8370.82 22202.15
8391.80 22176.58
8413.34 22150.32
8433.99 22125.16
8451.90 22103.30
8468.50 22082.64
8485.19 22061.86
8502.14 22040.76
8518.89 22019.92
8535.79 21998.88
8552.05 21978.23
8568.61 21956.70
8584.61 21935.66
8600.70 21914.50
8616.73 21893.42
8632.66 21872.47
8648.72 21851.36
8665.10 21829.82
8681.19 21808.65
8697.25 21787.53
8713.50 21766.16
8729.69 21745.33
8746.11 21724.31
8762.33 21703.54
8778.72 21682.57
8795.44 21661.16
8811.89 21640.11
8828.57 21618.75
8844.71 21597.91
8860.86 21576.98
8877.30 21555.69
8893.32 21534.94
8931.14 21488.22
8947.94 21465.83
8964.61 21443.63
8980.86 21421.97
8997.58 21399.70
9014.31 21377.40
9031.28 21354.78
9048.43 21332.64
9065.28 21311.10
9082.36 21289.28
9099.19 21267.71
9116.54 21245.36
9134.74 21221.98
9151.31 21200.62
9167.56 21179.69
9183.86 21158.68
9201.00 21134.32
9218.53 21112.25
9235.46 21090.89
9251.80 21069.32
9268.41 21047.81
9284.82 21026.12
9301.79 21003.69
9318.35 20981.79
9334.94 20959.86
9351.60 20937.84
9368.10 20916.04
9385.33 20894.15
9402.30 20872.69
9419.70 20850.69
9437.08 20828.72
9454.20 20807.08
9471.13 20785.67
9487.49 20764.08
9503.82 20742.02
9520.27 20719.81
9537.45 20697.74
9554.43 20676.10
9571.42 20654.43
9588.81 20632.26
9605.47 20611.02
9622.29 20589.57
9638.98 20568.29
9655.79 20546.86
9673.18 20524.68
9690.10 20503.12
9707.07 20480.83
9723.63 20458.50
9740.16 20436.20
9756.44 20414.25
9772.55 20392.53
9789.97 20370.78
9807.06 20349.35
9823.76 20326.83
9839.96 20304.97
9856.74 20282.34
9873.00 20260.42
9889.40 20238.30
9917.68 20203.40
9934.12 20182.04
9951.26 20160.06
9968.04 20138.54
9984.91 20116.91
10001.86 20092.18
10016.46 20072.61
10031.47 20052.49
10046.73 20032.03
10061.95 20011.64
10077.20 19991.19
10091.92 19971.46
10121.03 19936.07
10138.33 19914.75
10155.90 19893.11
10173.25 19871.74
10190.63 19847.53
10207.12 19825.21
10223.67 19802.80
10240.00 19780.69
10256.26 19758.68
10272.82 19736.26
10289.16 19714.14
10305.56 19691.94
10321.93 19669.77
10338.65 19647.14
10355.01 19624.99
10371.36 19602.04
10387.69 19578.88
10403.76 19556.09
10420.10 19532.92
10436.14 19510.18
10451.88 19487.86
10467.79 19465.29
10483.63 19442.82
10499.33 19420.56
10515.52 19397.61
10531.63 19374.76
10547.60 19351.90
10563.27 19328.82
10578.64 19306.18
10594.10 19283.41
10610.01 19259.99
10625.68 19236.91
10641.14 19214.13
10656.73 19190.96
10672.20 19167.11
10687.24 19143.91
10702.31 19120.66
10717.83 19096.72
10733.19 19073.03
10748.49 19049.43
10763.56 19025.90
10778.16 19002.32
10793.12 18978.17
10807.88 18954.34
10822.89 18930.10
10837.78 18906.06
10852.65 18882.05
10867.52 18858.05
10882.18 18834.16
10896.59 18810.46
10911.12 18786.58
10925.63 18762.74
10940.46 18738.36
10954.92 18714.59
10969.19 18691.13
10983.05 18668.35
10996.60 18645.52
11010.87 18620.81
11024.50 18597.21
11038.59 18572.81
11052.24 18549.18
11065.87 18525.58
11080.02 18501.08
11093.21 18476.59
11105.60 18451.98
11118.20 18426.95
11130.79 18401.95
11143.25 18377.19
11155.97 18351.91
11168.73 18326.56
11180.39 18301.87
11192.16 18276.15
11203.87 18250.56
11214.40 18224.14
11227.85 18196.73
11238.31 18171.82
11248.28 18146.69
11258.50 18120.93
11269.21 18093.17
11278.92 18067.61
11288.03 18042.90
11295.83 18014.17
11304.35 17988.63
11313.22 17962.03
11321.69 17936.07
11329.79 17909.54
11337.96 17882.77
11345.73 17856.62
11353.39 17830.31
11361.04 17804.08
11368.70 17777.78
11376.42 17751.14
11384.13 17724.32
11391.59 17698.41
11399.13 17672.52
11406.86 17646.28
11414.55 17619.62
11422.39 17593.68
11430.65 17567.34
11438.85 17541.59
11447.83 17516.31
11457.16 17490.04
11466.98 17464.40
11477.01 17438.39
11486.88 17412.81
11497.45 17387.42
11508.12 17361.97
11525.38 17325.90
11536.98 17300.49
11549.00 17274.91
11561.19 17249.98
11573.90 17225.58
11587.37 17201.40
11601.03 17176.88
11614.44 17152.81
11627.79 17128.85
11641.67 17105.56
11656.26 17081.93
11671.10 17057.89
11683.16 17032.08
11697.55 17008.77
11711.95 16985.44
11729.58 16959.68
11743.65 16936.41
11758.21 16912.33
11772.48 16888.71
11786.70 16865.20
11800.76 16841.95
11815.14 16818.15
11829.54 16794.34
11843.70 16770.92
11859.65 16745.11
11874.38 16721.35
11887.43 16696.79
11900.26 16672.62
11912.55 16648.27
11924.21 16623.92
11935.88 16599.54
11948.00 16574.22
11960.17 16548.81
11970.13 16522.72
11978.90 16498.21
11986.45 16476.71
11993.15 16455.27
11999.02 16434.44
12005.08 16412.91
12010.89 16392.24
12016.80 16371.07
12022.43 16350.10
12027.74 16328.71
12033.03 16307.84
12038.63 16286.13
12044.14 16264.76
12049.14 16243.18
12053.88 16221.65
12060.55 16196.40
12067.33 16175.69
12073.90 16155.61
12080.71 16134.87
12086.81 16116.29
12092.08 16100.24
12096.06 16084.53
12100.80 16072.55
12106.72 16060.09
12112.50 16048.48
12119.30 16036.85
12125.96 16025.44
12132.92 16013.53
12139.43 16002.40
12146.30 15990.64
12152.97 15979.22
12159.87 15967.42
12166.64 15955.83
12173.30 15944.45
12180.08 15932.83
12186.78 15921.38
12193.75 15909.45
12200.47 15897.79
12207.22 15885.96
12213.96 15874.15
12220.73 15862.29
12227.08 15851.15
12233.88 15839.25
12240.30 15827.98
12246.84 15816.53
12253.74 15804.44
12260.56 15792.48
12267.52 15780.28
12274.06 15768.83
12280.49 15756.97
12286.50 15745.23
12292.81 15732.91
12299.01 15720.80
12305.17 15708.73
12311.15 15696.97
12317.12 15685.23
12324.39 15673.33
12331.16 15662.32
12338.09 15651.04
12345.02 15639.77
12351.90 15628.58
12358.95 15617.11
12366.06 15605.53
12373.17 15593.96
12380.53 15581.99
12387.54 15570.59
12401.86 15550.40
12408.43 15541.02
12414.86 15532.02
12421.23 15523.23
12427.84 15514.12
12434.28 15505.22
12448.64 15482.25
12455.42 15471.15
12462.38 15460.14
12469.69 15448.59
12472.79 15435.85
12474.77 15423.27
12474.92 15410.04
12473.84 15397.86
12470.69 15386.71
12467.12 15375.15
12462.91 15363.17
12460.51 15351.71
12460.04 15339.52
12460.06 15329.10
12461.40 15318.58
12462.91 15306.81
12464.50 15295.49
12466.44 15284.07
12468.45 15272.21
12470.47 15260.30
12472.06 15249.20
12473.29 15237.04
12474.49 15225.29
12475.63 15214.05
12476.79 15202.61
12480.02 15184.42
12480.80 15180.29
12481.49 15176.26
12482.24 15171.71
12508.09 15133.00
12513.10 15129.97
12518.39 15126.78
12523.62 15123.62
12528.79 15120.50
12550.50 15107.31
12558.92 15102.11
12568.81 15095.79
12577.83 15089.43
12586.72 15083.15
12595.71 15076.81
12604.76 15070.43
12613.03 15064.58
12622.37 15057.70
12632.20 15052.48
12651.17 15043.64
12657.94 15037.06
12670.04 15025.62
12680.30 15018.42
12691.07 15010.86
12701.77 15003.35
12712.69 14995.69
12723.68 14987.98
12734.41 14980.46
12744.61 14973.29
12755.73 14965.49
12766.87 14957.68
12777.68 14950.10
12788.41 14942.56
12798.68 14935.36
12809.13 14928.02
12827.17 14915.56
12836.41 14909.22
12845.67 14902.86
12855.33 14896.23
12869.96 14886.53
12879.65 14880.28
12889.63 14873.84
12899.13 14867.71
12908.84 14861.44
12917.64 14855.77
12923.61 14851.93
12926.64 14850.00
12927.41 14849.51
12927.77 14849.28
12927.83 14849.24
12927.87 14849.21
12927.87 14849.21
12927.87 14849.21
12927.87 14849.21
12927.87 14849.21
12945.19 14833.66
12947.58 14831.51
12951.47 14828.61
12957.06 14824.88
12961.80 14817.53
12969.55 14811.48
12978.86 14805.19
12989.13 14798.30
12999.12 14791.60
13009.22 14784.82
13018.81 14778.38
13028.19 14772.09
13034.29 14768.09
13037.14 14766.24
13037.15 14766.23
13037.15 14766.23
13037.16 14766.23
13037.16 14766.23
13037.16 14766.23
13037.16 14766.23
13037.16 14766.23
13046.92 14763.45
13047.02 14763.38
13054.97 14757.48
13061.06 14753.09
13069.01 14748.67
13078.62 14743.33
13089.82 14737.45
13102.47 14732.22
13114.72 14726.80
13126.74 14721.34
13140.04 14717.89
13152.71 14715.02
13172.27 14712.02
13184.43 14709.76
13195.94 14706.83
13207.80 14702.78
13219.10 14698.28
13230.39 14688.46
13241.65 14682.15
13252.70 14675.79
13262.26 14668.85
13271.86 14661.94
13282.90 14655.26
13291.65 14649.97
13296.90 14646.80
13299.24 14645.39
13299.49 14645.24
13330.47 14634.11
13333.22 14633.69
13337.37 14633.02
13342.81 14631.46
13349.25 14629.62
13356.74 14627.47
13365.02 14625.10
13373.48 14622.67
13381.81 14620.29
13395.59 14620.09
13412.32 14615.61
13425.17 14611.86
13437.45 14608.29
13449.44 14604.79
13461.70 14601.21
13473.84 14597.30
13486.53 14592.82
13498.69 14588.52
13511.38 14584.04
13525.58 14574.80
13533.30 14571.35
13538.14 14569.20
13540.50 14568.14
13540.97 14567.94
13541.15 14567.86
13541.21 14567.83
13541.23 14567.82
13541.24 14567.82
13551.84 14564.10
13555.01 14563.18
13559.41 14561.95
13564.98 14560.43
13572.30 14558.44
13580.96 14556.37
13590.93 14554.64
13602.98 14552.56
13615.53 14551.47
13627.77 14551.04
13640.37 14551.15
13651.33 14552.22
13660.81 14553.14
13667.27 14545.21
13667.32 14538.11
13667.38 14529.56
13667.45 14519.92
13667.53 14509.44
13667.60 14499.03
13667.68 14488.44
13667.74 14479.23
13667.79 14473.36
13671.11 14469.64
13671.15 14463.98
