5048.50 13865.92
5050.41 13864.78
5053.67 13862.83
5058.54 13859.92
5065.19 13855.95
5073.03 13851.27
5082.18 13846.35
5094.08 13843.25
5107.08 13839.86
5120.15 13836.46
5133.52 13832.98
5147.04 13829.45
5160.31 13826.00
5173.11 13822.66
5195.54 13817.28
5209.44 13814.67
5223.45 13812.03
5237.11 13809.46
5250.70 13806.91
5264.84 13804.24
5278.28 13801.72
5292.58 13799.03
5306.02 13796.50
5319.26 13794.00
5332.67 13791.48
5346.90 13788.81
5359.70 13786.40
5368.92 13784.66
5373.92 13783.72
5385.83 13792.24
5388.67 13800.84
5391.92 13810.73
5395.64 13822.22
5400.09 13835.97
5403.55 13849.29
5406.59 13863.30
5408.05 13877.12
5409.36 13891.43
5410.12 13905.84
5410.68 13920.50
5411.23 13934.75
5411.77 13948.73
5412.32 13963.02
5412.72 13977.75
5413.09 13992.25
5413.46 14006.83
5413.73 14020.04
5413.45 14029.16
5413.26 14035.04
5420.98 14040.81
5430.55 14040.41
5441.92 14039.93
5455.43 14039.36
5469.11 14038.79
5483.46 14038.18
5497.41 14037.59
5511.17 14036.93
5524.51 14036.12
5538.47 14035.14
5552.24 14034.17
5566.45 14033.17
5579.77 14032.23
5602.40 14030.48
5616.09 14029.10
5630.22 14027.67
5643.58 14026.31
5657.46 14024.91
5670.60 14023.58
5684.58 14022.16
5697.81 14020.82
5711.35 14019.45
5731.62 14017.97
5745.55 14017.57
5758.60 14017.18
5772.44 14016.78
5786.39 14016.37
5799.55 14015.99
5813.53 14015.59
5836.33 14015.20
5849.93 14015.27
5864.11 14015.34
5877.16 14015.40
5891.22 14015.47
5904.28 14015.55
5917.37 14015.64
5931.04 14015.73
5945.19 14015.26
5958.04 14012.01
5966.16 14001.32
5983.80 13991.13
5998.00 13991.59
6011.60 13995.06
6023.34 14002.32
6034.18 14021.78
6035.65 14035.13
6036.54 14049.13
6037.37 14062.19
6038.19 14075.17
6039.01 14088.10
6039.87 14101.75
6040.70 14114.79
6042.05 14137.49
6042.77 14151.00
6043.49 14164.36
6044.17 14177.12
6044.85 14189.88
6045.50 14202.00
6046.11 14213.26
6047.22 14233.32
6047.69 14241.40
6048.21 14250.40
6048.70 14258.86
6049.17 14267.07
6049.47 14272.24
6049.64 14275.06
6049.69 14276.03
6049.70 14276.20
6049.71 14276.30
6049.77 14277.27
6049.92 14279.99
6055.38 14283.93
6060.54 14283.39
6066.76 14282.73
6074.45 14281.91
6083.86 14280.90
6092.97 14279.93
6101.31 14279.04
6110.75 14278.04
6118.77 14277.18
6135.46 14274.96
6139.35 14274.58
6141.94 14274.32
6144.82 14274.04
6161.72 14276.07
6164.70 14275.89
6166.94 14275.75
6168.33 14275.67
6169.75 14275.58
6187.39 14274.90
6194.59 14274.88
6203.45 14274.86
6213.00 14274.83
6222.12 14274.81
6242.81 14274.34
6253.23 14274.00
6264.09 14273.64
6274.04 14273.31
6284.73 14272.96
6295.14 14272.62
6305.81 14272.27
6316.08 14271.93
6325.92 14271.61
6337.42 14271.24
6348.62 14270.87
6359.48 14270.16
6370.44 14269.22
6424.43 14267.66
6426.47 14268.50
6428.50 14269.33
6429.91 14269.92
6430.70 14270.29
6430.99 14270.44
6431.07 14270.48
6431.08 14270.48
6431.08 14270.48
6431.08 14270.48
6431.08 14270.48
6431.08 14270.48
6431.08 14270.48
6431.08 14270.48
6431.08 14270.48
6431.08 14270.48
6431.08 14270.48
6431.08 14270.48
6431.08 14270.48
6431.08 14270.48
6447.57 14260.04
6448.69 14259.99
6450.32 14259.93
6452.79 14259.83
6456.15 14259.70
6460.06 14259.55
6462.49 14259.46
6463.42 14259.42
6481.16 14258.57
6487.12 14258.16
6494.56 14257.59
6503.58 14256.88
6514.86 14256.01
6527.72 14255.01
6541.42 14253.94
6554.79 14252.99
6566.89 14252.18
6577.94 14251.44
6588.21 14250.75
6598.86 14250.03
6607.23 14249.47
6627.81 14248.25
6636.09 14247.83
6643.55 14247.46
6650.75 14247.09
6656.98 14246.78
6664.89 14246.38
6671.86 14246.03
6678.94 14245.68
6687.41 14245.25
6695.46 14244.85
6701.53 14244.54
6709.27 14244.15
6717.38 14243.74
6724.84 14243.37
6732.91 14242.96
6740.53 14242.58
6748.03 14242.20
6755.55 14241.83
6762.97 14241.45
6770.48 14241.08
6778.17 14240.69
6785.10 14240.34
6792.68 14239.96
6801.49 14239.52
6809.19 14239.13
6816.18 14238.78
6822.19 14238.48
6829.73 14238.10
6837.48 14237.71
6845.88 14237.29
6854.66 14236.85
6871.53 14235.97
6877.93 14235.61
6885.32 14235.19
6891.77 14234.82
6899.05 14234.41
6906.11 14234.01
6912.94 14233.62
6919.59 14233.24
6925.68 14232.90
6932.04 14232.54
6939.13 14232.14
6946.60 14231.71
6965.78 14230.58
6976.96 14229.87
6986.29 14229.28
6995.43 14228.70
7003.98 14228.16
7013.11 14227.59
7021.74 14227.04
7028.90 14226.59
7037.30 14226.03
7043.89 14225.55
7054.57 14223.15
7062.92 14225.98
7072.96 14225.40
7085.02 14224.70
7098.61 14223.91
7111.94 14223.14
7124.87 14222.42
7138.56 14221.68
7151.75 14220.96
7167.87 14221.14
7181.16 14216.51
7194.91 14215.70
7208.58 14214.90
7221.80 14214.12
7235.15 14213.33
7249.08 14212.31
7262.31 14211.32
7275.39 14210.34
7288.87 14209.33
7302.57 14208.30
7316.69 14207.24
7329.68 14206.26
7343.49 14205.23
7354.56 14206.06
7361.44 14207.48
7365.07 14208.37
7365.31 14208.43
7365.48 14208.47
7382.24 14215.34
7385.94 14216.35
7391.49 14217.86
7398.94 14218.76
7408.49 14218.94
7420.25 14218.64
7433.49 14218.30
7447.75 14217.94
7461.71 14217.58
7474.78 14217.25
7488.31 14216.89
7501.78 14216.29
7514.85 14215.70
7528.36 14215.10
7542.19 14214.48
7556.03 14214.00
7569.68 14213.74
7582.98 14213.32
7606.42 14212.13
7620.37 14211.19
7634.08 14209.93
7645.86 14207.60
7657.36 14205.44
7668.13 14204.10
7679.08 14203.05
7689.39 14202.41
7700.20 14201.89
7711.42 14201.50
7722.29 14204.42
7734.69 14203.98
7747.20 14203.54
7759.47 14203.11
7772.81 14202.65
7787.71 14202.13
7802.71 14201.60
7816.82 14201.11
7830.79 14200.62
7845.78 14200.09
7859.72 14199.60
7874.76 14199.08
7889.33 14198.57
7909.74 14197.91
7924.81 14197.51
7938.94 14197.13
7952.95 14196.75
7967.43 14196.36
7981.96 14195.97
7996.09 14195.59
8010.03 14195.21
8024.50 14194.82
8039.05 14194.43
8053.61 14194.04
8068.15 14193.65
8082.14 14193.27
8096.30 14192.88
8111.41 14192.55
8125.53 14191.72
8139.74 14191.02
8154.07 14190.51
8168.86 14189.98
8182.95 14189.48
8198.13 14188.89
8212.52 14187.92
8226.64 14187.18
8241.21 14186.71
8256.27 14186.20
8270.67 14185.89
8284.83 14186.07
8300.04 14186.14
8314.58 14182.40
8328.81 14181.97
8340.17 14181.62
8348.20 14181.38
8352.19 14181.26
8363.50 14180.24
8368.33 14179.70
8374.23 14179.05
8393.95 14177.19
8406.39 14176.26
8419.82 14175.26
8433.13 14174.27
8446.29 14173.21
8459.06 14172.15
8471.93 14171.09
8485.23 14169.98
8498.53 14168.88
8512.33 14167.74
8525.30 14166.66
8538.75 14165.48
8551.62 14164.15
8564.66 14162.80
8577.57 14161.46
8590.62 14160.09
8603.89 14158.70
8646.00 14154.42
8655.48 14153.72
8664.96 14153.01
8674.79 14152.28
8684.13 14151.62
8690.71 14151.25
8694.53 14151.13
8695.40 14151.10
8696.09 14151.07
8696.12 14151.07
8696.15 14151.07
8696.16 14151.07
8696.16 14151.07
8696.16 14151.07
8696.16 14151.07
8696.16 14151.07
8696.16 14151.07
8696.16 14151.07
8696.16 14151.07
8711.06 14150.51
8712.51 14150.43
8714.56 14150.33
8717.33 14150.20
8720.68 14149.95
8724.82 14149.57
8729.42 14149.15
8773.21 14145.30
8787.33 14144.57
8801.84 14143.83
8815.64 14143.12
8829.50 14142.42
8843.67 14141.60
8857.28 14140.78
8871.11 14139.94
8884.75 14139.11
8899.15 14138.23
8922.22 14136.53
8936.55 14135.27
8950.55 14134.04
8964.26 14132.83
8978.78 14131.56
8992.51 14130.35
9006.27 14129.14
9020.55 14127.88
9034.87 14126.62
9048.87 14125.38
9062.86 14124.15
9076.61 14122.94
9090.52 14121.86
9104.18 14120.90
9118.28 14119.90
9132.44 14118.91
9145.95 14117.96
9159.96 14116.97
9182.07 14115.21
9193.84 14114.27
9206.57 14113.25
9219.13 14112.24
9231.28 14111.27
9243.99 14110.25
9256.76 14109.23
9282.69 14107.22
9296.32 14106.23
9309.38 14105.28
9323.16 14104.27
9335.96 14103.34
9349.76 14102.33
9362.87 14101.37
9375.68 14100.44
9388.47 14099.51
9402.00 14098.52
9422.71 14097.02
9436.39 14095.93
9449.43 14094.90
9463.18 14093.80
9477.01 14092.70
9490.60 14091.62
9503.45 14090.02
9516.90 14088.33
9530.05 14087.19
9543.03 14086.26
9563.56 14084.78
9577.41 14083.77
9597.76 14082.84
9597.86 14082.83
9623.29 14081.55
9635.28 14081.03
9646.82 14080.53
9657.95 14080.04
9669.35 14079.55
9681.02 14079.04
9692.54 14078.54
9704.68 14078.01
9725.20 14077.29
9739.49 14076.60
9753.69 14075.78
9767.21 14074.99
9780.72 14074.21
9794.63 14073.40
9808.95 14072.57
9823.48 14071.73
9837.53 14070.91
9856.72 14069.62
9868.14 14068.72
9879.38 14067.83
9890.50 14066.96
9901.75 14066.07
9912.95 14065.19
9923.87 14064.33
9934.48 14063.50
9945.63 14062.61
9994.34 14058.85
10006.92 14058.17
10019.41 14057.49
10032.33 14056.78
10044.81 14056.09
10056.88 14055.43
10069.01 14054.76
10081.34 14054.08
10094.08 14053.38
10106.19 14052.71
10118.56 14055.34
10131.74 14054.61
10144.65 14053.90
10156.93 14053.23
10169.42 14052.40
10182.51 14051.50
10195.36 14050.63
10228.57 14048.46
10242.89 14047.61
10256.94 14046.78
10271.08 14045.94
10284.95 14045.12
10298.61 14044.30
10312.86 14043.46
10326.10 14042.67
10340.07 14041.84
10353.65 14041.04
10367.07 14040.24
10380.74 14039.43
10394.62 14038.61
10408.78 14037.77
10421.98 14036.98
10435.44 14036.18
10448.77 14035.39
10462.94 14034.55
10477.17 14033.71
10504.52 14030.63
10515.59 14029.90
10525.38 14029.20
10541.10 14027.87
10543.52 14027.64
10544.22 14027.58
10544.49 14027.55
10544.58 14027.54
10544.59 14027.54
10545.22 14027.48
10546.81 14027.34
10549.72 14027.06
10571.31 14025.44
10579.18 14024.90
10589.26 14024.20
10601.66 14023.38
10612.95 14022.65
10625.70 14021.82
10637.81 14021.04
10649.33 14020.29
10661.38 14019.51
10672.89 14018.77
10684.68 14018.00
10695.86 14017.28
10707.26 14016.54
10718.78 14015.80
10730.60 14015.03
10750.83 14013.51
10763.39 14012.10
10776.16 14010.67
10788.31 14009.30
10800.22 14007.96
10811.07 14006.74
10820.79 14005.65
10826.75 14004.98
10833.62 14004.21
10840.92 14003.40
10868.99 14001.19
10879.69 14000.40
10890.51 13999.60
10901.78 13998.76
10913.76 13998.07
10925.66 13997.39
10936.75 13996.77
10947.22 13996.18
10957.97 13995.57
10969.49 13994.92
10980.04 13994.32
10990.93 13993.66
11001.66 13993.00
11019.54 13991.71
11031.07 13990.81
11042.53 13989.91
11054.03 13989.01
11065.96 13988.14
11077.48 13987.33
11088.58 13986.67
11100.34 13985.81
11112.35 13984.78
11123.80 13983.81
11135.58 13982.80
11147.59 13981.78
11159.22 13980.79
11170.23 13980.12
11191.03 13977.44
11203.70 13976.85
11216.70 13976.24
11229.51 13975.64
11241.22 13975.10
11260.18 13974.17
11272.74 13973.53
11285.07 13972.90
11298.52 13972.21
11311.53 13971.55
11324.32 13970.89
11336.79 13970.26
11349.48 13969.61
11361.85 13965.67
11374.91 13965.06
11387.14 13964.53
11399.78 13963.99
11412.24 13963.45
11425.70 13962.88
11437.78 13962.36
11450.78 13961.80
11463.57 13961.25
11476.89 13960.68
11498.77 13959.78
11507.32 13957.73
11513.33 13957.42
11521.61 13956.98
11531.17 13956.48
11542.71 13955.87
11556.50 13955.14
11570.89 13956.39
11576.26 13956.22
11597.70 13955.36
11609.25 13954.77
11621.25 13954.15
11632.29 13953.58
11643.38 13953.01
11663.78 13951.79
11665.71 13951.66
11667.09 13951.57
11667.70 13951.53
11668.00 13951.51
11668.74 13951.46
11705.01 13951.51
11710.12 13951.31
11716.41 13951.06
11724.37 13950.75
11733.66 13950.38
11742.67 13950.03
11751.82 13949.67
11770.10 13947.30
11782.65 13946.70
11795.56 13946.02
11809.09 13945.32
11822.48 13944.62
11834.36 13944.00
11848.05 13943.28
11861.28 13942.59
11873.73 13941.94
11886.20 13941.32
11898.73 13940.68
11911.47 13940.00
11923.70 13939.35
11936.57 13938.66
11949.44 13937.97
11961.28 13936.80
11973.86 13935.08
11986.24 13931.90
11997.42 13927.08
12008.35 13920.36
12016.94 13911.94
12025.30 13902.23
12033.08 13891.13
12039.92 13880.88
12047.04 13869.93
12054.01 13859.22
12061.51 13848.35
12069.08 13839.15
12077.84 13831.33
12088.58 13825.07
12100.83 13821.40
12113.87 13820.00
12126.83 13819.86
12138.92 13819.52
12152.17 13819.14
12165.16 13818.61
12177.43 13818.10
12190.55 13817.56
12204.36 13816.99
12216.88 13816.47
12251.36 13817.51
12263.44 13816.79
12275.60 13816.07
12287.22 13815.38
12298.25 13814.72
12310.10 13814.02
12320.84 13813.38
12332.48 13812.69
12343.77 13812.02
12355.96 13811.29
12367.55 13810.60
12386.31 13809.34
12398.73 13808.45
12411.76 13807.52
12423.54 13806.67
12436.53 13805.74
12448.88 13804.86
12460.78 13804.01
12473.46 13803.07
12486.00 13802.05
12498.25 13801.04
12511.27 13799.98
12523.86 13798.95
12544.11 13797.25
12555.60 13796.25
12566.71 13795.29
12578.30 13794.28
12590.70 13793.05
12602.42 13791.76
12619.16 13791.76
12630.02 13792.58
12641.74 13793.46
12653.07 13794.32
12663.96 13795.14
12672.46 13795.78
12677.78 13796.14
12682.80 13796.47
12684.55 13796.59
12706.52 13796.77
12708.70 13799.99
12711.34 13799.88
12723.65 13800.01
12735.05 13801.51
12747.43 13804.65
12759.88 13811.14
12771.12 13819.83
12782.87 13829.12
12794.25 13838.36
12805.61 13847.14
12819.14 13850.98
12833.80 13849.85
12848.61 13847.83
12862.89 13845.89
12904.95 13838.00
12914.34 13835.96
12923.90 13834.87
12933.57 13834.57
12942.45 13834.45
12951.96 13834.51
12969.81 13834.55
12983.44 13834.55
12996.40 13834.54
13009.73 13834.54
13023.09 13834.40
13036.24 13833.71
13049.09 13833.30
13064.00 13832.90
13075.33 13832.55
13086.57 13832.21
13097.67 13831.75
13119.05 13830.68
13131.86 13829.83
13143.56 13829.04
13151.94 13828.49
13156.50 13828.18
13158.25 13827.97
13160.41 13827.60
13163.75 13827.02
13177.04 13824.48
13181.59 13823.53
13187.37 13822.31
13194.07 13820.90
13211.49 13817.31
13223.97 13815.58
13235.88 13813.92
13249.57 13812.02
13266.47 13811.38
13279.52 13809.60
13292.36 13807.86
13311.09 13805.17
13323.18 13803.29
13334.94 13801.46
13347.28 13799.04
13358.68 13793.28
13379.92 13787.47
13398.04 13780.26
13408.77 13775.72
13420.46 13772.32
13432.35 13768.85
13443.50 13766.07
13453.85 13764.32
13461.05 13763.23
13464.67 13762.73
13465.05 13762.68
13473.16 13761.54
13477.18 13760.96
13483.47 13760.06
13491.71 13758.87
13501.80 13754.08
13514.57 13752.46
13528.13 13751.02
13541.55 13750.53
13554.48 13750.14
13567.39 13749.75
13580.13 13749.37
13602.23 13749.04
13614.03 13747.07
13625.97 13745.74
13637.92 13743.52
13650.25 13739.90
13669.00 13737.09
13677.83 13734.39
13697.43 13728.69
13717.68 13723.55
13730.97 13720.49
13744.30 13717.74
13758.00 13715.68
13771.32 13713.86
13784.92 13712.87
13798.64 13711.81
13812.16 13710.74
13825.04 13710.49
13838.12 13710.75
13851.12 13712.03
13862.92 13713.64
13870.70 13714.71
13874.45 13715.22
13874.45 13715.22
13874.45 13715.22
13874.45 13715.22
13874.45 13715.22
13874.45 13715.22
13905.74 13721.17
13907.96 13721.90
13911.89 13722.75
13916.71 13723.79
13922.82 13725.12
13930.41 13726.76
13939.03 13728.01
13948.73 13729.21
13958.61 13729.68
13976.98 13731.67
13989.62 13733.30
14002.51 13733.70
14015.98 13733.21
14037.40 13733.08
14042.54 13733.34
14045.48 13733.61
14060.82 13735.40
14069.50 13736.19
14080.39 13737.17
14092.67 13738.19
14106.20 13738.78
14121.96 13741.74
14135.39 13743.17
14148.10 13744.28
14161.61 13745.46
14180.40 13750.09
14190.15 13754.18
14199.46 13759.13
14205.57 13762.88
14208.72 13765.03
14209.09 13765.28
14209.10 13765.29
14209.10 13765.29
14209.10 13765.29
14209.10 13765.29
14209.10 13765.29
14209.10 13765.29
14209.10 13765.29
14221.11 13773.32
14224.17 13775.27
14228.35 13777.92
14234.63 13781.92
14242.77 13787.09
14252.68 13793.39
14263.98 13800.57
14276.64 13808.62
14289.87 13815.46
14303.46 13821.54
14317.63 13825.58
14332.31 13828.77
14347.24 13830.74
14361.37 13832.41
14375.66 13833.33
14390.72 13834.29
14405.84 13835.25
14419.86 13836.14
14434.51 13837.08
14449.02 13838.00
14462.63 13842.17
14477.84 13843.14
14492.38 13844.07
14506.69 13844.98
14521.93 13845.95
14536.66 13846.88
14551.71 13847.84
14566.90 13848.81
14581.47 13849.73
14596.69 13850.70
14611.15 13851.62
14626.11 13852.57
14641.10 13853.53
14655.69 13854.46
14670.11 13855.37
14685.08 13856.32
14700.06 13857.28
14714.26 13858.18
14728.85 13859.11
14743.30 13859.54
14757.50 13859.83
14771.94 13860.12
14786.41 13860.42
14801.16 13860.45
14815.88 13860.61
14830.62 13860.77
14890.34 13862.36
14896.11 13862.78
14901.65 13863.29
14907.43 13864.11
14913.11 13864.90
14918.41 13866.92
14923.98 13869.10
14929.28 13871.18
14933.36 13872.86
14936.09 13874.00
14937.19 13874.45
14937.73 13874.68
14938.75 13875.22
14975.59 13920.39
14976.27 13925.03
14977.15 13931.01
14978.22 13938.28
14979.50 13947.05
14981.02 13957.39
14982.43 13968.72
14983.22 13979.47
14984.00 13990.03
14984.12 14010.88
14988.73 14021.37
14993.32 14031.62
14994.77 14043.98
14996.19 14056.53
14997.86 14069.15
15000.83 14088.56
15003.89 14102.56
15007.43 14115.65
15013.10 14128.23
15019.47 14143.64
15027.61 14154.29
15037.08 14163.92
15046.28 14173.26
15055.83 14184.21
15071.84 14194.48
15080.62 14201.13
15088.75 14207.44
15106.02 14217.80
15106.12 14217.80
15106.18 14217.80
15096.31 14225.56
15090.27 14223.04
15083.02 14220.03
15075.34 14215.56
15068.17 14210.00
15061.22 14204.62
