11968.86 20410.15
11968.76 20408.68
11968.60 20406.12
11968.88 20401.64
11969.10 20395.44
11969.33 20387.90
11969.59 20379.52
11969.75 20374.40
11972.98 20376.56
11972.72 20385.14
11972.40 20395.45
11971.98 20404.89
11972.19 20410.61
11972.32 20412.61
11972.33 20412.73
11965.01 20420.41
11961.13 20420.56
11955.99 20420.75
11948.91 20421.19
11939.85 20421.87
11928.31 20422.73
11915.25 20423.71
11900.86 20425.24
11886.83 20427.00
11872.16 20428.84
11858.56 20430.73
11843.89 20432.84
11829.16 20434.97
11814.55 20437.08
11800.38 20439.12
11786.40 20441.30
11772.78 20443.76
11758.62 20446.33
11744.16 20448.94
11730.29 20451.71
11716.27 20454.75
11701.76 20457.89
11688.24 20460.82
11674.53 20464.44
11660.18 20468.25
11646.03 20472.01
11632.18 20475.69
11619.07 20479.18
11610.19 20481.54
11605.42 20482.80
11604.16 20483.14
11603.86 20483.22
11603.81 20483.23
11603.78 20483.24
11603.76 20483.25
11603.75 20483.25
11603.75 20483.25
11603.75 20483.25
11603.75 20483.25
11603.75 20483.25
11603.75 20483.25
11603.75 20483.25
11603.75 20483.25
11603.75 20483.25
11593.19 20486.05
11590.45 20486.78
11586.43 20487.85
11580.72 20489.37
11573.02 20491.41
11563.97 20493.82
11553.59 20496.57
11540.79 20499.98
11527.47 20503.51
11513.99 20507.10
11500.03 20510.83
11486.28 20514.64
11472.78 20518.39
11458.57 20522.33
11444.77 20526.15
11431.01 20529.97
11416.93 20533.87
11403.51 20537.59
11389.71 20541.42
11375.70 20545.52
11362.26 20549.46
11348.59 20553.47
11334.88 20557.49
11321.54 20561.40
11307.58 20565.49
11294.53 20569.32
11281.08 20573.27
11266.99 20577.40
11253.64 20581.31
11239.93 20585.34
11226.32 20589.32
11212.99 20593.23
11199.95 20597.06
11186.63 20600.96
11156.03 20609.93
11145.46 20613.05
11136.37 20615.33
11130.55 20616.47
11127.11 20617.14
11126.57 20617.25
11126.36 20617.29
11126.23 20617.32
11126.22 20617.32
11126.21 20617.32
11126.21 20617.32
11126.21 20617.32
11118.15 20619.25
11116.50 20619.71
11113.97 20620.42
11110.65 20621.36
11108.04 20622.09
11107.36 20622.28
11107.32 20622.29
11107.32 20622.29
11107.32 20622.29
11107.32 20622.29
11107.32 20622.29
11107.32 20622.29
11107.32 20622.29
11107.32 20622.29
11107.32 20622.29
11107.32 20622.29
11087.16 20627.11
11083.95 20627.87
11079.15 20629.01
11072.22 20630.65
11063.38 20631.26
11052.50 20631.48
11040.05 20631.58
11027.37 20630.40
11008.86 20626.23
10996.10 20622.36
10983.24 20617.34
10971.17 20611.62
10959.99 20604.45
10949.20 20597.52
10938.86 20589.03
10929.25 20580.74
10907.56 20558.15
10900.70 20551.49
10893.42 20544.62
10876.81 20532.12
10864.11 20526.14
10850.49 20521.84
10836.97 20519.16
10823.70 20518.14
10810.00 20517.34
10796.64 20516.56
10783.49 20515.78
10769.82 20515.03
10755.52 20514.94
10742.97 20515.05
10733.77 20515.86
10728.77 20516.30
10725.92 20524.29
10727.24 20530.89
10728.71 20538.73
10729.02 20547.96
10728.58 20559.18
10725.79 20582.57
10723.66 20596.13
10721.40 20609.82
10718.99 20623.63
10716.61 20637.26
10714.13 20651.52
10711.63 20665.81
10709.22 20679.61
10706.81 20693.39
10704.43 20707.02
10702.07 20720.55
10698.38 20738.17
10695.79 20749.75
10680.59 20757.91
10669.31 20753.13
10658.31 20748.48
10646.96 20743.69
10625.84 20735.06
10614.17 20730.22
10602.46 20725.36
10590.52 20720.45
10578.14 20715.38
10566.19 20710.50
10554.29 20705.64
10542.14 20700.68
10533.69 20697.23
10528.93 20695.29
10527.58 20694.73
10527.32 20694.63
10526.47 20694.28
10524.09 20693.31
10520.14 20691.70
10517.82 20690.75
10517.62 20690.67
10517.58 20690.65
10517.58 20690.65
10517.57 20690.65
10517.57 20690.65
10517.57 20690.65
10517.57 20690.65
10517.57 20690.65
10517.57 20690.65
10517.57 20690.65
10517.57 20690.65
10517.57 20690.65
10517.57 20690.65
10517.57 20690.65
10517.57 20690.65
10517.57 20690.65
10517.57 20690.65
10517.57 20690.65
10517.57 20690.65
10494.31 20679.78
10490.54 20677.87
10485.06 20675.09
10477.69 20671.36
10469.23 20667.07
10459.63 20662.20
10448.08 20656.34
10436.42 20650.43
10425.01 20644.64
10413.89 20639.30
10402.68 20633.68
10391.45 20628.05
10379.52 20622.07
10361.08 20612.08
10346.82 20603.24
10335.89 20595.83
10325.02 20588.46
10314.17 20581.11
10303.23 20573.69
10291.98 20565.73
10273.92 20552.86
10262.98 20545.11
10252.16 20537.46
10241.43 20530.11
10230.35 20522.77
10219.84 20515.80
10200.81 20503.32
10190.39 20496.52
10179.99 20489.73
10169.52 20482.89
10158.71 20475.83
10151.23 20470.95
10146.38 20467.79
10136.30 20471.54
10130.78 20478.77
10123.96 20487.74
10116.17 20498.46
10108.51 20509.00
10100.55 20519.95
10092.68 20530.78
10079.88 20546.16
10072.58 20555.66
10064.97 20565.56
10052.69 20581.81
10047.62 20588.69
10042.55 20595.59
10038.48 20601.25
10035.93 20605.16
10034.84 20606.85
10034.77 20606.97
10034.74 20607.01
10007.46 20617.50
10006.48 20616.58
10005.22 20615.39
10003.63 20613.89
9994.03 20604.84
9986.61 20597.24
9977.95 20588.37
9968.65 20578.81
9959.07 20568.95
9949.53 20559.13
9940.13 20549.47
9931.62 20535.96
9923.08 20527.15
9914.49 20518.29
9905.72 20509.25
9897.09 20500.36
9890.66 20493.72
9886.53 20489.46
9888.44 20463.00
9891.98 20457.75
9896.02 20451.91
9900.76 20445.22
9913.10 20427.08
9922.41 20410.12
9931.87 20395.96
9941.25 20381.91
9951.17 20367.05
9960.30 20352.99
9968.50 20337.77
9973.50 20321.87
9973.33 20305.08
9966.81 20288.49
9953.74 20277.61
9937.69 20271.91
9920.82 20272.93
9905.06 20280.10
9891.11 20291.29
9869.84 20307.11
9859.77 20320.06
9849.70 20333.03
9839.51 20346.14
9829.09 20359.54
9819.11 20372.35
9808.69 20385.40
9798.36 20398.34
9787.83 20411.76
9778.05 20424.87
9768.27 20437.97
9758.12 20451.59
9747.90 20465.28
9731.81 20489.00
9721.45 20502.52
9711.08 20516.04
9700.84 20529.40
9690.52 20542.86
9680.29 20556.21
9669.66 20570.08
9659.60 20583.20
9648.93 20597.12
9638.66 20610.52
9628.10 20624.28
9617.58 20638.01
9607.52 20651.12
9596.83 20665.08
9586.37 20678.72
9569.84 20702.95
9559.99 20715.58
9550.33 20727.97
9540.61 20740.76
9530.92 20753.51
9520.81 20766.81
9511.11 20779.58
9501.50 20792.23
9488.15 20811.42
9480.49 20826.09
9475.18 20841.96
9472.98 20858.88
9475.70 20874.94
9482.51 20889.98
9493.62 20901.81
9507.79 20909.45
9523.87 20913.00
9540.24 20911.63
9556.76 20906.75
9568.76 20896.01
9578.05 20882.55
9582.63 20866.95
9583.73 20850.76
9579.83 20834.31
9572.98 20818.74
9562.90 20805.20
9550.61 20794.04
9521.95 20774.34
9507.13 20766.73
9492.63 20759.29
9477.58 20751.57
9439.20 20732.23
9425.63 20725.42
9411.95 20718.51
9398.82 20711.71
9385.05 20704.58
9371.12 20697.43
9357.35 20691.02
9343.68 20684.66
9329.46 20678.00
9315.85 20671.59
9301.75 20664.96
9287.35 20654.67
9270.02 20646.81
9250.93 20638.22
9229.38 20629.08
9206.18 20618.82
9181.77 20607.74
9159.00 20597.35
9135.97 20586.84
9112.71 20576.23
9090.24 20565.98
9066.97 20555.36
9044.09 20544.92
8986.41 20516.87
8959.03 20504.70
8931.77 20493.06
8904.20 20481.48
8876.34 20469.53
8848.85 20457.08
8820.95 20444.44
8793.26 20431.91
8765.85 20419.49
8738.71 20407.20
8711.63 20395.08
8683.68 20382.62
8655.83 20370.19
8628.89 20358.18
8601.63 20346.02
8574.20 20333.74
8546.33 20321.08
8518.47 20308.44
8490.70 20295.83
8463.84 20283.64
8436.64 20271.29
8408.86 20258.68
8381.40 20246.22
8354.00 20233.78
8326.42 20221.26
8299.26 20208.93
8271.56 20196.36
8244.61 20184.12
8217.25 20171.70
8189.70 20159.22
8162.22 20146.78
8135.40 20134.64
8107.83 20122.17
8080.89 20109.98
8053.56 20097.61
8026.05 20085.16
7998.40 20072.65
7970.67 20060.10
7943.23 20047.68
7915.59 20035.17
7887.93 20022.66
7860.24 20010.13
7833.07 19997.53
7805.35 19984.55
7778.36 19971.91
7751.77 19959.45
7724.78 19946.81
7697.51 19934.04
7670.93 19921.59
7644.42 19907.20
7618.24 19892.65
7591.57 19877.82
7565.55 19863.36
7539.85 19849.07
7513.78 19834.53
7488.10 19817.89
7463.05 19801.65
7438.29 19785.60
7414.04 19768.48
7389.94 19751.20
7365.35 19733.56
7341.67 19716.04
7318.73 19697.36
7295.30 19678.29
7271.66 19659.05
7248.18 19639.86
7224.56 19620.54
7202.74 19600.42
7181.03 19579.96
7158.90 19559.10
7137.58 19538.06
7116.98 19516.03
7096.70 19494.34
7075.87 19472.06
7055.82 19450.61
7036.16 19427.22
7014.12 19405.69
6994.74 19382.21
6976.39 19358.15
6958.00 19333.98
6940.30 19309.81
6922.85 19285.58
6905.55 19261.56
6888.61 19236.59
6872.17 19211.97
6856.44 19186.74
6840.84 19161.03
6825.82 19135.36
6810.72 19109.55
6796.47 19080.26
6782.75 19053.98
6769.30 19028.20
6755.90 19002.52
6742.18 18976.23
6728.61 18945.50
6716.98 18917.71
6705.69 18890.58
6694.23 18862.67
6683.15 18835.69
6672.97 18808.31
6663.63 18780.02
6654.23 18751.57
6645.31 18723.44
6636.60 18694.86
6628.18 18665.92
6620.08 18636.79
6612.61 18608.42
6605.12 18579.98
6598.33 18550.45
6591.84 18521.81
6585.29 18492.85
6579.43 18463.86
6575.12 18431.67
6570.90 18402.35
6566.71 18373.16
6562.84 18344.42
6559.86 18314.67
6556.86 18284.75
6554.77 18254.67
6553.20 18225.02
6549.99 18192.03
6548.68 18162.43
6547.37 18132.77
6546.07 18103.28
6544.78 18072.86
6544.22 18042.67
6543.67 18012.29
6543.20 17982.76
6543.56 17953.11
6543.92 17923.55
6544.29 17893.58
6544.66 17863.17
6545.42 17832.97
6546.35 17802.70
6547.28 17772.75
6548.20 17742.67
6549.12 17713.03
6550.04 17682.95
6550.97 17652.87
6551.90 17622.80
6552.84 17592.21
6553.77 17562.60
6554.75 17532.61
6555.74 17502.06
6556.71 17472.38
6557.69 17442.31
6558.68 17411.79
6559.52 17382.26
6560.24 17352.42
6560.97 17321.94
6561.68 17292.02
6562.38 17262.63
6563.07 17232.90
6563.18 17202.69
6563.30 17172.38
6563.42 17141.93
6563.54 17111.91
6563.66 17081.61
6563.38 17052.24
6562.88 17022.16
6562.37 16991.64
6561.85 16961.03
6561.35 16930.74
6560.62 16901.28
6559.40 16871.25
6558.18 16841.04
6556.97 16811.34
6555.76 16781.36
6554.51 16751.61
6552.83 16721.98
6551.17 16692.57
6549.49 16662.86
6547.78 16632.72
6546.11 16603.11
6543.98 16572.58
6541.55 16542.92
6539.08 16512.70
6536.62 16482.52
6534.17 16452.53
6531.75 16422.89
6529.30 16392.93
6526.86 16363.15
6524.42 16333.23
6521.88 16303.34
6518.73 16273.90
6515.56 16244.33
6512.40 16214.80
6509.26 16185.43
6506.02 16155.16
6502.85 16125.49
6499.66 16095.63
6496.42 16065.42
6493.24 16035.64
6490.00 16005.34
6486.85 15975.89
6483.67 15946.20
6480.50 15916.58
6477.25 15886.18
6474.22 15855.75
6471.42 15825.98
6468.57 15795.74
6465.79 15765.42
6463.21 15735.17
6460.63 15704.84
6458.06 15674.59
6455.50 15644.51
6453.02 15615.27
6450.53 15586.01
6447.94 15555.60
6446.15 15526.23
6444.38 15496.50
6442.65 15467.39
6440.96 15439.08
6439.25 15410.48
6437.63 15383.16
6436.19 15354.74
6434.84 15327.10
6433.43 15298.31
6432.09 15271.02
6430.74 15243.30
6429.35 15214.98
6428.37 15187.49
6427.53 15159.91
6426.69 15132.52
6425.85 15105.05
6425.04 15078.23
6424.24 15052.09
6423.42 15025.35
6422.51 14998.01
6421.56 14970.38
6420.66 14944.05
6419.72 14916.82
6418.78 14889.47
6417.82 14861.44
6416.88 14834.17
6416.00 14808.30
6415.04 14780.56
6414.13 14753.83
6413.20 14726.99
6412.29 14700.23
6411.12 14672.45
6409.42 14645.85
6407.71 14619.24
6405.90 14591.01
6404.15 14563.73
6402.43 14536.99
6400.66 14509.41
6398.91 14482.16
6397.17 14455.09
6395.41 14427.60
6393.72 14401.23
6391.96 14373.89
6390.22 14346.67
6385.03 14316.54
6383.35 14290.40
6381.69 14264.44
6380.10 14239.63
6378.21 14215.98
6376.20 14195.23
6374.21 14174.69
6372.40 14156.00
6370.83 14139.77
6368.82 14125.77
6366.18 14114.06
6362.54 14101.58
6355.75 14091.47
6347.03 14081.93
6335.52 14076.36
6322.70 14074.05
6309.49 14076.16
6297.46 14081.50
6287.87 14090.28
6277.75 14101.14
6266.82 14112.89
6256.29 14124.20
6245.37 14136.01
6234.44 14147.99
6223.77 14164.58
6216.50 14172.54
6208.46 14181.33
6201.11 14189.37
6192.98 14198.26
6185.89 14206.17
6177.66 14215.46
6170.68 14223.34
6161.16 14257.38
6167.16 14264.38
6186.43 14274.90
6198.92 14274.87
6211.89 14274.83
6234.19 14274.62
6248.29 14274.16
6262.35 14273.70
6276.17 14273.24
6290.31 14272.78
6304.73 14272.30
6318.45 14271.86
6332.87 14271.39
6346.97 14270.92
6361.05 14269.97
6423.35 14263.60
6422.31 14260.36
6422.34 14260.36
6422.38 14260.35
6422.41 14260.35
6422.45 14260.35
6450.34 14259.93
6455.40 14263.03
6459.41 14262.87
6461.93 14262.77
6463.60 14262.71
6483.20 14261.75
6491.43 14261.14
6501.38 14260.36
6513.36 14259.43
6526.68 14258.40
6541.06 14257.28
6554.85 14256.29
6568.73 14255.36
6582.78 14254.42
6596.34 14253.51
6610.27 14252.57
6635.17 14251.19
6648.73 14250.50
6662.57 14249.81
6676.49 14249.11
6690.30 14248.41
6704.63 14247.69
6718.36 14247.00
6732.53 14246.28
6746.72 14245.57
6760.85 14244.86
6774.10 14244.19
6788.41 14243.47
6802.21 14242.78
6816.12 14242.08
6829.49 14241.41
6842.98 14240.73
6856.24 14240.08
6879.45 14238.82
6891.36 14238.15
6903.59 14237.46
6915.72 14236.77
6928.11 14236.07
6940.61 14235.36
6952.91 14234.67
6976.36 14233.22
6990.15 14232.34
7004.41 14231.44
7018.22 14227.26
7031.85 14226.40
7045.74 14225.42
7062.35 14222.70
7075.94 14221.91
7089.87 14221.11
7103.63 14220.31
7117.33 14219.52
7131.21 14218.77
7144.46 14218.05
7157.39 14217.35
7172.86 14217.28
7186.96 14216.17
7200.50 14215.37
7213.88 14214.58
7227.98 14213.75
7241.07 14212.91
7254.17 14211.93
7268.10 14210.88
7281.06 14209.91
7294.49 14208.90
7307.57 14207.92
7320.25 14206.97
7332.97 14206.02
7343.64 14205.22
7351.46 14205.52
7357.25 14206.52
7359.46 14206.99
7360.02 14207.13
7360.26 14207.19
7360.29 14207.20
7361.12 14207.40
7364.27 14208.18
7387.81 14209.27
7393.94 14205.74
7402.33 14203.52
7412.74 14203.08
7425.27 14202.55
7438.59 14201.98
7452.23 14201.40
7466.23 14200.81
7480.00 14200.22
7493.78 14199.63
7506.89 14199.08
7520.61 14200.81
7534.29 14202.92
7547.83 14202.97
7560.90 14201.95
7573.88 14200.93
7584.04 14199.78
7589.95 14198.40
7595.28 14188.78
7595.25 14179.47
7594.97 14168.59
7593.83 14158.69
7592.79 14151.99
7588.51 14132.03
7588.57 14124.69
7588.63 14116.86
7588.69 14109.39
7588.75 14102.10
7588.82 14094.05
7588.89 14085.77
7588.95 14077.99
7589.01 14070.75
7589.07 14062.70
7589.13 14055.56
7589.19 14048.13
7589.25 14040.91
7589.31 14033.77
7589.37 14026.29
7581.12 14018.51
7573.35 14012.42
7564.57 14005.53
7554.37 13997.53
7543.90 13989.31
7532.63 13980.48
7521.46 13971.71
7511.55 13963.94
7504.55 13958.45
7500.89 13955.57
7504.85 13943.70
7506.57 13935.04
7506.86 13924.12
7507.20 13911.56
7507.56 13898.20
7507.94 13884.05
7508.30 13870.55
7508.67 13856.58
7509.06 13842.25
7509.43 13828.22
7509.79 13814.68
