13288.33 14634.48
13286.82 14633.64
13284.23 14631.20
13280.56 14626.91
13277.18 14621.53
13274.53 14616.20
13272.00 14610.87
13269.35 14604.86
13266.89 14599.29
13264.41 14593.20
13262.36 14587.41
13260.31 14581.64
13258.24 14575.78
13256.16 14569.91
13254.27 14564.57
13252.10 14558.44
13248.79 14555.86
13243.15 14557.70
13237.00 14559.70
13231.47 14561.47
13225.67 14563.34
13219.45 14565.33
13215.71 14566.53
13207.02 14584.05
13200.81 14585.87
13193.02 14588.17
13184.92 14593.99
13174.91 14596.94
13164.86 14599.90
13154.40 14602.99
13136.71 14606.18
13126.10 14606.73
13115.31 14607.30
13104.62 14607.86
13093.85 14608.29
13082.92 14608.65
13064.75 14609.34
13052.20 14609.93
13040.14 14610.50
13028.50 14611.04
13016.49 14611.72
13004.27 14612.91
12992.10 14614.10
12979.75 14615.30
12967.93 14616.46
12954.82 14617.70
12938.39 14619.11
12928.41 14619.91
12918.22 14620.61
12905.21 14610.21
12905.89 14598.69
12903.39 14587.14
12900.84 14575.34
12898.37 14563.95
12895.96 14552.80
12893.50 14541.44
12891.00 14529.87
12888.56 14518.63
12885.99 14506.73
12883.51 14495.29
12870.46 14488.17
12859.76 14487.43
12849.60 14486.72
12838.40 14485.94
12827.79 14485.20
12817.79 14484.50
12811.61 14484.07
12809.23 14483.91
12808.98 14483.89
12808.84 14483.88
12808.81 14483.88
12808.81 14483.88
12808.81 14483.88
12808.81 14483.88
12808.81 14483.88
12808.81 14483.88
12807.37 14483.78
12804.82 14483.60
12800.58 14489.01
12798.35 14494.87
12799.58 14501.31
12801.01 14508.77
12802.67 14517.45
12804.65 14527.29
12806.54 14536.52
12808.30 14546.57
12809.41 14556.64
12810.89 14566.96
12812.09 14576.97
12813.05 14586.90
12769.84 14600.10
12760.08 14596.66
12750.47 14593.26
12740.27 14589.66
12730.85 14586.34
12719.85 14585.95
12710.39 14582.61
12700.48 14579.11
12690.47 14575.58
12680.59 14572.09
12671.08 14568.73
12661.80 14565.46
12652.23 14562.08
12642.83 14558.76
12635.67 14556.24
12630.79 14554.51
12629.38 14554.01
12629.37 14554.01
12629.37 14554.01
12629.37 14554.01
12629.37 14554.01
12629.37 14554.01
12629.37 14554.01
12629.37 14554.01
12629.37 14554.01
12629.37 14554.01
12629.37 14554.01
12629.37 14554.01
12629.37 14554.01
12629.37 14554.01
12629.37 14554.01
12629.37 14554.01
12616.48 14549.47
12613.85 14548.55
12609.20 14546.92
12603.12 14544.79
12595.50 14542.11
12586.27 14538.87
12576.02 14535.28
12566.21 14531.84
12556.38 14528.39
12546.74 14524.33
12540.57 14521.61
12537.80 14520.39
12537.72 14520.36
12537.70 14520.35
12537.69 14520.34
12537.69 14520.34
12537.69 14520.34
12537.69 14520.34
12537.69 14520.34
12537.69 14520.34
12537.69 14520.34
12537.69 14520.34
12537.69 14520.34
12537.69 14520.34
12537.69 14520.34
12537.69 14520.34
12537.69 14520.34
12537.69 14520.34
12537.69 14520.34
12537.69 14520.34
12515.82 14509.11
12512.98 14507.42
12508.39 14504.68
12502.26 14501.03
12494.36 14496.33
12485.34 14490.95
12476.12 14485.46
12466.98 14480.02
12458.60 14475.03
12449.38 14469.54
12441.87 14465.06
12437.47 14462.45
12435.05 14461.01
12434.98 14460.96
12434.94 14460.94
12434.93 14460.93
12434.92 14460.92
12434.92 14460.92
12434.92 14460.92
12434.91 14460.92
12434.91 14460.92
12434.91 14460.92
12434.91 14460.92
12434.91 14460.92
12434.91 14460.92
12434.91 14460.92
12434.91 14460.92
12434.91 14460.92
12434.91 14460.92
12434.91 14460.92
12434.91 14460.92
12434.91 14460.92
12434.91 14460.92
12434.91 14460.92
12434.91 14460.92
12434.91 14460.92
12403.96 14441.51
12401.76 14440.14
12398.52 14438.14
12393.90 14435.29
12388.16 14431.73
12381.32 14427.50
12373.33 14422.56
12364.58 14417.15
12355.62 14411.61
12347.10 14406.34
12338.73 14401.16
12330.06 14395.81
12321.30 14390.39
12312.06 14384.72
12303.13 14379.33
12294.48 14374.11
12285.67 14368.79
12276.75 14363.07
12270.51 14358.20
12266.46 14355.04
12265.26 14354.10
12265.18 14354.04
12265.13 14354.01
12265.10 14353.98
12265.10 14353.98
12265.10 14353.98
12265.10 14353.98
12265.10 14353.98
12249.24 14345.79
12245.62 14347.73
12240.74 14350.36
12233.95 14354.01
12225.66 14358.48
12215.88 14363.74
12206.23 14368.93
12196.71 14374.06
12187.13 14379.00
12176.81 14384.24
12166.44 14389.28
12155.90 14394.39
12148.61 14397.94
12144.92 14399.73
12144.76 14399.81
12144.67 14399.85
12144.66 14399.86
12144.66 14399.86
12144.66 14399.86
12144.66 14399.86
12144.66 14399.86
12144.66 14399.86
12144.66 14399.86
12144.66 14399.86
12144.66 14399.86
12144.66 14399.86
12144.66 14399.86
12144.66 14399.86
12144.66 14399.86
12144.66 14399.86
12143.29 14400.52
12140.55 14401.85
12128.92 14395.95
12125.44 14388.82
12121.01 14379.72
12115.56 14368.56
12110.34 14357.84
12104.88 14346.64
12099.84 14336.23
12096.06 14325.20
12092.35 14313.84
12089.89 14301.72
12086.07 14289.51
12080.50 14277.85
12077.04 14265.96
12076.50 14253.78
12076.07 14241.80
12075.65 14229.78
12075.21 14217.49
12074.79 14205.72
12074.35 14193.43
12073.92 14181.25
12071.89 14166.06
12071.77 14154.69
12071.64 14142.28
12071.51 14130.17
12071.38 14118.34
12071.46 14106.11
12071.95 14094.68
12072.47 14082.63
12073.33 14071.25
12074.36 14059.77
12075.77 14038.04
12076.01 14026.36
12076.22 14015.76
12076.44 14004.90
12076.66 13994.09
12076.89 13983.02
12077.10 13972.25
12077.26 13964.70
12077.35 13960.23
12077.37 13959.14
12077.39 13958.28
12077.39 13958.25
12072.57 13955.29
12068.82 13955.61
12063.18 13956.08
12055.29 13956.75
12045.32 13957.60
12033.33 13958.62
12020.75 13959.54
12009.05 13960.35
11996.58 13961.22
11984.75 13962.04
11972.70 13962.87
11959.88 13963.77
11947.33 13964.64
11934.79 13965.51
11922.61 13966.22
11910.61 13966.80
11898.52 13967.38
11886.86 13967.94
11874.12 13968.55
11861.49 13969.15
11849.17 13969.82
11836.89 13970.50
11824.82 13971.17
11813.15 13971.82
11800.89 13972.50
11788.19 13973.19
11776.49 13973.83
11760.03 13977.48
11754.00 13985.80
11748.11 13994.56
11739.45 14004.84
11735.53 14011.74
11731.83 14018.50
11728.38 14025.98
11725.01 14033.28
11721.83 14040.18
11719.62 14044.96
11678.91 14018.02
11675.19 14012.19
11674.71 14005.29
11674.21 13998.03
11673.85 13992.90
11673.71 13989.59
11673.69 13988.03
11673.67 13987.06
11673.64 13985.24
11672.93 13944.27
11672.94 13942.66
11672.96 13940.63
11672.96 13939.54
11672.97 13939.27
11672.97 13938.64
11672.98 13937.53
11673.06 13921.58
11672.93 13914.14
11672.77 13904.57
11672.59 13893.99
11672.37 13881.17
11672.12 13866.39
11671.84 13850.31
11671.57 13831.90
11671.48 13822.59
11671.39 13813.38
11671.30 13803.53
11671.19 13791.91
11671.06 13778.53
11670.91 13763.44
11670.76 13747.99
11670.62 13734.12
11670.48 13718.98
11670.32 13703.11
11670.17 13687.89
11670.23 13668.11
11670.46 13658.88
11670.67 13650.59
11668.15 13637.23
11667.30 13633.49
11666.54 13630.13
11665.81 13626.91
11664.86 13622.70
11653.34 13612.19
11643.78 13607.62
11632.55 13601.96
11621.69 13596.50
11611.16 13591.20
11600.30 13585.74
11589.45 13580.45
11577.91 13575.16
11566.88 13570.17
11555.36 13564.95
11544.05 13559.83
11533.12 13554.89
11521.55 13549.65
11510.67 13544.72
11491.40 13535.70
11480.98 13530.52
11469.98 13525.05
11458.77 13519.48
11448.26 13514.25
11437.45 13508.88
11426.60 13503.78
11415.50 13499.09
11404.95 13494.31
11394.89 13489.11
11384.60 13483.78
11374.51 13478.56
11363.53 13472.88
11345.14 13463.53
11334.98 13458.39
11325.09 13453.39
11315.16 13448.37
11304.83 13443.23
11294.89 13438.34
11284.19 13433.08
11274.06 13428.11
11264.32 13423.32
11253.58 13418.05
11243.60 13413.14
11233.37 13408.12
11223.54 13403.29
11194.05 13389.12
11184.21 13384.35
11174.19 13379.49
11164.43 13374.76
11154.32 13369.85
11145.05 13365.36
11136.60 13357.60
11127.22 13353.05
11119.93 13349.52
11115.99 13347.61
11114.89 13347.08
11114.50 13346.89
11114.33 13346.81
11114.25 13346.77
11114.21 13346.75
11114.18 13346.73
11114.18 13346.73
11114.18 13346.73
11114.18 13346.73
11114.18 13346.73
11114.18 13346.73
11114.18 13346.73
11114.18 13346.73
11103.99 13341.67
11100.54 13339.93
11095.84 13337.38
11089.93 13334.03
11082.39 13329.76
11072.87 13324.38
11062.95 13318.76
11052.42 13312.80
11042.00 13306.68
11032.09 13300.81
11021.78 13294.68
11011.59 13288.63
10998.24 13280.82
10991.68 13277.01
10973.81 13266.55
10963.54 13260.52
10954.00 13254.91
10943.57 13248.78
10933.89 13243.10
10924.15 13237.34
10918.09 13233.41
10915.48 13231.72
10914.84 13231.30
10914.77 13231.26
10914.76 13231.25
10914.76 13231.25
10915.24 13217.95
10916.74 13215.04
10918.93 13210.81
10921.80 13205.25
10924.75 13199.55
10927.58 13194.08
10930.54 13188.34
10933.83 13181.99
10937.01 13175.83
10940.24 13169.59
10943.26 13163.74
10946.53 13157.41
10949.31 13152.04
10952.42 13146.01
10955.60 13139.86
10958.46 13134.34
10961.67 13128.13
10964.53 13122.59
10967.62 13116.61
10970.84 13110.38
10983.81 13105.95
10989.04 13108.66
10994.44 13111.46
10999.59 13114.13
11004.67 13116.76
11010.00 13119.52
