9206.76 17062.62
9206.07 17061.36
9204.74 17058.94
9202.70 17055.22
9200.06 17050.41
9196.53 17043.98
9193.01 17037.57
9191.03 17033.96
9190.27 17009.48
9192.38 17007.90
9193.37 17007.16
9201.92 17000.40
9206.67 16996.53
9210.79 16988.92
9218.15 16982.95
9227.00 16975.75
9246.44 16961.39
9257.91 16954.51
9269.22 16948.03
9280.95 16941.31
9291.59 16934.71
9302.39 16926.77
9312.78 16918.41
9322.84 16909.06
9332.21 16899.95
9341.65 16890.98
9351.70 16881.64
9361.97 16872.80
9372.22 16864.53
9382.06 16856.59
9392.59 16848.10
9402.60 16840.02
9412.46 16832.07
9422.61 16823.88
9432.78 16815.67
9443.43 16807.08
9453.75 16798.76
9464.19 16790.33
9474.10 16782.33
9484.24 16774.15
9494.69 16765.72
9504.73 16757.62
9524.14 16744.84
9533.36 16739.30
9542.36 16733.90
9551.69 16728.30
9563.34 16719.55
9573.00 16711.70
9582.41 16704.05
9591.88 16696.35
9601.62 16687.95
9611.82 16678.81
9622.12 16669.97
9631.93 16661.72
9641.75 16653.47
9651.77 16645.09
9662.04 16636.41
9671.42 16628.47
9680.53 16620.77
9688.68 16613.87
9701.72 16603.04
9709.59 16596.60
9717.57 16590.07
9725.47 16583.61
9733.05 16577.41
9740.45 16571.36
9748.11 16565.09
9760.92 16554.93
9769.06 16548.52
9776.63 16542.57
9784.60 16536.30
9792.02 16530.47
9799.88 16524.29
9807.66 16518.17
9815.41 16512.08
9823.13 16506.01
9831.16 16499.70
9839.01 16493.52
9847.07 16487.18
9854.79 16481.11
9863.28 16474.44
9871.34 16468.10
9879.57 16461.63
9892.81 16451.30
9899.04 16446.56
9905.37 16441.75
9911.60 16437.00
9917.98 16431.98
9923.97 16427.27
9930.11 16422.44
9936.28 16417.59
9942.28 16412.87
9948.04 16408.34
9954.22 16403.47
9960.86 16398.26
9967.15 16393.31
9973.82 16388.06
9988.82 16336.82
9993.09 16338.17
9997.51 16336.11
10001.33 16337.32
10014.67 16341.17
10019.78 16341.81
10023.12 16342.22
10026.92 16342.62
10039.10 16339.91
10044.87 16336.84
10050.69 16333.74
10056.64 16330.56
10060.13 16328.71
10060.66 16328.42
10060.73 16328.38
10060.74 16328.38
10067.50 16324.65
10067.56 16324.61
10071.17 16326.36
10073.83 16324.86
10077.08 16323.03
10082.12 16320.28
10087.26 16317.48
10092.85 16314.43
10097.11 16312.10
10102.26 16309.21
10107.15 16306.32
10112.50 16303.15
10117.11 16300.42
10122.21 16297.40
10127.90 16294.06
10132.58 16291.50
10136.76 16288.92
10141.17 16285.92
10145.91 16282.70
10150.66 16279.47
10154.48 16276.87
10159.51 16273.45
10166.85 16266.99
10175.68 16262.40
10184.06 16258.04
10191.96 16253.94
10202.86 16241.33
10206.65 16236.12
10209.26 16230.66
10210.99 16226.97
10216.40 16215.87
10216.43 16215.81
10223.12 16202.53
10224.90 16198.98
10227.04 16194.75
10232.52 16180.16
10237.75 16169.34
10243.78 16156.88
10249.42 16145.21
10254.31 16135.12
10259.86 16123.64
10264.96 16113.10
10269.41 16103.89
10273.54 16095.35
10277.98 16086.18
10282.86 16076.07
10287.04 16067.43
10291.42 16058.38
10296.41 16048.07
10300.89 16038.81
10304.93 16030.45
10313.18 16012.96
10317.24 16003.96
10321.33 15995.18
10325.61 15985.92
10329.60 15977.18
10333.50 15968.61
10337.36 15960.15
10341.45 15951.18
10345.66 15941.96
10349.65 15933.20
10353.91 15923.86
10358.15 15914.58
10362.14 15905.81
10366.45 15896.54
10374.43 15879.34
10377.96 15871.65
10381.45 15864.07
10384.80 15856.78
10388.64 15848.43
10392.15 15840.80
10400.39 15823.44
10404.95 15813.95
10409.07 15805.36
10413.53 15796.06
10417.53 15787.72
10421.71 15779.02
10425.48 15770.72
10429.78 15761.08
10433.73 15752.25
10437.52 15743.77
10442.01 15733.71
10445.89 15725.03
10449.74 15716.41
10453.87 15707.16
10458.13 15697.61
10462.48 15687.88
10466.53 15678.83
10471.35 15668.02
10475.23 15659.33
10478.72 15651.50
10482.26 15643.59
10485.83 15635.60
10489.29 15627.85
10493.07 15619.37
10502.56 15598.36
10505.55 15591.80
10513.06 15575.33
10516.43 15567.59
10519.89 15559.58
10523.46 15550.69
10526.06 15542.13
10528.06 15533.86
10528.98 15525.51
10529.36 15518.63
10529.37 15514.87
10540.89 15508.09
10548.40 15509.08
10557.74 15510.30
10569.34 15511.82
10582.72 15513.58
10596.45 15515.38
10609.17 15517.05
10622.37 15518.78
10635.93 15520.55
10648.49 15522.20
10661.64 15523.93
10674.48 15525.61
10688.21 15527.41
10701.16 15529.11
10713.45 15529.08
10724.98 15523.72
10736.49 15518.36
10748.66 15512.69
10761.06 15506.91
10773.04 15501.33
10785.34 15495.61
10802.88 15486.66
10812.80 15479.44
10822.08 15472.66
10831.50 15465.77
10841.48 15458.32
10850.78 15451.37
10860.10 15444.42
10879.90 15428.98
10889.81 15420.91
10899.06 15413.37
10908.75 15405.49
10918.43 15397.62
10926.44 15391.10
10931.52 15386.97
10934.51 15384.54
10934.84 15384.27
10934.94 15384.18
10934.96 15384.17
10934.96 15384.17
10934.96 15384.17
10934.96 15384.17
10934.96 15384.17
10934.96 15384.17
10934.96 15384.17
10934.96 15384.17
10934.96 15384.17
10934.96 15384.17
10946.17 15373.86
10948.76 15371.32
10952.47 15367.66
10957.62 15362.61
10963.71 15356.55
10970.68 15349.54
10978.88 15341.30
10986.62 15328.85
10995.13 15320.15
11003.55 15311.50
11019.77 15294.73
11024.12 15290.28
11041.05 15275.98
11048.96 15267.52
11057.24 15258.60
11065.67 15250.03
11073.80 15241.55
11082.49 15232.49
11090.86 15223.76
11104.37 15209.23
11111.97 15200.97
11119.88 15192.36
11127.36 15184.23
11135.48 15175.40
11157.01 15152.28
11164.13 15144.77
11171.44 15137.04
11179.06 15129.06
11185.92 15122.36
11190.37 15118.01
11192.58 15115.85
11192.72 15115.72
11192.72 15115.72
11192.72 15115.72
11192.72 15115.72
11198.46 15110.27
11200.44 15108.66
11203.38 15106.35
11220.69 15093.90
11228.64 15089.07
11237.95 15083.41
11247.59 15077.55
11262.53 15068.49
11271.01 15063.35
11287.36 15053.28
11298.18 15046.38
11308.82 15039.61
11318.86 15033.21
11329.54 15026.41
11339.92 15019.79
11356.45 15009.48
11367.56 15002.93
11378.26 14996.61
11389.17 14990.17
11399.61 14984.01
11410.04 14977.86
11417.21 14973.63
11420.80 14971.51
11421.31 14971.21
11421.36 14971.18
11421.36 14971.18
11428.25 14967.09
11431.05 14965.44
11433.97 14959.87
11440.21 14956.17
11448.34 14951.34
11458.06 14945.45
11468.73 14938.97
11482.19 14930.70
11497.19 14924.71
11507.48 14917.76
11517.78 14910.61
11528.45 14903.20
11538.63 14895.87
11549.30 14888.18
11564.52 14876.88
11574.32 14869.56
11584.66 14861.76
11595.23 14853.69
11605.52 14845.84
11615.50 14838.23
11625.63 14830.49
11636.22 14822.41
11653.77 14808.73
11663.72 14800.69
11674.13 14792.28
11684.27 14784.10
11694.56 14775.62
11704.65 14767.20
11714.11 14759.31
11724.15 14750.83
11733.97 14742.02
11743.49 14733.17
11752.48 14724.81
11767.48 14710.06
11774.78 14702.63
11782.28 14694.99
11794.70 14681.86
11803.81 14672.01
11812.58 14663.09
11820.53 14649.90
11824.54 14645.58
11827.26 14642.67
11828.74 14641.03
11829.16 14640.56
11829.23 14640.48
11829.26 14640.46
11829.26 14640.45
11829.27 14640.45
11829.27 14640.45
11829.27 14640.45
11829.27 14640.45
11829.27 14640.45
11829.27 14640.45
11829.27 14640.45
11829.27 14640.45
11829.27 14640.45
11829.27 14640.45
11829.27 14640.45
11829.27 14640.45
11829.27 14640.45
11829.27 14640.45
11829.27 14640.45
11829.27 14640.45
11829.27 14640.45
11829.27 14640.45
11829.27 14640.45
11829.27 14640.45
11829.27 14640.45
11829.27 14640.45
11829.27 14640.45
11829.27 14640.45
11854.57 14616.61
11856.49 14614.42
11859.44 14611.44
11863.41 14607.42
11868.57 14602.20
11873.87 14596.85
11877.49 14593.18
11889.64 14581.16
11898.36 14572.97
11907.37 14564.49
11916.31 14556.09
11925.41 14547.53
11934.92 14538.59
11944.53 14529.55
11956.33 14518.50
11966.39 14509.07
11976.49 14501.07
11986.93 14492.69
11997.26 14484.37
12007.69 14476.26
12018.62 14467.95
12029.75 14460.29
12041.21 14452.50
12052.52 14444.91
12064.29 14438.03
12076.65 14431.52
12088.30 14425.39
12100.38 14419.03
12110.76 14413.57
12118.59 14409.45
12122.55 14407.37
12123.46 14406.89
12123.47 14406.88
12123.48 14406.88
12123.49 14406.88
12123.49 14406.88
12123.49 14406.88
12123.49 14406.88
12123.49 14406.88
12123.49 14406.88
12123.49 14406.88
12123.49 14406.88
12123.49 14406.88
12123.49 14406.88
12123.49 14406.88
12123.49 14406.88
12123.49 14406.88
12123.49 14406.88
12123.49 14406.88
12123.49 14406.88
12123.49 14406.88
12123.49 14406.88
12123.49 14406.88
12123.49 14406.88
12123.49 14406.88
12124.50 14406.34
12127.03 14405.01
12139.66 14398.62
12145.65 14395.71
12153.68 14391.81
12162.17 14387.68
12171.67 14383.07
12182.12 14377.84
12193.40 14372.09
12204.31 14366.22
12214.85 14360.55
12225.74 14354.69
12236.85 14348.72
12244.43 14344.64
12275.13 14350.17
12283.06 14358.17
12291.90 14363.83
12301.20 14369.79
12310.76 14375.91
12319.90 14381.75
12329.24 14387.53
12338.66 14393.36
12349.85 14396.40
12359.01 14402.06
12368.39 14407.87
12378.09 14413.86
12387.37 14419.60
12396.87 14425.48
12403.57 14429.62
12407.56 14432.09
12408.49 14432.66
12408.74 14432.82
12408.84 14432.88
12408.91 14432.92
12408.91 14432.93
12408.92 14432.93
12440.06 14452.47
12443.34 14454.42
12448.02 14457.21
12454.21 14460.89
12461.33 14465.13
12469.78 14470.16
12478.96 14475.63
12488.73 14481.45
12498.48 14487.26
12508.14 14493.00
12515.29 14497.26
12519.81 14499.96
12521.21 14500.79
12521.24 14500.81
12521.25 14500.81
12521.25 14500.82
12521.25 14500.82
12521.25 14500.82
12521.25 14500.82
12521.25 14500.82
12521.25 14500.82
12521.25 14500.82
12521.25 14500.82
12521.25 14500.82
12521.25 14500.82
12521.25 14500.82
12521.25 14500.82
12521.25 14500.82
12521.25 14500.82
12521.25 14500.82
12521.25 14500.82
12521.25 14500.82
12521.25 14500.82
12521.25 14500.82
12534.32 14498.60
12536.91 14496.18
12540.60 14492.73
12545.80 14487.85
12552.23 14481.83
12559.60 14474.95
12567.96 14467.19
12576.60 14459.15
12585.17 14451.18
12594.04 14442.94
12602.10 14434.67
12610.01 14426.02
12637.57 14405.04
12643.56 14401.75
12650.12 14398.97
12666.51 14392.29
12678.06 14388.33
12689.71 14384.21
12701.99 14379.95
12714.08 14375.68
12725.58 14372.30
12737.15 14369.07
12745.51 14366.74
12749.98 14365.49
12751.16 14365.16
12751.92 14364.95
12752.11 14364.90
12752.18 14364.88
12752.20 14364.87
12752.21 14364.87
12752.22 14364.87
12752.22 14364.87
12752.22 14364.87
12752.22 14364.87
12752.22 14364.87
12752.22 14364.87
12752.88 14364.68
12755.48 14363.96
12759.01 14362.97
12781.48 14360.49
12787.86 14358.90
12795.41 14357.03
12803.96 14354.91
12813.77 14352.44
12824.15 14349.62
12832.24 14347.11
12836.96 14344.85
12839.23 14343.77
12839.92 14343.44
12839.98 14343.41
12841.02 14342.92
12842.86 14342.04
12846.41 14340.32
12850.43 14331.68
12849.46 14324.42
12848.45 14316.88
12847.57 14310.25
12846.63 14303.64
12845.68 14297.78
12844.61 14291.11
12843.55 14284.52
12842.51 14278.05
12841.57 14272.16
12840.43 14265.07
12839.48 14259.16
12838.43 14252.62
12837.29 14245.51
12836.30 14239.38
12835.32 14233.28
12834.22 14226.46
12833.12 14219.58
12830.85 14206.31
12829.41 14198.59
12828.19 14192.06
12826.88 14185.06
12825.82 14179.36
12824.81 14173.14
12823.86 14167.08
12822.63 14159.21
12821.70 14153.29
12820.64 14146.54
12819.50 14139.23
12818.86 14135.14
12817.97 14129.45
12816.96 14123.30
12814.53 14110.11
12813.32 14103.13
12812.12 14096.29
12811.02 14089.99
12809.79 14082.89
12808.51 14075.55
12807.36 14069.00
12806.35 14063.21
12805.43 14057.90
12804.44 14052.25
12803.40 14046.28
12802.37 14040.09
