14562.27 15238.46
14560.33 15239.29
14557.09 15240.69
14552.48 15242.67
14546.13 15245.39
14539.54 15248.23
14533.25 15250.93
14526.66 15253.76
14520.70 15256.32
14514.28 15259.08
14507.99 15261.78
14501.91 15264.39
14495.46 15267.16
14489.32 15269.80
14485.71 15271.35
14470.60 15275.54
14462.88 15277.12
14455.58 15278.61
14448.14 15280.12
14440.64 15281.43
14432.99 15282.41
14425.15 15283.41
14417.27 15284.42
14410.33 15285.31
14403.05 15286.09
14395.73 15286.76
14388.13 15287.45
14381.16 15288.09
14374.01 15288.74
14366.23 15289.45
14358.47 15290.16
14351.59 15290.79
14349.29 15298.80
14353.43 15306.13
14358.31 15314.77
14364.30 15325.35
14370.25 15335.89
14376.28 15346.55
14381.88 15356.47
14385.55 15362.96
14387.28 15366.02
14395.71 15382.02
14398.97 15387.91
14403.32 15394.95
14408.51 15403.52
14414.47 15413.64
14420.55 15423.95
14426.69 15434.37
14432.77 15444.53
14437.49 15451.97
14440.21 15456.85
14432.48 15465.81
14423.05 15467.11
14411.60 15468.53
14398.48 15470.11
14384.87 15471.74
14371.39 15473.35
14357.80 15474.93
14343.93 15476.55
14330.85 15478.07
14317.99 15479.57
14304.41 15480.50
14290.95 15481.42
14277.14 15482.36
14264.35 15483.24
14251.25 15484.13
14238.33 15485.49
14225.62 15487.51
14211.98 15487.75
14198.36 15487.98
14179.21 15487.79
14173.55 15487.75
14169.07 15487.85
14166.34 15487.91
14122.60 15486.62
14120.80 15486.51
14111.82 15486.26
14099.20 15486.31
14086.61 15486.60
14072.85 15486.84
14059.91 15486.89
14046.63 15486.99
14033.24 15486.39
14014.28 15480.61
14006.20 15480.54
14000.87 15478.09
13997.76 15476.53
13996.84 15475.96
13996.59 15475.80
13996.57 15475.79
13996.57 15475.79
13996.57 15475.79
13982.41 15465.87
13980.59 15464.26
13977.80 15461.79
13974.14 15458.57
13963.04 15449.14
13954.56 15442.05
13944.27 15435.24
13932.96 15428.79
13921.80 15423.00
13909.93 15417.52
13897.91 15411.98
13885.76 15406.37
13873.97 15400.93
13856.48 15394.69
13844.64 15389.26
13835.60 15381.49
13824.60 15376.43
13807.64 15366.83
13796.73 15361.82
13785.51 15356.22
13774.57 15350.71
13762.97 15344.88
13751.36 15339.03
13740.37 15333.25
13729.04 15327.63
13705.00 15315.94
13691.86 15313.17
13680.21 15307.44
13667.85 15301.37
13656.45 15295.78
13645.12 15290.21
13633.82 15284.01
13622.29 15278.01
13611.19 15271.60
13596.13 15267.05
13585.30 15261.11
13577.22 15256.67
13570.30 15250.68
13569.11 15250.00
13569.00 15249.94
13568.94 15249.91
13568.94 15249.91
13568.94 15249.91
13568.94 15249.91
13560.10 15243.10
13556.80 15241.25
13552.03 15238.61
13545.22 15234.87
13536.85 15230.28
13526.45 15224.57
13515.03 15218.10
13503.75 15211.57
13492.83 15205.25
13481.68 15198.80
13470.30 15192.21
13459.75 15186.11
13448.83 15179.78
13438.21 15173.38
13426.92 15166.58
13416.14 15160.10
13405.72 15153.82
13396.72 15144.60
13385.41 15137.92
13360.40 15122.68
13350.12 15116.36
13339.49 15109.83
13328.56 15103.11
13318.29 15096.80
13308.22 15090.62
13298.31 15084.53
13287.73 15078.03
13277.49 15071.74
13266.79 15065.16
13255.96 15058.51
13244.91 15051.72
13234.55 15045.35
13226.09 15040.15
13220.50 15036.72
13217.09 15034.62
13216.99 15034.56
13208.24 15029.32
13207.89 15029.11
13197.72 15023.02
13197.64 15022.97
13188.32 15017.37
13182.23 15013.70
13174.87 15009.16
13166.28 15003.79
13155.80 14997.16
13145.31 14990.43
13138.14 14985.83
13134.42 14983.45
13132.43 14982.17
13129.86 14980.52
13120.68 14974.36
13114.91 14970.35
13108.28 14965.73
13099.71 14959.77
13091.02 14953.73
13082.60 14947.87
13072.86 14941.09
13063.24 14934.44
13054.11 14928.17
13044.67 14921.70
13035.34 14915.30
13026.08 14908.95
13017.35 14903.70
13006.37 14899.91
12987.36 14894.78
12981.66 14893.69
12963.33 14881.85
12955.96 14872.05
12949.45 14862.41
12945.01 14855.85
12942.69 14852.42
12941.99 14851.39
12941.82 14851.14
12941.73 14851.00
12941.71 14850.98
12941.71 14850.97
12941.70 14850.97
12941.70 14850.96
12941.70 14850.96
12941.70 14850.96
12941.70 14850.96
12941.70 14850.96
12941.70 14850.96
12941.70 14850.96
12941.70 14850.96
12941.70 14850.96
12941.70 14850.96
12941.70 14850.96
12941.70 14850.96
12941.70 14850.96
12941.70 14850.96
12941.70 14850.96
12941.70 14850.96
12941.70 14850.96
12941.70 14850.96
12941.70 14850.96
12941.70 14850.96
12941.70 14850.96
12941.70 14850.96
12941.70 14850.96
12941.70 14850.96
12941.70 14850.96
12941.70 14850.96
12941.70 14850.96
12941.70 14850.96
12941.70 14850.96
12941.70 14850.96
12941.70 14850.96
12941.70 14850.96
12941.70 14850.96
12941.70 14850.96
12941.70 14850.96
12941.70 14850.96
12941.70 14850.96
12941.70 14850.96
12941.70 14850.96
12941.70 14850.96
12941.70 14850.96
12941.70 14850.96
12941.70 14850.96
12941.70 14850.96
12941.70 14850.96
12941.70 14850.96
12941.70 14850.96
12941.70 14850.96
12941.70 14850.96
12941.70 14850.96
12941.70 14850.96
12941.70 14850.96
12941.70 14850.96
12941.70 14850.96
12941.70 14850.96
12941.70 14850.96
12941.70 14850.96
12941.70 14850.96
12941.70 14850.96
12941.70 14850.96
12941.70 14850.96
12941.70 14850.96
12941.70 14850.96
12941.70 14850.96
12941.70 14850.96
12941.70 14850.96
12941.70 14850.96
12941.70 14850.96
12941.70 14850.96
12941.70 14850.96
12941.70 14850.96
12941.70 14850.96
12941.70 14850.96
12941.54 14850.72
12941.38 14850.49
12941.31 14850.38
12941.29 14850.35
12941.28 14850.34
12941.28 14850.34
12941.28 14850.34
12940.10 14848.58
12945.66 14833.24
12947.88 14827.03
12954.03 14822.93
12961.12 14818.07
12969.26 14811.70
12979.08 14805.04
12989.18 14798.27
12996.51 14793.35
13000.63 14790.58
13002.01 14789.66
13002.69 14789.20
13002.83 14789.11
13002.84 14789.10
13002.85 14789.10
13002.85 14789.10
13002.85 14789.09
13002.85 14789.09
13002.85 14789.09
13002.85 14789.09
13002.85 14789.09
13002.85 14789.09
13002.85 14789.09
13002.85 14789.09
13002.85 14789.09
13002.85 14789.09
13002.95 14789.03
13003.17 14788.88
13005.13 14787.56
13008.03 14785.62
13011.93 14783.00
13016.83 14779.71
13022.97 14775.60
13030.31 14770.69
13037.56 14759.80
13029.78 14748.88
13022.09 14738.08
13014.87 14727.95
13007.46 14717.55
13000.26 14707.44
12992.80 14696.74
12985.31 14685.93
12977.98 14675.24
12971.32 14664.70
12964.24 14653.36
12957.90 14642.52
12953.37 14634.78
12949.26 14627.76
12947.24 14624.30
12952.33 14626.45
12956.49 14633.58
12961.70 14642.48
12967.89 14653.08
12974.82 14664.06
12981.79 14675.06
12989.43 14686.09
12996.75 14696.64
13004.43 14707.61
13011.87 14718.05
13019.51 14728.78
13026.81 14739.03
13034.31 14749.56
