10413.78 16528.44
10412.64 16529.05
10410.13 16530.41
10406.56 16532.41
10401.47 16535.25
10395.23 16538.74
10387.81 16543.34
10379.32 16548.95
10369.53 16555.43
10359.82 16561.84
10350.07 16568.29
10340.12 16575.53
10330.85 16583.28
10321.76 16590.88
10313.83 16597.50
10309.04 16601.51
10308.66 16597.53
10315.79 16591.57
10324.11 16584.61
10333.15 16577.05
10342.20 16569.54
10352.54 16562.70
10362.07 16556.39
10372.01 16549.82
10382.01 16543.21
10392.06 16536.73
10402.85 16530.70
10410.08 16526.68
10413.76 16524.72
10414.93 16524.10
10414.94 16524.09
10414.95 16524.09
10414.95 16524.09
10414.95 16524.09
10414.95 16524.09
10414.95 16524.09
10414.95 16524.09
10414.95 16524.09
10414.95 16524.09
10414.95 16524.09
10414.95 16524.09
10414.95 16524.09
10414.95 16524.09
10414.95 16524.09
10414.95 16524.09
10414.95 16524.09
10414.95 16524.09
10414.95 16524.09
10414.95 16524.09
10414.95 16524.09
10414.95 16524.09
10414.95 16524.09
10414.95 16524.09
10433.03 16514.81
10436.06 16513.30
10440.84 16510.92
10445.84 16504.76
10453.76 16500.83
10463.60 16495.95
10473.38 16491.09
10482.76 16486.43
10500.59 16477.12
10508.92 16472.37
10517.42 16467.42
10535.99 16460.16
10546.01 16453.88
10556.83 16447.09
10567.41 16440.46
10577.70 16434.01
10587.61 16427.78
10598.22 16421.08
10608.30 16414.62
10618.27 16408.08
10628.90 16401.10
10638.74 16394.65
10648.84 16387.83
10659.45 16380.58
10669.14 16373.67
10677.14 16367.74
10681.83 16364.49
10683.28 16363.55
10683.38 16363.48
10683.43 16363.45
10683.45 16363.44
10683.47 16363.43
10683.47 16363.43
10693.48 16356.96
10696.80 16354.84
10701.98 16351.55
10708.70 16347.17
10717.01 16341.65
10726.90 16335.30
10737.62 16328.52
10748.61 16321.57
10759.59 16314.63
10770.40 16307.83
10780.73 16301.37
10791.77 16294.37
10802.17 16287.75
10812.70 16280.76
10823.49 16273.58
10833.71 16266.78
10848.05 16257.02
10856.95 16250.90
10864.34 16245.86
10870.30 16241.81
10884.42 16232.32
10891.70 16227.46
10898.64 16222.83
10907.26 16217.08
10914.90 16211.98
10933.73 16199.35
10943.17 16192.96
10951.53 16187.31
10960.42 16181.29
10967.93 16176.21
10976.38 16170.49
10985.23 16164.50
10993.72 16158.74
11002.43 16152.82
11011.30 16146.82
11019.64 16141.56
11036.87 16130.22
11044.36 16125.03
11053.01 16119.03
11061.83 16113.06
11069.50 16108.02
11078.02 16102.42
11091.91 16093.40
11100.80 16087.67
11109.37 16082.15
11117.98 16076.61
11127.93 16070.20
11136.37 16064.77
11145.54 16058.86
11157.94 16050.48
11163.61 16046.46
11177.85 16036.64
11183.97 16032.49
11196.22 16024.07
11204.32 16018.45
11211.97 16013.15
11220.04 16007.55
11227.77 16002.18
11240.88 15993.34
11248.15 15988.55
11252.83 15985.65
11255.94 15983.72
11256.34 15983.47
11256.36 15983.46
11256.37 15983.45
11256.37 15983.45
11256.37 15983.45
11257.39 15982.82
11259.37 15981.59
11267.95 15976.27
11273.45 15972.87
11280.29 15968.64
11288.94 15963.12
11298.13 15957.13
11307.75 15950.87
11317.70 15944.40
11327.42 15938.07
11336.24 15932.33
11350.89 15922.81
11359.30 15917.35
11367.96 15911.73
11376.24 15906.35
11384.74 15900.86
11392.37 15895.93
11400.40 15890.74
11410.49 15884.56
11411.86 15883.71
11412.37 15883.40
11412.40 15883.38
11412.41 15883.37
11412.42 15883.37
11412.42 15883.37
11412.42 15883.36
11412.42 15883.36
11412.42 15883.36
11412.42 15883.36
11412.42 15883.36
11412.42 15883.36
11412.69 15883.20
11413.51 15882.70
11414.92 15881.82
11417.08 15880.51
11441.60 15864.98
11448.81 15860.47
11457.68 15854.92
11466.36 15849.50
11474.39 15844.48
11482.45 15839.44
11490.82 15834.20
11498.46 15829.42
11505.99 15824.71
11519.93 15815.99
11528.25 15810.79
11536.57 15805.59
11545.52 15799.99
11556.60 15793.03
11564.30 15788.28
11571.49 15783.89
11579.67 15778.90
11587.02 15774.42
11593.18 15770.66
11597.33 15768.13
11599.35 15766.84
11599.62 15766.66
11599.67 15766.62
11599.70 15766.61
11599.70 15766.60
11599.70 15766.60
11599.70 15766.60
11599.70 15766.60
11599.70 15766.60
11599.70 15766.60
11599.70 15766.60
11599.70 15766.60
11599.70 15766.60
11599.70 15766.60
11599.70 15766.60
11599.70 15766.60
11599.70 15766.60
11600.21 15766.26
11601.27 15765.55
11603.24 15764.24
11606.20 15762.26
11606.77 15761.88
11606.97 15761.75
11607.01 15761.72
11607.01 15761.72
11607.02 15761.72
11607.02 15761.72
11607.02 15761.72
11607.02 15761.72
11607.02 15761.72
11607.02 15761.72
11607.94 15761.10
11609.95 15759.76
11610.66 15759.28
11610.67 15759.28
11610.68 15759.27
11610.68 15759.27
11610.68 15759.27
11610.68 15759.27
11610.68 15759.27
11610.68 15759.27
11610.68 15759.27
11610.68 15759.27
11610.68 15759.27
11610.68 15759.27
11610.68 15759.27
11643.38 15738.42
11645.14 15737.34
11647.59 15735.84
11650.83 15733.85
11655.19 15731.18
11660.52 15727.92
11666.66 15724.15
11672.40 15720.64
11676.65 15718.21
11678.85 15717.04
11679.04 15716.95
11679.06 15716.94
11679.06 15716.93
11679.06 15716.93
11679.06 15716.93
11679.06 15716.93
11679.06 15716.93
11679.06 15716.93
11679.06 15716.93
11679.06 15716.93
11679.06 15716.93
11679.06 15716.93
11679.06 15716.93
11679.06 15716.93
11679.06 15716.93
11679.06 15716.93
11705.50 15696.42
11706.75 15694.44
11708.92 15691.03
11712.74 15686.87
11717.80 15682.48
11723.95 15677.14
11730.62 15671.65
11743.23 15661.12
11750.92 15654.48
11758.53 15648.06
11772.18 15636.27
11777.34 15631.63
11781.18 15628.27
11783.21 15626.56
11783.47 15626.34
11783.64 15626.20
11783.66 15626.18
11783.66 15626.18
11783.66 15626.18
11783.66 15626.18
11783.66 15626.18
11783.66 15626.18
11783.66 15626.18
11783.66 15626.18
11783.66 15626.18
11783.66 15626.18
11783.66 15626.18
11783.66 15626.18
11801.86 15610.85
11804.38 15608.73
11808.02 15605.68
11812.95 15601.54
11819.17 15596.33
11826.76 15589.96
11834.78 15583.22
11842.85 15576.45
11859.07 15563.46
11868.50 15556.15
11877.07 15549.51
11886.12 15542.50
11895.57 15535.17
11904.52 15528.32
11913.25 15521.81
11921.36 15515.62
11926.72 15511.38
11941.66 15500.55
11948.75 15495.78
11956.53 15490.55
11964.72 15485.03
11973.07 15479.42
11987.12 15469.74
11996.70 15463.08
12005.95 15456.98
12016.10 15450.54
12034.33 15439.38
12042.68 15433.94
12051.31 15428.32
12059.45 15423.01
12067.80 15417.57
12075.81 15412.36
12081.83 15408.44
12085.68 15405.93
12086.64 15405.30
12087.65 15404.63
12089.85 15403.13
12111.31 15388.40
12114.76 15385.89
12119.05 15382.75
12124.34 15378.89
12130.53 15374.37
12137.40 15369.35
12147.01 15362.80
12152.95 15358.92
12159.13 15354.99
12172.12 15347.84
12181.46 15342.93
12191.15 15337.84
12199.74 15333.26
12209.40 15327.76
12218.66 15321.78
12227.65 15315.97
12236.50 15310.26
12245.24 15304.61
12253.74 15299.12
12261.51 15294.10
12266.88 15290.62
12269.90 15288.68
12273.81 15286.15
12275.20 15285.25
12275.70 15284.93
12275.85 15284.83
12275.90 15284.80
12275.91 15284.79
12275.91 15284.79
12275.91 15284.79
12275.91 15284.79
12275.91 15284.79
12275.91 15284.79
12275.91 15284.79
12275.91 15284.79
12275.91 15284.79
12301.44 15270.73
12302.35 15270.11
12303.64 15269.20
12305.33 15268.01
12307.43 15266.52
12314.93 15259.20
12323.43 15253.33
12333.80 15244.34
12343.78 15238.18
12353.69 15232.05
12362.97 15226.32
12372.31 15220.55
12382.19 15214.33
12392.12 15207.99
12401.44 15201.98
12410.75 15195.98
12420.40 15189.76
12429.71 15183.76
12439.13 15177.69
12448.40 15171.71
12458.36 15165.29
12466.17 15160.26
12470.67 15157.36
12472.87 15155.88
12472.89 15155.87
12472.89 15155.87
12472.89 15155.87
12472.89 15155.87
12472.89 15155.87
12472.89 15155.87
12472.89 15155.87
12472.89 15155.87
12472.89 15155.87
12472.89 15155.87
12472.89 15155.87
12472.89 15155.87
12472.89 15155.87
12472.89 15155.87
12472.89 15155.87
12472.89 15155.87
12472.89 15155.87
12472.89 15155.87
12472.89 15155.87
12472.89 15155.87
12472.89 15155.87
12472.89 15155.87
12472.89 15155.87
12472.89 15155.87
12505.54 15134.53
12507.48 15133.37
12510.43 15131.58
12514.51 15129.12
12519.36 15126.20
12525.08 15122.74
12545.43 15110.44
12555.48 15104.24
12565.16 15098.26
12575.29 15091.21
12585.17 15084.24
12594.37 15077.76
12604.17 15070.84
12614.05 15063.83
12623.55 15056.83
12633.66 15051.92
12651.27 15043.55
12657.82 15037.23
12669.57 15025.95
12679.56 15018.93
12689.83 15011.73
12700.28 15004.40
12710.79 14997.03
12721.38 14989.59
12731.94 14982.19
12741.66 14975.37
12752.07 14968.06
12762.27 14960.90
12772.50 14953.73
12783.08 14946.30
12793.42 14939.05
12801.30 14933.52
12806.93 14929.57
12809.33 14927.89
12809.46 14927.79
12809.52 14927.75
12809.52 14927.75
12809.52 14927.75
12809.52 14927.75
12809.52 14927.75
12819.20 14921.03
12821.29 14919.60
12824.86 14917.15
12829.85 14913.72
12836.23 14909.34
12843.83 14904.12
12853.21 14897.68
12867.60 14888.05
12877.21 14881.85
12885.53 14876.49
12891.38 14872.71
12894.05 14870.99
12894.58 14870.64
12895.04 14870.35
12895.05 14870.34
12895.06 14870.34
12895.06 14870.34
12895.06 14870.34
12895.06 14870.34
12895.06 14870.34
12895.06 14870.34
12895.06 14870.34
12895.06 14870.34
12895.06 14870.34
12895.06 14870.34
12895.06 14870.34
12895.06 14870.34
12895.06 14870.34
12895.06 14870.34
12895.06 14870.34
12895.06 14870.34
12895.06 14870.34
12895.06 14870.34
12895.06 14870.34
12895.06 14870.34
12895.06 14870.34
12895.06 14870.34
12895.06 14870.34
12895.06 14870.34
12895.06 14870.34
12895.06 14870.34
12895.06 14870.34
12895.06 14870.34
12895.06 14870.34
12895.06 14870.34
12895.06 14870.34
12895.06 14870.34
12895.06 14870.34
12895.06 14870.34
12895.12 14870.30
12895.65 14869.96
12896.84 14869.19
12899.65 14867.37
12903.40 14864.96
12906.79 14862.77
12911.22 14859.91
12916.65 14856.41
12923.36 14852.09
12944.95 14829.43
12953.84 14823.06
12963.44 14816.25
12971.58 14810.08
12979.97 14804.45
12989.16 14798.28
12997.76 14792.51
13005.36 14787.41
13009.65 14784.53
13013.55 14781.92
13015.08 14780.89
13015.39 14780.68
13015.58 14780.55
13015.63 14780.52
13015.67 14780.49
13015.68 14780.48
13015.69 14780.48
13015.69 14780.48
13015.69 14780.48
13015.69 14780.48
13015.69 14780.48
13015.69 14780.48
13015.69 14780.48
13015.69 14780.48
13015.69 14780.48
13015.69 14780.48
13015.69 14780.48
13015.69 14780.48
13015.69 14780.48
13015.69 14780.48
13015.69 14780.48
13015.69 14780.48
13015.69 14780.48
13015.69 14780.48
13015.69 14780.48
13015.69 14780.48
13015.69 14780.48
13015.69 14780.48
13015.69 14780.48
13015.69 14780.48
13015.69 14780.48
13015.69 14780.48
13015.69 14780.48
13015.69 14780.48
13015.69 14780.48
13015.69 14780.48
13015.69 14780.48
13015.69 14780.48
13015.69 14780.48
13015.69 14780.48
13015.69 14780.48
13015.69 14780.48
13015.69 14780.48
13015.69 14780.48
13015.69 14780.48
13015.69 14780.48
13015.69 14780.48
13015.69 14780.48
13015.69 14780.48
13015.69 14780.48
13015.69 14780.48
13015.69 14780.48
13015.98 14780.28
13017.00 14779.60
13019.28 14778.07
13022.59 14775.85
13027.61 14772.48
13034.07 14768.24
13047.04 14763.36
13059.36 14754.27
13070.42 14747.88
13081.41 14741.78
13092.62 14736.29
13102.66 14732.14
13113.45 14727.37
13123.91 14722.62
13135.56 14718.90
13146.32 14716.47
13164.45 14713.02
13174.52 14711.63
13184.65 14709.72
13195.94 14706.83
13205.82 14703.45
13216.13 14699.52
13225.35 14691.29
13233.91 14686.49
13243.32 14681.21
13252.04 14676.28
13261.47 14669.42
13268.50 14664.33
13273.56 14660.91
13275.28 14659.87
13276.30 14659.25
13276.65 14659.04
13276.83 14658.94
13276.92 14658.88
13276.96 14658.85
13276.97 14658.85
13276.97 14658.85
13276.97 14658.85
13277.26 14658.67
13278.43 14657.97
13281.46 14656.13
13286.45 14653.12
13291.66 14649.97
13298.10 14646.07
13288.52 14634.58
13283.36 14630.38
13279.52 14625.44
13276.38 14619.92
13273.67 14614.45
13270.94 14608.47
13268.50 14602.95
13266.04 14597.35
13263.95 14591.92
13261.82 14585.90
13259.62 14579.68
13257.41 14573.45
13255.48 14567.98
13253.47 14562.32
13251.21 14555.91
13245.64 14556.88
13239.72 14558.81
13233.72 14560.75
13227.69 14562.69
13222.00 14564.51
13216.44 14566.30
13207.20 14583.99
13200.18 14586.06
13191.97 14588.48
13182.63 14591.23
13171.68 14594.45
13161.55 14597.44
13150.85 14600.59
13132.41 14603.10
13121.27 14603.68
13109.94 14604.28
13099.12 14604.82
13087.62 14605.20
