4846.00 14525.42
4847.17 14524.99
4849.49 14524.13
4853.57 14522.62
4859.07 14520.59
4866.02 14518.02
4874.24 14514.98
4883.92 14511.40
4894.09 14507.64
4904.69 14505.52
4915.90 14504.72
4927.09 14504.23
4938.27 14503.75
4948.68 14504.08
4960.05 14503.49
4970.89 14502.94
4981.41 14502.40
4989.09 14502.00
5008.74 14501.95
5019.22 14502.11
5029.66 14502.28
5040.67 14502.45
5051.33 14502.62
5062.51 14502.80
5073.57 14502.98
5084.57 14503.15
5096.08 14503.34
5107.09 14503.51
5118.06 14503.69
5129.16 14503.97
5140.03 14504.27
5151.03 14504.57
5157.84 14504.76
5170.59 14498.61
5175.20 14489.16
5180.04 14479.21
5185.23 14468.63
5190.21 14458.62
5195.37 14448.33
5200.49 14438.36
5205.71 14428.22
5211.16 14417.63
5217.42 14408.68
5224.77 14400.30
5232.61 14392.21
5242.38 14385.88
5251.88 14383.20
5258.46 14381.88
5263.60 14374.37
5262.78 14367.64
5262.32 14360.08
5262.08 14355.48
5262.45 14352.56
5262.49 14352.26
5262.49 14352.24
5262.50 14352.23
5262.50 14352.23
5262.50 14352.23
5262.50 14352.23
5262.50 14352.23
5266.38 14336.68
5266.79 14335.33
5267.38 14333.33
5268.27 14330.84
5269.26 14327.84
5275.79 14309.16
5277.58 14305.43
5278.88 14302.70
5279.69 14301.02
5288.38 14285.93
5291.90 14293.20
5295.60 14300.83
5299.49 14308.86
5313.27 14313.52
5323.81 14312.05
5333.80 14310.66
5344.65 14309.37
5355.69 14308.20
5365.96 14307.28
5376.01 14307.18
5386.20 14307.27
5396.82 14307.21
5407.78 14307.06
5418.19 14306.37
5428.44 14305.64
5439.18 14304.56
5449.14 14302.98
5460.25 14302.02
5470.96 14302.72
5481.08 14303.62
5492.00 14304.58
5502.16 14305.48
5538.39 14308.60
5549.03 14309.29
5559.76 14309.69
5570.96 14309.84
5582.23 14309.64
5593.62 14309.43
5604.82 14309.23
5615.75 14309.03
5626.38 14308.83
5637.07 14308.64
5647.78 14308.44
5658.74 14308.25
5669.34 14307.37
5680.48 14306.13
5691.29 14304.52
5701.88 14303.21
5712.43 14302.42
5723.41 14301.69
5734.09 14301.17
5745.19 14300.62
5756.05 14300.24
5767.01 14300.44
5777.83 14300.40
5788.35 14300.18
5800.01 14299.83
5810.54 14299.22
5821.47 14298.58
5832.90 14297.91
5843.61 14297.29
5855.00 14296.62
5866.03 14295.98
5876.89 14295.35
5887.36 14294.73
5898.42 14294.09
5909.33 14293.45
5920.80 14292.78
5932.21 14292.12
5942.73 14291.65
5954.34 14291.14
5965.34 14290.65
5976.17 14290.18
5987.76 14289.66
5999.40 14289.15
6009.93 14288.68
6019.21 14287.80
6025.71 14287.10
6028.00 14286.85
6028.25 14286.83
6028.29 14286.82
6028.30 14286.82
6028.30 14286.82
6028.30 14286.82
6028.30 14286.82
6028.30 14286.82
6028.30 14286.82
6028.30 14286.82
6028.30 14286.82
6028.30 14286.82
6028.30 14286.82
6028.30 14286.82
6028.30 14286.82
6028.30 14286.82
6028.30 14286.82
6028.30 14286.82
6028.30 14286.82
6028.30 14286.82
6028.30 14286.82
6028.30 14286.82
6028.30 14286.82
6028.30 14286.82
6028.30 14286.82
6028.30 14286.82
6028.30 14286.82
6028.30 14286.82
6028.30 14286.82
6028.30 14286.82
6028.30 14286.82
6028.30 14286.82
6028.30 14286.82
6028.30 14286.82
6028.30 14286.82
6028.30 14286.82
6028.30 14286.82
6028.30 14286.82
6028.30 14286.82
6028.30 14286.82
6028.30 14286.82
6028.30 14286.82
6028.30 14286.82
6028.30 14286.82
6028.30 14286.82
6054.08 14284.07
6056.98 14283.77
6061.44 14283.29
6067.52 14282.65
6075.08 14281.84
6084.19 14280.87
6093.42 14279.89
6102.01 14278.97
6110.63 14278.05
6119.33 14277.12
6136.01 14274.90
6140.98 14274.42
6144.28 14274.09
6145.76 14273.94
6161.43 14276.08
6163.74 14275.94
6166.55 14275.77
6168.90 14275.63
6170.09 14275.56
6187.78 14271.60
6195.00 14271.58
6203.92 14271.55
6213.47 14271.53
6223.95 14271.50
6245.17 14270.96
6256.44 14270.59
6268.07 14270.20
6278.72 14269.85
6289.48 14269.50
6301.13 14269.12
6312.46 14268.75
6323.62 14268.39
6334.94 14268.02
6346.58 14267.64
6357.77 14267.04
6369.49 14265.98
6422.29 14260.36
6422.32 14260.36
6422.34 14260.36
6422.37 14260.35
6422.40 14260.35
6422.42 14260.35
6422.43 14260.35
6422.43 14260.35
6422.45 14260.35
6422.46 14260.35
6449.76 14259.95
6453.17 14259.82
6456.48 14259.69
6458.62 14259.61
6460.75 14259.52
6462.73 14259.45
6482.52 14258.49
6492.34 14257.76
6503.50 14256.89
6514.20 14256.06
6525.13 14255.21
6536.43 14254.33
6547.95 14253.45
6558.51 14252.74
6569.98 14251.97
6581.22 14251.22
6592.06 14250.49
6602.25 14249.80
6613.21 14249.07
6636.02 14247.84
6646.07 14247.33
6657.05 14246.78
6667.69 14246.24
6677.37 14245.76
6687.38 14245.25
6698.91 14244.67
6708.97 14244.17
6719.84 14243.62
6729.22 14243.15
6739.70 14242.62
6750.05 14242.10
6761.13 14241.55
6771.27 14241.04
6782.69 14240.46
6793.50 14239.92
6804.75 14239.35
6815.79 14238.80
6825.84 14238.29
6836.26 14237.77
6846.75 14237.24
6857.59 14236.70
6878.53 14235.57
6887.12 14235.08
6896.03 14234.58
6905.16 14234.06
6915.07 14233.50
6924.86 14232.95
6934.65 14232.39
6943.06 14231.91
6952.70 14231.37
6971.97 14230.19
6983.32 14229.47
6994.47 14228.77
7004.50 14228.13
7014.86 14227.48
7025.39 14226.81
7035.80 14226.13
7046.47 14225.37
7060.92 14226.09
7072.00 14225.45
7082.63 14224.84
7093.72 14224.19
7104.70 14223.56
7115.62 14222.93
7126.34 14222.34
7137.43 14221.74
7147.69 14221.18
7161.52 14221.83
7171.78 14220.72
7181.96 14219.77
7192.43 14219.15
7202.81 14218.54
7213.76 14217.89
7224.66 14217.25
7236.00 14216.58
7246.41 14215.82
7257.02 14215.02
7268.23 14214.18
7279.32 14213.35
7289.76 14212.57
7300.03 14211.80
7311.57 14207.62
7322.86 14206.78
7333.64 14205.97
7344.49 14205.15
7351.15 14205.47
7353.93 14205.95
7354.74 14206.09
7354.93 14206.12
7355.01 14206.14
7355.04 14206.14
7355.05 14206.14
7355.05 14206.14
7355.05 14206.14
7355.05 14206.14
7355.05 14206.14
7355.05 14206.14
7355.05 14206.14
7355.87 14206.28
7358.12 14206.67
7362.62 14207.77
7364.73 14208.29
7365.12 14208.39
7365.38 14208.45
7365.45 14208.47
7365.48 14208.47
7365.50 14208.48
7365.50 14208.48
7365.50 14208.48
7365.50 14208.48
7365.50 14208.48
7365.50 14208.48
7365.50 14208.48
7365.50 14208.48
7365.50 14208.48
7365.50 14208.48
7365.50 14208.48
7365.50 14208.48
7365.50 14208.48
7365.50 14208.48
7365.50 14208.48
7365.50 14208.48
7365.50 14208.48
7382.10 14215.30
7385.69 14216.28
7391.46 14217.85
7398.62 14218.73
7407.15 14218.98
7417.25 14218.72
7428.31 14218.44
7439.78 14218.14
7450.56 14217.87
7461.79 14217.58
7472.63 14217.30
7483.76 14217.02
7494.66 14216.61
7506.13 14216.09
7517.24 14215.60
7527.60 14215.14
7539.08 14214.62
7549.45 14214.16
7560.75 14213.89
7571.58 14213.71
7582.20 14213.36
7606.28 14212.14
7614.41 14211.67
7626.34 14210.64
7637.44 14209.44
7649.23 14206.86
7661.06 14204.96
7672.23 14203.71
7683.32 14202.76
7694.62 14202.11
7705.63 14201.70
7716.71 14201.32
7727.75 14200.93
7738.43 14200.56
7749.55 14200.17
7760.91 14199.77
7773.04 14199.34
7785.11 14198.92
7796.25 14198.53
7808.41 14198.11
7820.25 14197.69
7831.33 14197.30
7843.41 14196.88
7854.95 14196.48
7866.47 14196.07
7878.06 14195.67
7889.03 14195.28
7906.15 14194.71
7917.31 14194.41
7928.97 14194.09
7940.10 14193.79
7951.24 14193.49
7962.43 14193.19
7974.26 14192.87
7985.69 14192.56
7997.54 14192.25
8008.87 14191.94
8020.41 14191.63
8032.25 14191.31
8043.90 14191.00
8056.04 14190.67
8067.79 14190.35
8079.61 14190.03
8091.07 14189.73
8103.02 14189.44
8115.12 14189.09
8126.72 14188.34
8138.38 14187.77
8149.94 14187.36
8161.07 14186.96
8172.78 14186.54
8183.82 14186.14
8195.12 14185.74
8206.93 14184.99
8218.26 14184.22
8229.41 14183.79
8241.49 14183.40
8252.57 14183.03
8264.30 14182.63
8276.12 14182.66
8287.54 14182.81
8299.16 14182.86
8310.55 14182.52
8321.87 14182.18
8330.89 14181.90
8336.85 14181.72
8340.84 14181.60
8341.79 14181.57
8344.53 14181.49
8348.77 14181.36
8351.69 14181.28
8352.15 14181.26
8352.45 14181.25
8352.49 14181.25
8352.52 14181.25
8352.53 14181.25
8352.53 14181.25
8352.53 14181.25
8360.65 14180.55
8362.44 14180.35
8365.14 14180.06
8369.09 14179.62
8374.48 14179.02
8393.66 14177.21
8404.73 14176.39
8415.33 14175.60
8425.80 14174.82
8435.93 14174.07
8446.41 14173.20
8456.52 14172.36
8466.91 14171.50
8477.61 14170.62
8488.05 14169.75
8498.75 14168.86
8508.91 14168.02
8519.22 14167.17
8530.24 14166.26
8540.84 14165.27
8550.92 14164.22
8560.95 14163.18
8571.09 14162.13
8581.12 14161.08
8591.60 14159.99
8602.69 14158.82
8613.33 14157.71
8650.77 14154.07
8658.50 14153.49
8666.38 14152.91
8674.14 14152.33
8682.44 14155.03
8689.60 14154.59
8693.76 14154.46
8695.73 14154.39
8696.19 14154.37
8696.23 14154.37
8696.26 14154.37
8696.27 14154.37
8696.27 14154.37
8696.27 14154.37
8696.27 14154.37
8696.27 14154.37
8696.27 14154.37
8696.27 14154.37
8696.27 14154.37
8696.27 14154.37
8696.27 14154.37
8696.27 14154.37
8696.27 14154.37
8696.27 14154.37
8696.27 14154.37
8696.27 14154.37
8696.27 14154.37
8696.27 14154.37
8696.27 14154.37
8696.27 14154.37
8711.17 14153.81
8712.15 14150.45
8713.77 14150.37
8716.15 14150.25
8719.27 14150.08
8722.85 14149.75
8726.48 14149.42
8730.24 14149.07
8772.72 14145.32
8783.79 14144.75
8794.64 14144.20
8805.32 14143.65
8815.90 14143.11
8826.86 14142.55
8838.51 14141.92
8850.01 14141.22
8860.80 14140.56
8872.51 14139.85
8883.17 14139.20
8894.09 14138.54
8904.68 14137.90
8925.60 14136.23
8936.81 14135.24
8948.04 14134.26
8959.33 14133.27
8970.01 14132.33
8981.15 14131.35
8992.92 14130.31
9004.71 14129.27
9015.80 14128.30
9026.74 14127.33
9038.45 14126.30
9049.53 14125.33
9060.46 14124.36
9071.05 14123.43
9081.70 14122.49
9093.42 14121.65
9105.14 14120.83
9116.87 14120.00
9128.58 14119.18
9139.89 14118.38
9150.61 14117.63
9161.67 14116.85
9181.71 14115.24
9191.29 14114.47
9201.06 14113.69
9211.21 14112.88
9220.79 14112.11
9230.61 14111.32
9240.80 14110.50
9250.74 14109.71
9260.61 14108.92
9284.29 14107.11
9294.65 14106.35
9305.74 14105.54
9316.51 14104.76
9327.67 14103.94
9337.77 14103.20
9348.57 14102.42
9359.32 14101.63
9370.05 14100.85
9380.95 14100.05
9391.54 14099.28
9410.35 14098.01
9421.20 14097.14
9432.32 14096.26
9443.60 14095.36
9453.96 14094.54
9464.69 14093.68
9474.96 14092.86
9486.03 14091.98
9496.52 14090.89
9507.32 14089.54
9517.40 14088.27
9528.52 14087.30
9538.90 14086.56
9556.02 14085.33
9567.35 14084.50
9578.51 14083.69
9597.74 14082.84
9597.82 14082.84
9597.91 14082.83
9626.41 14081.42
9635.85 14081.01
9645.51 14080.59
9654.77 14080.18
9663.84 14079.79
9673.36 14079.37
9682.50 14078.98
9691.58 14078.58
9700.66 14078.19
9710.43 14077.76
9730.22 14077.12
9740.92 14076.52
9752.37 14075.85
9762.95 14075.24
9773.57 14074.62
9784.11 14074.01
9795.36 14073.36
9807.08 14072.68
9818.28 14072.03
9829.26 14071.39
9840.09 14070.76
9856.28 14069.66
9865.04 14068.96
9873.70 14068.28
9882.29 14067.60
9891.33 14066.89
9900.34 14066.18
9909.46 14065.47
9918.17 14064.78
9926.89 14064.09
9935.87 14063.39
9944.86 14062.67
9953.80 14061.96
10001.44 14058.47
10011.97 14057.90
10021.60 14057.37
10032.15 14056.79
10042.37 14056.23
10052.11 14055.69
10061.82 14055.15
10072.42 14054.57
10082.41 14054.02
10092.96 14053.44
10102.87 14052.89
10112.94 14052.34
10122.60 14051.81
10133.18 14051.22
10143.82 14050.64
10153.72 14050.09
10164.13 14049.45
10174.48 14048.74
10184.28 14048.07
10194.38 14047.38
10224.26 14045.42
10234.92 14044.78
10245.33 14044.17
10255.92 14043.54
10267.09 14042.87
10277.56 14042.25
10288.63 14041.60
10299.34 14040.96
10310.59 14040.29
10321.36 14039.65
10332.19 14039.01
10343.40 14038.35
10353.96 14037.72
10364.44 14037.10
10375.41 14036.45
10386.32 14035.80
10397.77 14035.12
10408.91 14034.46
10420.22 14033.79
10431.11 14033.14
10442.27 14032.48
10452.92 14031.85
10463.87 14031.20
10474.62 14030.56
10500.16 14027.75
10508.84 14027.06
10517.83 14026.43
10536.85 14024.95
10541.16 14024.55
10543.58 14024.32
10544.21 14024.26
10544.29 14024.26
10544.29 14024.25
10544.29 14024.25
10544.29 14024.25
10544.29 14024.25
10544.70 14024.22
10545.93 14024.10
10547.33 14023.97
10549.55 14023.76
10570.16 14022.21
10577.45 14021.71
10587.05 14021.04
10598.29 14020.28
10609.51 14019.56
10620.61 14018.84
10631.74 14018.12
10643.28 14017.37
10654.69 14016.63
10665.97 14015.90
10677.25 14015.17
10688.71 14014.43
10700.15 14013.69
10711.65 14012.94
10722.81 14012.22
10733.97 14011.50
10751.30 14010.14
10761.38 14009.00
10771.40 14007.88
10781.33 14006.76
10791.21 14005.65
10801.24 14004.52
10811.19 14003.41
10819.16 14002.51
10824.77 14001.88
10828.41 14001.47
10834.14 14000.83
10859.88 13998.56
10869.18 13997.87
10879.53 13997.10
10890.61 13996.28
10901.23 13995.50
10911.89 13994.87
10922.95 13994.25
10933.49 13993.65
10944.53 13993.03
10955.52 13992.41
10966.21 13991.81
10976.96 13991.20
10987.97 13990.53
10998.52 13989.89
11015.97 13988.68
11027.31 13987.79
11038.57 13986.91
11049.38 13986.07
11060.80 13985.20
11072.25 13984.39
11082.81 13983.70
11094.10 13983.03
11105.38 13982.07
11117.01 13981.08
11128.22 13980.12
11139.63 13979.15
11151.28 13978.16
11162.90 13977.21
11184.04 13977.77
11194.68 13977.27
11205.40 13976.77
11213.29 13976.40
11222.00 13975.99
11232.21 13975.52
11240.84 13978.42
11256.65 13977.65
11267.51 13977.09
11278.80 13976.52
11289.58 13975.97
11301.25 13975.37
11313.14 13974.76
11325.05 13974.15
11336.74 13973.56
11347.67 13973.00
11359.52 13972.39
11370.29 13971.86
11381.09 13971.39
11391.94 13970.93
11402.94 13970.46
11414.20 13969.97
11426.07 13969.46
11437.86 13968.96
11449.10 13968.47
11459.91 13968.01
11470.85 13967.54
11482.04 13967.06
11499.92 13966.34
11511.51 13967.43
11521.85 13966.88
11532.70 13966.31
11542.88 13965.78
11550.31 13965.38
11554.77 13965.15
11555.77 13965.10
11555.93 13965.09
11555.99 13965.09
11556.02 13965.08
11556.04 13965.08
11556.04 13965.08
11556.04 13965.08
11556.04 13965.08
11556.04 13965.08
11556.04 13965.08
11556.04 13965.08
11556.44 13965.06
11557.11 13965.03
11559.35 13964.91
11566.34 13967.22
11566.48 13967.31
11566.61 13967.40
11566.67 13967.45
11566.69 13967.46
11566.69 13967.46
11566.75 13967.50
11566.90 13967.60
11567.21 13967.81
11567.63 13968.10
11568.03 13968.38
11568.19 13968.49
11568.26 13968.53
11568.26 13968.53
11568.26 13968.53
11591.14 13959.01
11594.29 13958.84
11598.67 13958.62
11604.49 13958.32
11612.11 13957.93
11620.59 13954.18
11629.81 13953.71
11638.84 13953.25
11648.07 13952.77
11664.42 13951.75
11665.88 13951.65
11666.66 13951.60
11666.80 13951.59
11666.81 13951.59
11666.81 13951.59
11666.81 13951.59
11666.81 13951.59
11666.81 13951.59
11666.81 13951.59
11666.81 13951.59
11666.81 13951.59
11666.81 13951.59
11666.81 13951.59
11666.81 13951.59
11666.81 13951.59
11666.97 13951.58
11667.49 13951.54
11668.43 13951.48
11704.69 13951.52
11710.67 13951.29
11717.65 13951.02
11725.39 13950.71
11733.02 13950.41
11741.32 13950.08
11749.39 13949.76
11765.97 13947.46
11777.19 13946.98
11788.22 13946.41
11799.12 13945.84
11809.91 13945.27
11821.42 13944.67
11832.27 13944.11
11843.48 13943.52
11855.03 13942.92
11865.85 13942.35
11876.69 13941.79
11887.76 13941.24
11898.63 13940.69
11909.68 13940.10
11920.62 13939.51
11932.21 13938.89
11944.02 13938.26
11955.84 13937.35
11966.94 13936.22
11978.42 13933.91
11989.16 13931.15
11999.38 13925.88
12009.42 13919.52
12017.31 13911.57
12024.73 13903.04
12031.39 13893.55
12037.60 13884.44
12043.77 13874.96
12050.14 13865.17
12056.39 13855.55
12063.28 13846.20
12070.22 13837.77
12079.11 13830.49
12089.16 13824.81
12100.35 13821.52
12111.77 13820.02
12123.14 13819.93
12134.44 13819.65
12145.53 13819.34
12156.89 13818.95
12168.30 13818.48
12179.76 13818.00
12191.46 13817.52
12202.68 13817.05
12210.36 13816.74
12214.18 13816.58
12215.69 13816.52
12215.87 13816.51
12215.93 13816.51
12217.22 13816.45
12219.90 13816.34
12225.10 13816.13
12226.73 13816.06
12227.18 13816.04
12227.21 13816.04
12227.22 13816.04
12227.22 13816.04
12227.23 13816.04
12227.23 13816.04
12227.23 13816.04
12227.23 13816.04
12227.23 13816.04
12227.23 13816.04
12227.23 13816.04
12227.23 13816.04
12227.23 13816.04
12227.23 13816.04
12227.23 13816.04
12227.23 13816.04
12227.23 13816.04
12227.23 13816.04
12227.23 13816.04
12227.23 13816.04
12227.23 13816.04
12231.70 13812.05
12231.60 13808.51
12231.44 13802.71
12231.23 13795.02
12230.97 13785.36
12230.69 13775.12
12230.41 13764.75
12230.11 13753.80
12229.82 13743.28
12229.54 13733.08
12229.27 13723.11
12229.00 13713.08
12228.71 13702.62
12228.44 13692.57
12228.16 13682.33
12227.98 13675.64
12228.59 13672.44
12229.01 13671.44
12229.01 13671.43
12229.01 13671.43
12229.01 13671.43
12229.01 13671.43
12229.01 13671.43
12229.01 13671.43
12229.01 13671.43
12229.01 13671.43
12229.01 13671.43
12229.01 13671.43
12229.01 13671.43
12229.01 13671.43
12239.34 13650.49
12241.19 13647.21
12243.68 13642.80
12248.36 13637.46
12254.88 13631.43
12262.49 13624.39
12270.33 13617.13
12278.06 13609.98
12285.36 13603.22
12293.38 13595.81
12301.23 13588.57
12309.29 13581.18
12316.71 13574.38
12324.07 13567.63
12332.10 13560.27
12339.53 13553.46
12347.40 13546.25
12368.01 13526.88
12375.42 13519.74
12382.52 13512.90
12390.23 13505.46
12397.42 13498.53
12404.78 13491.44
12412.57 13483.93
12419.87 13476.89
12427.62 13469.42
12440.02 13457.64
12448.29 13449.85
12456.71 13441.91
12464.75 13434.35
12473.23 13426.36
12481.27 13418.79
12489.11 13411.40
12496.97 13403.99
12504.78 13396.63
12512.61 13389.25
12523.00 13379.23
12525.94 13376.37
12527.09 13375.28
12527.51 13374.89
12527.54 13374.86
12527.54 13374.85
12527.55 13374.85
12527.55 13374.85
12527.55 13374.85
12527.55 13374.85
12527.55 13374.85
12532.88 13369.85
12535.12 13367.77
12538.87 13364.28
12544.23 13359.25
12550.97 13352.94
12559.08 13345.35
12567.18 13337.77
12575.45 13330.02
12583.47 13322.52
12596.03 13310.63
12604.65 13302.41
12613.29 13294.17
12621.76 13286.09
12630.19 13278.06
12638.84 13269.81
12647.45 13261.60
12655.75 13253.70
12662.44 13247.08
12669.43 13240.17
12675.47 13233.89
12679.22 13229.58
12680.66 13227.92
12680.71 13227.87
12680.72 13227.86
12680.72 13227.86
12680.72 13227.86
12680.72 13227.86
12680.72 13227.86
12680.72 13227.86
12680.72 13227.86
12680.72 13227.86
12680.72 13227.86
12680.72 13227.86
12688.03 13219.55
12690.17 13217.17
12693.33 13213.65
12697.75 13208.72
12703.29 13202.67
12709.07 13196.72
12713.17 13193.63
12714.73 13192.46
12714.86 13192.36
12714.86 13192.36
12714.87 13192.36
12714.87 13192.36
12714.87 13192.36
12714.87 13192.36
12714.87 13192.36
12714.87 13192.36
12714.87 13192.36
12714.87 13192.36
12714.87 13192.36
12714.87 13192.36
12714.87 13192.36
12714.87 13192.36
12728.45 13181.63
12731.33 13179.17
12735.68 13175.47
12741.36 13170.63
12748.28 13164.74
12757.60 13161.14
12764.59 13155.19
12771.20 13149.29
12777.73 13143.23
12784.43 13137.01
12791.38 13130.57
12798.09 13124.34
12803.03 13119.76
12805.92 13117.08
12807.06 13116.02
12807.19 13115.90
12807.24 13115.85
12807.28 13115.82
12807.29 13115.81
12807.29 13115.80
12844.89 13089.59
12846.31 13088.13
12846.04 13083.67
12851.01 13083.28
12854.39 13079.80
12858.63 13075.44
12863.18 13070.86
12867.69 13066.32
12872.22 13061.76
12876.63 13057.33
12898.58 13034.94
12903.97 13029.38
12908.98 13024.21
12914.12 13018.54
12928.03 13003.57
12934.77 12996.39
12941.23 12989.51
12948.10 12982.19
12955.20 12974.62
12961.78 12967.71
12968.60 12960.61
12975.65 12953.28
12982.63 12946.02
12997.77 12928.00
13005.52 12920.06
13013.39 12911.99
13021.08 12904.12
13028.60 12896.41
13036.22 12888.61
13043.83 12880.81
13051.47 12872.98
13059.40 12864.86
13066.68 12857.40
13072.25 12851.51
13074.99 12848.61
13075.19 12848.40
13075.23 12848.35
13075.24 12848.34
13075.24 12848.34
13075.24 12848.34
13075.24 12848.34
13075.72 12847.83
13077.38 12846.07
13088.77 12834.75
13093.00 12830.91
13098.88 12826.72
13106.13 12821.84
13115.09 12815.81
13124.30 12809.30
13132.79 12802.63
13141.07 12796.13
13149.12 12789.82
13157.17 12783.50
13165.29 12777.13
13173.64 12771.09
13188.32 12759.08
13196.97 12753.52
13203.82 12749.11
13208.31 12746.22
13210.58 12744.76
13213.57 12742.84
13221.26 12738.51
13227.60 12734.94
13235.41 12730.54
13245.03 12724.49
13253.95 12718.02
13262.63 12711.74
13272.02 12704.93
13281.05 12698.39
13290.16 12691.79
13299.22 12685.23
13308.40 12678.58
13317.18 12672.22
13326.17 12665.70
13335.14 12659.20
13344.32 12652.56
13353.60 12645.83
13363.05 12638.98
13372.40 12632.22
13381.05 12625.95
13397.14 12614.37
13406.15 12607.91
13414.47 12601.94
13422.77 12595.99
13431.34 12589.85
13440.15 12583.53
13448.87 12577.27
13457.86 12570.82
13474.18 12559.06
13481.90 12553.42
13490.00 12547.51
13498.15 12541.55
13504.64 12537.23
13507.99 12535.01
13508.56 12534.63
13508.66 12534.56
13508.68 12534.55
13508.69 12534.55
13508.69 12534.54
13512.27 12528.13
13514.81 12526.29
13518.27 12523.79
13522.97 12520.38
13528.94 12516.05
13536.31 12510.71
13543.66 12505.38
13551.09 12499.99
13558.12 12494.89
13565.68 12489.42
13571.40 12485.02
13574.33 12482.70
13574.89 12482.25
13575.01 12482.16
13575.06 12482.12
13575.08 12482.10
13575.09 12482.09
13575.09 12482.09
13575.09 12482.09
13575.09 12482.09
13575.09 12482.09
13575.09 12482.09
13579.07 12465.63
13576.82 12463.85
13573.43 12461.18
13569.56 12457.69
13565.47 12453.88
13561.15 12449.85
13556.95 12445.93
13552.78 12442.05
13548.57 12438.13
13544.47 12434.30
13540.48 12430.59
13536.61 12426.98
13532.96 12423.58
13529.29 12420.16
13525.71 12416.82
13512.04 12406.77
13507.27 12402.62
13502.44 12398.42
13498.07 12394.63
13493.70 12390.83
13488.90 12386.66
13483.96 12382.37
13479.83 12378.78
13475.70 12375.19
13470.99 12371.10
13466.56 12367.25
13462.43 12363.66
13457.76 12359.61
