23680.92 7395.83
23682.54 7395.61
23686.39 7395.10
23692.26 7394.32
23699.63 7393.34
23708.92 7392.10
23719.84 7390.65
23731.28 7389.13
23741.80 7387.73
23752.47 7386.30
23763.10 7384.88
23774.03 7383.40
23784.45 7381.05
23792.14 7379.97
23782.81 7385.05
23772.15 7387.01
23760.86 7388.51
23749.93 7389.97
23738.33 7391.52
23727.77 7392.92
23716.12 7394.47
23704.59 7396.01
23693.66 7397.46
23682.61 7398.93
23674.90 7408.51
23676.39 7418.64
23677.82 7428.41
23679.21 7437.86
23680.62 7447.48
23682.03 7457.02
23683.41 7466.42
23684.68 7475.03
23685.61 7481.41
23695.54 7486.08
23706.27 7484.37
23717.80 7482.55
23729.19 7480.82
23740.29 7479.20
23751.26 7477.59
23763.06 7475.67
23774.26 7473.50
23786.04 7470.96
23796.93 7468.09
23807.51 7464.76
23817.82 7461.12
23828.25 7456.27
23838.73 7450.65
23848.86 7445.16
23858.46 7439.85
23868.56 7434.25
23878.35 7428.85
23888.10 7423.52
23898.52 7417.82
23908.63 7412.28
23918.40 7406.94
23928.57 7401.37
23948.79 7391.59
23959.87 7387.14
23970.47 7383.70
23981.20 7380.33
23991.79 7377.47
24003.37 7375.24
24014.94 7373.36
24026.36 7371.60
24037.46 7369.89
24048.95 7368.13
24060.65 7366.32
24072.50 7364.59
24083.97 7363.04
24095.11 7361.43
24106.54 7359.78
24117.65 7358.18
24129.13 7356.53
24140.53 7354.89
24151.89 7353.26
24163.13 7351.64
24174.41 7350.02
24194.79 7347.14
24204.93 7345.72
24215.45 7344.13
24225.17 7342.67
24235.73 7341.08
24245.65 7339.59
24256.13 7338.02
24263.87 7336.85
24267.81 7336.26
24268.22 7336.20
24268.30 7336.19
24268.35 7336.18
24268.36 7336.18
24268.36 7336.18
24268.37 7336.18
24268.37 7336.18
24268.37 7336.18
24268.37 7336.18
24278.81 7344.53
24277.94 7348.35
24276.70 7353.58
24275.09 7360.35
24273.15 7369.58
24274.05 7381.90
24271.81 7393.17
24269.64 7404.04
24267.42 7415.19
24265.19 7426.34
24263.00 7437.34
24260.78 7448.48
24258.48 7460.03
24256.21 7471.44
24254.00 7482.49
24251.91 7493.01
24249.58 7504.69
24247.37 7516.12
24244.97 7528.71
24243.08 7538.62
24241.14 7548.73
24239.29 7558.44
24237.39 7568.36
24235.56 7577.99
24233.51 7588.61
24231.57 7598.61
24229.54 7609.13
24227.83 7617.96
24226.72 7623.69
24226.17 7626.53
24226.07 7627.06
24226.05 7627.16
24226.04 7627.23
24226.04 7627.25
24226.03 7627.25
24226.03 7627.26
24225.80 7628.45
24225.16 7631.75
24219.15 7665.86
24218.30 7670.15
24217.30 7675.20
24216.09 7681.35
24214.73 7688.21
24211.02 7707.08
24209.43 7715.64
24207.77 7724.59
24206.08 7733.69
24204.47 7742.36
24202.74 7751.70
24201.75 7776.57
24202.29 7785.12
24205.35 7792.72
24209.23 7799.57
24212.72 7804.15
24214.63 7806.65
24226.14 7813.32
24233.51 7814.67
24243.18 7816.43
24254.20 7818.45
24265.80 7820.56
24276.50 7822.52
24287.40 7823.85
24298.45 7824.75
24309.29 7823.28
24319.87 7820.76
24327.68 7817.37
24332.54 7814.31
24333.71 7813.46
24334.10 7813.19
24335.09 7812.48
24337.26 7810.92
24346.55 7799.28
24348.53 7793.10
24350.97 7785.51
24353.09 7776.23
24354.56 7764.95
24354.21 7752.85
24349.85 7740.70
24343.47 7729.40
24335.24 7719.99
24324.18 7713.79
24312.36 7711.55
24299.34 7712.47
24287.23 7713.32
24275.18 7717.11
24263.70 7721.49
24252.34 7725.82
24219.66 7735.59
24205.31 7742.44
24188.92 7750.28
24170.65 7759.02
24150.09 7768.81
24127.73 7779.44
24103.70 7790.87
24077.42 7803.36
24049.38 7816.69
24019.45 7830.92
23986.16 7848.25
23952.64 7863.80
23917.00 7879.63
23876.92 7897.90
23836.10 7912.91
23792.30 7927.00
23747.45 7940.35
23706.46 7953.80
23659.17 7968.07
23612.52 7990.63
23577.64 8025.90
23558.16 8068.14
23531.47 8100.68
23497.50 8117.76
23464.32 8127.21
23438.14 8142.23
23425.76 8167.70
23414.70 8201.74
23410.46 8227.51
23404.90 8255.04
23397.69 8284.31
23389.90 8309.79
23384.82 8329.95
23379.26 8353.54
23373.54 8377.76
23367.99 8401.30
23362.35 8425.20
23356.79 8448.76
23349.80 8472.05
23342.79 8494.92
23335.80 8517.72
23328.74 8540.75
23321.52 8564.20
23313.70 8587.88
23305.69 8611.02
23297.07 8633.87
23288.44 8656.72
23279.69 8679.14
23269.88 8702.00
23260.00 8725.02
23250.61 8746.91
23240.49 8769.09
23230.52 8790.72
23220.04 8813.46
23209.41 8834.87
23198.06 8856.52
23186.50 8878.58
23175.05 8899.68
23162.38 8921.24
23149.79 8942.65
23137.39 8963.75
23124.11 8985.03
23111.18 9005.03
23097.74 9025.81
23084.21 9046.74
23070.21 9066.07
23055.91 9085.65
23041.46 9105.45
23027.36 9124.76
23012.19 9143.89
22996.30 9161.89
22980.08 9180.29
22964.09 9198.40
22947.99 9216.26
22931.55 9233.85
22914.54 9252.04
22897.58 9269.41
22879.89 9286.60
22861.96 9304.04
22844.45 9321.06
22826.73 9338.29
22808.73 9355.78
22791.54 9372.46
22774.13 9388.98
22756.66 9405.56
22738.61 9422.69
22720.69 9439.70
22703.24 9456.26
22685.54 9473.07
22667.12 9489.62
22648.50 9505.76
22630.35 9521.48
22611.77 9537.59
22593.30 9553.59
22574.36 9570.00
22555.73 9586.15
22536.81 9602.55
22518.02 9618.83
22499.51 9635.03
22481.46 9650.86
22462.87 9667.17
22444.02 9683.69
22425.66 9699.80
22407.43 9715.79
22388.83 9732.10
22370.11 9748.51
22352.14 9764.30
22333.69 9781.21
22315.48 9797.90
22297.49 9814.39
22279.28 9831.09
22261.02 9847.83
22242.86 9864.48
22224.45 9881.35
22205.97 9898.30
22187.55 9915.18
22169.16 9931.90
22151.15 9948.29
22132.41 9967.69
22114.96 9983.75
22097.67 9999.59
22079.68 10015.86
22061.42 10032.39
22043.21 10048.86
22025.27 10065.09
22007.45 10081.21
21989.78 10097.17
21971.85 10113.29
21954.22 10133.66
21937.11 10150.89
21920.18 10167.94
21903.47 10184.77
21887.46 10201.91
21871.90 10219.36
21855.86 10237.36
21840.30 10254.81
21824.94 10273.51
21810.11 10292.04
21795.26 10310.63
21780.85 10330.19
21766.81 10349.26
21752.96 10368.06
21739.94 10387.56
21726.96 10407.01
21713.29 10427.48
21700.44 10448.38
21688.15 10469.67
21676.28 10490.25
21664.71 10510.83
21654.41 10532.55
21644.36 10554.04
21634.87 10575.48
21625.89 10597.84
21616.75 10620.61
21607.90 10643.10
21599.90 10666.19
21591.90 10689.27
21584.25 10711.61
21577.93 10734.73
21571.46 10758.42
21565.77 10781.88
21560.15 10805.32
21556.22 10828.87
21548.47 10865.85
21544.57 10889.60
21540.82 10913.07
21537.44 10936.75
21533.97 10961.03
21530.70 10984.29
21527.43 11008.17
21524.23 11031.53
21520.90 11055.83
21518.71 11083.28
21515.34 11107.00
21511.94 11130.92
21508.58 11154.50
21505.10 11178.94
21501.94 11202.59
21498.89 11226.85
21495.87 11250.90
21492.87 11274.82
21489.84 11298.95
21486.75 11323.56
21483.67 11348.13
21480.63 11372.35
21477.66 11396.05
21474.59 11419.99
21471.23 11444.53
21467.99 11468.26
21464.62 11492.91
21461.60 11516.84
21458.47 11541.65
21455.45 11565.63
21452.29 11589.64
21448.83 11614.12
21445.69 11638.56
21442.74 11663.51
21439.64 11688.42
21436.59 11712.47
21433.48 11737.08
21430.35 11761.81
21427.29 11786.01
21424.28 11809.87
21421.20 11834.51
21418.19 11858.93
21415.21 11883.11
21411.99 11907.75
21408.71 11931.79
21405.99 11955.79
21402.93 11980.16
21399.49 12004.38
21395.36 12028.28
21390.59 12051.87
21385.24 12075.81
21378.50 12098.91
21371.40 12122.28
21362.67 12145.37
21353.45 12167.34
21344.54 12186.40
21335.79 12204.27
21328.67 12218.81
21318.46 12230.31
21311.42 12242.11
21303.55 12254.47
21296.20 12265.99
21288.29 12277.86
21279.75 12289.39
21271.15 12300.99
21262.40 12312.80
21253.15 12323.57
21244.20 12333.90
21235.14 12344.35
21225.50 12355.47
21216.01 12366.43
21209.21 12379.32
21199.72 12390.27
21189.98 12401.51
21180.90 12411.98
21171.14 12423.20
21161.55 12434.21
21151.82 12445.38
21142.68 12455.87
21133.03 12466.95
21123.41 12478.00
21113.92 12488.88
21104.90 12499.24
21095.27 12509.85
21085.30 12520.84
21066.04 12537.45
21057.66 12548.59
21049.41 12559.55
21041.01 12570.72
21032.70 12581.76
21024.06 12593.25
21015.58 12604.51
21004.17 12614.19
20995.39 12625.86
20987.04 12636.96
20978.65 12648.10
20970.24 12659.28
20961.84 12670.64
20953.48 12682.28
20945.10 12693.96
20937.05 12705.16
20931.19 12713.33
20924.76 12722.27
20919.36 12729.80
20913.11 12738.49
20907.18 12746.76
20903.81 12757.09
20896.58 12767.17
20888.45 12779.45
20883.31 12783.67
20873.12 12794.83
20864.63 12808.08
20854.94 12823.46
20844.59 12840.06
20833.01 12858.64
20820.74 12878.31
20808.13 12898.63
20795.66 12918.79
20782.77 12939.63
20770.22 12959.88
20757.07 12980.28
20743.72 13001.01
20730.46 13021.60
20717.35 13042.11
20704.45 13062.30
20691.53 13082.51
20678.14 13103.46
20665.35 13123.46
20652.18 13144.07
20638.88 13164.87
20625.57 13188.84
20612.51 13209.34
20599.51 13229.76
20586.68 13249.90
20574.01 13270.61
20561.53 13291.11
20548.38 13312.31
20535.42 13333.19
20522.22 13354.47
20509.05 13375.69
20496.16 13396.46
20483.48 13416.90
20470.84 13437.28
20457.79 13458.31
20444.87 13479.13
20431.94 13499.97
20419.17 13520.55
20406.23 13541.41
20393.32 13562.22
20380.60 13582.71
20367.44 13603.93
20354.46 13624.84
20341.46 13645.80
20328.33 13666.95
20315.73 13687.27
20303.05 13707.70
20290.21 13728.03
20276.89 13748.98
20263.96 13769.31
20250.68 13790.21
20237.30 13811.25
20223.89 13832.34
20210.53 13853.34
20197.21 13874.56
20185.27 13895.32
20172.81 13916.97
20160.61 13938.18
20148.33 13959.53
20136.01 13980.94
20124.00 14002.58
20112.70 14023.70
20101.20 14045.18
20089.54 14066.97
20078.13 14088.29
20066.73 14109.59
20055.63 14131.26
20044.33 14153.53
20033.52 14174.82
20022.52 14196.49
20011.59 14218.22
20000.95 14240.39
19990.16 14262.89
19979.83 14284.44
19969.43 14306.12
19958.94 14328.67
19948.84 14350.97
19938.68 14373.43
19928.41 14396.11
19918.15 14418.78
19908.06 14441.09
19897.87 14463.59
19887.91 14485.59
19878.06 14507.36
19865.41 14532.04
19856.11 14554.18
19846.98 14575.89
19837.64 14598.12
19828.76 14620.44
19820.24 14643.31
19812.00 14665.47
19804.29 14688.56
19796.64 14711.89
19786.53 14737.78
19779.96 14761.60
19773.51 14784.99
19767.03 14808.65
19760.67 14831.90
19754.69 14855.81
19749.35 14879.91
19748.13 14907.76
19742.32 14930.86
19736.25 14954.97
19730.17 14979.12
19724.45 15003.10
19719.45 15026.64
19714.39 15050.40
19709.38 15073.95
19704.29 15097.91
19699.33 15121.23
19694.41 15144.35
19689.28 15168.44
19684.17 15192.46
19679.01 15216.72
19673.94 15240.56
19668.79 15264.80
19664.88 15291.19
19660.17 15314.42
19655.34 15338.24
19650.56 15361.79
19645.89 15384.81
19641.11 15408.39
19636.56 15430.81
19631.85 15454.03
19627.21 15476.52
19622.31 15499.49
19617.20 15523.42
19612.26 15546.57
19607.52 15568.87
19602.79 15591.24
19597.94 15614.17
19593.11 15636.97
19584.90 15659.82
19579.88 15683.56
19574.93 15706.91
19570.07 15729.92
19565.06 15753.56
19560.16 15776.71
19555.32 15799.62
19550.32 15823.25
19545.35 15846.73
19540.45 15869.89
19535.50 15893.25
19530.61 15916.35
19525.66 15939.75
19520.79 15962.78
19515.81 15986.30
19510.84 16009.81
19496.57 16061.32
19491.80 16083.91
19487.05 16106.37
19482.27 16128.96
19477.40 16152.02
19472.64 16174.54
19467.71 16197.85
19463.00 16220.10
19458.14 16243.12
19453.28 16266.12
19448.45 16288.92
19443.66 16311.61
19438.92 16334.01
19433.98 16357.38
19433.21 16384.49
19428.07 16407.74
19422.71 16431.98
19417.50 16455.51
19412.32 16478.95
19406.95 16503.23
19401.65 16527.19
19396.44 16551.42
19391.26 16575.66
19386.25 16599.14
19381.09 16623.31
19376.05 16646.94
19370.92 16670.99
19365.87 16694.52
19360.88 16717.81
19355.74 16741.77
19350.55 16765.95
19345.42 16789.89
19340.39 16813.36
19335.15 16837.78
19330.17 16860.99
19325.14 16884.31
19319.99 16908.23
19314.80 16932.32
19309.75 16955.76
19304.66 16979.36
19299.52 17003.24
19294.28 17027.56
19289.07 17051.74
19283.95 17075.50
19278.90 17098.95
19273.68 17123.17
19268.46 17147.37
19263.42 17170.81
19258.35 17194.29
19253.27 17217.87
19248.20 17241.43
19236.68 17302.55
19232.68 17321.08
19228.69 17339.53
19224.66 17358.17
19220.72 17376.39
19216.64 17395.26
19212.70 17413.51
19208.63 17432.30
19204.55 17451.18
19200.53 17469.79
19191.12 17506.10
19186.34 17529.05
19181.55 17552.10
19176.58 17575.97
19171.70 17599.42
19166.94 17622.27
19162.82 17649.60
19157.49 17673.51
19152.23 17697.16
19146.83 17721.44
19141.47 17745.50
19136.08 17769.71
19130.70 17793.92
19125.25 17818.41
19119.82 17842.79
19114.50 17866.69
19109.09 17891.02
19102.04 17914.46
19094.62 17937.21
19086.78 17959.97
19078.74 17982.64
19070.09 18005.29
19060.57 18028.39
19051.08 18050.31
19041.58 18072.28
19030.88 18094.01
19019.77 18115.87
19008.66 18137.74
18996.48 18159.18
18983.62 18179.45
18970.22 18200.56
18957.24 18221.02
18943.46 18241.33
18929.82 18261.22
18915.41 18280.88
18900.52 18300.32
18885.11 18319.96
18869.72 18338.64
18854.51 18357.09
18838.84 18375.82
18822.13 18394.43
18805.76 18412.35
18788.24 18430.14
18771.50 18447.13
18754.48 18464.41
18737.58 18481.57
18720.82 18498.59
18703.56 18516.11
18686.36 18533.56
18669.22 18550.97
18652.43 18568.01
18634.98 18585.72
18617.74 18603.49
18600.45 18621.32
18583.74 18638.56
18566.57 18656.28
18549.37 18674.02
18532.72 18691.20
18515.34 18709.12
18498.41 18726.59
18481.79 18744.53
18465.50 18762.75
18448.84 18781.38
18433.28 18800.60
18418.42 18819.35
18403.61 18839.25
18389.21 18858.69
18374.84 18879.09
18361.03 18899.52
18347.27 18919.87
18333.27 18943.75
18320.47 18964.68
18307.64 18985.65
18295.52 19006.41
18283.35 19027.31
18270.95 19048.60
18259.85 19069.23
18249.93 19087.84
18242.09 19102.56
18227.29 19148.63
18228.91 19161.73
18233.90 19173.93
18242.01 19184.30
18252.19 19192.94
18262.93 19199.43
18275.89 19202.91
18288.60 19202.46
18301.48 19199.11
18313.63 19193.83
18324.33 19186.51
18333.82 19178.18
18342.89 19168.28
18350.52 19157.30
18355.73 19144.93
18360.10 19133.18
18362.99 19120.91
18364.50 19107.64
18362.87 19094.99
18360.30 19082.03
18356.51 19069.74
18350.40 19058.17
18342.29 19048.18
18332.94 19038.40
18322.93 19030.28
18312.12 19022.44
18300.12 19014.67
18288.01 19007.37
18275.69 18999.95
18264.02 18992.91
18252.23 18985.80
18240.41 18978.57
18228.54 18971.23
18216.18 18963.60
18203.70 18955.89
18191.07 18948.09
18179.17 18940.73
18166.54 18933.02
18154.75 18925.85
18142.31 18918.29
18129.63 18910.58
18117.27 18903.07
18104.84 18895.37
18093.08 18887.72
18081.28 18880.04
18069.76 18871.49
18058.22 18862.72
18047.27 18853.87
18036.34 18844.32
18025.84 18835.05
18015.34 18825.77
17997.22 18808.49
17989.62 18800.72
17981.38 18792.30
17970.85 18781.66
17959.40 18770.10
17947.57 18757.76
17935.97 18745.52
17924.66 18733.59
17910.47 18723.29
17899.66 18709.93
17889.33 18697.16
17878.70 18684.03
17868.52 18671.45
17858.33 18658.86
17847.76 18645.84
17837.54 18633.25
17827.42 18620.78
17817.16 18608.13
17807.08 18595.56
17796.67 18581.79
17786.70 18568.59
17776.98 18555.73
17766.89 18542.38
17747.21 18518.58
17737.36 18506.30
17726.86 18493.21
17717.09 18481.03
17707.23 18468.74
17697.41 18456.50
17686.94 18443.41
17676.95 18430.91
17666.55 18417.90
17656.54 18405.39
17646.86 18392.98
17637.22 18380.59
17627.18 18367.67
17617.87 18355.70
17611.01 18346.87
17603.48 18337.73
17595.69 18330.23
17587.30 18322.28
17578.73 18314.16
17570.15 18306.03
17558.36 18298.20
17549.37 18293.44
17539.54 18288.24
17530.37 18283.53
17520.76 18279.91
17511.24 18276.32
17494.45 18270.55
17484.17 18267.85
17473.39 18265.03
17463.46 18262.28
17453.25 18259.22
17443.21 18256.21
17432.77 18253.09
17420.47 18253.57
17417.45 18262.61
17414.47 18271.51
17411.47 18280.57
17408.49 18289.61
17405.51 18298.63
17398.77 18318.19
17394.87 18329.20
17390.97 18340.24
17386.99 18351.48
17383.08 18362.54
17379.24 18373.38
17375.42 18384.18
17371.39 18395.51
17367.32 18406.67
17363.47 18417.21
17359.73 18427.46
17355.67 18438.58
17351.56 18449.84
17347.54 18460.85
17344.44 18474.43
17340.72 18484.92
17337.12 18495.07
17333.41 18505.52
17329.86 18515.54
17326.02 18526.36
17322.51 18536.28
17318.74 18546.92
17315.14 18557.13
17311.35 18567.91
17307.77 18578.11
17304.07 18588.65
17293.67 18613.02
17289.07 18625.67
17284.01 18639.56
17278.20 18655.54
17272.48 18671.24
17266.95 18686.43
17261.16 18702.34
17255.19 18718.40
17249.17 18733.88
17243.18 18749.27
17237.36 18764.26
17231.33 18779.77
17225.12 18795.73
17218.98 18811.51
17213.03 18826.83
17207.10 18842.08
17200.92 18857.97
17195.00 18873.19
17188.78 18889.20
17182.67 18905.04
17176.83 18920.58
17171.11 18935.82
17165.32 18951.22
17159.73 18966.63
17154.74 18982.84
17149.73 18999.11
17144.99 19014.49
17140.21 19030.01
17136.02 19046.45
17131.88 19062.70
17127.75 19078.94
17124.53 19095.31
17121.44 19111.86
17118.49 19127.72
17115.49 19144.60
17112.75 19160.40
17110.35 19177.05
17108.97 19194.07
17109.58 19213.21
17108.92 19229.11
17108.28 19244.38
17107.63 19260.15
17106.98 19275.64
17106.32 19291.51
17104.68 19319.07
17104.60 19334.42
17104.86 19350.48
17105.20 19366.07
17105.53 19381.15
17105.95 19396.34
17106.56 19412.29
17107.15 19427.46
17107.74 19442.54
17108.35 19458.34
17108.94 19473.61
17109.57 19489.69
17110.18 19505.45
17110.81 19521.54
17111.43 19537.44
17108.49 19561.27
17108.26 19575.44
17111.34 19589.78
17114.42 19603.31
17114.20 19617.60
17113.24 19631.82
17112.01 19645.66
17110.75 19659.79
17109.62 19672.56
17108.81 19681.64
17133.33 19702.29
17135.92 19703.46
17138.42 19704.59
17141.19 19705.83
17143.75 19706.99
17146.54 19708.24
17149.49 19709.57
17157.35 19706.31
17162.68 19700.09
17170.93 19698.21
17181.46 19700.32
17192.32 19702.49
17202.69 19704.57
17213.71 19706.77
17224.81 19708.99
17235.92 19711.21
