12843.67 13086.10
12844.48 13085.27
12848.45 13085.92
12851.00 13083.29
12854.25 13079.94
12858.25 13075.82
12862.97 13071.07
12868.44 13065.56
12874.36 13059.61
12896.07 13043.92
12903.16 13039.91
12908.32 13037.21
12911.43 13035.59
12912.65 13034.95
12913.01 13034.76
12913.12 13034.70
12913.19 13034.67
12913.20 13034.66
12913.20 13034.66
12913.20 13034.66
12913.20 13034.66
12913.20 13034.66
12913.20 13034.66
12913.20 13034.66
12913.45 13034.53
12913.58 13034.46
12913.61 13034.45
12955.18 13048.23
12956.45 13050.01
12958.47 13052.84
12961.01 13056.40
12963.99 13060.58
12967.75 13065.85
12972.29 13072.21
12977.26 13079.17
12986.00 13091.66
13001.98 13102.99
13012.90 13110.85
13024.47 13118.24
13036.24 13125.75
13047.89 13132.81
13065.84 13141.88
13079.21 13147.76
13091.92 13153.35
13104.59 13158.92
13117.40 13164.49
13130.83 13168.96
13144.82 13173.63
13158.87 13178.30
13173.03 13181.44
13187.18 13184.59
13200.95 13187.53
13214.63 13189.68
13228.45 13191.45
13257.40 13195.17
13271.81 13197.18
13286.08 13199.17
13300.42 13201.49
13314.71 13203.65
13328.98 13205.71
13343.02 13207.73
13356.84 13210.27
13370.38 13212.92
13383.90 13215.56
13397.92 13218.30
13411.50 13221.31
13425.67 13224.49
13439.90 13227.68
13478.18 13240.00
13486.26 13242.42
13494.56 13244.20
13502.67 13245.93
13510.42 13247.59
13515.80 13248.74
13519.19 13249.47
13521.33 13246.56
13521.51 13246.60
13521.64 13246.63
13521.65 13246.63
13521.65 13246.63
13521.65 13246.63
13569.33 13254.63
13570.98 13254.92
13573.36 13255.34
13576.59 13256.03
13580.62 13257.00
13585.69 13258.22
13590.35 13259.34
13593.12 13260.04
13594.37 13260.42
13594.37 13260.42
13594.37 13260.42
13594.37 13260.42
13594.37 13260.42
13605.19 13263.35
13608.13 13264.56
13613.26 13266.66
13619.55 13269.24
13627.54 13273.05
13637.18 13277.96
13648.34 13284.34
13660.29 13291.56
13671.77 13298.76
13683.26 13307.08
13694.38 13315.12
13712.51 13328.24
13720.33 13333.91
13725.88 13337.92
13728.85 13340.38
13742.84 13352.49
13743.64 13353.20
13744.05 13353.56
13760.07 13369.08
13765.18 13374.04
13771.80 13380.46
13779.44 13387.93
13788.04 13396.85
13797.78 13406.66
13807.84 13416.73
13818.27 13426.48
13831.04 13435.20
13842.49 13443.37
13855.07 13450.02
13870.14 13456.41
13877.10 13458.54
13908.79 13472.03
13921.60 13476.93
13933.26 13483.30
13944.21 13490.58
13955.83 13498.17
13966.56 13505.18
13977.59 13512.63
13989.37 13519.73
14001.75 13525.86
14014.47 13530.04
14027.21 13532.91
14040.96 13534.98
14054.09 13536.95
14067.34 13538.94
14080.45 13540.91
14094.03 13543.16
14108.61 13546.41
14117.92 13548.94
14132.95 13567.26
14136.53 13573.85
14140.77 13588.50
14143.53 13601.85
14146.41 13615.83
14151.65 13636.33
14154.88 13647.61
14158.45 13659.06
14168.73 13672.62
14174.09 13682.52
14190.04 13688.91
14203.10 13691.51
14215.51 13693.28
14235.46 13691.84
14249.39 13691.90
14262.50 13691.96
14275.97 13692.06
14288.84 13692.19
14308.45 13692.97
14319.60 13694.41
14335.44 13694.61
14350.96 13693.82
14359.24 13694.49
14367.36 13695.77
14387.95 13720.09
14387.28 13735.35
14386.62 13750.51
14386.59 13764.94
14386.78 13779.96
14386.96 13794.50
14387.14 13809.35
14387.32 13823.45
14387.07 13838.06
14386.70 13852.41
14386.30 13867.71
14389.22 13882.54
14388.84 13897.19
14388.46 13911.82
14387.76 13926.08
14386.72 13941.35
14385.77 13955.39
14384.74 13970.45
14383.75 13985.05
14382.78 13999.24
14381.81 14013.50
14380.72 14028.29
14379.41 14042.62
14378.12 14056.81
14376.82 14070.97
14375.50 14085.49
14374.28 14099.55
14372.96 14114.74
14371.67 14129.69
14370.38 14144.50
14369.09 14159.45
14367.85 14174.03
14366.62 14188.58
14365.36 14203.43
14364.16 14217.67
14362.87 14232.88
14361.62 14247.65
14357.24 14262.78
14356.53 14277.97
14355.82 14292.92
14355.12 14307.61
14354.60 14322.38
14354.54 14337.30
14354.49 14352.48
14354.43 14367.60
14355.04 14382.23
14355.64 14396.49
14356.26 14411.11
14356.85 14425.24
14357.45 14439.41
14358.04 14453.49
14360.20 14490.97
14361.18 14501.04
14361.87 14508.14
14362.42 14512.93
14362.64 14514.76
14362.65 14514.83
14362.65 14514.85
14362.65 14514.86
14362.65 14514.86
14362.65 14514.86
14362.65 14514.86
14362.65 14514.86
14364.00 14526.38
14364.40 14529.31
14365.03 14533.90
14365.95 14540.59
14367.13 14549.18
14368.48 14559.04
14370.01 14570.17
14371.01 14577.46
14371.48 14580.92
14371.55 14581.42
14371.59 14581.71
14371.59 14581.73
14374.18 14588.21
14373.23 14591.00
14371.95 14594.75
14367.85 14606.82
14367.77 14606.93
14355.44 14615.07
14351.39 14616.64
14336.80 14622.27
14330.96 14624.51
14325.14 14626.76
14320.00 14628.79
14305.33 14634.50
14298.27 14637.38
14290.81 14640.58
14283.77 14643.60
14276.68 14646.47
14269.80 14649.09
14262.19 14651.97
14255.19 14654.63
14248.33 14657.23
14240.78 14660.10
14233.76 14662.71
