12062.27 12631.37
12061.83 12632.56
12060.84 12635.32
12059.47 12639.12
12057.77 12643.81
12055.56 12649.96
12052.86 12657.43
12049.84 12665.81
12047.51 12672.27
12046.06 12676.00
12045.26 12677.99
12045.15 12678.26
12045.13 12678.29
12045.13 12678.30
12045.13 12678.30
12045.13 12678.30
12045.13 12678.30
12045.13 12678.30
12045.13 12678.30
12045.13 12678.30
12045.13 12678.30
12045.13 12678.30
12045.13 12678.30
12045.13 12678.30
12045.13 12678.30
12045.13 12678.30
12045.13 12678.30
12045.13 12678.30
12045.13 12678.30
12045.13 12678.30
12045.13 12678.30
12045.13 12678.30
12045.13 12678.30
12045.13 12678.30
12045.13 12678.30
12045.13 12678.30
12045.13 12678.30
12045.13 12678.30
12045.13 12678.30
12042.67 12691.64
12044.43 12693.33
12047.39 12696.18
12051.48 12700.11
12057.02 12705.45
12063.42 12711.60
12070.78 12718.67
12077.86 12725.49
12085.08 12732.43
12092.35 12739.42
12099.31 12746.12
12106.57 12753.10
12113.45 12759.71
12120.40 12766.40
12132.92 12778.23
12140.78 12785.64
12148.10 12793.46
12156.00 12801.89
12164.38 12810.15
12172.75 12818.26
12180.59 12825.84
12188.17 12833.18
12196.47 12841.13
12204.39 12848.45
12212.09 12855.76
12219.68 12863.81
12230.00 12875.78
12239.61 12882.12
12249.56 12887.87
12259.22 12893.10
12268.53 12898.06
12277.67 12902.92
12287.19 12907.92
12296.60 12912.38
12306.97 12917.29
12316.67 12921.89
12326.55 12926.57
12336.22 12931.24
12345.75 12936.07
12364.11 12945.75
12373.30 12952.49
12382.01 12959.90
12390.57 12967.19
12399.25 12974.57
12407.34 12981.46
12415.66 12988.83
12423.91 12996.39
12432.24 13004.04
12440.59 13011.69
12447.76 13018.27
12451.85 13021.94
12453.09 13023.01
12453.20 13023.10
12453.52 13023.38
12455.11 13024.77
12457.73 13027.03
12460.55 13029.48
12464.29 13032.73
12469.32 13036.88
12483.62 13048.04
12491.34 13054.82
12499.61 13061.93
12507.79 13068.77
12516.53 13076.10
12525.24 13083.47
12533.53 13090.68
12541.67 13097.76
12550.28 13105.25
12558.58 13112.52
12566.71 13119.67
12575.26 13127.19
12583.93 13134.80
12591.98 13141.77
12599.95 13148.66
12608.44 13156.01
12616.34 13162.85
12629.25 13173.94
12637.33 13180.82
12645.44 13187.72
12653.66 13194.71
12661.39 13201.29
12669.45 13208.14
12678.93 13216.49
12682.87 13220.07
12695.55 13216.12
12701.42 13209.57
12706.55 13204.02
12711.25 13199.21
12717.71 13194.34
12733.27 13181.85
12736.35 13179.23
12739.36 13176.67
12743.24 13173.37
12748.30 13169.06
12752.41 13165.56
12756.87 13161.76
12760.69 13158.52
12765.14 13154.73
12767.23 13148.46
12772.90 13143.20
12779.53 13137.06
12786.37 13130.71
12793.27 13124.31
12799.76 13118.29
12803.68 13114.66
12844.49 13085.26
12851.06 13083.23
12855.71 13078.44
12860.32 13073.73
12864.91 13069.11
12869.48 13064.52
12873.87 13060.10
12878.29 13055.66
12900.53 13032.93
12905.67 13027.62
12910.96 13022.17
12914.93 13017.57
12916.97 13015.09
12917.18 13014.84
12917.19 13014.83
12917.19 13014.83
12917.19 13014.83
12917.19 13014.83
12917.19 13014.83
12917.19 13014.83
12927.01 13004.65
12929.24 13002.28
12932.58 12998.72
12936.79 12994.24
12941.87 12988.82
12947.78 12982.52
12954.50 12975.37
12961.61 12967.89
12968.78 12960.43
12975.70 12953.24
12982.18 12946.49
12997.80 12927.97
13005.67 12919.91
13013.10 12912.30
13020.93 12904.28
13028.23 12896.79
13035.77 12889.07
13042.89 12881.77
13050.68 12873.79
13058.38 12865.90
13065.68 12858.43
13072.58 12851.16
13076.86 12846.63
13078.38 12845.01
13078.88 12844.48
13078.90 12844.46
13078.92 12844.44
13078.92 12844.44
13078.92 12844.44
13078.92 12844.44
13078.92 12844.44
13078.92 12844.44
13078.92 12844.44
13078.92 12844.44
13078.92 12844.44
13086.99 12843.78
13087.79 12845.87
13088.92 12848.82
13090.43 12852.56
13098.27 12868.30
13102.65 12876.86
13107.12 12885.57
13111.74 12894.58
13116.37 12903.61
13120.78 12912.21
13125.37 12921.17
13136.71 12944.46
13140.47 12952.30
13144.20 12960.04
13148.22 12968.40
13150.74 12973.64
13147.11 12973.70
13143.32 12965.82
13139.65 12958.18
13135.99 12950.57
13132.33 12942.97
