17345.58 18471.21
17344.81 18473.38
17343.52 18477.01
17338.38 18481.65
17332.67 18487.89
17329.28 18497.45
17325.35 18508.53
17321.46 18519.50
17317.36 18531.06
17313.20 18542.80
17309.27 18553.95
17305.30 18565.23
17301.27 18576.73
17297.75 18586.74
17295.60 18592.85
17294.83 18595.04
17286.42 18589.06
17288.43 18582.65
17291.17 18573.92
17294.40 18563.59
17298.26 18551.30
17298.68 18538.91
17302.56 18526.55
17306.17 18515.03
17309.78 18503.52
17313.58 18491.39
17317.19 18479.87
17320.93 18467.93
17324.63 18456.10
17328.14 18444.89
17331.81 18433.17
17335.65 18420.94
17339.41 18408.93
17342.94 18397.66
17346.49 18386.32
17350.28 18374.23
17354.02 18362.27
17356.96 18347.83
17360.34 18337.59
17363.69 18327.42
17367.29 18316.53
17373.60 18296.75
17377.00 18285.52
17380.42 18274.22
17383.70 18263.44
17387.16 18252.42
17390.75 18240.96
17394.22 18229.90
17401.69 18206.27
17404.08 18198.96
17406.32 18191.67
17408.56 18184.20
17416.40 18160.06
17420.15 18149.20
17423.81 18138.60
17427.71 18127.30
17431.56 18116.16
17435.35 18105.20
17439.15 18094.18
17442.79 18083.64
17450.87 18060.42
17454.95 18048.49
17459.12 18036.22
17463.23 18024.14
17467.18 18012.53
17471.24 18000.61
17475.04 17989.41
17479.02 17977.72
17482.88 17966.35
17487.01 17954.24
17491.11 17942.17
17494.95 17930.95
17499.24 17918.74
17503.08 17907.53
17507.09 17895.96
17511.14 17884.30
17514.55 17872.29
17517.81 17860.76
17520.90 17849.30
17523.65 17837.24
17526.35 17825.38
17529.00 17812.85
17531.24 17800.02
17533.43 17787.23
17535.23 17775.56
17537.04 17763.78
17538.96 17751.18
17540.61 17738.78
17542.28 17726.21
17543.85 17714.41
17545.52 17701.84
17546.91 17689.59
17548.21 17677.12
17549.38 17665.36
17549.87 17653.29
17550.39 17640.49
17550.78 17616.82
17549.20 17609.37
17549.81 17596.49
17550.42 17583.70
17550.78 17571.14
17550.49 17558.45
17550.20 17546.05
17549.90 17532.97
17549.60 17520.35
17549.32 17508.37
17548.39 17491.60
17547.27 17482.93
17546.17 17474.52
17545.12 17466.42
17538.98 17420.30
17537.84 17411.13
17536.75 17402.34
17535.67 17393.68
17534.91 17384.98
17534.17 17375.99
17533.42 17367.00
17532.69 17358.05
17530.09 17346.70
17529.41 17338.39
17528.74 17330.32
17528.04 17321.82
17527.34 17313.36
17526.51 17290.19
17525.21 17283.45
17524.15 17277.96
17522.86 17271.31
17511.30 17261.64
17507.75 17250.30
17504.32 17239.35
17500.86 17228.31
17497.48 17217.52
17494.08 17206.68
17490.72 17195.96
17487.90 17186.31
17486.25 17180.55
17492.47 17169.27
17496.22 17167.96
17498.12 17167.30
17498.65 17167.12
17498.90 17167.03
17499.10 17166.96
17499.11 17166.96
17499.11 17166.96
17499.11 17166.96
17499.11 17166.96
17499.11 17166.96
17499.11 17166.96
17499.11 17166.96
17499.11 17166.96
17499.11 17166.96
17499.11 17166.96
17499.11 17166.96
17499.11 17166.96
17499.11 17166.96
17499.11 17166.96
17499.11 17166.96
17499.82 17166.71
17501.02 17166.30
17502.93 17165.70
17508.97 17151.93
17507.73 17144.10
17506.51 17135.37
17505.14 17124.48
17503.63 17113.19
17502.03 17101.28
17500.48 17089.67
17498.89 17077.76
17497.32 17066.05
17495.83 17054.97
17492.10 17040.32
17490.32 17028.89
17488.45 17016.90
17486.33 17005.76
17483.82 16994.37
17480.98 16983.40
17477.88 16972.51
17474.54 16960.78
17471.45 16949.90
17468.20 16938.51
17461.83 16916.79
17459.03 16909.02
17456.28 16901.39
17451.29 16883.70
17447.72 16875.13
17444.06 16866.37
17440.35 16857.46
17436.72 16848.77
17433.55 16841.59
17431.20 16837.47
17430.36 16835.99
17430.25 16835.79
17430.21 16835.72
17429.72 16834.86
17428.39 16832.52
17426.74 16820.63
17426.59 16820.32
17426.40 16819.93
17421.82 16813.76
17418.36 16805.84
17415.60 16799.55
17409.10 16792.91
17405.29 16784.21
17400.69 16773.72
17396.72 16764.65
17388.88 16745.65
17384.90 16735.74
17380.66 16725.19
17376.45 16714.83
17371.90 16703.72
17368.17 16690.41
17363.83 16680.80
17358.96 16670.99
17353.70 16661.97
17348.03 16652.36
17332.04 16635.81
17324.75 16631.12
17318.20 16629.86
17314.07 16629.59
17312.15 16629.55
17312.12 16629.55
17312.11 16629.55
17312.11 16629.55
17312.11 16629.55
17312.11 16629.55
17312.11 16629.55
17298.03 16631.73
17294.23 16633.41
17288.66 16635.88
17281.57 16639.02
17273.10 16642.77
17262.87 16647.31
17251.40 16652.39
17240.20 16657.35
17228.82 16662.40
17216.78 16667.73
17205.23 16672.85
17192.94 16678.30
17181.59 16683.33
17169.90 16688.74
17158.17 16694.20
17145.98 16699.86
17133.89 16705.48
17121.69 16711.16
17111.77 16719.40
17100.67 16724.56
17088.74 16730.11
17077.23 16735.47
17065.62 16740.87
17054.26 16746.62
17042.38 16752.81
17030.52 16758.99
17018.74 16765.13
17007.24 16771.13
16996.22 16776.87
16984.96 16782.74
16973.86 16788.52
16962.85 16794.26
16951.01 16800.44
16939.56 16806.40
16928.68 16812.07
16916.93 16818.20
16906.05 16823.87
16894.93 16829.66
16883.77 16835.48
16872.20 16841.51
16861.15 16847.27
16850.12 16853.02
16838.87 16858.88
16827.03 16865.05
16815.84 16870.89
16804.69 16876.70
16793.78 16882.38
16782.28 16888.38
16770.54 16894.49
16759.26 16900.38
16747.90 16906.30
16736.19 16912.40
16724.32 16918.58
16712.51 16924.74
16701.28 16930.59
16690.33 16936.30
16676.41 16939.84
16665.43 16945.56
16653.73 16951.66
16642.29 16957.62
16630.65 16963.69
16618.89 16969.82
16607.24 16975.89
16596.11 16981.69
16584.53 16987.73
16573.71 16993.37
16562.82 16999.04
16550.89 17005.26
16539.90 17010.99
16528.83 17016.76
16517.26 17022.79
16505.77 17028.78
16494.75 17034.52
16483.69 17040.29
16472.34 17046.21
16460.90 17052.16
16449.24 17058.24
16437.36 17064.44
16425.65 17070.48
16414.53 17076.14
16403.27 17081.87
16392.07 17088.17
16380.85 17094.74
16370.04 17101.78
16360.83 17110.03
16351.39 17118.49
16342.24 17128.36
16333.47 17138.01
16314.12 17159.34
16305.15 17167.33
16294.74 17173.71
16283.10 17177.51
16271.40 17179.21
16259.11 17179.27
16247.54 17176.60
16235.83 17171.83
16225.86 17165.60
16216.15 17157.36
16208.91 17147.17
16203.09 17136.43
16198.85 17125.48
16195.94 17113.57
16193.00 17101.55
16190.49 17089.84
16187.96 17077.95
16184.37 17066.56
16180.58 17054.67
16174.14 17042.96
16166.97 17031.10
16160.30 17022.57
16153.16 17014.14
16145.09 17006.36
16130.53 16990.60
16120.34 16983.80
16109.76 16977.21
16098.73 16970.34
16088.41 16963.91
16077.97 16957.42
16067.43 16950.85
16057.13 16944.44
16046.56 16937.86
16035.57 16931.02
16025.10 16924.50
16014.68 16918.02
16004.32 16911.56
15993.81 16905.02
15982.79 16898.16
15971.71 16891.26
15960.56 16884.32
15949.84 16877.65
15938.97 16870.88
15927.78 16863.91
15916.54 16856.91
15905.43 16850.00
15894.52 16843.20
15883.48 16836.33
15852.57 16817.03
15844.66 16812.09
15836.62 16807.06
15828.67 16802.08
15821.05 16797.32
15813.34 16792.50
15805.93 16787.86
15803.03 16782.15
15797.46 16778.67
15783.53 16769.93
15775.90 16764.94
15767.62 16759.61
15758.11 16753.50
15747.41 16746.61
15736.80 16740.13
15726.01 16733.15
15714.68 16726.27
15703.71 16719.59
15693.41 16713.16
15682.79 16706.67
15671.44 16699.62
15660.56 16692.22
15650.46 16684.82
15640.78 16676.62
15631.65 16668.36
15622.33 16659.28
15613.38 16650.21
15604.76 16641.27
15596.65 16632.21
15588.45 16623.03
15579.75 16613.28
15571.39 16603.90
15563.24 16594.77
15554.82 16585.33
15546.48 16575.99
15537.96 16566.44
15529.62 16557.12
15521.08 16547.56
15512.86 16538.37
15504.32 16528.83
15496.23 16519.78
15487.42 16509.93
15478.57 16500.04
15470.10 16490.57
15459.49 16483.65
15451.16 16474.34
15442.39 16464.54
15433.94 16455.09
15425.23 16445.34
15417.01 16436.37
15408.62 16427.24
15399.59 16417.42
15391.11 16408.20
15382.79 16399.16
15373.83 16389.37
15365.50 16379.81
15357.39 16370.52
15348.74 16360.60
15340.11 16350.70
15331.36 16340.90
15322.45 16331.09
15313.81 16321.59
15305.57 16312.52
15296.93 16303.00
15287.98 16293.15
15279.26 16283.55
15270.52 16273.94
15261.83 16265.49
15252.44 16256.63
15243.22 16248.04
15233.26 16240.20
15223.05 16232.19
15212.99 16224.41
15202.51 16216.76
15191.69 16209.55
15181.36 16202.91
15170.76 16196.90
15160.09 16190.99
15149.06 16185.36
15137.19 16179.31
15125.60 16173.40
15105.82 16163.01
15097.42 16158.53
15089.00 16154.03
15070.13 16143.57
15062.55 16139.27
15054.21 16134.53
15040.04 16124.58
15027.44 16117.42
15013.50 16109.49
14998.51 16100.96
14982.55 16091.88
14966.86 16082.95
14951.70 16074.33
14935.70 16065.23
14920.63 16056.66
14905.01 16047.77
14889.36 16038.77
14877.50 16031.95
14864.83 16024.66
14863.25 16023.76
14861.11 16026.33
14861.10 16026.32
14861.09 16026.32
14861.09 16026.32
14861.09 16026.32
14861.09 16026.32
14861.09 16026.32
14861.09 16026.32
14861.09 16026.32
14861.09 16026.32
14861.09 16026.32
14852.69 16021.49
14852.62 16021.45
14841.62 16014.85
14840.07 16013.88
14830.92 16008.16
14825.97 16005.06
14814.70 15998.04
14795.93 15986.99
14780.29 15978.43
14764.71 15969.89
14748.99 15961.29
14732.85 15952.33
14712.15 15940.61
14698.33 15932.79
14685.93 15925.78
14676.44 15916.63
14655.52 15906.09
14640.57 15898.60
14625.28 15890.19
14609.97 15881.76
14594.62 15873.32
14579.38 15864.93
14565.63 15853.60
14550.25 15845.00
14535.46 15836.32
14521.43 15828.10
14511.03 15822.01
14504.08 15817.93
14500.76 15815.99
14500.26 15815.70
14499.75 15815.40
14497.81 15814.26
14495.24 15812.54
14491.37 15809.95
14474.45 15798.91
14469.12 15795.35
14462.93 15791.22
14455.95 15786.32
14449.12 15781.38
14433.48 15769.31
14423.64 15761.38
14414.07 15753.66
14403.93 15745.49
14393.97 15737.47
14384.52 15729.85
14374.57 15721.74
14365.31 15714.11
14355.56 15706.09
14349.18 15700.84
14342.67 15695.48
14335.24 15689.37
14327.62 15682.58
14320.27 15675.42
14307.13 15662.49
14299.97 15655.45
14292.28 15647.90
14283.98 15639.75
14276.41 15632.33
14268.34 15624.40
14260.10 15616.31
14251.93 15608.33
14243.66 15600.50
14230.34 15587.70
14222.01 15579.19
14214.17 15571.19
14206.30 15563.14
14198.64 15555.31
14190.32 15546.81
14182.45 15538.77
14173.86 15529.99
14166.69 15522.66
14158.78 15514.58
14146.53 15495.95
14146.48 15495.82
14140.44 15480.12
14126.23 15458.45
14123.63 15449.78
14121.07 15441.22
14118.56 15432.82
14116.15 15424.61
14113.85 15416.25
14107.29 15392.99
14105.04 15385.51
14102.85 15378.24
14100.72 15371.18
14096.43 15355.08
14094.37 15346.01
14092.52 15337.90
14091.45 15333.19
14091.06 15331.46
14091.00 15331.20
14090.98 15331.13
14090.98 15331.10
14090.98 15331.10
14090.98 15331.10
14090.88 15330.65
14090.54 15329.25
14089.78 15326.37
14088.57 15321.73
14080.08 15306.38
14073.01 15307.59
14064.20 15309.08
14055.05 15310.63
14046.08 15312.16
14036.96 15313.71
14022.39 15313.93
14012.39 15308.63
14002.70 15302.33
13995.56 15297.38
13990.88 15294.14
13985.96 15287.48
13985.42 15282.74
13984.95 15278.64
13984.47 15274.40
13983.91 15269.47
13983.43 15265.25
13982.93 15260.82
13982.40 15256.20
13981.88 15251.59
13981.40 15247.42
13980.94 15243.31
13980.44 15238.94
13979.94 15234.57
13979.45 15230.18
13978.88 15225.23
13977.77 15215.51
13977.29 15211.42
13976.84 15207.54
13976.38 15203.54
13975.92 15199.58
13975.45 15195.54
13974.36 15185.96
13973.90 15181.86
13973.43 15177.67
13972.98 15173.58
13972.48 15169.14
13972.06 15165.35
13971.59 15161.10
13971.17 15157.39
13970.72 15153.33
13970.26 15149.16
13969.82 15145.26
13969.33 15140.85
13968.95 15137.39
13968.47 15133.13
13967.97 15128.65
13967.48 15124.25
13967.05 15120.32
