15148.34 13328.04
15146.65 13327.37
15143.67 13326.17
15138.47 13324.10
15132.03 13321.53
15123.89 13318.27
15114.45 13314.51
15103.76 13310.23
15092.15 13306.20
15080.39 13303.26
15069.07 13300.42
15057.67 13297.56
15045.79 13294.73
15034.24 13292.28
15022.12 13289.71
15010.29 13287.21
14998.36 13285.03
14985.81 13282.82
14973.78 13280.72
14961.50 13278.57
14949.01 13276.38
14936.81 13274.25
14925.42 13272.30
14913.27 13270.22
14900.87 13268.09
14888.30 13265.93
14876.47 13263.91
14864.41 13261.84
14852.01 13259.71
14840.38 13257.72
14828.80 13255.73
14816.31 13253.58
14804.48 13251.53
14792.96 13249.54
14781.03 13247.47
14768.97 13245.38
14757.01 13243.32
14745.56 13241.33
14733.65 13239.27
14721.45 13237.16
14709.14 13235.03
14697.44 13233.01
14685.16 13230.88
14673.61 13228.88
14661.49 13226.79
14649.76 13224.76
14638.36 13222.78
14626.20 13220.68
14614.47 13218.65
14602.65 13216.61
14591.13 13214.61
14579.10 13212.53
14567.03 13210.44
14555.11 13208.38
14543.53 13206.37
14531.96 13204.37
14520.06 13202.31
14508.22 13200.26
14498.24 13198.54
14486.38 13196.48
14474.57 13194.44
14463.99 13192.61
14453.30 13190.76
14443.69 13189.10
14433.99 13187.42
14424.53 13185.81
14418.98 13184.89
14412.42 13183.79
14404.41 13182.45
14395.38 13180.94
14385.86 13179.35
14376.43 13177.78
14366.25 13176.08
14355.91 13174.35
14346.42 13172.77
14336.21 13171.06
14324.74 13169.15
14313.70 13167.30
14304.13 13165.70
14293.62 13163.95
14285.24 13162.55
14275.01 13160.84
14264.96 13159.16
14253.96 13157.32
14242.78 13155.46
14233.89 13153.97
14223.13 13152.17
14210.95 13150.14
14199.75 13148.27
14142.41 13137.36
14131.06 13135.22
14119.77 13132.42
14108.87 13129.71
14098.00 13127.01
14088.67 13124.65
14078.03 13121.96
14069.11 13119.70
14059.61 13117.00
14049.36 13113.64
14038.06 13109.93
14029.08 13106.99
14019.61 13104.12
14010.97 13101.62
14000.63 13098.62
13990.61 13095.72
13980.20 13092.70
13972.44 13090.45
13963.33 13087.65
13953.56 13084.50
13946.07 13082.08
13936.47 13078.99
13927.83 13076.61
13918.01 13074.44
13906.90 13072.00
13881.24 13068.48
13868.72 13068.84
13857.34 13070.13
13845.15 13073.05
13833.93 13076.85
13822.00 13080.89
13810.66 13085.99
13799.99 13091.21
13790.06 13096.85
13780.22 13102.79
13770.00 13109.75
13759.59 13116.85
13749.32 13123.85
13739.74 13130.43
13729.99 13137.33
13720.15 13144.26
13710.59 13150.98
13703.92 13155.67
13692.08 13161.98
13685.03 13166.90
13676.78 13172.65
13668.59 13178.36
13660.69 13187.50
13650.55 13194.26
13640.62 13201.39
13631.02 13208.27
13621.23 13215.29
13611.84 13222.03
13602.38 13228.71
13596.24 13233.01
13589.96 13237.41
13584.03 13241.56
13578.11 13245.70
13571.42 13249.06
13514.44 13259.40
13506.58 13257.47
13499.27 13255.67
13491.57 13253.78
13484.10 13251.94
13465.74 13248.17
13458.15 13246.63
13442.99 13243.24
13432.20 13240.19
13421.98 13237.16
13412.47 13235.56
13401.44 13233.97
13391.33 13232.51
13381.83 13231.14
13372.20 13229.74
13361.66 13228.18
13351.95 13226.74
13341.47 13225.19
13331.80 13223.76
13321.19 13222.45
13310.85 13221.29
13301.53 13220.25
13290.71 13219.03
13280.66 13217.88
13269.86 13216.59
13248.83 13215.98
13245.26 13215.64
13227.59 13213.66
13217.79 13212.39
13207.15 13211.01
13197.36 13209.75
13187.41 13207.90
13171.65 13222.75
13168.96 13228.19
13165.93 13234.35
13162.94 13240.43
13160.05 13246.29
13157.08 13252.32
13154.26 13258.04
13151.27 13264.12
13148.32 13270.11
13145.68 13275.47
13142.90 13281.12
13140.04 13286.93
13136.99 13293.12
13134.41 13298.36
13133.10 13301.02
13128.14 13311.19
13125.03 13317.60
13122.04 13323.75
13118.92 13330.18
13116.11 13335.98
13113.20 13341.97
13110.18 13348.19
13107.14 13354.46
13104.34 13360.22
13101.36 13366.36
13098.59 13372.08
13095.84 13377.74
13092.69 13384.23
13091.73 13397.07
13094.84 13403.41
13097.81 13409.71
13100.53 13415.51
13103.48 13421.81
13106.24 13427.70
13109.14 13433.68
13112.24 13439.87
13115.51 13446.41
13118.75 13452.23
13122.29 13458.58
13126.09 13463.12
13139.43 13464.63
13145.72 13465.42
13152.28 13466.23
13158.78 13467.04
13164.80 13467.79
13171.16 13468.58
13176.72 13469.27
13182.79 13470.03
