23181.19 7533.88
23183.38 7534.00
23187.74 7534.24
23194.07 7534.59
23201.78 7535.01
23210.77 7535.50
23221.65 7536.07
23233.72 7536.60
23245.22 7536.97
23256.74 7537.22
23264.98 7537.32
23269.92 7537.35
23267.96 7540.64
23259.85 7540.58
23249.46 7540.37
23237.38 7540.06
23225.53 7539.54
23214.49 7539.02
23203.33 7538.40
23192.37 7537.80
23181.04 7537.18
23160.32 7535.99
23149.24 7535.38
23138.23 7534.77
23127.10 7534.16
23116.45 7533.58
23095.48 7532.40
23083.97 7531.72
23072.43 7531.04
23059.99 7530.31
23048.32 7529.61
23036.43 7528.91
23024.77 7528.30
23013.13 7527.65
23001.17 7527.01
22989.40 7526.39
22978.61 7525.82
22972.01 7525.47
22969.60 7525.34
22968.52 7525.29
22965.64 7525.13
22951.50 7524.44
22944.99 7524.14
22936.20 7523.73
22925.29 7523.23
22912.94 7522.67
22901.38 7522.13
22889.10 7521.05
22877.28 7519.41
22865.27 7517.74
22852.97 7516.03
22841.07 7514.36
22828.96 7512.45
22817.33 7510.62
22800.05 7508.14
22787.88 7506.56
22775.28 7504.93
22763.03 7503.35
22751.14 7501.81
22738.84 7500.83
22726.74 7501.01
22715.01 7501.40
22702.81 7503.59
22690.50 7505.81
22679.00 7509.64
22669.41 7515.37
22661.74 7517.13
22641.33 7527.04
22633.65 7531.37
22626.62 7535.25
22619.62 7537.85
22615.41 7539.42
22592.89 7541.68
22588.54 7541.52
22585.31 7541.41
22568.94 7540.42
22555.82 7540.73
22544.02 7539.16
22532.55 7537.65
22521.22 7536.18
22506.67 7533.26
22495.48 7529.94
22476.27 7523.08
22468.79 7520.35
22461.21 7517.59
22446.37 7512.19
22436.55 7508.62
22417.46 7502.92
22406.68 7501.38
22395.86 7500.80
22384.17 7500.41
22372.64 7500.13
22361.43 7500.03
22349.84 7499.93
22338.12 7499.83
22327.19 7499.73
22305.46 7499.99
22294.27 7500.24
22282.60 7500.49
22270.79 7500.75
22259.50 7501.01
22247.70 7501.52
22235.83 7502.04
22223.93 7502.55
22212.62 7503.05
22200.32 7503.58
22178.66 7504.51
22166.32 7505.02
22154.77 7505.49
22142.99 7505.98
22130.90 7506.47
22118.46 7506.98
22106.83 7507.46
22094.78 7507.96
22082.26 7508.47
22070.28 7508.96
22058.19 7509.46
22045.52 7509.98
22033.65 7510.47
22021.96 7510.95
22009.31 7511.50
21998.59 7512.04
21990.13 7512.46
21973.11 7513.72
21965.84 7514.53
21957.63 7515.44
21947.74 7517.14
21936.82 7520.38
21926.30 7525.66
21916.51 7530.57
21906.05 7535.94
21896.90 7542.26
21881.35 7554.46
21872.42 7562.42
21863.76 7570.14
21855.27 7577.71
21846.66 7585.39
21838.10 7593.03
21830.02 7600.23
21823.39 7603.85
21819.76 7605.68
21819.69 7605.72
21819.63 7605.75
21819.62 7605.76
21819.61 7605.76
21819.61 7605.76
21818.19 7606.48
21815.49 7607.84
21813.22 7616.34
21815.05 7623.06
21816.23 7631.89
21816.71 7642.06
21817.24 7653.27
21817.90 7664.14
21818.62 7675.08
21819.35 7686.12
21819.95 7695.16
21820.30 7700.39
21820.44 7702.50
21820.51 7703.51
21820.51 7703.57
21820.51 7703.58
21820.51 7703.58
21820.51 7703.58
21820.51 7703.58
21820.51 7703.58
21820.51 7703.58
21820.51 7703.58
21820.51 7703.58
21820.51 7703.58
21820.71 7715.74
21820.62 7719.62
21820.47 7725.43
21820.29 7733.00
21820.06 7742.61
21819.93 7754.29
21819.78 7766.14
21819.65 7777.21
21819.60 7788.49
21819.56 7799.70
21819.52 7811.00
21819.48 7822.44
21819.36 7843.81
21819.26 7856.38
21819.17 7868.14
21819.08 7879.91
21818.98 7892.27
21818.89 7904.17
21818.80 7915.98
21818.70 7928.61
21818.60 7940.90
21818.51 7953.07
21818.42 7965.16
21818.33 7977.04
21818.23 7989.71
21818.21 8002.41
21818.22 8014.90
21818.09 8026.69
21817.73 8038.88
21817.39 8050.50
21817.01 8063.13
21815.25 8085.65
21814.01 8098.39
21812.78 8110.95
21811.56 8123.48
21810.35 8135.91
21809.17 8148.08
21807.97 8160.37
21806.81 8172.26
21805.60 8184.70
21804.44 8196.66
21803.25 8208.88
21802.12 8220.54
21800.98 8232.38
21799.85 8244.11
21798.69 8256.22
21797.54 8268.19
21796.32 8280.88
21795.20 8292.58
21794.00 8305.06
21792.88 8316.71
21790.20 8338.65
21788.37 8350.78
21786.53 8362.95
21784.68 8375.25
21782.79 8387.75
21781.00 8399.63
21779.17 8411.77
21777.43 8423.34
21775.68 8434.93
21773.42 8446.70
21771.13 8458.73
21768.99 8470.55
21766.74 8482.95
21764.57 8494.90
21762.39 8506.97
21760.13 8519.41
21757.48 8531.00
21754.64 8542.56
21750.44 8558.91
21747.86 8568.77
21745.24 8578.77
21740.02 8596.57
21736.54 8608.13
21731.88 8619.40
21726.99 8630.81
21722.11 8642.21
21718.35 8653.02
21716.77 8660.67
21715.04 8664.77
21714.67 8665.67
21714.66 8665.70
21714.65 8665.70
21714.65 8665.70
21714.65 8665.70
21714.65 8665.70
21714.65 8665.70
21714.65 8665.70
21714.65 8665.70
21714.65 8665.70
21714.65 8665.70
21714.65 8665.70
21714.65 8665.70
21714.65 8665.70
21714.65 8665.70
21714.65 8665.70
21714.65 8665.70
21714.65 8665.70
21714.21 8666.76
21713.30 8668.92
21712.26 8671.41
21706.84 8684.30
21704.78 8689.20
21701.96 8695.91
21697.94 8703.92
21692.60 8713.65
21688.95 8725.10
21685.14 8736.70
21681.46 8747.91
21678.51 8756.89
21675.29 8766.70
21671.84 8777.23
21665.50 8796.96
21662.01 8807.83
21658.92 8817.43
21655.51 8828.03
21652.36 8837.83
21649.23 8847.56
21645.94 8857.79
21642.79 8867.57
21639.45 8877.94
21636.06 8888.49
21633.07 8897.78
21629.73 8908.16
21626.55 8918.06
21623.45 8927.69
21620.26 8937.60
21617.09 8947.45
21614.16 8956.56
21610.65 8967.46
21607.93 8975.93
21605.86 8982.35
21604.75 8985.79
21604.10 8987.82
21603.76 8988.87
21603.65 8989.23
21603.65 8989.24
21603.65 8989.24
21603.65 8989.24
21603.65 8989.24
21603.65 8989.24
21603.65 8989.24
21603.65 8989.24
21603.65 8989.24
21603.65 8989.24
21603.65 8989.24
21603.65 8989.24
21603.65 8989.24
21603.65 8989.24
21603.65 8989.24
21603.65 8989.24
21603.65 8989.24
21603.65 8989.24
21603.65 8989.24
21603.65 8989.24
21603.65 8989.24
21603.65 8989.24
21603.65 8989.24
21603.65 8989.24
21603.65 8989.24
21603.65 8989.24
21603.65 8989.24
21603.65 8989.24
21603.42 8989.94
21602.68 8992.24
21601.33 8996.45
21599.24 9002.92
21594.15 9019.82
21591.59 9028.76
21588.45 9039.79
21585.25 9050.99
21582.43 9060.88
21579.36 9071.61
21576.41 9081.94
21573.74 9091.32
21571.42 9100.02
21568.70 9110.71
21566.07 9121.10
21563.45 9131.45
21560.73 9142.17
21558.26 9151.92
21555.55 9162.60
21553.12 9172.19
21550.45 9182.72
21547.98 9192.44
21545.32 9202.94
21542.95 9212.34
21539.97 9224.17
21537.32 9234.66
21534.75 9244.86
21532.45 9253.97
21530.20 9262.88
21528.79 9268.48
21528.01 9271.62
21527.68 9273.22
21527.55 9273.81
21527.54 9273.87
21527.54 9273.90
21527.53 9273.93
21527.53 9273.93
21527.53 9273.93
21527.53 9273.93
21527.53 9273.93
21527.53 9273.93
21527.53 9273.93
21527.53 9273.93
21527.53 9273.93
21527.53 9273.93
21527.53 9273.93
21527.53 9273.93
21527.53 9273.93
21527.53 9273.93
21527.53 9273.93
21527.53 9273.93
21527.53 9273.93
21527.53 9273.93
21527.53 9273.93
21527.53 9273.93
21527.53 9273.93
21527.27 9275.17
21526.64 9278.17
21525.74 9282.45
21513.94 9290.95
21506.54 9290.06
21500.17 9289.31
21493.83 9288.55
21487.39 9287.78
21480.98 9287.02
21474.15 9286.26
21467.76 9285.86
21461.01 9285.43
21454.13 9284.99
21447.21 9284.55
21440.72 9284.14
21434.28 9283.98
21426.95 9283.81
21419.80 9283.63
21413.39 9283.48
21406.13 9283.29
21399.65 9283.13
21392.17 9282.96
21385.27 9282.79
21378.64 9282.77
21372.29 9282.80
21365.38 9282.84
21358.83 9282.87
21351.82 9282.90
21345.45 9282.93
21338.35 9282.97
21330.99 9283.00
21324.57 9283.03
21317.87 9283.07
21310.47 9283.10
21305.66 9283.13
21307.89 9279.82
21315.30 9279.78
21322.44 9279.74
21329.10 9279.71
21335.53 9279.68
21342.88 9279.65
21349.28 9279.61
21355.91 9279.58
21362.68 9279.55
21369.47 9279.52
21376.43 9279.48
21383.00 9279.45
21389.88 9279.60
21397.33 9279.78
21404.63 9279.95
21410.98 9280.11
21418.19 9280.29
21425.44 9280.47
21432.32 9280.63
21438.74 9280.79
21445.89 9281.16
21452.82 9281.60
21460.05 9282.06
21466.81 9282.49
21473.12 9282.89
21479.60 9283.53
21486.89 9284.40
21493.21 9285.15
21499.50 9285.90
21506.53 9286.74
21513.96 9287.62
