10577.10 12755.36
10577.83 12753.32
10579.22 12749.46
10581.19 12743.97
10583.91 12736.40
10587.35 12726.81
10590.70 12717.49
10594.32 12707.40
10597.68 12698.03
10600.47 12690.28
10601.92 12686.23
10603.22 12692.40
10600.48 12700.03
10597.24 12709.03
10593.70 12718.89
10590.15 12728.77
10586.80 12738.11
10583.35 12747.71
10579.94 12757.19
10587.55 12765.11
10596.34 12766.62
10605.72 12768.23
10615.06 12769.84
10623.99 12771.38
10633.37 12772.99
10641.87 12774.46
10647.69 12775.46
10650.57 12775.95
10650.70 12775.98
10650.78 12775.99
10658.25 12787.45
10656.68 12790.52
10654.52 12794.73
10651.61 12800.40
10648.05 12807.35
10644.36 12814.56
10640.36 12822.42
10631.67 12839.58
10626.91 12848.74
10622.22 12857.76
10617.40 12867.01
10615.60 12877.62
10611.13 12886.22
10606.99 12895.45
10602.84 12904.81
10595.04 12922.50
10590.89 12931.80
10587.10 12940.18
10583.01 12949.16
10578.97 12957.78
10574.92 12966.03
10570.48 12975.10
10566.54 12983.40
10562.61 12992.62
10559.32 13001.69
10563.93 13015.21
10572.08 13019.75
10579.85 13024.09
10588.27 13029.15
10595.97 13033.80
10604.42 13038.92
10612.78 13044.05
10620.84 13049.00
10629.12 13054.08
10636.87 13058.83
10644.56 13063.55
10652.83 13068.63
10672.36 13080.56
10681.19 13085.92
10689.75 13091.13
10698.09 13096.19
10706.87 13101.30
10715.20 13106.16
10723.89 13111.22
10740.63 13121.07
10748.26 13125.60
10755.50 13129.90
10762.38 13133.99
10776.16 13142.12
10785.13 13147.37
10793.97 13152.55
10802.75 13157.69
10812.12 13163.17
10820.74 13168.27
10830.08 13173.81
10838.03 13178.52
10843.61 13181.83
10845.66 13183.05
10845.84 13183.15
10845.87 13183.17
10845.87 13183.17
10858.05 13190.33
10860.66 13191.85
10864.70 13194.21
10869.81 13197.18
10876.22 13200.92
10884.02 13205.47
10892.11 13210.18
10900.62 13215.14
10909.06 13220.06
10925.77 13230.52
10934.19 13235.61
10943.45 13241.05
10951.92 13246.03
10960.43 13251.03
10969.44 13256.33
10978.23 13261.49
10994.56 13271.04
11000.75 13274.63
11012.69 13281.62
11021.94 13287.10
11031.09 13292.53
11039.73 13297.66
11049.07 13303.21
11057.73 13308.22
11067.28 13313.63
11076.66 13318.94
11085.66 13324.03
11095.06 13329.36
11104.27 13334.43
11121.59 13342.99
11130.32 13347.22
11138.96 13351.41
11147.88 13355.73
11156.39 13359.86
11164.88 13363.98
11173.96 13368.38
11182.56 13372.55
11191.13 13376.70
11199.71 13380.86
11228.27 13394.57
11237.08 13398.90
11245.93 13403.25
11255.08 13407.75
11264.59 13412.42
11273.97 13417.03
11283.13 13421.53
11292.08 13425.93
11301.46 13430.54
11310.51 13434.98
11319.49 13439.46
11328.43 13443.98
11337.20 13448.42
11346.15 13452.95
11354.88 13457.37
11372.58 13466.41
11382.34 13471.46
11391.56 13476.23
11400.56 13480.89
11409.64 13485.59
11419.40 13489.99
11428.87 13493.99
11438.30 13498.24
11447.47 13502.80
11456.76 13507.42
11466.30 13512.16
11475.51 13516.74
11484.60 13521.26
11494.39 13526.12
11512.07 13534.50
11522.11 13539.04
11531.66 13543.37
11541.72 13547.92
11551.17 13552.19
11561.59 13556.91
11571.90 13561.57
11581.63 13565.98
11591.94 13570.64
11601.59 13575.32
11610.75 13579.91
11620.81 13584.97
11630.21 13589.70
11639.98 13594.62
11649.89 13599.61
11660.09 13604.37
11671.97 13608.84
11672.86 13609.01
11673.05 13609.05
11673.06 13609.05
11673.06 13609.05
11673.06 13609.05
11673.06 13609.05
11673.06 13609.05
11673.06 13609.05
11673.06 13609.05
11673.06 13609.05
11673.06 13609.05
11673.06 13609.05
11673.06 13609.05
11673.06 13609.05
11673.06 13609.05
11673.06 13609.05
11673.06 13609.05
11673.06 13609.05
11683.93 13621.81
11684.76 13622.95
11685.96 13624.60
11687.34 13626.50
11688.20 13627.67
11692.26 13644.32
11691.17 13651.94
11690.55 13661.79
11689.93 13673.28
11690.08 13687.11
11692.09 13705.08
11692.40 13720.70
11692.72 13736.31
11693.03 13751.80
11693.34 13767.88
11693.67 13784.25
11693.97 13799.41
11694.29 13815.49
11694.59 13830.80
11694.90 13846.00
11695.21 13861.72
11695.54 13878.08
11697.41 13889.11
11697.72 13905.03
11697.92 13914.73
11698.12 13925.11
11698.30 13933.80
11698.42 13939.94
11698.49 13943.64
11698.50 13944.46
11698.51 13944.60
11698.51 13944.63
11698.51 13944.64
11698.51 13944.64
11698.51 13944.64
11698.51 13944.64
11698.51 13944.64
11698.51 13944.64
11698.51 13944.64
11698.51 13944.64
11698.51 13944.64
11698.51 13944.64
11698.51 13944.64
11698.51 13944.64
11698.51 13944.64
11698.51 13944.64
11698.51 13944.64
11698.51 13944.64
11698.51 13944.64
11697.91 13983.47
11698.02 13985.36
11698.19 13988.51
11698.41 13992.47
11698.69 13997.49
11699.03 14003.46
11699.40 14010.13
11699.84 14018.01
11701.49 14055.09
11703.51 14066.05
11705.64 14077.61
11709.80 14100.12
11713.44 14115.10
11716.88 14129.27
11720.52 14144.28
11724.71 14158.03
11729.18 14172.29
11733.45 14185.93
11737.92 14200.18
11744.59 14211.12
11746.51 14218.16
11748.53 14225.54
11750.52 14232.83
11752.61 14240.46
11754.54 14247.54
11756.62 14255.16
11758.54 14262.18
11760.61 14269.77
11762.21 14275.34
11763.03 14278.11
11763.12 14278.43
11763.18 14278.64
11763.22 14278.75
11763.70 14280.40
11764.36 14282.64
11774.75 14328.44
11776.14 14333.95
11778.05 14341.54
11780.26 14350.31
11782.91 14360.81
11785.78 14372.21
11789.15 14385.59
11792.61 14399.31
11796.18 14413.47
11799.53 14426.75
11802.87 14440.02
11806.21 14453.28
11809.61 14466.74
11813.17 14480.86
11815.68 14497.61
11819.10 14511.18
11822.68 14525.39
11826.41 14539.99
11830.27 14554.62
11834.14 14569.28
11840.82 14587.52
11843.07 14595.67
11844.84 14602.05
11846.00 14605.80
11846.57 14607.42
11846.79 14608.02
11846.85 14608.20
11846.90 14608.35
11846.91 14608.37
11846.91 14608.38
11846.91 14608.39
11846.91 14608.39
11843.78 14609.41
11844.28 14610.83
11845.11 14613.04
11845.12 14613.07
11845.13 14613.07
11845.13 14613.07
11845.13 14613.07
11845.13 14613.07
11845.13 14613.07
11845.13 14613.07
11845.13 14613.07
11845.13 14613.07
11845.13 14613.07
11845.13 14613.07
11845.13 14613.07
11845.13 14613.07
11845.65 14614.41
11846.60 14616.86
11857.43 14642.60
11860.39 14648.78
11864.43 14656.94
11868.06 14664.15
11872.14 14672.25
11876.24 14680.37
11884.03 14688.50
11888.68 14697.71
11893.32 14706.92
11897.51 14715.23
11901.37 14722.89
11906.14 14732.34
11911.67 14743.31
11917.42 14754.71
11922.77 14765.33
11928.97 14777.61
11938.47 14792.61
11945.70 14806.44
11952.59 14819.61
11959.46 14832.76
11966.55 14846.32
11972.09 14860.49
11975.54 14867.12
11980.96 14876.13
11985.27 14889.65
11986.59 14891.86
11986.96 14892.47
11987.29 14893.02
11987.31 14893.07
11987.33 14893.09
11988.02 14894.24
11989.63 14896.57
11991.68 14899.43
11999.70 14909.57
12005.21 14916.35
12011.87 14924.53
12019.82 14934.29
12028.93 14945.49
12038.66 14957.44
12049.09 14972.87
12058.54 14984.47
12068.49 14996.69
12078.09 15008.49
12087.71 15020.30
12097.16 15031.92
12111.89 15042.24
12121.07 15053.14
12135.07 15069.66
12145.18 15082.24
12155.18 15094.77
12165.06 15107.15
12174.57 15119.07
12184.31 15131.28
12193.74 15143.10
12203.58 15155.43
12213.56 15167.95
12223.36 15180.22
12233.22 15192.58
12242.90 15204.72
12251.27 15217.84
12258.12 15226.43
12265.02 15235.08
12272.05 15243.89
12278.66 15252.18
12308.89 15286.61
12315.98 15295.37
12323.10 15304.17
12329.98 15312.66
12336.74 15321.01
12343.86 15329.63
12359.19 15346.48
12364.71 15352.19
12369.19 15356.81
12383.22 15373.75
12390.00 15380.86
12396.78 15387.98
12403.58 15395.12
12410.67 15402.56
12417.44 15409.66
12425.79 15420.72
12433.02 15428.21
12440.43 15435.89
12447.93 15443.67
12455.25 15451.26
12462.52 15458.65
12469.86 15466.11
12477.24 15473.62
12484.31 15480.81
12498.80 15498.41
12505.22 15505.17
12511.56 15511.83
12517.99 15517.64
12524.36 15523.27
12530.87 15529.03
12548.86 15540.13
12557.81 15546.16
12567.69 15551.52
12577.83 15555.67
12587.77 15558.36
12598.46 15561.24
12609.37 15563.91
12620.43 15566.61
12630.84 15569.16
12641.30 15571.48
12651.59 15573.77
12662.28 15577.48
12672.16 15581.62
12682.11 15586.70
12691.06 15593.15
12698.70 15601.08
12704.99 15609.57
12710.60 15618.69
12715.47 15628.30
12719.31 15638.35
12721.14 15648.68
12722.86 15659.30
12724.20 15669.30
12725.02 15680.05
12725.62 15690.23
12725.87 15700.87
12725.76 15711.01
12724.11 15721.32
12722.39 15732.02
12721.27 15742.81
12721.24 15750.66
12721.22 15754.83
12725.13 15773.62
12729.43 15778.79
12735.74 15785.26
12742.95 15792.32
12750.58 15799.03
12758.94 15805.32
12767.89 15811.46
12776.36 15816.84
12785.99 15819.18
12799.31 15821.91
12808.82 15823.45
12818.61 15825.03
12828.75 15826.67
12839.30 15828.38
12849.89 15829.51
12860.22 15830.45
12870.82 15831.42
12890.93 15833.38
12901.41 15834.55
12911.84 15835.66
12922.74 15836.83
12933.62 15838.00
12943.98 15839.01
12955.46 15839.75
12966.97 15840.43
12978.41 15841.12
12989.89 15841.80
13001.20 15842.47
13012.41 15843.09
13023.46 15843.59
13034.19 15844.08
13045.68 15844.60
13056.70 15845.09
13067.61 15845.51
13079.03 15845.96
13089.88 15846.38
13101.48 15846.84
13112.06 15847.25
13122.56 15847.66
13133.53 15848.09
13144.21 15848.50
13155.14 15848.93
13165.60 15849.41
13176.07 15850.12
13186.96 15850.86
13197.68 15851.59
13208.33 15852.31
13219.88 15853.10
13231.27 15855.53
13242.16 15858.01
13252.44 15860.36
13263.51 15863.35
13274.19 15866.79
13285.14 15870.32
13295.45 15875.11
13304.73 15879.90
13314.72 15885.51
13324.11 15891.87
13333.62 15898.60
13342.45 15904.85
13351.93 15911.55
13360.82 15917.84
13369.54 15924.00
13378.19 15930.12
13396.94 15943.11
13405.67 15948.98
13413.80 15954.45
13426.53 15959.53
13433.02 15964.20
13440.06 15968.93
13447.31 15973.31
13454.82 15977.87
13462.24 15982.37
13489.61 15989.54
13494.94 15990.66
13499.40 15991.70
13501.72 15992.24
13505.98 15985.56
13506.32 15978.89
13506.72 15971.25
13507.52 15963.27
13508.57 15954.65
13515.09 15939.05
13519.02 15930.35
13523.28 15921.81
13527.25 15913.87
13531.28 15905.79
13536.20 15894.61
13539.94 15885.64
13543.70 15876.71
13547.63 15867.79
13552.03 15858.45
13556.63 15849.00
13564.26 15832.40
13567.70 15824.62
13570.55 15818.17
13572.06 15814.76
13585.38 15812.95
13590.00 15815.57
13594.79 15818.28
13599.47 15820.94
13604.65 15823.88
13610.07 15826.96
13614.67 15829.57
13619.59 15832.36
13624.38 15835.08
13629.11 15837.76
13634.64 15840.90
13639.71 15843.78
13644.74 15846.63
13649.59 15849.38
13662.64 15857.01
13667.02 15859.64
13670.64 15861.80
13674.48 15864.11
13683.71 15869.39
13689.19 15872.36
13694.36 15875.16
13699.16 15877.75
13704.42 15880.60
13709.30 15883.24
13714.03 15885.80
13719.03 15888.51
13724.74 15891.60
13729.76 15894.32
13734.71 15896.99
13740.08 15899.90
13745.47 15902.82
13751.06 15905.84
13756.42 15908.74
13761.64 15911.57
13767.65 15911.99
13771.24 15908.27
13780.92 15896.33
13784.74 15890.44
13789.41 15883.21
13794.74 15874.98
13799.58 15867.50
13804.81 15859.41
13815.32 15856.09
13819.72 15858.87
13824.22 15861.72
13829.25 15864.90
13833.79 15867.78
13838.43 15870.71
13844.30 15870.34
13848.39 15865.95
13850.35 15862.69
13852.99 15853.36
13853.81 15850.03
13864.60 15846.45
13871.09 15845.90
13877.67 15845.34
13883.58 15844.84
13890.01 15844.29
13895.64 15843.82
13901.58 15843.31
13908.14 15842.75
13914.48 15842.22
13920.69 15841.69
13927.13 15841.14
13933.05 15840.64
13938.57 15840.17
13944.12 15839.72
13950.02 15839.26
13956.54 15838.73
13962.62 15838.12
13968.99 15837.48
13975.54 15836.82
13982.05 15836.17
13987.87 15835.59
14000.59 15834.36
14003.75 15834.12
14006.84 15833.87
14009.36 15833.68
14010.33 15833.60
14010.65 15833.58
14010.69 15833.57
14011.08 15833.54
14012.39 15833.44
14023.03 15824.19
14024.53 15818.51
14025.07 15810.96
14024.58 15801.72
14023.77 15792.46
14022.91 15782.58
14022.07 15772.95
14021.25 15763.61
14020.51 15755.11
14020.01 15749.43
14019.76 15746.57
14019.75 15746.44
14019.75 15746.41
14019.75 15746.40
14019.75 15746.40
14019.75 15746.40
14019.75 15746.40
14019.75 15746.40
14019.75 15746.40
14019.75 15746.40
14019.75 15746.40
14019.75 15746.40
14019.75 15746.40
14019.75 15746.40
14019.75 15746.40
14019.75 15746.40
14019.75 15746.40
14019.75 15746.40
14019.75 15746.40
14019.75 15746.40
14019.69 15745.79
14019.58 15744.49
14019.40 15742.41
14019.11 15739.17
14018.72 15734.63
14018.22 15729.00
14017.63 15722.17
