5143.58 28035.71
5143.94 28033.98
5144.70 28030.34
5145.91 28024.53
5147.53 28016.82
5149.48 28007.47
5151.57 27997.48
5153.74 27987.09
5155.99 27976.33
5158.10 27966.24
5160.20 27956.16
5162.44 27945.48
5164.67 27934.78
5166.87 27924.27
5170.92 27904.86
5172.96 27895.10
5175.19 27884.43
5177.36 27874.02
5179.44 27864.07
5181.61 27853.67
5183.83 27843.04
5185.94 27832.92
5188.13 27822.46
5190.38 27811.66
5192.18 27803.04
5193.13 27798.50
5186.37 27792.41
5179.17 27790.77
5169.87 27788.64
5159.76 27786.33
5149.30 27783.94
5138.49 27781.47
5127.66 27779.00
5116.89 27776.53
5106.78 27774.23
5096.02 27771.77
5086.27 27769.54
5075.76 27767.14
5065.69 27764.83
5054.93 27762.38
5044.99 27760.11
5035.13 27757.86
5024.54 27755.44
5014.76 27753.20
5004.51 27750.86
4993.89 27748.44
4983.32 27746.03
4973.95 27743.89
4967.54 27742.42
4963.12 27725.73
4971.51 27718.03
4980.08 27708.67
4989.95 27697.29
5000.13 27685.55
5010.10 27674.04
5020.26 27662.32
5030.57 27650.43
5040.40 27638.08
5049.45 27624.95
5058.64 27611.62
5067.26 27599.09
5074.91 27585.65
5082.50 27571.43
5089.81 27557.71
5096.93 27544.36
5104.32 27530.52
5111.84 27517.45
5120.87 27505.27
5130.95 27493.47
5141.68 27482.62
5153.01 27472.73
5162.44 27465.72
5171.22 27459.24
5180.37 27452.68
5190.34 27445.59
5201.89 27437.39
5214.45 27428.46
5227.29 27419.34
5240.38 27410.03
5253.57 27400.54
5266.32 27391.35
5279.32 27381.98
5292.67 27372.29
5305.03 27363.23
5317.78 27353.89
5330.52 27344.55
5343.43 27335.08
5356.08 27325.81
5368.90 27316.41
5381.33 27307.31
5394.66 27297.54
5407.09 27288.42
5419.80 27279.06
5432.24 27269.89
5444.83 27260.61
5458.03 27250.87
5471.10 27241.24
5483.36 27231.84
5496.07 27221.87
5508.92 27211.79
5521.87 27201.62
5534.38 27191.76
5546.78 27181.95
5559.11 27172.20
5571.54 27162.36
5584.14 27152.39
5600.92 27139.09
5609.58 27132.20
5618.67 27124.98
5627.73 27117.78
5636.23 27111.03
5644.77 27104.24
5653.18 27097.56
5662.35 27090.27
5671.67 27082.87
5680.29 27076.02
5689.32 27068.90
5698.03 27062.06
5707.15 27054.89
5716.42 27047.61
5725.05 27040.83
5733.89 27033.89
5742.39 27027.22
5751.33 27020.23
5760.64 27012.95
5769.59 27005.96
5778.95 26998.64
5788.32 26991.31
5796.79 26984.69
5805.87 26977.59
5814.60 26970.77
5823.71 26963.65
5832.94 26956.43
5842.04 26949.31
5850.82 26942.44
5859.96 26935.30
5869.18 26928.10
5878.30 26920.96
5887.00 26914.16
5895.72 26907.34
5905.00 26900.09
5914.31 26892.81
5923.51 26885.62
5932.29 26878.75
5941.17 26871.81
5949.67 26865.16
5958.72 26858.09
5967.53 26851.20
5976.91 26843.86
5985.40 26837.23
5994.09 26830.44
6003.23 26823.28
6011.00 26817.21
6015.98 26813.38
6020.72 26809.71
6025.54 26805.99
6031.00 26801.77
6035.74 26798.11
6041.13 26793.95
6046.53 26789.77
6051.68 26785.80
6056.40 26782.15
6061.38 26778.30
6066.44 26774.39
6071.66 26770.45
6076.72 26766.74
6082.30 26762.65
6087.89 26759.33
6093.01 26756.42
6098.24 26753.47
6103.95 26750.79
6109.52 26748.18
6115.27 26745.48
6121.23 26742.68
6126.65 26740.15
6132.60 26737.35
6138.27 26735.00
6144.15 26732.84
6149.82 26730.76
6157.85 26720.53
6158.42 26717.83
6159.71 26714.78
6176.13 26703.88
6182.53 26706.32
6192.66 26711.38
6202.29 26706.98
6211.75 26702.27
6222.00 26697.36
6232.32 26692.41
6241.51 26686.11
6250.70 26679.74
6259.80 26673.42
6269.01 26667.03
6277.43 26660.72
6286.31 26653.72
6295.05 26646.83
6303.35 26640.29
6312.16 26633.35
6320.83 26626.51
6329.10 26619.99
6337.97 26612.85
6346.64 26605.58
6355.15 26598.44
6363.80 26591.18
6372.37 26583.98
6380.61 26577.07
6389.42 26569.68
6397.96 26562.52
6406.08 26555.70
6414.81 26548.37
6423.32 26541.24
6431.88 26534.23
6440.50 26527.36
6448.76 26520.78
6457.50 26513.82
6466.60 26506.56
6475.41 26499.54
6484.19 26492.55
6492.71 26485.76
6500.94 26479.20
6510.47 26473.07
6519.63 26467.50
6529.12 26462.74
6538.89 26457.79
6549.16 26452.21
6559.28 26446.71
6568.89 26441.41
6583.50 26425.24
6592.36 26419.13
6601.27 26412.76
6609.49 26406.87
6618.16 26400.67
6626.75 26394.53
6635.84 26388.02
6644.10 26382.11
6652.57 26376.05
6660.97 26370.04
6670.10 26363.51
6678.53 26357.56
6688.06 26351.69
6697.83 26346.49
6707.80 26342.20
6718.10 26339.07
6738.25 26333.47
6748.58 26330.92
6759.15 26328.79
6770.10 26326.71
6780.59 26325.38
6791.74 26323.97
6802.66 26322.59
6812.84 26321.32
6823.99 26320.05
6834.16 26318.89
6845.31 26317.31
6855.93 26315.45
6866.40 26313.61
6876.95 26311.76
6885.79 26310.22
6890.45 26309.40
6894.78 26300.86
6893.20 26291.65
6890.92 26280.28
6888.69 26270.11
6886.26 26259.02
6883.99 26248.72
6881.63 26237.92
6879.37 26227.62
6876.88 26216.24
6874.50 26205.00
6872.17 26193.96
6869.88 26183.12
6867.49 26171.85
6865.11 26160.80
6862.73 26150.36
6860.36 26140.00
6857.72 26128.99
6854.00 26118.59
6849.73 26108.34
6844.94 26097.88
6840.11 26087.37
6835.57 26077.46
6830.91 26067.21
6826.23 26056.64
6821.71 26046.43
6817.02 26035.85
6813.47 26025.82
6809.67 26014.91
6805.94 26004.21
6802.12 25993.27
6798.53 25982.95
6794.89 25972.51
6791.43 25962.60
6788.00 25952.19
6785.43 25943.92
6783.96 25939.18
6790.36 25927.04
6797.22 25923.06
6805.25 25918.01
6814.85 25911.98
6823.79 25906.35
6833.00 25900.57
6842.36 25894.69
6851.52 25889.16
6861.34 25883.32
6870.42 25877.93
6879.61 25872.47
6888.88 25866.97
6898.12 25861.49
6907.17 25856.15
6916.55 25850.60
6926.41 25844.78
6936.40 25838.88
6946.80 25833.58
6957.05 25828.41
6966.79 25823.50
6976.77 25818.52
6986.77 25813.65
6996.57 25808.88
7006.30 25804.13
7016.65 25799.09
7026.46 25794.48
7036.47 25790.03
7047.13 25785.29
7057.02 25780.88
7067.46 25776.24
7077.74 25771.83
7087.96 25767.61
7102.20 25764.10
7113.36 25760.71
7123.64 25757.96
7134.36 25756.48
7145.14 25755.03
7156.36 25753.80
7167.30 25752.60
7178.18 25751.41
7188.83 25750.24
7199.54 25749.06
7211.29 25747.77
7222.07 25746.59
7233.23 25745.36
7243.78 25744.20
7254.62 25743.01
7265.50 25741.82
7276.22 25740.70
7287.30 25739.56
7298.18 25738.44
7308.88 25737.34
7319.56 25736.24
7330.88 25735.07
7341.61 25733.97
7352.31 25732.86
7363.16 25731.75
7374.85 25730.54
7385.82 25729.39
7397.06 25728.21
7408.34 25727.03
7419.82 25725.82
7430.76 25724.68
7441.67 25723.53
7452.75 25722.37
7463.64 25721.22
7474.80 25720.05
7485.45 25718.93
7497.08 25717.70
7508.25 25716.48
7519.84 25715.22
7530.65 25714.04
7542.37 25712.77
7552.90 25711.62
7563.91 25710.43
7575.33 25709.18
7586.76 25707.95
7597.30 25706.88
7608.55 25705.75
7619.06 25704.69
7629.92 25703.59
7641.01 25702.43
7652.29 25701.21
7662.98 25700.06
7674.25 25698.84
7684.92 25697.69
7696.34 25696.46
7707.88 25695.21
7719.46 25694.33
7730.72 25696.15
7741.35 25700.59
7750.38 25707.18
7756.68 25716.02
7761.97 25726.30
7766.90 25735.89
7771.65 25745.13
7774.42 25750.50
7784.55 25750.72
7792.42 25746.61
7802.06 25741.59
7811.65 25736.59
7821.40 25731.50
7831.73 25726.10
7841.35 25720.97
7850.61 25715.58
7860.35 25709.66
7870.21 25703.49
7879.61 25697.42
7888.91 25691.31
7897.73 25685.22
7907.03 25678.56
7916.45 25671.83
7925.87 25664.76
7934.45 25658.14
7943.41 25651.22
7952.43 25644.26
7961.17 25637.51
7969.98 25630.62
7978.43 25624.01
7987.26 25617.12
7995.99 25610.29
8004.66 25603.84
8015.05 25599.25
8026.70 25598.93
8037.88 25600.75
8048.47 25602.55
8059.42 25604.41
8070.70 25606.33
8081.88 25608.23
8092.52 25610.03
8103.28 25611.86
8114.64 25613.79
8125.63 25615.66
8136.55 25617.51
8148.20 25619.49
8159.55 25621.42
8170.64 25623.31
8181.64 25625.17
8192.14 25626.96
8203.51 25628.89
8214.64 25630.78
8226.03 25632.71
8236.86 25634.56
8248.29 25636.50
8259.20 25638.35
8270.60 25640.29
8281.76 25642.18
8293.23 25644.13
8304.89 25646.11
8316.06 25648.01
8326.67 25649.81
8337.79 25651.70
8348.44 25653.51
8359.41 25655.37
8370.89 25657.32
8381.60 25659.14
8393.32 25661.14
8404.62 25663.05
8415.70 25664.94
8426.63 25666.79
8437.99 25668.72
8449.06 25670.60
8460.68 25672.58
8472.35 25674.43
8483.91 25676.25
8494.54 25677.93
8505.35 25679.63
8516.79 25681.43
8527.35 25683.10
8537.84 25684.75
8548.95 25686.50
8560.27 25688.28
8570.99 25689.97
8581.95 25691.70
8592.77 25693.40
8604.27 25695.22
8615.66 25697.01
8626.31 25698.69
8637.35 25700.43
8648.85 25702.24
8659.46 25703.91
8670.09 25705.59
8681.35 25707.36
8693.07 25709.21
8704.08 25710.94
8714.76 25712.63
8725.95 25714.39
8737.16 25716.15
8748.03 25717.87
8759.58 25719.69
8770.56 25721.42
8781.29 25723.11
8792.56 25724.88
8803.24 25726.56
8814.23 25728.30
8823.83 25717.75
8826.87 25707.03
8829.90 25696.33
8832.81 25686.04
8835.69 25675.89
8838.65 25665.45
8841.63 25655.64
8844.99 25645.23
8848.08 25635.64
8851.32 25625.58
8854.41 25615.98
8857.53 25606.31
8860.94 25595.72
8864.35 25585.16
8867.63 25574.97
8870.47 25564.75
8873.32 25554.00
8875.35 25546.37
8876.64 25541.51
8872.32 25532.09
8869.55 25524.77
8870.67 25515.50
8875.67 25508.09
8884.03 25503.80
8891.08 25492.70
8892.53 25481.95
8893.86 25471.16
8894.03 25459.78
8894.20 25448.14
8893.75 25436.38
8893.02 25425.43
8891.66 25413.99
8889.91 25403.49
8887.42 25392.51
8884.75 25381.29
8881.83 25370.09
8878.40 25359.99
8874.59 25349.79
8870.34 25339.90
8865.98 25329.74
8861.56 25318.79
8857.30 25308.12
8853.92 25297.79
8851.02 25286.30
8847.95 25275.31
8844.73 25264.36
8842.12 25253.28
8839.56 25241.90
8837.88 25230.72
8836.22 25219.69
8835.16 25209.15
8834.07 25198.28
8833.29 25187.49
8832.76 25176.89
8832.25 25166.23
8832.26 25155.63
8832.27 25144.17
8832.88 25132.46
8833.74 25121.20
8834.58 25110.53
8837.30 25099.11
8839.99 25087.79
8842.48 25077.48
8845.92 25067.05
8849.34 25056.68
8852.70 25046.58
8856.48 25035.59
8860.05 25025.23
8864.30 25015.24
8868.76 25005.49
8873.22 24995.73
8878.70 24985.98
8884.78 24976.02
8890.55 24966.57
8897.16 24956.74
8903.11 24947.90
8909.36 24938.71
8916.09 24929.76
8922.46 24921.30
8929.33 24912.18
8935.82 24903.55
8942.70 24894.65
8949.61 24885.96
8957.21 24876.95
8962.89 24871.55
8966.61 24868.03
8974.76 24855.98
8978.45 24851.59
8984.92 24848.73
8998.05 24840.13
9004.02 24830.88
9010.28 24821.48
9017.13 24812.81
9025.39 24805.00
9033.83 24797.01
9041.65 24789.61
9049.13 24782.06
9057.11 24773.85
9065.07 24765.66
9072.89 24756.86
9080.27 24748.55
9087.51 24740.40
9095.09 24731.50
9102.54 24722.41
9109.36 24714.08
9116.11 24705.83
9122.85 24697.28
9129.50 24688.14
9136.34 24678.72
9142.96 24669.62
9149.01 24659.63
9155.00 24649.72
9160.94 24639.90
9166.41 24630.85
9171.78 24621.45
9177.26 24611.82
9181.97 24602.37
9185.84 24592.33
9190.00 24581.54
9193.87 24571.36
9197.79 24560.91
9201.61 24550.74
9205.17 24540.54
9208.34 24529.81
9211.60 24518.76
9214.41 24508.07
9216.06 24496.67
9217.70 24485.40
9219.37 24473.93
9221.02 24462.70
9223.26 24451.36
9224.86 24443.32
9222.16 24426.93
9222.06 24420.63
9230.30 24413.60
9240.15 24412.80
9245.13 24419.62
9250.80 24426.46
9256.49 24427.08
9262.03 24427.69
9267.18 24428.47
9272.06 24429.34
9277.54 24430.33
9282.34 24431.19
9287.32 24432.08
9301.38 24435.60
9307.73 24437.80
9313.39 24439.72
9319.09 24441.96
9324.95 24444.25
9330.21 24446.99
9335.01 24450.05
9340.09 24453.30
9345.44 24457.18
9350.11 24460.84
9354.47 24465.22
9358.53 24469.30
9362.64 24473.46
9365.95 24479.26
9369.11 24484.80
9372.14 24490.11
9375.06 24495.62
9377.56 24501.58
9380.07 24507.58
9382.28 24512.86
9384.50 24518.17
9386.60 24524.07
9387.86 24530.46
9389.05 24536.47
9390.32 24542.87
9391.44 24548.51
9392.44 24563.74
9392.26 24569.56
9392.04 24576.23
9391.83 24582.94
9391.63 24589.40
9391.44 24595.25
9391.28 24601.38
9391.36 24607.96
9391.43 24613.72
9391.51 24620.54
9391.58 24626.57
9391.66 24633.22
9391.73 24639.17
9392.02 24645.03
9393.32 24651.03
9394.67 24657.26
9397.08 24662.68
9400.16 24668.38
9403.54 24674.09
9407.60 24679.72
9411.48 24685.11
9415.28 24690.38
9419.65 24695.66
9425.05 24699.75
9430.25 24703.70
9435.02 24706.99
9440.57 24710.50
9446.06 24714.26
9451.12 24717.72
9455.88 24720.98
9461.40 24724.77
9466.13 24728.00
9471.07 24731.39
9476.16 24734.88
9481.62 24738.05
9487.47 24740.97
9493.20 24743.83
9498.39 24746.42
9503.93 24749.19
9510.16 24752.30
9516.27 24755.35
9521.63 24758.03
9527.03 24760.72
9532.17 24763.28
9537.55 24765.97
9543.77 24769.08
9549.16 24771.77
9554.70 24774.30
9561.17 24774.93
9566.98 24775.50
9573.86 24776.17
9580.54 24776.82
9586.96 24777.45
9593.69 24777.34
9599.67 24776.27
9605.84 24775.12
9611.66 24774.03
9618.22 24772.81
9625.06 24771.53
9637.10 24767.06
9640.73 24765.07
9644.07 24763.23
9646.75 24761.06
9658.47 24749.83
9662.35 24745.79
9666.34 24741.61
9669.94 24737.69
9673.89 24733.30
9677.95 24728.79
9681.47 24724.88
9685.38 24720.53
9689.38 24716.09
9692.74 24712.36
9696.39 24708.31
9705.69 24695.86
9708.72 24690.99
9712.21 24685.39
9715.75 24679.71
9719.27 24674.07
9722.82 24668.36
9726.32 24662.75
9729.29 24657.99
9732.24 24653.25
9735.39 24648.08
9738.30 24643.04
9741.55 24637.40
9744.83 24631.70
9748.06 24626.10
9751.05 24620.90
9754.24 24615.35
9757.27 24610.08
9760.24 24604.92
9763.44 24599.36
9766.59 24593.88
9769.74 24588.40
9771.97 24583.15
9773.68 24576.94
9775.37 24570.79
9776.94 24565.09
9778.48 24559.49
9780.17 24553.34
9781.97 24546.81
9783.63 24540.75
9788.15 24524.79
9790.06 24518.25
9791.94 24511.82
9793.61 24506.07
9795.24 24500.52
9797.10 24494.11
9798.99 24487.64
9800.66 24481.94
9802.27 24476.39
9804.13 24470.01
9805.34 24464.26
9806.50 24458.75
9807.71 24452.98
9808.90 24447.32
9810.10 24441.62
9811.43 24435.29
9812.63 24429.54
9813.92 24423.42
9815.25 24417.08
9816.61 24410.64
9817.86 24404.66
9819.12 24398.61
9820.28 24392.98
9821.59 24386.93
9823.22 24381.47
9825.05 24375.32
9826.90 24369.11
9828.56 24363.53
9830.17 24358.12
9831.84 24352.51
9833.66 24346.38
9831.77 24336.65
9826.50 24333.89
9821.58 24330.65
9816.33 24327.19
9810.39 24323.29
9804.81 24319.62
9799.02 24315.80
9794.09 24312.55
9788.29 24308.74
9782.79 24305.12
9777.12 24301.39
9771.60 24297.75
9766.31 24294.27
9761.08 24290.83
9756.04 24287.51
9751.00 24284.19
9749.34 24279.17
9749.35 24272.97
9749.53 24267.03
9752.50 24261.40
9755.25 24256.16
9758.12 24250.72
9760.89 24245.45
9763.67 24240.18
9766.97 24233.90
9770.11 24227.94
9772.94 24222.57
9776.00 24216.75
