14147.98 11289.64
14148.04 11288.28
14148.18 11285.03
14148.38 11280.40
14148.64 11274.43
14149.00 11266.16
14149.42 11256.44
14149.89 11245.53
14150.38 11234.02
14152.90 11224.68
14164.07 11225.12
14175.39 11225.56
14186.01 11225.97
14197.02 11226.40
14207.87 11226.82
14215.72 11227.13
14219.79 11227.29
14224.89 11219.62
14229.24 11212.78
14230.54 11204.00
14232.16 11193.10
14233.64 11183.14
14235.25 11172.29
14236.88 11161.31
14238.48 11150.52
14240.08 11139.77
14241.69 11128.92
14243.22 11118.61
14244.86 11107.60
14246.47 11096.76
14248.02 11086.32
14248.99 11079.79
14266.79 11080.30
14267.30 11090.55
14267.45 11101.94
14265.27 11112.91
14263.18 11123.43
14264.71 11133.75
14263.19 11144.95
14261.72 11155.77
14260.27 11166.48
14259.00 11177.48
14259.02 11188.01
14258.55 11198.89
14256.54 11209.18
14254.44 11219.54
14251.05 11230.03
14247.65 11240.54
14244.13 11251.41
14242.28 11262.16
14240.73 11272.64
14239.21 11282.97
14237.60 11293.86
14235.97 11304.54
14234.16 11315.82
14232.39 11326.85
14230.70 11337.45
14228.96 11348.31
14227.27 11358.85
14225.54 11369.69
14223.83 11380.57
14222.69 11390.97
14221.70 11401.67
14220.81 11411.28
14220.31 11416.63
14221.89 11427.33
14221.59 11439.30
14216.61 11443.61
14208.93 11454.18
14206.85 11464.40
14204.58 11475.53
14202.40 11486.24
14200.12 11497.42
14198.00 11507.82
14195.82 11518.52
14193.19 11529.43
14190.55 11540.24
14188.19 11554.17
14186.99 11564.43
14185.71 11574.75
14184.29 11585.82
14182.93 11596.37
14181.56 11607.04
14180.65 11614.10
14180.24 11617.29
14180.16 11617.86
14180.14 11618.05
14180.13 11618.08
14180.13 11618.09
14179.97 11619.34
14179.57 11622.47
14179.00 11626.87
14176.29 11645.42
14175.12 11652.72
14173.60 11662.29
14171.93 11672.72
14170.23 11683.41
14168.50 11694.29
14166.90 11704.33
14165.16 11715.21
14163.49 11725.71
14161.79 11736.35
14160.22 11746.20
14158.58 11756.54
14155.42 11776.04
14153.63 11786.80
14151.98 11796.77
14150.32 11806.75
14148.61 11817.06
14146.80 11827.91
14145.29 11837.04
14144.34 11842.74
14144.02 11844.69
14143.78 11846.15
14143.25 11849.29
14142.54 11853.57
14145.81 11864.09
14147.74 11870.44
14147.48 11872.93
14144.72 11882.03
14135.56 11890.79
14134.77 11898.24
14133.85 11907.33
14132.30 11917.67
14130.66 11928.59
14129.02 11939.50
14127.43 11950.08
14125.74 11961.38
14124.21 11971.58
14121.91 11986.46
14120.11 11994.51
14118.20 12003.85
14117.18 12013.43
14115.65 12024.37
14113.94 12034.98
14112.14 12046.16
14110.28 12057.76
14108.46 12069.09
14106.69 12080.08
14104.79 12091.73
14102.85 12103.04
14100.38 12113.42
14097.70 12123.77
14095.90 12130.73
14094.41 12140.30
14094.42 12140.35
14102.68 12149.25
14106.43 12152.23
14109.67 12157.79
14109.65 12168.64
14109.27 12169.60
14108.87 12170.59
14108.38 12171.80
14108.05 12172.44
14107.94 12172.61
14107.89 12172.67
14107.86 12172.72
14107.86 12172.72
14107.86 12172.72
14107.86 12172.72
14107.86 12172.72
14107.86 12172.72
14107.86 12172.72
14107.86 12172.72
14101.08 12178.71
14094.68 12180.25
14091.80 12180.05
14088.16 12179.21
14077.27 12174.56
14066.49 12171.91
14056.15 12174.76
14046.59 12178.94
14037.16 12185.20
14028.46 12191.15
14019.52 12197.28
14010.52 12203.44
14001.46 12209.81
13992.36 12216.33
13983.68 12222.56
13974.79 12228.92
13966.49 12234.87
13957.39 12241.39
13948.22 12247.96
13939.91 12253.91
13931.50 12259.94
13923.05 12265.99
13916.52 12270.67
13912.87 12273.29
13911.08 12274.93
13911.05 12274.96
13911.05 12274.97
13911.04 12274.97
13911.04 12274.97
13911.04 12274.97
13911.04 12274.97
13911.04 12274.97
13911.04 12274.97
13910.75 12275.27
13909.06 12277.00
13906.07 12280.05
13902.46 12283.73
13880.52 12306.56
13876.20 12311.15
13871.19 12316.46
13865.66 12322.33
13860.63 12327.67
13849.44 12337.00
13840.72 12343.30
13832.19 12349.46
13822.85 12356.20
13814.14 12362.49
13805.39 12368.81
13796.16 12375.47
13788.93 12384.76
13779.93 12391.26
13770.50 12398.16
13762.00 12404.61
13752.94 12411.49
13743.59 12418.60
13734.41 12425.57
13725.97 12431.98
13717.38 12438.50
13708.85 12444.98
13699.85 12451.82
13691.19 12458.39
13682.10 12465.30
13673.25 12472.02
13666.40 12477.00
13662.09 12479.66
13661.46 12480.05
13661.26 12480.18
13661.19 12480.22
13661.18 12480.23
13661.18 12480.23
13661.18 12480.23
13653.91 12484.77
13651.44 12486.55
13647.69 12489.26
13642.96 12492.68
13636.82 12497.36
13630.09 12502.48
13623.65 12507.39
13619.32 12510.26
13617.88 12511.21
13617.79 12511.26
13617.78 12511.27
13617.77 12511.28
13617.77 12511.28
13617.77 12511.28
13617.77 12511.28
13617.77 12511.28
13617.77 12511.28
13617.77 12511.28
13617.77 12511.28
13617.77 12511.28
13617.77 12511.28
13617.77 12511.28
13597.19 12529.32
13595.77 12530.39
13593.79 12531.88
13591.01 12533.98
13587.65 12536.51
13576.15 12545.37
13569.43 12549.48
13562.29 12553.83
13547.15 12564.43
13538.05 12571.34
13529.45 12577.86
13520.46 12584.68
13511.67 12591.35
13502.68 12598.17
13493.26 12605.29
13483.55 12611.93
13474.45 12618.16
13465.20 12624.48
13455.45 12631.15
13446.30 12637.40
13436.56 12644.07
13427.18 12650.48
13418.06 12656.72
13409.16 12662.81
13400.22 12668.92
13390.89 12675.31
13381.97 12681.41
13373.02 12687.53
13363.15 12694.28
13353.48 12700.90
13344.09 12707.32
13334.82 12713.66
13325.76 12719.86
13316.47 12726.21
13307.07 12732.64
13297.37 12739.28
13287.93 12745.74
13278.33 12752.31
13269.21 12758.54
13259.25 12764.19
13248.96 12767.18
13230.39 12772.90
13221.48 12775.62
13211.91 12778.66
13203.21 12781.61
13194.26 12784.64
13179.10 12792.33
13170.06 12798.55
13161.65 12804.63
13153.53 12810.70
13145.72 12817.35
13137.84 12824.07
13130.13 12830.64
13121.76 12837.76
13114.01 12844.37
13109.43 12848.27
13107.12 12850.24
13106.84 12850.48
13106.79 12850.52
13106.77 12850.54
13106.77 12850.54
13106.77 12850.54
13106.77 12850.54
13106.77 12850.54
13106.77 12850.54
13106.77 12850.54
13106.77 12850.54
13106.77 12850.54
13106.77 12850.54
13106.77 12850.54
13106.77 12850.54
13106.77 12850.54
13106.77 12850.54
13106.77 12850.54
13106.77 12850.54
13106.77 12850.54
13106.77 12850.54
13105.84 12851.33
13103.89 12853.03
13100.79 12855.76
13097.43 12866.68
13100.45 12872.57
13104.25 12879.97
13108.56 12888.37
13113.15 12897.34
13117.50 12905.82
13121.90 12914.40
13133.76 12938.34
13137.65 12946.42
13141.60 12954.64
13145.49 12962.71
13149.33 12970.70
13156.42 12985.21
13161.07 12994.55
13165.85 13004.16
13170.48 13013.45
13175.43 13023.39
13180.02 13032.61
13184.75 13042.09
13192.78 13057.99
13197.79 13067.85
13202.55 13077.72
13206.99 13087.05
13211.75 13097.05
13216.15 13107.41
13220.23 13117.01
13224.28 13126.56
13228.47 13136.41
13232.91 13146.88
13237.17 13156.92
13241.21 13166.85
13244.27 13174.69
13245.89 13178.83
13246.26 13179.67
13246.42 13180.05
13246.47 13180.15
13246.47 13180.17
13246.48 13180.17
13247.04 13181.46
13248.58 13184.99
13254.95 13200.17
13255.67 13201.96
13256.09 13202.99
13256.18 13203.21
13256.19 13203.22
13256.30 13203.52
13256.64 13204.34
13256.83 13204.82
13256.85 13204.86
13256.85 13204.86
13256.85 13204.86
13256.85 13204.86
13256.85 13204.86
13256.85 13204.86
13262.94 13220.54
13264.10 13223.66
13265.97 13228.73
13268.98 13235.56
13272.95 13244.14
13277.25 13253.16
13281.37 13261.78
13286.79 13272.57
13289.44 13277.30
13291.99 13281.85
13294.71 13286.70
13296.52 13289.94
13302.40 13300.88
13305.21 13306.20
13307.94 13311.40
13310.72 13316.67
13313.45 13321.85
13316.06 13326.80
13319.04 13332.45
13321.80 13337.69
13324.67 13343.13
13327.56 13348.63
13332.62 13359.81
13335.04 13366.26
13337.45 13372.69
13339.71 13378.74
13341.89 13384.56
13344.00 13390.19
13346.24 13396.15
13348.53 13402.50
13350.73 13408.92
13352.60 13414.41
13354.75 13420.67
13356.78 13426.57
13358.71 13432.21
13360.81 13438.35
13363.05 13444.89
13366.51 13452.95
13367.63 13456.14
13374.49 13463.69
13376.69 13466.36
13374.34 13477.48
13373.17 13478.41
13368.83 13485.66
13368.30 13491.49
13367.79 13497.16
13367.25 13503.19
13366.67 13509.56
13366.14 13515.43
13365.60 13521.45
13364.99 13528.28
13364.42 13534.54
13363.83 13541.15
13363.29 13547.11
13362.68 13553.90
13362.15 13559.74
13361.54 13566.55
13360.95 13573.13
13360.85 13579.58
13361.06 13586.44
13361.21 13591.69
13363.93 13601.81
13365.10 13604.66
13365.87 13610.58
13362.59 13617.42
13364.58 13625.28
13367.00 13635.26
13369.46 13645.62
13371.82 13655.53
13374.40 13666.38
13376.85 13676.68
13379.32 13687.08
13381.05 13697.54
13382.54 13707.77
13384.88 13724.45
13385.98 13735.53
13387.03 13746.25
13388.10 13757.30
