14791.00 10309.24
14790.53 10310.87
14789.49 10314.38
14787.95 10319.61
14785.83 10326.81
14783.68 10334.13
14781.42 10341.79
14779.25 10349.17
14776.89 10357.20
14774.55 10365.13
14772.21 10373.08
14770.00 10380.62
14767.75 10388.27
14765.60 10395.54
14763.47 10402.79
14761.21 10410.49
14758.90 10418.31
14756.57 10426.25
14754.29 10433.98
14752.45 10440.24
14751.41 10443.77
14744.71 10458.52
14742.48 10465.66
14739.99 10473.67
14737.41 10481.95
14735.05 10489.51
14732.76 10496.86
14730.35 10504.60
14727.90 10512.48
14725.34 10520.68
14722.97 10528.31
14720.47 10536.32
14718.20 10543.61
14715.84 10551.20
14713.55 10558.53
14711.33 10566.32
14709.51 10574.07
14707.61 10582.14
14705.64 10590.49
14703.81 10598.31
14701.91 10606.39
14700.05 10614.29
14698.09 10622.61
14696.23 10630.51
14694.34 10638.56
14692.58 10646.06
14691.01 10652.72
14687.43 10670.17
14686.05 10677.90
14684.75 10685.19
14683.29 10693.38
14681.96 10700.82
14680.66 10708.14
14679.26 10716.00
14677.80 10724.18
14676.49 10731.52
14675.16 10738.93
14673.86 10746.26
14672.14 10754.57
14670.24 10762.29
14668.41 10769.70
14666.42 10777.75
14664.56 10785.27
14662.67 10792.90
14660.87 10800.17
14658.90 10808.15
14656.88 10816.31
14655.07 10823.65
14653.08 10831.69
14651.92 10836.37
14646.88 10856.02
14645.37 10862.52
14643.72 10869.58
14642.10 10876.52
14640.47 10883.51
14638.94 10890.07
14637.68 10895.46
14633.82 10911.62
14632.04 10918.93
14630.29 10926.10
14628.48 10933.55
14626.81 10940.42
14625.20 10947.02
14623.40 10954.40
14622.51 10958.05
14618.90 10973.08
14617.18 10980.26
14615.39 10987.77
14613.57 10995.40
14611.88 11002.43
14610.28 11009.92
14608.85 11017.04
14607.46 11023.95
14606.08 11030.79
14605.36 11035.09
14602.50 11050.03
14600.67 11057.25
14598.79 11064.67
14596.70 11072.91
14594.90 11080.04
14592.99 11087.57
14591.10 11095.03
14589.20 11102.50
14587.22 11110.35
14585.34 11117.75
14583.45 11125.20
14581.50 11132.92
14579.62 11140.32
14577.54 11148.52
14575.57 11156.31
14573.69 11163.70
14571.81 11171.12
14570.82 11175.03
14575.31 11182.81
14579.71 11185.23
14584.99 11188.14
14588.71 11190.19
14589.83 11190.81
14589.98 11190.89
14590.05 11190.93
14590.07 11190.94
14590.08 11190.95
14590.09 11190.95
14590.09 11190.95
14590.09 11190.95
14590.09 11190.95
14590.09 11190.95
14590.09 11190.95
14590.09 11190.95
14590.09 11190.95
14590.09 11190.95
14590.09 11190.95
14590.09 11190.95
14590.09 11190.95
14601.86 11197.27
14604.25 11198.51
14608.55 11200.75
14614.78 11204.00
14622.81 11208.18
14632.44 11213.20
14643.71 11219.06
14658.98 11226.74
14665.98 11230.14
14669.99 11232.09
14671.03 11232.59
14671.41 11232.78
14671.60 11232.87
14671.64 11232.89
14672.37 11233.24
14674.53 11234.29
14688.96 11241.35
14694.54 11244.10
14701.76 11247.67
14710.11 11251.78
14720.19 11256.75
14731.84 11262.50
14744.24 11268.62
14756.11 11274.34
14768.96 11280.29
14780.88 11285.82
14793.52 11291.67
14806.51 11297.69
14818.96 11303.46
14831.19 11309.12
14850.90 11317.75
14861.84 11322.41
14872.67 11327.01
14883.44 11331.60
14903.46 11340.13
14909.63 11342.75
14913.65 11344.47
14915.84 11345.40
14916.23 11345.57
14916.32 11345.60
14916.35 11345.62
14916.36 11345.62
14916.37 11345.63
14916.37 11345.63
14916.37 11345.63
14916.37 11345.63
14916.37 11345.63
14916.37 11345.63
14916.37 11345.63
14916.37 11345.63
14916.37 11345.63
14916.37 11345.63
14927.86 11358.80
14926.29 11362.58
14923.84 11368.52
14920.52 11376.55
14916.66 11385.89
14914.96 11398.63
14909.75 11411.61
14904.42 11424.87
14899.11 11438.08
14893.76 11451.41
14888.28 11465.04
14882.78 11478.74
14878.17 11492.37
14873.88 11506.30
14869.82 11519.53
14865.82 11532.52
14861.58 11546.32
14857.32 11560.19
14853.29 11573.28
14848.98 11587.30
14844.65 11600.29
14840.25 11614.10
14835.63 11627.41
14830.32 11641.23
14824.88 11654.74
14819.70 11667.58
14814.20 11681.23
14808.93 11694.31
14804.00 11707.25
14799.85 11720.69
14795.51 11734.72
14791.30 11748.32
14787.16 11761.43
14782.48 11774.24
14777.73 11787.26
14772.90 11800.53
14768.37 11814.28
14763.83 11828.08
14759.84 11841.72
14756.44 11855.22
14752.71 11868.45
14748.55 11881.82
14744.23 11895.64
14739.82 11909.78
14735.59 11923.36
14731.99 11936.49
14728.46 11950.51
14724.84 11964.86
14721.26 11979.19
14718.09 11992.96
14715.02 12006.27
14711.26 12020.18
14707.28 12034.26
14703.33 12048.25
14699.48 12061.88
14695.20 12075.58
14690.96 12088.85
14686.67 12102.27
14682.89 12116.31
14679.25 12130.33
14675.53 12144.64
14671.90 12158.66
14668.44 12171.99
14665.01 12185.16
14661.38 12199.10
14657.95 12212.25
14654.30 12225.07
14651.80 12233.68
14650.41 12238.04
14650.21 12238.63
14650.14 12238.84
14650.13 12238.86
14650.13 12238.87
14650.13 12238.88
14650.13 12238.88
14650.13 12238.88
14650.13 12238.88
14650.13 12238.88
14650.13 12238.88
14639.35 12273.18
14638.68 12275.08
14637.78 12277.62
14636.66 12280.79
14635.18 12284.97
14633.36 12290.12
14631.06 12309.75
14629.44 12317.39
14627.15 12324.90
14624.91 12332.63
14622.64 12340.53
14612.25 12372.81
14608.48 12386.12
14604.70 12398.74
14600.59 12411.81
14596.72 12424.10
14592.52 12437.14
14588.37 12450.02
14584.51 12462.52
14580.22 12475.55
14576.04 12488.24
14571.30 12501.06
14565.27 12513.46
14559.45 12524.90
14552.96 12536.26
14545.87 12547.03
14538.18 12558.25
14532.08 12569.72
14526.51 12581.28
14521.50 12591.67
14518.13 12598.65
14516.54 12601.96
14516.44 12602.15
14516.39 12602.26
14516.38 12602.28
14516.38 12602.29
14516.37 12602.29
14516.37 12602.29
14515.65 12603.80
14514.09 12607.03
14505.25 12624.42
14501.84 12630.99
14497.33 12639.69
14492.41 12649.17
14486.66 12659.94
14480.00 12672.25
14470.90 12682.15
14464.95 12694.55
14459.14 12707.46
14452.39 12719.99
14446.00 12731.79
14439.93 12743.49
14433.87 12755.19
14427.50 12767.48
14420.96 12780.10
14414.48 12792.61
14408.44 12804.26
14402.29 12816.12
14395.79 12828.66
14389.41 12840.99
14382.88 12853.69
14376.37 12866.33
14370.46 12879.17
14364.98 12892.21
14360.54 12904.91
14357.14 12917.82
14353.74 12930.77
14351.05 12941.74
14349.76 12950.23
14348.96 12955.53
14348.65 12957.58
14348.59 12957.96
14348.56 12958.21
14348.55 12958.22
14348.55 12958.23
14348.55 12958.23
14348.55 12958.23
14348.55 12958.23
14348.44 12958.97
14348.02 12961.78
14326.65 12981.40
14323.79 12981.36
14320.20 12981.30
14316.75 12981.25
14314.99 12981.22
14302.11 12981.01
14294.74 12980.90
14285.84 12980.76
14275.48 12980.60
14254.09 12979.69
14242.54 12979.00
14219.22 12979.95
14208.37 12982.96
14198.07 12985.82
14187.36 12989.21
14168.85 12997.99
14155.76 13002.96
14144.27 13010.49
14134.77 13020.27
14127.14 13031.78
14122.56 13044.99
14121.27 13058.80
14123.07 13072.34
14126.49 13084.92
14132.70 13099.42
14140.02 13107.36
14147.78 13113.90
14155.99 13118.97
14161.69 13121.71
14164.65 13122.62
14212.23 13133.55
14219.15 13134.83
14227.85 13136.45
14238.10 13138.35
14249.66 13140.49
14262.74 13142.92
14277.01 13145.57
14291.39 13148.23
14304.94 13150.75
14318.97 13153.23
14332.95 13155.51
14346.55 13157.72
14360.94 13160.07
14374.56 13162.29
14387.99 13164.48
14402.39 13166.82
14416.06 13169.05
14429.49 13171.24
14443.47 13173.51
14457.00 13175.72
14471.41 13178.16
14485.39 13180.55
14499.82 13183.01
14514.43 13185.50
14528.92 13187.97
14543.52 13190.46
14557.21 13192.80
14571.51 13195.24
14585.85 13197.68
14600.40 13200.16
14614.21 13202.52
14628.16 13204.90
14642.56 13207.35
14656.22 13209.68
14670.74 13212.16
14684.30 13214.47
14698.69 13216.93
14712.45 13219.27
14726.38 13221.65
14740.62 13224.07
14754.16 13226.38
14767.75 13228.70
14781.49 13231.05
14795.45 13233.43
14809.18 13235.77
14823.62 13238.23
14837.78 13240.68
14851.50 13243.07
14865.29 13245.46
14879.77 13247.98
14894.27 13250.50
14907.81 13252.85
14921.95 13255.31
14935.95 13257.74
14949.57 13260.08
14963.34 13262.39
14976.85 13264.67
14990.83 13267.02
15004.52 13269.44
15018.46 13271.94
15032.75 13274.51
15046.39 13276.96
15059.99 13279.40
15073.29 13281.95
15085.57 13284.36
15098.31 13286.86
15110.29 13289.22
15123.39 13291.35
15135.98 13293.39
15147.98 13295.33
15156.94 13300.04
15166.00 13301.39
15176.80 13303.01
15189.57 13304.07
15203.77 13304.63
15218.16 13303.86
15232.55 13300.74
15245.76 13296.16
15259.03 13290.07
15272.24 13283.37
15284.85 13276.94
15299.23 13269.21
15310.91 13262.09
15322.64 13254.93
15333.79 13248.14
15345.91 13240.75
15357.90 13233.44
15369.68 13226.25
15381.56 13219.01
15393.51 13211.72
15404.96 13204.84
15416.89 13197.65
15428.95 13191.25
15441.39 13184.75
15453.48 13179.18
15466.45 13173.41
15479.43 13167.88
15491.64 13163.28
15504.27 13158.53
15517.56 13154.17
15530.90 13150.54
15543.60 13147.09
15556.31 13143.62
15591.18 13136.12
15605.13 13134.68
15619.11 13133.23
15632.68 13132.03
15646.60 13130.88
15660.77 13129.71
15675.27 13126.74
15682.80 13125.95
15690.55 13125.13
15766.98 13116.67
15778.76 13115.12
15790.08 13113.63
15802.04 13111.12
15814.09 13108.54
15825.88 13106.03
15836.98 13103.66
15847.94 13100.84
15859.27 13097.16
15870.38 13093.55
15881.66 13089.38
15892.31 13085.38
15902.66 13080.86
15912.86 13075.65
15923.57 13070.18
15934.21 13064.74
15944.65 13058.92
15954.47 13052.80
15964.74 13046.39
15974.30 13040.43
15981.31 13036.05
15985.23 13033.61
16009.48 13017.41
16018.30 13014.45
16026.17 13008.00
16035.72 13000.79
16047.06 12992.44
16058.24 12984.20
16069.17 12976.16
16079.89 12968.65
16090.83 12961.17
16102.12 12953.44
16113.16 12945.89
16124.15 12938.37
16135.02 12930.94
16145.92 12923.48
16157.43 12915.61
16189.86 12891.91
16199.48 12885.55
16210.09 12878.53
16221.62 12870.91
16234.44 12862.44
16248.21 12853.34
16261.64 12844.46
16275.32 12835.41
16288.89 12826.44
16302.96 12817.14
16316.51 12808.18
16372.40 12771.41
16392.00 12757.87
16411.51 12744.38
16430.42 12731.30
16449.35 12718.20
16468.11 12705.22
16486.77 12691.94
16506.19 12678.00
16525.51 12664.13
16545.41 12648.30
16563.59 12635.83
16580.60 12624.22
16594.51 12614.68
16608.18 12605.31
16620.88 12596.61
16655.70 12571.19
16669.18 12561.08
16682.98 12552.08
16696.63 12543.23
16710.59 12534.20
16724.37 12525.27
16738.55 12517.05
16752.93 12509.06
16766.67 12501.42
16780.52 12493.73
16794.29 12486.08
16808.83 12478.01
16832.06 12469.87
16844.16 12467.58
16857.16 12468.10
16870.19 12470.71
16882.86 12475.14
16893.59 12479.41
16900.87 12482.78
16905.52 12485.20
16899.44 12500.70
16894.58 12505.69
16888.81 12511.74
16881.81 12519.04
16874.37 12526.38
16865.70 12532.29
16859.31 12535.60
16855.32 12537.53
16838.18 12543.46
16828.55 12545.36
16816.70 12547.69
16802.69 12550.45
16788.20 12553.31
16774.62 12557.03
16760.82 12561.66
16746.93 12566.33
16733.96 12571.30
16720.52 12576.86
16707.19 12582.37
16694.38 12588.30
16681.09 12594.79
16668.18 12601.09
16655.06 12607.30
