21948.76 18553.90
21950.72 18554.78
21953.93 18556.21
21959.08 18558.51
21965.37 18561.32
21972.05 18564.30
21978.75 18567.29
21985.53 18570.32
21992.45 18573.41
21999.19 18576.42
22005.89 18579.41
22013.01 18582.59
22020.18 18585.79
22024.53 18587.73
22033.38 18583.77
22037.33 18577.25
22041.73 18569.99
22045.81 18563.26
22050.19 18556.05
22054.56 18548.83
22058.93 18541.63
22063.16 18534.65
22067.64 18527.26
22071.84 18520.33
22076.03 18513.41
22080.44 18506.15
22084.57 18499.33
22086.71 18495.81
22092.83 18485.89
22096.84 18479.47
22100.55 18473.51
22104.27 18467.53
22108.05 18461.47
22112.23 18454.76
22116.47 18447.96
22120.56 18441.40
22124.79 18434.62
22129.07 18427.74
22132.98 18421.46
22136.05 18416.53
22131.56 18407.44
22122.52 18402.56
22112.01 18396.89
22100.00 18390.41
22088.78 18384.35
22076.70 18377.83
22065.98 18372.05
22058.60 18368.07
22054.79 18366.01
22054.45 18365.82
22054.21 18365.69
22043.83 18360.12
22041.08 18358.65
22036.55 18356.24
22029.95 18352.73
22021.53 18348.24
22011.17 18342.73
21999.32 18336.41
21987.53 18330.13
21976.25 18324.12
21960.08 18315.44
21950.64 18310.32
21932.27 18300.42
21919.56 18293.66
21906.91 18286.93
21894.71 18280.43
21882.21 18273.78
21869.74 18267.15
21857.87 18260.83
21846.01 18254.52
21833.44 18247.83
21820.90 18241.16
21810.36 18231.82
21798.86 18225.70
21790.99 18221.51
21786.09 18218.90
21783.93 18217.75
21783.79 18217.68
21783.73 18217.65
21773.02 18211.94
21769.33 18209.96
21764.05 18207.14
21756.96 18203.35
21748.56 18198.87
21738.83 18193.67
21727.36 18187.54
21715.17 18181.03
21703.27 18174.67
21691.76 18168.52
21679.84 18162.16
21668.25 18155.97
21648.28 18145.26
21637.55 18139.51
21626.80 18133.74
21615.18 18127.51
21598.27 18118.37
21584.44 18114.61
21572.28 18108.02
21560.49 18101.63
21548.81 18095.29
21537.38 18089.09
21525.97 18082.91
21505.96 18072.18
21495.14 18066.45
21484.98 18061.08
21475.96 18056.31
21469.72 18053.01
21466.23 18051.16
21464.67 18050.33
21464.55 18050.27
21464.53 18050.26
21464.52 18050.26
21464.52 18050.26
21464.52 18050.26
21464.52 18050.26
21451.23 18043.21
21447.70 18041.33
21442.96 18038.80
21436.58 18035.41
21428.89 18031.31
21420.10 18026.63
21409.58 18021.02
21397.37 18014.52
21384.75 18007.83
21373.79 17998.31
21361.83 17991.93
21349.34 17985.25
21337.63 17979.00
21325.31 17972.41
21312.77 17965.71
21300.79 17959.31
21288.33 17952.65
21278.41 17947.35
21271.81 17943.83
21268.14 17941.87
21268.11 17941.85
21268.10 17941.85
21268.10 17941.85
21268.10 17941.85
21268.10 17941.85
21268.10 17941.85
21255.33 17935.07
21251.87 17933.26
21247.31 17930.87
21241.47 17927.81
21233.94 17923.86
21224.42 17918.86
21213.22 17912.99
21201.58 17906.88
21189.64 17900.62
21177.53 17894.27
21165.71 17888.07
21153.85 17881.85
21142.01 17875.64
21121.61 17848.16
21116.21 17837.14
21106.85 17828.85
21098.42 17819.29
21091.10 17808.50
21083.76 17797.50
21079.17 17786.23
21074.53 17774.87
21070.14 17762.53
21066.40 17750.55
21060.69 17728.81
21058.15 17716.61
21055.61 17704.38
21052.90 17691.35
21050.24 17678.54
21047.58 17665.72
21045.16 17654.07
21042.14 17646.47
21040.23 17642.65
21030.06 17631.32
21023.57 17629.52
21015.32 17627.23
21006.01 17624.65
20995.61 17621.77
20984.22 17618.61
20972.71 17614.42
20954.42 17604.03
20947.46 17592.28
20943.07 17578.80
20938.77 17565.58
20934.67 17553.00
20930.29 17539.56
20925.95 17526.22
20921.91 17513.79
20917.64 17500.68
20913.15 17489.58
20912.63 17488.92
20896.53 17477.90
20891.25 17476.37
20883.64 17475.19
20871.36 17474.38
20857.03 17473.44
20843.47 17472.56
20829.84 17471.66
20815.73 17470.74
20801.71 17469.82
20787.83 17468.91
20773.58 17467.98
20750.52 17465.87
20737.72 17463.48
20724.98 17461.10
20711.66 17458.61
20698.87 17456.21
20686.30 17453.86
20665.97 17450.43
20649.47 17448.23
20638.35 17446.97
20627.13 17445.69
20604.62 17443.48
20590.88 17442.24
20576.47 17441.10
20562.68 17440.03
20548.23 17438.91
20534.42 17437.84
20519.87 17436.71
20506.42 17435.66
20492.56 17434.58
20479.04 17433.53
20464.90 17432.44
20450.68 17431.18
20437.15 17429.47
20423.91 17426.77
20410.62 17423.61
20388.25 17417.10
20375.63 17413.11
20362.96 17409.10
20349.82 17404.94
20336.74 17400.81
20323.82 17396.72
20310.56 17392.53
20297.61 17388.44
20285.33 17384.54
20272.76 17380.54
20260.31 17376.58
20247.97 17372.65
20236.94 17369.14
20229.54 17368.31
20226.23 17367.96
20225.75 17367.91
20211.15 17386.17
20207.68 17385.06
20203.13 17383.61
20197.21 17381.72
20190.03 17379.43
20181.63 17376.75
20168.37 17369.46
20154.69 17365.64
20141.81 17362.05
20125.92 17357.47
20112.29 17353.43
20099.07 17349.52
20085.56 17345.52
20071.39 17341.33
20057.58 17337.24
20043.49 17333.07
20029.80 17328.98
20017.03 17325.16
20003.63 17321.16
19991.07 17317.44
19978.77 17313.79
19965.87 17309.97
19954.03 17306.46
19941.42 17302.72
19929.62 17299.22
19917.08 17295.50
19905.52 17292.07
19890.79 17291.26
19879.53 17288.12
19868.60 17281.64
19856.12 17278.15
19844.85 17275.00
19837.37 17272.91
19833.85 17271.93
19833.79 17271.92
19833.79 17271.92
19833.79 17271.92
19823.14 17268.86
19820.00 17267.93
19815.77 17266.68
19810.27 17265.06
19803.09 17262.94
19796.21 17260.91
19780.80 17256.26
19775.08 17254.44
19763.06 17250.62
19755.00 17248.04
19745.10 17244.85
19735.92 17241.89
19727.11 17239.05
19717.75 17236.03
19707.30 17232.66
19672.44 17223.29
19661.43 17219.82
19650.90 17216.63
19636.46 17215.78
19624.26 17212.70
19611.48 17209.28
19598.90 17205.74
19586.13 17202.14
19573.22 17198.50
19560.55 17194.93
19547.69 17191.23
19527.05 17183.66
19514.35 17183.49
19503.15 17180.29
19492.08 17177.07
19480.75 17173.78
19469.11 17170.73
19440.46 17162.71
19429.78 17159.49
19422.33 17157.07
19418.04 17155.68
19416.74 17155.26
19416.63 17155.22
19416.59 17155.21
19416.58 17155.21
19416.57 17155.21
19416.57 17155.20
19416.57 17155.20
19416.57 17155.20
19416.49 17155.18
19416.13 17155.06
19415.49 17154.85
19413.59 17154.24
19410.33 17153.18
19400.10 17151.76
19398.20 17151.18
19395.82 17150.45
19362.24 17140.64
19355.17 17138.49
19349.70 17136.82
19345.70 17135.61
19332.67 17131.48
19326.32 17129.08
19319.45 17126.48
19311.03 17123.41
19301.26 17119.87
19291.16 17116.37
19279.21 17112.91
19268.42 17109.79
19258.09 17106.81
19247.54 17103.76
19237.62 17100.89
19227.58 17097.99
19215.48 17094.51
19204.37 17091.39
19192.07 17087.93
19180.62 17084.73
19160.96 17087.31
19152.42 17091.66
19144.63 17098.67
19136.02 17115.40
19133.92 17125.87
19131.66 17137.14
19130.49 17161.66
19128.44 17176.19
19126.41 17190.54
19124.55 17203.72
19122.52 17218.11
19120.49 17232.42
19118.42 17247.13
19116.53 17260.49
19114.47 17275.04
19112.41 17289.66
19110.36 17304.17
19108.46 17317.62
19106.26 17333.16
19104.53 17348.49
19104.97 17362.45
19109.08 17375.07
19120.82 17389.52
19131.08 17396.00
19143.06 17398.27
19155.00 17396.84
19166.29 17392.84
19175.00 17385.35
19181.77 17376.05
19186.57 17364.34
19190.52 17352.00
19200.13 17318.10
19204.06 17299.32
19208.24 17279.41
19212.83 17257.48
19217.75 17234.00
19223.06 17208.72
19231.73 17183.44
19237.47 17156.04
19243.54 17127.09
19249.73 17097.57
19255.71 17069.02
19261.79 17040.01
19267.86 17011.08
19273.99 16981.82
19280.09 16952.73
19286.17 16923.72
19292.23 16894.84
19298.22 16866.27
19304.19 16837.83
19310.05 16809.92
19315.88 16783.00
19321.85 16755.82
19327.82 16728.70
19333.40 16703.31
19339.33 16676.37
19345.04 16650.46
19350.89 16623.95
19356.61 16598.08
19362.12 16573.13
19367.73 16547.71
19373.04 16523.65
19378.56 16498.65
19384.01 16473.98
19389.59 16448.73
19394.39 16424.22
19399.17 16398.67
19403.81 16373.89
19410.74 16346.60
19412.88 16320.80
19418.53 16294.34
19423.83 16269.57
19428.99 16245.40
19434.36 16220.30
19439.58 16195.88
19444.69 16171.95
19446.66 16146.95
19452.36 16120.29
19458.40 16091.99
19463.99 16065.84
19469.31 16040.94
19476.67 15983.41
19476.63 15977.21
19476.59 15971.13
19476.02 15950.99
19474.79 15930.61
19473.64 15911.50
19472.49 15892.46
19471.30 15872.91
19468.38 15849.75
19467.30 15829.63
19466.25 15809.98
19465.19 15790.64
19464.03 15772.37
19462.82 15753.27
19461.45 15733.37
19459.95 15713.65
19458.52 15694.78
19455.75 15676.84
19452.28 15658.68
19447.73 15640.64
19441.68 15622.38
19434.47 15604.11
19426.04 15586.92
19416.60 15570.64
19406.66 15554.35
19395.57 15539.34
19383.14 15524.45
19370.79 15511.09
19356.19 15498.49
19341.77 15486.51
19323.16 15475.20
19307.06 15465.25
19290.12 15456.86
19272.73 15449.12
19256.02 15442.82
19238.73 15437.61
19220.87 15432.60
19203.20 15427.97
19185.16 15423.30
19167.31 15419.15
19149.73 15415.06
19131.21 15410.63
19114.26 15406.38
19098.00 15402.30
19082.11 15397.88
19065.73 15393.56
19049.51 15385.89
19032.50 15377.95
19013.06 15372.53
18991.90 15366.50
18969.76 15359.57
18946.84 15352.03
18924.07 15344.42
18902.11 15336.51
18883.90 15329.87
18870.08 15324.77
18859.25 15320.45
18840.49 15311.19
18827.60 15305.99
18815.15 15300.98
18802.47 15295.88
18789.36 15290.60
18776.11 15285.26
18762.75 15279.88
18749.64 15274.60
18736.92 15269.48
18724.40 15264.44
18711.43 15259.21
18698.02 15253.81
18683.68 15251.60
18670.81 15246.41
18657.57 15241.08
18636.43 15234.36
18624.17 15229.44
18611.90 15224.51
18598.98 15219.32
18586.48 15214.30
18573.96 15209.27
18561.65 15204.32
18548.43 15199.37
18535.76 15194.74
18522.78 15190.00
18510.51 15185.52
18497.37 15180.73
18475.58 15171.11
18462.30 15166.41
18448.35 15161.47
18435.13 15156.80
18421.57 15152.00
18407.45 15147.26
18393.29 15142.54
18380.16 15138.15
18365.98 15133.42
18351.96 15128.74
18338.74 15124.22
18325.80 15119.74
18311.78 15114.82
18294.90 15110.87
18280.79 15106.19
18266.96 15101.61
18253.34 15097.05
18239.67 15092.45
18225.02 15088.51
18211.00 15085.05
18197.54 15081.49
18183.75 15079.31
18169.33 15077.32
18155.11 15075.36
18140.83 15073.40
18126.33 15071.40
18112.44 15069.49
18097.90 15067.49
18083.86 15065.56
18069.85 15063.63
18054.91 15061.57
18041.03 15059.66
18027.16 15057.76
18012.22 15055.70
17997.71 15053.70
17983.33 15051.72
17969.25 15049.79
17953.96 15051.01
17940.03 15049.10
17925.28 15047.07
17910.85 15045.08
17896.46 15043.10
17882.02 15041.11
17867.24 15039.08
17853.82 15037.92
17836.34 15035.33
17819.41 15035.05
17800.51 15034.73
17779.39 15035.29
17757.41 15036.80
17735.95 15038.53
17713.87 15040.90
17691.60 15043.64
17654.90 15044.94
17631.64 15043.35
17609.48 15041.30
17586.42 15038.30
17563.87 15034.25
17540.97 15029.32
17518.77 15024.41
17496.51 15019.14
17474.31 15013.72
17452.00 15007.88
17429.61 15002.63
17407.16 14997.46
17384.94 14994.00
17362.20 14990.69
17339.34 14988.25
17316.18 14985.78
17293.09 14984.26
17269.79 14982.77
17247.59 14981.34
17225.26 14979.91
17189.06 14975.54
17166.73 14973.67
17144.27 14971.84
17120.79 14969.96
17053.31 14966.10
17031.13 14964.28
17009.12 14962.49
16987.12 14960.70
16965.66 14958.95
16944.22 14957.20
16922.86 14955.39
16901.22 14953.54
16879.28 14950.76
16858.19 14947.91
16836.88 14945.03
16814.70 14941.88
16793.60 14937.69
16771.87 14933.37
16750.20 14928.29
16729.97 14919.18
16708.76 14912.27
16688.10 14905.21
16666.92 14897.96
16646.78 14891.16
16626.10 14884.18
16605.37 14877.17
16584.75 14870.21
16563.73 14863.47
16543.10 14857.32
16521.94 14850.87
16500.67 14844.23
16480.33 14835.80
16459.30 14831.29
16424.84 14825.29
16402.28 14822.97
16379.61 14822.03
16353.30 14824.10
16335.20 14825.83
16317.29 14827.55
16299.12 14829.49
16281.24 14833.22
16263.12 14837.28
16245.25 14842.03
16192.63 14862.34
16172.56 14872.02
16152.94 14883.04
16133.65 14895.47
16113.42 14909.84
16095.52 14924.13
16077.45 14939.95
16060.26 14955.60
16043.61 14971.97
16028.70 14991.14
16017.96 15005.44
16007.92 15020.26
15997.81 15035.37
15975.11 15071.48
15963.57 15091.83
15951.92 15112.37
15940.09 15133.22
15928.44 15153.50
15916.83 15173.09
15904.71 15193.54
15893.07 15213.07
15880.84 15233.15
15867.66 15255.21
15853.54 15274.60
15839.20 15293.49
15824.40 15311.54
15809.27 15329.86
15793.75 15348.50
15777.34 15366.31
15760.47 15383.31
15744.15 15400.82
15728.29 15417.85
15711.97 15435.36
15695.88 15452.34
15679.45 15469.58
15663.38 15486.43
15646.74 15503.88
15630.76 15520.64
15614.57 15537.62
15598.26 15554.75
15581.81 15572.05
15565.64 15589.07
15551.57 15608.50
15535.61 15625.08
15519.57 15642.41
15503.42 15659.91
15487.40 15677.29
15471.66 15694.36
15455.51 15711.87
15439.16 15729.37
15423.29 15746.11
15407.16 15763.14
15391.25 15779.92
15375.00 15797.07
15358.82 15814.14
15342.20 15831.68
15325.76 15848.87
15309.10 15866.07
15292.43 15883.29
15275.72 15900.91
15260.05 15922.43
15244.18 15939.40
15228.86 15955.78
15216.13 15969.39
15205.38 15980.89
15194.89 15991.89
15185.30 16001.92
15175.29 16012.39
15165.83 16022.29
15156.45 16032.10
15146.24 16042.77
15136.37 16053.10
15129.90 16065.14
15125.94 16079.08
15125.42 16093.60
15127.51 16107.42
15132.12 16120.57
15139.09 16132.57
15147.96 16143.02
15158.05 16153.29
15170.04 16161.15
15183.23 16166.39
15199.00 16167.22
15210.99 16166.92
15223.16 16164.58
15233.87 16160.24
15244.54 16155.53
15259.12 16133.97
15262.17 16121.15
15261.41 16107.18
15255.70 16095.26
15246.25 16086.04
15235.97 16076.63
15225.30 16068.25
15213.06 16062.59
15199.90 16062.65
15180.58 16071.16
15170.59 16079.34
15159.93 16088.07
15149.74 16096.42
15139.44 16104.85
15128.68 16113.67
15122.08 16126.70
15122.03 16131.31
15122.49 16134.52
15122.74 16136.13
15122.77 16136.28
15122.78 16136.34
15122.78 16136.37
15122.78 16136.38
15122.78 16136.38
15122.78 16136.39
15122.78 16136.39
15122.78 16136.39
15122.78 16136.39
15122.78 16136.39
15122.78 16136.39
15122.78 16136.39
15122.78 16136.39
15122.78 16136.39
15122.78 16136.39
15122.78 16136.39
15122.78 16136.39
15122.78 16136.39
15122.78 16136.39
15122.78 16136.39
15122.78 16136.39
15122.78 16136.39
15122.82 16136.59
15122.83 16136.68
15122.83 16136.69
15122.83 16136.70
15122.83 16136.70
15100.75 16135.53
15099.12 16136.86
15096.56 16138.94
15090.86 16139.32
15088.03 16141.62
15075.29 16142.71
15068.84 16139.04
15061.00 16134.59
15047.86 16125.24
15033.54 16117.09
15017.59 16108.02
15000.10 16098.07
14982.35 16087.97
14964.80 16077.98
14947.50 16068.14
14929.80 16058.07
14912.40 16048.18
14896.23 16038.91
14883.85 16031.79
14866.14 16021.62
14845.06 16009.21
14833.30 16001.87
14819.63 15993.33
14798.77 15981.02
14781.61 15971.62
14763.77 15961.85
14744.75 15955.20
14727.39 15945.43
14705.34 15932.97
14690.66 15924.67
14675.10 15915.88
14651.18 15903.97
14633.92 15894.94
14616.77 15885.50
14600.16 15876.36
14583.22 15867.04
14566.64 15857.92
14549.68 15848.48
14533.45 15838.97
14520.86 15831.59
14511.47 15826.09
14505.72 15822.72
14503.47 15821.40
14503.12 15821.19
14503.06 15821.16
14503.04 15821.15
14503.04 15821.15
14503.04 15821.15
14503.04 15821.15
14503.04 15821.15
14503.04 15821.15
14502.39 15820.77
14499.89 15819.30
14494.04 15819.69
14488.20 15815.75
14484.73 15813.51
14483.75 15812.88
14483.14 15812.49
14482.94 15812.36
14482.80 15812.27
14482.79 15812.26
14482.79 15812.26
14482.79 15812.26
14482.79 15812.26
14482.79 15812.26
14482.79 15812.26
14482.79 15812.26
14482.79 15812.26
14482.79 15812.26
14482.79 15812.26
14482.79 15812.26
14482.79 15812.26
14482.79 15812.26
14482.79 15812.26
14482.79 15812.26
14482.79 15812.26
14482.79 15812.26
14482.79 15812.26
14482.79 15812.26
14482.79 15812.26
14482.79 15812.26
14482.79 15812.26
14482.79 15812.26
14482.79 15812.26
14482.79 15812.26
14482.79 15812.26
14482.79 15812.26
14482.79 15812.26
14482.79 15812.26
14482.79 15812.26
14482.79 15812.26
14470.47 15804.19
14468.41 15802.81
14465.13 15800.62
14461.11 15797.94
14455.97 15794.48
14449.90 15790.09
14442.72 15784.89
14423.24 15769.52
14412.76 15761.08
14401.97 15752.38
14390.78 15743.36
14379.64 15734.38
14369.18 15725.85
14358.66 15717.18
14348.30 15708.66
14337.15 15699.49
14326.24 15690.24
14316.50 15680.98
14301.52 15666.23
14292.32 15657.19
14282.91 15647.96
14273.45 15638.67
14264.17 15629.56
14254.53 15620.10
14245.72 15611.53
14239.52 15605.67
14236.02 15602.36
14234.60 15601.02
14234.34 15600.77
14234.31 15600.74
14234.31 15600.74
14234.31 15600.74
14234.31 15600.74
14234.31 15600.74
14234.31 15600.74
14226.23 15592.93
14223.08 15589.71
14218.67 15585.21
14213.29 15579.71
14206.35 15572.62
14198.21 15564.31
14188.81 15554.70
14179.29 15544.98
14169.76 15535.24
14160.55 15525.83
14151.42 15515.63
14140.68 15499.15
14134.50 15483.03
14128.66 15481.24
14124.39 15484.93
14121.73 15486.95
14109.13 15489.53
14099.58 15489.60
14088.12 15489.86
14075.32 15490.13
14061.94 15490.18
14048.19 15490.23
14034.62 15489.99
14013.82 15483.95
14006.79 15480.81
14001.66 15478.45
13998.47 15476.97
13981.40 15464.98
13976.50 15460.65
13964.42 15450.29
13954.41 15441.96
13942.85 15434.30
13930.78 15427.64
13918.99 15421.70
13906.63 15416.00
13894.45 15410.38
13882.28 15404.77
13869.49 15398.87
13851.38 15392.36
13839.37 15386.84
13829.32 15382.23
13821.71 15378.74
13817.77 15376.93
13817.15 15376.65
13817.08 15376.61
13817.02 15376.59
13817.02 15376.59
13817.02 15376.58
13817.02 15376.58
13817.02 15376.58
13809.79 15371.45
13806.29 15369.84
13801.01 15367.42
13794.05 15364.22
13785.79 15360.06
13776.31 15355.28
13765.00 15349.59
13753.76 15343.93
13742.75 15338.16
13731.11 15332.30
13707.59 15320.87
13695.26 15314.84
13682.70 15308.67
13670.34 15302.60
13658.22 15296.65
13646.33 15290.81
13634.30 15284.27
13621.88 15277.78
13605.67 15272.29
13595.21 15266.55
13584.62 15260.74
13571.99 15251.64
13570.08 15250.55
13569.16 15250.03
13569.03 15249.96
13568.97 15249.92
13568.94 15249.91
13568.94 15249.91
13568.94 15249.91
13568.94 15249.91
13568.94 15249.91
13568.94 15249.91
13560.85 15243.52
13558.18 15242.02
13553.89 15239.63
13548.24 15236.53
13540.74 15232.41
13531.55 15227.37
13521.24 15221.69
13509.46 15214.88
13498.27 15208.40
13487.30 15202.05
13475.50 15195.22
13464.46 15188.83
13452.83 15182.10
13441.80 15175.54
13430.70 15168.86
13419.68 15162.22
13408.90 15155.74
13397.38 15148.81
13389.30 15144.05
