10737.83 20097.81
10738.47 20096.09
10739.67 20092.86
10741.35 20088.32
10744.89 20082.08
10750.76 20075.15
10757.94 20066.65
10766.61 20056.41
10775.68 20045.68
10784.85 20034.85
10794.15 20023.85
10801.25 20015.46
10804.68 20009.53
10799.10 20001.25
10789.54 19998.05
10778.19 19994.24
10766.36 19989.27
10755.93 19981.69
10745.85 19974.37
10727.72 19961.00
10716.76 19952.66
10706.23 19944.65
10695.53 19936.51
10684.73 19928.30
10673.89 19919.71
10663.43 19911.36
10654.83 19904.48
10649.44 19900.17
10638.34 19902.17
10630.83 19911.04
10622.36 19921.06
10613.95 19930.99
10605.09 19941.45
10596.17 19951.99
10587.30 19962.47
10578.46 19972.60
10569.77 19982.31
10563.45 19989.39
10559.93 19993.32
10560.56 20001.66
10561.14 20006.50
10550.88 20014.88
10540.34 20014.57
10530.74 20025.14
10521.61 20035.13
10512.29 20045.50
10503.21 20055.48
10492.82 20065.45
10483.13 20074.74
10472.64 20084.29
10462.01 20092.97
10449.83 20100.93
10438.17 20108.55
10426.51 20116.17
10414.89 20123.77
10403.41 20131.27
10392.18 20138.63
10381.08 20146.62
10372.15 20153.04
10363.95 20158.97
10359.06 20162.53
10351.40 20172.46
10346.57 20176.56
10334.45 20181.63
10325.76 20192.74
10319.20 20205.08
10313.22 20218.21
10307.44 20230.89
10301.54 20243.86
10295.82 20256.29
10289.19 20268.58
10282.71 20280.60
10275.96 20293.12
10269.16 20305.71
10262.29 20318.46
10255.41 20330.07
10248.05 20341.32
10239.55 20353.00
10224.87 20370.09
10215.76 20379.46
10206.34 20389.18
10196.72 20399.09
10187.02 20409.07
10177.80 20418.59
10168.82 20428.04
10160.03 20438.98
10152.04 20450.11
10138.40 20468.81
10130.62 20478.98
10122.79 20489.35
10114.95 20500.14
10107.23 20510.76
10099.33 20521.63
10088.74 20539.43
10081.60 20549.36
10074.23 20558.93
10066.90 20568.47
10054.73 20584.62
10049.52 20591.68
10044.66 20598.28
10040.82 20603.70
10038.62 20607.09
10037.84 20608.29
10037.72 20608.48
10037.65 20608.58
10037.64 20608.60
10037.63 20608.62
10037.63 20608.62
10037.63 20608.62
10037.63 20608.62
10037.63 20608.62
10037.63 20608.62
10037.63 20608.62
10037.63 20608.62
10037.63 20608.62
10037.63 20608.62
10037.63 20608.62
10037.63 20608.62
10037.63 20608.62
10037.63 20608.62
10037.63 20608.62
10037.63 20608.62
10037.63 20608.62
10037.63 20608.62
10037.63 20608.62
10037.63 20608.62
10037.63 20608.62
10020.02 20639.44
10019.44 20640.67
10018.63 20642.38
10017.64 20644.45
10016.43 20647.02
10015.02 20650.00
10013.32 20653.57
10011.35 20657.74
10009.60 20661.90
9981.19 20744.75
9977.39 20757.66
9973.69 20769.77
9969.18 20782.14
9964.67 20794.52
9960.40 20806.21
9955.60 20817.61
9950.07 20829.05
9944.32 20840.94
9938.62 20852.73
9932.33 20863.77
9925.87 20874.80
9919.44 20885.77
9912.73 20897.22
9906.35 20908.11
9899.42 20919.48
9892.40 20930.68
9885.32 20941.96
9878.49 20952.80
9871.50 20963.90
9864.60 20974.85
9857.68 20985.42
9850.30 20996.10
9843.04 21006.62
9826.95 21022.12
9815.50 21030.28
9804.35 21037.71
9791.74 21042.29
9778.71 21045.12
9764.89 21047.49
9751.40 21049.84
9738.25 21052.58
9725.16 21055.32
9711.59 21058.29
9697.42 21061.62
9684.20 21064.72
9671.09 21068.48
9657.72 21072.97
9644.42 21077.66
9630.98 21082.88
9618.08 21087.88
9604.94 21092.57
9583.14 21099.82
9569.68 21104.13
9556.16 21107.80
9543.48 21110.98
9529.57 21113.38
9515.99 21115.72
9502.35 21117.45
9488.68 21119.10
9475.62 21120.03
9461.93 21120.93
9448.76 21121.80
9434.88 21122.72
9421.37 21122.81
9408.00 21121.53
9391.14 21119.03
9377.19 21116.65
9363.98 21114.14
9350.54 21111.24
9336.58 21108.23
9323.28 21105.31
9309.84 21102.12
9296.55 21098.97
9283.48 21095.86
9270.41 21092.76
9257.30 21089.64
9243.23 21086.71
9229.17 21083.81
9215.35 21080.95
9202.17 21078.23
9188.23 21075.37
9174.72 21072.71
9161.75 21070.15
9148.81 21067.60
9135.04 21066.73
9121.68 21066.06
9098.14 21065.52
9084.58 21065.92
9071.35 21066.31
9057.21 21066.74
9043.56 21067.14
9029.78 21067.55
9016.25 21067.96
9002.19 21068.29
8988.09 21068.63
8974.34 21068.95
8960.73 21069.07
8947.15 21068.46
8933.74 21067.85
8920.61 21067.26
8907.50 21066.14
8893.78 21064.63
8880.50 21063.17
8867.24 21061.68
8853.21 21059.91
8840.12 21058.26
8826.26 21056.52
8812.98 21054.84
8799.95 21053.20
8785.78 21051.42
8753.12 21057.94
8746.30 21065.33
8739.77 21072.39
8733.12 21079.59
8718.64 21095.24
8710.28 21104.29
8701.52 21113.76
8693.02 21122.96
8684.56 21132.10
8669.25 21148.58
8661.28 21157.22
8652.86 21166.34
8644.94 21174.92
8636.52 21184.04
8621.71 21200.07
8612.92 21209.57
8603.75 21219.50
8595.24 21228.71
8587.06 21237.55
8579.02 21246.25
8570.96 21254.97
8556.57 21270.75
8548.76 21279.39
8541.82 21287.07
8534.95 21294.66
8527.29 21303.14
8520.19 21310.98
8513.51 21318.38
8506.25 21326.41
8499.29 21334.11
8492.55 21341.57
8485.35 21349.52
8478.91 21356.65
8471.77 21364.54
8464.36 21372.74
8457.81 21379.98
8442.22 21396.88
8437.10 21402.38
8433.22 21406.54
8430.81 21409.12
8428.28 21411.84
8418.40 21426.89
8415.67 21429.65
8414.26 21431.07
8404.11 21440.97
8399.52 21445.94
8393.59 21452.36
8386.65 21459.86
8379.15 21467.98
8371.73 21476.01
8361.43 21497.07
8358.43 21507.25
8357.64 21514.89
8358.04 21519.20
8364.51 21532.30
8370.84 21538.33
8378.34 21545.57
8386.54 21553.94
8394.33 21565.43
8397.17 21578.64
8394.74 21592.65
8389.24 21606.29
8382.60 21618.90
8375.99 21631.00
8369.37 21643.10
8362.73 21655.22
8355.67 21667.76
8348.50 21680.21
8341.20 21692.90
8334.05 21705.31
8327.13 21717.34
8320.03 21729.67
8312.96 21741.95
8305.84 21754.33
8298.81 21766.54
8291.97 21778.43
