13253.84 16265.29
13252.41 16265.08
13249.57 16264.65
13244.98 16263.96
13238.99 16263.07
13231.51 16261.95
13221.99 16260.53
13210.41 16258.79
13197.47 16256.86
13185.38 16255.05
13164.08 16251.82
13153.40 16250.17
13143.46 16248.64
13136.39 16247.56
13132.87 16247.02
13127.22 16238.82
13128.03 16233.06
13129.03 16225.96
13125.04 16215.74
13113.63 16214.00
13101.15 16212.10
13088.22 16210.13
13075.84 16208.24
13063.70 16206.39
13052.98 16204.75
13045.94 16203.68
13042.45 16203.14
13035.62 16195.63
13037.14 16189.41
13039.12 16181.25
13041.59 16171.10
13044.46 16159.31
13048.67 16140.89
13051.24 16128.55
13053.80 16116.27
13060.76 16102.36
13069.09 16091.59
13080.41 16083.33
13090.96 16075.80
13102.15 16067.83
13113.91 16060.18
13125.07 16053.02
13135.93 16045.84
13146.63 16037.93
13157.80 16029.68
13168.28 16021.94
13179.09 16014.65
13190.75 16007.16
13203.37 16000.89
13216.28 15995.53
13228.46 15991.12
13241.46 15987.77
13253.99 15984.54
13266.88 15981.21
13279.68 15977.91
13293.36 15974.38
13306.38 15970.69
13319.48 15966.53
13332.55 15961.77
13345.03 15956.92
13357.76 15951.98
13366.46 15948.60
13371.14 15946.78
13393.45 15944.75
13399.90 15949.08
13407.82 15954.41
13421.39 15959.89
13429.93 15966.03
13440.88 15969.42
13449.76 15974.80
13458.42 15980.05
13467.39 15985.49
13493.71 15999.31
13500.50 16002.86
13515.60 16010.29
13533.42 16017.94
13546.60 16023.05
13559.59 16028.10
13571.82 16032.85
13584.99 16037.96
13598.24 16043.10
13611.30 16048.17
13624.12 16053.15
13636.78 16057.98
13650.10 16063.03
13662.94 16067.89
13676.22 16072.93
13689.18 16077.84
13702.29 16082.81
13715.14 16087.68
13727.64 16092.42
13740.56 16097.39
13752.80 16102.10
13766.11 16107.22
13779.03 16112.20
13792.17 16117.25
13804.50 16122.00
13817.34 16126.94
13830.40 16131.96
13843.07 16136.84
13855.71 16141.70
13868.77 16146.73
13881.31 16151.56
13894.07 16156.47
13907.01 16161.45
13920.47 16166.17
13936.33 16171.65
13953.64 16176.64
13965.65 16181.62
13977.70 16186.62
13990.58 16191.97
14002.78 16197.03
14015.42 16202.28
14027.55 16207.31
14039.68 16212.35
14052.52 16217.68
14065.24 16222.89
14080.83 16230.38
14100.33 16242.74
14111.59 16249.72
14122.19 16257.53
14133.04 16265.54
14143.46 16273.55
14153.79 16282.64
14164.09 16291.70
14174.69 16301.10
14184.49 16310.01
14194.17 16318.80
14203.99 16327.72
14213.92 16336.74
14224.45 16345.95
14234.69 16354.61
14245.91 16363.05
14257.23 16370.40
14269.06 16376.67
14280.99 16383.00
14292.97 16388.15
14306.70 16391.52
14320.23 16394.35
14333.10 16396.17
14346.33 16396.74
14360.40 16396.84
14373.55 16396.94
14387.55 16396.97
14400.96 16396.92
14415.14 16396.94
14428.63 16396.93
14441.82 16396.92
14455.29 16396.83
14469.02 16396.50
14482.99 16395.92
14496.29 16395.37
14509.43 16394.70
14522.85 16393.79
14536.28 16392.87
14550.28 16391.79
14564.33 16390.50
14577.68 16388.37
14591.39 16385.62
14604.45 16383.00
14617.27 16380.17
14629.76 16376.64
14642.51 16373.03
14655.22 16369.44
14667.71 16365.90
14695.80 16353.79
14707.67 16348.24
14720.82 16341.10
14735.96 16332.54
14753.89 16321.92
14769.53 16312.65
14792.42 16294.75
14801.16 16287.30
14809.44 16280.25
14817.62 16272.83
14824.44 16264.62
14829.73 16255.22
14832.94 16244.64
14832.44 16233.43
14828.83 16222.92
14821.92 16214.30
14812.55 16208.71
14802.34 16206.08
14791.23 16207.09
14780.94 16211.73
14762.69 16287.49
14764.04 16300.34
14765.99 16312.83
14767.88 16324.95
14769.73 16336.78
14771.71 16349.38
14773.66 16361.88
14775.67 16374.50
14777.70 16386.90
14779.68 16398.94
14781.66 16410.99
14783.72 16423.57
14785.74 16435.88
14787.78 16448.32
14789.76 16460.38
14791.82 16472.94
14793.86 16485.36
14795.85 16497.15
14798.06 16509.06
14800.32 16521.20
14802.59 16533.41
14804.80 16545.24
14807.00 16557.11
14809.23 16569.21
14811.43 16581.25
14813.74 16593.90
14817.66 16613.65
14819.66 16626.39
14821.66 16639.10
14823.61 16651.50
14825.64 16664.39
14827.68 16677.33
14829.69 16690.14
14831.75 16703.26
14833.72 16715.74
14835.76 16728.73
14837.73 16741.24
14839.77 16754.19
14844.26 16782.55
14846.26 16795.21
14848.33 16808.02
14850.50 16821.15
14852.62 16834.00
14854.64 16846.18
14856.72 16858.83
14858.84 16871.65
14861.84 16894.28
14863.33 16907.35
14864.93 16920.85
14866.39 16933.30
14867.97 16946.70
14869.46 16959.29
14871.00 16972.39
14872.54 16985.45
14874.14 16999.00
14875.62 17011.59
14878.03 17034.30
14878.98 17047.60
14879.93 17060.98
14881.02 17074.84
14882.64 17088.57
14884.22 17101.95
14885.80 17115.27
14886.83 17128.90
14887.03 17131.80
14887.10 17132.91
14887.11 17133.00
14887.11 17133.04
14887.11 17133.05
14887.11 17133.05
14887.11 17133.05
14887.11 17133.05
14887.11 17133.05
14887.11 17133.05
14887.11 17133.05
14887.11 17133.05
14887.11 17133.05
14887.11 17133.05
14887.11 17133.05
14886.47 17144.40
14886.83 17147.72
14887.23 17152.55
14887.59 17158.85
14888.03 17166.66
14891.83 17175.35
14892.46 17186.24
14893.15 17198.26
14893.81 17209.86
14894.62 17221.84
14895.54 17233.48
14896.42 17244.54
14897.37 17256.42
14916.48 17290.50
14911.19 17294.75
14906.12 17298.99
14899.34 17309.56
14899.55 17311.38
14899.66 17312.38
14899.67 17312.48
14899.68 17312.54
14899.68 17312.54
14900.45 17320.50
14900.78 17324.83
14901.25 17330.97
14901.89 17339.37
14902.63 17349.01
14903.55 17361.06
14904.56 17374.27
14907.63 17390.51
14909.03 17402.93
14910.35 17414.63
14911.71 17426.75
14913.62 17461.55
14913.91 17475.48
14914.19 17489.19
14914.46 17502.11
14914.76 17516.20
14915.03 17529.24
14915.31 17542.42
14916.36 17556.10
14917.41 17569.30
14918.45 17582.45
14919.48 17595.48
14920.57 17609.22
14921.64 17622.80
14922.74 17636.69
14923.68 17650.06
14924.39 17663.42
14924.96 17676.67
14925.36 17689.89
14925.96 17703.35
14926.76 17717.25
14927.52 17730.16
14928.27 17743.09
14929.07 17755.95
14929.22 17769.66
14928.40 17783.32
14929.41 17797.23
14930.61 17811.07
14931.74 17823.98
14932.91 17837.47
14934.07 17850.78
14934.78 17864.67
14935.47 17878.74
14937.84 17921.24
14938.19 17926.99
14938.53 17932.48
14938.80 17936.98
14938.99 17940.07
14939.68 17954.05
14940.03 17965.78
14940.41 17978.94
14940.89 17992.62
14941.85 18005.93
14942.85 18019.83
14945.59 18058.13
14945.73 18060.74
14945.85 18062.89
14945.93 18064.34
14945.97 18065.04
14945.99 18081.83
14945.95 18082.69
14945.92 18083.43
14945.16 18105.21
14945.00 18116.06
14944.81 18128.91
14944.61 18142.54
14944.41 18156.30
14944.21 18170.09
14944.00 18184.51
14943.80 18198.21
14942.80 18212.36
14941.61 18226.68
14940.40 18241.24
14939.19 18255.77
14937.88 18269.65
14936.35 18282.99
14934.70 18297.44
14933.10 18311.37
14931.55 18324.92
14929.06 18339.29
14927.07 18353.54
14925.83 18367.03
14924.50 18381.55
14923.16 18396.13
14921.84 18410.45
14920.56 18423.84
14919.12 18437.90
14917.68 18451.98
14916.23 18466.07
14914.80 18480.09
14913.33 18494.36
14911.89 18508.44
14910.49 18522.14
14909.11 18535.60
14907.65 18549.82
14906.22 18563.80
14904.82 18578.15
14903.49 18591.71
14902.09 18606.06
14900.78 18620.38
14899.68 18633.73
14898.52 18647.97
14897.40 18661.61
14896.24 18675.77
14895.05 18690.22
14891.87 18705.52
14892.00 18720.58
14891.22 18730.18
14889.69 18750.68
14888.76 18763.60
14887.87 18776.00
14886.96 18788.73
14885.20 18804.82
14884.45 18810.44
14883.78 18816.13
14883.31 18821.74
14882.85 18827.14
14874.26 18894.46
14872.68 18900.84
14871.15 18907.02
14868.85 18913.38
14865.91 18919.18
14856.55 18935.64
14850.99 18943.88
14841.27 18959.03
14831.78 18968.01
14822.40 18975.77
14812.36 18982.68
14800.76 18990.20
14787.17 18998.41
14771.86 19007.54
14754.68 19017.78
14737.78 19028.03
14721.53 19038.60
14704.91 19049.40
14688.29 19060.20
14671.49 19071.11
14655.05 19081.80
14638.83 19092.34
14622.41 19103.14
14605.80 19114.84
14590.01 19125.96
14573.40 19137.78
14557.34 19150.08
14541.61 19162.14
14525.47 19174.51
14510.13 19186.27
14494.54 19198.22
14478.70 19210.86
14464.23 19223.99
14449.41 19237.43
14434.32 19251.12
14419.71 19264.37
14405.36 19277.38
14390.96 19291.26
14376.70 19305.23
14359.85 19319.93
14345.85 19334.25
14331.82 19348.60
14318.36 19362.38
14304.89 19376.16
14291.32 19390.03
14277.72 19403.95
14263.65 19418.35
14249.46 19432.86
14235.78 19446.85
14222.12 19461.04
14208.47 19475.27
14194.51 19489.81
14180.73 19504.17
14166.95 19518.52
14152.75 19533.31
14139.08 19547.56
14125.34 19561.87
14111.66 19576.12
14097.70 19590.66
14083.96 19604.98
14069.81 19619.72
14056.25 19633.85
14042.85 19647.80
14028.87 19662.37
14015.39 19676.41
14001.40 19691.36
13987.83 19705.91
13974.24 19720.49
13960.88 19734.81
13947.15 19749.54
13933.66 19764.01
13919.95 19778.71
13906.30 19793.35
13892.75 19807.87
13879.43 19822.16
13866.07 19836.49
13852.51 19854.68
13840.02 19870.78
13827.68 19886.69
13815.16 19902.83
13803.30 19918.11
13790.75 19934.29
13778.58 19949.98
13766.34 19965.77
13753.87 19981.84
13741.79 19997.41
13729.79 20012.88
13717.93 20028.17
13706.25 20043.62
13695.32 20059.41
13686.07 20072.78
13678.11 20084.77
13670.20 20096.71
13662.53 20108.31
13655.05 20119.61
13647.69 20130.74
13640.27 20141.96
13632.87 20153.14
13625.48 20164.30
13617.81 20175.90
13610.17 20187.44
13602.35 20199.26
13594.50 20211.12
13586.77 20222.80
13579.54 20233.73
13571.91 20245.26
13568.28 20253.73
13567.62 20259.00
13573.69 20274.38
13577.05 20280.27
13580.47 20286.28
13584.11 20292.66
13586.71 20299.47
13588.26 20306.00
13589.68 20312.96
13590.97 20319.73
13591.52 20326.84
13591.94 20333.56
13592.36 20340.26
13596.31 20358.46
13602.89 20365.83
13613.77 20371.00
13623.45 20378.01
13636.64 20382.76
13649.85 20387.03
13662.58 20390.73
13675.91 20394.61
13688.90 20399.09
13701.02 20404.67
13713.13 20410.24
13725.98 20416.33
13737.97 20422.96
13750.00 20429.61
13762.14 20436.33
13774.55 20443.00
13786.60 20448.91
13800.62 20457.36
13811.14 20461.05
13821.49 20464.68
13829.61 20467.53
13835.46 20469.58
13829.73 20491.52
13824.36 20495.99
13817.83 20501.42
13809.93 20505.73
13786.59 20512.15
13772.62 20512.66
13758.88 20513.18
13745.13 20513.69
13731.50 20514.19
13718.11 20514.69
13704.23 20515.21
13690.80 20515.71
13677.17 20516.21
13663.38 20516.73
13649.85 20517.23
13635.69 20517.76
13621.26 20518.29
13607.64 20518.80
13593.88 20519.31
13580.32 20519.82
13567.10 20520.31
13553.04 20520.83
13539.67 20521.33
13526.36 20521.82
13512.05 20522.35
13498.58 20522.85
13484.89 20524.34
13474.65 20534.05
13474.62 20548.05
13474.79 20561.80
13475.29 20576.28
13475.77 20590.11
13476.24 20603.89
13476.70 20617.16
13477.17 20630.92
13477.64 20644.54
13478.12 20658.47
13478.58 20671.77
13479.05 20685.27
13479.52 20698.96
13480.00 20713.02
13480.48 20726.91
13480.95 20740.66
13481.41 20753.87
13481.89 20767.93
13482.36 20781.44
13482.86 20795.90
13483.34 20810.10
13483.82 20823.91
13484.31 20837.98
13484.77 20851.52
13485.24 20865.15
13485.72 20879.05
13486.21 20893.31
13486.67 20906.71
13487.15 20920.72
13487.61 20934.00
13488.10 20948.32
13488.60 20962.77
13489.06 20976.05
13489.54 20989.97
13489.93 21001.32
13490.17 21008.25
13486.76 21004.81
13486.39 20994.26
13485.98 20982.15
13485.48 20967.87
13484.99 20953.65
13484.49 20939.14
13484.01 20925.10
13483.51 20910.65
13483.02 20896.39
13482.54 20882.43
13482.04 20868.03
13481.54 20853.53
13481.06 20839.40
13480.59 20825.86
13480.09 20811.34
13479.60 20797.06
13479.13 20783.48
13478.66 20769.95
13478.19 20756.10
13477.69 20741.82
13477.23 20728.31
13476.74 20714.22
13476.28 20700.81
13475.79 20686.45
13475.32 20672.89
13474.83 20658.74
13474.34 20644.38
13473.87 20630.91
13473.40 20617.14
13472.93 20603.60
13472.45 20589.64
13471.95 20575.07
13471.46 20560.89
13471.32 20547.15
13471.35 20532.92
13481.15 20523.22
13493.31 20519.75
13507.16 20519.24
13521.40 20518.71
13535.62 20518.18
13549.72 20517.66
13563.48 20517.14
13576.78 20516.65
13590.82 20516.13
13605.34 20515.59
13619.88 20515.05
13633.32 20514.55
13647.53 20514.02
13661.23 20513.51
13674.70 20513.01
13688.82 20512.49
13702.16 20511.99
13716.26 20511.46
13729.99 20510.95
13744.22 20510.43
13758.14 20509.91
13772.05 20509.39
13785.72 20508.88
