6639.26 17762.05
6640.62 17762.30
6643.48 17762.84
6648.82 17763.84
6655.67 17765.13
6663.98 17766.69
6674.05 17768.54
6685.86 17770.62
6698.48 17772.84
6710.55 17774.96
6723.86 17777.30
6737.03 17779.61
6750.38 17781.72
6762.59 17783.45
6775.04 17785.21
6788.07 17786.66
6800.89 17788.00
6813.50 17789.32
6826.91 17790.63
6840.18 17791.92
6852.51 17793.12
6865.81 17794.42
6878.14 17795.62
6890.98 17796.87
6903.55 17798.09
6916.99 17799.40
6929.25 17800.59
6941.97 17801.83
6955.08 17803.10
6967.84 17804.34
6980.07 17805.53
6992.82 17806.76
7005.17 17807.64
7017.42 17808.52
7030.76 17808.77
7044.18 17808.03
7057.23 17807.15
7069.53 17805.61
7082.69 17803.95
7095.07 17801.66
7107.68 17799.30
7120.66 17796.68
7133.04 17793.68
7145.35 17789.46
7157.08 17785.45
7168.96 17781.38
7180.80 17777.32
7193.43 17773.00
7205.70 17768.80
7217.52 17764.75
7229.70 17760.58
7241.56 17756.76
7254.61 17754.05
7267.20 17751.43
7280.33 17749.23
7292.57 17747.50
7305.69 17746.15
7318.13 17745.09
7331.03 17745.21
7343.27 17746.55
7355.88 17749.65
7368.34 17753.62
7379.81 17758.04
7392.43 17762.90
7402.87 17769.89
7413.81 17777.43
7424.46 17784.91
7434.43 17792.10
7445.08 17799.77
7455.28 17807.12
7465.47 17814.46
7475.63 17821.78
7486.08 17829.31
7496.31 17836.68
7507.37 17842.54
7518.50 17848.25
7530.36 17853.68
7542.96 17857.11
7555.52 17860.54
7575.59 17864.87
7586.90 17864.03
7597.97 17861.23
7608.95 17858.69
7619.20 17856.69
7638.32 17854.28
7646.25 17854.50
7654.22 17855.10
7671.67 17848.69
7677.39 17838.65
7682.54 17828.28
7687.83 17817.08
7692.95 17806.28
7698.04 17795.53
7703.04 17784.95
7708.15 17774.16
7713.54 17762.78
7719.60 17752.37
7725.66 17742.56
7733.79 17732.99
7741.91 17724.50
7757.83 17709.53
7766.48 17701.79
7776.34 17695.08
7787.32 17688.51
7797.79 17682.88
7809.34 17677.82
7820.42 17673.45
7831.82 17669.79
7843.78 17666.46
7855.28 17663.60
7867.18 17660.64
7883.67 17657.02
7895.74 17654.55
7895.91 17654.52
7907.58 17652.14
7910.74 17651.50
7935.71 17647.29
7946.68 17645.60
7959.06 17643.70
7971.04 17642.77
7983.52 17642.02
7995.08 17642.08
8007.74 17642.35
8019.97 17642.68
8032.72 17643.13
8044.45 17643.55
8056.24 17643.98
8068.35 17644.42
8080.41 17644.86
8092.92 17644.77
8104.75 17644.36
8116.67 17643.95
8128.22 17643.17
8140.83 17642.20
8152.96 17641.27
8164.32 17639.09
8175.22 17636.96
8182.43 17635.56
8185.51 17634.96
8185.77 17634.91
8185.83 17634.90
8185.86 17634.89
8185.88 17634.89
8185.88 17634.89
8185.88 17634.89
8185.88 17634.89
8185.88 17634.89
8185.88 17634.89
8196.63 17632.45
8199.23 17631.77
8202.88 17630.83
8208.24 17629.34
8216.80 17626.74
8227.10 17623.62
8238.68 17619.78
8251.02 17615.13
8263.27 17610.51
8274.23 17605.04
8285.95 17598.96
8297.64 17592.89
8309.60 17586.68
8320.63 17580.84
8332.22 17574.67
8343.82 17568.50
8354.77 17562.67
8366.43 17556.47
8377.36 17550.65
8388.79 17544.58
8399.67 17538.78
8411.28 17532.61
8422.35 17526.72
8433.49 17520.79
8444.79 17514.78
8456.66 17508.46
8468.47 17502.18
8479.48 17496.32
8491.27 17489.84
8502.54 17483.55
8513.54 17477.40
8524.50 17471.28
8535.92 17464.91
8547.18 17458.61
8558.09 17452.52
8569.54 17446.13
8581.12 17439.66
8592.09 17433.53
8603.31 17427.25
8614.07 17421.16
8625.05 17414.96
8635.75 17408.90
8647.20 17402.43
8658.92 17395.80
8669.84 17389.62
8680.90 17383.37
8692.62 17376.74
8707.47 17368.34
8713.93 17364.68
8718.59 17362.05
8720.55 17360.94
8720.63 17360.89
8720.67 17360.87
8720.69 17360.86
8720.71 17360.85
8720.71 17360.85
8720.71 17360.85
8720.71 17360.85
8720.71 17360.85
8720.71 17360.85
8720.71 17360.85
8720.71 17360.85
8720.71 17360.85
8720.71 17360.85
8720.71 17360.85
8720.71 17360.85
8720.71 17360.85
8720.71 17360.85
8720.71 17360.85
8720.71 17360.85
8720.71 17360.85
8720.71 17360.85
8720.71 17360.85
8720.71 17360.85
8730.92 17355.05
8733.30 17353.70
8737.66 17351.20
8743.85 17347.67
8751.98 17343.03
8762.22 17337.18
8772.90 17331.08
8783.69 17324.93
8795.08 17318.42
8805.76 17310.76
8815.86 17303.00
8826.20 17295.06
8836.18 17287.39
8846.13 17279.75
8856.40 17271.86
8866.67 17263.97
8876.23 17256.62
8886.53 17248.71
8896.50 17241.05
8906.41 17233.45
8916.69 17225.52
8927.13 17217.33
8937.55 17209.16
8947.02 17201.71
8957.34 17193.59
8967.64 17185.50
8977.33 17177.88
8987.47 17169.90
8997.54 17161.98
9007.32 17154.29
9017.53 17146.27
9027.32 17138.56
9037.48 17130.58
9047.17 17122.96
9057.52 17114.82
9075.19 17101.00
9084.47 17093.79
9094.22 17086.22
9103.60 17078.93
9113.27 17071.42
9122.96 17063.89
9133.23 17056.23
9142.21 17050.23
9149.53 17042.15
9156.88 17034.02
9164.92 17026.47
9173.55 17019.12
9188.18 17006.93
9190.33 17005.31
9191.35 17004.54
9200.00 16997.69
9205.30 16993.38
9211.97 16987.96
9219.72 16981.67
9228.06 16974.89
9247.42 16960.78
9258.59 16954.12
9268.91 16948.21
9279.98 16941.87
9290.77 16935.27
9300.92 16927.90
9310.95 16919.98
9320.47 16911.36
9329.53 16902.56
9338.11 16894.28
9347.29 16885.75
9356.33 16877.35
9366.02 16869.53
9375.40 16861.97
9385.23 16854.04
9395.03 16846.13
9405.12 16837.99
9414.81 16830.17
9424.71 16822.18
9434.60 16814.20
9443.98 16806.63
9453.36 16799.07
9463.28 16791.06
9473.07 16783.16
9482.87 16775.25
9492.83 16771.46
9500.40 16765.36
9505.09 16761.57
9506.57 16760.38
9507.21 16759.86
9507.33 16759.77
9507.40 16759.71
9507.42 16759.70
9507.42 16759.69
9507.42 16759.69
9507.43 16759.69
9507.43 16759.69
9507.43 16759.69
9507.43 16759.69
9507.43 16759.69
9507.43 16759.69
9507.43 16759.69
9507.43 16759.69
9507.43 16759.69
9507.43 16759.69
9507.43 16759.69
9507.43 16759.69
9507.43 16759.69
9518.19 16752.26
9520.66 16750.78
9524.04 16748.75
9528.86 16745.85
9535.34 16741.97
9543.39 16737.13
9551.83 16732.07
9563.60 16723.60
9572.95 16715.99
9582.22 16708.46
9591.60 16700.83
9600.74 16693.18
9610.17 16684.73
9619.58 16676.42
9629.29 16668.26
9639.32 16659.83
9648.82 16651.88
9658.34 16643.87
9667.93 16635.75
9678.02 16627.22
9688.08 16618.70
9702.26 16606.86
9711.29 16599.48
9720.75 16591.74
9730.29 16583.94
9739.79 16576.16
9749.14 16568.52
9764.13 16556.59
9774.19 16548.69
9784.11 16540.89
9793.71 16533.33
9803.85 16525.36
9813.50 16517.78
9822.90 16510.38
9832.59 16502.77
9842.39 16495.06
9851.81 16487.65
9862.09 16479.57
9871.91 16471.85
9881.55 16464.27
9894.20 16450.25
9902.11 16444.23
9909.40 16438.69
9916.59 16433.07
9924.43 16426.91
9932.33 16420.70
9940.06 16414.61
9947.26 16408.95
9955.00 16402.86
9962.47 16396.99
9970.09 16390.99
9986.40 16332.72
9992.04 16334.38
9997.16 16336.00
10002.76 16337.78
10017.68 16341.54
10021.95 16342.08
10026.02 16342.58
10028.08 16342.64
10039.16 16339.89
10046.03 16339.96
10051.44 16337.08
10056.56 16334.35
10061.56 16331.69
10073.29 16325.17
10079.03 16321.97
10085.43 16318.48
10092.11 16314.83
10098.21 16311.50
10104.81 16307.71
10111.16 16303.95
10116.90 16300.55
10123.38 16296.71
10129.82 16293.01
10136.42 16289.15
10141.92 16285.41
10147.70 16281.48
10153.31 16277.67
10158.35 16274.24
10164.94 16267.98
10172.19 16264.21
10181.37 16259.44
10192.00 16253.92
10203.82 16240.02
10207.53 16234.35
10209.49 16230.18
10210.42 16228.18
10210.61 16227.78
10210.74 16227.51
10210.77 16227.44
10210.77 16227.44
10210.77 16227.44
10210.77 16227.44
10210.77 16227.44
10216.35 16215.96
10216.38 16215.90
10216.41 16215.84
10222.91 16202.94
10224.90 16198.98
10227.30 16194.24
10233.67 16177.79
10238.88 16167.00
10244.38 16155.64
10250.12 16143.77
10255.63 16132.38
10261.33 16120.60
10266.61 16109.67
10272.09 16098.34
10277.41 16087.35
10282.68 16076.45
10288.37 16064.68
10293.67 16053.73
10298.92 16042.87
10304.42 16031.50
10313.68 16011.82
10318.62 16000.99
10323.85 15989.77
10328.96 15978.58
10334.02 15967.47
10338.87 15956.83
10343.77 15946.11
10348.67 15935.36
10353.46 15924.85
10358.43 15913.95
10363.64 15902.53
10372.72 15883.05
10377.41 15872.84
10382.06 15862.73
10386.80 15852.44
10391.40 15842.43
10400.86 15822.48
10406.53 15810.65
10411.89 15799.48
10417.26 15788.28
10422.81 15776.68
10427.72 15765.70
10432.73 15754.48
10437.93 15742.84
10443.11 15731.25
10448.41 15719.39
10453.29 15708.45
10458.60 15696.57
10463.71 15685.12
10469.95 15671.15
10474.59 15660.75
10479.24 15650.34
10483.89 15639.93
10488.31 15630.04
10492.93 15619.69
10502.99 15597.42
10506.77 15589.14
10515.20 15570.41
10519.62 15560.24
10523.74 15550.01
10526.86 15539.26
10528.69 15528.19
10529.37 15517.46
10525.83 15497.99
10521.93 15486.16
10518.16 15474.71
10514.29 15462.97
10511.27 15450.42
10508.62 15438.13
10506.68 15425.81
10505.55 15413.50
10505.49 15401.14
10505.95 15389.16
10506.73 15376.74
10508.34 15364.23
10509.97 15351.56
10511.57 15339.11
10513.93 15320.28
10515.34 15307.83
10516.78 15295.16
10518.15 15283.14
10519.64 15270.94
10521.12 15258.56
10522.97 15245.63
10524.67 15232.92
10526.36 15220.22
10528.45 15204.83
10530.13 15192.88
10531.07 15181.67
10532.17 15166.65
10533.14 15153.39
10533.54 15141.10
10533.90 15128.28
10533.89 15115.46
10533.74 15103.16
10533.30 15090.02
10532.34 15077.88
10531.29 15064.76
10530.24 15051.51
10529.25 15039.04
10528.26 15026.63
10527.18 15012.96
10526.29 15002.28
10525.37 14991.61
10524.35 14981.02
10523.63 14973.56
10523.16 14968.69
10523.05 14967.61
10535.22 14954.97
10540.26 14954.39
10546.79 14953.62
10554.91 14952.65
10564.62 14951.49
10575.45 14950.20
10586.50 14948.88
10598.26 14947.47
10612.87 14945.73
10625.52 14944.30
10637.84 14942.91
10650.69 14941.46
10663.21 14940.05
10675.20 14938.70
10687.12 14937.36
10701.76 14932.53
10714.06 14931.11
10726.32 14929.59
10740.51 14924.68
10753.30 14923.36
10765.21 14922.14
10777.54 14920.87
10789.92 14919.59
10803.11 14921.54
10812.63 14920.56
10821.78 14919.52
10831.20 14918.21
10841.00 14916.92
10847.87 14916.16
10851.41 14915.76
10852.14 14915.68
10852.39 14915.66
10852.41 14915.65
10852.42 14915.65
10852.42 14915.65
10852.42 14915.65
10852.42 14915.65
10852.42 14915.65
10852.42 14915.65
10852.42 14915.65
10852.42 14915.65
10852.42 14915.65
10852.42 14915.65
10852.42 14915.65
10852.42 14915.65
10852.42 14915.65
10852.42 14915.65
10856.18 14911.52
10856.01 14909.23
10855.98 14905.30
10855.93 14899.59
10855.86 14891.89
10855.77 14883.05
10855.67 14872.45
10855.57 14861.23
10855.47 14850.79
10855.38 14840.45
10853.63 14826.70
10853.65 14814.69
10853.67 14803.15
10853.69 14791.56
10853.71 14779.73
10853.73 14768.13
10853.75 14756.00
10855.31 14741.13
10855.82 14736.63
10856.06 14734.45
10850.51 14730.13
10845.29 14730.19
10839.79 14730.16
10834.15 14730.14
10828.21 14730.09
10822.93 14730.05
10813.49 14720.83
10813.34 14712.78
10813.08 14702.87
10812.67 14690.87
10811.91 14678.30
10810.89 14665.63
10809.23 14653.82
10806.63 14641.25
10803.17 14629.40
10797.38 14619.16
10801.07 14618.91
10806.64 14629.50
10810.18 14641.63
10812.63 14654.09
10814.27 14666.21
10815.28 14679.35
10816.03 14691.79
10816.41 14703.93
10816.76 14717.05
