11104.81 11786.86
11103.85 11788.67
11102.34 11791.52
11100.21 11795.55
11097.98 11801.22
11095.71 11808.20
11093.10 11816.24
11090.10 11825.45
11087.48 11834.74
11084.90 11844.04
11082.24 11853.64
11079.57 11863.26
11076.76 11873.36
11074.18 11882.68
11071.36 11892.84
11061.49 11924.95
11058.25 11934.29
11054.91 11943.94
11051.74 11953.08
11048.61 11962.14
11045.52 11971.05
11042.49 11980.72
11040.23 11990.67
11038.13 11999.89
11033.62 12016.19
11030.08 12027.35
11026.82 12037.62
11023.25 12048.87
11020.04 12058.99
11016.71 12069.78
11013.51 12080.14
11010.28 12090.52
11007.05 12100.71
11003.76 12111.05
11000.33 12121.86
10997.02 12132.27
10993.76 12142.53
10990.40 12153.40
10987.10 12164.07
10978.03 12183.79
10972.82 12192.37
10967.66 12201.37
10962.68 12210.61
10957.67 12220.04
10952.98 12228.87
10948.07 12238.11
10938.73 12256.02
10934.18 12264.81
10929.43 12274.01
10924.78 12282.98
10919.98 12292.25
10915.05 12301.78
10910.15 12311.25
10900.54 12329.81
10896.01 12338.56
10891.69 12346.89
10884.10 12354.36
10879.45 12363.34
10874.92 12372.08
10870.65 12380.32
10865.98 12389.32
10861.72 12397.54
10851.99 12416.37
10847.29 12425.55
10842.46 12434.98
10837.83 12444.01
10833.17 12453.10
10828.51 12462.20
10823.67 12471.64
10818.92 12480.90
10813.94 12490.62
10809.26 12499.75
10804.21 12509.63
10799.42 12519.36
10794.80 12528.76
10790.08 12538.34
10785.59 12547.48
10782.69 12553.36
10771.42 12575.91
10766.81 12584.24
10762.26 12592.48
10757.50 12601.09
10752.84 12609.52
10751.20 12619.33
10746.52 12627.80
10742.09 12635.82
10737.45 12644.19
10725.35 12666.04
10720.70 12674.74
10715.96 12683.86
10710.95 12693.47
10706.30 12702.20
10701.46 12711.28
10696.65 12720.32
10691.83 12729.42
10687.14 12738.52
10682.19 12748.14
10677.28 12757.66
10672.45 12767.03
10660.28 12790.72
10656.23 12798.63
10652.01 12806.87
10648.06 12814.57
10644.05 12822.40
10635.06 12840.23
10630.06 12849.84
10625.28 12859.03
10620.63 12867.95
10615.82 12877.20
10611.22 12886.05
10607.14 12895.13
10602.85 12904.80
10594.86 12922.89
10590.95 12931.67
10586.88 12940.66
10582.49 12950.31
10578.21 12959.34
10573.62 12968.69
10569.22 12977.67
10564.98 12986.75
10561.33 12996.17
10558.89 13002.89
10557.72 13006.22
10557.52 13006.80
10557.50 13006.85
10557.49 13006.88
10557.49 13006.88
10557.49 13006.88
10557.49 13006.88
10557.49 13006.88
10557.49 13006.88
10557.49 13006.88
10557.49 13006.88
10557.49 13006.88
10557.49 13006.88
10557.49 13006.88
10557.49 13006.88
10557.49 13006.88
10557.49 13006.88
10552.57 13025.15
10551.87 13028.57
10550.88 13033.38
10549.60 13040.16
10548.12 13048.76
10546.43 13058.59
10544.52 13069.69
10542.56 13081.09
10540.63 13092.36
10538.71 13103.48
10536.72 13115.04
10534.91 13125.50
10533.02 13136.49
10531.16 13147.23
10529.21 13158.54
10527.27 13169.77
10525.51 13180.76
10524.07 13191.29
10522.52 13202.73
10520.99 13213.94
10519.51 13224.85
10518.37 13235.85
10517.31 13247.28
10516.25 13258.89
10515.19 13270.39
10514.14 13281.82
10513.19 13293.35
10512.41 13304.00
10511.60 13315.02
10510.77 13326.45
10506.69 13336.80
10505.89 13347.78
10505.00 13358.89
10504.16 13369.47
10503.31 13380.14
10501.79 13401.18
10500.88 13412.89
10499.98 13423.60
10499.65 13435.35
10499.51 13447.24
10499.39 13458.09
10499.25 13469.98
10499.13 13481.10
10499.00 13491.88
10498.87 13503.68
10499.08 13515.45
10499.26 13526.18
10499.45 13537.01
10499.65 13548.06
10499.84 13559.19
10500.03 13570.01
10500.78 13587.41
10501.37 13597.98
10501.91 13608.56
10502.38 13619.14
10502.84 13629.96
10503.57 13646.93
10504.01 13657.26
10504.49 13668.14
10505.30 13678.90
10506.11 13689.45
10506.96 13700.44
10507.72 13710.33
10508.49 13720.32
10509.20 13729.51
10509.65 13735.31
10479.78 13747.13
10471.03 13747.16
10460.55 13747.21
10449.70 13747.26
10439.31 13747.30
10429.25 13747.34
10418.57 13747.39
10407.88 13747.44
10397.33 13747.48
10386.50 13747.53
10375.63 13747.58
10365.51 13747.62
10355.09 13747.66
10344.39 13747.71
10333.51 13747.76
10323.31 13747.80
10313.00 13747.85
10305.04 13747.88
10300.03 13747.90
10293.70 13752.93
10292.69 13757.32
10285.84 13766.58
10274.73 13772.67
10266.83 13772.51
10254.64 13765.49
10247.32 13759.29
10241.07 13751.36
10229.85 13744.07
10217.90 13745.01
10206.82 13745.88
10194.70 13746.84
10183.06 13747.75
10171.23 13748.68
10160.05 13749.56
10148.48 13750.47
10136.45 13751.41
10124.82 13752.33
10113.30 13753.24
10101.62 13754.15
10090.60 13755.02
10079.62 13755.88
10068.22 13756.78
10056.53 13757.70
10044.61 13758.64
10032.98 13759.55
10021.29 13760.47
10012.71 13761.14
10007.87 13761.52
10000.37 13763.99
9992.97 13763.74
9980.54 13763.07
9968.92 13764.01
9957.13 13764.96
9946.05 13765.85
9934.23 13766.81
9923.50 13767.67
9912.11 13768.59
9900.88 13769.50
9889.98 13770.38
9878.47 13771.30
9866.90 13772.24
9855.42 13773.16
9847.09 13782.98
9847.15 13793.30
9847.21 13804.45
9847.28 13815.61
9847.34 13826.23
9847.40 13837.37
9847.46 13848.34
9847.52 13859.08
9847.58 13869.83
9847.55 13887.60
9847.51 13898.84
9847.46 13909.66
9847.42 13920.46
9847.37 13932.12
9846.76 13943.52
9837.06 13948.40
9825.08 13949.00
9814.15 13949.53
9803.27 13950.36
9791.53 13951.35
9780.73 13952.27
9769.94 13953.18
9759.10 13954.10
9747.88 13955.05
9736.11 13956.05
9728.53 13956.69
9725.28 13956.97
9712.99 13957.78
9705.39 13958.21
9695.57 13958.77
9683.95 13959.43
9673.09 13960.04
9661.57 13960.70
9650.37 13961.33
9638.69 13961.99
9627.68 13962.62
9616.08 13963.27
9605.21 13963.89
9594.41 13964.50
9583.02 13965.15
9572.10 13965.77
9560.42 13966.43
9551.63 13975.65
9550.79 13986.63
9550.00 13997.03
9549.17 14007.86
9548.35 14018.68
9547.55 14029.13
9546.76 14039.48
9545.90 14050.68
9545.08 14061.51
9544.25 14072.83
