10831.48 13454.48
10831.40 13455.92
10831.22 13459.12
10830.92 13464.34
10830.51 13471.53
10829.99 13480.74
10829.39 13491.45
10828.65 13504.48
10827.82 13519.06
10827.03 13533.12
10826.20 13547.75
10825.37 13562.38
10824.60 13575.97
10823.81 13589.99
10813.53 13593.86
10799.87 13593.36
10786.33 13592.87
10771.65 13592.34
10761.33 13591.96
10755.38 13591.75
10746.94 13580.08
10747.02 13571.43
10747.11 13561.24
10747.22 13548.97
10747.33 13535.82
10747.46 13521.55
10747.53 13507.82
10747.46 13494.34
10747.38 13480.31
10747.31 13466.29
10747.23 13452.73
10747.18 13443.40
10747.61 13438.32
10741.70 13431.69
10735.56 13430.68
10720.83 13428.41
10709.51 13426.76
10696.69 13424.89
10684.01 13423.04
10662.69 13420.02
10650.90 13418.42
10639.10 13416.82
10629.56 13415.52
10622.83 13414.61
10614.81 13400.85
10616.36 13389.13
10618.17 13375.51
10620.08 13361.08
10621.92 13347.17
10623.74 13333.51
10625.63 13319.23
10627.40 13305.84
10629.16 13292.59
10630.94 13279.20
10632.83 13264.94
10634.59 13251.66
10636.41 13237.24
10638.22 13222.84
10639.97 13208.92
10641.65 13195.57
10643.32 13182.29
10645.05 13168.56
10646.73 13155.23
10648.43 13141.68
10650.24 13127.35
10651.95 13113.73
10653.48 13101.55
10654.51 13093.35
10655.38 13088.35
10647.52 13076.99
10641.66 13073.39
10634.05 13068.72
10624.77 13063.02
10614.91 13056.97
10604.22 13050.41
10593.69 13043.98
10582.86 13037.45
10572.21 13031.16
10564.39 13026.79
10559.28 13023.94
10557.43 13022.92
10557.42 13022.91
10557.42 13022.91
10557.42 13022.91
10557.42 13022.91
10557.42 13022.91
10557.42 13022.91
10557.42 13022.91
10557.42 13022.91
10557.42 13022.91
10557.42 13022.91
10557.42 13022.91
10557.42 13022.91
10557.42 13022.91
10557.42 13022.91
10557.42 13022.91
10557.42 13022.91
10557.42 13022.91
10557.42 13022.91
10557.42 13022.91
10557.42 13022.91
10557.42 13022.91
10557.42 13022.91
10557.42 13022.91
10557.42 13022.91
10531.92 13008.36
10530.39 13007.58
10528.27 13006.50
10525.21 13004.95
10521.44 13002.96
10508.37 12995.74
10498.92 12989.85
10487.82 12982.89
10476.93 12976.05
10466.50 12969.50
10455.91 12962.86
10436.91 12951.45
10425.04 12944.44
10412.95 12937.70
10400.96 12931.13
10388.77 12924.57
10377.20 12918.49
10365.03 12912.43
10352.57 12908.01
10339.87 12904.69
10327.24 12902.02
10305.21 12898.84
10291.61 12897.57
10277.24 12896.23
10262.80 12894.89
10248.84 12893.59
10235.41 12892.29
10222.03 12890.53
10208.73 12888.88
10195.29 12887.33
10181.03 12885.69
10166.67 12884.03
10153.38 12882.50
10139.88 12880.94
10125.96 12879.46
10111.67 12877.99
10097.49 12876.53
10083.55 12875.09
10069.63 12873.66
10056.61 12872.32
10046.72 12871.29
10040.93 12870.69
10039.42 12870.54
10038.98 12870.49
10038.74 12870.47
10038.61 12870.45
10038.57 12870.45
10038.56 12870.45
10038.55 12870.45
10038.55 12870.45
10038.55 12870.45
10038.55 12870.45
10038.55 12870.45
10038.55 12870.45
10038.55 12870.45
10038.55 12870.45
10038.55 12870.45
10038.55 12870.45
10038.55 12870.45
10016.62 12867.94
10014.16 12867.63
10009.58 12867.06
10003.59 12866.31
9995.98 12865.36
9986.87 12864.22
9975.95 12862.86
9963.12 12861.25
9951.05 12859.72
9938.24 12858.09
9925.56 12856.49
9903.00 12853.83
9890.14 12852.37
9876.54 12850.82
9863.59 12849.34
9850.60 12847.80
9836.81 12845.06
9823.38 12842.40
9809.59 12839.66
9787.85 12833.87
9774.89 12829.57
9762.35 12825.40
9749.11 12821.01
9736.29 12816.75
9723.67 12812.56
9711.30 12807.79
9699.02 12802.89
9683.45 12796.67
9664.08 12789.87
9652.03 12785.91
9640.68 12782.18
9628.99 12778.33
9617.31 12774.49
9595.16 12767.65
9581.89 12763.83
9568.42 12759.96
9554.39 12755.92
9541.06 12752.07
9527.86 12748.27
9514.43 12744.39
9500.21 12740.29
9486.62 12736.57
9473.02 12733.01
9458.75 12729.28
9445.29 12725.93
9430.76 12723.28
9417.25 12720.81
9402.76 12718.49
9388.29 12716.92
9374.52 12715.42
9360.04 12714.19
9346.19 12713.40
9329.26 12712.44
9316.54 12711.33
9303.66 12710.21
9290.76 12709.25
9277.87 12708.49
9264.80 12707.71
9254.95 12707.08
9249.12 12706.68
9247.32 12706.56
9247.29 12706.55
9247.27 12706.55
9247.27 12706.55
9247.27 12706.55
9247.27 12706.55
9247.27 12706.55
9247.27 12706.55
9247.27 12706.55
9247.27 12706.55
9247.27 12706.55
9247.27 12706.55
9247.27 12706.55
9247.27 12706.55
9247.27 12706.55
9247.27 12706.55
9247.27 12706.55
9229.36 12702.21
9226.46 12702.08
9222.55 12701.90
9217.54 12701.66
9211.10 12701.36
9203.62 12701.01
9184.56 12699.93
9171.10 12699.00
9156.61 12698.01
9139.32 12696.96
9124.80 12696.12
9110.51 12695.29
9096.69 12694.49
9080.18 12693.41
9065.32 12692.24
9051.12 12691.12
9037.09 12690.01
9023.10 12688.90
9009.07 12687.79
8994.72 12686.66
8980.57 12685.54
8966.09 12684.40
8952.07 12683.29
8937.77 12682.64
8923.20 12682.19
8908.80 12682.86
8894.44 12683.68
8879.95 12685.21
8865.35 12686.76
8851.14 12688.26
8836.14 12689.84
8821.70 12691.37
8807.82 12692.83
8792.77 12694.42
8778.37 12695.95
8763.38 12697.53
8749.25 12699.05
8734.40 12700.72
8719.45 12702.40
8705.11 12704.01
8690.88 12705.47
8676.05 12706.98
8662.24 12708.40
8647.86 12709.88
8632.90 12711.43
8618.34 12712.93
8603.38 12714.47
8589.55 12715.89
8575.22 12717.37
8561.28 12718.81
8546.38 12720.34
8531.53 12721.87
8516.61 12723.44
8501.77 12725.01
8487.15 12726.57
8472.77 12728.09
8458.63 12729.60
8443.55 12730.45
8429.52 12730.66
8415.40 12730.04
8401.29 12728.55
8387.29 12725.67
8372.79 12722.17
8358.91 12718.02
8344.92 12713.84
8330.40 12709.50
8316.57 12705.37
8302.62 12701.21
8285.31 12699.49
8272.06 12695.53
8258.82 12691.58
8244.90 12687.64
8229.91 12683.55
8227.48 12682.85
8207.15 12677.05
8194.48 12673.43
8181.85 12669.84
8169.38 12666.35
8157.39 12663.03
8145.43 12659.71
8133.55 12656.42
8121.64 12653.12
8109.61 12649.79
8097.30 12646.38
8086.82 12643.48
8069.54 12638.58
8063.62 12636.75
8060.51 12635.79
8059.77 12635.56
8059.35 12635.43
8059.24 12635.39
8059.23 12635.39
8052.01 12633.19
8049.11 12632.31
8043.86 12630.74
8036.71 12628.59
8027.93 12625.95
8017.62 12622.85
8005.40 12619.18
7991.85 12615.11
7978.62 12611.13
7965.44 12607.17
7951.87 12603.10
7938.92 12599.21
7925.38 12595.39
7911.69 12591.52
7897.57 12587.53
7883.88 12583.67
7870.40 12579.86
7857.25 12576.15
7843.72 12572.33
7830.47 12568.58
7819.05 12565.36
7796.28 12559.03
7782.46 12554.85
7769.16 12550.87
7755.48 12546.94
7741.66 12542.96
7727.25 12538.81
7713.27 12534.78
7698.86 12530.63
7684.46 12526.66
7670.12 12522.71
7656.25 12518.89
7643.02 12514.93
7629.35 12510.70
7615.31 12506.60
7601.64 12502.72
7588.33 12498.94
7574.54 12495.08
7560.46 12491.21
7547.00 12487.52
7533.33 12483.76
7518.91 12479.81
7504.40 12475.82
7491.07 12472.24
7477.01 12468.57
7462.60 12464.43
7449.09 12460.49
7434.94 12456.36
7420.50 12452.15
7406.74 12448.13
7393.08 12444.14
7379.50 12440.18
7365.13 12435.98
7351.10 12431.89
7337.65 12427.96
7323.94 12423.96
7310.15 12419.94
7295.95 12415.79
7281.54 12411.59
7268.24 12407.71
7254.60 12403.75
7240.59 12399.68
7227.07 12395.75
7213.06 12391.69
7199.62 12387.78
7185.90 12383.80
7171.94 12379.75
7158.05 12375.71
7144.62 12371.81
7131.31 12367.96
7115.99 12363.55
7095.47 12357.80
7083.30 12354.40
7070.40 12350.80
7057.15 12347.09
7043.98 12343.41
7031.50 12339.93
7015.97 12336.39
7002.45 12333.30
6989.64 12329.53
6977.16 12325.85
6960.86 12322.77
6949.77 12319.50
6938.97 12316.32
6928.01 12313.09
6917.24 12309.91
6906.14 12306.64
6895.23 12303.43
6884.30 12300.21
6873.34 12296.98
6834.72 12284.54
6823.20 12281.21
6811.43 12277.80
6799.26 12274.27
6787.69 12270.92
6775.55 12267.40
6764.34 12264.16
6753.22 12260.94
6741.34 12257.81
6731.32 12270.49
6727.52 12282.58
6723.62 12294.96
6719.56 12307.87
6715.75 12319.98
6711.97 12332.09
6708.30 12344.12
6704.46 12356.68
6700.74 12368.83
6696.88 12381.49
6694.04 12390.77
6692.09 12397.14
6678.37 12404.06
6667.90 12401.05
6656.21 12397.69
6643.35 12394.00
6630.17 12390.22
6616.44 12386.29
6603.52 12382.59
6590.74 12378.93
6577.06 12375.02
6564.00 12371.50
6550.15 12367.77
6536.93 12364.22
