24064.50 3954.63
24065.07 3952.94
24066.49 3949.62
24069.56 3945.62
24075.79 3941.75
24082.45 3939.52
24089.79 3937.58
24097.37 3936.07
24104.90 3934.68
24111.67 3933.63
24119.04 3932.48
24125.85 3931.42
24133.57 3930.22
24140.24 3929.22
24147.39 3928.16
24154.86 3927.12
24161.58 3926.17
24168.34 3924.97
24175.26 3923.63
24182.08 3922.31
24188.70 3921.02
24195.22 3919.75
24202.10 3918.39
24209.75 3916.88
24216.97 3915.42
24224.19 3913.88
24231.33 3913.80
24237.85 3917.12
24241.88 3922.91
24244.83 3930.04
24247.02 3936.43
24252.38 3941.49
24258.38 3945.29
24264.05 3948.81
24269.72 3952.61
24275.50 3956.76
24281.22 3960.65
24287.74 3965.08
24293.60 3969.21
24299.08 3972.99
24303.23 3975.50
24299.92 3977.35
24294.23 3973.71
24288.48 3969.62
24282.75 3965.69
24276.45 3961.39
24270.38 3957.14
24265.04 3953.32
24259.21 3949.69
24253.28 3946.00
24247.58 3942.24
24243.25 3936.94
24241.50 3930.38
24238.78 3924.08
24234.64 3918.75
24227.64 3916.52
24220.62 3918.02
24213.32 3919.53
24206.48 3920.89
24199.97 3922.18
24193.32 3923.49
24185.80 3924.95
24178.70 3926.32
24171.39 3927.74
24164.03 3929.12
24156.42 3930.24
24149.83 3931.15
24143.07 3932.13
24136.06 3933.19
24129.52 3934.20
24122.99 3935.21
24115.49 3936.38
24108.26 3937.50
24101.19 3938.68
24094.74 3939.96
24087.71 3941.40
24080.69 3943.48
24074.60 3945.83
24069.62 3950.83
24067.66 3955.94
24064.97 3974.38
24063.82 3981.45
24062.70 3988.35
24061.58 3995.21
24060.39 4002.50
24059.27 4009.38
24058.11 4016.52
24056.97 4023.52
24055.93 4029.93
24054.83 4036.66
24053.76 4043.29
24052.70 4049.83
24051.59 4056.63
24050.54 4063.12
24049.36 4070.37
24048.24 4077.22
24047.04 4084.64
24045.81 4092.16
24044.61 4099.56
24043.44 4106.77
24042.21 4114.27
24041.01 4121.58
24039.79 4128.80
24038.50 4135.99
24037.52 4142.79
24036.55 4149.56
24035.48 4157.08
24034.44 4164.14
24033.49 4170.61
24032.37 4178.25
24031.34 4185.26
24030.33 4192.36
24029.72 4197.71
24028.59 4214.33
24028.38 4221.89
24028.20 4228.64
24028.13 4235.49
24027.96 4242.35
24027.72 4249.05
24027.48 4255.88
24027.21 4263.37
24027.01 4269.94
24026.84 4277.37
24026.67 4284.43
24026.50 4291.24
24026.32 4298.23
24026.10 4305.10
24025.87 4311.88
24025.63 4319.12
24025.38 4326.56
24025.16 4333.19
24024.94 4340.08
24024.70 4347.32
24024.33 4354.31
24024.02 4359.21
24012.92 4366.16
24007.46 4364.60
24001.84 4363.00
23996.65 4361.52
23991.04 4359.92
23985.64 4358.38
23980.27 4356.89
23975.03 4355.43
23969.01 4353.76
23963.30 4352.33
23958.37 4351.23
23941.48 4358.04
23938.85 4363.58
23937.84 4370.18
23936.69 4376.56
23935.41 4383.08
23934.32 4388.73
23933.12 4395.24
23931.44 4401.70
23929.65 4408.07
23928.13 4412.80
23921.93 4428.67
23919.37 4434.37
23916.85 4440.10
23914.35 4445.85
23911.88 4451.50
23909.26 4457.48
23906.37 4463.42
23903.57 4469.41
23900.97 4475.11
23898.06 4481.47
23895.24 4487.66
23892.64 4493.36
23890.79 4497.42
23884.34 4512.11
23881.82 4518.06
23879.24 4524.00
23876.56 4530.16
23873.67 4536.66
23870.91 4542.83
23867.95 4549.47
23864.98 4556.12
23862.06 4562.79
23859.51 4568.89
23856.69 4575.13
23853.74 4581.53
23852.19 4584.88
23846.24 4598.21
23843.32 4604.87
23840.74 4610.78
23837.89 4617.28
23835.13 4623.56
23832.24 4630.17
23829.50 4636.42
23826.68 4642.86
23823.95 4649.08
23821.41 4654.88
23818.62 4661.27
23816.08 4667.05
23814.19 4671.38
23808.80 4683.93
23807.34 4687.38
23805.98 4690.96
23805.05 4693.81
23800.68 4712.31
23799.55 4719.18
23798.59 4726.59
23797.86 4733.43
23797.58 4740.48
23797.31 4747.22
23797.04 4753.90
23796.78 4760.52
23796.47 4768.20
23796.17 4775.75
23795.89 4782.59
23795.56 4789.86
23795.22 4797.35
23794.88 4804.78
23794.56 4811.65
23794.26 4818.31
23793.96 4824.92
23793.64 4831.89
23793.29 4839.56
23792.91 4847.13
23792.56 4854.03
23792.21 4860.81
23791.85 4867.70
23791.49 4874.57
23791.21 4881.08
23791.03 4888.76
23790.87 4895.52
23790.71 4902.20
23790.54 4909.62
23790.31 4915.52
23789.68 4930.84
23789.46 4936.44
23789.23 4942.39
23789.01 4947.81
23788.80 4953.22
23788.58 4958.65
23788.37 4964.14
23788.15 4969.42
23787.82 4973.18
23787.71 4974.41
23787.63 4975.04
23777.75 4986.70
23773.88 4986.72
23768.00 4986.76
23759.95 4986.81
23750.54 4990.17
23739.70 4990.24
23727.04 4990.35
23715.23 4989.89
23703.41 4989.42
23690.80 4988.92
23679.02 4988.45
23666.62 4987.95
23654.03 4987.45
23633.39 4990.57
23622.39 4996.88
23613.04 5006.11
23606.29 5017.31
23602.14 5030.29
23594.57 5049.18
23590.89 5064.17
23587.25 5078.94
23583.64 5093.62
23579.95 5108.64
23576.23 5123.77
23572.59 5138.54
23569.40 5152.86
23566.13 5167.75
23562.89 5182.54
23561.07 5198.69
23558.63 5210.10
23557.04 5221.54
23555.68 5232.78
23554.31 5244.14
23552.92 5255.60
23548.85 5294.96
23547.87 5312.54
23546.75 5332.61
23545.53 5354.48
23544.24 5377.66
23542.82 5403.12
23541.34 5429.59
23539.88 5455.85
23538.44 5481.74
23537.04 5508.09
23535.79 5534.25
23534.55 5560.93
23533.30 5587.75
23532.06 5614.55
23530.84 5640.81
23529.61 5667.27
23528.36 5694.12
23527.11 5720.93
23525.88 5747.31
23524.67 5773.31
23523.47 5799.19
23522.23 5825.79
23521.02 5851.88
23519.79 5878.43
23515.25 5905.12
23514.06 5931.35
23512.98 5957.23
23511.88 5983.57
23510.78 6009.65
23509.68 6036.01
23508.58 6062.35
23507.50 6088.20
23506.40 6114.28
23505.33 6139.96
23504.23 6166.10
23503.13 6192.41
23502.02 6219.06
23500.91 6245.44
23499.79 6272.21
23498.69 6298.58
23497.59 6324.82
23496.47 6351.56
23495.38 6377.59
23494.27 6403.93
23493.18 6429.99
23492.06 6456.83
23490.95 6483.42
23491.39 6513.23
23490.41 6538.93
23489.24 6564.55
23488.05 6590.48
23486.86 6616.23
23485.66 6642.23
23484.48 6667.74
23483.28 6693.81
23482.04 6720.48
23481.07 6746.02
23480.13 6772.46
23479.22 6798.22
23478.31 6823.87
23477.40 6849.57
23476.47 6875.78
23475.57 6901.03
23475.03 6926.29
23472.79 6955.64
23471.99 6981.66
23471.18 7007.61
23470.39 7033.17
23469.60 7058.78
23468.79 7084.86
23468.00 7111.55
23467.31 7137.91
23466.62 7163.76
23465.92 7190.13
23465.23 7215.94
23464.55 7241.58
23463.86 7267.69
23463.17 7293.53
23462.49 7319.19
23461.78 7346.00
23461.08 7372.51
23460.40 7398.08
23459.70 7424.30
23458.88 7453.56
23458.22 7478.23
23454.34 7500.05
23453.85 7521.99
23454.89 7540.36
23452.90 7565.06
23451.64 7590.95
23450.66 7617.01
23449.71 7642.42
23448.72 7668.99
23447.43 7695.57
23446.08 7722.24
23444.75 7748.55
23443.47 7773.97
23441.85 7799.46
23440.07 7825.40
23438.31 7851.18
23439.77 7878.23
23438.00 7904.05
23436.19 7930.59
23433.89 7956.17
23431.37 7981.76
23428.67 8007.93
23425.97 8033.51
23423.18 8059.93
23419.99 8086.29
23416.25 8112.51
23412.62 8137.96
23408.97 8163.35
23405.27 8188.98
23401.63 8214.41
23398.07 8239.75
23394.14 8265.36
23389.47 8291.10
23383.69 8320.32
23377.68 8345.82
23371.63 8371.49
23365.61 8397.03
23359.53 8422.79
23353.42 8448.71
23345.93 8473.45
23338.29 8498.37
23330.52 8523.71
23322.93 8548.47
23314.85 8573.90
23306.39 8599.50
23296.98 8624.76
23287.66 8649.47
23278.18 8674.28
23267.78 8698.52
23257.24 8723.09
23246.83 8747.36
23235.68 8771.63
23224.61 8795.66
23213.66 8819.42
23201.32 8843.20
23189.30 8866.13
23177.34 8888.96
23164.30 8911.46
23151.20 8933.75
23137.66 8956.80
23124.03 8979.07
23109.95 9000.86
23095.78 9022.77
23081.58 9044.73
23065.99 9066.26
23050.20 9087.89
23034.49 9109.40
23019.10 9130.49
23001.97 9150.49
22984.15 9170.69
22966.38 9190.82
22949.01 9210.34
22931.22 9229.37
22913.02 9248.84
22894.24 9268.05
22874.92 9286.84
22855.81 9305.42
22837.29 9323.42
22818.40 9341.79
22799.69 9359.98
22781.00 9377.91
22761.81 9396.13
22742.81 9414.17
22724.12 9431.91
22705.17 9449.90
22685.64 9468.43
22665.95 9486.28
22645.84 9503.70
22626.35 9520.59
22606.40 9537.88
22586.05 9555.51
22565.83 9573.03
22545.67 9590.50
22525.72 9607.79
22505.89 9625.04
22485.70 9642.75
22465.44 9660.52
22445.53 9677.98
22426.17 9694.96
22406.34 9712.35
22386.06 9730.14
22365.82 9747.88
22345.85 9765.59
22325.98 9783.81
22306.41 9801.75
22287.38 9819.18
22268.43 9836.55
22249.25 9854.14
22229.37 9872.36
22209.95 9890.17
22190.40 9908.09
22171.30 9925.49
22151.59 9943.43
22129.17 9961.71
22110.50 9978.89
22091.40 9996.36
22072.43 10013.52
22053.55 10030.61
22034.51 10047.83
22015.10 10065.39
21996.02 10082.66
21976.78 10099.98
21956.34 10121.01
21935.57 10137.29
21914.82 10153.55
21894.71 10169.31
21874.28 10184.82
21853.65 10200.27
21833.15 10215.63
21812.21 10231.31
21790.91 10246.58
21768.56 10260.81
21746.49 10274.86
21724.04 10287.99
21701.27 10300.25
21678.75 10312.38
21655.29 10325.01
21631.84 10336.45
21608.30 10346.76
21583.89 10357.45
21556.44 10367.84
21533.54 10378.38
21509.61 10386.57
21485.88 10394.39
21461.77 10402.04
21437.86 10409.02
21413.64 10415.65
21389.24 10422.21
21352.54 10429.00
21327.20 10433.42
21301.82 10437.88
21276.96 10441.66
21252.03 10445.10
21226.14 10445.21
21201.15 10447.89
21175.80 10450.60
21147.49 10452.28
21121.85 10454.17
21095.84 10456.08
21069.83 10458.00
21044.37 10459.87
21019.16 10461.73
20993.79 10463.59
20964.83 10467.27
20938.56 10469.09
20912.83 10470.88
20886.58 10472.68
20860.28 10474.45
20833.74 10476.25
20807.58 10478.02
20781.35 10479.79
20754.71 10481.62
20729.05 10483.52
20703.31 10485.42
20677.05 10487.37
20650.35 10489.11
20623.91 10490.50
20597.62 10491.90
20571.97 10493.25
20545.07 10495.02
20519.06 10496.84
20492.34 10498.71
20466.34 10500.52
20439.51 10502.49
20413.17 10504.42
20387.18 10506.56
20361.56 10509.41
20335.44 10512.32
20309.80 10516.02
20284.28 10520.17
20258.14 10524.62
20232.29 10530.33
20206.88 10536.19
20181.80 10542.74
20156.76 10550.16
20132.07 10557.72
20106.90 10565.89
20081.65 10575.22
20057.83 10585.35
20034.03 10595.98
20010.18 10607.00
19986.21 10619.02
19962.58 10631.35
19939.39 10644.41
19916.35 10657.69
19893.68 10671.19
19871.75 10684.68
19849.09 10699.02
19826.91 10713.05
19804.52 10727.22
19782.58 10741.10
19760.76 10754.91
19738.90 10768.74
19716.81 10782.72
19694.45 10796.91
19671.92 10811.40
19649.77 10825.65
19627.63 10839.89
19605.94 10853.84
19583.88 10868.02
19562.02 10882.09
19540.14 10896.08
19517.73 10910.31
19495.68 10924.31
19473.39 10938.47
19450.70 10952.89
19428.48 10967.28
19406.78 10981.34
19384.98 10995.45
19363.29 11009.51
19341.23 11023.73
19318.91 11038.03
19296.28 11052.52
19274.43 11066.51
19252.12 11080.73
19229.83 11094.86
19208.10 11108.66
19183.14 11123.08
19161.98 11137.41
19140.25 11152.13
19118.76 11166.69
19096.49 11183.25
19073.76 11197.05
19052.00 11212.23
19030.46 11228.15
19013.21 11248.12
18993.93 11266.42
18976.67 11285.75
18959.86 11306.60
18943.95 11327.94
18929.90 11349.34
18917.19 11372.15
18904.85 11395.68
18893.67 11419.81
18885.14 11444.02
18877.10 11468.93
18870.77 11493.83
18864.33 11519.18
18857.71 11545.18
18851.23 11570.60
18844.91 11595.42
18838.98 11616.23
18832.66 11636.80
18825.81 11657.14
18818.89 11676.70
18811.55 11696.46
18803.12 11714.99
18793.91 11733.55
18784.33 11751.53
18773.56 11769.59
18762.04 11787.55
18750.27 11804.65
18738.13 11821.36
18725.25 11838.48
18711.50 11853.80
18697.39 11868.46
18683.40 11883.12
18669.31 11898.08
18654.88 11912.71
18638.77 11925.17
18622.25 11937.94
18605.36 11950.99
18588.30 11962.14
18570.97 11973.40
18552.26 11983.98
18534.09 11993.34
18514.46 12001.57
18495.14 12010.14
18476.07 12017.73
18456.42 12025.50
18436.43 12033.22
18416.59 12039.73
18396.09 12046.09
18376.03 12051.62
18355.48 12057.28
18334.84 12062.96
18314.60 12068.54
18294.93 12073.95
18274.90 12079.47
18254.98 12085.86
18235.19 12092.34
18215.43 12100.62
18195.63 12109.09
18176.77 12117.53
18157.98 12127.03
18140.15 12136.81
18122.39 12147.97
18104.86 12159.09
18088.05 12170.60
18070.64 12182.92
18054.21 12195.87
18038.23 12208.92
18023.29 12223.42
18007.92 12238.32
17992.79 12253.24
17975.14 12269.85
17959.87 12283.98
17944.26 12298.40
17928.93 12312.58
17912.87 12326.72
17896.84 12340.59
17881.54 12353.83
17866.08 12367.22
17850.21 12380.96
17835.35 12397.12
17819.35 12409.78
17802.60 12422.20
17784.96 12434.47
17767.57 12446.19
17749.29 12457.63
17730.99 12467.93
17712.27 12476.59
17692.46 12484.82
17673.22 12492.37
17653.59 12499.50
17633.82 12505.95
17613.14 12511.26
17596.73 12515.14
17580.18 12518.01
17561.67 12521.00
17540.88 12522.60
17520.18 12524.14
17499.59 12525.25
17479.24 12525.41
17458.25 12524.73
17437.17 12523.36
17416.59 12521.77
17393.59 12517.68
17373.44 12515.51
17350.93 12512.74
17334.99 12510.63
17319.94 12508.63
17304.23 12506.55
17288.95 12504.53
17247.25 12500.48
17226.18 12497.06
17205.25 12493.68
17184.34 12490.40
17164.19 12488.00
17144.02 12485.80
17123.47 12484.41
17103.08 12483.38
17082.31 12483.18
17060.88 12482.98
17040.11 12483.36
17018.82 12484.41
16997.77 12485.96
16979.63 12488.09
16963.70 12490.27
16948.04 12492.54
16932.64 12495.16
16917.36 12497.79
16901.77 12501.22
16886.24 12504.81
16870.92 12508.88
16855.74 12513.18
16841.08 12518.15
16826.31 12523.16
16811.51 12528.19
16796.88 12533.64
16782.42 12539.18
16767.99 12544.71
16753.62 12550.21
16739.04 12556.58
16724.54 12563.23
16710.71 12569.83
16696.86 12577.27
16682.85 12584.79
16669.02 12592.77
16655.55 12601.21
16637.09 12613.27
16624.90 12621.48
16612.31 12629.96
16599.70 12638.45
16586.84 12647.11
16574.49 12655.43
16561.70 12664.04
16549.72 12672.10
16537.37 12680.42
16524.48 12689.10
16511.79 12697.64
16499.13 12708.54
16488.07 12716.41
16477.20 12724.14
16465.77 12732.28
16454.36 12740.39
16443.00 12748.47
16431.92 12756.35
16421.72 12763.61
16410.90 12771.32
16400.29 12778.90
16390.84 12785.63
16381.40 12792.37
16371.99 12799.09
16362.31 12805.99
16352.71 12812.85
16344.68 12818.57
16336.54 12824.38
16327.25 12831.02
16319.10 12836.83
16310.20 12843.19
16256.73 12878.04
16249.93 12882.90
16241.94 12888.60
16233.10 12894.93
16224.65 12900.96
16217.54 12906.05
16209.60 12911.72
16200.24 12918.40
16191.61 12924.58
16179.21 12935.52
16167.15 12944.22
16154.63 12953.25
16142.60 12961.93
16131.28 12970.09
16120.31 12978.00
16107.64 12987.14
16097.37 12994.54
16085.47 13002.78
16073.92 13010.77
16061.85 13019.13
16051.08 13026.58
16040.99 13034.35
16029.87 13044.30
16019.13 13053.92
16007.91 13065.13
15998.74 13075.60
15989.23 13087.11
15979.94 13099.60
15972.22 13111.99
15966.69 13120.86
15961.46 13129.27
15957.48 13137.81
15953.57 13146.37
15950.01 13154.15
15938.46 13202.08
15938.43 13209.51
15939.02 13217.78
15941.48 13225.33
15945.73 13233.21
15951.63 13239.84
15957.01 13244.01
15963.78 13246.66
15970.88 13248.59
15979.58 13248.67
15986.98 13246.69
15995.14 13243.55
16001.89 13238.98
16006.18 13233.86
16010.47 13226.88
16013.83 13220.02
16015.37 13212.45
16015.26 13205.26
16013.46 13198.45
16009.49 13191.56
16004.47 13184.22
15999.39 13178.53
15994.24 13173.14
15988.36 13167.92
15981.76 13162.05
15974.11 13157.57
15966.67 13154.38
15958.61 13150.93
15949.06 13148.20
15937.91 13145.06
15925.77 13142.18
15913.48 13139.74
15901.10 13137.31
15888.59 13135.55
15876.99 13133.92
15850.20 13131.96
15848.07 13131.84
15836.66 13132.45
15825.31 13133.38
15813.19 13134.17
15801.78 13134.70
15790.61 13135.21
15779.65 13132.41
15769.26 13132.90
15760.37 13133.38
15755.17 13133.68
15732.70 13134.97
15726.70 13135.30
15719.45 13135.70
15711.69 13136.13
15703.88 13136.56
15696.38 13140.28
15688.40 13140.72
15649.86 13142.50
15637.68 13143.09
15624.97 13143.99
15612.01 13145.27
15598.89 13146.58
15586.20 13148.09
15573.65 13150.66
15561.65 13153.12
15549.08 13156.10
15536.32 13159.51
15524.26 13162.74
15512.59 13166.20
15500.31 13170.63
15488.44 13174.93
15476.94 13179.56
15465.49 13185.01
15453.55 13190.69
15442.27 13196.31
15430.95 13202.60
15419.44 13208.99
15407.94 13215.38
15396.74 13221.62
15385.46 13228.55
15375.22 13234.85
15364.74 13241.29
15353.80 13248.01
15343.51 13254.34
15333.06 13260.75
15322.80 13267.24
15312.59 13273.90
15301.75 13280.97
15290.71 13288.19
15280.04 13295.17
15268.60 13301.75
15257.04 13307.12
15244.62 13311.50
15232.41 13315.30
15219.67 13318.76
15207.72 13321.78
15195.12 13324.58
15182.37 13327.41
15170.32 13330.56
15158.35 13333.81
15146.39 13337.05
15134.50 13341.40
15126.86 13345.43
15119.90 13350.28
15114.66 13356.05
15110.94 13362.71
15107.59 13370.44
15105.94 13378.07
15105.60 13385.66
15107.04 13393.94
15109.24 13401.27
15127.56 13420.16
15134.52 13423.47
15141.36 13425.45
15148.97 13426.44
15156.44 13425.96
15163.41 13424.04
15170.32 13421.17
15176.33 13417.38
15181.35 13412.53
15185.84 13406.87
15189.74 13401.24
15192.39 13393.84
15193.65 13386.00
15193.58 13379.59
15192.18 13372.34
15189.76 13365.77
15186.30 13359.49
15181.86 13353.25
15142.97 13325.90
15131.69 13321.39
15120.76 13317.03
15109.85 13312.67
15098.84 13308.27
15088.85 13305.38
15077.03 13302.41
15065.06 13299.41
15053.82 13296.59
15043.89 13294.33
15032.91 13292.00
15023.16 13286.56
15011.21 13284.02
14998.86 13281.77
14986.07 13279.51
14973.85 13277.38
14962.15 13275.33
14949.90 13273.19
14938.17 13271.14
14926.31 13269.10
14914.05 13267.00
14901.29 13264.81
14889.58 13262.80
14877.61 13260.75
14864.83 13258.56
14852.50 13256.44
14839.95 13254.29
14827.73 13252.19
14815.66 13250.11
14803.06 13247.93
14790.55 13245.76
14778.79 13243.73
14766.07 13241.53
14753.44 13239.34
14741.57 13237.29
14729.92 13235.27
14717.68 13233.16
14704.81 13230.93
14692.37 13228.78
14679.73 13226.59
14667.93 13224.55
14655.06 13222.32
14642.88 13220.22
14630.58 13218.09
14618.44 13215.99
14605.61 13213.77
14593.15 13211.61
14581.47 13209.59
14569.19 13207.46
14557.44 13205.43
14545.06 13203.29
14532.90 13201.19
14520.47 13199.04
14507.80 13196.84
14495.13 13194.65
14483.23 13192.59
14471.38 13190.54
14458.70 13188.35
14447.51 13186.41
14436.16 13184.45
14424.00 13182.38
14412.09 13180.39
14400.46 13178.45
14389.80 13176.67
14377.00 13174.53
14365.15 13172.55
14353.33 13170.58
14341.10 13168.54
14329.06 13166.53
14317.38 13164.58
14304.88 13162.49
14292.15 13160.36
14280.35 13158.39
14267.54 13156.25
14255.18 13154.19
14243.23 13152.19
14231.02 13150.15
14219.16 13148.17
14206.73 13146.10
14194.00 13143.97
14136.65 13132.96
14125.61 13130.47
14114.62 13127.74
14103.00 13124.86
14091.35 13121.93
14079.87 13119.01
14067.98 13116.00
14055.66 13115.70
14044.14 13111.93
14033.34 13108.39
14022.37 13104.92
14011.69 13101.83
14000.92 13098.71
13990.38 13095.65
13980.50 13092.79
13969.56 13089.61
13959.70 13086.48
13949.17 13083.08
13938.39 13079.61
13928.96 13076.86
13918.19 13074.48
13908.24 13072.29
13882.50 13072.25
13872.16 13075.15
13862.84 13078.82
13855.03 13084.92
13848.60 13093.04
13843.39 13101.81
13839.16 13111.74
13855.02 13136.12
13865.56 13139.20
13875.65 13142.33
13886.04 13145.97
13895.86 13149.42
13905.52 13152.81
13915.98 13156.48
13925.72 13159.90
13940.93 13158.26
13942.76 13146.16
13944.57 13134.17
13946.26 13122.79
13947.58 13111.37
13948.03 13099.22
13948.51 13087.67
13949.47 13075.47
13950.33 13063.03
13952.78 13042.10
13954.25 13031.80
13956.14 13021.85
13958.29 13011.10
13964.85 12991.00
13966.53 12979.07
13968.23 12966.95
13969.98 12954.55
13971.58 12943.16
13973.22 12931.52
13974.93 12919.37
13976.52 12908.06
13978.25 12895.76
13979.43 12887.36
13980.15 12882.28
13982.14 12869.02
13983.46 12860.50
13985.06 12850.19
13986.91 12838.25
13988.71 12826.61
13990.49 12815.11
13992.33 12803.26
13994.15 12791.51
13995.98 12779.69
14000.19 12755.93
14002.17 12745.68
14004.05 12735.49
14005.96 12724.70
14007.62 12713.84
14009.30 12702.92
14010.90 12692.46
14014.65 12663.34
14016.33 12651.38
14017.96 12639.73
14019.60 12628.04
14021.24 12616.36
14022.93 12604.33
14024.60 12592.40
14026.28 12580.48
14027.93 12568.70
14029.49 12557.57
14031.85 12539.60
14033.28 12527.79
14034.78 12515.32
14036.23 12503.33
14037.70 12491.16
14039.09 12479.59
14040.49 12467.99
14041.96 12455.84
14043.24 12445.20
14044.19 12437.36
14048.20 12420.60
14050.80 12411.42
14053.68 12401.21
14057.37 12383.68
14059.56 12371.60
14061.31 12358.99
14062.86 12346.85
14064.47 12334.31
14066.05 12322.01
14067.56 12310.23
14069.08 12298.41
14070.64 12286.19
14065.72 12274.95
14053.20 12272.00
14037.66 12265.13
14043.94 12256.15
14053.16 12249.90
14062.07 12243.43
14065.37 12232.79
14067.70 12221.16
14069.90 12210.22
14072.15 12199.00
14074.05 12189.53
14076.11 12183.34
14074.18 12167.57
14074.00 12163.12
14080.14 12148.82
14089.61 12140.90
14093.93 12125.16
14097.09 12112.97
14099.82 12101.14
14102.00 12088.46
14103.96 12076.26
14106.01 12063.52
14108.04 12050.88
14110.02 12038.59
14111.97 12026.48
14114.12 12014.06
14116.28 12003.42
14117.75 11992.93
14119.65 11979.69
14121.48 11967.50
14123.25 11955.77
14125.11 11943.39
14126.85 11931.80
14128.58 11920.27
14130.43 11907.94
14132.38 11897.78
14133.51 11891.93
14133.81 11888.51
14130.47 11878.07
14127.82 11870.89
14128.62 11861.02
14132.33 11858.63
14137.32 11844.71
14139.23 11833.22
14141.15 11821.66
14143.14 11809.67
14145.07 11798.05
14147.02 11786.33
14148.85 11775.30
14152.28 11754.11
14154.08 11742.83
14155.86 11731.63
14157.62 11720.62
14159.39 11709.50
14161.15 11698.45
14162.99 11686.92
14164.79 11675.62
14166.05 11667.71
14166.67 11663.85
14167.19 11660.57
14167.79 11656.85
14168.69 11651.18
14169.83 11644.02
14172.75 11623.69
14174.03 11613.76
14175.47 11602.61
14177.05 11590.31
14178.52 11578.97
14180.02 11567.19
14181.40 11555.41
14186.18 11541.49
14187.12 11529.20
14188.38 11516.88
14190.65 11505.02
14192.85 11493.58
14194.72 11483.84
14196.36 11475.27
14197.63 11468.67
14198.82 11462.46
14199.91 11456.77
14201.25 11449.75
14198.60 11437.54
14198.37 11429.66
14201.73 11413.70
14201.10 11405.37
14200.16 11386.19
14201.58 11374.19
14203.00 11363.68
14204.56 11352.08
14205.99 11341.41
14207.47 11330.41
14209.05 11318.65
14210.57 11307.33
14213.17 11290.42
14215.09 11279.04
14216.97 11267.81
14218.96 11256.00
14220.68 11245.81
14219.96 11230.60
14208.17 11230.14
14196.55 11229.68
14185.07 11229.24
14173.80 11228.80
14161.65 11228.32
14153.74 11232.71
14153.24 11244.26
14152.75 11255.65
14152.22 11267.88
14151.71 11279.70
14151.21 11291.20
