18510.21 14514.79
18509.78 14513.30
18509.48 14509.57
18509.83 14503.68
18510.30 14495.69
18510.87 14486.04
18511.57 14474.18
18512.32 14461.48
18513.05 14449.11
18513.84 14435.69
18514.57 14423.29
18515.31 14410.75
18516.04 14398.37
18516.80 14385.42
18517.55 14372.73
18517.62 14354.20
18523.45 14344.09
18535.78 14344.55
18548.51 14345.27
18561.66 14346.03
18572.25 14346.63
18579.37 14347.04
18583.11 14336.97
18579.76 14327.55
18575.73 14316.23
18571.98 14305.78
18568.28 14295.40
18564.84 14284.01
18558.19 14263.50
18554.50 14252.40
18550.69 14240.93
18547.03 14229.92
18543.34 14218.78
18539.67 14207.76
18537.23 14200.39
18535.66 14195.66
18535.05 14193.83
18535.01 14193.70
18540.78 14181.55
18544.86 14181.33
18550.56 14181.03
18557.92 14180.64
18566.60 14180.18
18577.38 14176.31
18590.38 14175.62
18603.73 14174.91
18616.57 14174.23
18629.25 14173.56
18642.17 14172.87
18654.86 14172.20
18668.30 14171.49
18680.83 14170.82
18693.09 14170.17
18705.98 14169.49
18718.64 14168.82
18731.18 14168.15
18744.04 14167.47
18757.00 14166.78
18769.39 14166.12
18779.15 14165.61
18801.11 14162.03
18813.53 14159.92
18826.33 14159.03
18838.94 14158.15
18851.46 14157.40
18864.45 14156.82
18877.25 14156.25
18890.19 14156.11
18903.09 14156.38
18916.12 14156.64
18928.59 14156.96
18937.93 14157.23
18943.73 14157.39
18945.52 14157.44
18945.78 14157.45
18945.85 14157.45
18945.86 14157.45
18945.86 14157.45
18957.14 14157.79
18960.68 14157.90
18966.19 14158.07
18973.62 14158.30
18980.29 14158.51
18983.61 14158.61
18983.64 14158.62
18983.65 14158.62
18983.65 14158.62
18983.65 14158.62
18983.65 14158.62
18983.65 14158.62
18991.66 14158.76
18995.80 14158.77
19001.91 14158.80
19009.97 14158.83
19020.31 14158.87
19033.13 14158.92
19046.58 14158.98
19059.77 14159.05
19071.29 14159.09
19082.86 14159.14
19094.33 14158.98
19106.13 14158.81
19118.15 14158.64
19130.46 14158.46
19155.54 14157.71
19160.65 14157.46
19180.98 14157.55
19182.42 14157.56
19183.13 14157.56
19203.34 14157.57
19208.42 14157.47
19214.92 14157.34
19233.78 14157.22
19245.68 14158.18
19258.06 14159.19
19270.47 14160.15
19282.58 14161.04
19294.81 14161.94
19307.08 14162.83
19320.03 14163.39
19332.56 14163.94
19345.01 14164.10
19357.38 14164.29
19369.40 14164.47
19380.91 14164.65
19392.84 14164.83
19405.12 14165.02
19417.71 14165.26
19429.28 14165.49
19441.66 14165.74
19453.51 14165.97
19465.26 14166.21
19477.60 14166.46
19490.00 14166.71
19501.55 14166.94
19513.20 14167.17
19566.57 14170.12
19576.71 14172.40
19587.31 14174.78
19597.76 14177.36
19608.37 14180.05
19619.08 14182.77
19629.83 14185.49
19640.14 14188.07
19660.27 14192.72
19671.58 14195.20
19683.30 14197.78
19694.82 14200.30
19705.93 14202.74
19717.60 14205.30
19738.49 14210.13
19749.29 14212.73
19761.12 14215.58
19772.31 14218.28
19783.63 14220.97
19800.15 14224.79
19816.72 14228.58
19837.68 14233.67
19847.95 14236.20
19858.61 14238.83
19869.62 14241.16
19879.70 14243.15
19890.09 14245.20
19910.58 14249.53
19922.00 14252.21
19933.44 14254.89
19945.54 14257.48
19957.89 14259.93
19969.79 14262.28
19981.87 14264.67
19992.85 14266.85
19999.85 14268.23
20003.37 14268.94
20003.48 14268.96
20003.50 14268.96
20003.50 14268.96
20003.50 14268.96
20003.50 14268.96
20014.93 14271.23
20018.97 14272.03
20024.66 14273.16
20031.90 14274.60
20040.72 14276.35
20051.16 14278.42
20063.71 14280.91
20076.59 14283.47
20087.76 14289.04
20100.29 14291.53
20121.16 14296.20
20132.23 14299.11
20143.30 14302.45
20154.30 14306.09
20165.56 14309.81
20185.64 14316.67
20196.56 14320.46
20207.79 14324.35
20219.54 14328.43
20229.72 14331.97
20236.49 14334.32
20240.12 14335.59
20240.28 14335.65
20240.34 14335.67
20240.34 14335.67
20240.35 14335.67
20240.35 14335.67
20240.35 14335.67
20240.35 14335.67
20240.35 14335.67
20240.35 14335.67
20240.35 14335.67
20240.35 14335.67
20240.35 14335.67
20250.47 14339.20
20252.85 14340.04
20257.24 14341.56
20262.91 14343.31
20269.86 14345.46
20278.82 14348.22
20289.11 14351.40
20301.96 14350.65
20313.81 14355.61
20326.57 14358.12
20338.61 14360.69
20350.88 14364.68
20362.50 14368.57
20374.67 14372.64
20386.40 14376.57
20398.25 14380.59
20410.03 14384.70
20422.11 14388.93
20434.14 14393.13
20445.86 14397.23
20457.89 14401.43
20484.29 14410.50
20496.20 14414.54
20508.05 14418.56
20520.44 14422.76
20532.59 14426.88
20544.67 14430.98
20556.84 14434.89
20569.09 14438.79
20581.18 14442.63
20593.78 14446.64
20606.69 14450.25
20618.88 14453.23
20631.97 14456.43
20644.49 14459.48
20656.95 14462.61
20669.29 14465.74
20682.02 14469.28
20694.60 14473.63
20706.33 14478.50
20718.04 14483.37
20729.71 14488.22
20741.45 14491.15
20752.84 14493.87
20760.38 14495.68
20764.32 14496.62
20769.13 14511.70
20767.74 14517.97
20766.41 14523.97
20765.03 14530.19
20763.63 14536.48
20762.14 14543.18
20760.83 14549.08
20759.39 14555.55
20757.99 14561.85
20756.65 14567.90
20761.20 14575.98
20768.01 14577.69
20775.00 14579.45
20781.53 14581.10
20788.83 14582.93
20795.94 14584.72
20803.17 14586.54
20810.66 14588.43
20817.61 14590.19
20824.25 14593.44
20829.01 14599.14
20830.91 14605.86
20831.85 14612.99
