17517.22 16783.28
17517.75 16783.09
17520.34 16782.16
17526.11 16783.58
17530.90 16781.84
17537.06 16779.72
17544.63 16777.85
17553.72 16775.62
17564.94 16773.16
17577.36 16770.28
17588.31 16766.65
17598.51 16762.64
17605.03 16759.51
17608.46 16757.63
17612.48 16755.42
17614.73 16761.18
17608.13 16764.18
17600.25 16767.76
17592.16 16771.77
17586.44 16775.08
17579.24 16778.71
17554.38 16788.77
17544.42 16790.99
17537.42 16792.55
17533.81 16793.35
17533.05 16793.53
17532.78 16793.58
17532.74 16793.59
17532.73 16793.60
17532.73 16793.60
17532.73 16793.60
17532.73 16793.60
17532.73 16793.60
17532.73 16793.60
17532.73 16793.60
17532.73 16793.60
17532.73 16793.60
17532.73 16793.60
17532.73 16793.60
17532.73 16793.60
17532.73 16793.60
17532.73 16793.60
17532.73 16793.60
17532.73 16793.60
17532.73 16793.60
17532.73 16793.60
17532.73 16793.60
17532.73 16793.60
17532.73 16793.60
17532.73 16793.60
17532.73 16793.60
17532.73 16793.60
17532.73 16793.60
17532.73 16793.60
17532.73 16793.60
17532.73 16793.60
17532.73 16793.60
17532.73 16793.60
17532.73 16793.60
17532.73 16793.60
17532.73 16793.60
17532.73 16793.60
17532.73 16793.60
17532.73 16793.60
17532.73 16793.60
17532.73 16793.60
17532.73 16793.60
17532.73 16793.60
17532.73 16793.60
17532.73 16793.60
17532.73 16793.60
17532.73 16793.60
17532.73 16793.60
17532.73 16793.60
17532.73 16793.60
17532.73 16793.60
17532.73 16793.60
17532.73 16793.60
17532.73 16793.60
17532.73 16793.60
17532.73 16793.60
17532.73 16793.60
17532.73 16793.60
17532.73 16793.60
17532.73 16793.60
17532.73 16793.60
17532.73 16793.60
17532.73 16793.60
17532.73 16793.60
17532.73 16793.60
17532.73 16793.60
17532.73 16793.60
17532.73 16793.60
17532.73 16793.60
17532.73 16793.60
17532.73 16793.60
17532.73 16793.60
17532.73 16793.60
17532.73 16793.60
17532.31 16793.69
17531.58 16793.85
17531.58 16793.85
17529.64 16794.28
17528.23 16794.60
17527.66 16794.73
17526.82 16794.91
17524.85 16795.35
17523.37 16795.68
17523.37 16795.68
17523.24 16795.71
17522.03 16795.98
17520.20 16796.39
17519.88 16796.46
17519.62 16796.52
17519.61 16796.52
17519.61 16796.52
17519.60 16796.52
17519.60 16796.52
17519.60 16796.52
17519.60 16796.52
17519.60 16796.52
17519.60 16796.52
17519.60 16796.52
17519.60 16796.52
17519.60 16796.52
17519.60 16796.52
17519.60 16796.52
17519.60 16796.52
17519.60 16796.52
17519.60 16796.52
17519.60 16796.52
17519.60 16796.52
17519.60 16796.52
17519.60 16796.52
17519.60 16796.52
17519.60 16796.52
17519.60 16796.52
17519.60 16796.52
17519.60 16796.52
17519.60 16796.52
17519.60 16796.52
17519.60 16796.52
17519.60 16796.52
17519.60 16796.52
17519.60 16796.52
17519.60 16796.52
17519.60 16796.52
17519.60 16796.52
17519.60 16796.52
17519.60 16796.52
17519.60 16796.52
17519.60 16796.52
17519.60 16796.52
17519.60 16796.52
17519.60 16796.52
17519.60 16796.52
17519.60 16796.52
17519.60 16796.52
17519.60 16796.52
17519.60 16796.52
17519.60 16796.52
17519.60 16796.52
17519.60 16796.52
17519.60 16796.52
17519.60 16796.52
17519.60 16796.52
17519.60 16796.52
17519.60 16796.52
17519.60 16796.52
17519.60 16796.52
17519.60 16796.52
17519.60 16796.52
17519.60 16796.52
17519.60 16796.52
17519.60 16796.52
17519.60 16796.52
17519.60 16796.52
17519.60 16796.52
17519.60 16796.52
17519.60 16796.52
17519.60 16796.52
17519.60 16796.52
17517.69 16814.72
17518.97 16818.36
17520.66 16823.13
17522.79 16829.14
17525.27 16836.14
17528.22 16844.51
17531.52 16853.82
17535.36 16864.68
17539.17 16875.45
17543.17 16892.90
17534.63 16900.90
17522.89 16905.59
17511.22 16910.51
17501.30 16914.70
17494.43 16917.28
17490.91 16918.71
17490.84 16918.74
17490.77 16918.78
17490.77 16918.78
17490.77 16918.78
17490.77 16918.78
17490.77 16918.78
17490.77 16918.78
17490.77 16918.78
17488.33 16924.81
17489.12 16927.87
17490.22 16932.13
17491.74 16937.99
17493.78 16945.87
17496.32 16955.68
17499.15 16966.74
17501.68 16980.09
17504.14 16993.12
17506.67 17006.49
17509.40 17020.58
17512.04 17034.19
17514.54 17048.08
17516.33 17061.89
17518.08 17075.35
17523.50 17091.44
17525.18 17103.93
17526.84 17116.27
17528.56 17128.89
17529.73 17137.88
17530.51 17144.21
17530.84 17146.81
17530.90 17147.19
17530.91 17147.29
17530.92 17147.31
17530.92 17147.31
17530.92 17147.31
17530.92 17147.31
17530.92 17147.31
17530.92 17147.31
17530.92 17147.31
17530.92 17147.31
17530.92 17147.31
17530.92 17147.31
17530.92 17147.31
17530.92 17147.31
17530.92 17147.31
17530.92 17147.31
17530.92 17147.31
17530.92 17147.31
17530.92 17147.31
17530.92 17147.31
17530.92 17147.31
17530.92 17147.31
17530.92 17147.31
17530.92 17147.31
17530.92 17147.31
17530.92 17147.31
17530.92 17147.31
17530.92 17147.31
17530.92 17147.31
17530.92 17147.31
17530.92 17147.31
17530.92 17147.31
17530.92 17147.31
17530.92 17147.31
17530.92 17147.31
17530.92 17147.31
17530.92 17147.31
17530.92 17147.31
17530.92 17147.31
17530.92 17147.31
17530.92 17147.31
17530.92 17147.31
17530.92 17147.31
17530.92 17147.31
17530.92 17147.31
17530.92 17147.31
17530.92 17147.31
17530.92 17147.31
17530.92 17147.31
17530.92 17147.31
17530.92 17147.31
17530.92 17147.31
17530.92 17147.31
17530.92 17147.31
17530.92 17147.31
17530.92 17147.31
17530.92 17147.31
17530.92 17147.31
17530.92 17147.31
17531.10 17148.51
17531.55 17151.40
17530.73 17171.42
17531.61 17177.03
17532.77 17184.39
17533.98 17192.78
17535.26 17202.71
17536.63 17213.36
17538.08 17224.70
17539.48 17235.57
17540.86 17246.30
17542.33 17257.74
17543.80 17269.20
17545.27 17280.65
17546.68 17291.60
17550.29 17318.96
17551.57 17330.45
17552.77 17342.24
17553.73 17353.43
17554.75 17365.29
17555.72 17376.56
17556.84 17387.77
17558.03 17399.11
17559.13 17411.15
17560.10 17420.59
17560.26 17421.83
17567.22 17468.70
17569.29 17479.04
17571.56 17490.73
17571.62 17502.14
17571.68 17513.16
17571.74 17524.21
17571.80 17535.46
17571.86 17546.71
17571.92 17557.91
17571.98 17569.09
17571.93 17579.77
17571.73 17591.38
17571.53 17603.11
17571.33 17614.29
17569.25 17635.42
17569.17 17639.76
17566.38 17657.67
17565.14 17671.18
17563.90 17684.71
17562.74 17697.33
17561.01 17709.85
17559.12 17722.61
17557.28 17735.01
17555.46 17747.24
17553.55 17760.13
17551.31 17774.54
17548.56 17788.71
17545.82 17802.83
17543.19 17816.36
17538.66 17836.34
17535.69 17848.73
17532.60 17861.64
17529.53 17874.31
17526.44 17886.48
17523.35 17898.61
17520.10 17911.29
17517.06 17923.68
17514.21 17935.75
17511.33 17947.90
17508.42 17960.23
17498.81 17998.99
17495.65 18009.72
17492.24 18021.28
17488.91 18032.58
17485.71 18043.46
17482.49 18054.36
17475.76 18077.15
17472.02 18089.72
17468.12 18102.82
17464.32 18115.56
17460.63 18127.95
17456.99 18140.19
17449.47 18164.65
17445.65 18176.39
17441.86 18188.07
17438.13 18199.53
17434.30 18211.30
17430.62 18222.63
17427.93 18230.90
17426.19 18236.25
17419.71 18255.86
17417.13 18263.55
17414.04 18272.77
17410.43 18283.73
17406.74 18294.92
17399.52 18316.06
17394.78 18329.48
17389.99 18343.01
17385.19 18356.57
17380.52 18369.76
17375.86 18382.94
17371.06 18396.41
17366.13 18409.93
17361.35 18423.03
17356.39 18436.61
17351.60 18449.75
17346.77 18462.96
17342.93 18478.67
17338.43 18491.37
17334.08 18503.64
17329.42 18516.80
17324.95 18529.40
17320.46 18542.06
17315.81 18555.21
17311.28 18568.12
17306.84 18580.77
17302.20 18593.96
17308.82 18613.49
17319.33 18622.92
17323.17 18636.21
17321.32 18650.24
17319.35 18664.39
17317.34 18678.75
17315.44 18692.32
17313.47 18706.48
17311.43 18721.05
17309.51 18734.68
17307.51 18748.78
17305.41 18762.79
17303.33 18776.39
17301.27 18789.88
17299.18 18803.57
17297.13 18817.48
17295.28 18831.14
17293.42 18820.24
17295.36 18806.69
17297.47 18792.88
17299.56 18779.23
17301.72 18765.07
17303.83 18751.22
17305.70 18738.06
17307.72 18723.79
17309.68 18709.74
17311.60 18696.02
17313.57 18681.92
17315.47 18668.29
17317.40 18654.46
17319.31 18640.82
17318.27 18626.88
17308.43 18617.20
