16119.61 10735.20
16117.76 10734.22
16113.91 10732.18
16107.90 10729.00
16100.52 10725.11
16092.94 10727.19
16084.82 10736.27
16076.69 10745.36
16068.85 10754.24
16060.85 10763.60
16053.45 10772.27
16045.95 10781.06
16038.13 10790.50
16030.53 10799.79
16023.14 10808.82
16016.02 10817.51
16008.54 10826.65
16001.12 10835.72
15993.94 10844.50
15986.01 10853.92
15978.65 10862.62
15971.12 10871.51
15963.89 10880.32
15957.01 10889.32
15950.00 10898.49
15945.56 10905.26
15943.24 10910.15
15932.30 10926.44
15926.88 10933.44
15920.17 10942.26
15912.99 10952.64
15905.82 10963.01
15898.91 10973.01
15892.39 10982.44
15885.57 10992.32
15879.02 11001.93
15872.12 11012.06
15865.21 11022.22
15858.65 11031.85
15851.68 11042.08
15844.80 11052.20
15838.01 11062.16
15831.47 11071.90
15825.10 11081.60
15818.15 11092.16
15811.85 11101.76
15805.24 11111.81
15798.99 11121.33
15792.23 11131.61
15785.41 11141.99
15779.13 11151.55
15772.56 11161.54
15765.71 11171.98
15759.28 11181.76
15752.44 11192.17
15745.89 11202.14
15739.14 11212.40
15732.55 11222.80
15727.09 11232.31
15723.53 11238.52
15721.20 11242.59
15714.36 11255.38
15711.28 11261.38
15707.60 11268.57
15698.75 11285.42
15692.64 11296.38
15686.44 11307.51
15680.78 11317.68
15675.05 11327.97
15669.22 11338.43
15663.49 11348.71
15657.59 11359.30
15651.73 11369.81
15646.01 11380.09
15640.04 11390.81
15634.02 11401.61
15627.87 11412.65
15621.94 11423.30
15615.78 11434.35
15609.83 11445.03
15604.20 11455.13
15598.32 11465.70
15592.58 11476.00
15586.57 11486.78
15580.87 11497.02
15575.02 11507.52
15569.38 11517.67
15563.80 11527.90
15558.05 11538.55
15552.46 11548.90
15546.74 11559.50
15540.69 11570.72
15534.95 11581.35
15528.85 11592.65
15523.14 11603.23
15517.49 11613.71
15511.71 11624.41
15506.10 11634.92
15500.61 11645.83
15495.34 11656.29
15489.92 11667.04
15484.37 11678.06
15478.99 11688.74
15473.41 11699.82
15467.64 11711.26
15461.87 11722.71
15456.44 11733.49
15451.01 11744.27
15445.32 11755.57
15440.05 11766.03
15434.90 11776.44
15429.44 11787.43
15423.71 11798.31
15414.33 11805.83
15406.92 11815.43
15401.77 11826.99
15397.94 11835.59
15396.75 11840.39
15390.00 11853.60
15386.45 11861.26
15382.03 11870.82
15376.90 11881.89
15371.93 11892.65
15366.54 11904.29
15361.36 11915.49
15356.29 11926.45
15350.94 11938.00
15345.56 11949.62
15340.05 11961.36
15334.81 11972.38
15329.59 11983.34
15324.29 11994.48
15319.44 12005.49
15315.20 12016.55
15310.80 12028.05
15306.32 12039.75
15301.89 12051.31
15297.30 12063.29
15293.12 12074.23
15288.62 12085.98
15284.30 12097.25
15279.95 12108.61
15275.74 12119.55
15270.83 12130.41
15265.96 12141.16
15260.78 12152.61
15256.16 12163.44
15251.77 12174.53
15247.41 12185.55
15242.72 12197.42
15238.07 12209.18
15233.59 12220.51
15228.96 12232.22
15224.44 12243.65
15220.01 12254.86
15215.31 12266.92
15210.91 12278.86
15206.44 12290.98
15201.97 12302.89
15197.42 12314.94
15193.29 12325.89
15189.10 12336.97
15184.69 12348.64
15180.45 12359.90
15175.93 12371.86
15171.48 12383.63
15167.26 12394.83
15162.90 12406.36
15158.74 12417.44
15154.82 12428.68
15150.62 12440.76
15146.68 12452.08
15142.44 12464.26
15138.54 12475.45
15134.65 12486.63
15130.65 12498.12
15126.51 12510.01
15122.50 12521.55
15118.49 12533.04
15114.48 12544.57
15110.46 12556.82
15106.65 12568.65
15102.75 12580.78
15098.91 12592.71
15095.17 12604.34
15091.28 12616.42
15087.46 12628.30
15083.76 12639.79
15080.09 12651.22
15076.42 12662.55
15072.68 12673.80
15068.94 12685.03
15065.02 12696.83
15061.03 12708.84
15057.08 12720.71
15053.30 12732.06
15049.44 12743.75
15045.78 12755.13
15042.12 12766.49
15038.43 12777.97
15034.82 12789.17
15030.92 12801.29
15027.16 12812.97
15024.47 12821.85
15023.19 12826.76
15021.98 12831.44
15020.92 12835.59
15019.83 12839.82
15018.80 12843.85
15017.85 12847.55
15017.57 12852.14
15019.61 12856.05
15022.76 12858.48
15026.39 12860.69
15030.35 12863.11
15034.22 12865.44
15039.74 12868.56
15047.41 12872.82
15051.79 12875.39
15056.23 12878.01
15060.23 12880.37
15064.06 12882.64
15067.93 12884.92
15071.97 12887.31
15076.12 12889.76
15079.77 12891.92
15083.76 12894.28
15087.36 12896.40
15091.73 12898.98
15095.78 12901.37
15099.91 12903.81
15104.28 12906.39
15107.80 12908.47
15111.50 12910.40
15116.11 12912.81
15121.60 12915.89
15128.69 12919.86
15137.00 12924.51
15145.69 12929.35
15154.94 12934.42
15163.47 12939.10
15171.88 12943.71
15177.18 12946.25
15179.64 12947.11
15179.79 12947.16
15179.81 12947.17
15179.81 12947.17
15179.81 12947.17
15179.81 12947.17
15179.81 12947.17
15179.81 12947.17
15179.81 12947.17
15179.81 12947.17
15179.81 12947.17
15179.81 12947.17
15179.81 12947.17
15179.81 12947.17
15179.81 12947.17
15179.81 12947.17
15179.81 12947.17
15179.81 12947.17
15179.81 12947.17
15179.81 12947.17
15179.81 12947.17
15190.89 12969.93
15188.37 12971.88
15184.50 12974.88
15179.59 12978.96
15174.02 12983.98
15167.12 12990.19
15160.06 12996.55
15148.34 13007.43
15139.61 13016.02
15130.72 13024.77
15122.19 13033.65
15113.82 13043.19
15105.75 13052.97
15098.33 13062.16
15091.13 13071.64
15084.12 13081.41
15077.19 13092.03
15070.99 13102.22
15064.91 13112.21
15058.66 13122.77
15053.18 13134.12
15047.81 13145.25
15042.48 13156.29
15039.59 13166.85
15038.21 13170.50
15037.78 13171.65
15037.64 13172.01
15037.61 13172.08
15037.60 13172.12
15037.59 13172.13
15033.48 13182.27
15031.86 13185.69
15029.47 13190.24
15026.43 13196.80
15022.25 13205.17
15017.33 13214.87
15012.23 13224.92
15007.13 13234.97
15001.94 13245.20
14996.69 13255.56
14991.66 13266.33
14986.91 13277.11
14982.30 13287.58
14977.36 13297.47
14972.12 13307.17
14964.43 13323.98
14961.03 13331.99
14961.00 13350.61
14964.30 13358.91
14970.62 13366.26
14982.80 13372.52
14993.29 13376.31
15003.91 13379.62
15015.01 13382.97
15026.17 13386.34
15037.23 13389.67
15044.80 13391.91
15056.82 13395.48
15065.86 13398.40
15074.19 13401.26
15082.43 13404.09
15091.07 13407.06
15099.81 13410.06
15105.42 13411.99
15108.27 13412.98
15108.52 13413.07
15108.53 13413.07
15108.54 13413.08
15108.54 13413.08
15107.46 13416.20
15107.46 13416.20
15107.46 13416.20
15107.46 13416.20
15107.46 13416.20
15107.46 13416.20
15107.46 13416.20
15126.41 13423.29
15128.87 13424.61
15133.00 13426.47
15138.97 13428.19
15146.43 13429.49
15154.33 13429.50
15160.80 13424.94
15167.27 13422.71
15173.70 13419.04
15179.19 13414.94
15184.02 13409.52
15188.22 13403.43
15191.37 13396.95
15193.46 13389.71
15193.83 13382.50
15192.87 13375.15
15190.96 13368.50
15187.86 13361.95
15183.99 13356.07
15147.95 13327.89
15137.12 13323.56
15125.80 13319.04
15114.19 13314.40
15103.58 13310.16
15092.03 13306.17
15080.32 13303.24
15068.47 13300.26
15056.69 13297.31
15045.52 13294.67
15034.02 13292.24
15022.67 13289.83
15011.55 13287.47
15000.10 13285.34
14988.88 13283.36
14976.56 13281.20
14964.83 13279.15
14953.09 13277.10
14941.71 13275.11
14929.78 13273.05
14918.20 13271.06
14906.92 13269.13
14895.33 13267.14
14883.86 13265.17
14871.59 13263.07
14860.34 13261.14
14848.38 13259.09
14836.72 13257.09
14824.37 13254.97
14812.02 13252.84
14800.56 13250.85
14789.19 13248.88
14777.91 13246.93
14766.19 13244.90
14753.97 13242.79
14742.49 13240.80
14730.15 13238.67
14717.74 13236.52
14705.77 13234.45
14693.87 13232.39
14681.92 13230.32
14669.55 13228.18
14657.81 13226.15
14645.41 13224.00
14634.15 13222.05
14622.08 13219.97
14610.48 13217.96
14598.14 13215.82
14586.04 13213.73
14574.02 13211.65
14561.69 13209.52
14549.63 13207.43
14537.25 13205.29
14524.96 13203.16
14513.65 13201.20
14501.22 13199.05
14488.83 13196.91
14477.11 13194.88
14465.25 13192.83
14452.85 13190.68
14440.51 13188.55
14428.95 13186.55
14416.66 13184.50
14405.72 13182.67
14396.13 13181.07
14387.83 13179.68
14378.52 13178.13
14368.50 13176.46
14357.32 13174.59
14346.40 13172.76
14335.24 13170.90
14323.84 13169.00
14312.12 13167.04
14301.24 13165.22
14291.87 13163.66
14280.87 13161.82
14269.03 13159.84
14259.05 13158.17
14248.01 13156.33
14238.19 13154.69
14226.21 13152.69
14214.68 13150.76
14202.30 13148.70
14144.45 13137.73
14133.05 13135.66
14122.54 13133.11
14111.91 13130.47
14100.45 13127.62
14089.90 13124.96
14079.20 13122.25
14068.80 13119.62
14058.32 13116.57
14047.62 13113.07
14036.73 13109.50
14025.66 13105.88
14014.46 13102.63
14003.98 13099.59
13993.09 13096.44
13982.73 13093.43
13971.88 13090.29
13961.35 13087.02
13950.62 13083.55
13939.80 13080.06
13929.10 13076.89
13918.37 13074.52
13907.01 13072.02
13882.38 13072.28
13873.16 13074.85
13864.03 13078.26
13856.39 13083.59
13849.81 13091.30
13844.59 13099.20
13840.32 13108.59
13830.72 13135.68
13830.28 13137.18
13824.92 13149.57
13821.71 13160.22
13817.89 13171.67
13814.05 13183.20
13810.45 13194.00
13806.85 13204.80
13803.11 13216.05
13797.93 13226.62
13792.86 13236.96
13790.35 13250.46
13786.87 13260.91
13783.34 13271.53
13779.60 13282.77
13775.99 13293.62
13772.26 13304.85
13768.65 13315.70
13764.81 13327.27
13761.28 13337.88
13757.43 13348.57
13747.19 13367.75
13741.10 13383.29
13739.05 13388.54
13732.09 13404.67
13729.21 13415.07
13726.11 13426.23
13723.08 13437.16
13720.18 13447.62
13717.16 13458.52
13714.34 13468.69
13711.80 13479.56
13709.73 13490.43
13707.70 13501.07
13705.53 13512.43
13703.49 13523.30
13702.25 13530.61
13701.67 13533.97
13701.66 13534.06
13701.66 13534.06
13701.66 13534.06
13701.66 13534.06
13701.66 13534.06
13699.89 13545.17
13699.60 13547.11
13699.15 13550.09
13698.54 13554.18
13697.82 13559.04
13696.94 13564.91
13691.25 13591.01
13689.81 13601.64
13688.93 13612.58
13688.19 13623.82
13687.92 13634.87
13687.65 13646.39
13687.50 13658.01
13687.50 13669.51
13687.51 13680.40
13687.51 13691.67
13687.51 13702.85
13687.52 13714.08
13687.49 13725.25
13686.98 13735.97
13684.56 13746.54
13682.20 13757.24
13679.79 13768.61
13677.66 13780.11
13675.87 13791.47
13674.09 13802.79
13672.29 13814.27
13670.52 13825.49
13668.76 13836.70
13664.35 13907.38
13664.62 13914.53
13664.90 13921.79
13665.19 13929.31
13665.48 13936.95
13665.77 13944.35
13666.04 13951.55
13666.95 13959.37
13667.92 13966.52
13668.78 13972.89
13669.27 13976.54
13669.41 13977.49
13669.52 13977.95
13669.56 13978.11
13669.58 13978.20
13669.58 13978.20
13673.17 13993.22
13673.57 13994.81
13674.12 13996.96
13674.78 13999.58
13676.38 14010.29
13679.23 14020.95
13682.33 14032.53
13685.53 14043.22
13688.92 14054.11
13692.37 14065.18
13694.96 14073.51
13696.95 14079.90
13693.87 14081.10
13697.60 14093.59
13699.63 14100.75
13703.52 14109.27
13705.70 14118.92
13708.03 14129.24
13710.32 14139.36
13714.21 14169.46
13714.20 14169.56
13714.20 14169.62
13710.89 14169.73
13710.89 14169.77
13710.09 14183.58
13709.70 14190.30
13709.19 14199.18
13708.29 14209.36
13707.30 14219.97
13706.36 14230.05
13705.33 14241.04
13703.93 14258.14
13703.23 14268.89
13702.55 14279.24
13705.14 14290.21
13705.57 14306.76
13704.54 14319.44
13703.55 14331.58
13702.47 14343.97
13701.33 14356.62
13700.27 14368.41
13698.77 14380.24
13696.12 14392.09
13693.39 14404.31
13690.82 14415.82
13688.30 14427.89
13685.89 14439.78
13683.41 14452.00
13681.35 14464.41
13680.91 14476.91
13680.47 14489.20
13680.05 14501.11
13679.61 14513.47
13679.17 14525.84
13678.72 14538.45
13678.40 14550.81
13678.90 14563.29
13679.39 14575.29
13679.85 14586.89
13678.84 14602.58
13679.43 14614.24
13680.02 14626.13
13680.64 14638.62
13681.23 14650.50
13682.65 14662.81
13684.46 14675.33
13686.17 14687.23
13688.08 14699.51
13691.67 14710.95
13695.18 14722.11
13698.72 14733.14
13702.41 14744.45
13708.90 14757.11
13713.52 14766.91
13718.17 14776.78
13722.74 14786.46
13726.33 14796.36
13723.45 14820.22
13722.14 14821.54
13721.17 14822.51
13720.69 14822.99
13702.31 14834.53
13695.53 14836.58
13686.67 14839.26
13675.63 14842.61
13665.01 14845.82
13654.94 14848.86
13646.92 14851.29
13641.88 14852.81
13640.66 14853.19
13640.03 14853.38
13639.94 14853.41
13639.91 14853.42
13639.91 14853.42
13639.91 14853.42
13639.91 14853.42
13639.91 14853.42
13639.91 14853.42
13639.91 14853.42
13639.91 14853.42
13638.53 14853.85
13635.48 14854.80
13618.66 14858.79
13612.58 14859.95
13605.42 14861.33
13597.12 14862.92
13586.69 14864.93
13576.50 14866.88
13566.31 14868.44
13555.61 14870.05
13545.03 14871.65
13537.34 14872.81
13533.33 14873.41
13532.98 14873.47
13532.85 14873.49
13532.74 14873.50
13532.74 14873.50
13532.73 14873.50
13532.73 14873.50
13532.73 14873.50
13531.75 14873.65
13529.39 14874.01
13510.57 14876.80
13503.73 14877.79
13494.79 14879.11
13485.00 14880.54
13473.51 14882.23
13461.44 14884.00
13450.18 14885.65
13439.12 14887.28
13427.20 14889.03
13415.44 14890.75
13403.71 14892.47
13391.92 14894.20
13380.84 14895.83
13368.83 14897.59
13357.69 14899.30
13346.30 14901.28
13334.60 14903.63
13323.76 14906.91
13309.42 14912.03
13303.28 14914.44
13297.37 14916.76
13291.90 14919.40
13286.41 14922.16
13262.59 14941.56
13257.12 14948.21
13252.18 14954.97
13247.27 14961.93
13242.63 14969.20
13238.30 14976.70
13229.61 14991.78
13225.28 14998.66
13220.71 15005.60
13213.06 15016.48
13207.61 15023.51
13207.56 15023.57
13199.44 15033.83
13197.88 15035.60
13195.91 15037.84
13193.47 15040.62
13171.27 15066.42
13164.81 15076.69
13158.24 15087.15
13149.93 15095.42
13137.58 15094.83
13126.09 15089.20
13115.32 15082.56
13108.28 15078.23
13103.30 15075.16
13098.86 15072.42
13093.15 15068.91
13073.73 15057.49
13066.61 15053.38
13057.83 15048.30
13048.06 15043.33
13038.45 15038.59
13028.73 15033.81
13017.61 15032.82
13007.88 15029.26
12997.60 15025.50
12986.61 15023.09
12975.48 15021.77
12963.74 15021.80
12952.17 15022.54
12940.30 15024.03
12929.14 15025.43
12918.31 15026.85
12897.79 15029.88
12890.35 15031.07
12882.33 15032.35
12874.65 15033.57
12866.62 15034.86
12859.28 15036.03
12818.94 15041.79
12808.20 15043.52
12796.56 15045.22
12785.12 15046.80
12774.31 15048.30
12763.32 15049.82
12752.48 15053.06
12741.37 15057.09
12730.69 15061.04
12719.20 15063.78
12707.50 15065.44
12696.43 15066.75
12686.01 15069.24
12675.48 15072.70
12665.42 15076.92
12655.36 15082.26
12645.19 15088.08
12634.97 15091.07
12625.21 15097.62
12615.34 15104.22
12606.20 15110.34
12596.32 15116.95
12586.53 15123.51
12576.89 15129.23
12566.51 15134.58
12542.07 15144.29
12535.89 15146.07
12529.08 15147.77
12522.41 15149.41
12517.70 15150.57
12515.37 15151.14
12515.29 15151.16
12515.29 15151.16
12515.29 15151.16
12515.29 15151.16
12515.29 15151.16
12515.29 15151.16
12515.29 15151.16
12515.29 15151.16
12477.65 15164.38
12476.60 15164.93
12474.99 15165.81
12472.73 15167.04
12469.84 15168.63
12466.45 15170.48
12449.49 15180.58
12439.94 15186.83
12430.97 15192.76
12421.43 15199.20
12412.61 15205.15
12403.52 15211.29
12387.20 15223.70
12379.78 15226.40
12369.91 15232.58
12359.93 15238.83
12350.08 15245.00
12339.92 15253.41
12333.60 15257.53
12327.28 15261.66
12321.17 15265.65
12314.43 15270.04
12309.13 15273.50
12306.16 15275.44
12304.93 15276.28
12304.71 15276.43
12304.67 15276.45
12304.66 15276.46
12304.65 15276.46
12304.65 15276.46
12304.65 15276.46
12304.65 15276.46
12304.65 15276.46
12304.65 15276.46
12304.65 15276.46
12304.65 15276.46
12304.65 15276.46
12304.65 15276.46
12304.65 15276.46
12304.65 15276.46
12304.65 15276.46
12304.65 15276.46
12304.65 15276.46
12304.65 15276.46
12304.65 15276.46
12304.65 15276.46
12304.65 15276.46
12304.65 15276.46
12304.65 15276.46
12304.65 15276.46
12304.65 15276.46
12304.65 15276.46
12304.65 15276.46
12304.65 15276.46
12304.65 15276.46
12304.65 15276.46
12304.65 15276.46
12304.65 15276.46
12304.65 15276.46
12304.65 15276.46
12304.65 15276.46
12304.65 15276.46
12279.25 15291.98
12278.08 15292.63
12276.21 15293.66
12273.93 15294.92
12270.93 15296.58
12253.95 15307.12
12244.58 15313.30
12234.81 15319.74
12225.37 15325.96
12215.75 15332.30
12199.49 15345.40
12192.14 15350.98
12185.15 15356.28
12177.79 15361.86
12166.81 15367.48
12160.38 15371.56
12154.47 15375.59
12143.95 15383.55
12136.56 15387.63
12129.50 15392.55
12123.60 15397.00
12120.04 15399.70
12118.78 15400.74
12118.62 15400.87
12118.62 15400.87
12118.62 15400.87
12118.62 15400.87
12118.62 15400.87
12118.62 15400.87
12118.62 15400.87
12118.62 15400.87
12118.62 15400.87
12118.62 15400.87
12118.62 15400.87
12118.62 15400.87
12098.46 15414.54
12095.81 15416.21
12091.60 15418.86
12086.43 15422.10
12079.52 15426.45
12071.58 15431.44
12062.41 15437.20
12053.77 15442.82
12044.77 15448.96
12036.01 15454.95
12027.38 15460.88
12019.07 15470.43
12013.27 15475.12
11997.25 15486.73
11988.57 15492.74
11979.31 15499.15
11970.49 15505.25
11960.01 15509.96
11954.22 15513.50
11950.76 15515.58
11949.47 15516.31
11949.27 15516.42
11949.25 15516.43
11949.24 15516.44
11949.24 15516.44
11949.24 15516.44
11949.24 15516.44
11949.24 15516.44
11938.27 15523.07
11935.37 15524.92
11931.22 15527.48
11925.60 15530.74
11920.55 15533.78
11915.10 15537.40
11909.86 15540.89
11904.82 15544.24
11899.20 15547.99
11893.62 15551.70
11887.87 15555.53
11882.10 15559.37
11876.69 15562.97
11871.54 15566.40
11866.16 15569.98
11860.95 15573.45
11855.82 15577.67
11850.61 15582.12
11846.11 15585.97
11841.18 15590.18
11836.14 15594.49
11831.34 15598.59
11826.59 15602.65
11821.88 15606.68
11817.38 15610.52
11812.71 15614.51
11808.29 15618.29
11789.44 15634.73
11787.18 15636.78
11784.40 15639.44
11772.44 15650.43
11764.07 15657.26
11755.94 15663.91
11747.91 15670.47
11739.59 15677.27
11731.25 15684.08
11723.58 15690.36
11717.40 15695.25
11713.68 15697.06
11713.23 15697.29
11712.98 15697.41
11712.82 15697.49
11712.80 15697.50
11712.79 15697.50
11711.44 15698.16
11709.00 15699.35
11679.82 15720.26
11676.33 15722.11
11672.00 15724.75
11667.06 15727.78
11661.74 15731.04
11657.03 15733.92
11653.21 15736.26
11651.13 15737.54
11650.78 15737.75
11650.72 15737.79
11650.34 15738.02
11649.45 15738.56
11648.14 15739.36
11646.06 15740.64
11645.53 15740.96
11645.42 15741.03
11645.35 15741.07
11645.34 15741.08
11645.34 15741.08
11645.34 15741.08
11645.34 15741.08
11645.34 15741.08
11645.34 15741.08
11645.34 15741.08
11645.34 15741.08
11645.34 15741.08
11645.34 15741.08
11645.34 15741.08
11645.34 15741.08
11645.34 15741.08
11645.34 15741.08
11645.34 15741.08
11645.34 15741.08
11645.34 15741.08
11645.34 15741.08
11645.34 15741.08
11645.34 15741.08
11645.34 15741.08
11645.34 15741.08
11645.34 15741.08
11645.34 15741.08
11645.34 15741.08
11645.34 15741.08
11645.34 15741.08
11645.34 15741.08
11612.31 15762.14
11609.74 15763.86
11606.05 15766.32
11601.08 15769.64
11594.82 15773.53
11587.44 15778.02
11579.34 15782.97
11570.90 15788.11
11563.00 15792.93
11554.94 15797.97
11543.00 15805.45
11533.33 15811.51
11524.00 15817.34
11509.80 15826.22
11500.95 15831.76
11491.81 15837.48
11482.75 15843.15
11473.96 15848.64
11464.96 15854.27
11456.21 15859.74
11448.80 15864.37
11444.43 15867.10
11443.26 15867.84
11443.10 15867.93
11443.04 15867.97
11442.51 15868.31
11421.51 15871.53
11420.10 15870.04
11417.95 15867.77
11415.07 15864.73
11405.12 15853.39
11399.02 15843.66
11393.45 15834.76
11387.88 15825.87
11381.77 15816.37
11375.84 15807.21
11369.89 15797.99
11363.99 15789.10
11357.54 15779.93
11350.91 15771.23
11345.03 15762.23
11339.10 15753.13
11333.02 15743.82
11326.86 15734.39
11322.29 15727.39
11319.91 15723.74
11337.37 15719.34
11341.29 15725.91
11346.04 15733.87
11352.06 15743.65
11357.71 15752.84
11363.61 15762.44
11369.30 15771.60
11375.30 15780.94
11381.20 15790.12
11387.15 15799.38
11393.39 15808.67
11399.55 15817.68
11405.80 15826.73
11412.14 15835.91
11418.87 15845.66
11425.11 15854.72
