15934.38 13199.64
15934.05 13200.80
15933.39 13203.07
15932.49 13206.97
15931.23 13212.41
15929.56 13219.61
15927.45 13228.73
15925.10 13238.90
15922.70 13249.30
15920.14 13260.35
15917.62 13271.24
15915.27 13281.42
15912.82 13291.99
15910.30 13302.90
15907.81 13313.75
15905.36 13324.75
15903.07 13335.06
15900.79 13345.31
15898.37 13356.18
15895.87 13366.59
15893.23 13377.15
15890.65 13387.45
15887.90 13398.44
15885.34 13408.67
15882.79 13418.76
15879.58 13429.20
15876.45 13439.39
15873.34 13449.52
15870.18 13459.80
15866.87 13470.56
15863.57 13481.29
15860.49 13496.66
15856.94 13507.99
15853.17 13520.00
15849.27 13531.25
15845.19 13542.37
15841.18 13553.27
15836.57 13565.01
15831.59 13576.83
15826.80 13588.20
15823.07 13597.06
15820.95 13602.09
15821.56 13613.93
15818.15 13622.65
15813.89 13633.58
15809.50 13644.85
15805.02 13656.34
15800.58 13667.70
15796.07 13679.28
15791.40 13691.26
15786.19 13703.10
15780.83 13714.21
15775.22 13725.85
15769.60 13737.53
15764.17 13748.79
15758.71 13760.13
15753.05 13771.87
15748.56 13781.26
15744.61 13789.59
15740.66 13797.91
15736.57 13806.54
15732.45 13815.21
15728.48 13823.59
15724.10 13832.82
15719.28 13841.77
15712.68 13854.68
15709.01 13862.10
15705.16 13869.86
15702.17 13877.89
15699.50 13886.06
15696.91 13894.03
15694.18 13902.42
15691.52 13910.57
15720.38 13919.60
15726.98 13923.29
15733.44 13923.66
15740.00 13924.04
15746.48 13924.41
15752.94 13924.79
15759.68 13924.66
15766.60 13924.46
15773.24 13924.26
15780.34 13924.06
15785.40 13923.91
15787.64 13923.84
15826.63 13930.97
15830.15 13933.62
15834.48 13937.44
15840.43 13939.71
15846.45 13941.49
15852.19 13943.18
15858.40 13945.29
15865.77 13951.37
15875.02 13954.31
15885.33 13957.58
15895.06 13960.67
15904.91 13963.80
15914.81 13966.95
15924.53 13970.04
15934.91 13973.22
15944.27 13976.09
15954.66 13979.26
15964.39 13982.22
15974.38 13985.15
15984.47 13988.10
15994.19 13991.04
16004.41 13994.13
16013.64 13996.88
16023.38 13999.68
16033.51 14001.35
16044.14 14003.10
16054.24 14004.76
16063.99 14006.37
16073.50 14008.17
16083.14 14010.15
16093.12 14012.36
16103.71 14013.30
16113.52 14015.42
16123.47 14017.90
16133.27 14020.34
16142.91 14022.74
16152.73 14025.18
16162.55 14027.63
16172.11 14030.01
16181.79 14032.46
16192.02 14035.07
16201.39 14037.47
16211.88 14040.15
16221.55 14042.62
16231.05 14045.74
16240.67 14049.83
16250.75 14053.59
16260.71 14056.61
16270.44 14058.77
16279.98 14060.89
16289.45 14062.99
16299.29 14065.33
16308.52 14068.03
16317.93 14070.75
16327.21 14073.37
16337.26 14076.13
16347.81 14078.82
16357.32 14081.25
16366.72 14083.65
16376.24 14085.84
16386.66 14087.99
16397.18 14090.17
16407.85 14092.38
16417.70 14094.29
16428.20 14095.90
16437.83 14097.36
16447.68 14098.86
16457.27 14100.21
16467.89 14101.67
16478.07 14103.07
16487.91 14104.42
16502.33 14106.49
16507.97 14107.31
16513.65 14108.13
16517.87 14108.75
16519.50 14108.99
16528.21 14119.33
16527.29 14123.35
16526.08 14128.69
16523.04 14142.11
16521.63 14148.32
16522.63 14159.42
16520.84 14168.34
16519.10 14176.98
16517.26 14186.08
16515.51 14194.78
16513.65 14204.02
16511.76 14213.42
16509.91 14222.62
16508.02 14231.99
16506.19 14241.07
16504.36 14250.19
16498.53 14274.97
16496.75 14282.59
16494.85 14290.68
16489.74 14298.02
16487.96 14305.74
16486.80 14312.45
16486.18 14315.97
16486.06 14316.69
16486.06 14316.70
16486.06 14316.70
16486.06 14316.70
16486.06 14316.70
16486.06 14316.70
16486.06 14316.70
16486.06 14316.70
16485.48 14338.89
16485.66 14343.41
16485.54 14349.33
16485.50 14356.87
16485.86 14366.13
16486.27 14376.33
16487.80 14385.42
16489.67 14395.31
16491.87 14405.26
16494.93 14414.21
16498.45 14423.79
16503.16 14432.91
16507.73 14441.78
16512.69 14449.97
16517.98 14458.49
16522.85 14466.41
16528.08 14475.01
16533.23 14483.48
16538.40 14492.01
16543.71 14500.73
16548.18 14508.83
16552.96 14517.58
16560.58 14524.66
16564.97 14532.70
16569.40 14540.80
16573.96 14549.16
16578.51 14557.48
16583.32 14566.30
16587.69 14574.30
16588.98 14583.55
16593.74 14592.25
16598.51 14600.99
16603.04 14609.28
16607.45 14617.36
16611.95 14625.72
16616.32 14634.57
16620.62 14643.29
16624.73 14651.60
16629.19 14660.64
16633.41 14669.18
16637.84 14678.16
16642.39 14687.37
16646.97 14696.65
16651.20 14705.42
16654.90 14714.67
16658.58 14723.85
16662.13 14732.81
16665.63 14741.71
16669.29 14751.00
16677.88 14777.98
16681.14 14789.00
16684.91 14801.76
16689.37 14816.17
16694.13 14831.56
16698.81 14846.68
16703.42 14861.57
16703.04 14877.85
16698.14 14893.51
16688.93 14906.01
16675.58 14914.16
16660.34 14919.53
16644.96 14920.95
16629.79 14917.83
16615.37 14910.86
16602.15 14902.86
16588.37 14894.67
16573.46 14887.58
16559.24 14880.81
16544.18 14874.25
16528.78 14867.89
16513.57 14861.61
16498.41 14856.28
16483.15 14851.47
16467.69 14846.59
16452.82 14841.88
16425.92 14835.36
16412.62 14830.67
16403.32 14829.72
16391.95 14828.55
16378.14 14828.65
16366.22 14825.45
16351.27 14827.61
16340.05 14825.37
16327.32 14826.59
16314.31 14827.83
16301.95 14829.02
16288.87 14831.63
16276.22 14834.26
16263.31 14837.23
16250.59 14840.61
16204.82 14856.45
16190.73 14863.26
16176.10 14870.32
16162.15 14877.50
16147.98 14886.02
16134.02 14895.23
16118.62 14905.95
16105.67 14915.65
16093.27 14926.10
16080.78 14937.04
16068.05 14948.20
16056.39 14959.28
16044.82 14970.68
16033.12 14983.24
16024.25 14997.06
16016.74 15007.06
16009.91 15017.27
16002.79 15027.93
15995.75 15038.45
15975.80 15070.27
15967.58 15084.76
15959.31 15099.34
15950.90 15114.17
15942.65 15128.71
15934.46 15143.14
15926.09 15157.47
15917.38 15172.17
15909.18 15186.01
15900.96 15199.83
15892.65 15213.79
15883.79 15228.38
15874.49 15245.82
15864.27 15259.86
15854.18 15273.72
15843.88 15287.78
15833.05 15300.99
15822.26 15314.14
15811.37 15327.35
15800.31 15340.63
15789.55 15353.54
15777.70 15365.95
15765.67 15377.89
15753.73 15390.53
15741.93 15403.21
15730.29 15415.70
15718.79 15428.04
15706.97 15440.70
15695.37 15452.87
15686.22 15467.27
15674.99 15479.05
15663.33 15491.27
15652.07 15503.07
15640.69 15515.01
15628.84 15527.44
15617.51 15539.32
15605.58 15551.84
15594.22 15563.80
15582.41 15576.22
15571.11 15588.11
15559.78 15599.98
15547.98 15612.23
15536.24 15624.42
15524.54 15637.01
15513.06 15649.47
15501.39 15662.12
15489.74 15674.75
15478.22 15687.24
15467.10 15699.31
15455.38 15712.01
15443.76 15724.51
15432.20 15736.71
15420.93 15748.60
15409.67 15760.49
15397.85 15772.96
15385.91 15785.55
15374.17 15797.95
15362.44 15810.32
15350.59 15822.82
15338.61 15835.46
15327.43 15847.14
15315.35 15859.61
15303.63 15871.71
15292.27 15883.45
15280.29 15896.02
15269.39 15912.45
15258.32 15924.28
15247.30 15936.06
15235.86 15948.30
15224.55 15960.38
15213.60 15972.09
15205.60 15980.65
15197.90 15988.74
15191.34 15995.60
15184.56 16002.69
15177.82 16009.74
15171.02 16016.86
15163.85 16024.35
15156.59 16031.95
15150.11 16038.73
15143.48 16045.66
15136.47 16052.99
15131.29 16061.52
15127.63 16071.06
15125.73 16080.50
15125.28 16090.40
15126.02 16099.73
15128.30 16109.97
15131.70 16119.71
15136.91 16128.87
15143.02 16137.24
15149.84 16145.05
15157.12 16152.44
15165.05 16158.28
15174.04 16163.15
15183.83 16166.51
15193.19 16168.22
15204.06 16167.35
15212.53 16166.76
15220.27 16165.26
15228.23 16162.72
15235.80 16159.38
15243.62 16155.94
15256.57 16138.61
15260.54 16130.30
15262.22 16120.51
15262.16 16111.00
15259.56 16102.13
15254.31 16093.85
15247.42 16087.11
15240.58 16080.85
15233.24 16074.26
15225.46 16068.37
15217.41 16064.01
15208.75 16062.12
15199.12 16062.74
15182.85 16069.30
15175.25 16075.52
15168.38 16081.15
15161.43 16086.85
15154.15 16092.81
15146.68 16098.92
15139.21 16105.04
15131.60 16111.27
15124.63 16116.98
15122.07 16127.25
15122.03 16131.13
15122.42 16134.10
15122.69 16135.81
15122.75 16136.19
15098.83 16132.84
15096.77 16134.51
15093.63 16137.06
15089.89 16140.11
15087.44 16142.10
15075.01 16142.55
15069.76 16139.57
15063.39 16135.95
15057.07 16132.36
15046.57 16124.50
15036.42 16118.73
15025.07 16112.27
15012.42 16105.08
14999.60 16097.78
14986.98 16090.60
14974.64 16083.58
14960.12 16079.12
14948.10 16072.29
14935.53 16065.13
14923.08 16058.05
14911.01 16051.19
14898.44 16044.00
14886.27 16037.00
14875.78 16030.96
14864.54 16024.50
14862.96 16023.59
14862.77 16023.48
14861.09 16026.32
14861.09 16026.32
14861.09 16026.32
14861.09 16026.32
14861.09 16026.32
14852.68 16021.49
14852.61 16021.45
14841.40 16014.71
14839.78 16013.70
14830.31 16007.78
14819.28 16000.89
14814.45 15997.88
14796.12 15987.09
14784.05 15980.49
14771.41 15973.56
14759.30 15966.93
14746.48 15959.91
14734.43 15953.23
14721.80 15946.07
14705.08 15936.61
14694.30 15930.51
14683.72 15924.53
14675.57 15919.92
14669.49 15916.61
14661.45 15918.83
14660.06 15920.71
14654.17 15925.46
14651.05 15926.30
14649.25 15926.79
14635.15 15930.14
14629.85 15931.31
14624.88 15932.41
14619.40 15933.62
14614.81 15934.64
14610.03 15935.69
14604.68 15936.82
14599.42 15937.93
14594.49 15938.97
14589.16 15940.10
14584.17 15941.16
14580.03 15942.03
14565.73 15945.09
14560.81 15946.15
14555.40 15947.31
14550.42 15948.38
14545.35 15949.47
14540.25 15950.56
14535.12 15951.66
14529.81 15952.78
14525.05 15953.79
14519.25 15955.01
14514.22 15956.07
14509.49 15957.06
14503.83 15958.25
14498.22 15959.44
14492.59 15960.62
14487.15 15961.77
14481.78 15962.90
14475.96 15964.12
14472.63 15964.82
14458.71 15966.35
14452.69 15966.65
14447.39 15966.91
14441.85 15967.19
14436.19 15967.47
14430.48 15967.75
14425.11 15968.02
14419.60 15968.29
14414.37 15968.55
14408.71 15968.78
14402.68 15969.01
14397.46 15969.21
14392.13 15969.42
14386.37 15969.64
14381.39 15969.83
14375.78 15970.05
14369.63 15970.29
14363.70 15970.52
14357.78 15970.75
14352.27 15970.96
14347.17 15971.16
14342.17 15971.36
14337.00 15971.56
14331.42 15971.77
14327.37 15971.93
14321.46 15965.94
14321.13 15960.64
14320.78 15954.89
14320.41 15948.91
14320.07 15943.38
14319.70 15937.46
14319.37 15932.11
14319.03 15926.59
14318.70 15921.29
14318.35 15915.62
14318.00 15909.92
14317.68 15904.80
14317.34 15899.34
14316.97 15893.37
14316.61 15887.46
14316.28 15882.12
14315.96 15877.08
14315.62 15871.47
14315.25 15865.63
14314.89 15859.74
14314.55 15854.31
14314.18 15848.34
14313.84 15842.80
14313.50 15837.32
14313.18 15832.12
14312.81 15826.18
