6722.69 28314.68
6723.90 28314.71
6727.20 28314.78
6731.72 28314.87
6737.64 28314.99
6745.37 28315.15
6754.79 28315.35
6766.14 28315.59
6778.30 28315.84
6787.13 28316.02
6792.30 28316.13
6790.37 28319.39
6781.01 28319.20
6770.45 28318.98
6759.60 28318.75
6748.44 28318.52
6736.81 28318.28
6725.54 28318.04
6705.07 28317.67
6694.38 28317.52
6683.29 28317.53
6670.71 28317.90
6658.98 28318.27
6647.79 28318.67
6636.25 28319.09
6625.24 28319.49
6614.22 28319.89
6602.93 28320.06
6591.69 28319.87
6579.55 28319.10
6567.80 28317.63
6556.04 28315.66
6544.46 28313.44
6532.66 28311.18
6520.59 28308.90
6508.55 28307.23
6500.53 28306.02
6494.83 28305.16
6489.79 28304.40
6475.75 28275.23
6478.45 28266.33
6481.65 28255.73
6485.45 28243.18
6489.12 28231.03
6492.88 28218.62
6496.93 28205.66
6500.79 28193.37
6504.38 28181.95
6508.30 28169.48
6511.97 28157.78
6515.68 28145.97
6519.38 28134.19
6522.87 28123.09
6526.38 28111.93
6530.08 28100.15
6533.67 28088.74
6537.70 28075.91
6541.30 28064.46
6544.93 28052.90
6548.83 28040.49
6552.35 28029.32
6555.86 28018.22
6558.53 28006.42
6555.40 27993.85
6547.17 27984.16
6536.01 27979.15
6525.06 27975.75
6514.28 27972.41
6502.87 27968.87
6492.46 27962.44
6487.63 27952.45
6487.81 27940.29
6490.97 27928.87
6494.70 27916.91
6498.18 27905.73
6501.90 27893.77
6505.80 27881.24
6509.33 27869.92
6513.09 27857.84
6516.78 27845.98
6520.58 27833.78
6524.02 27822.72
6527.67 27811.02
6531.30 27799.37
6535.06 27787.27
6538.81 27775.24
6542.43 27763.61
6545.83 27752.69
6549.40 27741.21
6553.02 27729.60
6556.66 27717.90
6560.44 27705.78
6563.86 27694.78
6567.43 27683.31
6571.12 27671.48
6574.80 27659.64
6578.55 27647.61
6582.20 27635.88
6585.87 27624.11
6589.72 27612.53
6593.42 27601.42
6596.97 27590.07
6600.56 27578.45
6604.23 27566.57
6607.64 27555.52
6611.12 27544.26
6614.79 27532.48
6618.38 27520.98
6622.02 27509.29
6625.86 27496.99
6629.68 27484.74
6633.22 27473.39
6636.92 27461.54
6640.53 27449.97
6644.01 27438.79
6647.65 27427.05
6651.35 27415.10
6654.99 27403.33
6658.81 27391.03
6662.58 27378.84
6666.43 27367.06
6670.74 27354.80
6675.48 27343.89
6680.10 27332.50
6683.94 27321.27
6688.14 27309.02
6692.17 27297.10
6696.07 27285.26
6700.09 27274.28
6706.05 27264.51
6714.12 27255.59
6720.96 27245.22
6721.57 27213.95
6720.74 27202.32
6717.21 27192.15
6710.13 27184.67
6700.49 27179.15
6691.50 27174.36
6682.46 27171.16
6676.13 27168.93
6670.62 27166.98
6653.78 27158.35
6645.27 27155.54
6635.45 27152.31
6624.21 27148.43
6611.59 27143.85
6595.90 27137.62
6580.20 27130.79
6564.35 27123.89
6548.49 27116.54
6532.79 27108.94
6515.94 27099.93
6499.82 27090.85
6485.25 27082.11
6469.37 27072.59
6454.99 27063.20
6439.74 27052.49
6425.46 27041.92
6411.59 27031.35
6397.97 27020.98
6384.49 27009.56
6371.51 26998.31
6357.87 26985.89
6344.76 26973.74
6332.28 26961.33
6319.93 26948.71
6307.36 26935.20
6295.90 26921.97
6283.99 26907.90
6272.99 26893.99
6262.15 26879.48
6252.37 26865.48
6242.12 26850.58
6232.71 26836.75
6222.95 26821.79
6213.78 26806.87
6205.48 26791.73
6199.10 26779.57
6194.51 26770.56
6190.20 26762.08
6186.20 26754.21
6183.95 26750.31
6180.91 26745.00
6169.54 26736.16
6166.49 26735.46
6154.55 26720.50
6156.47 26713.94
6158.61 26700.93
6157.52 26688.35
6152.93 26675.55
6148.21 26661.06
6143.62 26646.83
6138.89 26631.82
6134.51 26616.44
6130.87 26600.81
6127.34 26585.67
6123.74 26570.22
6120.47 26554.26
6114.84 26538.95
6112.13 26520.86
6109.95 26505.35
6108.18 26488.46
6106.66 26474.00
6105.38 26457.89
6104.21 26440.11
6103.54 26426.81
6102.74 26411.10
6101.84 26393.44
6101.17 26380.28
6100.42 26365.47
6099.53 26348.08
6098.88 26335.18
6098.12 26320.68
6097.20 26304.13
6096.18 26285.64
6095.07 26265.81
6094.07 26245.04
6093.24 26225.57
6092.43 26206.66
6091.67 26188.60
6090.93 26171.18
6090.31 26156.69
6089.77 26143.90
6089.31 26133.58
6088.85 26123.17
6088.42 26113.44
6087.97 26103.21
6087.53 26093.15
6087.13 26084.06
6086.70 26074.33
6086.28 26065.02
6079.51 26040.24
6075.16 26034.52
6070.74 26030.11
6086.27 26016.81
6085.14 26007.12
6083.90 25996.45
6082.71 25986.21
6080.71 25976.68
6078.66 25967.01
6076.52 25957.06
6074.52 25947.76
6072.41 25937.95
6068.43 25926.35
6064.28 25915.81
6060.22 25905.53
6056.04 25894.90
6051.52 25885.27
6046.70 25875.66
6042.14 25866.57
6037.17 25856.67
6030.51 25846.56
6027.04 25839.25
6023.24 25831.24
6019.46 25823.28
6015.86 25815.69
6012.24 25808.05
6008.73 25800.65
6005.44 25793.72
6002.73 25788.01
6000.42 25783.13
5987.52 25756.78
5982.97 25749.18
5977.84 25740.61
5972.48 25731.64
5967.29 25722.97
5962.25 25714.55
5956.35 25706.08
5950.34 25697.54
5944.32 25688.99
5939.28 25681.83
5933.99 25674.31
5928.57 25666.62
5923.31 25659.15
5917.84 25651.37
5912.72 25644.10
5907.13 25636.17
5903.11 25630.51
5900.26 25626.60
5896.90 25621.97
5869.40 25591.85
5864.08 25588.45
5857.44 25584.82
5849.45 25581.22
5840.76 25579.81
5832.23 25581.21
5817.19 25587.92
5809.95 25598.56
5802.35 25609.72
5795.27 25620.11
5788.02 25630.75
5781.17 25640.81
5773.39 25652.23
5765.61 25663.66
5761.52 25675.29
5760.25 25687.29
5761.53 25700.02
5766.99 25712.37
5776.50 25722.19
5787.48 25727.75
5800.20 25730.05
5813.60 25728.18
5825.34 25723.03
5834.10 25713.81
5840.99 25703.78
5845.19 25692.18
5849.81 25679.43
5853.77 25668.48
5867.39 25639.40
5871.09 25625.56
5875.45 25609.26
5880.31 25591.07
5885.65 25571.09
5891.84 25549.96
5898.81 25526.71
5906.27 25501.79
5914.11 25475.63
5922.40 25444.02
5932.23 25413.52
5942.55 25381.46
5953.75 25347.80
5965.90 25312.36
5979.17 25274.69
5994.01 25235.31
6010.25 25193.77
6027.51 25150.22
6046.02 25105.65
6065.74 25058.78
6086.87 25011.01
6108.86 24961.93
6131.99 24912.26
6156.12 24863.45
6181.33 24814.19
6206.63 24765.73
6232.38 24717.95
6259.47 24669.96
6287.83 24623.20
6316.38 24576.14
6344.98 24529.23
6374.45 24482.53
6403.65 24436.25
6433.44 24389.42
6464.30 24344.40
6495.10 24299.47
6525.82 24254.66
6558.94 24210.67
6591.68 24167.26
6625.55 24123.99
6661.58 24082.85
6697.84 24041.42
6733.75 24000.42
6770.00 23959.01
6805.98 23917.91
6842.01 23876.76
6877.98 23835.69
6914.84 23795.16
6952.06 23755.31
6989.88 23714.83
7027.70 23674.35
7065.08 23634.34
7103.23 23595.17
7141.95 23557.11
7180.12 23518.47
7218.25 23478.96
7256.07 23439.78
7294.52 23399.93
7332.43 23360.65
7370.54 23321.16
7408.60 23281.72
7446.54 23242.40
7484.85 23202.71
7522.92 23163.29
7560.59 23123.87
7598.17 23083.13
7635.51 23042.66
7672.69 23002.36
7709.86 22962.07
7747.45 22921.32
7784.44 22881.23
7821.77 22840.47
7858.34 22799.09
7894.76 22757.88
7930.98 22716.90
7965.06 22678.34
7999.20 22644.70
8032.45 22607.08
8063.66 22571.78
8092.61 22539.01
8118.13 22508.69
8143.01 22479.09
8168.16 22449.16
8193.53 22418.98
8218.70 22389.03
8243.84 22359.13
8268.93 22329.27
8294.40 22298.97
8319.56 22269.04
8344.91 22238.88
8369.90 22208.47
8394.86 22178.05
8419.85 22147.59
8442.91 22119.49
8463.04 22094.69
8482.46 22070.52
8502.02 22046.17
8521.69 22021.69
8540.97 21997.68
8560.18 21973.16
8578.93 21948.57
8597.63 21923.98
8616.61 21899.02
8635.23 21874.53
8653.95 21849.92
8672.98 21824.89
8691.55 21800.47
8710.76 21775.21
8729.41 21751.03
8748.33 21726.82
8767.53 21702.25
8786.63 21677.80
8806.16 21652.80
8825.15 21628.49
8844.21 21603.97
8862.86 21579.80
8882.04 21554.95
8901.12 21530.24
8941.23 21480.28
8960.54 21454.55
8979.75 21428.95
8998.86 21403.49
9017.97 21378.02
9037.37 21352.18
9057.35 21326.60
9077.44 21300.93
9097.28 21275.56
9116.77 21250.45
9138.04 21223.11
9157.31 21198.28
9176.05 21174.14
9195.36 21146.71
9215.27 21121.66
9235.45 21096.26
9254.70 21070.96
9274.57 21045.14
9294.23 21019.15
9313.55 20993.61
9332.48 20968.59
9351.62 20943.29
9370.99 20917.68
9390.56 20892.85
9410.61 20867.50
9430.66 20842.15
9448.84 20819.17
9467.46 20795.64
9486.27 20771.29
9503.76 20747.67
9521.91 20723.15
9541.30 20698.19
9561.14 20672.89
9581.26 20647.24
9601.36 20621.61
9620.97 20596.61
9640.96 20571.12
9660.64 20546.03
9680.46 20520.76
9700.14 20495.67
9719.35 20469.82
9738.05 20444.60
9757.47 20418.42
9776.80 20392.46
9796.88 20367.45
9816.61 20342.01
9835.90 20315.99
9855.32 20289.81
9874.15 20264.41
9893.22 20238.69
9923.48 20201.22
9943.28 20175.66
9963.15 20150.19
9982.37 20125.55
10002.30 20097.10
10019.33 20074.28
10036.69 20051.01
10053.75 20028.14
10071.02 20004.99
10088.41 19981.68
10119.99 19942.58
10139.69 19918.31
10159.78 19893.56
10179.28 19869.55
10198.52 19842.40
10215.34 19819.64
10233.03 19795.68
10249.56 19773.31
10266.12 19750.88
10282.49 19728.72
10299.00 19706.37
10315.28 19684.33
10332.51 19661.00
10350.63 19636.47
10369.71 19610.11
10388.14 19583.96
10406.87 19557.40
10425.79 19530.56
10444.36 19504.23
10462.80 19478.08
10481.43 19451.67
10499.80 19425.61
10518.11 19399.65
10536.69 19373.30
10555.28 19346.46
10573.72 19319.31
10592.15 19292.16
10610.10 19265.72
10628.34 19238.87
10646.19 19212.58
10663.89 19185.99
10681.53 19158.77
10698.89 19131.99
10716.73 19104.48
10734.58 19076.95
10752.31 19049.60
10769.96 19021.82
10787.09 18994.17
10803.83 18967.13
10820.91 18939.57
10837.76 18912.36
10855.09 18884.37
10872.30 18856.59
10889.14 18829.06
10906.00 18801.35
10922.58 18774.09
10939.22 18746.74
10955.41 18720.13
10970.84 18694.77
10986.40 18669.20
11001.94 18642.88
11016.25 18618.09
11030.51 18593.41
11045.01 18568.31
11058.01 18545.79
11071.49 18522.45
11085.34 18498.48
11097.90 18474.64
11109.05 18452.48
11120.78 18429.17
11132.41 18406.08
11143.35 18384.34
11154.60 18361.99
11164.92 18341.48
11175.77 18319.93
11185.86 18297.87
11196.72 18274.10
11208.26 18248.46
11218.77 18222.07
11232.57 18194.14
11243.09 18168.72
11253.24 18143.13
11263.84 18116.54
11273.36 18091.55
11282.35 18067.89
11291.39 18043.29
11298.32 18017.12
11306.26 17993.34
11314.52 17968.57
11322.40 17944.95
11329.19 17922.81
11335.90 17900.81
11342.91 17877.85
11349.52 17855.38
11356.35 17831.96
11363.23 17808.35
11370.03 17785.00
11377.20 17760.36
11383.71 17737.75
11390.11 17715.50
11396.94 17691.74
11404.45 17666.17
11411.60 17641.76
11417.56 17621.12
11424.11 17599.23
11431.32 17576.24
11438.37 17553.77
11446.67 17529.42
11455.95 17503.31
11465.25 17478.07
11474.55 17453.97
11484.39 17428.45
11494.03 17404.11
11504.34 17379.52
11514.47 17355.34
11531.79 17319.82
11543.18 17294.85
11554.86 17270.46
11562.92 17246.43
11574.94 17223.73
11586.57 17202.84
11598.95 17180.62
11611.22 17158.59
11623.35 17136.81
11635.79 17115.09
11649.10 17093.52
11663.14 17070.79
11676.19 17049.65
11688.14 17030.29
11699.07 17012.58
11709.00 16996.51
11715.09 16980.35
11725.16 16960.62
11735.75 16943.11
11746.52 16925.28
11757.59 16906.98
11768.39 16889.11
11779.53 16870.69
11790.71 16852.18
11802.02 16833.47
11813.48 16814.53
11825.17 16795.19
11834.56 16779.65
11844.01 16762.96
11850.33 16747.68
11858.14 16732.92
11865.65 16718.73
11872.96 16704.31
11879.71 16690.96
11887.55 16675.48
11894.57 16661.59
11902.16 16646.45
11908.52 16633.73
11915.65 16619.46
11921.41 16606.26
11927.78 16591.64
11933.62 16578.22
11942.27 16545.75
11941.09 16533.01
11937.72 16520.67
11933.10 16511.67
11919.44 16493.60
11909.73 16486.95
11899.14 16479.99
11889.19 16473.52
11878.82 16466.62
11868.93 16459.31
11859.81 16452.57
11849.62 16445.04
11840.66 16438.41
11831.14 16431.38
11821.59 16424.27
11812.50 16417.35
11803.46 16410.46
11789.52 16398.88
11780.52 16390.53
11771.56 16382.20
11762.48 16373.43
11755.08 16364.83
11746.36 16352.17
11739.03 16343.65
11732.01 16335.43
11724.92 16327.10
11717.89 16318.84
11711.21 16310.99
11690.28 16278.19
11683.06 16267.78
11675.46 16256.82
11667.55 16245.39
11660.41 16234.67
11653.69 16224.58
11645.95 16212.96
11638.82 16202.13
11631.32 16190.70
11624.20 16179.87
11616.42 16168.02
11609.99 16158.22
11605.51 16151.41
11602.24 16146.42
11601.24 16144.91
11600.96 16144.48
11600.75 16144.16
11599.94 16142.92
11598.15 16140.21
11593.05 16129.61
11589.30 16124.06
11584.68 16117.25
11578.82 16108.58
11572.25 16098.88
11564.68 16087.69
11557.73 16077.42
11560.43 16068.92
11562.85 16067.20
11563.79 16066.52
11563.96 16066.41
11564.01 16066.37
11564.02 16066.36
11564.03 16066.36
11564.03 16066.36
11564.50 16066.02
11565.45 16065.35
11578.88 16056.48
11583.97 16053.39
11590.94 16049.17
11599.68 16043.87
11609.79 16037.74
11621.83 16030.45
11634.23 16022.94
11647.20 16015.08
11658.78 16008.06
11671.31 16000.47
11682.88 15993.46
11694.28 15986.55
11706.06 15979.42
11717.12 15972.72
11728.27 15965.96
11737.13 15960.59
11743.02 15957.02
11748.53 15953.68
11760.87 15953.60
11765.70 15961.05
11771.32 15969.69
11785.91 15968.70
11799.01 15961.15
11811.93 15953.65
11824.29 15946.47
11836.55 15939.35
11848.14 15932.67
11857.54 15927.00
11866.09 15921.83
11875.57 15927.65
11880.74 15934.88
11885.77 15941.92
11890.42 15948.43
11895.28 15955.24
11900.16 15962.08
11905.15 15969.05
11910.12 15976.01
11913.74 15981.08
11926.81 15984.43
11936.94 15982.86
11949.40 15980.92
11964.25 15978.62
11979.05 15976.33
11994.24 15973.97
12008.87 15971.70
12023.99 15969.36
12038.40 15967.12
12053.28 15964.81
12067.95 15962.54
12082.58 15960.03
12091.88 15954.79
12096.63 15950.35
12099.06 15947.40
12113.74 15943.63
12118.89 15946.57
12125.52 15950.36
12133.38 15954.84
12141.10 15959.25
12146.15 15962.14
12148.58 15963.52
12149.25 15963.91
12149.35 15963.96
12149.39 15963.98
12149.39 15963.98
12149.39 15963.99
12149.39 15963.99
12156.50 15968.06
12158.71 15969.34
12162.27 15971.39
12167.11 15974.19
12173.58 15977.92
12179.08 15981.23
12181.68 15982.82
12181.70 15982.83
12181.70 15982.84
12181.70 15982.84
12181.70 15982.84
12181.70 15982.84
12181.70 15982.84
12188.53 15987.00
12192.14 15989.19
12197.00 15992.13
12203.57 15996.12
12212.01 16001.23
12222.05 16007.38
12229.13 16011.73
12233.65 16014.51
12229.27 16016.06
12221.52 16011.85
12212.53 16006.98
12202.33 16001.84
12190.28 15995.82
