9384.64 23345.92
9385.52 23344.50
9387.46 23341.37
9390.24 23336.87
9394.00 23330.79
9398.75 23323.26
9404.73 23313.77
9411.60 23302.95
9419.00 23291.46
9426.50 23279.82
9433.89 23268.33
9441.52 23256.49
9449.37 23244.34
9457.03 23232.53
9464.81 23220.45
9472.21 23208.54
9479.42 23196.92
9486.87 23184.44
9494.19 23172.06
9501.08 23160.40
9508.14 23147.58
9514.85 23135.41
9521.61 23122.90
9528.06 23109.98
9534.22 23097.65
9540.47 23085.13
9546.64 23072.76
9552.73 23060.57
9559.08 23047.86
9564.26 23035.33
9569.67 23022.19
9575.14 23008.89
9580.68 22995.45
9589.69 22973.81
9595.04 22961.38
9600.36 22949.00
9605.75 22936.46
9611.23 22923.73
9616.57 22911.32
9622.05 22898.58
9627.49 22885.93
9632.85 22873.47
9638.13 22861.20
9643.70 22848.24
9649.16 22835.54
9654.67 22822.74
9659.91 22810.55
9660.46 22793.40
9648.73 22787.64
9637.43 22782.27
9625.69 22776.70
9614.60 22770.48
9604.12 22764.17
9593.74 22757.93
9583.29 22751.65
9563.95 22739.36
9552.31 22731.69
9540.60 22723.96
9529.32 22716.48
9518.40 22709.13
9507.33 22701.68
9495.96 22694.04
9484.73 22686.47
9473.09 22678.66
9461.53 22671.02
9451.07 22664.11
9443.36 22659.02
9438.40 22655.74
9433.34 22638.89
9436.81 22633.30
9439.46 22629.02
9440.74 22626.95
9447.97 22615.44
9451.64 22609.65
9456.38 22602.19
9461.48 22593.62
9465.63 22582.39
9465.69 22569.78
9462.24 22557.69
9457.75 22549.86
9454.72 22545.69
9425.68 22518.33
9417.82 22512.93
9408.06 22506.21
9396.46 22498.23
9383.63 22489.40
9369.07 22479.38
9352.67 22468.09
9336.05 22456.65
9318.95 22445.39
9301.70 22434.10
9285.48 22423.47
9268.44 22412.31
9252.03 22401.56
9234.72 22390.76
9217.42 22380.01
9200.32 22369.37
9183.08 22358.65
9166.20 22348.16
9149.00 22337.46
9132.41 22327.15
9115.71 22316.76
9098.70 22306.76
9081.85 22297.16
9066.16 22284.41
9048.86 22274.54
9031.10 22264.41
9014.30 22254.84
9000.87 22247.18
8987.96 22239.93
8974.96 22233.10
8962.18 22226.39
8950.57 22220.30
8939.02 22214.23
8927.25 22208.04
8915.21 22201.72
8902.98 22195.31
8891.10 22189.16
8880.04 22183.43
8867.97 22177.18
8855.74 22170.88
8843.60 22164.80
8831.53 22158.77
8819.51 22152.75
8807.60 22146.79
8796.86 22141.42
8784.34 22134.79
8773.19 22128.63
8762.36 22122.65
8750.78 22116.25
8739.82 22110.20
8728.18 22103.69
8716.25 22097.02
8705.58 22091.05
8670.08 22071.12
8659.86 22065.01
8649.41 22058.77
8638.91 22052.50
8629.22 22045.09
8619.99 22037.94
8610.80 22030.82
8601.77 22023.83
8592.39 22015.46
8583.18 22006.75
8574.31 21998.09
8566.56 21988.65
8558.08 21978.33
8551.95 21966.10
8546.27 21954.49
8541.46 21941.32
8536.55 21927.90
8532.46 21914.01
8530.23 21900.16
8527.98 21886.13
8527.20 21872.16
8526.87 21858.42
8526.53 21844.25
8528.33 21830.29
8531.46 21815.84
8534.55 21801.53
8540.01 21789.03
8545.95 21775.54
8552.98 21762.60
8560.64 21750.31
8568.30 21738.02
8579.37 21716.44
8584.90 21703.29
8589.73 21689.52
8594.01 21675.96
8596.44 21661.71
8598.74 21648.25
8599.01 21634.64
8599.25 21620.39
8598.51 21605.91
8596.77 21591.68
8594.05 21578.05
8589.76 21564.46
8584.77 21551.32
8578.78 21538.12
8571.56 21525.77
8563.94 21514.32
8554.73 21504.59
8544.16 21495.38
8534.65 21487.73
8524.55 21480.92
8514.32 21474.03
8503.96 21467.19
8493.70 21460.42
8483.94 21454.08
8472.93 21448.01
8462.65 21442.34
8436.96 21429.69
8432.50 21427.67
8427.95 21425.27
8433.60 21424.03
8435.57 21425.19
8436.60 21425.80
8436.70 21425.86
8436.81 21425.92
8436.87 21425.95
8436.90 21425.97
8436.91 21425.98
8437.26 21426.18
8438.35 21426.83
8439.67 21427.61
8440.66 21428.19
8441.02 21428.40
8441.03 21428.41
8441.03 21428.41
8441.03 21428.41
8441.03 21428.41
8441.03 21428.41
8441.03 21428.41
8441.03 21428.41
8441.03 21428.41
8441.03 21428.41
8448.80 21432.96
8451.99 21434.69
8456.65 21437.21
8462.53 21440.38
8469.77 21444.57
8478.85 21450.15
8489.41 21456.64
8501.30 21463.95
8512.75 21470.98
8524.94 21478.31
8536.93 21485.48
8548.62 21492.46
8560.17 21499.36
8571.85 21506.34
8590.31 21523.95
8595.28 21536.62
8599.16 21551.03
8602.71 21565.34
8606.15 21579.16
8609.72 21593.81
8613.09 21607.72
8616.54 21621.78
8621.55 21635.85
8627.91 21649.10
8637.51 21659.91
8649.82 21666.17
8664.83 21668.15
8715.39 21660.34
8730.92 21656.26
8746.02 21651.20
8760.16 21645.60
8774.57 21639.22
8788.97 21631.85
8802.09 21623.29
8814.63 21613.37
8826.56 21603.28
8838.15 21592.05
8848.98 21580.02
8858.99 21568.70
8869.35 21556.91
8879.80 21544.77
8889.73 21533.24
8921.26 21495.89
8932.96 21480.29
8948.33 21465.32
8962.21 21446.83
8979.61 21429.13
8995.21 21408.35
9012.10 21385.85
9029.93 21362.09
9048.13 21338.38
9066.47 21314.95
9084.58 21291.80
9102.84 21268.40
9120.60 21245.51
9139.58 21221.13
9156.21 21199.70
9173.87 21176.94
9191.78 21151.22
9209.49 21128.93
9225.91 21108.27
9242.18 21087.49
9258.24 21066.38
9274.20 21045.63
9288.62 21026.57
9303.75 21006.56
9319.35 20985.95
9334.53 20965.87
9349.44 20946.17
9364.03 20926.87
9379.78 20906.48
9396.39 20885.48
9411.82 20865.97
9427.81 20845.76
9443.53 20825.88
9459.72 20805.41
9474.95 20786.17
9489.50 20766.92
9503.80 20747.60
9518.97 20727.12
9534.64 20706.67
9549.28 20688.01
9565.38 20667.48
9580.37 20648.37
9595.83 20628.66
9610.90 20609.44
9626.90 20589.04
9642.79 20568.79
9659.04 20548.08
9674.48 20528.39
9690.40 20508.09
9705.78 20488.12
9720.53 20468.23
9735.99 20447.38
9750.61 20427.66
9765.32 20407.84
9780.44 20387.92
9796.25 20368.23
9812.01 20348.21
9826.91 20328.12
9841.33 20308.67
9856.48 20288.24
9870.80 20268.93
9885.81 20248.68
9912.10 20216.19
9927.65 20195.73
9942.74 20176.36
9957.70 20157.18
9972.44 20138.27
9987.64 20118.78
10003.73 20095.19
10017.19 20077.13
10030.80 20058.90
10044.38 20040.70
10057.38 20023.27
10070.84 20005.23
10084.55 19986.86
10097.89 19968.98
10126.37 19934.72
10142.30 19915.10
10157.97 19895.79
10172.62 19877.75
10188.42 19858.28
10205.56 19832.87
10222.72 19809.64
10239.87 19786.42
10257.31 19762.82
10274.29 19739.83
10291.40 19716.66
10308.52 19693.49
10325.07 19671.08
10341.34 19649.05
10357.83 19626.73
10373.95 19604.08
10390.43 19580.71
10405.85 19558.85
10422.61 19535.07
10438.27 19512.87
10454.15 19490.35
10470.06 19467.79
10486.05 19445.11
10501.83 19422.73
10517.48 19400.55
10532.63 19379.06
10548.30 19356.75
10563.03 19335.05
10578.39 19312.43
10592.79 19291.23
10607.49 19269.58
10622.57 19247.37
10637.19 19225.83
10652.02 19203.98
10667.35 19180.65
10681.47 19158.87
10695.42 19137.36
10709.60 19115.49
10723.98 19093.30
10738.86 19070.34
10753.08 19048.42
10768.20 19024.66
10781.06 19003.91
10794.71 18981.87
10808.13 18960.20
10821.96 18937.86
10836.09 18915.05
10849.62 18893.21
10863.46 18870.86
10877.31 18848.51
10891.36 18825.42
10904.89 18803.17
10918.27 18781.19
10932.21 18758.26
10946.42 18734.91
10960.34 18712.04
10973.51 18690.38
10987.08 18668.08
11000.04 18646.16
11013.14 18623.48
11025.89 18601.41
11038.72 18579.20
11052.47 18555.39
11066.36 18531.35
11080.59 18506.69
11094.24 18481.89
11106.73 18457.08
11119.24 18432.24
11131.89 18407.10
11144.86 18381.34
11157.12 18356.99
11170.36 18330.69
11182.71 18304.75
11194.48 18279.00
11206.04 18253.73
11216.95 18226.64
11230.26 18199.48
11240.97 18174.05
11251.15 18148.40
11261.56 18122.16
11272.58 18093.60
11282.08 18068.59
11291.41 18043.21
11296.21 18013.01
11305.05 17986.52
11313.94 17959.89
11322.43 17933.64
11330.52 17907.14
11338.46 17881.13
11346.18 17855.07
11353.71 17829.22
11361.33 17803.09
11368.87 17777.21
11376.51 17750.83
11383.81 17725.45
11390.97 17700.56
11398.32 17675.27
11405.37 17651.43
11412.42 17627.02
11419.88 17601.68
11427.70 17576.76
11435.04 17553.35
11442.88 17530.25
11451.36 17506.37
11459.41 17484.03
11468.54 17460.35
11477.21 17437.87
11485.98 17415.15
11495.01 17393.22
11504.44 17370.73
11513.48 17349.19
11529.36 17317.19
11539.88 17294.14
11550.14 17272.58
11561.11 17250.14
11572.33 17228.40
11583.95 17207.55
11595.55 17186.72
11607.34 17165.56
11618.44 17145.62
11629.99 17124.88
11642.77 17103.79
11655.71 17082.82
11668.66 17061.84
11681.31 17041.35
11694.16 17020.54
11707.30 16999.26
11724.54 16974.40
11738.36 16951.53
11752.44 16928.25
11766.31 16905.30
11779.65 16883.25
11792.87 16861.37
11806.28 16839.20
11819.60 16817.16
11832.38 16796.02
11845.66 16774.07
11860.32 16750.09
11873.39 16730.13
11884.81 16708.75
11896.17 16687.37
11907.24 16666.51
11917.94 16644.67
11928.36 16622.89
11938.21 16602.32
11948.33 16581.19
11959.26 16558.36
11969.67 16533.78
11977.80 16511.06
11984.85 16491.34
11991.53 16472.15
11997.39 16452.36
12002.74 16433.37
12008.48 16412.99
12013.97 16393.46
12019.72 16372.87
12025.19 16352.70
12030.28 16332.16
12035.34 16312.07
12040.45 16292.26
12045.25 16273.66
12049.95 16254.86
12054.26 16235.28
12058.47 16216.13
12064.49 16194.96
12068.98 16181.25
12073.32 16168.01
12077.89 16154.06
12082.38 16140.37
12086.76 16127.02
12091.22 16113.43
12095.23 16096.29
12099.88 16083.73
12104.97 16071.46
12110.58 16059.65
12117.49 16046.48
12124.71 16034.13
12131.79 16022.01
12139.10 16009.50
12146.21 15997.33
12153.00 15985.71
12159.72 15974.22
12166.69 15962.28
12173.35 15950.90
12179.73 15939.99
12186.07 15929.14
12192.43 15918.25
12196.56 15911.19
12199.78 15905.66
12203.43 15899.26
12208.18 15890.93
12213.87 15880.98
12219.92 15870.37
12225.85 15859.98
12232.42 15848.45
12238.77 15837.34
12244.26 15827.70
12250.63 15816.54
12257.13 15805.16
12263.55 15793.90
12269.38 15783.69
12275.01 15773.82
12281.27 15762.68
12287.07 15751.36
12292.84 15740.10
12298.70 15728.65
12304.32 15717.68
12309.04 15708.39
12312.90 15700.81
12312.99 15693.36
12316.67 15686.11
12322.08 15677.10
12327.93 15667.58
12333.46 15658.58
12339.62 15648.55
12345.72 15638.64
12351.77 15628.79
12357.65 15619.22
12363.86 15609.12
12369.91 15599.28
12375.48 15590.21
12381.55 15580.33
12387.53 15570.60
12397.95 15548.27
12401.86 15534.46
12405.01 15521.18
12407.01 15506.80
12407.17 15493.11
12405.80 15479.37
12402.10 15466.01
12397.14 15452.55
12391.45 15439.16
12384.49 15427.25
12377.17 15414.97
12369.56 15402.88
12361.77 15391.01
12356.16 15377.92
12350.26 15370.21
12344.30 15362.41
12328.27 15341.48
12321.26 15332.44
12313.97 15323.03
12306.67 15313.63
12294.83 15300.67
12291.05 15296.29
12287.30 15291.96
12260.21 15255.31
12250.92 15244.13
12240.81 15231.99
12230.00 15219.00
12218.99 15205.37
12205.40 15190.71
12192.80 15174.67
12180.70 15159.25
12168.54 15144.03
12155.57 15128.15
12142.80 15112.50
12127.25 15098.68
12114.70 15083.31
12101.13 15064.66
12091.76 15052.76
12082.21 15040.64
12072.74 15028.93
12063.02 15017.30
12053.21 15005.57
12043.23 14993.62
12033.38 14981.84
12024.11 14970.75
11972.55 14911.75
11966.49 14908.79
11960.16 14907.08
11954.29 14906.22
11939.92 14909.19
11934.87 14912.09
11929.34 14915.26
11926.55 14916.86
11919.93 14920.73
11915.44 14923.40
11901.14 14932.14
11894.22 14935.62
11887.03 14938.82
11880.28 14943.19
11873.30 14948.05
11866.84 14952.95
11860.44 14958.42
11854.27 14963.25
11848.12 14967.83
11841.80 14973.53
11835.51 14979.27
11829.69 14984.23
11822.99 14988.86
11815.81 14993.00
11808.02 14996.16
11799.96 14998.96
11792.48 15002.74
11785.46 15007.42
11779.64 15012.51
11773.99 15018.12
11761.62 15015.53
11757.57 15008.41
11753.79 15001.76
11749.44 14994.10
11745.40 14986.99
11741.09 14979.41
11737.26 14972.68
11733.39 14965.87
11729.19 14958.49
11725.18 14951.44
11720.95 14943.99
11717.15 14937.30
11713.07 14930.13
11709.17 14923.27
11704.88 14915.72
11700.46 14908.40
11696.19 14901.39
11692.15 14894.33
11688.27 14887.37
11684.53 14880.67
11680.68 14873.78
11676.60 14866.47
11672.84 14859.73
11668.77 14852.44
11664.93 14845.55
11661.14 14838.77
11657.06 14831.45
11653.00 14824.18
