17712.04 10490.90
17713.93 10489.98
17717.35 10488.30
17722.44 10486.40
17729.66 10483.74
17738.57 10480.45
17749.30 10476.50
17762.27 10471.72
17775.94 10467.99
17789.59 10464.57
17802.84 10461.24
17816.27 10458.24
17829.64 10456.34
17843.45 10454.37
17857.02 10452.44
17871.32 10450.60
17885.33 10448.89
17899.49 10446.88
17913.54 10444.30
17927.71 10441.69
17940.60 10438.69
17953.78 10435.03
17966.67 10430.83
17979.27 10426.61
17991.63 10422.01
18003.72 10416.55
18016.60 10410.42
18029.13 10403.85
18041.39 10396.56
18052.54 10388.93
18064.22 10380.67
18075.67 10372.22
18086.03 10363.57
18097.05 10354.35
18107.56 10345.58
18118.10 10336.77
18128.47 10328.11
18139.41 10318.97
18150.39 10309.79
18161.08 10300.58
18171.45 10291.53
18181.88 10282.42
18192.71 10272.96
18202.83 10264.07
18215.00 10257.76
18225.25 10248.75
18235.36 10239.85
18245.78 10230.69
18256.10 10221.61
18266.70 10212.29
18276.68 10203.52
18287.34 10194.14
18297.57 10185.15
18308.36 10175.65
18318.47 10166.77
18328.77 10157.70
18338.75 10148.91
18349.25 10140.00
18359.57 10131.28
18369.69 10122.72
18380.22 10113.82
18402.31 10094.65
18411.40 10086.73
18421.24 10078.16
18430.33 10070.23
18440.01 10061.80
18449.38 10053.64
18465.91 10040.70
18468.40 10038.94
18475.67 10039.82
18476.24 10040.34
18476.27 10040.38
18475.82 10044.99
18475.13 10045.51
18474.17 10046.24
18462.64 10055.02
18456.44 10060.18
18450.74 10069.67
18442.08 10077.36
18431.96 10086.36
18421.46 10095.69
18411.25 10104.76
18401.09 10113.79
18390.96 10122.80
18380.31 10132.32
18369.46 10141.76
18358.98 10150.89
18348.84 10159.72
18338.73 10168.52
18328.49 10177.43
18317.99 10186.57
18307.94 10195.32
18297.54 10204.37
18287.18 10213.38
18276.81 10222.41
18266.08 10231.75
18256.12 10240.42
18245.53 10249.64
18234.66 10259.10
18224.12 10268.28
18213.65 10277.40
18202.88 10286.73
18191.81 10295.94
18181.15 10304.88
18170.39 10313.95
18159.74 10323.04
18149.33 10331.99
18138.50 10341.29
18128.28 10350.07
18118.18 10358.75
18108.17 10367.34
18097.41 10376.27
18086.28 10385.16
18074.67 10393.51
18063.42 10401.19
18051.71 10409.18
18039.02 10416.01
18027.08 10422.44
18015.00 10428.58
18002.46 10433.76
17989.95 10438.64
17977.43 10443.13
17964.64 10446.82
17950.92 10450.78
17937.30 10454.25
17923.62 10457.22
17909.80 10459.39
17895.83 10461.33
17882.17 10463.23
17868.36 10465.15
17854.78 10467.33
17841.62 10469.65
17828.13 10472.03
17815.01 10474.34
17801.23 10477.54
17787.53 10480.75
17752.70 10495.71
17746.05 10498.33
17739.72 10501.27
17734.10 10504.16
17730.01 10509.10
17726.71 10514.29
17724.75 10519.90
17723.98 10525.06
17716.42 10528.68
17715.86 10527.36
17715.55 10526.64
17715.42 10526.34
17715.26 10525.94
17715.24 10525.90
17715.23 10525.87
17715.22 10525.85
17715.22 10525.85
17715.22 10525.85
17715.22 10525.85
17715.22 10525.85
17715.22 10525.85
17715.22 10525.85
17715.22 10525.85
17715.22 10525.85
17715.22 10525.85
17715.22 10525.85
17715.22 10525.85
17715.22 10525.85
17715.22 10525.85
17715.22 10525.85
17715.22 10525.85
17715.22 10525.85
17715.22 10525.85
17715.22 10525.85
17715.22 10525.85
17715.22 10525.85
17715.22 10525.85
17715.22 10525.85
17715.22 10525.85
17715.22 10525.85
17715.22 10525.85
17715.22 10525.85
17715.22 10525.85
17715.22 10525.85
17715.22 10525.85
17715.22 10525.85
17715.22 10525.85
17715.22 10525.85
17715.22 10525.85
17715.22 10525.85
17715.22 10525.85
17715.22 10525.85
17715.22 10525.85
17715.22 10525.85
17715.22 10525.85
17715.22 10525.85
17715.22 10525.85
17715.22 10525.85
17715.22 10525.85
17715.22 10525.85
17715.22 10525.85
17715.22 10525.85
17715.22 10525.85
17715.22 10525.85
17715.22 10525.85
17715.22 10525.85
17715.22 10525.85
17715.22 10525.85
17715.22 10525.85
17715.22 10525.85
17715.22 10525.85
17715.22 10525.85
17715.22 10525.85
17715.22 10525.85
17715.22 10525.85
17715.22 10525.85
17715.22 10525.85
17715.22 10525.85
17715.17 10525.74
17714.69 10524.62
17713.87 10522.68
17712.91 10520.45
17711.73 10517.62
17710.16 10513.85
17698.02 10515.59
17687.40 10520.64
17674.51 10526.77
17661.41 10532.99
17648.76 10539.00
17636.10 10545.02
17623.89 10550.81
17611.42 10556.62
17599.02 10562.41
17586.70 10568.15
17574.13 10574.02
17561.96 10579.69
17549.45 10585.53
17537.42 10591.23
17525.53 10597.04
17513.12 10603.10
17500.29 10609.37
17487.49 10615.62
17474.90 10621.78
17462.78 10627.70
17450.25 10633.82
17437.48 10640.06
17424.69 10646.31
17412.20 10652.41
17399.82 10658.46
17386.93 10664.80
17374.05 10671.21
17361.90 10677.25
17349.65 10683.34
17337.42 10689.48
17325.49 10695.72
17312.72 10702.39
17300.30 10708.95
17288.86 10716.25
17277.30 10723.61
17266.05 10730.78
17254.84 10739.03
17241.52 10747.29
17232.28 10754.31
17223.08 10762.11
17214.13 10770.09
17205.36 10777.91
17187.11 10793.37
17180.65 10799.80
17173.89 10806.52
17167.70 10812.68
17160.86 10819.47
17154.63 10825.67
17147.91 10832.35
17141.51 10838.71
17134.99 10845.20
17128.56 10851.59
17122.25 10858.05
17116.15 10864.47
17109.72 10871.23
17103.71 10877.56
17094.20 10885.28
17088.39 10891.66
17082.61 10898.01
17076.89 10904.28
17071.07 10910.68
17065.26 10917.05
17059.57 10923.30
17054.23 10929.15
17048.26 10935.68
17024.23 10939.46
17022.20 10937.90
17021.13 10936.36
17020.35 10935.24
17019.05 10933.38
17017.25 10930.79
17014.97 10927.50
17013.85 10925.89
17013.72 10925.71
17013.60 10925.54
17013.60 10925.54
17013.60 10925.54
17013.60 10925.54
17013.60 10925.54
17013.60 10925.54
17013.60 10925.54
17013.60 10925.54
17013.60 10925.54
17013.60 10925.54
17006.33 10914.39
17004.76 10911.23
17002.36 10906.39
16999.08 10899.80
16994.88 10891.34
16987.58 10881.15
16980.86 10871.80
16973.88 10862.08
16966.59 10852.62
16959.32 10843.38
16952.13 10834.23
16944.65 10824.73
16937.09 10815.12
16929.85 10805.91
16922.52 10797.37
16914.42 10788.01
16907.03 10779.46
16899.16 10770.36
16890.51 10760.04
16884.13 10752.32
16877.76 10744.63
16868.07 10731.52
16860.93 10723.38
16854.97 10713.35
16849.49 10703.75
16845.78 10692.60
16843.36 10682.17
16842.53 10670.92
16842.75 10660.10
16844.01 10648.40
16845.28 10636.68
16846.49 10625.54
16847.49 10614.78
16847.62 10603.85
16847.25 10592.29
16845.65 10580.58
16843.01 10570.25
16839.88 10559.95
16834.59 10550.48
16828.82 10540.17
16823.42 10530.49
16810.84 10508.76
16804.80 10495.73
16794.69 10482.88
16783.30 10468.39
16770.89 10452.60
16756.93 10434.84
16741.55 10415.28
16726.47 10396.09
16711.54 10377.11
16693.40 10356.82
16678.01 10337.51
16662.41 10317.95
16647.36 10299.07
16632.11 10280.32
16616.55 10261.51
16601.06 10242.77
16585.75 10224.26
16569.98 10205.40
16554.21 10186.98
16537.96 10168.01
16522.31 10149.73
16506.49 10131.27
16490.68 10112.34
16475.37 10093.60
16459.38 10074.03
16444.13 10055.36
16428.64 10036.39
16412.84 10017.04
16396.89 9997.52
16381.61 9978.81
16366.18 9959.92
16350.90 9940.42
16336.00 9921.35
16320.73 9901.81
16305.80 9882.70
16290.48 9863.09
16275.29 9843.64
16260.39 9824.59
16245.20 9805.14
16230.12 9785.84
16215.08 9766.59
16200.00 9747.30
16184.63 9727.63
16169.39 9708.12
16154.28 9688.79
16138.98 9669.20
16123.98 9650.01
16108.91 9630.72
16093.93 9611.55
16079.11 9592.58
16063.87 9573.08
16048.28 9553.13
16033.41 9534.10
16018.50 9515.01
16003.59 9495.25
15988.79 9475.32
15974.27 9455.77
15959.58 9435.98
15944.79 9416.07
15929.83 9395.93
15915.45 9376.56
15900.62 9356.59
15885.54 9336.29
15870.70 9316.30
15856.31 9296.92
15841.98 9277.62
15827.45 9258.06
15812.61 9238.08
15797.84 9218.19
15783.20 9198.36
15768.90 9178.88
15753.93 9158.48
15739.20 9138.41
15724.06 9118.28
15711.38 9096.08
15696.15 9075.96
15681.03 9055.99
15665.86 9035.98
15650.48 9016.23
15635.09 8996.47
15619.53 8976.49
15604.02 8956.59
15589.11 8937.50
15573.51 8917.72
15558.21 8898.33
15542.75 8879.80
15526.89 8861.08
15510.17 8842.08
15493.66 8824.02
15477.28 8806.10
15460.37 8787.61
15443.68 8769.35
15429.13 8749.52
15411.65 8731.58
15394.05 8714.44
15375.92 8696.78
15353.26 8679.80
15334.54 8663.18
15315.90 8646.62
15297.76 8630.51
15279.32 8614.13
15260.83 8598.58
15242.28 8583.43
15223.77 8568.30
15205.01 8552.98
15185.46 8537.20
15165.73 8522.51
15145.59 8507.51
15125.60 8492.63
15106.33 8478.28
15086.17 8463.79
15066.00 8450.06
15045.41 8436.06
15025.05 8422.20
14983.77 8395.84
14963.15 8382.95
14942.57 8370.27
14922.27 8358.18
14901.71 8345.94
14881.11 8334.60
14860.65 8323.33
14840.03 8312.17
14819.05 8301.09
14798.00 8290.05
14777.25 8279.72
14756.20 8269.23
14734.69 8258.94
14713.27 8249.01
14691.47 8238.91
14669.54 8229.58
14647.18 8220.09
14625.70 8211.19
14603.84 8202.20
14581.49 8193.32
14559.10 8184.79
14537.45 8176.66
14515.48 8168.96
14493.36 8161.20
14470.75 8153.66
14448.53 8146.32
14426.36 8139.00
14403.21 8132.93
14377.35 8125.83
14355.30 8118.76
14332.73 8112.28
14310.01 8106.23
14284.24 8099.59
14261.57 8093.88
14238.63 8088.68
14215.08 8083.48
14188.54 8078.49
14162.27 8073.68
14133.65 8068.43
14102.61 8062.98
14070.12 8058.22
14037.37 8053.41
14009.00 8049.25
13981.61 8046.73
13957.60 8043.79
13932.87 8041.32
13907.87 8039.52
13883.57 8038.28
13859.17 8037.03
13834.73 8035.78
13809.98 8034.51
13784.98 8033.80
13760.00 8033.67
13734.98 8033.54
13710.97 8033.42
13686.23 8033.30
13661.52 8033.98
13636.97 8034.99
13612.13 8036.02
13587.03 8037.05
13562.37 8038.07
13538.26 8039.62
13513.67 8042.18
13489.04 8044.75
13464.68 8047.29
13439.78 8049.88
13415.47 8052.83
13391.23 8056.14
13366.47 8059.52
13341.83 8062.88
13317.62 8066.60
13293.99 8071.10
13269.97 8075.67
13245.65 8080.31
13221.01 8085.00
13196.86 8090.02
13173.16 8095.97
13149.83 8101.83
13126.37 8107.72
13102.18 8113.93
13079.05 8120.32
13054.87 8126.99
13030.49 8133.72
13006.49 8140.35
12983.35 8148.14
12959.65 8156.30
12936.90 8164.14
12913.02 8172.36
12890.13 8180.24
12866.33 8188.44
12842.76 8197.21
12819.83 8206.15
12796.51 8215.25
12773.41 8224.26
12750.49 8233.19
12727.87 8242.02
12704.78 8251.24
12682.39 8260.66
12659.57 8270.26
12636.59 8280.04
12614.43 8290.29
12591.85 8300.73
12569.17 8311.22
12546.55 8321.68
12524.65 8331.81
12502.66 8341.98
12480.58 8352.38
12457.95 8363.63
12436.42 8374.32
12413.83 8385.55
12392.29 8396.24
12370.80 8406.92
12348.95 8417.77
12327.04 8428.66
12305.59 8439.77
12284.79 8451.83
12263.54 8464.16
12241.91 8476.71
12220.47 8489.14
12199.26 8501.44
12178.03 8513.76
12157.71 8525.54
12137.38 8537.97
12117.62 8550.15
12098.16 8562.14
12077.76 8574.71
12058.16 8586.78
12039.07 8599.35
12020.25 8612.11
12001.52 8624.80
11982.62 8637.61
11963.82 8650.35
11944.99 8663.11
11926.09 8675.92
11907.67 8688.40
11889.13 8701.05
11871.40 8714.31
11853.38 8727.78
11835.22 8741.35
11817.61 8754.51
11799.75 8767.87
11781.55 8781.44
11762.72 8795.43
11744.94 8812.78
11727.87 8825.73
11710.26 8839.09
11692.87 8852.28
11676.02 8865.07
11657.90 8879.21
11640.36 8893.11
11624.38 8906.81
11606.82 8921.85
11590.46 8936.00
11574.40 8950.06
11557.15 8964.03
11539.81 8977.33
11522.24 8990.81
11504.71 9004.25
11487.82 9017.20
11470.51 9030.49
11453.13 9043.83
11420.79 9068.66
11404.49 9081.18
11387.61 9094.33
11372.05 9106.49
11355.61 9119.32
11339.38 9131.97
11323.10 9144.30
11306.81 9156.65
11289.73 9169.60
11273.66 9181.77
11255.87 9195.59
11239.17 9208.74
11222.50 9221.51
11204.43 9235.25
11185.73 9249.54
11168.28 9262.81
11150.61 9276.25
11133.81 9293.11
11116.21 9306.50
11098.65 9319.81
11083.77 9331.08
11071.63 9340.27
11058.37 9350.25
11046.53 9359.03
11034.94 9367.65
11023.62 9376.05
11011.67 9384.92
10999.53 9393.94
10987.93 9402.55
10976.58 9410.98
10965.23 9419.41
10952.63 9428.77
10941.50 9437.04
10929.15 9446.21
10917.51 9454.85
10905.74 9463.59
10893.18 9472.91
10881.56 9481.55
10870.32 9489.89
10859.04 9498.27
10846.98 9507.22
10835.32 9515.89
10823.96 9524.50
10811.81 9533.82
10800.46 9542.69
10789.34 9552.55
10780.44 9563.72
10772.68 9575.52
10766.66 9589.56
10763.60 9603.26
10761.05 9617.64
10758.88 9632.72
10756.93 9646.31
10754.72 9661.75
10752.63 9676.10
10747.59 9689.47
10741.37 9701.75
10732.46 9713.40
10722.18 9723.49
10711.22 9733.16
10699.68 9743.36
10688.78 9752.98
10677.82 9767.01
10666.80 9776.74
10655.76 9786.50
10645.90 9795.21
10634.54 9805.24
10624.03 9814.52
10614.34 9823.08
10604.10 9833.01
10598.56 9840.02
10593.41 9846.54
10590.86 9853.85
10589.59 9861.69
10592.13 9879.93
10599.97 9891.11
10607.93 9902.47
10615.40 9913.13
10623.36 9924.48
10631.40 9935.96
10639.41 9947.66
10646.81 9958.77
10654.28 9969.98
10661.67 9981.08
10669.50 9992.84
10677.34 10004.61
10685.22 10016.44
10692.58 10027.48
10700.36 10039.17
10708.24 10051.00
10715.52 10061.92
10723.54 10073.35
10731.72 10084.77
10740.01 10096.34
10748.24 10107.83
10756.51 10119.36
10764.71 10130.82
10772.34 10141.46
10780.16 10152.38
10788.10 10163.46
10796.05 10174.56
10803.63 10185.15
10811.43 10196.03
10819.58 10207.41
10827.70 10218.74
10835.97 10230.28
10843.56 10240.88
10851.34 10251.75
10859.07 10262.53
10866.98 10273.58
10874.55 10284.14
10882.34 10295.01
10890.20 10305.98
10898.47 10317.53
10906.09 10328.16
10914.07 10339.31
10921.37 10349.49
10926.66 10356.88
10929.42 10360.74
10932.84 10378.75
10930.57 10381.86
10927.83 10385.63
10924.79 10389.82
10922.95 10392.39
10914.87 10403.17
10911.43 10413.57
10903.90 10423.72
10895.88 10434.54
10887.73 10445.54
10879.16 10457.10
10871.23 10467.80
10863.03 10478.87
10855.14 10489.51
10847.20 10500.13
10838.87 10510.93
10830.48 10521.81
10822.39 10532.31
10813.99 10542.88
10805.01 10553.50
10795.86 10564.31
10786.62 10575.25
10777.19 10585.27
10767.60 10595.20
10757.93 10605.21
10748.21 10615.27
10736.78 10622.37
10729.45 10629.91
10725.19 10634.27
10723.21 10636.29
10722.94 10636.57
10722.91 10636.61
10722.90 10636.62
10722.90 10636.62
10722.90 10636.62
10722.90 10636.62
10722.90 10636.62
10722.90 10636.62
10722.90 10636.62
10722.90 10636.62
10722.90 10636.62
10722.90 10636.62
10722.90 10636.62
10722.90 10636.62
10722.90 10636.62
10722.90 10636.62
10722.90 10636.62
10714.56 10644.71
10712.14 10646.94
10708.44 10650.36
10703.28 10655.13
10696.47 10661.42
10688.70 10668.60
10679.73 10676.88
10669.86 10686.00
10662.07 10697.70
10651.57 10706.98
10640.18 10715.79
10629.55 10724.02
10618.30 10732.73
10607.29 10741.25
10595.75 10750.18
10584.89 10758.58
10574.08 10766.95
10562.59 10775.84
10551.65 10784.31
10540.99 10792.55
10530.28 10800.85
10519.52 10809.18
10508.33 10817.83
10497.17 10826.47
10485.88 10835.21
10474.78 10843.80
10463.73 10852.35
10452.88 10860.80
10442.24 10869.64
10431.08 10878.90
10420.14 10887.98
10409.18 10897.08
10398.14 10906.24
10387.36 10915.18
10376.75 10924.00
10366.00 10932.91
10354.98 10942.07
10343.98 10951.19
10332.85 10960.43
10322.53 10969.00
10311.80 10977.90
10300.60 10987.20
10289.46 10996.45
10278.99 11005.13
10268.58 11013.78
10257.50 11023.15
10247.05 11031.91
10237.01 11040.87
10226.65 11050.54
10216.72 11059.81
10206.53 11069.32
10195.80 11078.27
10185.21 11087.00
10173.95 11096.29
10162.78 11105.51
10151.50 11114.82
10140.39 11123.98
10129.71 11132.79
10118.87 11141.74
10108.29 11150.46
10097.34 11159.50
10086.53 11168.41
10075.34 11177.64
10064.18 11186.85
10053.14 11195.96
10041.86 11205.27
10030.65 11214.52
10019.98 11223.32
10008.70 11232.62
9997.58 11241.80
9986.50 11250.93
9975.62 11259.91
9964.70 11268.92
9953.66 11278.03
9942.73 11287.04
9931.77 11296.08
9920.71 11305.21
9909.53 11314.43
9899.17 11322.98
9887.83 11332.07
9876.66 11340.92
9866.10 11349.29
9854.76 11358.28
9843.89 11366.89
9832.99 11375.53
9821.69 11384.49
9810.92 11393.02
9800.42 11401.34
9789.94 11409.65
9778.56 11418.67
9767.14 11427.72
9756.47 11436.59
9746.18 11445.39
9735.32 11454.67
9724.87 11463.62
9714.10 11472.83
9703.75 11481.67
9693.40 11490.53
9682.44 11499.90
9672.12 11508.73
9661.84 11517.53
9651.48 11526.38
9640.47 11535.80
9629.97 11544.79
9618.92 11554.23
9608.03 11563.55
9600.18 11570.26
9595.71 11574.08
9594.49 11575.13
9594.11 11575.45
9593.98 11575.57
9593.91 11575.62
9593.89 11575.64
9593.88 11575.65
9593.88 11575.65
9593.87 11575.66
9593.87 11575.66
9593.87 11575.66
9593.87 11575.66
9593.87 11575.66
9593.87 11575.66
9593.87 11575.66
9580.31 11587.63
9577.35 11590.37
9572.83 11594.55
9567.10 11599.86
9560.33 11606.12
9552.32 11613.52
9543.34 11621.83
9533.34 11631.08
9523.78 11640.28
9514.08 11650.24
9504.10 11660.50
9494.29 11670.58
9484.64 11680.48
9475.68 11690.61
9466.11 11701.55
9457.08 11712.56
9448.32 11723.83
9439.82 11734.78
9432.12 11746.46
9424.63 11757.80
9416.94 11769.61
9410.25 11781.12
9403.24 11793.20
9396.42 11804.93
9389.49 11817.32
9383.47 11829.93
9377.30 11842.83
9371.46 11855.05
9365.66 11867.19
9359.40 11880.29
9354.38 11893.89
9350.09 11906.79
9345.80 11919.66
9341.50 11932.56
9337.00 11946.08
9333.24 11958.99
9330.18 11972.03
9327.03 11985.40
9323.78 11999.23
9320.53 12013.02
9317.98 12026.53
9316.15 12039.89
9314.21 12054.04
9312.29 12068.13
9310.41 12082.05
9309.05 12095.65
9307.71 12109.15
9306.32 12123.06
9304.91 12137.27
9303.97 12147.27
9303.07 12156.89
9302.16 12166.49
9301.34 12175.26
9300.53 12183.91
9299.72 12192.54
9298.89 12201.39
9298.04 12210.45
9297.20 12219.31
9295.14 12238.67
9294.09 12248.03
9293.01 12257.64
9291.86 12267.87
9290.83 12277.02
9289.79 12286.25
9288.74 12295.60
9287.60 12305.79
9286.56 12315.02
9285.49 12324.57
9284.33 12334.84
9283.18 12345.06
9282.06 12355.01
9281.01 12364.37
9279.99 12373.45
9278.88 12383.30
9277.74 12393.47
9276.67 12402.99
9275.63 12412.23
9274.47 12422.52
9273.35 12432.57
9272.25 12442.31
9271.17 12452.57
9270.22 12462.50
9269.29 12472.17
9268.33 12482.13
9267.35 12492.42
9266.44 12501.86
9265.51 12511.59
9264.57 12521.36
9263.58 12531.64
9262.70 12540.85
9261.35 12553.78
9260.29 12562.62
9259.22 12571.43
9258.07 12581.02
9256.93 12590.50
9255.88 12599.20
9254.82 12607.95
9253.78 12616.58
9252.47 12625.60
9251.35 12634.48
9250.35 12643.13
9249.32 12652.04
9248.33 12660.69
9247.30 12669.58
9246.25 12678.74
9245.20 12687.75
9241.84 12714.22
9240.69 12721.43
9239.50 12728.84
9238.39 12735.75
9235.39 12754.94
9233.56 12764.58
9231.83 12773.68
9229.96 12783.56
9228.21 12792.83
9226.47 12801.98
9224.65 12811.59
9222.90 12820.82
9221.19 12829.88
9219.43 12839.16
9217.50 12848.65
9215.56 12857.71
9213.40 12867.81
9211.26 12877.81
9209.33 12886.86
9207.33 12896.17
9205.29 12905.72
9203.30 12915.05
9200.84 12924.89
9198.18 12934.96
9195.57 12944.88
9192.99 12954.63
9190.37 12964.60
9188.00 12973.56
9185.42 12983.37
9182.86 12993.07
9180.25 13002.95
9177.84 13012.11
9175.39 13021.38
9172.74 13031.42
9170.36 13040.47
9167.89 13049.83
9165.36 13059.61
9162.92 13069.38
9160.64 13078.51
9158.14 13088.48
9155.84 13097.66
9153.53 13106.93
9151.27 13115.96
9148.85 13125.62
9146.51 13134.97
9144.13 13144.48
9141.69 13154.25
9139.22 13164.15
9136.84 13173.63
9134.36 13183.56
9131.90 13193.40
9129.40 13203.40
9126.97 13212.64
9124.57 13221.52
9121.87 13231.50
9119.39 13240.69
9116.94 13249.73
9114.53 13258.66
9111.94 13268.25
9109.50 13277.26
9107.05 13286.32
9104.42 13296.04
9101.74 13305.98
9099.33 13314.89
9096.88 13323.97
9094.39 13333.15
9091.85 13342.56
9089.20 13352.36
9086.79 13361.30
9084.37 13370.23
9081.70 13380.13
9079.06 13389.88
9076.63 13398.87
9073.94 13408.82
9071.41 13418.18
9068.71 13428.19
9066.30 13437.08
9063.79 13446.64
9061.30 13456.23
9058.89 13465.51
9056.28 13475.56
9053.82 13485.17
9051.23 13495.26
9048.73 13505.00
9046.18 13514.97
9043.85 13524.04
9041.46 13533.36
9038.87 13543.44
9036.29 13553.51
9033.90 13562.84
9031.59 13571.86
9029.18 13581.24
9026.70 13590.90
9024.36 13600.02
9021.97 13609.36
9019.66 13618.35
9017.07 13628.45
9014.58 13638.18
9012.22 13647.36
9009.68 13657.25
9007.32 13666.47
9004.78 13676.37
9002.45 13685.52
9000.08 13695.05
8997.76 13704.39
8995.52 13713.38
8993.04 13722.82
8990.49 13732.61
8988.32 13741.79
8986.17 13750.86
8997.39 13756.80
9007.07 13758.51
9016.22 13759.99
9025.05 13761.38
9034.25 13762.82
9043.96 13764.34
9053.79 13765.89
9062.70 13767.28
9071.80 13768.71
9081.34 13770.21
9091.13 13771.75
9101.03 13773.24
9109.98 13774.41
9118.76 13775.56
9128.50 13776.80
9137.42 13777.91
9146.42 13779.03
9156.38 13780.27
9166.00 13781.47
9175.52 13782.66
9185.40 13783.89
9194.04 13784.96
9198.42 13785.51
9203.59 13797.57
9205.39 13805.35
9207.35 13813.86
9209.44 13822.95
9211.42 13831.54
9213.60 13840.99
9215.59 13849.65
9217.70 13858.80
9219.78 13867.83
9221.96 13877.29
9223.91 13885.74
9225.95 13894.61
9228.01 13903.54
9232.03 13921.06
9234.05 13929.90
9235.95 13938.21
9238.06 13947.40
9240.01 13955.91
9242.06 13964.85
9244.07 13973.62
9246.13 13982.64
9248.13 13991.37
9250.14 14000.14
9252.27 14009.44
9254.27 14018.13
9256.22 14026.69
9258.27 14035.63
9260.35 14044.67
9262.29 14053.17
9264.18 14061.43
9266.08 14069.70
9268.16 14078.78
9270.29 14088.09
9271.74 14096.68
9272.27 14102.42
9280.78 14107.36
9289.36 14106.74
9298.24 14106.09
9307.22 14105.43
9316.34 14104.77
9324.84 14104.15
9334.34 14103.45
9342.85 14102.83
9351.93 14102.17
9360.54 14101.54
9369.23 14100.91
9378.13 14100.26
9386.73 14099.63
9395.57 14098.99
9412.09 14097.87
9421.42 14097.12
9430.47 14096.40
9439.72 14095.67
9448.71 14094.95
9457.91 14094.22
9466.74 14093.52
9475.63 14092.81
9484.89 14092.08
9493.68 14091.25
9503.06 14090.07
9511.59 14089.00
9520.52 14087.88
9529.23 14087.25
9537.86 14086.63
9553.72 14085.49
9562.67 14084.84
9571.95 14084.17
9581.03 14083.51
