17283.34 18587.86
17284.06 18585.54
17285.24 18581.80
17286.91 18576.48
17288.98 18569.86
17291.59 18561.53
17294.93 18550.87
17298.99 18537.92
17302.95 18525.31
17307.07 18512.14
17311.06 18499.42
17315.00 18486.85
17318.96 18474.21
17323.10 18460.99
17327.05 18448.38
17331.01 18435.73
17334.91 18423.28
17338.88 18410.62
17343.01 18397.44
17346.93 18384.90
17350.94 18372.09
17355.02 18359.08
17361.13 18345.72
17364.73 18334.82
17368.36 18323.84
17372.09 18312.53
17378.74 18291.13
17382.46 18278.85
17385.99 18267.20
17389.82 18254.94
17393.65 18242.74
17397.25 18231.28
17404.78 18207.43
17407.42 18199.36
17409.95 18191.07
17412.34 18183.09
17427.71 18163.35
17434.68 18159.56
17439.62 18157.46
17442.01 18156.56
17458.52 18155.36
17463.60 18156.14
17469.54 18157.98
17476.12 18161.59
17483.05 18166.68
17488.49 18172.25
17491.81 18176.35
17510.18 18201.61
17515.64 18209.23
17521.88 18217.95
17528.64 18227.39
17542.86 18245.12
17553.61 18252.80
17562.29 18263.67
17570.54 18273.97
17579.21 18284.82
17587.78 18295.52
17596.29 18306.17
17604.44 18316.36
17612.72 18326.75
17621.80 18338.25
17632.03 18351.23
17643.11 18365.28
17655.69 18381.22
17669.77 18399.08
17684.17 18417.34
17698.04 18434.93
17711.94 18452.55
17725.71 18470.14
17739.94 18488.55
17754.28 18506.36
17768.78 18524.42
17782.13 18542.12
17795.49 18559.83
17808.95 18577.67
17822.81 18595.20
17837.42 18612.21
17851.85 18629.00
17867.01 18646.64
17881.42 18664.58
17895.98 18682.77
17910.12 18700.44
17924.45 18717.82
17940.17 18734.90
17955.84 18751.93
17971.59 18768.69
17987.73 18785.50
18004.41 18800.89
18021.46 18816.03
18038.63 18830.79
18056.37 18845.64
18074.04 18859.74
18091.49 18873.13
18110.23 18886.64
18127.70 18899.24
18154.37 18913.37
18169.03 18919.61
18183.91 18925.27
18198.55 18930.78
18213.62 18936.01
18228.68 18940.41
18244.61 18941.68
18260.38 18940.68
18274.82 18936.22
18288.43 18928.92
18301.86 18920.23
18313.50 18909.07
18324.31 18898.28
18332.94 18885.17
18341.26 18872.53
18354.88 18858.81
18366.39 18843.49
18378.82 18826.48
18392.41 18807.88
18407.27 18787.54
18424.42 18766.87
18443.62 18745.87
18463.48 18722.16
18483.45 18700.97
18503.20 18680.01
18522.81 18659.19
18542.00 18638.83
18561.50 18618.13
18580.71 18597.75
18600.62 18576.62
18620.27 18555.98
18640.41 18535.07
18660.17 18514.56
18679.66 18494.33
18699.70 18473.53
18719.36 18453.11
18739.53 18432.19
18759.27 18411.69
18778.63 18391.60
18797.85 18371.35
18817.41 18350.55
18835.58 18329.28
18854.30 18307.37
18872.92 18285.20
18889.42 18262.58
18906.52 18239.14
18923.50 18215.57
18938.76 18192.13
18953.55 18167.82
18968.69 18142.93
18982.52 18117.41
18995.60 18091.58
19008.65 18065.71
19020.77 18039.40
19032.89 18013.09
19043.61 17986.99
19053.70 17959.79
19062.90 17933.39
19070.75 17905.48
19078.45 17877.69
19085.60 17850.47
19091.81 17823.07
19098.09 17795.34
19104.38 17767.62
19110.71 17739.67
19115.65 17708.96
19121.57 17681.02
19127.51 17652.96
19133.30 17625.65
19139.19 17597.85
19145.08 17570.01
19150.41 17544.87
19154.90 17523.68
19161.19 17484.48
19162.83 17471.80
19160.96 17459.16
19156.46 17447.16
19150.68 17435.42
19143.53 17425.40
19131.45 17414.51
19119.98 17403.32
19110.42 17391.32
19100.70 17370.64
19097.71 17354.01
19099.05 17336.99
19101.44 17320.10
19103.81 17303.33
19106.17 17286.57
19108.43 17270.57
19110.80 17253.86
19113.17 17237.04
19115.43 17221.08
19117.81 17204.19
19120.09 17188.06
19122.46 17171.30
19124.77 17154.93
19124.26 17131.52
19125.87 17120.11
19127.53 17108.33
19130.32 17089.49
19131.55 17084.07
19132.63 17080.15
19133.30 17077.70
19152.92 17064.95
19159.52 17067.11
19167.41 17069.68
19176.75 17072.74
19187.36 17076.20
19200.07 17080.36
19212.70 17084.49
19224.65 17088.31
19237.28 17092.14
19250.14 17096.04
19262.88 17099.91
19275.08 17103.60
19287.15 17107.26
19299.21 17110.80
19312.00 17114.37
19326.92 17115.29
19337.06 17118.20
19347.67 17121.24
19358.38 17124.31
19368.21 17127.13
19405.58 17138.03
19414.35 17140.59
19422.79 17143.05
19430.82 17145.40
19439.25 17147.80
19465.37 17158.53
19475.81 17161.70
19486.66 17165.06
19496.91 17168.24
19507.59 17171.55
19517.32 17174.57
19524.10 17176.64
19527.44 17177.64
19528.00 17177.80
19528.20 17177.86
19528.21 17177.87
19528.21 17177.87
19528.21 17177.87
19528.21 17177.87
19528.21 17177.87
19528.21 17177.87
19528.21 17177.87
19528.21 17177.87
19528.21 17177.87
19528.21 17177.87
19528.21 17177.87
19528.21 17177.87
19528.21 17177.87
19528.21 17177.87
19528.21 17177.87
19528.21 17177.87
19528.99 17178.10
19530.98 17178.69
19534.53 17179.73
19548.73 17183.96
19555.82 17186.07
19564.97 17188.80
19575.34 17191.90
19584.95 17194.77
19595.03 17197.78
19604.05 17200.47
19614.35 17203.54
19623.08 17206.00
19633.11 17208.40
19646.64 17211.95
19655.71 17214.59
19664.84 17217.43
19671.85 17219.64
19675.52 17220.79
19680.14 17222.25
19682.28 17222.92
19682.84 17223.10
19683.06 17223.17
19683.08 17223.17
19683.09 17223.18
19683.09 17223.18
19683.10 17223.18
19683.10 17223.18
19683.10 17223.18
19683.43 17234.26
19683.09 17237.12
19682.52 17241.89
19681.74 17248.55
19680.91 17255.56
19680.08 17262.49
19679.27 17269.37
19678.38 17276.87
19677.46 17284.64
19676.64 17291.59
19675.74 17299.17
19674.90 17306.28
19674.03 17313.63
19673.17 17320.90
19672.36 17327.68
19671.56 17334.46
19670.72 17341.52
19669.92 17348.29
19669.07 17355.49
19668.14 17363.30
19667.34 17370.11
19657.97 17379.60
19651.32 17378.99
19644.34 17378.35
19637.50 17377.72
19630.72 17377.09
19623.05 17376.17
19616.53 17374.64
19609.57 17373.02
19602.54 17371.37
19598.76 17370.48
19591.64 17357.88
19590.51 17349.51
19589.15 17339.28
19587.49 17326.94
19585.72 17314.39
19583.75 17301.45
19581.70 17289.10
19570.56 17294.36
19558.69 17299.81
19546.79 17305.58
19534.91 17310.88
19525.59 17320.03
19518.51 17331.67
19512.01 17343.33
19505.37 17354.34
19498.35 17365.97
