15038.07 13134.97
15039.03 13133.17
15040.57 13130.26
15043.05 13125.60
15046.52 13119.06
15053.90 13112.38
15059.78 13102.57
15065.85 13092.46
15072.76 13081.81
15079.62 13071.98
15086.50 13062.12
15094.06 13052.48
15101.85 13042.55
15109.28 13033.14
15117.14 13023.27
15125.70 13014.10
15133.90 13005.44
15142.58 12996.74
15151.51 12988.24
15159.97 12980.19
15168.66 12971.93
15175.93 12964.75
15180.02 12960.34
15181.74 12958.48
15181.86 12958.35
15181.87 12958.34
15181.87 12958.34
15181.87 12958.34
15181.87 12958.34
15181.87 12958.34
15181.87 12958.34
15181.87 12958.34
15181.87 12958.34
15181.87 12958.34
15181.87 12958.34
15181.87 12958.34
15181.87 12958.34
15181.87 12958.34
15190.95 12969.88
15188.95 12971.43
15185.64 12974.00
15181.12 12977.59
15176.03 12982.17
15169.69 12987.88
15162.28 12994.55
15155.16 13000.95
15141.80 13013.87
15132.64 13022.88
15123.46 13032.32
15115.31 13041.42
15107.47 13050.85
15099.15 13061.14
15091.08 13071.70
15083.72 13081.98
15076.78 13092.71
15070.18 13103.54
15063.28 13114.89
15057.12 13125.96
15051.81 13136.96
15046.09 13148.81
15040.52 13160.37
15038.87 13168.76
15037.77 13171.66
15037.62 13172.07
15037.60 13172.12
15033.58 13182.03
15031.98 13185.46
15029.25 13190.65
15025.86 13198.04
15021.59 13206.46
15016.74 13216.03
15010.97 13227.41
15005.37 13238.44
14999.65 13249.73
14994.24 13260.45
14989.39 13271.47
14984.60 13282.35
14979.67 13293.19
14973.82 13304.02
14965.24 13322.09
14961.69 13330.45
14954.96 13347.66
14951.96 13355.60
14949.48 13363.68
14943.90 13381.50
14940.88 13390.93
14937.94 13400.09
14935.40 13409.29
14931.35 13425.49
14929.54 13435.34
14927.62 13453.46
14926.76 13465.95
14925.92 13478.09
14925.09 13490.14
14924.25 13502.20
14923.58 13515.13
14923.05 13527.74
14922.52 13540.48
14922.03 13552.45
14921.50 13565.08
14921.05 13577.59
14920.47 13595.48
14920.00 13607.30
14920.04 13618.87
14920.23 13631.26
14919.03 13646.40
14919.54 13658.00
14920.73 13669.99
14922.15 13682.46
14924.36 13699.27
14925.63 13708.85
14926.84 13718.01
14928.08 13727.36
14931.34 13744.87
14933.28 13754.38
14935.19 13763.77
14937.45 13773.68
14939.90 13782.73
14945.67 13791.41
14948.77 13800.83
14951.75 13809.69
14954.94 13819.20
14958.32 13827.94
14961.65 13837.06
14964.37 13846.50
14966.29 13853.12
14967.41 13857.00
14968.07 13859.29
14968.85 13862.58
14979.39 13923.54
14976.76 13928.35
14977.65 13934.41
14978.73 13941.78
14980.03 13950.60
14981.38 13959.80
14982.49 13969.56
14983.22 13979.44
14983.91 13988.79
14984.60 13998.06
14985.14 14019.14
14986.55 14030.70
14987.86 14041.59
14989.14 14052.87
14990.36 14063.64
14992.04 14074.79
14994.94 14093.49
14998.10 14106.43
15001.78 14119.17
15006.86 14134.49
15012.49 14145.04
15018.86 14154.80
15027.69 14163.78
15036.34 14172.57
15042.01 14178.34
15044.04 14184.03
15041.56 14194.06
15039.00 14196.88
15037.59 14198.15
15027.67 14195.18
15025.22 14192.80
15017.76 14184.91
15011.67 14176.04
15004.59 14165.72
14998.06 14155.53
14992.05 14145.26
14986.11 14134.12
14978.79 14124.09
14974.51 14112.74
14970.43 14101.20
14967.11 14089.50
14963.23 14067.14
14961.67 14055.07
14960.13 14042.87
14958.55 14030.36
14956.93 14017.59
14955.30 14004.67
14953.66 13991.75
14952.14 13979.67
14950.09 13967.53
14947.45 13955.13
14943.27 13942.72
14937.45 13931.68
14931.24 13921.01
14923.33 13911.14
14914.24 13903.02
14903.32 13895.51
14891.69 13890.68
14879.98 13887.53
14867.95 13885.72
14854.63 13884.24
14842.15 13883.11
14829.62 13882.07
14816.64 13881.04
14804.59 13880.13
14792.08 13879.40
14780.27 13878.95
14767.37 13878.46
14755.82 13878.01
14744.64 13877.58
14733.93 13877.17
14723.37 13876.77
14712.29 13876.10
14701.18 13875.32
14690.54 13874.56
14678.66 13873.72
14667.15 13872.90
14655.73 13872.09
14645.31 13871.35
14633.36 13870.50
14623.31 13869.79
14611.04 13868.91
14600.26 13868.15
14590.52 13867.46
14578.71 13866.62
14568.40 13865.89
14557.10 13865.08
14546.50 13864.33
14536.00 13863.59
14524.38 13862.76
14517.18 13862.25
14512.46 13861.91
14505.95 13861.45
14497.90 13860.88
14487.74 13860.16
14476.74 13859.38
14464.61 13858.52
14451.87 13857.61
14440.57 13856.81
14429.24 13856.00
14418.40 13851.93
14405.98 13851.04
14394.04 13850.20
14381.50 13849.31
14370.87 13848.57
14357.75 13847.59
14346.31 13847.22
14327.31 13845.04
14317.19 13843.79
14308.38 13842.49
14297.83 13840.96
14288.18 13838.46
14277.34 13835.30
14266.96 13832.22
14258.60 13829.74
14248.68 13826.62
14238.51 13823.25
14222.63 13817.51
14215.53 13814.66
14201.49 13809.59
14197.38 13808.42
14176.12 13806.50
14164.95 13805.10
14154.50 13803.96
14143.99 13802.82
14133.62 13801.67
14122.70 13800.45
14111.57 13798.07
14101.27 13794.95
14090.37 13791.93
14079.60 13788.84
14068.70 13785.26
14058.63 13782.28
14048.68 13777.69
14038.72 13773.63
14004.06 13760.95
13994.02 13758.60
13983.59 13756.16
13973.15 13753.71
13962.94 13751.83
13946.99 13750.26
13939.42 13749.02
13931.74 13747.88
13924.05 13746.65
13917.00 13745.51
13912.05 13744.42
13908.23 13743.56
13904.43 13742.70
13899.50 13741.66
13869.87 13734.38
13866.67 13733.83
13864.14 13733.40
13860.73 13732.82
13856.92 13732.17
13853.33 13731.56
13850.99 13731.22
13849.17 13731.03
13847.36 13730.84
13845.47 13730.64
13844.57 13730.55
13843.72 13730.46
13841.99 13730.28
13841.23 13730.20
13839.89 13730.06
13839.27 13729.99
13837.54 13729.81
13833.97 13729.57
13831.36 13729.56
13828.72 13729.55
13824.12 13729.52
13819.17 13729.50
13811.55 13731.45
13803.72 13732.22
13796.65 13732.91
13788.08 13733.86
13778.75 13735.23
13768.54 13737.37
13746.91 13746.59
13737.40 13749.23
13727.80 13752.07
13718.55 13754.81
13708.94 13757.66
13700.93 13763.84
13698.15 13767.27
13696.33 13769.51
13695.83 13770.13
13689.86 13779.87
13688.64 13783.82
13686.93 13789.40
13684.81 13796.33
13682.26 13804.63
13679.44 13813.79
13676.73 13822.63
13673.87 13831.94
13664.18 13902.97
13664.49 13910.97
13664.78 13918.56
13665.08 13926.32
13665.37 13934.09
13665.67 13941.72
13665.98 13949.81
13666.75 13957.86
13667.84 13965.91
13668.69 13972.23
13669.23 13976.20
13669.50 13977.84
13669.57 13978.17
13669.58 13978.21
13669.58 13978.21
13669.58 13978.21
13669.58 13978.21
13669.58 13978.21
13673.16 13993.18
13673.54 13994.67
13674.13 13997.01
13674.07 14003.04
13677.08 14012.88
13680.25 14024.76
13683.57 14036.92
13687.30 14048.90
13690.92 14060.52
13694.62 14072.41
13697.01 14080.07
13697.62 14093.65
13703.53 14109.34
13705.46 14117.87
13707.87 14128.51
13710.31 14139.30
13714.21 14169.47
13714.20 14169.57
13714.20 14169.63
13714.20 14169.64
13714.20 14169.64
13714.20 14169.64
13714.20 14169.64
13714.20 14169.64
13714.20 14169.64
13714.19 14169.66
13714.19 14169.70
13713.37 14184.01
13713.02 14190.10
13712.60 14197.43
13711.87 14206.54
13710.82 14217.78
13709.81 14228.57
13708.80 14239.27
13707.36 14256.24
13706.60 14267.88
13705.86 14279.21
13705.09 14291.01
13705.38 14309.10
13704.35 14321.81
13703.28 14334.93
13702.15 14347.49
13700.97 14360.56
13699.87 14372.80
13697.53 14385.78
13694.77 14398.15
13692.06 14410.26
13689.47 14422.16
13687.03 14434.17
13684.59 14446.17
13681.95 14459.19
13681.07 14472.36
13680.61 14485.26
13680.15 14498.27
13679.69 14511.12
13679.23 14524.20
13678.79 14536.64
13678.36 14548.81
13678.83 14561.39
13679.37 14574.75
13679.86 14587.14
13678.89 14603.57
13679.55 14616.66
13680.21 14629.94
13680.86 14642.95
13681.56 14655.22
13683.47 14668.49
13685.34 14681.42
13687.18 14694.23
13690.16 14706.12
13693.92 14718.10
13697.78 14730.26
13701.82 14742.64
13708.17 14755.57
13713.04 14765.88
13717.73 14775.83
13722.32 14785.57
13726.22 14796.01
13720.47 14818.54
13719.56 14819.45
13718.91 14820.10
13701.50 14831.33
13691.84 14834.25
13680.67 14837.63
13670.05 14840.85
13658.58 14844.32
13647.68 14847.62
13639.89 14849.98
13635.54 14851.33
13634.79 14851.57
13634.44 14851.68
13634.33 14851.71
13634.29 14851.72
13634.27 14851.73
13634.27 14851.73
13634.27 14851.73
13634.27 14851.73
13634.27 14851.73
13634.27 14851.73
13634.27 14851.73
13634.27 14851.73
13634.27 14851.73
13634.27 14851.73
13634.27 14851.73
13634.27 14851.73
13634.27 14851.73
13634.27 14851.73
13634.27 14851.73
13634.27 14851.73
13620.96 14854.99
13618.18 14855.52
13613.90 14856.34
13608.46 14857.39
13601.28 14858.77
13592.35 14860.48
13581.28 14862.61
13570.79 14864.43
13559.73 14866.09
13548.87 14867.73
13537.78 14869.40
13527.17 14871.00
13500.39 14874.95
13488.31 14876.73
13475.59 14878.59
13463.87 14880.31
13451.80 14882.08
13439.70 14883.86
13427.64 14885.63
13415.96 14887.34
13403.72 14889.14
13392.11 14890.84
13380.35 14892.57
13367.66 14894.43
13355.77 14896.29
13343.07 14898.50
13330.95 14901.30
13319.33 14904.82
13305.98 14909.83
13299.54 14912.36
13293.11 14915.12
13286.87 14918.19
13280.70 14921.80
13257.13 14943.01
13255.15 14950.75
13251.60 14955.79
13247.35 14961.82
13243.26 14968.10
13239.04 14975.42
13235.02 14982.40
13225.74 14997.97
13221.26 15004.76
13213.05 15016.49
13207.61 15023.50
13207.57 15023.57
13207.56 15023.58
13207.55 15023.59
13199.81 15033.40
13198.81 15034.55
13197.32 15036.23
13195.56 15038.24
13177.65 15056.27
13170.96 15066.91
13164.26 15077.56
13157.44 15088.41
13147.69 15096.19
13135.06 15093.83
13123.32 15087.49
13112.44 15080.79
13101.00 15073.74
13075.91 15062.56
13066.38 15057.06
13056.81 15051.53
13046.23 15046.11
13036.43 15041.28
13026.66 15036.47
13016.06 15032.26
13005.18 15028.27
12994.44 15024.34
12982.75 15022.57
12970.27 15021.78
12958.30 15021.81
12946.58 15023.24
12935.41 15021.32
12926.10 15022.48
12920.18 15023.25
12917.33 15023.66
12916.65 15023.76
12916.58 15023.77
12916.55 15023.77
12916.54 15023.78
12916.54 15023.78
12916.54 15023.78
12916.54 15023.78
12916.54 15023.78
12916.54 15023.78
12916.54 15023.78
12916.54 15023.78
12916.54 15023.78
12916.54 15023.78
12916.54 15023.78
12916.54 15023.78
12916.54 15023.78
12903.49 15025.65
12901.32 15025.97
12897.60 15026.56
12892.94 15027.31
12887.45 15028.18
12880.35 15029.32
12871.97 15030.66
12864.16 15031.91
12825.47 15037.40
12813.20 15039.37
12800.93 15041.27
12788.83 15042.95
12777.26 15044.56
12765.32 15046.21
12754.25 15049.08
12742.53 15053.07
12730.93 15057.55
12719.16 15060.46
12707.53 15062.12
12696.29 15063.44
12685.93 15069.27
12674.64 15073.05
12663.87 15077.62
12653.32 15083.37
12643.06 15089.54
12632.83 15096.49
12623.38 15102.81
12613.86 15109.18
12604.02 15115.77
12594.35 15122.24
12584.92 15128.58
12574.53 15134.16
12547.24 15146.23
12540.68 15148.13
12534.12 15149.93
12527.13 15151.65
12521.57 15153.02
12518.37 15153.80
12517.10 15154.11
12517.08 15154.12
12517.07 15154.12
12517.07 15154.12
12517.07 15154.12
12517.07 15154.12
12478.81 15167.49
12477.53 15168.18
12475.59 15169.24
12473.01 15170.66
12469.85 15172.39
12455.83 15180.37
12446.39 15186.55
12437.05 15192.66
12427.08 15199.36
12417.69 15205.70
12408.00 15212.24
12391.97 15230.48
12388.03 15240.51
12385.62 15251.68
12383.39 15262.87
12381.24 15273.68
12379.03 15284.75
12376.85 15295.71
12374.55 15307.24
12372.42 15317.93
12373.27 15337.33
12374.01 15344.06
12374.77 15348.45
12375.19 15350.63
12375.22 15350.78
12375.23 15350.81
12375.23 15350.83
12375.23 15350.84
12375.23 15350.84
12375.23 15350.84
12375.23 15350.84
12375.23 15350.84
12375.47 15352.06
12379.24 15364.79
12382.61 15368.33
12386.83 15372.75
12392.16 15378.34
12398.52 15385.02
12406.24 15393.12
12413.93 15401.19
12422.54 15412.58
12431.03 15421.39
12439.02 15429.68
12447.25 15438.21
12455.68 15446.96
12466.37 15453.15
12474.58 15461.50
12482.57 15469.63
12490.88 15478.09
12506.63 15497.08
12513.72 15504.53
12521.20 15511.67
12528.49 15518.12
12536.34 15525.07
12556.21 15532.16
12567.96 15532.95
12580.27 15530.36
12590.71 15523.19
12597.94 15513.03
12601.67 15501.87
12602.48 15489.41
12598.28 15478.12
12590.14 15469.13
12580.81 15461.21
12569.06 15455.98
12556.45 15453.27
12544.05 15452.25
12531.99 15453.58
12520.42 15457.28
12509.19 15463.16
12498.45 15469.55
12489.39 15477.13
12479.92 15485.06
12472.36 15492.79
12465.68 15500.26
12458.74 15508.04
12434.73 15536.94
12427.77 15547.73
12421.05 15558.17
12414.12 15568.92
12407.25 15579.58
12400.48 15589.98
12393.53 15600.64
12387.12 15610.89
12380.86 15621.20
12374.40 15631.86
12367.71 15642.90
12361.02 15653.92
12355.31 15663.33
12347.71 15669.49
12342.21 15678.57
12336.12 15688.61
12330.04 15699.27
12325.02 15709.04
12319.81 15719.16
12314.43 15729.63
12308.74 15740.70
12306.17 15752.91
12297.56 15762.43
12288.60 15772.00
12282.14 15783.53
12276.00 15794.50
12269.75 15805.65
12263.62 15816.61
12257.70 15827.17
12251.82 15837.67
12245.41 15849.12
12239.08 15860.41
12232.88 15871.49
12226.87 15882.22
12221.94 15891.01
12216.36 15900.97
12210.71 15911.07
12204.89 15921.23
12199.14 15931.26
12193.53 15941.06
12187.66 15951.29
12181.91 15961.33
12176.05 15971.56
12169.61 15982.80
12163.35 15993.73
12157.53 16003.89
12151.80 16013.89
12145.30 16025.24
12139.77 16034.88
12133.98 16045.00
12127.94 16055.54
12122.96 16066.08
12117.58 16077.79
12113.17 16088.52
12108.67 16100.41
12108.82 16115.46
12105.21 16127.05
12101.68 16138.37
12097.97 16150.29
12094.60 16161.08
12087.85 16171.64
12084.87 16187.21
12080.67 16202.16
12075.95 16218.99
12070.71 16237.69
12064.88 16258.50
12058.59 16281.30
12051.87 16305.65
12044.83 16331.16
12037.65 16357.18
12030.76 16382.15
12023.68 16407.83
12016.67 16433.24
12008.80 16459.08
12000.87 16483.77
11992.05 16509.60
11982.90 16534.31
11973.55 16559.02
11963.75 16583.28
11953.74 16608.05
11943.03 16631.85
11931.13 16656.21
11918.71 16679.94
11905.79 16703.08
11892.63 16726.65
11879.42 16750.29
11866.67 16772.86
11852.65 16795.88
11838.99 16818.33
11824.91 16841.45
11808.12 16865.65
11793.90 16888.31
11779.57 16911.13
11765.80 16933.07
11751.88 16955.25
11737.86 16977.58
11723.49 17000.48
11709.52 17022.74
11695.41 17045.22
11681.27 17067.74
11666.90 17090.63
11655.50 17115.00
11641.95 17137.55
11628.96 17160.78
11615.80 17184.31
11602.81 17207.54
11590.03 17230.40
11577.31 17253.85
11565.04 17277.68
11553.10 17301.76
11542.15 17325.22
11531.12 17349.83
11520.89 17374.19
11510.75 17398.35
11500.32 17423.21
11485.83 17464.15
11477.88 17485.39
11469.99 17507.54
11462.47 17529.22
11454.87 17551.25
11448.18 17573.16
11441.56 17594.83
11434.93 17617.34
11429.41 17639.29
11416.39 17679.08
11408.73 17704.03
11401.11 17729.06
11393.37 17754.49
11385.71 17779.94
11378.30 17805.18
11370.98 17830.09
11362.48 17864.87
11355.07 17889.42
11347.61 17913.63
11340.23 17937.62
11332.55 17961.70
11324.81 17985.53
11317.10 18009.30
11309.70 18032.09
11300.50 18057.42
11291.19 18080.55
11282.04 18103.28
11273.00 18125.86
11264.28 18147.89
11255.62 18169.78
11243.89 18190.05
11234.63 18211.63
11224.63 18234.95
11214.32 18258.79
11203.67 18282.32
11192.89 18309.88
11181.55 18333.62
11169.83 18358.16
11158.09 18382.76
11145.70 18406.96
11132.77 18430.96
11120.15 18454.37
11107.47 18477.90
11095.11 18500.81
11081.95 18524.06
11068.87 18547.17
11055.64 18570.53
11042.52 18593.73
11029.48 18616.76
11016.19 18640.23
11002.95 18663.63
10989.26 18686.37
10975.79 18708.63
10961.74 18731.84
10948.15 18754.28
10934.31 18777.14
10920.25 18800.37
10906.78 18822.62
10892.82 18845.68
10879.10 18867.89
10865.05 18890.28
10851.08 18912.52
10836.97 18935.00
10823.15 18957.00
10809.28 18979.09
10795.27 19001.41
10781.37 19023.54
10766.96 19046.38
10752.62 19068.26
10738.27 19090.16
10723.65 19112.46
10708.83 19135.05
10694.25 19157.25
10679.95 19179.02
10665.69 19200.74
10651.43 19222.45
10636.96 19244.49
10622.16 19267.03
10607.59 19289.21
10592.73 19311.84
10578.32 19333.78
10563.56 19356.26
10548.57 19378.29
10533.58 19399.58
10518.01 19421.69
10502.81 19443.28
10487.17 19465.51
10472.06 19486.97
10456.50 19509.07
10441.31 19530.66
10425.88 19552.57
10410.73 19574.09
10395.35 19595.95
10379.67 19618.21
10364.09 19639.76
10348.59 19660.64
10332.75 19681.96
10316.83 19703.41
10300.84 19724.94
10284.89 19746.43
10269.16 19767.60
10253.03 19789.33
10237.26 19810.56
10218.15 19833.47
10202.64 19854.21
10187.15 19874.93
10171.32 19896.09
10160.85 19910.00
10152.07 19921.44
10116.04 19967.97
10099.96 19988.88
10084.15 20009.43
10067.98 20030.44
10051.85 20051.42
10036.07 20071.93
10019.89 20092.95
10004.13 20113.45
9988.26 20134.08
9972.01 20155.20
9955.77 20176.30
9940.13 20196.63
9923.90 20217.73
9908.20 20238.13
9892.35 20258.74
9876.54 20279.29
9860.58 20300.03
9844.60 20320.80
9828.48 20341.76
9812.21 20365.48
9795.38 20386.66
9779.24 20407.28
9763.50 20428.17
9747.87 20448.93
9732.08 20469.90
9715.93 20491.34
9699.66 20512.63
9683.05 20534.04
9666.97 20554.77
9650.94 20575.44
9634.52 20596.61
9618.44 20617.35
9601.97 20638.58
9586.06 20659.08
9569.51 20680.42
9553.48 20701.09
9537.26 20722.00
9521.38 20742.60
9505.05 20763.80
9488.61 20785.14
9472.27 20806.24
9456.33 20826.83
9440.16 20847.72
9423.56 20869.16
9407.62 20889.74
9391.60 20911.56
9374.74 20935.71
9359.07 20955.68
9343.06 20976.07
9327.45 20995.97
9310.12 21018.13
9295.16 21037.19
9279.95 21057.12
9264.83 21077.02
9249.84 21095.96
9234.74 21115.72
9220.06 21134.94
9205.29 21154.28
9190.03 21174.26
9175.31 21194.22
9160.77 21213.98
9131.58 21250.17
9115.18 21271.76
9098.80 21293.30
9082.58 21314.65
9066.22 21336.18
9050.00 21357.51
9033.68 21378.99
9017.60 21400.14
9001.51 21421.31
8985.68 21442.14
8969.88 21462.92
8953.96 21483.87
8937.94 21504.94
8922.07 21525.82
8906.22 21546.67
8890.17 21567.79
8874.44 21588.48
8858.51 21609.43
8842.29 21630.55
8826.39 21650.99
8810.42 21671.53
8793.85 21692.83
8777.69 21713.60
8745.00 21757.87
8729.77 21777.25
8714.20 21797.06
8698.73 21816.75
8683.40 21836.26
8667.62 21856.34
8651.84 21876.42
8636.40 21896.06
8620.91 21915.77
8605.72 21935.11
8590.17 21954.89
8574.86 21974.37
8559.33 21994.15
8543.61 22014.25
8527.74 22034.59
8512.08 22054.66
8496.21 22075.00
8480.63 22094.97
8465.10 22114.87
8448.52 22135.93
8430.61 22158.30
8411.15 22181.44
8390.81 22205.63
8368.88 22231.71
8346.00 22258.91
8322.24 22287.17
8297.22 22316.92
8271.07 22348.02
8243.75 22380.50
8215.31 22414.32
8185.74 22449.49
8154.97 22486.07
8123.21 22523.84
8089.68 22562.73
8054.11 22602.73
8017.32 22644.09
7980.72 22685.25
7944.59 22725.88
7908.03 22766.99
7871.66 22807.89
7835.59 22848.45
7798.23 22889.40
7760.81 22930.11
7723.44 22970.76
7686.19 23011.29
7648.80 23051.96
7611.72 23092.29
7574.28 23133.02
7536.37 23172.49
7497.84 23212.15
7459.28 23251.87
7421.22 23291.08
7383.01 23330.44
7344.69 23369.92
7306.85 23408.89
7268.78 23448.11
7230.67 23487.37
7192.83 23526.35
7154.67 23565.58
7116.54 23604.47
7077.86 23643.81
7040.54 23683.36
7002.90 23723.24
6965.83 23763.28
6929.25 23804.19
6892.76 23845.00
6856.14 23885.96
6819.19 23927.00
6782.52 23967.66
6745.43 24008.78
6708.27 24049.98
6673.46 24092.18
6639.09 24134.37
6605.55 24177.08
6571.97 24220.54
6538.10 24264.36
6506.65 24309.11
6474.98 24354.25
6443.27 24399.43
6414.42 24445.58
6385.14 24492.44
6356.03 24539.03
6327.40 24586.50
6299.08 24633.64
6270.89 24680.57
6244.24 24727.97
6218.34 24775.66
6193.06 24823.97
6168.25 24872.91
6144.23 24922.17
6121.36 24970.75
6101.64 25018.83
6083.66 25059.50
6067.99 25096.32
6054.30 25129.16
6042.42 25157.94
6032.63 25182.77
6024.29 25203.91
6017.22 25221.82
6008.57 25252.46
6004.22 25265.58
6000.28 25278.97
5996.61 25292.48
5992.96 25305.90
5989.14 25319.98
5985.33 25333.98
5982.05 25347.20
5978.74 25360.77
5975.29 25374.88
5972.02 25388.28
5970.63 25405.18
5968.26 25420.54
5965.98 25435.30
5963.59 25450.73
5961.34 25465.19
5958.76 25479.76
5956.16 25494.45
5953.59 25509.00
5950.94 25524.01
5948.36 25538.57
5945.70 25553.64
5943.11 25568.25
5938.02 25590.68
5936.21 25603.91
5934.31 25617.82
5933.01 25631.84
5935.39 25644.31
5943.90 25667.67
5950.33 25676.67
5957.01 25686.01
5963.32 25694.84
5969.47 25703.45
5975.55 25711.96
5981.52 25721.25
5987.24 25731.09
5992.82 25740.67
5997.14 25748.11
5999.56 25752.27
6012.44 25774.28
6013.77 25776.55
