18436.56 13194.08
18434.23 13193.45
18430.83 13191.81
18426.10 13189.29
18420.07 13185.60
18411.97 13180.64
18402.08 13174.59
18391.96 13168.39
18381.71 13162.12
18371.28 13156.30
18361.07 13150.61
18351.16 13145.07
18341.27 13139.52
18332.52 13136.49
18327.32 13135.18
18332.07 13132.88
18340.63 13135.65
18350.07 13140.67
18360.50 13146.51
18370.84 13152.28
18381.07 13157.97
18391.37 13164.17
18401.05 13170.09
18411.43 13176.45
18420.92 13182.25
18431.14 13188.26
18446.16 13184.90
18445.47 13174.50
18443.35 13164.20
18441.84 13153.93
18440.95 13143.24
18441.92 13134.17
18444.61 13127.20
18447.15 13121.23
18448.28 13114.92
18449.10 13108.81
18449.16 13102.63
18448.94 13096.19
18448.72 13089.57
18448.50 13082.93
18448.27 13075.90
18448.12 13071.30
18447.77 13055.21
18447.70 13048.83
18447.67 13042.62
18447.75 13035.50
18447.83 13028.38
18447.90 13022.28
18448.15 13015.12
18448.60 13008.61
18449.02 13002.50
18449.44 12996.27
18449.87 12990.07
18450.30 12983.79
18450.72 12977.62
18451.20 12970.74
18451.62 12964.64
18452.07 12958.02
18452.53 12951.31
18452.98 12944.76
18453.45 12937.85
18453.93 12930.93
18455.04 12914.84
18455.47 12908.51
18455.88 12902.61
18456.36 12895.71
18456.77 12889.64
18457.22 12883.15
18457.62 12877.35
18458.05 12871.11
18458.46 12865.16
18458.91 12858.65
18459.34 12852.53
18459.74 12846.65
18460.16 12840.65
18460.54 12835.06
18461.69 12818.93
18462.21 12811.92
18462.71 12805.09
18463.14 12799.19
18463.60 12792.83
18464.14 12786.17
18465.37 12779.25
18466.59 12772.42
18467.78 12765.75
18468.86 12759.66
18469.99 12753.32
18471.59 12747.57
18473.34 12741.33
18474.73 12736.34
18479.45 12719.51
18481.29 12712.95
18483.13 12706.36
18484.90 12700.05
18486.77 12693.35
18488.66 12686.62
18490.25 12680.95
18492.06 12674.46
18493.66 12668.77
18495.25 12663.07
18497.05 12656.66
18498.81 12650.36
18500.52 12644.27
18502.13 12638.50
18503.80 12632.55
18505.67 12625.86
18506.71 12622.15
18510.79 12607.57
18512.77 12600.50
18514.57 12594.10
18516.50 12587.20
18518.33 12580.68
18520.27 12573.76
18522.05 12567.40
18523.82 12561.08
18525.58 12554.81
18527.52 12547.87
18529.23 12541.76
18531.01 12535.41
18532.99 12528.34
18534.89 12521.53
18536.66 12515.23
18538.35 12509.19
18540.12 12502.88
18541.30 12498.67
18544.10 12487.29
18544.82 12484.22
18545.48 12481.40
18546.14 12478.56
18546.66 12476.33
18575.17 12479.31
18580.56 12484.65
18587.75 12491.15
18595.78 12497.06
18604.08 12502.59
18614.03 12506.13
18624.29 12505.54
18633.92 12501.74
18641.64 12494.15
18645.60 12484.96
18646.17 12477.33
18646.46 12473.52
18646.71 12452.78
18645.58 12445.45
18644.21 12436.36
18642.67 12425.63
18640.56 12413.47
18638.30 12400.43
18636.03 12387.36
18633.86 12374.82
18631.63 12361.95
18629.44 12349.30
18627.18 12336.31
18624.95 12323.42
18615.06 12296.11
18609.78 12283.05
18604.61 12270.25
18598.62 12258.01
18592.51 12245.58
18584.73 12233.58
18576.45 12221.72
18566.83 12211.84
18556.18 12201.80
18545.34 12192.71
18533.01 12184.89
18520.60 12177.87
18507.40 12172.33
18494.39 12166.87
18480.90 12161.21
18458.14 12151.01
18445.05 12148.31
18431.63 12145.51
18418.32 12142.67
18404.70 12139.77
18391.35 12136.91
18378.61 12133.82
18366.02 12130.76
18353.41 12127.70
18342.50 12125.04
18323.21 12120.76
18311.82 12117.42
18300.44 12113.95
18288.77 12109.51
18277.77 12105.34
18266.95 12100.25
18256.54 12093.65
18247.31 12086.93
18239.08 12077.87
18233.79 12067.69
18229.68 12056.78
18226.19 12045.53
18225.17 12033.13
18225.80 12020.79
18228.29 12009.51
18232.42 11997.84
18239.10 11987.83
18246.80 11978.26
18256.60 11970.54
18266.82 11964.60
18278.09 11960.01
18289.89 11957.72
18302.26 11957.30
18313.57 11958.70
18325.25 11962.47
18336.04 11966.73
18346.08 11971.97
18356.09 11979.13
18366.39 11985.95
18376.29 11991.64
18386.53 11996.35
18397.31 12000.09
18408.45 12002.99
18419.79 12004.16
18431.81 12003.85
18443.40 12002.72
18455.33 11999.61
18493.47 11986.84
18505.58 11980.20
18517.75 11973.68
18529.53 11967.66
18541.60 11960.86
18553.91 11953.71
18565.03 11946.75
18576.30 11939.17
18587.36 11931.73
18598.96 11923.76
18610.12 11915.51
18621.34 11906.87
18632.31 11898.04
18642.93 11889.31
18653.23 11879.88
18663.42 11870.32
18673.09 11860.56
18682.60 11850.54
18691.51 11840.80
18701.01 11830.12
18712.66 11814.09
18719.65 11801.80
18726.05 11789.20
18730.15 11775.38
18732.15 11761.40
18733.52 11746.84
18733.46 11733.23
18731.96 11719.63
18729.38 11705.20
18726.19 11691.38
18722.78 11678.14
18717.59 11664.42
18712.40 11650.68
18707.25 11637.07
18702.28 11624.15
18696.44 11611.85
18690.23 11598.78
18684.36 11586.40
18677.65 11573.32
18668.95 11562.61
18659.35 11552.60
18648.48 11544.31
18636.08 11537.40
18623.63 11531.53
18610.66 11526.13
18597.70 11521.62
18584.77 11517.11
18571.47 11512.30
18557.92 11507.11
18544.14 11501.84
18531.14 11497.05
18501.06 11483.18
18485.15 11479.18
18467.66 11474.78
18448.48 11469.96
18427.10 11464.58
18404.19 11458.82
18379.66 11452.66
18352.99 11445.95
18324.81 11438.86
18292.57 11432.50
18262.87 11425.19
18233.93 11418.06
18204.49 11410.81
18175.04 11403.55
18145.19 11396.18
18115.64 11388.88
18086.58 11381.70
18057.09 11374.42
18027.96 11367.22
17998.28 11359.78
17968.79 11351.78
17939.96 11343.54
17911.01 11334.43
17881.73 11324.80
17853.11 11315.08
17825.00 11305.20
17795.87 11294.59
17768.44 11283.45
17742.38 11272.62
17716.06 11261.69
17692.40 11247.58
17666.08 11235.28
17639.17 11222.70
17611.60 11209.79
17584.26 11195.71
17557.91 11181.66
17531.86 11166.95
17505.28 11151.66
17479.22 11136.58
17453.66 11121.00
17427.57 11104.39
17401.71 11087.66
17376.47 11070.99
17351.56 11054.45
17326.66 11036.37
17303.14 11018.22
17279.47 10999.86
17255.65 10981.38
17229.60 10965.35
17206.27 10945.68
17182.75 10925.63
17159.89 10905.07
17137.99 10884.91
17115.83 10864.24
17092.69 10839.52
17071.36 10817.80
17050.37 10795.69
17030.42 10773.75
17010.55 10751.91
16990.55 10729.15
16971.15 10706.56
16951.36 10683.52
16925.87 10653.84
16908.76 10631.86
16892.09 10610.44
16875.49 10589.12
16858.41 10567.18
16841.30 10545.18
16824.76 10523.93
16799.86 10489.45
16781.43 10466.01
16763.16 10442.76
16744.79 10419.40
16725.94 10395.42
16707.78 10372.32
16685.83 10347.33
16666.55 10323.14
16647.60 10299.37
16628.10 10275.47
16608.85 10252.19
16589.27 10228.51
16569.83 10205.23
16550.38 10182.52
16530.65 10159.47
16510.73 10136.22
16491.05 10112.80
16472.01 10089.49
16452.96 10066.16
16433.69 10042.58
16414.76 10019.40
16395.51 9995.82
16376.07 9972.03
16357.37 9948.69
16338.87 9925.02
16320.41 9901.39
16301.74 9877.49
16283.33 9853.94
16264.77 9830.19
16246.07 9806.26
16227.28 9782.21
16208.25 9757.86
16189.35 9733.66
16170.87 9710.02
16151.94 9685.79
16134.11 9662.97
16116.46 9640.38
16099.25 9618.36
16081.80 9596.03
16064.60 9574.01
16047.21 9551.76
16030.56 9530.45
16014.21 9509.53
15998.19 9487.98
15982.51 9466.86
15966.70 9445.57
15950.96 9424.37
15937.67 9400.96
15920.81 9378.26
15902.44 9353.52
15883.95 9328.62
15865.94 9304.36
15847.55 9279.60
15829.77 9255.65
15811.55 9231.12
15793.61 9206.97
15775.73 9182.60
15758.02 9158.47
15740.11 9134.08
15721.87 9109.92
15703.60 9085.80
15685.16 9061.45
15666.84 9037.26
15648.48 9013.67
15627.20 8991.70
15608.21 8967.32
15589.75 8943.63
15571.01 8919.87
15552.07 8895.92
15532.59 8872.92
15512.78 8849.83
15492.64 8827.80
15472.43 8805.69
15451.99 8783.33
15431.14 8761.08
15410.00 8739.28
15388.13 8717.88
15366.21 8696.54
15339.92 8676.78
15316.93 8656.36
15294.50 8636.44
15271.82 8616.30
15248.48 8597.01
15225.62 8578.34
15202.66 8559.59
15179.28 8540.83
15155.52 8523.14
15131.50 8505.25
15107.42 8487.32
15083.08 8469.68
15059.52 8453.64
15039.66 8440.12
15023.48 8429.11
14990.92 8408.73
14981.12 8402.60
14971.33 8396.49
14961.50 8390.35
14951.98 8384.44
14942.58 8378.86
14932.59 8372.93
14923.00 8367.25
14905.65 8358.35
14892.52 8351.99
14880.23 8346.08
14867.06 8340.42
14853.19 8335.66
14839.29 8331.98
14825.81 8329.71
14811.98 8328.36
14797.40 8328.12
14783.27 8329.31
14769.19 8331.27
14755.52 8333.99
14742.24 8337.69
14729.01 8342.74
14715.78 8348.74
14703.23 8355.43
14691.69 8362.80
14680.72 8371.87
14670.37 8380.79
14660.49 8390.63
14651.80 8401.10
14643.04 8412.80
14634.99 8423.89
14627.87 8436.30
14621.96 8448.45
14616.38 8461.44
14611.40 8474.35
14607.26 8487.40
14603.87 8501.54
14601.40 8515.47
14599.85 8529.78
14596.47 8566.30
14595.78 8580.43
14595.06 8595.11
14594.33 8609.96
14593.63 8624.06
14592.91 8638.72
14592.19 8653.36
14591.44 8668.62
14590.70 8683.70
14589.97 8698.61
14589.25 8713.21
14588.55 8727.32
14587.84 8741.90
14587.14 8755.94
14584.80 8772.86
14584.40 8786.75
14583.98 8801.50
14583.56 8816.09
14584.52 8832.50
14583.73 8844.94
14582.89 8858.06
14584.80 8875.26
14586.60 8888.99
14589.57 8903.14
14592.50 8917.13
14596.70 8930.63
14603.85 8942.98
14618.68 8953.34
14628.02 8955.85
14637.32 8957.11
14649.49 8957.98
14663.73 8958.54
14680.01 8959.29
14697.34 8960.31
14714.90 8961.34
14732.24 8962.36
14749.52 8963.37
14766.92 8964.40
14784.31 8965.42
14801.35 8966.42
14818.06 8967.40
14835.48 8968.75
14852.60 8970.12
14869.21 8972.59
14886.01 8975.74
14902.87 8979.42
14918.99 8984.73
14935.04 8990.28
14950.94 8996.79
14965.97 9003.79
14981.60 9012.24
14995.90 9020.74
15010.05 9030.16
15023.93 9040.53
15036.78 9051.07
15049.91 9062.95
15061.67 9074.62
15071.15 9084.52
15077.67 9091.34
15081.78 9095.68
15083.20 9097.20
15083.79 9097.82
15083.90 9097.94
15083.93 9097.97
15083.93 9097.98
15083.94 9097.98
15083.94 9097.98
15083.94 9097.98
15083.94 9097.98
15091.64 9106.23
15093.49 9108.21
15096.70 9111.65
15101.30 9116.58
15107.19 9122.90
15114.47 9130.70
15123.63 9142.89
15134.03 9153.72
15145.21 9165.37
15156.35 9176.98
15167.83 9188.94
15177.57 9197.66
15180.60 9201.05
15182.40 9203.07
15182.88 9203.60
15195.01 9216.38
15196.74 9218.10
15199.05 9220.38
15202.02 9223.32
15212.41 9233.68
15221.06 9242.78
15230.72 9252.94
15241.92 9264.72
15253.70 9277.10
15265.48 9289.85
15277.18 9302.57
15288.62 9315.03
15300.37 9327.81
15311.91 9340.38
15323.49 9352.98
15335.06 9365.57
15346.19 9377.68
15357.27 9389.75
15368.69 9402.17
15380.19 9414.69
15391.61 9427.12
15403.27 9439.80
15414.83 9452.39
15426.46 9465.05
15438.10 9477.71
15449.47 9489.88
15461.20 9502.41
15473.09 9515.11
15481.21 9528.62
15489.56 9537.54
15495.80 9544.21
15499.41 9548.06
15500.07 9548.77
15500.18 9548.88
15500.21 9548.91
15500.22 9548.92
15518.41 9567.72
15521.23 9570.50
15525.22 9574.44
15530.50 9579.66
15536.98 9586.07
15544.86 9593.86
15552.87 9601.78
15561.45 9610.27
15570.03 9618.14
15579.11 9625.72
15588.22 9633.32
15597.40 9641.00
15606.56 9648.59
15616.19 9655.94
15625.27 9662.86
15634.34 9669.77
15643.69 9676.90
15653.01 9684.00
15662.08 9690.92
15671.07 9697.78
15679.98 9704.57
15689.34 9711.71
15701.56 9716.87
15710.65 9723.80
15719.88 9730.83
15729.20 9737.94
15737.66 9745.34
15746.18 9752.91
15753.54 9761.56
15759.36 9773.48
15764.50 9783.64
15767.95 9794.85
15770.98 9805.79
15771.14 9816.67
15770.71 9823.81
15769.87 9831.27
15768.70 9838.52
15762.73 9865.28
15762.69 9865.36
15762.66 9865.43
15745.59 9896.66
15738.83 9905.78
15731.72 9915.37
15724.54 9925.08
15717.42 9934.68
15710.41 9944.09
15703.80 9952.95
15696.91 9962.19
15689.38 9972.48
15681.96 9982.67
15674.71 9992.62
15667.66 10002.29
15660.70 10011.84
15653.90 10021.18
15646.95 10030.72
15639.46 10041.00
15632.71 10050.27
15625.24 10060.52
15617.85 10070.66
15611.00 10080.06
15603.90 10089.66
15596.68 10099.40
15589.12 10109.60
15581.84 10119.41
15574.69 10129.05
15567.56 10138.67
15556.41 10155.58
15549.94 10165.88
15543.97 10176.23
15538.10 10186.89
15532.11 10197.78
15526.04 10207.21
15519.49 10216.82
15512.86 10226.54
15506.00 10236.60
15499.61 10245.98
15492.95 10255.73
15486.40 10265.35
15479.94 10275.03
15469.68 10284.57
15468.03 10287.14
15467.10 10288.57
15446.71 10306.28
15443.35 10309.50
15439.39 10313.29
15434.85 10317.67
15429.69 10322.64
15424.46 10327.67
15403.10 10347.74
15395.77 10354.59
15388.45 10361.44
15381.06 10368.37
15373.22 10375.73
15365.91 10382.57
15358.05 10389.96
15350.40 10397.13
15342.64 10404.41
15335.26 10411.33
15328.00 10418.14
15320.60 10425.08
15312.77 10432.43
15305.38 10439.36
15297.73 10446.53
15290.26 10453.70
15283.11 10461.39
15276.13 10468.91
