9073.09 23615.72
9073.40 23613.78
9073.64 23612.29
9073.87 23610.85
9074.17 23608.97
9074.50 23606.88
9074.85 23604.69
9077.97 23606.06
9077.74 23607.52
9077.40 23609.66
9077.10 23611.55
9076.80 23613.42
9076.46 23615.57
9076.21 23617.13
9075.84 23619.45
9074.13 23630.59
9073.81 23632.81
9073.43 23635.48
9073.16 23637.46
9072.81 23639.90
9072.55 23641.80
9072.20 23644.30
9071.88 23646.55
9071.61 23648.48
9071.25 23651.04
9071.03 23652.63
9070.76 23654.56
9070.54 23656.12
9070.30 23657.86
9069.99 23660.05
9069.76 23661.66
9069.45 23663.86
9069.23 23665.46
9068.86 23668.13
9068.52 23670.52
9068.30 23672.13
9067.99 23674.28
9067.73 23676.13
9067.39 23678.61
9067.03 23681.19
9066.79 23682.90
9066.46 23685.22
9066.23 23686.85
9065.93 23688.98
9065.65 23691.02
9065.29 23693.54
9064.92 23696.22
9068.22 23701.62
9072.08 23702.51
9077.51 23703.77
9084.49 23705.38
9091.84 23707.08
9100.22 23709.01
9107.90 23710.78
9115.44 23712.52
9123.54 23714.40
9131.17 23716.16
9138.95 23717.95
9146.79 23719.64
9154.91 23721.04
9163.18 23722.46
9171.52 23723.89
9179.55 23725.27
9188.03 23726.72
9195.63 23728.03
9203.10 23729.31
9211.49 23730.75
9219.34 23732.10
9231.39 23726.53
9234.73 23719.98
9238.40 23713.63
9242.39 23706.73
9246.18 23700.65
9250.81 23694.99
9255.34 23689.43
9259.98 23683.75
9269.04 23674.04
9274.62 23670.24
9280.77 23666.05
9286.24 23662.32
9291.82 23658.52
9298.04 23655.10
9304.07 23651.86
9309.51 23648.93
9312.28 23647.44
9312.74 23647.20
9312.89 23647.12
9312.89 23647.12
9312.89 23647.12
9312.89 23647.12
9312.89 23647.12
9312.89 23647.12
9312.89 23647.12
9330.37 23644.69
9335.16 23645.93
9340.97 23648.69
9345.18 23655.01
9350.60 23663.14
9356.85 23672.51
9364.13 23682.37
9372.84 23691.79
9381.08 23700.69
9397.45 23713.11
9410.46 23717.81
9425.48 23719.05
9442.33 23716.65
9459.09 23710.11
9480.17 23694.29
9492.48 23680.13
9505.41 23665.11
9517.15 23650.60
9528.65 23636.39
9540.22 23622.09
9550.97 23608.81
9562.14 23595.69
9573.53 23582.32
9593.06 23558.10
9601.98 23545.42
9611.40 23532.01
9620.49 23519.09
9629.12 23506.81
9637.87 23494.36
9646.80 23481.66
9681.32 23420.06
9686.91 23405.45
9694.88 23392.81
9700.52 23376.89
9707.51 23360.54
9715.29 23344.06
9723.55 23328.45
9733.63 23313.00
9745.17 23300.13
9758.05 23287.69
9771.11 23275.09
9785.23 23264.61
9800.55 23255.03
9816.77 23246.79
9832.51 23239.33
9848.72 23232.38
9865.53 23225.17
9882.32 23217.97
9899.12 23210.68
9915.68 23203.49
9944.85 23192.63
9962.43 23184.21
9980.25 23175.67
9997.81 23167.22
10013.99 23155.46
10031.03 23146.96
10047.60 23137.77
10064.09 23127.23
10079.89 23117.13
10095.92 23106.89
10111.97 23095.79
10127.69 23084.86
10143.37 23073.95
10159.62 23062.65
10191.59 23036.55
10206.68 23025.42
10221.77 23012.55
10236.66 22999.62
10251.70 22986.55
10265.70 22973.61
10279.76 22960.09
10293.86 22946.53
10307.64 22932.16
10320.82 22917.98
10350.40 22885.40
10361.40 22871.48
10372.21 22857.80
10383.18 22843.93
10393.79 22832.20
10402.33 22822.68
10411.52 22810.43
10420.14 22798.92
10428.94 22787.14
10438.35 22774.43
10448.77 22760.36
10460.19 22744.94
10474.14 22731.66
10485.83 22715.86
10513.94 22681.05
10524.07 22666.96
10534.32 22652.71
10545.04 22637.80
10555.36 22623.45
10565.99 22608.67
10576.66 22593.82
10595.43 22568.06
10607.65 22552.59
10619.62 22536.65
10631.01 22520.25
10642.23 22504.10
10653.79 22487.74
10665.29 22471.64
10677.35 22454.75
10689.14 22438.24
10700.48 22422.36
10711.39 22407.09
10719.73 22394.85
10726.99 22382.92
10734.63 22370.37
10742.29 22357.77
10749.98 22345.13
10757.78 22329.31
10765.30 22317.17
10772.46 22305.62
10779.80 22293.76
10787.52 22281.30
10795.37 22269.56
10803.30 22258.42
10811.71 22246.61
10819.83 22235.21
10827.56 22224.36
10835.54 22212.93
10842.70 22201.43
10849.89 22189.86
10856.67 22178.97
10863.54 22167.93
10870.67 22156.47
10896.14 22118.43
10902.80 22105.85
10909.32 22093.54
10915.65 22080.54
10921.87 22067.43
10926.98 22054.73
10931.49 22041.31
10935.88 22028.27
10940.33 22015.04
10944.89 22001.48
10949.36 21987.56
10953.17 21974.45
10957.07 21961.05
10960.92 21947.48
10964.70 21933.98
10968.64 21919.91
10972.59 21905.79
10976.37 21892.28
10979.95 21879.41
10983.66 21865.38
10987.05 21852.36
10990.37 21839.58
10993.60 21827.19
10996.77 21814.97
11000.17 21801.91
11003.31 21789.85
11006.80 21776.44
11010.21 21763.80
11014.14 21750.30
11017.65 21738.27
11021.60 21724.73
11025.05 21712.88
11028.69 21700.38
11032.56 21687.12
11036.63 21673.14
11040.67 21659.37
11044.55 21646.25
11048.40 21633.20
11052.40 21619.65
11056.33 21606.36
11060.24 21593.10
11064.24 21579.58
11068.09 21566.52
11071.87 21553.07
11075.61 21539.19
11079.23 21525.77
11082.87 21512.24
11086.64 21476.02
11088.60 21461.31
11089.97 21447.63
11090.10 21433.56
11090.23 21418.97
11090.36 21405.19
11090.48 21391.01
11088.90 21376.59
11086.76 21362.82
11084.64 21349.12
11082.45 21334.98
11080.30 21321.12
11078.31 21307.27
11076.41 21293.11
11074.50 21278.84
11072.50 21264.12
11070.35 21250.53
11068.17 21236.75
11065.88 21222.28
11063.93 21207.75
11062.10 21193.39
11060.35 21179.71
11058.55 21165.04
11056.88 21151.05
11055.26 21136.87
11053.78 21122.34
11052.86 21107.47
11054.24 21093.12
11056.79 21079.12
11060.88 21065.11
11067.03 21052.47
11075.24 21041.44
11085.73 21031.72
11097.61 21023.45
11110.53 21016.56
11124.31 21010.93
11138.29 21007.68
11151.67 21006.16
11164.78 21005.87
11178.03 21005.57
11190.58 21005.28
11202.69 21005.01
11214.12 21004.75
11226.16 21004.48
11236.76 21004.24
11248.44 21003.98
11259.35 21003.73
11270.39 21003.49
11281.70 21003.23
11294.36 21002.95
11306.04 21002.68
11317.84 21002.42
11329.09 21002.50
11339.86 21002.80
11366.59 21001.86
11374.79 21000.04
11384.46 20997.89
11393.22 20995.95
11407.62 20992.85
11416.66 20990.95
11427.59 20988.67
11437.95 20986.50
11448.12 20984.37
11458.21 20982.25
11468.79 20980.04
11478.41 20978.02
11492.61 20971.63
11506.90 20968.59
11522.56 20965.26
11537.83 20962.01
11553.76 20958.62
11570.20 20955.12
11586.54 20951.64
11602.16 20948.32
11622.37 20946.84
11637.85 20943.02
11653.38 20939.19
11669.85 20935.13
11685.22 20931.34
11701.74 20927.26
11717.85 20923.29
11732.75 20919.61
11748.51 20915.73
11763.85 20911.94
11779.64 20908.05
11795.09 20904.24
11810.20 20900.51
11826.69 20896.44
11843.23 20892.36
11857.72 20888.79
11873.18 20885.13
11888.72 20881.52
11903.98 20877.97
11919.72 20874.31
11935.28 20870.70
11950.44 20867.17
11966.03 20863.55
11982.61 20859.70
11998.26 20856.06
12013.54 20852.51
12029.37 20848.83
12044.60 20845.29
12060.37 20841.60
12076.56 20837.63
12101.38 20831.85
12116.94 20828.24
12132.06 20824.72
12147.46 20821.14
12163.11 20817.51
12179.24 20813.76
12193.89 20810.35
12210.19 20806.57
12225.40 20803.03
12240.85 20799.44
12255.37 20796.07
12271.95 20792.21
12288.49 20788.37
12302.79 20785.04
12318.57 20781.38
12334.23 20777.74
12350.75 20773.90
12366.28 20770.29
12381.48 20766.76
12397.76 20763.11
12412.86 20759.72
12428.13 20756.29
12443.74 20752.79
12458.62 20749.42
12474.06 20745.76
12490.01 20741.97
12505.10 20738.39
12520.53 20734.72
12535.80 20731.10
12551.99 20727.25
12568.28 20723.39
12584.73 20719.48
12600.55 20715.73
12616.01 20712.06
12631.51 20708.38
12647.15 20704.66
12671.68 20698.43
12680.00 20696.24
12688.14 20694.11
12697.27 20691.71
12703.59 20690.05
12707.18 20689.11
12707.73 20688.96
12708.12 20688.86
12708.24 20688.83
12708.65 20688.72
12709.72 20688.44
12712.54 20687.70
12714.66 20687.14
12717.96 20686.28
12722.70 20685.03
12753.65 20674.94
12759.98 20672.70
12766.47 20669.81
12773.06 20666.83
12779.51 20663.92
12785.58 20661.18
12816.52 20647.77
12820.35 20645.67
12824.36 20643.47
12841.03 20634.17
12851.35 20627.74
12861.52 20621.07
12870.44 20615.22
12880.02 20608.94
12889.31 20602.84
12898.59 20596.75
12908.23 20590.43
12917.01 20584.68
12925.79 20578.92
12935.39 20572.62
12945.36 20566.09
12955.47 20559.45
12964.98 20553.22
12974.84 20546.75
12984.42 20540.57
12993.81 20534.60
13003.45 20528.47
13013.10 20522.33
13023.07 20515.99
13032.05 20510.28
13041.74 20504.11
13051.50 20497.91
13060.30 20492.56
13069.55 20487.52
13080.48 20481.57
13090.00 20476.81
13099.83 20472.79
13110.58 20468.39
13120.85 20464.18
13132.38 20459.46
13142.12 20455.47
13152.39 20451.26
13163.55 20446.69
13174.38 20442.26
13184.88 20437.96
13196.02 20433.40
13206.00 20429.31
13217.37 20424.65
13227.63 20420.45
13237.73 20416.32
13248.18 20412.04
13258.33 20407.88
13269.00 20403.72
13280.03 20400.34
13290.03 20397.28
13304.12 20393.45
13317.23 20390.70
13331.04 20387.80
13344.80 20384.65
13357.65 20381.33
13371.05 20378.32
13382.20 20374.72
13389.20 20371.25
13392.36 20368.68
13399.39 20356.41
13401.32 20348.81
13403.38 20340.67
13405.55 20332.74
13408.60 20324.89
13412.06 20317.29
13415.48 20309.78
13419.06 20301.94
13422.98 20294.84
13427.44 20287.85
13431.94 20280.77
13438.52 20276.59
13443.38 20270.57
13449.11 20265.69
13455.56 20260.20
13462.43 20255.44
13469.39 20252.14
13476.37 20248.82
13483.88 20247.26
13492.03 20246.01
13500.42 20244.72
13517.54 20245.53
13524.62 20247.27
13531.33 20248.92
13537.62 20251.78
13543.62 20254.83
13549.86 20258.28
13555.48 20263.18
13567.09 20276.12
13570.62 20282.33
13574.19 20288.59
13577.85 20295.01
13580.56 20301.91
13582.07 20308.57
13583.38 20315.15
13584.62 20322.46
13585.06 20329.19
13585.53 20336.78
13585.96 20343.66
13585.29 20362.33
13584.49 20369.32
13583.23 20376.17
13581.75 20382.53
13580.04 20389.82
13578.47 20396.52
13576.05 20402.94
13573.61 20409.38
13564.39 20427.84
13560.82 20434.50
13557.47 20440.74
13553.85 20447.48
13549.12 20453.41
13544.03 20458.89
13539.02 20464.30
13534.45 20469.23
13527.84 20473.12
13521.67 20476.60
13515.16 20479.64
13508.45 20481.68
13501.27 20483.85
13494.40 20485.93
13474.82 20486.41
13467.65 20485.23
13460.70 20483.76
13454.10 20481.60
13447.44 20478.54
13441.57 20475.53
13435.37 20471.27
