18382.76 19256.09
18381.43 19257.26
18378.61 19259.72
18374.68 19263.17
18369.56 19267.67
18364.04 19273.60
18358.05 19280.96
18351.93 19290.42
18345.36 19301.24
18340.32 19314.69
18335.91 19327.99
18331.82 19340.72
18327.58 19353.98
18323.39 19367.10
18319.13 19380.44
18315.00 19393.37
18310.83 19406.43
18306.54 19419.85
18302.37 19432.90
18299.52 19441.78
18297.34 19446.25
18282.85 19444.84
18276.95 19439.62
18271.48 19434.78
18265.98 19429.91
18260.22 19424.82
18254.62 19419.85
18248.68 19414.60
18242.40 19409.04
18236.13 19403.49
18229.28 19399.10
18222.70 19395.31
18215.80 19391.48
18208.13 19387.82
18201.44 19384.79
18193.30 19382.54
18185.28 19381.42
18177.23 19381.10
18168.74 19381.73
18161.06 19382.30
18152.77 19382.91
18145.06 19383.48
18136.97 19382.55
18128.94 19379.91
18121.74 19377.55
18114.78 19375.26
18106.80 19372.65
18099.67 19370.30
18091.62 19367.66
18083.76 19365.08
18076.61 19362.73
18070.20 19360.63
18065.29 19347.07
18068.33 19340.24
18072.69 19333.24
18077.48 19326.98
18083.27 19320.88
18088.55 19315.45
18094.08 19309.78
18099.13 19304.05
18103.18 19297.38
18106.41 19289.52
18109.29 19282.52
18112.35 19275.09
18115.37 19267.76
18118.63 19259.84
18121.48 19252.87
18124.12 19245.08
18126.84 19237.06
18129.38 19229.54
18131.81 19222.38
18134.27 19215.11
18137.06 19206.89
18139.44 19198.87
18141.07 19190.58
18142.56 19182.99
18144.10 19175.18
18144.80 19167.14
18144.60 19159.37
18144.40 19151.72
18144.18 19143.41
18143.79 19135.04
18143.04 19127.30
18142.31 19119.81
18141.24 19112.11
18139.98 19103.99
18138.62 19096.33
18136.35 19089.12
18133.98 19081.58
18131.70 19074.32
18128.94 19066.43
18125.80 19058.76
18122.89 19051.64
18119.39 19044.05
18115.38 19037.05
18111.07 19029.52
18106.70 19022.35
18102.17 19015.12
18097.78 19008.10
18093.69 19001.58
18089.48 18994.85
18085.49 18988.47
18081.09 18981.44
18077.02 18974.94
18072.53 18967.76
18067.98 18960.50
18063.70 18953.65
18059.29 18946.86
18054.56 18939.92
18050.23 18933.55
18045.63 18926.80
18041.41 18920.60
18036.96 18914.07
18032.54 18907.58
18027.69 18900.46
18023.13 18893.77
18018.47 18886.92
18013.74 18879.98
18009.09 18873.15
18005.16 18867.47
17994.41 18852.88
17989.93 18846.97
17985.44 18841.06
17981.01 18835.23
17976.52 18829.31
17971.86 18823.50
17966.82 18817.36
17962.18 18811.70
17957.07 18805.48
17951.94 18799.22
17947.33 18793.61
17942.29 18787.38
17937.14 18780.87
17932.15 18774.56
17927.09 18768.15
17922.02 18761.74
17917.39 18755.87
17912.80 18750.07
17910.46 18747.10
17902.21 18737.97
17896.75 18732.57
17890.78 18726.66
17885.42 18721.35
17879.90 18715.88
17874.30 18710.33
17868.43 18704.52
17862.73 18698.88
17856.98 18693.18
17851.16 18687.42
17845.53 18681.84
17840.15 18676.77
17834.30 18672.05
17831.68 18669.93
17822.78 18662.70
17817.16 18658.10
17810.35 18652.53
17802.13 18645.81
17792.85 18638.22
17781.98 18629.33
17771.53 18619.84
17761.87 18610.07
17756.16 18602.60
17752.92 18598.37
17753.72 18583.38
17755.61 18576.65
17757.49 18568.63
17758.45 18560.00
17758.47 18554.65
17757.15 18541.31
17756.21 18536.34
17755.27 18533.84
17745.41 18516.34
17740.68 18510.44
17734.58 18502.84
17727.69 18494.24
17719.45 18483.97
17710.31 18472.59
17700.29 18460.09
17689.23 18446.28
17676.80 18430.72
17664.65 18415.53
17652.96 18400.84
17640.86 18385.27
17628.80 18369.75
17618.17 18356.08
17609.36 18344.83
17600.02 18334.32
17589.97 18324.81
17579.89 18315.26
17570.09 18305.97
17555.85 18296.87
17544.09 18290.65
17533.08 18284.82
17520.65 18279.87
17502.58 18272.69
17490.79 18269.59
17478.08 18266.26
17465.96 18263.03
17453.68 18259.35
17441.95 18255.84
17430.24 18252.33
17412.68 18236.99
17408.72 18232.07
17406.79 18228.76
17404.61 18207.97
17406.84 18201.16
17409.21 18193.53
17411.81 18184.88
17425.77 18164.65
17433.40 18160.19
17439.14 18157.65
17442.21 18156.48
17459.54 18155.47
17464.86 18156.37
17470.85 18158.47
17477.27 18162.32
17484.01 18167.51
17488.85 18172.67
17491.63 18176.12
17493.33 18178.30
17510.28 18201.74
17513.83 18206.70
17518.51 18213.24
17524.03 18220.94
17536.60 18237.96
17548.14 18246.15
17556.98 18257.02
17565.64 18267.85
17574.11 18278.43
17582.96 18289.50
17591.72 18300.46
17600.12 18310.95
17608.68 18321.65
17617.73 18333.09
17627.76 18345.81
17638.98 18360.03
17651.54 18375.96
17665.44 18393.59
17679.64 18411.59
17693.93 18429.72
17707.85 18447.36
17722.23 18465.63
17736.47 18484.07
17751.06 18502.40
17765.71 18520.42
17779.83 18539.07
17794.08 18557.95
17807.87 18576.24
17822.29 18594.60
17837.26 18612.01
17852.25 18629.46
17867.38 18647.07
17882.21 18665.57
17896.98 18684.02
17911.55 18702.23
17926.09 18719.61
17942.17 18737.07
17958.25 18754.54
17973.79 18770.98
17989.56 18787.18
18006.22 18802.56
18023.20 18817.53
18040.63 18832.51
18058.52 18847.36
18076.62 18861.81
18095.20 18875.82
18113.44 18888.96
18130.54 18901.28
18157.80 18914.83
18172.66 18921.04
18187.75 18926.72
18203.03 18932.46
18218.39 18937.56
18233.79 18940.85
18250.11 18941.33
18265.32 18939.28
18279.66 18933.85
18293.01 18926.35
18305.77 18916.48
18317.54 18905.20
18327.70 18893.13
18336.70 18879.45
18345.71 18865.78
18359.90 18852.38
18370.73 18837.56
18382.57 18821.35
18395.37 18803.82
18409.23 18784.85
18425.72 18765.46
18443.99 18745.47
18464.37 18721.22
18484.61 18699.73
18504.75 18678.36
18524.75 18657.13
18545.04 18635.60
18564.94 18614.48
18585.12 18593.07
18605.17 18571.79
18624.74 18551.35
18645.10 18530.21
18665.04 18509.50
18685.40 18488.37
18705.60 18467.41
18725.67 18446.57
18745.88 18425.59
18766.07 18404.63
18786.15 18383.77
18805.81 18362.89
18825.39 18341.20
18844.04 18319.38
18863.12 18297.05
18880.55 18274.73
18897.53 18251.46
18914.49 18228.08
18931.14 18204.65
18945.95 18180.32
18961.20 18155.25
18975.80 18130.66
18988.97 18104.68
19002.30 18078.37
19014.85 18052.25
19026.74 18026.44
19038.74 17999.79
19048.97 17972.90
19058.54 17945.89
19067.12 17918.66
19074.87 17890.53
19082.81 17862.09
19089.46 17833.43
19095.88 17805.12
19102.24 17777.04
19108.56 17749.17
19116.91 17718.91
19122.95 17690.38
19128.95 17662.06
19134.97 17633.69
19140.90 17605.68
19146.90 17577.38
19152.78 17549.63
19158.69 17521.73
19167.59 17473.55
19172.54 17451.17
19177.45 17428.93
19182.26 17407.16
19187.23 17384.65
19192.14 17362.42
19203.39 17318.63
19209.37 17290.08
19215.39 17261.39
19221.25 17233.40
19227.11 17205.46
19233.00 17177.36
19238.98 17148.82
19244.89 17120.62
19250.77 17092.58
19256.73 17064.15
19262.71 17035.62
19268.61 17007.49
19274.60 16978.93
19280.47 16950.93
19286.50 16922.13
19292.50 16893.53
19298.34 16865.73
19304.40 16836.84
19310.35 16808.48
19316.46 16780.37
19322.79 16751.56
19329.14 16722.69
19335.23 16694.99
19341.39 16666.99
19347.73 16638.26
19353.98 16609.97
19360.36 16581.10
19366.68 16552.48
19373.02 16523.74
19379.40 16494.86
19385.67 16466.46
19391.82 16437.96
19396.77 16411.51
19401.56 16385.95
19406.30 16360.64
19413.50 16333.68
19415.31 16309.44
19420.80 16283.71
19425.73 16260.64
19430.69 16237.47
19435.44 16215.22
19440.14 16193.25
19444.84 16171.24
19449.59 16149.04
19454.34 16126.81
19458.96 16105.20
19463.69 16083.06
19468.23 16061.81
19480.02 15989.89
19479.97 15983.35
19479.93 15976.69
19479.88 15970.24
19479.07 15946.62
19477.70 15923.97
19476.33 15901.28
19474.97 15878.81
19473.01 15853.60
19473.58 15831.02
19474.17 15807.90
19475.05 15785.84
19477.70 15762.92
19482.45 15741.06
19488.15 15718.69
19495.54 15696.97
19503.26 15675.46
19512.90 15655.05
19525.11 15636.18
19537.60 15617.12
19550.56 15598.24
19565.12 15581.65
19580.77 15564.93
19597.15 15550.07
19614.43 15536.05
19632.44 15523.27
19652.66 15512.24
19673.07 15502.57
19694.25 15494.40
19716.09 15488.36
19737.69 15483.49
19760.12 15480.88
19782.91 15479.44
19804.85 15479.88
19827.87 15481.46
19850.77 15484.77
19872.18 15489.99
19894.14 15495.23
19929.39 15507.51
19949.54 15514.82
19969.25 15521.15
19989.70 15527.46
20010.59 15533.32
20031.64 15538.32
20052.19 15542.73
20073.58 15545.80
20094.61 15547.80
20115.91 15547.92
20183.91 15543.42
20207.44 15540.71
20232.42 15537.02
20259.29 15531.99
20286.45 15526.33
20313.35 15519.94
20340.24 15513.35
20367.62 15506.32
20394.33 15499.48
20421.69 15492.45
20448.78 15485.34
20475.36 15478.36
20502.29 15471.30
20529.60 15464.35
20556.12 15453.87
20582.60 15446.84
20609.76 15439.73
20636.32 15432.78
20662.74 15425.87
20689.32 15418.91
20716.47 15411.31
20742.74 15403.92
20769.26 15396.91
20796.14 15389.81
20820.60 15383.34
20841.11 15377.92
20860.09 15371.42
20875.83 15364.92
20890.77 15358.75
20905.00 15350.27
20919.18 15341.22
20932.86 15330.76
20945.17 15320.32
20956.42 15308.59
20967.36 15296.60
20976.87 15282.49
20986.10 15268.12
20993.32 15252.57
20999.73 15237.17
21005.49 15220.91
21009.82 15204.42
21012.81 15187.84
21013.78 15170.57
21014.70 15154.25
21014.52 15129.03
21015.11 15116.34
21015.70 15103.59
21015.83 15091.49
21015.52 15079.04
21015.21 15066.78
21013.88 15050.47
21014.21 15037.14
21014.54 15023.68
21014.86 15010.27
21016.29 14997.68
21017.88 14985.01
21019.56 14971.70
21022.39 14959.30
21025.37 14946.40
21028.28 14933.78
21031.32 14920.57
21034.68 14907.27
21038.07 14894.63
21041.55 14881.68
21054.21 14849.11
21057.68 14836.83
21059.96 14823.99
21061.89 14811.16
21063.30 14798.17
21064.10 14784.82
21064.03 14771.99
21061.09 14755.28
21057.72 14742.24
21053.41 14729.40
21048.51 14717.20
21044.87 14704.16
21041.59 14690.76
21040.26 14678.15
21041.20 14664.38
21043.91 14651.05
21047.13 14638.71
21050.39 14612.14
21048.39 14600.67
21044.29 14589.93
21036.62 14581.24
21028.19 14575.51
21022.74 14571.99
21004.94 14562.86
20995.20 14559.99
20983.12 14556.49
20969.86 14553.27
20956.64 14550.06
20943.97 14546.98
20931.32 14543.91
20918.39 14540.77
20905.34 14537.60
20892.07 14534.38
20878.88 14531.18
20866.09 14528.07
20852.42 14524.76
20839.88 14521.71
20826.26 14518.41
20812.61 14515.10
20799.08 14511.81
20786.20 14508.69
