12796.51 13249.41
12795.15 13248.21
12792.74 13246.09
12789.50 13243.23
12784.66 13238.95
12778.34 13233.38
12771.20 13227.07
12762.75 13219.61
12753.64 13211.57
12745.42 13204.31
12739.16 13198.79
12735.76 13195.78
12735.05 13195.16
12734.76 13194.90
12734.69 13194.84
12734.67 13194.82
12734.65 13194.80
12734.64 13194.80
12734.64 13194.80
12734.64 13194.80
12734.64 13194.80
12734.64 13194.80
12734.64 13194.80
12734.64 13194.80
12734.64 13194.80
12734.64 13194.80
12734.64 13194.80
12719.20 13196.46
12717.43 13198.61
12714.50 13202.15
12710.47 13206.77
12705.39 13212.50
12699.55 13219.07
12691.05 13221.14
12697.71 13213.72
12704.82 13205.85
12712.24 13198.46
12732.04 13182.89
12740.32 13175.85
12748.56 13168.84
12756.69 13161.91
12764.89 13154.94
12773.05 13147.57
12781.06 13140.14
12788.68 13133.07
12796.68 13125.64
12802.23 13120.50
12805.98 13117.02
12846.47 13087.96
12850.19 13084.13
12854.73 13079.45
12860.04 13074.01
12865.39 13068.63
12870.64 13063.35
12876.07 13057.89
12899.22 13034.28
12905.25 13028.05
12910.29 13022.86
12913.30 13019.65
12914.49 13018.10
12915.16 13017.28
12916.70 13015.43
12928.69 13002.86
12933.20 12998.06
12938.46 12992.46
12944.92 12985.58
12951.67 12978.38
12958.86 12970.75
12966.18 12963.14
12973.42 12955.60
12980.87 12947.86
12996.98 12928.81
13004.38 12921.23
13013.30 12912.09
13021.62 12903.57
13029.63 12895.36
13038.04 12886.74
13046.36 12878.22
13054.32 12870.06
13060.93 12863.29
13065.46 12858.65
13067.49 12856.56
13067.66 12856.37
13067.82 12856.21
13067.89 12856.14
13067.89 12856.13
13067.89 12856.13
13067.89 12856.13
13067.89 12856.13
13067.89 12856.13
13067.89 12856.13
13067.89 12856.13
13067.89 12856.13
13067.89 12856.13
13068.18 12855.82
13069.24 12854.70
13071.69 12852.10
13075.58 12847.98
13089.33 12834.25
13096.62 12828.24
13106.41 12821.65
13116.74 12814.70
13127.17 12807.05
13137.07 12799.27
13147.18 12791.34
13156.83 12783.76
13166.55 12776.19
13176.43 12769.08
13192.41 12756.46
13201.12 12750.86
13206.55 12747.36
13209.78 12745.28
13209.97 12745.15
13209.99 12745.14
13209.99 12745.14
13209.99 12745.14
13209.99 12745.14
13211.18 12744.38
13213.83 12742.68
13221.64 12738.30
13227.30 12735.11
13234.07 12731.29
13242.33 12726.44
13251.55 12719.76
13262.36 12711.93
13272.85 12704.33
13283.83 12696.37
13294.55 12688.61
13304.92 12681.10
13315.10 12673.72
13326.00 12665.82
13336.49 12658.22
13347.17 12650.49
13357.83 12642.77
13368.58 12634.98
13379.60 12626.99
13397.61 12614.04
13407.56 12606.90
13417.44 12599.81
13427.13 12592.87
13437.21 12585.64
13447.41 12578.32
13456.73 12571.63
13464.16 12566.30
13461.34 12556.45
13457.14 12550.75
13453.08 12545.26
13448.67 12539.27
13444.55 12533.70
13440.21 12527.81
13436.09 12522.22
13432.14 12516.88
13427.89 12511.11
13423.80 12505.57
13419.19 12499.32
13415.10 12493.77
13412.19 12489.84
13417.97 12476.65
13424.52 12472.33
13430.94 12468.09
13436.69 12464.30
13442.74 12460.31
13449.14 12456.08
13455.09 12452.16
13460.93 12448.30
13466.90 12444.36
13473.03 12440.32
13479.29 12436.18
13485.85 12431.85
13491.50 12428.13
13497.54 12424.14
13503.26 12420.36
13509.58 12416.19
13513.53 12413.58
13525.95 12404.68
13530.33 12401.34
13535.18 12397.66
13540.28 12393.78
13544.83 12390.32
13549.46 12386.80
13554.24 12383.16
13558.59 12368.69
13555.45 12360.50
13551.66 12350.64
13547.51 12339.82
13543.19 12328.59
13538.98 12317.62
13534.61 12306.24
13529.89 12285.53
13525.54 12275.01
13521.03 12264.12
13516.38 12252.92
13511.71 12241.66
13507.09 12230.51
13502.63 12219.39
13498.17 12208.17
13494.86 12199.84
13492.86 12194.81
13492.14 12193.01
13491.89 12192.37
13491.85 12192.26
13491.83 12192.22
13491.82 12192.20
13491.82 12192.19
13491.82 12192.19
13491.82 12192.19
13491.82 12192.19
13491.82 12192.19
13491.82 12192.19
13491.82 12192.19
13491.82 12192.19
13491.82 12192.19
13491.82 12192.19
13491.82 12192.19
13491.82 12192.19
13491.82 12192.19
13491.82 12192.19
13491.82 12192.19
13491.82 12192.19
13491.82 12192.19
13491.82 12192.19
13491.82 12192.19
13491.82 12192.19
13491.82 12192.19
13491.82 12192.19
13491.82 12192.19
13491.82 12192.19
13491.82 12192.19
13491.82 12192.19
13491.82 12192.19
13491.82 12192.19
13491.82 12192.19
13491.82 12192.19
13491.82 12192.19
13491.82 12192.19
13491.82 12192.19
13491.82 12192.19
13491.82 12192.19
13491.82 12192.19
13491.82 12192.19
13491.82 12192.19
13491.82 12192.19
13491.82 12192.19
13491.82 12192.19
13491.82 12192.19
13491.82 12192.19
13491.82 12192.19
13491.82 12192.19
13491.82 12192.19
13491.82 12192.19
13491.82 12192.19
13491.82 12192.19
13491.82 12192.19
13491.82 12192.19
13491.82 12192.19
13491.82 12192.19
13491.82 12192.19
13491.82 12192.19
13491.82 12192.19
13481.47 12166.11
13480.28 12163.11
13478.57 12158.78
13476.39 12153.27
13473.54 12146.07
13469.82 12136.96
13465.41 12126.34
13460.48 12114.50
13455.95 12103.60
13451.38 12092.62
13446.47 12080.79
13441.72 12069.32
13437.22 12058.44
13432.32 12046.59
13427.71 12035.45
13422.83 12023.65
13418.05 12012.08
13409.28 11990.95
13404.92 11980.47
13400.64 11970.17
13397.51 11962.64
13395.33 11957.41
13394.56 11955.57
13394.56 11955.56
13394.56 11955.56
13394.56 11955.56
13394.56 11955.56
13394.56 11955.56
13394.37 11955.10
13397.32 11945.56
13399.93 11943.07
13403.76 11939.77
13408.85 11935.38
13415.70 11929.48
13424.29 11922.08
13433.31 11914.30
13443.17 11905.78
13452.21 11897.92
13450.55 11882.43
13445.12 11870.65
13439.46 11858.38
13433.83 11846.18
13433.68 11834.95
13443.57 11826.55
13453.97 11817.72
13464.38 11808.87
13474.72 11800.10
13484.48 11791.81
13494.54 11783.26
13504.70 11774.63
13514.60 11766.22
13525.26 11769.63
13533.82 11779.52
13542.59 11789.66
13551.25 11799.68
