11484.11 14937.28
11482.93 14938.03
11481.16 14931.35
11489.02 14930.16
11495.03 14926.15
11502.24 14921.33
11511.24 14915.14
11521.46 14908.05
11532.21 14900.49
11543.29 14892.51
11559.08 14880.96
11569.40 14873.23
11579.92 14865.36
11590.24 14857.50
11601.01 14849.28
11611.14 14841.55
11620.60 14834.33
11627.33 14829.19
11630.92 14826.45
11632.84 14824.99
11633.62 14824.39
11634.23 14823.93
11634.33 14823.85
11634.36 14823.83
11634.37 14823.82
11634.37 14823.82
11634.38 14823.82
11634.38 14823.82
11634.38 14823.82
11634.38 14823.82
11634.38 14823.82
11634.38 14823.82
11634.38 14823.82
11634.38 14823.82
11634.38 14823.82
11634.38 14823.82
11634.38 14823.82
11634.38 14823.82
11634.38 14823.82
11634.38 14823.82
11634.38 14823.82
11634.38 14823.82
11635.41 14823.03
11637.95 14821.09
11642.21 14817.84
11654.86 14807.84
11661.47 14802.51
11668.96 14796.46
11676.97 14789.99
11683.73 14784.53
11690.99 14778.59
11698.18 14772.59
11705.77 14766.27
11713.13 14760.13
11720.53 14753.96
11726.81 14748.48
11733.43 14742.52
11740.98 14735.50
11748.43 14728.57
11762.90 14714.73
11768.10 14709.44
11773.16 14704.28
11778.79 14698.55
11788.46 14688.60
11795.31 14681.20
11801.90 14674.08
11809.36 14666.33
11817.99 14652.62
11820.35 14650.09
11821.75 14648.58
11822.43 14647.85
11822.49 14647.78
11822.57 14647.70
11822.58 14647.69
11822.59 14647.68
11822.59 14647.68
11822.59 14647.68
11822.59 14647.68
11822.59 14647.68
11822.59 14647.68
11822.59 14647.68
11822.59 14647.68
11822.59 14647.68
11822.59 14647.68
11822.73 14647.53
11823.28 14646.94
11824.06 14646.10
11825.39 14644.67
11827.20 14642.73
11828.73 14641.04
11829.13 14640.60
11829.25 14640.47
11829.27 14640.45
11829.27 14640.45
11829.27 14640.45
11829.27 14640.45
11829.27 14640.45
11829.27 14640.45
11829.27 14640.45
11829.27 14640.45
11829.27 14640.45
11829.27 14640.45
11829.27 14640.45
11829.27 14640.45
11829.27 14640.45
11829.27 14640.45
11829.27 14640.45
11829.27 14640.45
11829.27 14640.45
11829.27 14640.45
11829.27 14640.45
11829.27 14640.45
11829.27 14640.45
11829.27 14640.45
11829.27 14640.45
11829.27 14640.45
11829.27 14640.45
11829.27 14640.45
11829.27 14640.45
11829.27 14640.45
11829.27 14640.45
11829.27 14640.45
11829.27 14640.45
11829.27 14640.45
11854.77 14616.38
11856.46 14614.46
11858.96 14611.92
11862.56 14608.28
11867.05 14603.75
11872.69 14598.04
11876.65 14594.03
11878.72 14591.93
11889.12 14581.65
11895.02 14576.11
11902.46 14569.11
11911.12 14560.96
11920.91 14551.76
11930.14 14543.08
11940.03 14533.78
11952.29 14522.28
11962.43 14512.77
11972.89 14503.87
11984.09 14494.99
11994.65 14486.47
12005.93 14477.60
12017.29 14468.96
12029.05 14460.77
12040.01 14453.31
12051.25 14445.76
12063.65 14438.36
12076.10 14431.81
12088.86 14425.10
12101.00 14418.71
12113.49 14412.13
12125.45 14405.84
12144.89 14396.07
12155.46 14390.94
12165.54 14386.05
12175.59 14381.16
12185.45 14376.15
12194.86 14371.30
12203.15 14366.84
12212.49 14361.82
12221.36 14357.05
12230.04 14352.38
12235.20 14349.61
12237.51 14348.36
12238.21 14347.98
12238.48 14347.84
12238.73 14347.70
12238.76 14347.69
12238.76 14347.69
12238.76 14347.69
12238.76 14347.69
12238.76 14347.69
12238.76 14347.69
12238.76 14347.69
12238.76 14347.69
12238.76 14347.69
12238.76 14347.69
12238.76 14347.69
12238.76 14347.69
12238.76 14347.69
12238.76 14347.69
12238.76 14347.69
12238.76 14347.69
12238.76 14347.69
12239.59 14347.24
12242.39 14345.73
12245.94 14343.82
12247.08 14343.21
12247.55 14342.95
12247.74 14342.85
12247.80 14342.82
12247.83 14342.81
12247.83 14342.80
12247.84 14342.80
12247.84 14342.80
12247.84 14342.80
12247.84 14342.80
12247.84 14342.80
12247.84 14342.80
12247.84 14342.80
12247.84 14342.80
12247.84 14342.80
12247.84 14342.80
12247.84 14342.80
12247.84 14342.80
12247.84 14342.80
12247.84 14342.80
12247.84 14342.80
12247.84 14342.80
12247.84 14342.80
12271.88 14346.98
12274.12 14349.09
12276.99 14352.25
12280.97 14356.71
12287.17 14360.80
12296.70 14362.99
12305.58 14368.68
12314.86 14374.63
12325.01 14381.04
12334.82 14387.10
12344.20 14392.91
12354.25 14399.12
12363.84 14405.05
12373.71 14411.15
12383.52 14417.22
12392.88 14423.01
12401.28 14428.21
12406.62 14431.50
12408.88 14432.90
12408.91 14432.92
12408.92 14432.93
12408.92 14432.93
12408.92 14432.93
12440.35 14452.64
12443.36 14454.43
12448.17 14457.30
12454.71 14461.19
12462.63 14465.91
12472.13 14471.56
12481.95 14477.41
12491.77 14483.26
12502.05 14489.38
12510.89 14494.64
12517.39 14498.52
12520.77 14500.53
12521.24 14500.81
12521.25 14500.81
12521.25 14500.82
12521.25 14500.82
12521.25 14500.82
12521.25 14500.82
12521.25 14500.82
12521.25 14500.82
12521.25 14500.82
12534.10 14498.81
12536.89 14496.20
12540.66 14492.66
12545.86 14487.79
12552.42 14481.65
12560.00 14474.58
12568.63 14466.56
12577.63 14458.19
12586.69 14449.77
12595.27 14441.79
12603.30 14433.36
12611.43 14424.47
12638.90 14404.31
12645.69 14400.80
12652.22 14398.11
12670.87 14390.80
12682.67 14386.70
12694.56 14382.49
12706.37 14378.40
12718.80 14374.19
12732.39 14373.82
12744.39 14370.47
12754.33 14367.70
12760.41 14366.00
12784.74 14363.07
12792.47 14361.15
12801.58 14358.90
12812.06 14356.30
12823.01 14353.36
12833.35 14350.24
12839.89 14347.12
12843.58 14345.36
12844.64 14344.85
12847.33 14343.54
12849.05 14342.70
12849.48 14342.49
12849.62 14342.43
12849.64 14342.42
12849.65 14342.41
12849.65 14342.41
12849.65 14342.41
12849.65 14342.41
12856.95 14338.92
12860.03 14337.45
12864.44 14335.36
12870.10 14332.67
12877.22 14329.11
12886.36 14324.54
12897.21 14319.11
12909.17 14314.32
12920.89 14310.03
12932.50 14306.24
12944.69 14303.55
12954.08 14301.95
12960.66 14300.83
12963.64 14300.32
12963.64 14300.32
12963.64 14300.32
12963.64 14300.32
12963.64 14300.32
12963.64 14300.32
12963.64 14300.32
12963.64 14300.32
12963.64 14300.32
12963.64 14300.32
12963.64 14300.32
12963.64 14300.32
12963.64 14300.32
12963.64 14300.32
12963.64 14300.32
12975.60 14298.89
12979.41 14298.65
12985.10 14298.29
12992.21 14298.17
13001.12 14298.34
13011.54 14298.99
13023.51 14300.74
13036.02 14302.84
13048.22 14305.36
13060.65 14308.57
13080.36 14315.34
13090.78 14319.58
13101.37 14323.89
13117.66 14330.85
13128.95 14336.60
13139.91 14344.44
13149.86 14352.67
13160.22 14361.30
13170.61 14369.70
13180.43 14377.65
13190.90 14385.27
13210.22 14397.68
13222.18 14403.69
13233.82 14408.20
13246.23 14410.69
13259.21 14410.81
13277.69 14406.67
13290.05 14402.91
13302.34 14399.42
13316.13 14402.49
13320.29 14404.40
13322.43 14405.38
13322.45 14405.39
13322.46 14405.40
13322.47 14405.40
13322.47 14405.40
13322.47 14405.40
13322.47 14405.40
13322.47 14405.40
13329.31 14393.67
13332.92 14393.74
13338.11 14394.04
13344.86 14394.92
13353.15 14396.00
13362.81 14393.94
13374.48 14395.46
13386.80 14397.06
13399.78 14398.75
13412.14 14400.36
13425.16 14402.06
13437.90 14403.72
13450.59 14405.37
13464.71 14405.50
13473.21 14406.51
13481.07 14407.45
13487.21 14408.19
13503.98 14394.38
13504.16 14388.83
13504.33 14383.69
13504.52 14377.93
13504.63 14374.33
13505.07 14362.24
13505.35 14355.16
13505.60 14348.65
13505.86 14341.84
13506.12 14335.03
13506.34 14322.43
13506.38 14314.70
13506.42 14306.74
13506.46 14301.65
13506.47 14299.82
13506.47 14299.58
13506.47 14299.40
13506.48 14299.40
13506.48 14299.40
13506.48 14299.40
13506.39 14281.87
13506.45 14278.10
13506.55 14272.54
13506.70 14264.89
13506.89 14255.46
13507.12 14244.05
13507.59 14230.58
13508.91 14217.95
13510.30 14205.16
13511.76 14191.75
13511.85 14178.53
13511.22 14165.42
13509.06 14152.32
13506.82 14139.12
13503.82 14129.39
13501.88 14123.09
13500.85 14119.76
13510.41 14110.32
13517.27 14109.43
13525.55 14108.35
13535.15 14107.10
13546.14 14105.67
13559.04 14104.00
13571.41 14102.39
13584.64 14100.67
13597.25 14099.02
13609.60 14097.42
13621.57 14095.98
13629.85 14095.15
13634.64 14094.68
13635.73 14094.57
13635.95 14094.55
13636.03 14094.54
13636.05 14094.54
13636.06 14094.54
13636.06 14094.54
13663.49 14090.30
13664.41 14089.85
13665.71 14089.21
13667.54 14088.32
13669.87 14087.17
13671.74 14085.57
13672.71 14084.57
13674.25 14074.26
13675.49 14066.41
13673.11 14057.75
13670.17 14047.06
13667.07 14035.51
13663.87 14023.60
13660.74 14011.88
13658.60 14003.49
13654.09 13978.77
13653.19 13972.27
13651.50 13951.88
13650.80 13940.18
13650.15 13928.54
13649.58 13917.07
13650.39 13897.24
13651.91 13884.11
13653.52 13870.17
13655.12 13856.34
13656.61 13843.45
13658.16 13830.06
13659.64 13817.30
13661.15 13804.23
13662.96 13790.65
13666.33 13777.56
13669.84 13763.97
13673.08 13751.40
13675.29 13738.73
13676.54 13724.77
13676.48 13711.14
13676.41 13697.29
13676.35 13683.52
13676.25 13670.04
13676.15 13656.07
13676.41 13643.01
13676.90 13629.07
13677.48 13615.71
13680.16 13570.72
13681.24 13563.71
13682.35 13556.56
13683.33 13550.24
13684.06 13545.56
13684.44 13543.05
13684.49 13542.77
13681.23 13542.23
13681.23 13542.21
13681.23 13542.20
13681.23 13542.20
13681.23 13542.20
13683.14 13531.01
13683.79 13527.48
13684.82 13521.83
13686.10 13514.81
13687.77 13505.63
13689.71 13495.03
13694.57 13486.78
13696.26 13477.52
13698.28 13468.09
13701.06 13458.98
13707.31 13449.82
13710.65 13438.85
13714.22 13427.15
13717.84 13415.28
13725.00 13387.10
13727.30 13378.72
13735.26 13357.49
13735.97 13355.62
13744.20 13334.48
13747.79 13325.71
13756.62 13304.03
13761.18 13292.06
13765.74 13280.08
13770.13 13268.56
13774.70 13256.56
13779.27 13244.56
13783.51 13233.43
13791.02 13213.04
13795.80 13199.95
13800.36 13187.48
13801.71 13173.76
13805.73 13161.00
13810.02 13147.41
13814.19 13134.19
13818.43 13120.77
13822.58 13107.60
13826.44 13094.94
13830.25 13081.42
13837.18 13068.98
13841.55 13055.60
13846.46 13039.15
13851.29 13026.71
13855.30 13013.60
13857.81 13000.51
13859.38 12987.26
13859.73 12974.04
13858.75 12960.28
13856.35 12947.40
13852.70 12933.93
13848.47 12920.70
13843.91 12907.53
13837.30 12895.61
13826.02 12876.02
13818.78 12865.42
13811.62 12855.24
13804.19 12845.16
13797.09 12835.53
13789.81 12825.89
13782.09 12816.48
13773.81 12806.38
13775.60 12793.98
13785.35 12801.56
13792.56 12811.26
13799.93 12821.15
13807.14 12830.84
13814.42 12840.63
13830.70 12838.67
13843.44 12835.90
13856.83 12834.93
13869.14 12838.74
13880.43 12845.67
13890.56 12853.88
13901.10 12861.55
13913.50 12865.85
13926.23 12868.02
13939.50 12870.07
13952.98 12872.16
13965.68 12874.12
13984.70 12878.57
13996.87 12881.06
14009.39 12883.62
14021.57 12886.11
14033.54 12888.56
14039.92 12874.64
14041.42 12861.38
14042.73 12848.04
14043.69 12834.46
14044.39 12821.73
14045.10 12808.82
14045.80 12796.17
14047.84 12776.38
14049.40 12764.77
14051.10 12752.17
14052.68 12740.48
14055.12 12719.16
14056.16 12708.32
14058.51 12691.27
14061.56 12678.11
14064.67 12664.64
14067.78 12651.21
14070.89 12637.74
14073.99 12624.34
14076.95 12611.51
14080.16 12597.63
14083.27 12584.18
14086.73 12570.37
14089.62 12560.54
14091.31 12554.87
14100.33 12546.64
14108.43 12543.09
14118.29 12538.78
14127.94 12523.41
14132.83 12511.89
14137.99 12499.71
14142.95 12488.02
14148.08 12475.93
14152.98 12464.38
