5537.41 14308.52
5539.11 14308.65
5542.65 14308.94
5547.67 14309.24
5555.07 14309.52
5564.25 14309.86
5575.52 14309.76
5587.52 14309.54
5599.74 14309.32
5611.77 14309.10
5624.31 14308.87
5636.15 14308.66
5647.99 14308.44
5660.94 14308.11
5672.68 14307.07
5684.70 14305.48
5696.99 14303.81
5709.25 14302.66
5721.29 14301.80
5734.05 14301.17
5746.02 14300.58
5758.52 14300.28
5771.47 14300.52
5783.94 14300.27
5796.00 14300.01
5808.65 14299.33
5821.06 14298.61
5833.07 14297.90
5845.31 14297.19
5857.15 14296.50
5869.52 14295.78
5882.06 14295.04
5894.66 14294.31
5906.57 14293.61
5918.58 14292.91
5930.95 14292.19
5943.71 14291.61
5955.46 14291.09
5967.26 14290.57
5979.81 14290.01
5992.36 14289.46
6004.67 14288.92
6014.62 14288.29
6020.53 14287.66
6022.21 14287.47
6022.59 14287.43
6022.80 14287.41
6022.84 14287.41
6022.86 14287.41
6022.86 14287.41
6022.86 14287.41
6022.86 14287.41
6022.86 14287.41
6023.75 14287.31
6026.81 14286.98
6054.48 14284.03
6059.56 14283.49
6065.97 14282.81
6073.91 14281.97
6082.91 14281.01
6092.60 14279.97
6102.45 14278.92
6112.37 14277.87
6132.92 14275.21
6138.19 14274.69
6142.25 14274.29
6145.14 14274.01
6161.83 14276.06
6165.01 14275.87
6167.91 14275.69
6169.50 14275.59
6187.31 14274.90
6196.11 14274.88
6207.05 14274.85
6218.37 14274.82
6240.28 14274.42
6252.79 14274.01
6265.41 14273.59
6277.99 14273.18
6290.24 14272.78
6302.81 14272.37
6314.80 14271.98
6326.90 14271.58
6339.14 14271.18
6351.17 14270.79
6363.95 14269.71
6423.34 14267.21
6425.09 14267.93
6426.89 14268.67
6428.60 14269.38
6429.71 14269.83
6430.22 14270.04
6430.29 14270.08
6430.43 14270.15
6430.78 14270.33
6447.89 14260.03
6450.51 14259.92
6454.12 14263.08
6458.16 14262.92
6461.45 14262.79
6463.17 14262.72
6482.05 14261.82
6489.78 14261.27
6498.84 14260.56
6509.13 14259.76
6520.68 14258.86
6533.05 14257.90
6545.10 14256.96
6557.03 14256.15
6569.34 14255.32
6581.40 14254.51
6593.82 14253.68
6605.98 14252.86
6629.68 14251.46
6641.63 14250.86
6653.93 14250.24
6665.98 14249.63
6677.85 14249.04
6689.73 14248.44
6701.76 14247.83
6713.80 14247.23
6726.23 14246.60
6738.32 14245.99
6751.02 14245.35
6762.83 14244.76
6775.73 14244.11
6787.76 14243.51
6799.60 14242.91
6811.48 14242.31
6824.16 14241.68
6837.11 14241.03
6850.01 14240.38
6871.64 14239.26
6882.17 14238.67
6892.98 14238.06
6903.54 14237.46
6914.45 14236.84
6925.08 14236.24
6936.40 14235.60
6946.09 14235.05
6963.51 14230.72
6973.06 14230.12
6981.86 14229.56
6991.50 14228.95
7002.96 14228.23
7014.11 14227.52
7025.26 14226.82
7035.69 14226.14
7046.26 14225.38
7060.33 14226.13
7072.26 14225.44
7083.97 14224.76
7095.45 14224.09
7107.01 14223.42
7119.22 14222.73
7130.82 14222.10
7143.15 14221.43
7154.59 14220.81
7169.65 14220.95
7181.16 14219.82
7192.97 14219.12
7205.19 14218.40
7216.74 14217.72
7228.57 14217.02
7240.65 14216.25
7252.64 14215.35
7264.54 14214.46
7276.27 14213.58
7287.88 14212.71
7299.71 14211.82
7311.57 14210.93
7324.01 14210.00
7336.38 14209.07
7348.06 14208.28
7359.00 14210.28
7384.25 14219.31
7395.70 14221.81
7408.22 14222.26
7420.14 14221.95
7430.96 14221.67
7442.80 14221.37
7453.30 14221.10
7463.52 14220.83
7474.31 14220.56
7485.09 14220.28
7495.21 14219.88
7505.63 14219.41
7516.50 14218.93
7527.19 14218.46
7538.39 14217.96
7549.08 14217.48
7559.61 14217.22
7570.60 14217.03
7582.17 14216.66
7606.42 14215.44
7606.84 14215.41
7624.67 14214.11
7635.34 14213.12
7646.90 14210.75
7657.89 14208.70
7668.77 14207.35
7680.61 14206.22
7691.47 14205.59
7702.65 14205.10
7712.90 14204.74
7725.65 14204.30
7738.21 14203.86
7750.56 14203.43
7762.86 14203.00
7775.18 14202.56
7788.19 14202.11
7801.31 14201.65
7814.13 14201.20
7827.27 14200.74
7840.68 14200.27
7853.24 14199.83
7866.32 14199.37
7878.76 14198.94
7891.40 14198.50
7909.98 14197.91
7923.58 14197.54
7937.13 14197.17
7950.40 14196.82
7963.86 14193.15
7977.36 14192.79
7990.97 14192.42
8004.54 14192.06
8017.80 14191.70
8030.72 14191.35
8043.42 14191.01
8056.72 14190.65
8069.66 14190.30
8082.80 14189.95
8096.09 14189.59
8109.65 14189.28
8122.31 14188.62
8135.08 14187.89
8147.45 14187.45
8160.81 14186.97
8173.47 14186.51
8186.11 14186.06
8198.59 14185.55
8211.22 14184.70
8224.30 14187.26
8236.86 14186.85
8249.24 14186.44
8261.95 14186.01
8274.79 14185.94
8288.02 14186.11
8300.85 14186.11
8314.11 14185.71
8327.63 14185.31
8337.90 14184.99
8344.51 14184.80
8346.67 14184.73
8348.03 14184.69
8351.07 14184.60
8362.15 14183.71
8366.30 14183.25
8372.04 14182.61
8389.92 14180.80
8400.97 14179.97
8412.97 14179.08
8424.37 14178.23
8435.99 14177.37
8447.45 14176.43
8458.74 14175.49
8470.66 14174.50
8482.60 14173.51
8494.32 14172.54
8505.58 14171.61
8517.83 14170.60
8529.15 14169.66
8540.62 14168.61
8548.36 14167.81
8552.98 14167.33
8554.18 14167.20
8555.93 14167.02
8557.22 14166.89
8559.00 14166.70
8559.58 14166.64
8559.90 14166.61
8560.06 14166.59
8560.10 14166.59
8560.17 14166.58
8560.19 14166.58
8560.26 14166.57
8560.42 14166.55
8561.35 14166.46
8562.46 14166.34
8565.58 14166.02
8570.26 14165.54
8574.55 14165.09
8580.42 14164.47
8587.64 14163.72
8595.97 14162.84
8606.60 14161.73
8646.41 14160.96
8656.43 14160.36
8664.97 14159.85
8671.73 14159.44
8677.20 14159.11
8683.14 14158.79
8688.94 14158.62
8695.62 14160.07
8699.09 14161.81
8709.38 14141.95
8711.73 14133.79
8714.47 14124.25
8717.57 14113.48
8720.41 14102.63
8723.23 14091.80
8727.04 14082.11
8733.36 14073.25
8741.85 14066.55
8751.50 14061.66
8761.88 14059.35
8773.04 14061.23
8783.61 14063.18
8794.05 14053.53
8797.87 14041.77
8801.70 14029.99
8806.09 14018.83
8811.10 14006.78
8819.07 13996.21
8824.79 13985.16
8831.50 13973.97
8837.95 13963.19
8844.63 13952.51
8852.48 13942.09
8860.08 13932.01
8867.73 13921.86
8875.54 13911.50
8882.91 13901.84
8890.89 13891.47
8898.27 13881.88
8905.64 13872.30
8913.15 13862.54
8920.74 13852.67
8928.18 13843.00
8935.69 13833.25
8943.31 13823.34
8950.16 13812.37
8956.79 13801.21
8962.93 13790.89
8968.04 13779.64
8972.20 13769.71
8974.75 13763.63
8975.63 13761.54
8975.81 13761.11
8975.82 13761.09
8989.49 13755.34
8993.28 13756.04
8999.14 13757.13
9006.30 13758.38
9014.97 13759.79
9025.79 13761.49
9037.73 13763.37
9050.03 13765.30
9061.96 13767.17
9074.47 13769.13
9087.02 13771.10
9099.56 13773.04
9111.95 13774.67
9124.82 13776.34
9137.06 13777.87
9149.65 13779.43
9162.02 13780.97
9174.57 13782.54
9186.56 13784.03
9199.26 13785.61
9217.30 13787.27
9229.37 13788.34
9241.25 13789.38
9254.01 13790.50
9266.84 13791.63
9279.11 13792.25
9291.58 13792.56
9304.12 13792.88
9316.52 13793.20
9329.53 13793.53
9348.16 13793.77
9360.46 13793.70
9373.58 13793.63
9386.10 13793.56
9399.07 13793.48
9412.32 13793.41
9424.70 13793.34
9437.00 13793.27
9449.92 13793.20
9462.90 13793.12
9475.15 13793.05
9488.27 13792.98
9501.09 13792.84
9513.95 13792.36
9526.84 13791.39
9538.91 13790.47
9551.67 13789.50
9570.62 13788.13
9583.16 13787.33
9596.24 13786.50
9609.36 13785.67
9622.11 13784.85
9634.67 13784.05
9647.21 13783.26
9660.19 13782.43
9672.86 13781.62
9685.44 13780.82
9698.43 13779.99
9710.55 13779.22
9728.81 13778.06
9741.20 13777.27
9753.53 13776.49
9766.16 13775.68
9778.37 13774.90
9790.83 13774.11
9803.15 13773.32
9815.94 13772.51
9828.41 13771.71
9841.04 13770.91
9860.13 13769.47
9872.64 13768.46
9885.10 13767.46
9898.20 13766.40
9911.40 13765.34
9923.96 13764.32
9936.30 13763.33
9948.49 13762.34
9961.34 13761.31
9973.50 13760.33
9982.40 13759.61
9987.43 13759.20
9992.61 13756.12
10001.70 13757.99
10009.37 13758.10
10021.93 13757.11
10034.25 13756.14
10046.54 13755.17
10059.66 13754.14
10072.37 13753.14
10085.01 13752.15
10098.40 13751.10
10111.14 13750.09
10124.11 13749.07
10137.28 13748.04
10150.49 13747.00
10162.77 13746.04
10175.28 13745.05
10188.25 13744.03
10200.68 13743.05
10213.98 13742.01
10223.94 13741.23
10230.06 13740.74
10237.94 13733.66
10242.96 13727.37
10249.11 13720.52
10257.33 13714.03
10261.44 13698.24
10262.56 13686.17
10263.69 13673.88
10264.87 13661.23
10266.05 13648.50
10267.23 13635.75
10268.42 13622.84
10269.52 13611.06
10270.65 13598.82
10271.76 13586.93
10273.67 13565.20
10274.63 13553.77
10275.61 13542.01
10276.57 13530.61
10277.57 13518.69
10278.57 13506.77
10280.14 13494.95
10286.02 13473.97
10287.10 13462.66
10288.20 13451.20
10289.28 13439.86
10290.44 13427.64
10291.53 13416.32
10292.66 13404.46
10293.75 13393.04
10295.64 13371.96
10296.67 13359.74
10297.69 13347.68
10298.69 13335.88
10299.74 13323.44
10300.71 13311.88
10301.70 13300.18
10302.72 13288.15
10303.74 13276.02
10305.11 13263.99
10319.63 13243.27
10328.48 13233.44
10337.28 13223.67
10345.68 13214.34
10354.29 13204.78
10362.80 13195.33
10370.98 13186.25
10379.71 13176.55
10388.26 13167.05
10396.57 13157.82
10405.14 13148.31
10413.52 13139.00
10422.01 13129.57
10430.54 13120.10
10438.95 13110.77
10447.67 13101.09
10456.11 13091.71
10464.92 13081.92
10473.69 13072.19
10482.04 13062.92
10491.59 13054.22
10502.31 13051.59
10509.29 13051.82
10520.56 13046.86
10521.46 13040.53
10529.51 13024.60
10532.39 13020.16
10534.32 13017.17
10535.29 13015.64
10535.72 13014.96
10535.81 13014.83
10535.82 13014.82
10535.82 13014.81
10535.82 13014.81
10535.82 13014.81
10535.82 13014.81
10535.82 13014.81
10535.82 13014.81
10535.95 13014.61
10536.01 13014.52
10536.03 13014.49
10536.03 13014.49
10536.03 13014.49
10536.03 13014.49
10561.68 13017.73
10565.17 13019.66
10570.15 13022.45
10576.23 13025.85
10583.34 13030.04
10591.74 13035.10
10601.45 13040.96
10610.81 13046.71
10620.05 13052.38
10629.04 13057.91
10638.02 13063.42
10647.36 13069.15
10668.42 13082.03
10678.17 13087.95
10687.77 13093.79
10697.75 13099.81
10707.77 13105.64
10717.81 13111.49
10727.33 13117.03
10744.53 13127.22
10752.55 13131.99
10761.06 13137.04
10776.18 13145.96
10786.16 13151.80
10796.81 13158.04
10807.22 13164.13
10817.34 13170.10
10827.53 13176.14
10834.30 13180.16
10837.79 13182.22
10838.77 13182.80
10839.44 13183.20
10839.54 13183.26
10839.59 13183.29
10839.63 13183.31
10839.63 13183.31
10839.63 13183.31
10839.63 13183.31
10840.65 13183.92
10843.42 13185.56
