21722.06 9265.46
21721.65 9267.27
21720.99 9270.18
21720.04 9274.34
21718.79 9279.87
21717.05 9287.54
21714.87 9297.12
21712.97 9305.51
21711.67 9311.21
21718.52 9319.13
21728.88 9321.43
21741.52 9324.24
21754.47 9327.11
21767.94 9330.32
21781.36 9334.53
21793.98 9338.63
21806.50 9343.16
21819.54 9348.84
21832.69 9354.52
21845.56 9360.07
21857.82 9366.70
21869.34 9373.13
21880.87 9379.73
21892.05 9386.99
21903.29 9394.28
21914.87 9402.64
21926.00 9411.46
21936.53 9419.82
21955.80 9436.52
21963.70 9444.26
21971.89 9452.26
21980.25 9460.43
21988.60 9468.60
21996.57 9476.45
22004.82 9484.58
22032.15 9510.87
22036.23 9515.15
22039.34 9518.22
22041.26 9520.20
22042.01 9520.98
22042.12 9521.10
22046.04 9530.80
22045.15 9531.61
22036.47 9534.98
22034.30 9536.93
22031.62 9539.34
22005.25 9563.28
21994.91 9572.83
21982.95 9583.87
21970.84 9595.05
21958.54 9606.40
21945.80 9618.17
21933.72 9629.31
21923.82 9642.95
21911.56 9654.27
21899.01 9665.86
21886.91 9677.03
21874.88 9688.14
21862.64 9699.43
21850.48 9710.66
21838.37 9721.84
21826.39 9732.89
21814.37 9744.00
21802.12 9755.31
21789.48 9766.97
21777.22 9778.29
21764.47 9790.06
21752.41 9801.19
21740.31 9812.36
21727.57 9824.13
21714.98 9835.75
21702.77 9847.02
21690.57 9858.28
21678.50 9869.43
21665.89 9881.07
21653.32 9892.67
21641.02 9904.03
21628.33 9915.74
21616.11 9927.02
21603.56 9938.61
21590.80 9950.39
21578.23 9961.99
21568.53 9970.95
21562.06 9976.92
21558.34 9980.35
21557.17 9981.43
21556.94 9981.64
21556.94 9981.65
21556.94 9981.65
21556.94 9981.65
21556.94 9981.65
21556.94 9981.65
21556.94 9981.65
21556.94 9981.65
21548.41 9989.67
21545.06 9992.91
21540.64 9997.15
21534.73 10002.84
21527.75 10009.56
21519.40 10017.59
21509.62 10027.01
21498.09 10038.10
21485.99 10049.17
21473.74 10060.19
21461.00 10071.67
21448.64 10082.80
21435.74 10094.42
21423.10 10105.80
21410.20 10117.42
21397.77 10128.61
21385.84 10139.36
21377.72 10146.72
21370.21 10153.53
21362.74 10160.30
21355.25 10167.10
21347.29 10174.32
21339.78 10181.14
21331.88 10188.30
21325.90 10193.73
21322.32 10196.97
21321.15 10198.03
21321.13 10198.05
21321.13 10198.05
21321.13 10198.05
21321.13 10198.05
21321.13 10198.05
21321.13 10198.05
21321.13 10198.05
21321.13 10198.05
21321.13 10198.05
21321.13 10198.05
21321.13 10198.05
21321.13 10198.05
21321.13 10198.05
21321.13 10198.05
21321.13 10198.05
21321.13 10198.05
21321.13 10198.05
21321.13 10198.05
21321.13 10198.05
21321.13 10198.05
21321.13 10198.05
21321.13 10198.05
21321.13 10198.05
21321.13 10198.05
21321.13 10198.05
21321.13 10198.05
21321.13 10198.05
21321.13 10198.05
21321.13 10198.05
21321.13 10198.05
21321.13 10198.05
21321.13 10198.05
21321.13 10198.05
21321.13 10198.05
21321.13 10198.05
21321.13 10198.05
21321.13 10198.05
21321.13 10198.05
21321.13 10198.05
21321.13 10198.05
21321.13 10198.05
21321.13 10198.05
21321.13 10198.05
21321.13 10198.05
21321.13 10198.05
21321.13 10198.05
21320.43 10198.68
21318.62 10200.33
21316.78 10201.99
21265.53 10247.29
21264.94 10247.82
21264.21 10248.46
21263.33 10249.25
21255.48 10256.38
21245.47 10265.53
21235.65 10274.51
21225.68 10283.63
21216.51 10292.01
21207.48 10300.27
21197.24 10309.64
21187.96 10318.12
21178.66 10326.63
21168.73 10335.71
21165.40 10346.55
21162.49 10350.59
21160.12 10353.89
21158.81 10355.71
21152.27 10365.06
21151.79 10365.80
21151.00 10367.06
21150.36 10368.05
21149.69 10369.11
21148.81 10370.49
21147.82 10372.05
21146.88 10373.52
21146.22 10374.57
21145.41 10375.84
21144.83 10376.74
21143.96 10378.12
21143.24 10379.24
21123.56 10413.04
21120.75 10419.37
21118.65 10424.10
21116.51 10428.92
21114.42 10433.61
21112.27 10438.09
21110.56 10441.53
21108.98 10444.70
21106.75 10449.19
21103.91 10454.92
21100.11 10462.56
21095.57 10471.69
21089.51 10482.82
21083.23 10495.10
21078.97 10504.24
21075.18 10512.36
21071.27 10520.73
21063.05 10547.56
21061.42 10557.60
21062.84 10567.38
21068.89 10577.05
21083.36 10583.14
21094.54 10588.94
21109.09 10590.64
21124.40 10591.37
21138.94 10591.03
21152.95 10589.41
21166.94 10586.21
21180.59 10581.84
21195.59 10573.07
21208.94 10565.24
21221.58 10557.24
21232.96 10546.97
21240.41 10537.11
21246.46 10524.66
21250.06 10510.04
21250.35 10496.70
21246.59 10484.02
21238.40 10472.39
21226.55 10465.13
21212.47 10459.69
21196.16 10457.62
21179.37 10457.90
21159.58 10458.02
21146.48 10455.67
21131.86 10456.75
21115.25 10457.97
21096.70 10459.33
21076.81 10460.80
21055.15 10462.39
21032.10 10464.08
21006.95 10465.93
20978.13 10469.65
20950.68 10471.56
20923.12 10473.47
20895.04 10475.41
20867.25 10477.29
20839.17 10479.19
20811.90 10481.03
20784.23 10482.90
20757.23 10484.74
20730.70 10486.70
20704.06 10488.68
20678.58 10490.57
20652.92 10492.28
20627.71 10493.61
20606.72 10494.72
20585.48 10495.84
20562.48 10497.11
20538.34 10498.80
20514.31 10500.48
20490.09 10502.17
20465.98 10503.86
20442.25 10505.60
20419.14 10507.29
20394.86 10509.07
20370.83 10511.70
20350.09 10514.01
20327.16 10516.56
20304.04 10520.29
20280.21 10524.18
20257.56 10528.13
20234.71 10533.17
20211.53 10538.47
20188.39 10544.26
20167.38 10550.38
20145.53 10557.05
20122.78 10564.02
20100.12 10568.24
20077.66 10576.89
20054.16 10586.99
20028.78 10598.33
20005.11 10609.54
19979.79 10622.25
19955.87 10635.13
19931.45 10648.88
19908.13 10662.58
19884.38 10676.73
19860.95 10691.51
19838.17 10705.93
19815.68 10720.15
19792.14 10735.05
19769.16 10749.59
19746.00 10764.25
19721.67 10779.64
19697.44 10794.99
19673.35 10810.48
19649.01 10826.14
19625.96 10840.96
19602.51 10856.05
19580.14 10870.43
19557.16 10885.21
19533.84 10900.08
19510.73 10914.75
19486.96 10929.85
19464.52 10944.10
19440.93 10959.22
19416.39 10975.11
19393.33 10990.05
19371.05 11004.48
19347.82 11019.51
19324.03 11034.75
19300.25 11049.98
19277.51 11064.54
19253.02 11080.16
19230.76 11094.28
19207.36 11109.13
19180.29 11125.01
19156.72 11140.97
19132.84 11157.15
19109.63 11172.87
19083.92 11190.30
19059.79 11206.80
19035.65 11223.65
19013.63 11243.31
18991.97 11263.67
18972.32 11285.67
18954.39 11308.28
18936.81 11332.21
18921.93 11356.85
18908.05 11382.17
18895.00 11407.70
18884.91 11434.73
18875.38 11462.30
18868.22 11490.46
18861.31 11517.68
18854.29 11545.25
18847.77 11570.85
18842.08 11593.20
18835.89 11615.04
18829.28 11636.52
18822.37 11657.02
18814.60 11678.91
18806.39 11699.85
18796.61 11720.76
18785.83 11741.76
18774.17 11762.22
18761.94 11781.86
18748.62 11801.23
18735.09 11819.91
18721.35 11838.18
18706.10 11854.65
18690.39 11870.98
18674.66 11887.58
18658.90 11904.32
18641.06 11919.23
18622.87 11933.29
18605.09 11947.04
18585.32 11960.14
18566.12 11972.61
18546.32 11983.44
18525.88 11993.11
18505.23 12002.06
18484.42 12010.86
18462.51 12019.55
18440.96 12028.08
18419.27 12035.38
18397.64 12042.24
18374.91 12048.50
18352.82 12054.59
18330.12 12060.84
18307.54 12067.06
18285.07 12073.25
18263.09 12079.72
18240.55 12087.12
18218.95 12095.53
18197.20 12104.83
18175.86 12114.29
18155.60 12124.54
18135.73 12135.69
18116.33 12147.88
18096.89 12160.55
18078.13 12173.39
18059.54 12187.46
18041.62 12201.60
18025.09 12217.07
18008.44 12233.22
17991.92 12249.43
17973.01 12267.33
17956.36 12282.73
17939.10 12298.67
17922.64 12313.89
17906.18 12328.14
17888.73 12343.24
17871.30 12358.33
17853.85 12373.44
17836.12 12388.11
17818.24 12402.23
17800.47 12415.65
17782.06 12428.45
17763.59 12440.92
17744.73 12452.64
17726.10 12462.93
17705.98 12472.23
17685.96 12480.31
17664.76 12488.56
17643.48 12495.86
17621.00 12502.60
17598.54 12507.96
17575.77 12512.08
17552.98 12515.05
17530.12 12516.81
17507.56 12518.41
17484.74 12518.77
17461.58 12518.24
17439.02 12516.89
17413.33 12513.18
17391.38 12510.81
17369.68 12508.46
17347.11 12505.57
17329.92 12503.29
17312.74 12501.02
17295.88 12498.79
17253.82 12494.85
17231.51 12491.24
17208.21 12487.47
17185.27 12483.86
17162.01 12481.09
17139.14 12478.85
17115.47 12477.25
17092.79 12476.68
17069.48 12476.46
17046.29 12476.44
17023.10 12477.59
17000.22 12479.02
16979.88 12481.41
16961.99 12483.85
16944.49 12486.43
16927.91 12489.28
16911.62 12492.18
16895.41 12495.92
16878.14 12500.14
16861.12 12504.66
16845.53 12509.66
16829.98 12514.95
16814.67 12520.14
16799.86 12525.43
16785.11 12531.08
16770.19 12536.80
16754.82 12542.68
16740.38 12548.70
16726.77 12554.94
16712.66 12561.41
16698.84 12568.71
16685.32 12575.97
16672.24 12583.18
16659.24 12590.89
16646.63 12599.48
16628.76 12610.93
16616.13 12619.43
16604.51 12627.26
16592.11 12635.60
16579.45 12644.13
16567.43 12652.22
16555.39 12660.33
16543.18 12668.55
16530.52 12677.08
16517.81 12685.64
16505.85 12693.69
16493.65 12704.34
16483.02 12711.90
16471.15 12720.35
16460.40 12728.00
16449.47 12735.77
16438.94 12743.26
16427.89 12751.12
16417.09 12758.81
16406.29 12766.51
16394.42 12774.98
16382.99 12783.13
16372.09 12790.91
16360.91 12798.89
16350.58 12806.26
16340.41 12813.52
16329.42 12821.36
16318.38 12829.24
16307.58 12836.95
16248.88 12874.73
16236.10 12882.90
16223.97 12890.65
16210.83 12899.04
16198.19 12907.57
16186.32 12916.14
16174.90 12924.38
16162.50 12933.34
16149.64 12942.63
16138.34 12950.79
16128.24 12962.15
16114.98 12971.73
16102.93 12980.43
16089.35 12990.23
16077.12 12999.06
16063.76 13008.71
16051.72 13017.41
16038.59 13026.89
16026.37 13036.01
16012.90 13046.22
16002.57 13056.38
15991.42 13068.37
15981.69 13079.70
15971.70 13092.73
15963.71 13105.05
15955.84 13118.25
15948.37 13132.00
15941.52 13146.21
15936.23 13159.43
15931.66 13173.98
15927.44 13188.45
15924.23 13201.55
15920.77 13215.68
15917.56 13229.36
15914.03 13244.40
15910.69 13258.61
15907.41 13272.62
15904.26 13286.02
15900.69 13301.25
15897.32 13316.03
15893.96 13331.21
15890.84 13345.33
15887.58 13360.10
15884.31 13374.88
15881.07 13389.51
15877.83 13404.18
15874.12 13419.14
15870.59 13433.10
15866.97 13447.42
15863.42 13461.44
15859.86 13475.53
15856.41 13489.19
15852.04 13504.60
15847.45 13518.87
15842.83 13533.24
15838.17 13547.71
15833.65 13561.77
15828.87 13576.64
15824.14 13591.34
15816.97 13607.54
15811.60 13621.30
15806.00 13635.67
15800.24 13650.44
15794.84 13664.29
15789.35 13678.35
15783.73 13692.77
15777.34 13706.27
15770.38 13720.72
15763.68 13734.62
15756.97 13748.54
15750.37 13762.23
15744.69 13774.02
15739.38 13785.21
15734.48 13795.54
15729.22 13806.64
15723.88 13817.89
15720.35 13825.33
15718.20 13829.86
15717.12 13831.96
15716.68 13832.76
15716.58 13832.95
15715.90 13834.18
15714.36 13837.00
15709.23 13846.78
15706.57 13852.16
15703.16 13859.04
15698.89 13867.66
15695.25 13877.80
15691.59 13889.06
15688.02 13900.04
15684.85 13909.76
15689.72 13940.50
15690.37 13944.72
15690.96 13948.41
15693.10 13962.50
15694.87 13972.19
15696.76 13982.49
15702.39 13996.77
15704.53 14009.70
15706.61 14022.21
15708.64 14034.48
15710.66 14046.67
15712.74 14059.25
15714.84 14071.90
15717.02 14085.04
15718.97 14097.29
15720.39 14110.09
15716.33 14121.07
15710.68 14131.47
15702.45 14140.47
15690.72 14146.60
15679.54 14150.35
15667.44 14152.92
15654.98 14155.58
15643.13 14158.10
15631.34 14160.61
15618.69 14163.31
15605.89 14166.03
15594.60 14168.44
15581.51 14171.23
15570.30 14173.61
15557.79 14176.28
15545.99 14178.79
15533.42 14181.47
15520.87 14184.14
15514.29 14191.12
15515.68 14202.30
15522.02 14212.13
15528.76 14222.61
15535.87 14233.65
15541.32 14248.53
15548.03 14259.42
15554.74 14270.29
15561.88 14281.87
15568.60 14293.27
15573.10 14301.20
15577.47 14308.90
15582.68 14318.09
15592.25 14335.64
15597.07 14344.75
15601.85 14353.79
15606.94 14363.40
15610.65 14370.41
15612.87 14374.62
15613.41 14375.64
15613.57 14375.94
15613.62 14376.04
15614.17 14377.06
15615.58 14379.73
15618.06 14384.43
15636.50 14412.27
15639.36 14415.43
15642.72 14419.17
15646.55 14423.45
15650.44 14429.06
15653.27 14440.90
15657.86 14449.32
15662.64 14458.09
15666.85 14465.81
15681.92 14492.39
15686.98 14501.24
15691.84 14509.74
15696.62 14518.11
15701.35 14526.39
15706.28 14535.42
15715.64 14547.82
15721.85 14558.31
15727.81 14568.46
15733.34 14578.71
15739.22 14589.72
15744.74 14600.24
15750.58 14611.37
15757.00 14621.98
15763.19 14632.19
15769.85 14643.18
15776.48 14652.99
15784.03 14662.39
15793.23 14672.15
15812.63 14684.57
15821.99 14689.53
15831.29 14692.64
15841.27 14695.86
15851.16 14698.78
15861.68 14701.88
15865.75 14708.53
15865.26 14709.90
15865.06 14710.49
15864.93 14710.85
15864.91 14710.89
15864.90 14710.92
15864.76 14711.26
15864.35 14712.15
15856.04 14725.84
15854.80 14727.20
15853.23 14728.94
15833.62 14741.37
15823.92 14740.64
15814.04 14736.83
15792.96 14720.39
15792.08 14719.74
15786.77 14715.79
15784.21 14712.11
15781.38 14708.05
15778.83 14704.99
15776.52 14702.15
15774.69 14699.39
15745.78 14655.70
15740.54 14646.38
15735.06 14636.58
15729.37 14626.42
15724.21 14617.20
15719.00 14607.88
15713.20 14597.52
15707.87 14587.94
15704.10 14580.79
15704.61 14574.69
15701.13 14568.02
