13452.95 11887.65
13451.97 11885.52
13450.19 11881.66
13447.87 11876.62
13444.65 11869.64
13440.79 11861.28
13436.08 11851.06
13431.12 11840.31
13437.64 11831.59
13446.28 11824.25
13455.80 11816.17
13464.98 11808.37
13474.19 11800.54
13482.96 11793.09
13491.83 11785.56
13501.26 11777.56
13509.89 11770.22
13519.34 11764.73
13527.39 11772.09
13534.87 11780.74
13542.72 11789.82
13549.84 11798.05
13554.14 11803.01
13553.25 11815.84
13545.49 11822.58
13536.51 11830.38
13527.98 11837.78
13518.91 11845.48
13509.74 11853.28
13501.16 11860.57
13492.23 11868.16
13482.78 11876.18
13473.53 11884.04
13464.54 11891.68
13451.00 11903.34
13442.66 11910.59
13434.18 11917.91
13425.24 11925.61
13416.75 11932.93
13408.03 11940.44
13399.67 11947.88
13400.45 11961.13
13404.36 11970.53
13408.15 11979.63
13412.14 11989.23
13420.17 12008.58
13424.48 12019.00
13428.55 12028.84
13432.78 12039.05
13436.90 12049.03
13441.27 12059.58
13445.47 12069.73
13449.64 12079.83
13453.98 12090.28
13458.42 12100.95
13462.68 12111.20
13466.74 12120.97
13471.01 12131.23
13475.17 12141.23
13479.27 12151.59
13482.25 12159.12
13484.10 12163.79
13484.48 12164.73
13484.53 12164.87
13484.54 12164.90
13484.54 12164.90
13484.54 12164.90
13484.54 12164.90
13484.54 12164.90
13484.54 12164.90
13484.54 12164.90
13484.54 12164.90
13484.54 12164.90
13484.54 12164.90
13484.54 12164.90
13484.54 12164.90
13494.95 12191.13
13496.19 12194.23
13498.03 12198.87
13500.39 12204.81
13503.31 12212.15
13506.67 12220.60
13510.85 12230.96
13514.95 12240.83
13519.10 12250.85
13523.09 12260.50
13526.99 12269.89
13531.29 12280.26
13535.29 12289.94
13542.31 12307.90
13546.02 12317.55
13549.98 12327.85
13553.79 12337.77
13557.83 12348.30
13561.65 12358.22
13564.06 12364.50
13565.38 12367.93
13572.38 12386.36
13574.77 12392.29
13577.18 12399.89
13580.01 12408.92
13582.75 12418.47
13584.90 12427.68
13593.45 12447.96
13594.49 12454.03
13595.19 12458.18
13595.55 12460.31
13595.64 12460.83
13595.64 12460.84
13595.64 12460.84
13595.65 12460.84
13595.65 12460.84
13595.65 12460.85
13595.65 12460.85
13595.65 12460.85
13595.65 12460.85
13595.65 12460.85
13595.65 12460.85
13595.65 12460.85
13595.65 12460.85
13595.65 12460.85
13595.65 12460.85
13595.65 12460.85
13602.59 12485.97
13603.43 12488.07
13604.69 12491.20
13606.33 12495.31
13608.31 12500.34
13609.79 12504.39
13610.61 12506.47
13610.89 12507.13
13610.92 12507.18
13610.92 12507.19
13610.92 12507.19
13610.92 12507.19
13610.92 12507.20
13610.92 12507.20
13610.92 12507.20
13610.92 12507.20
13610.92 12507.20
13610.92 12507.20
13610.92 12507.20
13610.92 12507.20
13610.92 12507.20
13610.92 12507.20
13610.92 12507.20
13610.92 12507.20
13618.20 12523.38
13619.45 12525.76
13621.26 12529.21
13623.62 12533.71
13626.42 12539.05
13629.88 12545.65
13633.54 12552.63
13643.17 12570.93
13648.57 12581.20
13653.78 12591.09
13658.99 12601.15
13663.98 12611.08
13668.81 12620.70
13673.65 12630.33
13678.50 12640.34
13683.41 12650.55
13688.09 12660.30
13692.94 12670.37
13697.84 12679.78
13700.93 12685.67
13702.18 12688.04
13702.21 12688.11
13702.21 12688.12
13702.73 12689.10
13703.74 12691.02
13710.43 12702.75
13712.97 12706.93
13716.13 12712.11
13720.15 12718.71
13724.28 12724.86
13729.84 12732.04
13735.93 12739.90
13746.45 12752.80
13752.68 12760.37
13758.60 12767.56
13765.17 12775.54
13769.50 12780.79
13771.52 12783.25
13771.58 12783.31
13771.58 12783.32
13771.59 12783.32
13777.94 12791.60
13778.05 12791.76
13779.39 12793.56
13778.97 12798.51
13782.01 12802.60
13786.12 12808.11
13791.04 12814.74
13796.83 12822.52
13803.37 12831.31
13809.79 12839.94
13819.07 12853.36
13824.03 12860.91
13829.15 12868.71
13838.35 12882.32
13841.30 12886.34
13844.27 12890.41
13855.78 12914.42
13860.24 12925.35
13863.55 12936.56
13866.00 12947.85
13867.71 12959.32
13868.14 12971.43
13868.15 12983.51
13867.04 12995.88
13865.25 13006.91
13862.78 13017.79
13859.08 13029.59
13855.73 13040.30
13851.97 13052.36
13848.65 13063.20
13845.28 13074.23
13841.84 13085.46
13838.18 13097.44
13834.48 13108.63
13830.64 13119.93
13826.93 13130.83
13823.43 13141.12
13819.53 13152.57
13815.80 13163.55
13812.00 13174.72
13807.96 13186.57
13804.21 13197.59
13800.34 13208.97
13797.20 13220.18
13794.69 13231.89
13792.37 13242.72
13785.30 13255.18
13785.21 13265.92
13784.75 13277.75
13780.97 13289.12
13777.23 13300.36
13773.66 13311.08
13770.10 13321.80
13766.56 13332.46
13763.02 13343.11
13758.62 13354.14
13763.06 13371.98
13770.76 13379.45
13778.94 13387.41
13787.09 13395.87
13795.44 13404.31
13803.64 13412.52
13812.10 13420.85
13820.80 13428.79
13832.14 13435.99
13841.95 13442.98
13851.46 13448.56
13861.68 13452.78
13872.57 13457.15
13878.36 13458.93
13909.74 13472.34
13919.72 13476.09
13928.99 13480.97
13938.06 13486.49
13947.66 13492.84
13956.93 13498.89
13965.70 13504.61
13974.65 13510.58
13983.69 13516.75
13992.90 13521.59
14002.34 13526.07
14011.89 13532.83
14022.82 13535.33
14033.80 13537.24
14044.85 13538.90
14055.71 13540.53
14066.56 13542.17
14077.71 13543.84
14088.26 13545.47
14106.89 13549.34
14107.85 13549.62
14117.09 13552.59
14130.32 13569.33
14133.13 13574.51
14136.74 13585.28
14138.91 13595.80
14141.10 13606.43
14143.47 13617.88
14148.21 13636.31
14150.79 13645.29
14153.39 13654.37
14162.93 13669.23
14166.38 13675.12
14170.94 13684.50
14183.16 13694.64
14188.69 13700.38
14193.94 13706.92
14196.91 13711.41
14198.44 13713.90
14208.93 13737.41
14209.97 13742.08
14211.57 13747.96
14213.58 13754.43
14215.34 13759.19
14216.04 13761.79
14216.08 13761.95
14216.08 13761.98
14216.09 13761.99
14216.09 13762.00
14216.09 13762.00
14216.09 13762.00
14216.09 13762.00
14221.10 13773.32
14224.34 13775.38
14229.69 13778.78
14236.36 13783.01
14244.44 13788.15
14254.21 13794.36
14264.95 13801.19
14275.60 13807.96
14285.89 13813.56
14296.64 13818.68
14308.72 13823.04
14320.84 13826.35
14333.38 13829.00
14345.91 13830.58
14358.06 13832.02
14370.55 13833.01
14382.73 13833.78
14395.05 13834.57
14407.57 13835.36
14419.27 13836.11
14431.36 13836.88
14443.02 13837.62
14455.08 13838.38
14466.74 13839.13
14478.58 13839.88
14491.28 13840.69
14503.07 13841.44
14514.97 13842.19
14527.05 13842.96
14539.62 13843.76
14552.32 13844.57
14564.77 13845.36
14577.39 13846.17
14589.41 13846.93
14601.69 13847.71
14613.49 13848.46
14625.77 13849.24
14637.72 13850.00
14649.77 13850.77
14661.71 13851.53
14674.32 13852.33
14685.00 13853.01
14693.72 13856.87
14704.56 13857.56
14716.97 13858.35
14728.85 13859.11
14740.93 13859.49
14753.29 13859.74
14763.46 13859.95
14774.06 13860.17
14785.46 13860.40
14795.30 13860.44
14806.62 13860.51
14815.66 13860.61
14826.33 13860.73
14837.31 13860.84
14891.55 13862.45
14895.46 13862.73
14899.49 13863.02
14903.86 13863.60
14908.72 13864.29
14912.82 13864.86
14916.78 13866.28
14920.46 13867.72
14923.81 13869.04
14925.92 13869.87
14927.64 13870.54
14928.63 13870.93
14928.78 13870.99
14928.92 13871.04
14928.96 13871.06
14929.17 13871.14
14929.67 13871.34
14930.49 13871.66
14931.84 13872.23
14933.79 13873.04
14936.53 13874.18
14975.47 13919.62
14976.71 13928.01
14978.05 13937.19
14979.43 13946.54
14980.82 13956.01
14982.10 13964.75
14982.83 13974.11
14983.48 13982.97
14984.20 13992.67
14984.81 14000.92
14988.40 14018.64
14989.59 14028.34
14990.32 14034.30
14990.91 14039.22
14991.47 14044.14
14992.23 14050.88
14992.92 14056.99
14993.73 14063.96
14995.01 14072.36
14995.74 14077.14
14997.79 14090.44
14998.96 14096.93
15001.11 14104.94
15003.28 14113.01
15007.13 14123.02
15010.96 14135.56
15014.74 14142.44
15019.72 14150.07
15025.68 14157.03
15032.23 14163.69
15039.40 14170.98
15048.22 14181.86
15052.89 14186.11
15058.33 14190.37
15072.62 14199.21
15077.87 14203.18
15084.16 14208.05
15088.50 14211.43
15091.70 14213.91
15105.64 14217.19
15105.68 14217.25
15105.72 14217.30
15135.80 14219.49
15144.78 14218.81
15154.14 14218.11
15163.20 14217.49
15172.29 14216.90
15181.25 14216.32
15190.71 14215.70
15199.40 14215.13
15209.24 14214.49
15215.61 14214.08
15220.43 14213.76
15222.01 14210.36
15225.19 14210.15
15229.94 14209.84
15234.90 14209.52
15236.63 14209.41
15236.64 14209.41
15236.64 14209.41
15236.64 14209.41
15236.64 14209.41
15236.64 14209.41
15236.64 14209.41
15236.64 14209.41
15236.64 14209.41
15236.64 14209.41
15236.64 14209.41
15236.64 14209.41
15236.64 14209.41
15238.37 14209.30
15241.05 14209.12
15273.28 14208.06
15280.54 14207.26
15289.35 14206.29
15299.76 14204.88
15311.38 14203.26
15322.65 14201.69
15334.29 14200.06
15345.91 14198.44
15357.00 14196.93
15367.60 14195.62
15381.28 14195.49
15392.65 14194.21
15403.52 14193.28
15413.90 14192.16
15425.22 14190.40
15436.11 14188.71
15446.78 14186.22
15457.78 14183.63
15465.70 14181.77
15469.79 14180.81
15490.76 14169.14
15494.77 14168.21
15498.75 14167.29
15500.76 14166.82
15501.34 14166.68
15501.47 14166.66
15501.50 14166.65
15501.50 14166.65
15501.50 14166.65
15501.50 14166.65
15501.50 14166.65
15501.50 14166.65
15501.50 14166.65
15501.50 14166.65
15501.50 14166.65
15501.50 14166.65
15501.50 14166.65
15501.50 14166.65
15501.50 14166.65
15501.50 14166.65
15512.67 14167.36
15516.49 14166.46
15522.30 14165.19
15529.42 14163.62
15538.81 14161.56
15550.34 14159.03
15561.09 14156.66
15572.66 14154.12
15584.02 14151.62
15595.03 14149.21
15606.20 14146.75
15617.82 14144.20
15628.79 14141.79
15642.35 14142.19
15653.57 14139.73
15664.91 14137.23
15676.35 14134.69
15687.21 14130.92
15696.74 14123.49
15702.12 14113.28
15703.47 14101.97
15701.78 14090.91
15699.71 14079.03
15697.69 14067.38
15695.62 14055.46
15693.70 14044.39
15691.70 14032.88
15689.62 14020.91
15687.70 14009.89
15685.59 13997.71
15683.57 13986.10
15679.96 13956.80
15679.39 13952.17
15678.82 13947.58
15678.36 13943.44
15678.07 13940.91
15677.94 13939.99
15677.90 13939.68
15677.90 13939.63
15677.89 13939.63
15677.89 13939.63
15717.82 13922.76
15720.32 13922.91
15724.31 13923.14
15729.99 13920.15
15736.99 13920.56
15744.85 13921.01
15753.29 13921.49
15761.83 13921.29
15770.19 13921.04
15777.98 13920.82
15786.13 13920.58
15828.96 13913.50
15836.26 13910.47
15843.61 13907.42
15850.71 13903.60
15857.60 13899.58
15864.42 13895.59
15870.84 13891.85
15890.55 13880.92
15899.71 13875.97
15909.32 13870.79
15919.37 13865.14
15928.83 13859.23
15937.76 13853.65
15947.41 13847.63
15957.16 13841.66
15967.23 13835.88
15977.09 13830.34
15987.45 13824.54
15998.00 13818.73
16008.62 13813.44
16019.54 13810.30
16040.21 13806.28
16051.77 13805.68
16064.01 13806.10
16076.13 13807.19
16087.16 13808.85
16099.34 13810.68
16111.20 13812.46
16122.96 13814.22
16134.30 13815.92
16146.12 13817.70
16157.81 13819.45
16169.02 13821.14
16180.51 13822.86
16192.20 13824.62
16203.97 13826.38
16225.36 13829.71
16236.92 13831.80
16248.84 13833.95
16260.36 13836.03
16272.30 13838.19
16284.30 13840.35
16296.48 13842.55
16308.42 13844.71
16320.60 13846.78
16332.90 13848.81
16345.24 13850.85
16357.59 13852.65
16370.17 13854.49
16382.20 13856.25
16394.58 13858.00
16406.38 13858.95
16418.92 13859.51
16431.59 13859.68
16443.60 13857.85
16461.96 13852.29
16462.93 13851.93
16463.50 13851.72
16463.76 13851.62
16490.92 13842.07
16494.18 13846.32
16498.09 13851.41
16502.85 13857.21
16509.18 13863.52
16517.16 13868.62
16526.48 13872.16
16535.60 13874.51
16545.67 13876.07
16555.47 13877.31
16561.94 13877.88
16559.66 13883.97
16549.77 13883.03
16539.64 13881.97
16529.92 13880.31
16520.07 13877.87
16510.04 13873.81
16500.48 13868.81
16492.16 13863.56
