18291.42 7540.05
18290.62 7538.07
18289.19 7534.50
18287.10 7529.33
18284.21 7522.12
18280.59 7513.12
18276.26 7502.38
18271.72 7491.07
18267.14 7479.68
18263.26 7470.04
18260.58 7463.39
18250.38 7459.82
18240.89 7463.57
18230.70 7467.59
18220.51 7471.61
18210.80 7475.45
18189.98 7483.44
18178.86 7487.67
18167.36 7492.05
18156.31 7496.25
18144.48 7500.83
18132.46 7504.81
18121.15 7502.38
18115.58 7491.51
18111.41 7480.17
18107.20 7468.70
18102.88 7456.94
18100.01 7449.13
18098.42 7444.79
18089.46 7444.22
18083.02 7446.67
18074.80 7449.79
18065.69 7453.80
18055.70 7458.52
18036.03 7469.05
18025.38 7474.97
18014.55 7480.99
18004.02 7486.84
17993.50 7492.76
17982.69 7499.74
17972.60 7506.25
17961.66 7513.32
17951.45 7519.90
17940.74 7526.81
17930.24 7533.59
17920.21 7540.06
17909.37 7547.06
17899.35 7553.53
17888.86 7560.30
17878.35 7567.08
17867.79 7573.90
17857.24 7580.71
17846.36 7587.73
17835.74 7594.58
17816.64 7606.78
17806.68 7613.01
17796.14 7619.61
17786.14 7625.87
17776.04 7632.19
17765.60 7638.72
17754.77 7645.49
17744.87 7653.55
17735.90 7661.17
17726.92 7668.92
17717.33 7677.21
17707.99 7685.27
17699.07 7692.98
17682.68 7707.44
17674.07 7715.21
17665.60 7723.24
17656.99 7731.39
17648.71 7739.22
17640.46 7747.03
17632.26 7754.79
17623.72 7762.87
17608.48 7776.92
17599.29 7784.94
17590.38 7792.13
17580.84 7799.76
17572.08 7806.75
17562.67 7814.01
17552.82 7820.75
17535.19 7832.15
17525.12 7837.92
17515.22 7843.58
17505.27 7849.28
17494.55 7855.41
17484.58 7861.12
17474.61 7866.82
17458.35 7876.73
17448.18 7883.09
17437.46 7889.80
17426.44 7896.69
17415.95 7903.25
17405.52 7909.77
17395.05 7916.32
17384.35 7923.31
17373.78 7930.21
17362.78 7937.39
17352.17 7944.32
17341.17 7951.51
17330.79 7958.29
17319.73 7965.51
17308.99 7972.52
17298.60 7979.31
17287.70 7986.52
17277.37 7993.36
17266.56 8000.51
17255.54 8007.78
17245.09 8014.67
17234.23 8021.83
17224.85 8028.02
17217.70 8032.73
17199.52 8030.81
17191.54 8023.42
17182.67 8015.21
17174.15 8007.34
17165.22 7999.08
17156.67 7991.16
17147.55 7982.73
17138.93 7974.76
17130.22 7966.70
17121.80 7958.91
17112.59 7950.39
17095.94 7936.57
17086.75 7929.27
17076.98 7921.50
17067.53 7913.99
17058.31 7906.87
17048.15 7899.89
17038.74 7893.43
17028.75 7886.57
17018.59 7879.60
17005.22 7879.81
16998.20 7889.65
16990.90 7899.89
16984.10 7909.44
16977.39 7918.87
16970.39 7928.69
16963.21 7938.76
16956.16 7948.66
16951.11 7955.75
16948.17 7959.19
16934.22 7957.91
16927.23 7953.37
16917.86 7948.54
16906.51 7942.94
16895.33 7937.41
16884.53 7932.60
16873.35 7927.80
16862.35 7923.09
16850.83 7918.31
16840.03 7914.05
16828.29 7909.43
16819.97 7906.15
16815.56 7904.41
16815.07 7904.22
16815.03 7904.20
16815.02 7904.20
16813.81 7903.72
16812.10 7903.05
16809.14 7901.88
16804.82 7900.18
16796.85 7906.76
16793.10 7914.52
16788.42 7924.20
16782.70 7936.03
16777.32 7947.14
16771.63 7958.91
16765.92 7970.73
16760.24 7982.48
16754.79 7993.75
16749.54 8004.60
16744.24 8015.57
16739.29 8025.79
16735.78 8033.06
16732.58 8039.38
16729.17 8046.08
16726.05 8052.21
16722.69 8058.80
16719.78 8064.51
16716.38 8071.20
16713.36 8077.12
16710.28 8083.18
16704.54 8094.99
16700.72 8102.78
16695.87 8112.35
16690.48 8122.99
16685.42 8132.97
16680.34 8143.00
16674.95 8153.64
16664.74 8173.52
16659.26 8184.15
16653.24 8194.91
16646.65 8205.47
16639.72 8216.37
16632.57 8226.06
16625.49 8235.66
16618.42 8245.25
16611.10 8255.17
16603.98 8264.82
16596.42 8275.07
16590.28 8283.40
16586.10 8289.06
16583.83 8292.14
16583.46 8292.64
16583.42 8292.69
16583.42 8292.69
16583.16 8293.04
16582.16 8294.40
16579.75 8297.66
16577.29 8301.00
16576.95 8301.46
16576.91 8301.51
16576.90 8301.53
16576.89 8301.55
16576.88 8301.55
16576.88 8301.55
16576.88 8301.55
16576.88 8301.55
16576.88 8301.55
16576.88 8301.55
16576.88 8301.55
16576.88 8301.55
16576.88 8301.55
16576.88 8301.55
16576.88 8301.55
16576.88 8301.55
16576.88 8301.55
16576.88 8301.55
16576.88 8301.55
16576.88 8301.55
16576.88 8301.55
16576.88 8301.55
16576.88 8301.55
16576.88 8301.55
16576.88 8301.55
16576.88 8301.55
16576.18 8302.51
16574.05 8305.40
16565.36 8317.23
16562.05 8321.75
16557.88 8327.46
16552.36 8335.01
16545.77 8344.04
16539.00 8353.30
16532.04 8362.82
16525.02 8372.43
16517.84 8382.27
16510.63 8392.17
16497.63 8409.39
16489.94 8419.44
16482.65 8428.97
16475.20 8438.70
16467.97 8448.15
16459.92 8458.02
16452.30 8467.02
16444.20 8476.58
16436.48 8485.70
16428.13 8495.56
16420.53 8504.46
16411.68 8512.90
16402.35 8521.80
16393.62 8530.12
16378.07 8544.92
16369.61 8553.03
16360.87 8561.40
16351.90 8570.00
16342.93 8578.59
16334.03 8587.23
16325.65 8595.39
16317.54 8603.29
16310.62 8610.03
16306.25 8614.29
16303.53 8616.93
16301.11 8619.28
16298.31 8622.02
16284.24 8636.78
16279.08 8642.76
16273.01 8649.80
16266.06 8657.97
16259.03 8667.30
16251.39 8677.46
16243.95 8687.34
16236.56 8697.53
16229.86 8707.84
16223.38 8717.81
16216.48 8728.42
16210.03 8738.54
16204.22 8748.62
16198.45 8758.63
16192.47 8769.02
16186.81 8779.34
16181.69 8789.29
16178.49 8795.50
16177.09 8798.22
16176.79 8798.80
16176.64 8799.09
16176.60 8799.16
16176.58 8799.21
16176.20 8799.93
16175.13 8802.02
16172.99 8806.18
16164.76 8824.71
16162.28 8831.40
16159.65 8838.48
16156.27 8847.76
16152.60 8858.59
16148.99 8869.27
16148.42 8881.22
16145.40 8892.77
16142.33 8904.62
16139.06 8923.11
16137.00 8935.32
16135.59 8947.49
16134.42 8960.28
16133.28 8972.67
16132.19 8984.65
16131.12 8996.29
16130.33 9008.06
16129.74 9019.79
16129.10 9032.66
16128.50 9044.56
16128.10 9056.76
16128.18 9068.62
16128.25 9080.78
16128.33 9093.12
16128.70 9105.19
16129.23 9117.03
16129.77 9129.25
16130.32 9141.45
16131.20 9154.11
16132.25 9166.65
16133.23 9178.35
16134.39 9190.64
16135.68 9202.27
16144.20 9230.40
16148.79 9241.49
16153.40 9252.61
16157.67 9263.64
16161.82 9274.94
16165.50 9285.49
16168.53 9296.35
16170.74 9308.14
16172.03 9319.31
16171.95 9331.19
16170.61 9342.51
16168.79 9353.60
16165.18 9364.39
16161.51 9375.31
16157.88 9386.13
16148.19 9416.95
16146.32 9423.76
16144.46 9430.54
16142.11 9437.82
16139.46 9444.37
16136.64 9451.36
16133.55 9457.86
16106.06 9493.10
16096.35 9501.57
16087.22 9509.86
16077.74 9519.06
16068.71 9527.81
16059.75 9536.51
16050.21 9545.77
16040.86 9554.84
16031.41 9564.34
16022.25 9573.73
16012.90 9583.32
16004.20 9592.23
15994.89 9601.77
15986.07 9610.80
15977.55 9619.54
15968.60 9628.71
15959.48 9638.05
15950.43 9647.33
15941.36 9656.62
15932.09 9666.40
15923.90 9675.52
15915.17 9685.25
15906.51 9694.91
15897.69 9704.79
15889.40 9714.32
15880.75 9724.26
15872.65 9733.57
15864.43 9743.02
15855.76 9753.18
15847.48 9763.22
15838.97 9773.55
15829.51 9785.08
15822.67 9794.56
15816.11 9803.65
15808.78 9812.77
15802.45 9820.44
15796.71 9828.62
15790.90 9837.11
15785.63 9845.16
15779.84 9853.29
15774.22 9861.11
15770.58 9866.17
15768.76 9868.34
15768.68 9868.44
15751.00 9889.35
15748.30 9893.00
15744.22 9898.50
15738.79 9905.84
15732.18 9914.76
15724.95 9924.52
15717.39 9934.73
15709.94 9944.72
15702.51 9954.68
15695.47 9964.12
15687.88 9974.54
15680.68 9984.42
15673.02 9994.93
15665.22 10005.64
15657.89 10015.70
15650.69 10025.58
15643.27 10035.77
15635.50 10046.43
15628.06 10056.65
15620.82 10066.59
15613.23 10077.01
15605.90 10086.96
15597.98 10097.64
15590.12 10108.24
15582.40 10118.66
15574.86 10128.82
15567.52 10138.72
15555.97 10156.28
15549.32 10166.88
15543.15 10177.72
15536.85 10189.17
15530.88 10200.03
15523.87 10210.39
15517.19 10220.19
15510.38 10230.17
15503.32 10240.53
15495.99 10251.28
15488.89 10261.70
15482.08 10271.80
15475.12 10282.30
15467.60 10287.81
15451.64 10315.76
15446.94 10323.92
15442.16 10332.15
15437.33 10340.46
15432.82 10348.22
15424.16 10362.98
15417.78 10373.77
15411.33 10384.69
15404.88 10395.58
15398.32 10406.66
15392.21 10416.99
15386.03 10427.43
15379.36 10438.71
15373.02 10449.41
15365.00 10462.83
15358.74 10473.01
15352.69 10482.86
15346.19 10493.44
15339.63 10504.13
15333.11 10514.73
15326.91 10524.82
15323.82 10536.65
15317.94 10547.58
15312.25 10558.14
15306.76 10568.34
15300.84 10579.34
15295.39 10589.46
15289.93 10599.61
15278.72 10620.68
15272.95 10631.72
15266.75 10643.58
15260.91 10654.77
15254.91 10666.25
15248.80 10677.93
15242.98 10689.08
15237.04 10700.45
15231.37 10711.30
15225.47 10722.58
15219.43 10734.15
15213.77 10744.97
15207.74 10756.52
15201.80 10767.88
15195.66 10779.62
15189.97 10790.52
15183.97 10802.00
15178.22 10813.00
15172.50 10823.95
15166.67 10835.10
15160.48 10846.96
15154.34 10858.70
15148.13 10870.59
15142.30 10881.74
15136.96 10892.83
15131.43 10904.67
15126.20 10915.83
15120.90 10927.17
15115.57 10938.54
15110.23 10949.97
15104.74 10961.70
15099.16 10973.62
15093.58 10985.54
15088.23 10996.97
15082.87 11008.43
15077.55 11019.80
15072.17 11031.30
15067.30 11041.70
15062.39 11052.20
15057.45 11062.76
15051.79 11074.85
15046.27 11086.65
15040.76 11098.42
15035.11 11110.50
15029.46 11122.58
15023.90 11134.45
15018.22 11146.60
15012.53 11158.76
15006.95 11170.69
15001.58 11182.82
14996.48 11194.72
14991.20 11207.03
14986.01 11219.15
14980.91 11231.05
14975.87 11242.81
14970.78 11254.68
14962.48 11265.69
14957.65 11277.04
14953.14 11289.26
14948.60 11301.58
14944.22 11313.44
14939.77 11325.97
14935.57 11337.88
14927.82 11358.90
14923.05 11370.44
14918.25 11382.04
14913.25 11394.14
14908.54 11405.77
14903.89 11417.34
14899.36 11428.63
14894.71 11440.22
14890.23 11451.36
14885.54 11463.04
14880.70 11475.09
14876.33 11487.14
14872.64 11499.11
14869.11 11510.62
14865.57 11522.11
14861.71 11534.66
14857.82 11547.32
14854.08 11559.47
14850.42 11571.38
14846.86 11582.97
14843.26 11594.86
14838.75 11607.09
14835.05 11619.60
14830.58 11631.41
14826.04 11643.01
14821.17 11655.09
14816.31 11667.17
14811.58 11678.89
14807.06 11690.11
14802.25 11702.07
14798.48 11713.93
14794.74 11726.03
14790.86 11738.58
14787.16 11750.53
14783.17 11762.76
14778.72 11774.91
14774.48 11786.54
14770.33 11797.89
14767.07 11807.68
14763.56 11818.35
14760.12 11828.83
14756.89 11839.95
14754.35 11849.93
14751.79 11860.26
14748.82 11869.87
14745.61 11880.17
14742.49 11890.16
14739.37 11900.15
14736.27 11910.08
14733.10 11920.24
14730.29 11929.72
14727.64 11940.26
14725.27 11949.67
14722.78 11959.51
14720.24 11969.60
14717.75 11979.71
14715.26 11990.51
14712.63 12001.97
14710.36 12011.24
14707.40 12021.70
14704.09 12033.44
14700.55 12045.95
14697.08 12058.25
14693.52 12069.99
14689.75 12081.80
14685.95 12093.67
14682.63 12104.17
14679.44 12116.46
14676.37 12128.29
14673.17 12140.64
14670.07 12152.57
14666.82 12165.11
14663.75 12176.92
14660.71 12188.59
14657.81 12199.72
14655.93 12206.93
14655.15 12209.90
14655.03 12210.37
14654.97 12210.59
14654.97 12210.61
14654.97 12210.61
14654.97 12210.61
14654.91 12210.83
14654.59 12212.05
14653.92 12214.54
14652.81 12218.35
14651.09 12224.29
14649.06 12231.28
14636.34 12271.79
14634.59 12276.76
14632.44 12282.82
14630.37 12288.69
14627.73 12309.55
14626.25 12316.59
14624.26 12323.06
14622.27 12329.55
14620.56 12336.43
14618.98 12341.14
14618.17 12343.67
14580.41 12338.40
14572.91 12336.04
14563.77 12332.07
14553.26 12327.50
14543.20 12323.12
14532.99 12318.67
14522.07 12313.92
14511.84 12309.47
14501.13 12304.81
14490.32 12300.11
14479.58 12295.43
14469.24 12290.91
14458.98 12285.88
14448.99 12281.04
14438.69 12276.08
14428.70 12271.28
14418.67 12266.45
14408.35 12261.48
14398.27 12256.63
14390.59 12252.93
14360.01 12240.17
14349.53 12236.56
14339.65 12233.32
14329.64 12230.50
14319.13 12227.77
14308.62 12225.04
14298.71 12222.47
14288.80 12219.90
14278.08 12217.11
14253.38 12210.81
14247.07 12209.24
14243.23 12208.42
14241.90 12208.14
14241.64 12208.09
14232.29 12206.14
14228.99 12205.66
14223.92 12204.94
14217.18 12203.97
14208.97 12202.37
14199.47 12200.24
14187.83 12197.61
14176.41 12194.99
14165.03 12192.39
14153.84 12189.82
14141.91 12187.09
14131.02 12184.59
14121.77 12182.54
14115.21 12181.16
14112.50 12180.55
14112.12 12180.45
14111.98 12180.41
14111.96 12180.41
14111.95 12180.40
14101.09 12178.70
14094.74 12180.24
14091.91 12180.06
14088.18 12179.22
14084.21 12177.18
14076.68 12173.62
14067.21 12171.72
14060.18 12173.65
14051.29 12176.89
14041.79 12182.03
14032.29 12188.54
14022.82 12195.02
14012.45 12202.12
14002.31 12209.20
13992.13 12216.50
13982.68 12223.27
13973.31 12229.98
13963.32 12237.14
13954.03 12243.80
13943.89 12251.06
13933.91 12258.21
13926.60 12263.45
13922.57 12266.33
13920.10 12268.10
13919.79 12268.33
13919.69 12268.40
13919.15 12268.78
13918.25 12269.43
13915.43 12271.45
13912.30 12273.69
13907.99 12278.09
13902.03 12284.17
13878.50 12308.70
13872.70 12314.86
13866.62 12321.31
13860.50 12327.81
13847.99 12338.05
13837.75 12345.44
13827.88 12352.57
13817.59 12360.00
13807.06 12367.60
13796.79 12375.02
13786.74 12382.28
13777.50 12388.95
13767.76 12396.10
13757.55 12403.86
13747.68 12411.35
13738.25 12418.51
13728.37 12426.02
13718.84 12433.26
13708.50 12441.11
13699.08 12448.26
13688.85 12456.03
13679.04 12463.49
13669.57 12470.68
13658.85 12477.79
13644.25 12487.67
13636.09 12493.76
13628.72 12499.38
13623.64 12503.24
13620.90 12505.27
13619.93 12505.90
13619.72 12506.04
13619.70 12506.06
13619.69 12506.07
13619.68 12506.07
13619.68 12506.07
13619.68 12506.07
13618.86 12506.61
13616.41 12508.22
13594.04 12527.56
13591.27 12529.64
13587.65 12532.38
13577.25 12540.83
13569.27 12545.71
13561.64 12550.37
13545.49 12561.55
13534.96 12569.54
13524.82 12577.23
13514.32 12585.20
13504.54 12592.62
13494.42 12600.31
13484.50 12607.28
13473.64 12614.71
13462.94 12622.03
13452.04 12629.49
13441.36 12636.79
13431.32 12643.66
13420.70 12650.92
13409.96 12658.26
13399.14 12665.67
13389.14 12672.51
13379.19 12679.31
13368.84 12686.40
13357.95 12693.84
13347.92 12700.71
13337.89 12707.57
13327.25 12714.85
13316.88 12721.94
13306.30 12729.18
13296.17 12736.11
13286.05 12743.03
13275.29 12750.39
13264.51 12757.76
13253.52 12762.42
13241.35 12765.95
13222.76 12771.78
13212.44 12775.00
13202.25 12778.46
13185.42 12784.90
13174.56 12791.21
13164.46 12798.52
13154.72 12805.56
13145.28 12813.39
13135.87 12821.41
13126.32 12829.55
13117.35 12837.18
13109.09 12844.22
13104.02 12848.54
13100.81 12851.35
13100.64 12851.49
13100.60 12851.53
13100.58 12851.55
13100.57 12851.56
13100.57 12851.56
13100.57 12851.56
13100.57 12851.56
13100.57 12851.56
13100.57 12851.56
13100.57 12851.56
13100.57 12851.56
13100.57 12851.56
13100.57 12851.56
13100.57 12851.56
13099.19 12852.77
13096.81 12854.87
13084.22 12865.66
13078.82 12870.21
13072.34 12875.13
13064.68 12880.81
13056.14 12888.55
13048.02 12896.79
13039.66 12905.27
13027.41 12917.72
13019.81 12925.48
13012.31 12933.15
13000.23 12946.55
12992.40 12955.62
12984.73 12964.51
12977.15 12974.27
12969.62 12984.16
12950.87 13011.02
12951.65 13015.90
12949.63 13019.02
12947.56 13022.23
12945.78 13025.26
12922.94 13059.30
12916.73 13067.54
12909.32 13075.47
12901.67 13083.56
12894.04 13091.39
12886.65 13099.00
12879.60 13106.24
12875.21 13110.95
12873.37 13112.98
12873.22 13113.15
12873.21 13113.16
12873.21 13113.16
12873.21 13113.16
12873.21 13113.16
12873.21 13113.16
12873.21 13113.16
12873.21 13113.16
12873.21 13113.16
12873.21 13113.16
12873.21 13113.16
12872.47 13114.01
12870.40 13116.46
12858.29 13130.34
12853.37 13135.85
12847.19 13142.76
12844.32 13153.52
12841.58 13165.29
12838.84 13177.08
12836.14 13188.66
12833.52 13199.93
12830.70 13212.05
12827.82 13224.44
12825.15 13235.89
12822.27 13248.25
12819.48 13260.24
12816.76 13271.95
12813.19 13288.29
12811.05 13298.30
12809.21 13306.92
