18003.55 15889.93
18003.42 15887.81
18003.19 15884.46
18002.55 15879.73
18001.63 15872.90
18000.56 15864.87
17999.34 15855.23
17998.27 15845.99
17997.21 15836.85
17996.06 15826.86
17994.91 15816.95
17996.92 15802.98
17996.77 15794.14
17996.77 15793.99
17993.38 15779.89
17993.14 15775.44
17992.97 15772.39
17992.87 15770.47
17992.86 15770.30
17992.86 15770.29
17992.86 15770.29
17992.86 15770.29
17992.86 15770.29
17992.86 15770.29
17992.86 15770.29
17992.86 15770.29
17992.86 15770.29
17992.86 15770.29
17992.86 15770.29
17992.86 15770.29
17992.86 15770.29
17992.86 15770.29
17992.86 15770.29
17991.65 15751.91
17991.41 15749.24
17991.06 15745.45
17990.58 15740.25
17989.97 15733.69
17989.39 15727.44
17980.40 15669.15
17979.73 15663.63
17979.02 15658.41
17978.32 15653.36
17977.61 15648.17
17976.49 15642.74
17974.48 15637.60
17971.61 15632.74
17968.79 15628.49
17953.60 15619.01
17945.48 15616.37
17937.45 15613.75
17928.55 15610.85
17920.18 15607.86
17911.91 15603.44
17903.86 15599.03
17882.45 15590.34
17872.96 15586.93
17863.08 15583.38
17853.81 15580.06
17844.70 15576.79
17834.61 15573.17
17824.92 15569.69
17814.86 15566.08
17804.81 15562.47
17795.26 15559.03
17785.94 15555.63
17776.03 15552.02
17766.91 15548.73
17757.54 15545.44
17747.81 15542.02
17731.36 15536.22
17720.67 15535.94
17713.10 15533.25
17705.32 15530.49
17690.09 15525.07
17680.08 15521.52
17670.80 15518.22
17661.79 15515.02
17651.93 15511.60
17642.81 15508.44
17626.91 15502.82
17618.11 15499.67
17609.09 15496.45
17600.25 15493.29
17591.05 15490.01
17582.20 15486.85
17572.99 15483.56
17556.84 15477.76
17547.67 15474.09
17538.49 15470.42
17528.47 15464.72
17519.09 15462.78
17509.76 15460.51
17499.82 15457.98
17490.09 15455.50
17480.99 15453.18
17471.37 15450.60
17452.80 15445.25
17445.11 15442.61
17437.31 15439.93
17429.56 15437.27
17421.78 15434.60
17413.34 15431.70
17405.17 15428.89
17396.91 15425.75
17391.38 15423.48
17388.01 15422.15
17382.85 15392.69
17384.40 15386.81
17386.24 15379.83
17388.32 15371.92
17390.33 15364.31
17391.35 15356.05
17394.34 15339.05
17396.18 15329.90
17398.14 15320.19
17400.18 15310.03
17402.07 15300.67
17403.91 15291.53
17405.92 15281.58
17407.75 15272.46
17409.61 15263.22
17411.58 15253.46
17413.50 15243.95
17416.76 15228.70
17418.72 15219.81
17420.82 15210.25
17422.89 15200.74
17424.97 15190.97
17426.98 15181.58
17428.99 15172.19
17431.07 15162.45
17433.16 15152.66
17440.17 15130.20
17441.99 15121.63
17443.92 15112.49
17445.74 15103.92
17447.99 15096.18
17449.39 15091.62
17448.31 15080.58
17445.64 15073.92
17447.17 15065.28
17448.67 15050.11
17445.52 15041.08
17440.22 15032.98
17432.72 15026.42
17423.91 15021.74
17414.03 15019.01
17404.27 15017.08
17394.51 15015.15
17384.02 15013.07
17374.61 15011.17
17364.15 15008.85
17354.62 15006.73
17344.79 15004.55
17334.36 15002.24
17324.40 15000.24
17314.46 14998.65
17304.79 14997.10
17295.24 14995.57
17284.72 14993.88
17275.01 14992.37
17264.61 14991.11
17253.99 14989.83
17243.62 14988.22
17233.21 14985.92
17223.37 14983.73
17201.08 14976.55
17189.68 14975.59
17176.56 14974.49
17161.56 14973.24
17144.99 14971.90
17127.68 14970.51
17110.03 14969.10
17049.11 14965.75
17033.26 14964.45
17017.29 14963.15
17001.43 14961.86
16985.50 14960.57
16969.02 14959.22
16952.18 14957.85
16936.09 14956.53
16920.08 14955.16
16904.04 14953.78
16888.07 14951.95
16872.38 14949.83
16855.65 14947.56
16838.99 14945.31
16822.53 14943.09
16806.16 14940.18
16790.04 14936.98
16773.93 14933.77
16757.46 14930.33
16741.48 14925.85
16726.28 14921.58
16710.24 14916.27
16694.67 14910.94
16679.55 14905.77
16663.70 14900.35
16647.77 14894.97
16631.96 14889.63
16615.93 14884.22
16600.29 14878.93
16584.67 14873.66
16568.98 14868.48
16553.21 14863.78
16538.01 14859.25
16522.11 14854.38
16507.05 14849.68
16491.27 14844.92
16475.47 14838.12
16459.18 14834.61
16430.67 14829.20
16413.63 14827.46
16397.12 14825.76
16380.04 14825.33
16362.75 14825.49
16345.67 14828.14
16332.21 14829.43
16318.92 14830.70
16305.96 14831.94
16292.31 14834.28
16278.67 14837.12
16265.62 14840.03
16252.19 14843.60
16205.56 14859.76
16190.30 14867.12
16175.27 14874.37
16160.58 14882.29
16146.33 14890.97
16131.70 14900.75
16115.97 14912.06
16102.31 14922.58
16089.18 14934.07
16075.68 14945.88
16062.46 14958.06
16049.90 14970.06
16038.44 14982.37
16028.95 14996.30
16021.08 15006.78
16013.42 15017.96
16006.25 15028.67
15998.89 15039.69
15978.58 15072.06
15969.88 15087.38
15961.43 15102.28
15953.04 15117.07
15944.44 15132.24
15935.54 15147.93
15926.62 15163.04
15917.46 15178.49
15908.62 15193.41
15899.78 15208.26
15890.77 15223.35
15881.86 15237.78
15871.39 15255.68
15860.82 15270.20
15850.54 15284.33
15839.43 15298.41
15828.38 15311.90
15816.94 15325.83
15805.94 15339.03
15794.88 15352.30
15783.03 15365.31
15770.21 15378.04
15757.98 15390.82
15746.08 15403.59
15734.01 15416.55
15722.13 15429.30
15709.72 15442.60
15697.71 15455.20
15685.78 15467.72
15673.56 15480.54
15661.52 15493.17
15649.18 15506.11
15637.33 15518.53
15625.55 15530.89
15613.31 15543.72
15600.85 15556.82
15588.86 15569.44
15577.07 15581.84
15565.23 15594.30
15553.19 15606.82
15541.07 15619.41
15528.74 15632.46
15516.46 15645.78
15504.88 15658.34
15492.84 15671.39
15480.94 15684.30
15468.65 15697.63
15456.37 15710.93
15444.24 15724.01
15431.68 15737.26
15419.61 15749.99
15407.42 15762.86
15395.42 15775.52
15383.67 15787.92
15371.27 15801.01
15359.54 15813.38
15347.49 15826.09
15335.22 15839.05
15323.23 15851.48
15311.23 15863.87
15298.81 15876.69
15286.40 15889.50
15274.53 15902.19
15263.16 15919.10
15251.55 15931.52
15240.06 15943.80
15228.34 15956.34
15216.44 15969.06
15206.42 15979.77
15198.20 15988.43
15190.86 15996.10
15184.00 16003.28
15176.73 16010.88
15169.33 16018.63
15162.09 16026.19
15155.10 16033.51
15147.50 16041.46
15140.56 16048.72
15133.54 16056.05
15129.72 16065.62
15126.50 16075.35
15125.07 16085.47
15125.54 16096.40
15127.40 16106.88
15130.78 16117.08
15135.47 16126.37
15140.83 16134.64
15148.01 16143.08
15155.22 16150.69
15162.92 16156.89
15171.87 16162.18
15182.28 16166.06
15193.02 16168.20
15204.89 16167.38
15213.94 16166.62
15222.62 16164.71
15230.72 16161.62
15238.93 16158.00
15254.32 16142.42
15259.18 16133.80
15261.72 16124.49
15262.72 16114.32
15260.40 16104.42
15256.13 16095.84
15249.02 16088.58
15241.35 16081.55
15234.26 16075.06
15226.13 16068.88
15217.24 16063.93
15207.72 16062.16
15197.10 16062.98
15181.19 16070.66
15173.30 16077.12
15165.79 16083.27
15158.50 16089.24
15150.69 16095.64
15142.81 16102.09
15135.38 16108.18
15127.52 16114.61
15115.87 16123.59
15112.50 16126.30
15110.58 16127.84
15110.10 16128.23
15109.83 16128.44
15109.75 16128.50
15109.71 16128.54
15109.69 16128.56
15109.68 16128.56
15109.68 16128.56
15109.68 16128.56
15109.68 16128.56
15109.68 16128.56
15109.68 16128.56
15109.68 16128.56
15109.68 16128.56
15109.68 16128.56
15109.68 16128.56
15109.68 16128.56
15109.68 16128.56
15109.68 16128.56
15109.68 16128.56
15109.68 16128.56
15109.68 16128.56
15109.68 16128.56
15109.68 16128.56
15100.93 16135.39
15099.23 16136.77
15096.54 16138.96
15092.72 16142.06
15090.02 16144.26
15076.53 16155.15
15071.69 16159.17
15066.85 16163.22
15063.76 16165.80
15063.01 16166.42
15062.98 16166.44
15055.91 16172.65
15053.02 16174.36
15048.54 16177.02
15042.26 16180.76
15035.01 16184.91
15027.36 16189.13
15015.96 16198.65
15011.83 16205.02
15009.01 16211.87
15006.34 16219.57
15004.80 16224.77
15010.52 16243.99
15014.30 16247.99
15018.85 16252.80
15022.94 16257.13
15027.22 16261.66
15031.40 16266.09
15035.19 16270.09
15038.89 16273.99
15043.19 16278.31
15047.08 16282.23
15051.29 16286.46
15055.68 16290.88
15059.71 16294.93
15064.32 16299.56
15068.76 16304.02
15073.34 16308.64
15077.61 16312.93
15081.85 16317.19
15085.89 16321.65
15089.29 16326.73
15092.95 16332.22
15096.23 16337.14
15099.61 16342.19
15102.44 16348.11
15104.92 16353.44
15106.93 16359.17
15108.50 16364.84
15109.85 16370.23
15111.32 16376.09
15112.68 16381.51
