24238.42 7510.24
24238.74 7508.52
24239.38 7505.18
24240.29 7500.61
24241.65 7493.78
24243.39 7485.07
24245.49 7474.52
24248.05 7461.69
24250.75 7448.17
24253.37 7435.03
24256.10 7421.30
24258.83 7407.63
24261.46 7394.42
24264.14 7381.01
24266.95 7366.89
24269.57 7355.04
24271.38 7347.41
24272.18 7343.94
24272.27 7343.54
24272.29 7343.46
24272.29 7343.45
24272.29 7343.44
24272.29 7343.44
24272.29 7343.44
24272.29 7343.44
24272.29 7343.44
24272.29 7343.44
24272.29 7343.44
24272.29 7343.44
24272.29 7343.44
24272.29 7343.44
24272.29 7343.44
24272.29 7343.44
24272.29 7343.44
24272.29 7343.44
24272.29 7343.44
24268.47 7339.50
24264.52 7340.09
24259.07 7340.91
24251.93 7341.98
24243.41 7343.27
24233.65 7344.73
24222.77 7346.37
24211.07 7348.13
24198.50 7349.95
24176.65 7353.03
24163.51 7354.92
24149.33 7356.96
24135.99 7358.87
24121.92 7360.90
24108.53 7362.83
24094.28 7364.88
24081.16 7366.74
24067.10 7368.66
24053.10 7370.83
24039.29 7372.95
24026.17 7374.97
24012.50 7377.08
23999.40 7379.30
23985.96 7382.34
23973.18 7386.29
23960.56 7390.39
23948.00 7395.54
23925.77 7406.66
23913.05 7413.62
23901.06 7420.19
23889.13 7426.72
23877.07 7433.32
23864.50 7440.28
23852.72 7446.80
23840.79 7453.29
23828.97 7459.64
23816.06 7465.54
23802.90 7469.67
23789.76 7473.54
23776.36 7476.42
23763.17 7479.00
23749.89 7481.12
23736.43 7483.10
23723.02 7485.07
23709.69 7487.17
23695.71 7489.40
23673.63 7492.59
23660.92 7494.39
23648.37 7496.16
23636.09 7497.99
23614.68 7501.19
23600.99 7503.16
23587.22 7505.14
23574.29 7506.96
23561.10 7508.80
23547.55 7510.69
23533.81 7512.64
23520.01 7514.60
23506.52 7516.43
23493.51 7518.20
23473.33 7520.98
23461.81 7522.62
23447.60 7524.66
23432.76 7526.79
23418.61 7528.83
23405.05 7530.78
23390.77 7532.49
23377.27 7533.98
23362.77 7535.57
23348.24 7537.13
23334.51 7538.35
23319.83 7539.33
23305.42 7540.03
23291.44 7540.45
23268.25 7540.64
23255.64 7540.50
23242.26 7540.21
23229.71 7539.73
23216.83 7539.14
23203.61 7538.42
23190.81 7537.71
23177.58 7536.99
23155.79 7535.74
23143.38 7535.06
23131.32 7534.39
23118.38 7533.69
23096.24 7532.45
23083.31 7531.68
23070.15 7530.91
23056.79 7530.11
23042.76 7529.28
23029.75 7528.53
23016.38 7527.82
23002.28 7527.07
22988.59 7526.35
22975.28 7525.64
22951.42 7524.43
22938.23 7523.83
22925.11 7523.22
22911.76 7522.61
22898.36 7522.00
22885.05 7520.48
22870.89 7518.52
22856.72 7516.55
22843.52 7514.71
22830.42 7512.68
22816.89 7510.55
22797.13 7507.76
22783.03 7505.93
22769.16 7504.14
22755.12 7502.32
22741.67 7500.79
22728.08 7500.99
22714.15 7501.55
22700.00 7504.10
22686.08 7506.90
22673.74 7514.38
22664.53 7516.49
22656.10 7518.75
22634.36 7530.97
22625.65 7535.61
22619.18 7538.01
22615.51 7539.38
22614.63 7539.71
22614.05 7539.92
22613.97 7539.96
22613.92 7539.97
22613.91 7539.98
22613.91 7539.98
22613.91 7539.98
22613.91 7539.98
22613.91 7539.98
22613.91 7539.98
22613.91 7539.98
22594.72 7541.74
22593.25 7541.69
22590.75 7541.60
22587.23 7541.47
22584.73 7541.38
22569.57 7540.48
22561.52 7539.73
22548.12 7539.71
22536.17 7538.12
22523.76 7536.51
22507.81 7533.57
22495.86 7530.07
22475.81 7522.91
22467.13 7519.75
22458.08 7516.45
22441.51 7510.43
22421.28 7503.93
22408.54 7501.65
22395.60 7500.79
22382.46 7500.36
22369.32 7500.10
22357.01 7500.00
22344.19 7499.88
22330.99 7499.77
22307.68 7499.94
22293.88 7500.24
22280.28 7500.54
22266.61 7500.84
22253.73 7501.26
22240.64 7501.83
22227.19 7502.41
22214.31 7502.97
22200.88 7503.56
22177.48 7504.56
22163.69 7505.13
22149.60 7505.71
22135.20 7506.30
22120.78 7506.89
22106.89 7507.46
22093.28 7508.02
22079.54 7508.58
22065.65 7509.15
22051.56 7509.73
22038.21 7510.28
22024.23 7510.85
22010.70 7511.43
21998.21 7512.05
21990.01 7512.47
21986.10 7512.66
21985.70 7512.68
21985.58 7512.69
21985.53 7512.69
21985.51 7512.69
21974.09 7513.61
21970.64 7513.99
21965.07 7514.61
21958.27 7515.37
21950.34 7516.67
21941.12 7518.35
21931.50 7523.05
21920.86 7528.39
21909.39 7534.14
21900.23 7539.96
21883.18 7552.82
21873.50 7561.45
21863.64 7570.25
21853.38 7579.40
21843.61 7588.11
21833.42 7597.20
21824.62 7603.23
21818.64 7606.26
21815.63 7607.78
21815.12 7608.03
21814.85 7608.17
21814.82 7608.19
21814.79 7608.20
21804.90 7611.88
21801.29 7612.83
21795.46 7613.85
21788.23 7615.00
21779.54 7616.19
21768.78 7616.83
21755.73 7617.60
21741.32 7618.01
21727.67 7618.41
21714.15 7618.79
21700.38 7619.37
21686.29 7620.24
21671.91 7621.12
21658.61 7622.19
21644.21 7623.66
21630.39 7625.65
21617.06 7627.84
21603.40 7630.74
21589.66 7633.96
21575.82 7638.20
21562.32 7642.42
21540.95 7651.07
21527.76 7657.97
21514.93 7665.25
21502.54 7672.31
21490.55 7679.24
21478.13 7686.41
21466.07 7692.94
21452.69 7699.50
21439.44 7705.90
21427.09 7712.49
21414.66 7719.11
21401.31 7725.14
21387.09 7728.73
21373.01 7729.71
21358.93 7730.03
21344.19 7730.41
21330.40 7730.77
21316.37 7731.46
21302.37 7732.12
21287.78 7732.67
21272.85 7732.63
21258.69 7731.75
21237.18 7731.43
21231.81 7731.70
21228.25 7732.06
21226.51 7732.27
21226.39 7732.28
21226.36 7732.28
21226.35 7732.28
21226.35 7732.28
21219.40 7735.90
21217.90 7737.94
21213.64 7745.33
21213.92 7750.55
21214.34 7757.50
21214.29 7771.09
21216.01 7783.44
21217.86 7796.80
21219.64 7809.66
21221.00 7823.05
21223.61 7846.34
21225.49 7860.56
21227.28 7874.16
21229.12 7888.05
21228.28 7901.46
21224.89 7915.12
21219.67 7927.80
21212.25 7939.65
21202.71 7949.86
21191.08 7958.41
21179.01 7965.14
21166.29 7969.86
21157.45 7972.66
21152.55 7974.43
21150.71 7975.10
21150.67 7975.12
21150.65 7975.12
21147.88 7979.38
21147.81 7980.44
21147.42 7981.90
21137.04 7990.67
21130.60 7989.78
21123.44 7980.11
21126.65 7969.99
21123.91 7955.47
21117.88 7943.59
21112.81 7930.38
21108.84 7917.15
21104.96 7904.22
21100.91 7890.71
21097.11 7878.05
21093.20 7865.03
21089.41 7852.38
21085.41 7839.06
21081.62 7826.40
21077.84 7813.80
21074.04 7801.15
21070.63 7789.78
21068.54 7781.58
21067.55 7777.33
21067.04 7775.11
21066.98 7774.84
21066.61 7773.26
21065.83 7769.86
