10560.38 14131.77
10559.82 14130.70
10558.44 14128.04
10556.59 14124.35
10554.20 14118.65
10551.51 14111.01
10548.74 14101.18
10545.67 14089.62
10542.47 14077.56
10538.37 14061.28
10537.23 14056.73
10536.66 14054.43
10536.59 14054.13
10536.56 14054.00
10536.53 14053.87
10536.52 14053.87
10536.52 14053.87
10536.52 14053.87
10533.48 14042.42
10532.92 14040.44
10532.19 14037.79
10531.23 14034.26
10527.04 14018.67
10524.01 14005.18
10522.80 13999.12
10522.01 13995.20
10518.95 13978.87
10517.18 13967.91
10515.11 13955.57
10512.71 13942.79
10510.27 13929.94
10507.21 13908.21
10505.91 13896.36
10504.58 13884.22
10503.10 13871.98
10501.26 13860.18
10499.36 13847.94
10497.40 13835.40
10495.52 13823.32
10493.64 13811.24
10492.04 13799.49
10490.68 13787.63
10489.28 13775.47
10488.08 13763.03
10486.25 13738.79
10485.22 13726.27
10484.22 13714.09
10483.22 13701.84
10482.23 13689.76
10481.25 13677.84
10480.39 13665.41
10479.75 13653.11
10479.09 13640.62
10478.45 13628.43
10477.83 13616.51
10477.33 13606.95
10476.85 13601.28
10476.69 13599.54
10476.69 13599.49
10476.69 13599.49
10476.69 13599.48
10476.69 13599.48
10476.69 13599.48
10476.69 13599.48
10476.14 13588.05
10476.12 13583.63
10476.09 13577.68
10476.07 13570.46
10476.03 13560.96
10475.98 13549.32
10475.93 13535.94
10475.88 13522.77
10475.83 13510.35
10475.99 13488.05
10476.15 13474.93
10476.31 13462.23
10476.48 13448.97
10476.65 13435.72
10476.87 13423.10
10477.15 13411.03
10477.34 13402.63
10477.48 13398.34
10477.50 13397.80
10477.50 13397.75
10477.50 13397.75
10477.50 13397.75
10477.50 13397.74
10477.50 13397.74
10477.91 13385.97
10478.18 13381.70
10478.58 13375.90
10479.09 13368.46
10479.70 13359.73
10480.45 13348.86
10481.49 13336.64
10482.63 13323.73
10483.75 13311.15
10484.93 13297.84
10486.08 13284.80
10488.27 13261.23
10489.59 13247.21
10490.85 13233.81
10492.40 13220.64
10494.41 13206.58
10496.39 13192.81
10498.38 13178.93
10500.42 13165.74
10502.59 13152.01
10504.80 13138.05
10506.86 13125.01
10509.02 13111.33
10511.18 13097.66
10512.78 13084.53
10514.35 13070.46
10517.03 13048.25
10518.21 13039.95
10529.85 13024.08
10532.69 13019.70
10534.77 13016.46
10535.80 13014.85
10535.81 13014.82
10535.82 13014.82
10535.82 13014.81
10535.82 13014.81
10546.86 12998.45
10548.75 12994.92
10551.64 12989.56
10555.40 12982.24
10559.66 12973.46
10564.68 12963.34
10570.26 12952.09
10576.01 12940.99
10581.71 12929.97
10587.23 12919.31
10595.61 12903.12
10601.27 12892.16
10607.05 12880.69
10612.64 12869.20
10618.32 12857.56
10624.15 12846.16
10627.06 12833.22
10636.95 12814.84
10641.84 12805.65
10646.46 12796.31
10650.96 12787.21
10664.11 12761.59
10669.52 12751.30
10675.16 12740.57
10680.45 12730.26
10685.52 12719.56
10693.40 12702.92
10698.71 12691.72
10703.21 12681.04
10706.96 12669.28
10710.00 12658.07
10715.50 12637.71
10718.57 12626.56
10721.48 12615.86
10724.58 12604.46
10727.72 12592.94
10730.69 12582.03
10733.60 12571.32
10735.98 12562.60
10737.55 12556.83
10738.53 12553.22
10739.02 12551.43
10739.88 12548.48
10746.07 12526.53
10747.74 12520.35
10749.87 12512.44
10752.43 12502.94
10755.38 12491.98
10758.91 12479.43
10762.37 12467.38
10766.00 12454.74
10769.91 12442.20
10773.85 12430.48
10779.25 12418.66
10788.61 12409.26
10805.25 12403.26
10813.22 12403.49
10821.62 12404.07
10838.12 12397.25
10843.52 12386.67
10848.82 12376.30
10854.07 12366.03
10859.26 12355.88
10864.88 12344.87
10870.14 12334.58
10875.65 12323.81
10881.18 12312.96
10892.53 12290.70
10898.89 12278.79
10905.25 12266.88
10911.44 12255.28
10917.80 12243.37
10923.74 12232.15
10930.08 12220.07
10936.47 12207.89
10942.61 12196.19
10948.63 12184.13
10958.29 12161.99
10961.64 12149.46
10965.44 12136.83
10969.34 12123.85
10973.28 12110.75
10976.97 12098.45
10980.66 12086.17
10984.37 12073.81
10988.04 12061.57
10992.00 12048.71
10995.99 12035.77
11001.74 12018.15
11005.80 12006.17
11009.73 11994.58
11013.57 11983.26
11017.26 11971.38
11020.98 11959.25
11024.50 11947.78
11028.14 11935.90
11031.84 11923.87
11035.48 11912.00
11044.93 11880.34
11047.57 11871.10
11050.35 11861.34
11053.03 11851.94
11055.81 11842.18
11058.52 11832.68
11061.32 11822.87
11063.91 11813.78
11066.36 11805.21
11085.20 11767.39
11093.46 11757.32
11101.78 11748.04
11109.85 11738.85
11118.10 11729.36
11126.39 11719.82
11134.78 11710.17
11142.94 11700.79
11151.46 11690.99
11159.33 11681.94
11173.67 11664.92
11181.65 11654.88
11190.22 11644.09
11198.26 11633.97
11206.54 11623.55
11214.59 11613.42
11223.32 11602.43
11231.79 11591.77
11240.39 11580.95
11248.76 11570.41
11256.96 11560.10
11265.27 11549.63
11273.52 11539.21
11288.03 11521.68
11296.30 11512.69
11304.97 11503.28
11313.63 11493.88
11322.52 11484.23
11331.24 11474.77
11339.87 11465.07
11336.22 11448.47
11329.68 11437.83
11322.87 11426.75
11316.47 11416.35
11310.04 11405.89
11300.10 11389.77
11293.33 11378.83
11286.55 11367.88
11279.56 11356.58
11272.50 11345.17
11265.82 11334.38
11253.64 11315.58
11246.32 11304.48
11239.14 11293.59
11232.36 11283.31
11225.08 11272.27
11218.33 11262.05
11210.98 11250.89
11198.23 11229.49
11191.84 11218.79
11185.43 11208.07
11178.61 11197.50
11172.00 11187.61
11165.33 11177.63
11153.05 11159.92
11145.85 11149.74
11138.93 11139.94
11131.81 11129.87
11120.43 11115.09
11108.89 11100.49
11101.22 11090.45
11093.28 11080.05
11085.39 11069.72
11077.22 11059.03
11069.12 11048.42
11061.34 11038.23
11053.25 11027.64
11045.34 11017.28
11031.21 10998.99
11022.39 10987.65
11014.14 10977.26
11005.55 10966.37
10997.01 10954.92
10988.90 10944.06
10980.64 10932.98
10972.67 10922.31
10964.05 10911.03
10955.10 10901.35
10946.13 10890.51
10937.33 10879.89
10928.81 10869.60
10920.24 10859.24
10911.35 10848.89
10902.05 10838.70
10892.96 10828.76
10883.29 10818.18
10873.71 10807.70
10860.73 10793.60
10852.37 10784.57
10844.17 10775.70
10835.66 10766.49
10823.33 10753.45
10814.48 10744.16
10806.26 10735.38
10798.19 10726.74
10782.75 10710.65
10774.25 10701.91
10765.36 10692.63
10756.53 10682.96
10747.69 10673.50
10739.01 10664.27
10731.21 10655.98
10726.14 10650.59
10723.59 10647.88
10723.01 10647.27
10722.83 10647.07
10722.79 10647.03
10722.78 10647.02
10722.78 10647.02
10722.78 10647.02
10722.78 10647.02
10722.78 10647.02
10722.78 10647.02
10722.78 10647.02
10722.78 10647.02
10722.78 10647.02
10722.78 10647.02
10722.78 10647.02
10722.78 10647.02
10722.35 10646.56
10721.26 10633.57
10724.27 10630.49
10728.90 10625.75
10734.80 10619.66
10741.75 10612.46
10747.41 10601.85
10757.03 10591.89
10767.66 10580.89
10779.39 10568.45
10791.68 10553.93
10804.65 10538.59
10817.06 10523.02
10829.29 10507.15
10841.04 10491.91
10852.52 10476.42
10863.90 10461.07
10875.67 10445.18
10887.31 10429.48
10899.26 10413.36
10910.81 10397.48
10920.30 10384.76
10923.69 10380.10
10926.00 10376.91
10927.25 10375.20
10927.63 10374.68
10927.71 10374.56
10927.76 10374.49
10927.78 10374.47
10927.78 10374.47
10927.78 10374.47
10927.78 10374.47
10927.78 10374.47
10927.78 10374.47
10927.78 10374.47
10927.78 10374.47
10927.78 10374.47
10927.78 10374.47
10927.78 10374.47
10927.78 10374.47
10927.78 10374.47
10927.78 10374.47
10927.78 10374.47
10927.78 10374.47
10927.78 10374.47
10927.78 10374.47
10927.78 10374.47
10927.78 10374.47
10927.78 10374.47
10927.78 10374.47
10927.78 10374.47
10927.78 10374.47
10927.78 10374.47
10927.78 10374.47
10927.78 10374.47
10927.78 10374.47
10927.78 10374.47
10927.78 10374.47
10927.78 10374.47
10927.78 10374.47
10927.78 10374.47
10927.78 10374.47
10927.78 10374.47
10927.78 10374.47
10927.78 10374.47
10927.78 10374.47
10923.77 10364.20
10921.12 10360.49
10917.51 10355.46
10912.74 10348.80
10907.08 10340.89
10900.62 10331.88
10892.97 10321.20
10884.41 10309.26
10874.71 10295.71
10863.74 10280.39
10852.78 10265.10
10841.34 10249.14
10830.07 10233.40
10818.42 10217.13
10807.38 10201.73
10796.00 10185.84
10784.44 10169.71
10772.82 10153.48
10761.63 10137.87
10750.37 10122.15
10738.87 10106.09
10727.62 10090.38
10716.68 10075.11
10705.51 10058.80
