21237.74 12847.79
21235.10 12850.01
21235.97 12852.08
21237.17 12854.95
21238.02 12857.01
21234.50 12857.13
21229.83 12854.50
21227.87 12849.85
21219.72 12830.88
21213.24 12816.35
21208.57 12805.25
21204.25 12794.99
21199.62 12783.97
21196.94 12769.40
21192.22 12759.39
21175.76 12741.34
21172.12 12738.42
21168.70 12737.10
21166.35 12736.29
21148.68 12736.23
21139.60 12739.82
21128.46 12744.21
21115.97 12749.15
21103.73 12754.10
21091.49 12759.51
21080.03 12764.56
21068.14 12769.82
21056.24 12774.98
21044.22 12779.95
21032.69 12784.71
21020.35 12789.80
21008.58 12794.57
20995.97 12799.30
20983.55 12803.96
20970.82 12808.73
20958.04 12812.92
20946.17 12816.43
20933.36 12820.22
20920.88 12823.70
20907.34 12827.30
20894.99 12830.54
20882.26 12833.88
20870.14 12838.53
20858.23 12842.04
20845.90 12845.54
20832.86 12849.22
20820.73 12852.63
20808.07 12856.20
20795.34 12859.79
20783.31 12863.18
20771.03 12866.52
20758.94 12869.72
20746.33 12873.06
20732.92 12876.77
20720.14 12880.74
20707.90 12884.19
20695.82 12887.43
20683.09 12890.85
20670.68 12894.18
20658.03 12897.57
20645.82 12900.85
20633.65 12904.12
20620.60 12907.62
20608.37 12910.90
20586.42 12917.00
20573.60 12920.62
20560.95 12924.19
20548.55 12927.68
20536.30 12931.14
20523.95 12934.61
20510.66 12934.78
20498.18 12938.14
20485.32 12941.62
20472.16 12944.38
20459.23 12946.96
20446.86 12949.12
20434.40 12950.78
20421.61 12952.47
20407.98 12954.28
20395.58 12955.92
20382.49 12957.65
20368.92 12959.45
20355.49 12961.23
20342.33 12962.97
20329.37 12964.68
20317.06 12969.64
20303.60 12971.19
20290.38 12972.38
20277.39 12973.55
20254.30 12975.25
20241.55 12976.06
20228.73 12976.63
20216.31 12977.08
20203.63 12977.48
20190.45 12978.31
20177.79 12978.74
20164.63 12978.34
20151.93 12977.95
20139.40 12977.57
20126.67 12977.17
20114.30 12976.67
20101.11 12976.14
20088.01 12975.66
20074.74 12975.26
20061.17 12974.85
20048.06 12974.46
20034.81 12973.99
20021.45 12973.42
20008.38 12972.85
19995.59 12972.33
19982.73 12971.98
19970.27 12971.64
19957.36 12971.30
19944.67 12970.98
19931.41 12970.65
19918.57 12969.96
19905.26 12968.99
19891.73 12968.01
19881.06 12967.34
19874.41 12967.06
19871.54 12966.94
19871.35 12966.93
19871.33 12966.93
19871.31 12966.93
19871.30 12966.93
19871.30 12966.93
19871.30 12966.93
19871.30 12966.93
19871.30 12966.93
19871.30 12966.93
19854.36 12966.23
19853.12 12966.18
19851.38 12966.11
19849.02 12966.01
19846.67 12965.91
19845.25 12965.85
19845.11 12965.85
19845.05 12965.84
19845.03 12965.84
19845.03 12965.84
19845.03 12965.84
19845.03 12965.84
19845.03 12965.84
19845.03 12965.84
19845.03 12965.84
19845.03 12965.84
19845.03 12965.84
19819.35 12966.74
19819.17 12966.76
19818.92 12966.78
19818.62 12966.81
19818.44 12966.83
19788.52 12969.57
19782.44 12970.79
19775.00 12972.28
19765.90 12974.10
19757.05 12975.86
19748.28 12977.52
19729.22 12983.79
19716.57 12989.26
19705.60 12995.46
19694.15 13002.97
19683.06 13010.37
19672.34 13018.05
19661.11 13026.10
19650.13 13033.97
19639.13 13041.85
19628.07 13049.78
19617.59 13057.30
19607.07 13064.83
19596.01 13072.76
19584.95 13080.69
19574.52 13088.17
19563.64 13095.96
19552.85 13103.70
19541.94 13111.51
19530.95 13119.39
19519.87 13127.34
19508.76 13135.30
19497.83 13143.13
19486.85 13151.00
19475.90 13158.85
19465.05 13166.63
19454.22 13174.39
19442.63 13182.02
19431.03 13189.58
19421.23 13196.40
19411.13 13198.48
19401.35 13204.00
19389.16 13208.85
19377.40 13211.53
19365.02 13214.72
19352.75 13217.50
19340.36 13219.12
19327.44 13218.60
19314.97 13217.53
19302.60 13216.47
19289.39 13215.34
19276.92 13214.21
19263.99 13212.93
19250.47 13211.60
19237.32 13210.31
19224.58 13209.43
19212.14 13208.65
19199.04 13208.89
19185.90 13209.37
19173.53 13210.32
19160.75 13211.34
19150.15 13212.19
19143.17 13212.74
19138.51 13213.12
19138.17 13213.14
19138.01 13213.15
19137.89 13213.16
19137.86 13213.17
19137.85 13213.17
19136.75 13213.26
19134.16 13213.51
19129.42 13213.98
19109.06 13219.19
19108.53 13215.92
19108.17 13215.95
19094.01 13211.35
19093.97 13211.31
19076.20 13194.10
19070.94 13188.05
19065.12 13186.38
19061.00 13181.64
19048.48 13168.03
19039.32 13158.72
19029.37 13148.59
19018.53 13137.57
19007.75 13126.60
18996.94 13115.61
18985.34 13103.81
18974.54 13092.82
18963.24 13080.88
18952.46 13069.01
18941.79 13057.27
18930.92 13045.30
18920.44 13033.14
18910.51 13020.91
18900.63 13008.74
18890.22 12995.92
18879.97 12983.29
18870.22 12971.29
18861.94 12957.28
18853.66 12943.06
18845.53 12929.11
18837.58 12915.46
18829.58 12901.74
18821.75 12888.29
18813.70 12874.88
18805.16 12861.08
18797.00 12847.89
18788.84 12834.70
18780.77 12821.65
18772.72 12808.64
18764.69 12795.67
18756.77 12782.52
18748.99 12768.77
18741.32 12755.22
18733.39 12741.23
18725.74 12727.72
18717.81 12713.23
18710.96 12698.48
18704.51 12684.33
18698.47 12669.77
18693.54 12655.00
18682.93 12621.49
18678.62 12607.59
18674.25 12593.05
18670.60 12577.88
18667.32 12563.34
18663.88 12548.09
18660.73 12533.31
18658.32 12519.44
18655.68 12504.26
18653.00 12488.80
18650.50 12474.45
18645.43 12444.48
18643.42 12430.87
18641.18 12417.05
18638.68 12402.62
18636.34 12389.11
18633.93 12375.21
18631.46 12361.00
18629.02 12346.89
18626.56 12332.71
18618.55 12304.74
18612.71 12290.30
18606.90 12275.93
18600.48 12261.79
18593.35 12247.30
18585.24 12234.31
18576.04 12221.15
18565.28 12210.34
18553.79 12199.64
18541.71 12190.41
18528.70 12182.16
18514.26 12175.21
18500.12 12169.27
18485.30 12163.05
18460.51 12154.84
18446.08 12151.89
18431.59 12148.88
18416.90 12145.75
18402.17 12142.60
18387.25 12139.31
18373.29 12135.93
18358.71 12132.38
18344.34 12128.89
18321.32 12126.50
18307.08 12125.55
18292.49 12124.54
18277.79 12123.71
18262.48 12123.36
18247.15 12124.44
18232.84 12126.28
18218.57 12128.17
18203.68 12131.43
18189.92 12135.66
18175.77 12140.00
18161.84 12144.29
18148.44 12149.83
18135.47 12155.82
18122.00 12162.06
18108.88 12168.98
18022.64 12229.68
18019.08 12232.79
18015.10 12236.25
18010.86 12239.95
18006.48 12243.76
17997.20 12254.20
17982.01 12268.00
17966.75 12282.11
17951.40 12296.30
17935.92 12310.62
17920.12 12324.81
17904.06 12338.71
17887.64 12352.91
17871.78 12366.64
17855.54 12380.70
17839.45 12393.89
17822.74 12407.09
17805.70 12420.05
17788.74 12431.83
17771.47 12443.59
17753.46 12455.28
17736.18 12465.04
17717.64 12474.11
17700.30 12481.70
17683.58 12488.36
17665.93 12495.17
17647.13 12501.61
17627.43 12507.84
17607.00 12512.73
17586.99 12516.83
17567.68 12520.18
17548.39 12522.02
17533.55 12523.16
17522.31 12523.99
17511.64 12524.74
17500.84 12525.24
17488.44 12525.34
17473.62 12525.25
17457.08 12524.69
17438.54 12523.47
17417.95 12521.88
17394.50 12517.78
17374.00 12512.25
17351.56 12509.49
17336.30 12507.47
17320.48 12505.37
17304.68 12503.28
17289.58 12501.28
17248.10 12497.27
17227.26 12493.89
17208.58 12490.87
17188.77 12487.66
17168.95 12485.24
17149.40 12482.91
17128.96 12481.47
17108.34 12480.13
17090.36 12479.96
17071.25 12479.78
17050.53 12479.58
17030.85 12480.51
17015.48 12481.27
16997.88 12482.62
16984.78 12484.16
16969.86 12486.05
16954.46 12488.28
16939.89 12490.57
16924.06 12493.29
16908.68 12496.25
16893.51 12499.74
16879.26 12503.25
16863.97 12507.31
16852.72 12510.71
16843.15 12513.95
16831.22 12518.01
16818.12 12522.45
16803.89 12527.42
16789.67 12532.87
16774.04 12538.86
16759.88 12544.29
16745.47 12550.01
16731.30 12556.50
16716.06 12563.49
16702.91 12570.27
16688.77 12577.86
16674.66 12585.57
16661.10 12593.63
16647.44 12602.96
16630.61 12613.66
16617.49 12622.49
16604.11 12631.50
16593.00 12638.98
16583.43 12645.42
16575.42 12650.82
16568.97 12655.16
16565.92 12661.20
16559.92 12665.24
16552.84 12670.01
16546.37 12674.37
16538.71 12679.52
16529.13 12685.97
16519.25 12692.62
16507.81 12702.37
16500.31 12707.70
16493.03 12712.88
16485.09 12718.53
16476.91 12724.35
16470.39 12728.99
16462.94 12734.29
16456.36 12738.97
16451.19 12742.64
16445.39 12746.77
16438.51 12751.66
16432.72 12755.79
16426.70 12760.07
16423.06 12762.66
16420.13 12764.74
16416.55 12767.29
16412.95 12769.86
16408.64 12772.94
16403.50 12776.60
16397.97 12780.55
16392.83 12784.22
16386.13 12789.00
16379.75 12793.55
16373.13 12798.28
16365.63 12803.63
16357.79 12809.22
16350.61 12814.34
16342.41 12820.20
16333.62 12826.47
16324.45 12833.01
16315.92 12839.10
16260.12 12875.59
16251.26 12881.94
16242.64 12888.10
16235.02 12893.55
16226.49 12899.65
16217.99 12905.72
16209.49 12911.80
16200.26 12918.39
16189.59 12926.02
16183.39 12931.52
16180.13 12934.59
16177.89 12936.70
16176.66 12937.85
16146.48 12961.97
16139.75 12966.71
16131.12 12972.78
16120.57 12980.21
16109.06 12988.32
16097.64 12996.35
16089.21 13002.29
16083.02 13006.65
16079.66 13009.02
16079.58 13009.07
16079.57 13009.08
16079.57 13009.08
16079.57 13009.08
16079.57 13009.08
16079.57 13009.08
16079.57 13009.08
16079.57 13009.08
16079.57 13009.08
16079.57 13009.08
16079.57 13009.08
16079.57 13009.08
16079.57 13009.08
16079.57 13009.08
16079.57 13009.08
16079.57 13009.08
16079.57 13009.08
16079.57 13009.08
16079.57 13009.08
16079.57 13009.08
16079.57 13009.08
16079.57 13009.08
16079.57 13009.08
16079.57 13009.08
16079.57 13009.08
16079.57 13009.08
16079.57 13009.08
16079.57 13009.08
16079.57 13009.08
16079.57 13009.08
16079.57 13009.08
16079.57 13009.08
16079.57 13009.08
16079.57 13009.08
16079.57 13009.08
16079.57 13009.08
16079.57 13009.08
16079.57 13009.08
16079.57 13009.08
16079.57 13009.08
16079.57 13009.08
16079.57 13009.08
16079.57 13009.08
16079.55 13009.09
16079.49 13009.14
16079.39 13009.20
16079.09 13009.42
16078.45 13009.87
16078.00 13010.19
16077.19 13010.76
16076.98 13010.90
16076.44 13011.29
16076.03 13011.57
16075.79 13011.74
16075.62 13011.86
16075.53 13011.93
16075.41 13012.01
16075.38 13012.03
16075.33 13012.06
16075.31 13012.08
16075.28 13012.10
16075.27 13012.11
16075.26 13012.12
16075.25 13012.12
16075.25 13012.12
16075.25 13012.12
16075.25 13012.12
16075.25 13012.12
16075.25 13012.12
16075.25 13012.12
16075.25 13012.12
16075.25 13012.12
16075.25 13012.12
