16835.01 13686.60
16834.68 13685.35
16834.03 13682.96
16832.47 13679.03
16829.35 13673.84
16825.46 13667.36
16821.59 13660.92
16819.33 13657.14
16811.04 13651.87
16806.25 13651.52
16803.93 13651.35
16789.94 13653.42
16781.52 13656.00
16773.51 13658.45
16765.59 13660.87
16757.85 13663.23
16750.06 13665.62
16742.10 13668.05
16733.69 13669.67
16725.75 13671.00
16717.20 13672.44
16708.39 13673.92
16699.93 13675.34
16691.56 13676.74
16683.17 13678.15
16674.71 13679.58
16666.06 13681.17
16657.49 13682.74
16648.88 13684.31
16640.86 13685.78
16631.87 13687.42
16623.22 13689.01
16614.44 13690.61
16606.04 13692.15
16598.20 13693.59
16593.85 13694.38
16579.11 13697.49
16571.76 13699.23
16562.31 13701.47
16550.87 13704.14
16537.78 13707.18
16523.98 13710.40
16510.45 13713.65
16496.52 13717.16
16484.01 13720.31
16468.04 13724.25
16464.49 13725.12
16463.23 13725.43
16463.19 13725.44
16463.18 13725.44
16463.18 13725.44
16463.18 13725.44
16463.18 13725.44
16463.18 13725.44
16463.18 13725.44
16463.18 13725.44
16463.18 13725.44
16463.18 13725.44
16463.18 13725.44
16463.18 13725.44
16463.18 13725.44
16463.18 13725.44
16463.18 13725.44
16453.53 13727.97
16453.46 13727.99
16453.41 13728.00
16453.39 13728.00
16453.39 13728.00
16453.39 13728.00
16453.39 13728.00
16453.39 13728.00
16453.39 13728.00
16453.39 13728.00
16453.39 13728.00
16453.39 13728.00
16453.39 13728.00
16453.39 13728.00
16453.39 13728.00
16453.39 13728.00
16453.39 13728.00
16453.39 13728.00
16453.39 13728.00
16453.39 13728.00
16443.15 13730.76
16440.07 13731.56
16435.65 13732.71
16429.34 13734.37
16420.96 13736.71
16411.01 13739.48
16399.86 13742.59
16386.35 13746.37
16372.01 13750.38
16358.01 13753.45
16344.03 13756.19
16329.08 13758.81
16314.05 13760.38
16299.08 13761.05
16284.33 13761.72
16270.18 13762.35
16255.51 13763.01
16241.37 13763.65
16224.39 13773.05
16220.64 13786.09
16219.03 13799.03
16217.55 13810.92
16216.49 13819.08
16215.83 13823.55
16215.66 13824.69
16215.65 13824.77
16215.65 13824.77
16215.65 13824.77
16215.65 13824.77
16215.65 13824.77
16215.65 13824.77
16215.65 13824.77
16215.65 13824.77
16215.65 13824.77
16215.65 13824.77
16215.65 13824.77
16215.65 13824.77
16215.65 13824.77
16215.65 13824.77
16215.65 13824.77
16215.65 13824.77
16215.65 13824.77
16215.65 13824.77
16215.65 13824.77
16207.35 13830.21
16204.77 13829.84
16199.88 13829.10
16193.12 13828.09
16184.99 13826.87
16174.89 13825.35
16162.54 13823.50
16148.28 13821.36
16134.16 13819.24
16120.38 13817.17
16106.04 13815.02
16091.45 13812.83
16077.18 13810.69
16063.26 13809.38
16048.58 13808.87
16025.55 13812.26
16010.97 13815.95
15997.70 13822.59
15985.00 13829.69
15972.15 13836.87
15959.15 13844.32
15947.36 13852.01
15936.27 13859.51
15925.46 13866.82
15914.17 13874.13
15902.47 13881.58
15891.38 13888.64
15871.32 13900.87
15862.29 13905.75
15853.42 13910.56
15844.61 13915.33
15835.52 13920.26
15826.32 13924.94
15777.79 13938.48
15766.39 13938.17
15754.27 13937.70
15742.98 13937.05
15732.77 13936.46
15716.58 13938.25
15710.36 13941.70
15704.94 13946.44
15696.44 13962.39
15698.24 13972.25
15696.24 13979.69
15698.27 13992.09
15700.28 14004.21
15702.32 14016.53
15704.38 14028.97
15706.31 14040.59
15708.10 14051.39
15710.00 14062.91
15711.80 14073.77
15713.81 14085.89
15715.68 14097.57
15717.11 14109.12
15713.31 14119.71
15707.82 14129.83
15700.20 14138.01
15689.79 14143.43
15679.88 14146.83
15669.03 14149.21
15657.93 14151.57
15646.51 14154.01
15635.59 14156.33
15624.14 14158.77
15612.29 14161.30
15600.91 14163.72
15589.76 14166.10
15578.79 14168.44
15566.60 14171.03
15555.63 14173.37
15547.68 14175.07
15543.58 14175.94
15539.92 14176.72
15539.20 14176.87
15538.68 14176.98
15537.45 14177.24
15534.61 14177.85
15531.81 14178.45
15528.73 14179.10
15527.78 14179.31
15527.59 14179.35
15527.50 14179.37
15527.45 14179.38
15527.42 14179.38
15527.41 14179.38
15526.73 14179.53
15523.84 14180.15
15519.98 14180.97
15506.37 14187.37
15503.51 14188.01
15500.47 14188.69
15482.38 14192.69
15479.31 14193.24
15461.65 14196.22
15453.56 14197.37
15445.53 14198.50
15436.74 14199.75
15429.12 14200.83
15422.08 14201.83
15414.26 14202.94
15408.01 14203.83
15401.43 14204.76
15393.54 14205.87
15386.76 14206.68
15378.44 14207.66
15369.88 14208.52
15359.52 14209.71
15348.86 14210.84
15337.13 14214.11
15329.99 14211.81
15321.40 14213.04
15310.95 14214.53
15300.15 14216.08
15289.22 14217.64
15278.40 14219.18
15241.60 14225.41
15232.45 14226.34
15222.39 14227.33
15212.24 14228.00
15201.23 14228.73
15191.95 14229.35
15182.65 14229.96
15172.89 14230.61
15164.00 14231.20
15155.89 14231.74
15145.81 14232.46
15137.15 14233.14
15097.98 14230.53
15092.36 14230.67
15087.60 14230.40
15082.83 14229.56
15077.74 14228.02
15072.87 14225.78
15060.36 14219.69
15055.30 14216.79
15050.31 14213.74
15038.07 14204.56
15028.40 14195.89
15025.13 14192.72
15016.54 14183.13
15006.66 14174.58
14998.69 14162.97
14991.40 14150.69
14984.54 14138.96
14980.11 14127.59
14975.86 14116.33
14971.63 14104.71
14967.92 14093.61
14964.29 14073.54
14962.62 14062.60
14961.19 14051.28
14959.79 14040.19
14958.44 14029.50
14957.06 14018.62
14955.59 14006.98
14954.10 13995.21
14952.67 13983.86
14950.88 13971.81
14948.80 13960.55
14946.15 13951.14
14942.13 13940.55
14936.74 13930.35
14930.07 13919.43
14920.64 13908.56
14909.24 13899.17
14896.75 13892.49
14883.38 13888.04
14873.27 13883.18
14858.78 13881.30
14843.31 13879.91
14828.56 13878.68
14813.28 13877.48
14798.16 13876.34
14783.38 13875.77
14767.76 13875.17
14752.35 13874.58
14737.58 13874.01
14722.10 13873.41
14706.97 13872.41
14693.10 13871.43
14678.95 13870.42
14666.03 13869.51
14652.37 13868.54
14639.80 13867.65
14627.95 13866.80
14615.51 13865.92
14603.50 13865.07
14592.56 13864.29
14579.66 13863.38
14567.39 13862.50
14556.05 13861.70
14544.03 13860.85
14532.39 13860.02
14519.75 13859.12
14508.49 13858.32
14496.68 13857.48
14484.65 13856.63
14473.00 13855.80
14461.30 13854.97
14448.80 13854.08
14435.86 13853.17
14423.88 13852.32
14412.47 13851.51
14401.96 13850.76
14389.57 13849.88
14377.97 13849.06
14366.39 13848.26
14353.90 13847.31
14332.62 13845.66
14322.26 13844.44
14312.29 13843.06
14300.73 13841.38
14290.36 13839.08
14280.22 13836.16
14269.67 13833.03
14257.51 13829.42
14243.94 13825.05
14225.27 13818.56
14214.64 13814.31
14199.46 13809.02
14178.38 13803.49
14165.32 13801.83
14151.43 13803.63
14138.26 13802.19
14125.19 13800.72
14112.09 13798.20
14099.48 13794.50
14086.62 13790.90
14074.78 13787.27
14062.92 13783.58
14051.34 13778.90
14039.27 13773.84
14003.27 13760.77
13991.04 13757.90
13978.51 13754.97
13966.40 13752.46
13948.55 13750.51
13938.26 13748.85
13931.04 13747.77
13926.90 13747.11
13922.89 13746.46
13917.78 13745.64
13913.83 13744.83
13912.06 13744.43
13910.25 13744.02
13907.87 13743.48
13905.06 13742.84
13901.54 13742.05
13870.06 13734.41
13862.69 13733.15
13858.86 13732.50
13856.48 13732.10
13854.44 13731.75
13853.40 13731.57
13852.16 13731.36
13851.12 13731.23
13850.10 13731.12
13849.50 13731.06
13848.93 13731.00
13848.24 13730.93
13847.43 13730.85
13846.49 13730.75
13845.45 13730.64
13844.73 13730.56
13843.22 13730.40
13842.04 13730.28
13840.19 13730.09
13839.02 13729.97
13837.87 13729.85
13837.19 13729.77
13836.50 13729.70
13835.54 13729.60
13835.01 13729.58
13834.17 13729.57
13832.47 13729.57
13829.64 13729.55
13825.48 13729.53
13820.00 13729.50
13811.05 13731.50
13803.91 13732.20
13795.30 13733.04
13786.71 13734.03
13781.28 13734.73
13774.44 13736.08
13766.03 13738.06
13746.99 13746.57
13738.08 13749.03
13727.77 13752.08
13716.76 13755.34
13703.29 13760.93
13699.33 13765.82
13690.40 13778.10
13687.78 13786.64
13685.08 13795.43
13682.14 13805.02
13679.24 13814.47
13676.36 13823.86
13673.60 13832.83
13664.27 13905.31
13664.61 13914.31
13664.96 13923.37
13665.31 13932.44
13665.67 13941.86
13666.04 13951.37
13667.06 13960.14
13668.21 13968.64
13669.39 13977.40
13674.15 13997.07
13675.31 14006.74
13675.62 14020.20
13679.41 14034.38
13683.42 14047.56
13684.55 14062.25
13687.96 14073.21
13690.67 14081.91
13690.71 14082.05
13690.72 14082.07
13690.72 14082.07
13690.72 14082.08
13690.72 14082.08
13690.72 14082.08
13690.72 14082.08
13694.40 14094.40
13694.42 14094.46
13694.44 14094.56
13699.91 14108.28
13701.89 14117.04
13704.15 14127.03
13710.10 14138.41
13714.21 14169.48
13714.19 14169.67
13712.98 14190.73
13712.10 14204.05
13710.88 14217.07
13709.61 14230.61
13708.40 14243.57
13706.92 14262.95
13706.04 14276.36
13705.18 14289.59
13705.33 14309.73
13704.08 14325.08
13702.77 14340.71
13701.45 14355.33
13700.13 14369.89
13697.79 14384.61
13694.50 14399.34
13691.31 14413.64
13688.22 14428.32
13685.16 14443.36
13682.28 14457.53
13681.04 14473.07
13680.52 14487.96
13679.96 14503.69
13679.42 14518.72
13678.89 14533.75
13678.35 14548.89
13678.91 14563.46
13679.54 14579.05
13680.15 14594.36
13679.37 14613.05
13680.12 14628.11
13680.88 14643.34
13682.03 14658.49
13684.27 14674.03
13686.37 14688.60
13689.22 14703.13
13693.84 14717.86
13698.25 14731.69
13702.84 14745.80
13707.27 14761.38
13712.77 14773.04
13718.37 14784.93
13722.95 14796.57
13720.30 14818.71
13719.36 14819.65
13718.80 14820.21
13702.00 14831.18
13693.19 14833.84
13682.76 14837.00
13670.62 14840.67
13657.76 14844.57
13647.92 14847.55
13641.75 14849.41
13639.37 14850.14
13638.77 14850.33
13638.64 14850.37
13638.44 14850.43
13638.41 14850.44
13639.15 14853.66
13637.33 14854.22
13635.96 14854.65
13635.23 14854.88
13635.01 14854.95
13635.01 14854.95
13635.01 14854.95
13635.01 14854.95
13635.01 14854.95
13635.01 14854.95
13635.01 14854.95
13635.01 14854.95
13635.01 14854.95
13635.01 14854.95
13635.01 14854.95
13635.01 14854.95
13635.01 14854.95
13635.01 14854.95
13635.01 14854.95
13635.01 14854.95
13635.01 14854.95
13635.01 14854.95
13635.01 14854.95
13635.01 14854.95
13635.01 14854.95
13635.01 14854.95
13635.01 14854.95
13635.01 14854.95
13635.01 14854.95
13621.56 14858.24
13618.72 14858.78
13614.74 14859.54
13608.91 14860.66
13601.98 14861.99
13593.02 14863.71
13582.38 14865.75
13570.12 14867.86
13557.22 14869.81
13544.16 14871.78
13531.03 14873.76
13502.19 14878.02
13487.45 14880.18
13472.32 14879.07
13458.43 14881.11
13444.37 14883.17
13429.78 14885.31
13415.28 14887.44
13400.81 14889.56
13386.70 14891.64
13372.09 14893.78
13357.55 14895.98
13342.86 14898.54
13329.08 14901.86
13310.24 14908.17
13303.01 14911.00
13295.64 14913.88
13288.64 14917.32
13283.84 14919.87
13281.23 14921.47
13227.82 14907.22
13220.78 14903.67
13212.58 14899.53
13202.55 14894.46
13191.33 14888.80
13180.32 14883.24
13168.85 14877.45
13157.46 14871.70
13145.72 14865.78
13134.17 14859.94
13122.81 14854.21
13111.72 14848.61
