22575.14 9147.33
22575.14 9145.90
22575.14 9143.08
22575.15 9138.55
22575.15 9132.28
22575.15 9124.85
22575.15 9117.43
22575.16 9110.34
22575.16 9102.83
22575.16 9094.60
22575.17 9086.46
22575.17 9079.20
22575.22 9071.30
22575.30 9063.63
22575.38 9055.58
22575.46 9047.58
22575.54 9039.67
22575.62 9031.93
22575.70 9024.63
22575.77 9016.95
22575.85 9009.75
22584.36 8999.21
22591.83 8999.24
22599.29 8999.26
22606.63 8999.29
22614.73 8999.31
22622.28 8999.34
22629.65 8999.36
22637.09 8999.39
22644.92 8999.41
22653.23 8999.44
22660.48 8999.47
22667.72 8999.50
22674.95 8999.52
22682.86 8999.55
22690.60 8999.62
22698.19 9000.22
22706.39 9000.87
22714.21 9001.98
22722.00 9004.51
22729.26 9006.87
22737.00 9009.57
22743.89 9012.29
22751.43 9015.28
22758.99 9018.27
22763.76 9020.15
22769.40 9034.31
22768.49 9042.38
22767.57 9050.50
22766.77 9057.57
22765.96 9064.75
22765.14 9072.05
22764.30 9079.48
22763.45 9086.92
22762.61 9094.36
22761.67 9102.08
22760.82 9109.02
22759.85 9116.90
22758.99 9123.84
22758.10 9131.08
22757.20 9138.33
22756.32 9145.46
22755.39 9153.05
22754.44 9160.73
22753.74 9166.40
22740.39 9172.45
22730.78 9170.54
22719.71 9168.34
22706.62 9165.74
22693.42 9163.19
22679.94 9160.63
22666.96 9158.16
22654.15 9156.84
22640.59 9156.82
22626.97 9156.81
22613.31 9156.79
22599.84 9157.02
22586.79 9157.50
22564.61 9159.87
22552.13 9162.15
22539.92 9164.38
22527.24 9167.70
22515.03 9171.34
22502.56 9175.04
22490.22 9178.41
22477.61 9181.86
22465.28 9183.77
22451.99 9185.51
22439.32 9187.11
22426.32 9188.48
22417.44 9189.21
22412.70 9189.60
22412.11 9189.65
22411.87 9189.67
22411.85 9189.67
22411.85 9189.67
22407.62 9194.36
22407.62 9198.20
22407.61 9203.31
22407.47 9210.02
22406.57 9217.79
22404.44 9227.25
22397.04 9246.14
22390.32 9256.76
22380.58 9266.27
22370.00 9274.90
22358.89 9282.78
22347.35 9289.95
22336.08 9295.58
22324.00 9300.52
22311.66 9305.76
22299.75 9311.29
22288.64 9317.57
22278.19 9324.69
22267.55 9332.35
22233.66 9361.11
22224.65 9369.01
22215.00 9377.47
22205.93 9385.42
22196.72 9393.49
22187.76 9401.64
22178.49 9410.08
22169.56 9418.21
22160.03 9426.92
22150.61 9435.54
22141.02 9444.31
22131.49 9453.04
22122.59 9461.19
22113.15 9469.82
22104.32 9477.91
22094.89 9486.54
22085.57 9495.07
22074.93 9504.75
22063.29 9515.26
22055.40 9522.36
22045.25 9531.51
22034.91 9536.38
22031.41 9539.53
22003.47 9564.93
21991.83 9575.67
21979.98 9586.61
21967.91 9597.76
21955.75 9608.98
21943.11 9620.65
21930.61 9632.19
21917.98 9643.84
21905.57 9655.30
21893.46 9666.48
21881.43 9677.59
21869.57 9688.54
21857.40 9699.78
21845.19 9711.04
21832.91 9722.38
21820.69 9733.66
21808.52 9744.90
21796.69 9755.82
21784.52 9767.05
21772.11 9778.51
21759.85 9789.83
21747.20 9801.51
21735.40 9812.40
21723.28 9823.59
21711.43 9834.52
21699.30 9845.73
21687.27 9856.83
21675.49 9867.70
21663.17 9879.07
21650.70 9890.59
21638.41 9901.94
21625.82 9913.56
21613.69 9924.76
21601.31 9936.18
21589.20 9947.36
21577.05 9958.58
21566.83 9968.02
21562.07 9976.91
21558.31 9980.38
21557.56 9981.07
21557.03 9981.57
21556.96 9981.63
21556.94 9981.64
21556.94 9981.64
21556.94 9981.65
21556.94 9981.65
21556.94 9981.65
21556.94 9981.65
21556.94 9981.65
21556.94 9981.65
21556.94 9981.65
21556.94 9981.65
21556.94 9981.65
21556.94 9981.65
21548.98 9989.13
21546.50 9991.52
21542.45 9995.42
21537.10 10000.56
21530.12 10007.28
21521.75 10015.34
21512.21 10024.51
21501.67 10034.66
21489.42 10046.07
21476.70 10057.53
21464.49 10068.53
21451.71 10080.04
21439.12 10091.38
21426.67 10102.59
21414.08 10113.93
21401.35 10125.39
21389.11 10136.42
21380.54 10144.16
21372.71 10151.26
21365.01 10158.25
21357.22 10165.31
21349.90 10171.95
21342.62 10178.56
21335.41 10185.10
21328.11 10191.72
21321.31 10197.89
21316.92 10201.87
21314.93 10203.67
21314.93 10203.67
21314.93 10203.67
21314.93 10203.67
21314.93 10203.67
21314.93 10203.67
21314.93 10203.67
21314.93 10203.67
21314.93 10203.67
21314.93 10203.67
21314.93 10203.67
21314.93 10203.67
21314.93 10203.67
21314.93 10203.67
21314.93 10203.67
21314.93 10203.67
21314.93 10203.67
21314.93 10203.67
21314.93 10203.67
21314.93 10203.67
21314.93 10203.67
21314.93 10203.67
21314.93 10203.67
21314.93 10203.67
21314.93 10203.67
21314.93 10203.67
21314.93 10203.67
21314.93 10203.67
21314.93 10203.67
21314.93 10203.67
21314.93 10203.67
21314.93 10203.67
21314.93 10203.67
21314.93 10203.67
21314.93 10203.67
21314.93 10203.67
21314.93 10203.67
21314.93 10203.67
21314.93 10203.67
21314.93 10203.67
21314.93 10203.67
21314.93 10203.67
21314.93 10203.67
21314.93 10203.67
21314.93 10203.67
21314.93 10203.67
21314.93 10203.67
21314.93 10203.67
21314.93 10203.67
21314.93 10203.67
21314.93 10203.67
21314.93 10203.67
21314.93 10203.67
21314.93 10203.67
21314.93 10203.67
21314.93 10203.67
21265.49 10247.32
21265.14 10247.64
21264.58 10248.14
21263.83 10248.80
21262.90 10249.63
21251.11 10260.37
21240.90 10269.71
21230.83 10278.92
21221.09 10287.83
21211.28 10296.80
21201.40 10305.83
21191.55 10314.84
21181.17 10324.33
21170.80 10333.81
21165.90 10345.85
21162.27 10350.89
21159.79 10354.35
21158.35 10356.34
21157.79 10357.11
21157.71 10357.24
21157.70 10357.24
21157.70 10357.24
21157.70 10357.24
21157.70 10357.24
21157.70 10357.24
21157.70 10357.24
21157.70 10357.24
21157.70 10357.24
21157.70 10357.24
21157.70 10357.24
21157.70 10357.24
21157.70 10357.24
21157.70 10357.24
21157.70 10357.24
21157.70 10357.24
21157.70 10357.24
21157.70 10357.24
21157.70 10357.24
21157.70 10357.24
21157.70 10357.24
21157.70 10357.24
21157.70 10357.24
21157.70 10357.24
21157.70 10357.24
21157.70 10357.24
21152.29 10365.03
21151.73 10365.91
21150.80 10367.37
21149.62 10369.22
21148.12 10371.58
21146.32 10374.40
21144.36 10377.48
21123.78 10412.56
21118.04 10425.48
21112.10 10438.43
21106.01 10450.68
21099.86 10463.07
21093.59 10475.66
21086.15 10488.85
21081.81 10498.15
21077.40 10507.60
21072.74 10517.59
21068.34 10527.01
21061.72 10555.80
21062.68 10567.00
21068.36 10576.70
21081.37 10585.99
21096.88 10589.23
21113.89 10590.92
21130.68 10591.34
21146.66 10590.13
21163.56 10587.15
21179.85 10582.16
21196.45 10572.56
21210.85 10564.10
21224.39 10555.44
21235.96 10543.16
21244.88 10529.05
21249.50 10513.40
21250.39 10496.83
21244.88 10480.95
21234.49 10468.70
21219.40 10462.16
21202.81 10458.47
21185.64 10457.64
21169.29 10458.31
21149.73 10455.43
21131.19 10456.80
21110.61 10458.31
21087.90 10459.98
21063.49 10461.78
21037.46 10463.69
21009.29 10465.76
20978.06 10469.66
20949.71 10471.63
20921.43 10473.59
20893.08 10475.54
20864.89 10477.45
20836.15 10479.39
20808.14 10481.29
20780.00 10483.19
20752.01 10485.12
20724.05 10487.20
20697.40 10489.17
20670.56 10491.16
20644.20 10492.74
20617.03 10494.17
20590.84 10495.56
20564.58 10496.96
20538.48 10498.79
20514.02 10500.50
20488.32 10502.29
20464.04 10504.00
20440.11 10505.75
20416.89 10507.45
20392.80 10509.26
20367.08 10512.12
20343.91 10514.69
20320.88 10517.58
20295.93 10521.59
20272.21 10525.51
20249.53 10529.90
20225.53 10535.20
20202.64 10540.60
20179.11 10546.96
20155.79 10553.90
20133.28 10560.80
20111.60 10567.76
20089.02 10575.72
20067.20 10584.85
20044.05 10595.13
20020.65 10605.58
19998.62 10616.49
19977.19 10627.24
19955.86 10638.92
19936.14 10650.02
19915.13 10662.25
19894.87 10674.32
19873.89 10687.22
19853.78 10699.95
19834.45 10712.18
19813.77 10725.27
19793.43 10738.14
19772.53 10751.36
19752.53 10764.02
19731.71 10777.20
19711.53 10789.97
19691.20 10802.93
19670.26 10816.39
19650.57 10829.06
19630.17 10842.18
19609.77 10855.30
19589.82 10868.13
19569.46 10881.22
19549.48 10894.06
19529.75 10906.58
19509.85 10919.22
19488.93 10932.51
19467.77 10945.94
19446.67 10959.43
19427.61 10971.78
19409.17 10983.72
19389.01 10996.78
19369.35 11009.51
19349.90 11022.10
19330.21 11034.71
19309.44 11048.01
19289.79 11060.60
19269.50 11073.59
19249.48 11086.32
19228.54 11099.59
19206.95 11113.31
19184.86 11129.88
19164.55 11143.64
19144.54 11157.20
19127.10 11169.01
19112.15 11179.14
19095.70 11190.35
19082.44 11199.42
19068.76 11209.19
19055.92 11219.27
19044.22 11228.87
19032.61 11238.91
19020.77 11249.57
19009.13 11260.76
18998.97 11271.69
18988.54 11283.51
18979.41 11293.94
18969.53 11306.87
18960.57 11318.80
18952.54 11330.09
18944.32 11341.96
18935.98 11354.54
18929.32 11366.12
18922.36 11378.58
18915.90 11391.18
18910.29 11402.31
18905.04 11414.27
18899.68 11426.60
18894.81 11439.51
18890.28 11451.66
18886.09 11463.78
18881.70 11476.97
18878.38 11488.80
18874.77 11516.05
18870.94 11531.96
18867.44 11546.23
18863.62 11561.84
18859.83 11577.30
18856.38 11591.39
18852.89 11605.65
18850.13 11620.85
18848.70 11636.06
18849.75 11650.16
18852.79 11663.01
18858.59 11674.83
18866.98 11684.58
18878.48 11692.44
18890.01 11696.82
18904.40 11697.78
18917.60 11695.18
18929.58 11689.67
18939.55 11681.34
18946.43 11672.07
18951.52 11659.21
18952.64 11645.57
18950.53 11633.05
18945.27 11620.99
18937.58 11610.22
18926.47 11601.61
18911.79 11595.34
18889.27 11586.82
18876.91 11580.64
18862.02 11577.27
18848.61 11574.23
18835.20 11571.20
18821.79 11568.16
18810.00 11565.49
18788.63 11561.50
18778.63 11558.72
18768.47 11555.89
18757.53 11552.85
18747.64 11550.09
18737.76 11547.34
18728.33 11544.71
18718.12 11541.65
18677.44 11529.57
18664.52 11523.05
18649.21 11519.34
18631.63 11515.08
18612.31 11510.41
18590.68 11505.17
18567.24 11499.50
18544.73 11495.67
18526.64 11491.21
18484.56 11475.63
18454.68 11468.12
18424.63 11460.56
18394.89 11449.68
18362.31 11441.49
18328.56 11433.00
18292.61 11425.71
18259.07 11417.45
18225.03 11409.07
18191.75 11400.88
18157.60 11392.45
18124.00 11384.15
18090.04 11375.76
18056.30 11367.42
18022.94 11359.18
17989.87 11350.66
17956.35 11341.57
17922.91 11331.26
17890.24 11320.72
17858.01 11309.77
17825.98 11298.53
17792.93 11286.47
17761.27 11273.32
17728.26 11263.18
17695.97 11249.25
17664.81 11234.68
17633.03 11219.83
17601.35 11204.51
17570.64 11188.69
17540.74 11171.96
17510.31 11154.58
17479.85 11136.94
17449.99 11118.66
17421.22 11100.35
17392.03 11081.27
17363.50 11062.43
17335.37 11042.70
17308.25 11022.18
17280.49 11000.65
17252.95 10979.29
17226.10 10958.25
17199.97 10935.97
17173.66 10913.25
17147.90 10889.55
17122.60 10866.08
17096.67 10838.86
17072.38 10814.13
17049.09 10789.38
17026.39 10764.43
17003.71 10739.41
16981.07 10713.06
16959.13 10687.51
16933.67 10653.12
16914.55 10628.56
16895.52 10604.10
16876.38 10579.51
16856.89 10554.47
16837.44 10529.48
16810.38 10492.15
16789.15 10465.14
16768.44 10438.80
16747.31 10411.92
16725.94 10384.74
16701.45 10356.33
16679.64 10328.97
16658.07 10301.92
16636.65 10275.45
16614.33 10248.46
16592.11 10221.59
16569.81 10195.06
16547.58 10169.10
16524.74 10142.41
16502.51 10116.38
16480.20 10089.07
16458.51 10062.52
16436.99 10036.17
16415.47 10009.83
16393.77 9983.25
16371.79 9956.35
16350.28 9928.89
16329.10 9901.80
16308.16 9875.00
16286.96 9847.86
16265.82 9820.81
16244.37 9793.35
16222.78 9765.73
16201.27 9738.20
16179.98 9710.95
16158.46 9683.41
16136.94 9655.87
16115.81 9628.83
16094.12 9601.08
16072.80 9573.79
16051.16 9546.09
16029.51 9518.38
16008.79 9491.19
15988.16 9463.40
15967.14 9435.09
15946.18 9406.87
15925.20 9378.63
15904.45 9350.68
15883.84 9322.92
15863.21 9295.15
15842.46 9267.20
15821.57 9239.07
15800.62 9210.86
15780.29 9183.25
15759.52 9154.94
15738.61 9126.57
15717.56 9098.77
15697.01 9071.62
15675.96 9043.82
15655.09 9016.77
15633.71 8989.32
15612.10 8961.58
15590.70 8934.18
15569.06 8906.75
15547.02 8879.75
15524.32 8852.94
15501.16 8827.33
15478.22 8802.24
15455.12 8776.97
15431.34 8751.80
15407.20 8727.25
15382.11 8702.81
15353.17 8679.73
15327.18 8656.64
15301.28 8633.64
15276.01 8611.19
15249.52 8589.34
15222.59 8567.34
15195.62 8545.31
15168.28 8524.41
15140.72 8503.89
15113.21 8483.40
15085.79 8463.53
15057.03 8443.96
15028.57 8424.59
14978.53 8392.57
14950.14 8374.82
14921.69 8357.83
14892.90 8341.09
14863.56 8324.93
14833.74 8308.85
14804.15 8293.21
14773.89 8278.04
14743.64 8263.08
14713.83 8249.27
14684.00 8235.73
14653.70 8222.86
14623.40 8210.24
14592.32 8197.47
14561.75 8185.80
14530.60 8174.26
14498.69 8163.07
14467.47 8152.58
14436.32 8142.29
14404.62 8133.29
14368.66 8122.99
14336.93 8113.40
14305.00 8104.89
14270.20 8096.05
14236.99 8088.32
14204.58 8082.26
14168.57 8074.83
14132.56 8068.23
14095.87 8061.99
14059.22 8053.28
14020.90 8047.66
13983.43 8043.67
13948.71 8039.48
13913.91 8036.53
13879.38 8034.76
13844.26 8032.96
13809.95 8031.21
13775.89 8030.45
13741.03 8030.27
13705.83 8030.10
13671.36 8030.27
13636.34 8031.72
13601.61 8033.15
13567.33 8034.57
13533.17 8036.84
13498.85 8040.41
13464.28 8044.01
13430.23 8047.56
13396.36 8052.10
13361.80 8056.82
13327.32 8061.53
13292.83 8067.96
13258.79 8074.44
13225.07 8080.86
13191.30 8088.00
13157.38 8096.53
13123.65 8105.00
13090.69 8113.67
13056.84 8123.02
13023.47 8132.23
12991.23 8141.93
12958.98 8153.04
12927.75 8163.79
12895.52 8174.90
12862.21 8186.37
12829.26 8198.93
12797.26 8211.41
12764.97 8224.01
12732.82 8236.54
12700.50 8249.46
12668.65 8262.86
12637.19 8276.13
12605.98 8290.56
12574.25 8305.24
12542.61 8319.87
12511.31 8334.34
12479.57 8349.20
12448.45 8364.66
12417.11 8380.23
12386.07 8395.65
12355.10 8411.04
12323.54 8426.71
12293.33 8443.07
12263.43 8460.41
12233.71 8477.65
12204.14 8494.80
12174.23 8512.14
12144.41 8529.76
12115.41 8547.64
12085.62 8565.99
12056.24 8584.09
12027.29 8603.35
11998.67 8622.75
11969.87 8642.26
11942.69 8660.68
11917.11 8678.02
11893.13 8694.26
11871.35 8710.23
11853.12 8727.97
11831.18 8744.37
11811.16 8759.34
11790.27 8774.95
11768.68 8791.00
11745.34 8812.48
11723.99 8828.67
11702.67 8844.85
11681.01 8861.28
11658.16 8879.01
11636.90 8896.08
11616.05 8913.95
11595.45 8931.64
11573.69 8950.69
11550.89 8968.83
11528.87 8985.72
11506.11 9003.17
11484.70 9019.60
11466.79 9033.34
11451.73 9044.91
11440.17 9053.78
11418.25 9077.84
11411.04 9088.55
11406.07 9100.29
11403.37 9112.82
11404.21 9124.59
11408.34 9137.43
11415.88 9148.40
11425.73 9157.12
11436.78 9162.80
11449.21 9165.87
11462.72 9165.58
11474.60 9162.87
11485.56 9157.51
11496.74 9150.64
11506.73 9144.26
11517.60 9136.77
11527.84 9129.72
11538.15 9122.63
11548.63 9115.41
11559.67 9107.81
11570.45 9100.39
11581.16 9093.02
11592.46 9086.48
11602.91 9080.84
11610.11 9076.97
11613.64 9075.06
11614.53 9074.58
11614.73 9074.47
11614.85 9074.41
11614.89 9074.39
11614.89 9074.39
11614.89 9074.39
11614.89 9074.39
11614.89 9074.39
11614.89 9074.39
11614.89 9074.39
11614.89 9074.39
11614.89 9074.39
11614.89 9074.39
11614.89 9074.39
11614.89 9074.39
11614.89 9074.39
11614.89 9074.39
11614.89 9074.39
11614.89 9074.39
11615.75 9073.92
11617.70 9072.87
11637.54 9087.37
11638.09 9088.99
11638.79 9091.08
11639.74 9093.90
11644.01 9107.87
11648.18 9118.75
11652.83 9130.85
11657.49 9142.98
11662.49 9156.02
11667.24 9168.40
11671.94 9180.63
11676.81 9193.34
11681.85 9206.47
11686.59 9218.82
11691.62 9231.93
11696.67 9245.07
11701.35 9257.28
11709.26 9268.65
11714.09 9281.25
11718.96 9293.95
11723.66 9306.18
11728.63 9319.12
11733.44 9331.66
11738.46 9344.74
11743.20 9357.32
11747.96 9369.99
11752.85 9383.02
11756.91 9393.85
11759.57 9400.92
11760.81 9404.27
11761.21 9405.40
11761.64 9406.62
11762.94 9410.17
11768.07 9431.36
11770.82 9438.72
11774.23 9447.87
11778.09 9458.24
11783.14 9469.56
11788.64 9481.57
11794.19 9493.69
11799.80 9505.96
11805.37 9518.13
11810.92 9530.26
11816.56 9542.57
11822.43 9555.40
11828.80 9567.08
11836.01 9579.16
11843.09 9590.99
11851.49 9601.99
11859.86 9612.60
11868.57 9623.64
11877.96 9633.17
11887.31 9642.27
11897.19 9651.88
11907.36 9661.77
11917.40 9671.53
11927.09 9680.96
11936.89 9689.96
11947.73 9698.64
11958.30 9707.10
11968.78 9715.48
11977.37 9722.36
11983.41 9727.19
11986.62 9729.75
11994.85 9730.24
11998.92 9730.80
12004.59 9739.47
12001.76 9746.15
11990.86 9755.98
11984.02 9767.55
11975.55 9779.26
11967.22 9790.77
11959.41 9801.57
11951.48 9812.53
11943.41 9823.68
11935.55 9834.55
11927.45 9845.74
11917.97 9856.61
11907.47 9865.81
11897.23 9874.29
11886.51 9883.17
11875.66 9892.14
11864.67 9901.25
11853.71 9910.32
11842.82 9919.34
11832.20 9928.12
11821.81 9936.73
11810.87 9945.79
11800.73 9954.18
11793.59 9960.09
11789.83 9963.21
11788.43 9960.08
11795.39 9954.31
11804.25 9946.98
11814.77 9938.27
11824.98 9929.82
11835.87 9920.80
11846.00 9912.41
11856.96 9903.34
11867.69 9894.46
11878.44 9885.56
11889.35 9876.52
11899.54 9868.09
11910.59 9858.94
11920.68 9848.72
11929.13 9837.80
11937.20 9826.65
11945.33 9815.40
11953.19 9804.54
11961.39 9793.21
11969.59 9781.87
11977.42 9771.04
11985.31 9760.14
