17181.11 15937.13
17179.98 15936.34
17177.29 15934.48
17173.54 15931.88
17168.26 15928.23
17161.83 15923.77
17154.85 15918.94
17149.78 15915.43
17147.45 15913.81
17151.29 15912.46
17155.39 15915.30
17160.32 15918.72
17166.29 15922.85
17173.32 15927.72
17179.63 15932.09
17183.54 15934.80
17197.65 15938.14
17206.13 15935.14
17216.65 15931.42
17227.48 15927.59
17238.07 15923.85
17249.59 15919.77
17260.23 15916.01
17271.43 15912.05
17280.99 15908.67
17287.82 15906.25
17290.78 15905.20
17290.86 15905.18
17290.90 15905.16
17290.90 15905.16
17290.90 15905.16
17290.90 15905.16
17290.90 15905.16
17290.90 15905.16
17302.03 15909.03
17304.52 15911.29
17308.44 15914.84
17313.96 15919.83
17321.18 15926.37
17330.63 15932.99
17340.89 15939.75
17351.32 15946.66
17361.32 15953.41
17370.80 15959.80
17380.79 15966.54
17391.02 15973.55
17400.41 15980.64
17418.91 15994.08
17428.72 16001.10
17438.16 16007.86
17448.30 16015.12
17458.15 16022.18
17468.20 16029.37
17478.22 16036.54
17488.03 16043.57
17497.58 16050.40
17508.04 16057.30
17518.65 16064.09
17532.94 16073.36
17537.60 16076.51
17540.65 16078.57
17542.01 16079.49
17549.57 16096.13
17547.24 16100.72
17543.25 16106.61
17538.48 16113.66
17532.79 16122.08
17527.23 16130.29
17521.55 16138.67
17524.50 16162.01
17533.45 16169.29
17542.99 16177.06
17552.03 16184.41
17560.86 16191.60
17570.12 16199.14
17579.51 16206.78
17588.68 16214.24
17597.90 16221.81
17607.32 16229.85
17616.86 16238.00
17625.73 16245.58
17634.53 16253.10
17643.21 16260.51
17652.75 16268.66
17662.07 16276.62
17669.93 16283.33
17674.86 16287.55
17676.93 16299.88
17671.07 16306.92
17664.18 16315.17
17656.64 16324.21
17649.13 16333.22
17642.41 16341.27
17640.85 16350.47
17645.66 16354.71
17650.21 16358.72
17655.15 16363.07
17659.66 16367.04
17664.52 16371.32
17667.24 16373.71
17676.68 16381.83
17682.33 16386.62
17687.61 16391.10
17693.43 16396.04
17698.58 16400.40
17704.31 16405.26
17709.84 16409.95
17715.57 16414.81
17720.78 16419.23
17725.87 16423.54
17731.67 16428.46
17736.84 16432.84
17742.05 16437.27
17747.20 16441.63
17752.49 16446.12
17758.01 16450.80
17763.80 16455.71
17768.86 16460.00
17774.14 16464.48
17779.92 16469.38
17785.67 16474.25
17788.66 16476.79
17797.56 16484.58
17802.80 16489.26
17808.10 16494.01
17813.40 16498.75
17818.48 16503.29
17823.59 16507.87
17828.84 16512.56
17833.84 16517.04
17839.59 16522.18
17844.91 16526.94
17850.18 16531.66
17855.19 16536.14
17860.12 16540.54
17865.21 16545.10
17870.74 16550.05
17875.86 16554.63
17881.28 16559.48
17886.80 16564.41
17892.44 16569.43
17898.00 16574.35
17903.78 16579.46
17909.20 16584.26
17914.59 16589.02
17920.10 16593.90
17925.83 16598.97
17929.23 16604.57
17936.26 16612.52
17942.77 16613.48
17949.66 16614.50
17956.72 16615.54
17963.35 16616.52
17969.67 16617.45
17976.72 16618.49
17982.85 16619.40
17989.49 16620.38
17995.31 16621.24
18006.76 16632.86
18009.26 16639.31
18012.12 16645.65
18014.65 16651.26
18017.19 16656.88
18019.93 16662.94
18022.63 16668.94
18025.30 16674.84
18028.16 16681.19
18030.72 16686.87
18033.28 16692.53
18036.04 16698.66
18038.76 16704.68
18041.66 16711.10
18044.17 16716.69
18046.95 16722.84
18049.47 16728.42
18052.22 16734.52
18053.87 16738.17
18076.68 16749.93
18083.86 16752.09
18092.80 16754.79
18104.02 16758.17
18115.35 16761.58
18127.18 16765.15
18138.87 16768.67
18150.18 16772.08
18162.23 16775.71
18173.31 16779.05
18185.42 16782.70
18197.22 16786.25
18208.32 16789.60
18220.24 16793.19
18231.25 16796.51
18242.24 16799.82
18253.76 16803.29
18264.87 16806.64
18273.64 16809.28
18279.30 16810.99
18281.28 16811.59
18282.12 16811.84
18282.30 16811.90
18282.34 16811.90
18282.35 16811.91
18282.35 16811.91
18282.36 16811.91
18282.36 16811.91
18282.36 16811.91
18293.68 16815.28
18297.70 16816.47
18303.06 16818.05
18310.04 16820.11
18318.35 16822.56
18327.87 16825.37
18339.52 16828.81
18350.75 16832.12
18362.20 16835.50
18373.17 16838.74
18387.36 16842.82
18398.53 16846.14
18409.84 16849.49
18420.39 16852.62
18431.77 16855.99
18451.90 16861.81
18462.73 16864.90
18474.15 16868.16
18485.72 16871.47
18496.66 16874.60
18507.67 16877.74
18519.21 16881.04
18537.93 16886.57
18546.68 16889.21
18564.36 16894.38
18575.41 16897.33
18587.06 16900.44
18597.99 16903.37
18608.93 16906.29
18624.41 16910.64
18636.04 16913.81
18648.01 16917.06
18660.58 16920.76
18672.93 16924.40
18684.77 16927.89
18696.90 16931.52
18708.65 16935.02
18721.40 16938.52
18736.74 16939.40
18744.18 16941.66
18762.76 16950.64
18774.57 16954.00
18786.46 16957.46
18798.02 16960.87
18809.02 16964.11
18821.02 16967.98
18832.69 16971.79
18843.94 16975.22
18855.02 16978.12
18866.91 16981.22
18878.44 16984.23
18889.62 16987.15
18901.00 16989.54
18913.01 16991.62
18921.17 16993.04
18925.31 16993.85
18926.44 16994.10
18926.58 16994.13
18926.61 16994.14
18926.64 16994.14
18926.64 16994.14
18926.64 16994.14
18926.64 16994.14
18926.64 16994.14
18926.64 16994.14
18926.64 16994.14
18926.64 16994.14
18926.64 16994.14
18926.64 16994.14
18926.64 16994.14
18937.01 16996.68
18940.19 16997.55
18945.03 16998.88
18951.24 17000.58
18958.87 17002.67
18968.60 17005.33
18979.47 17008.31
18989.58 17011.08
18997.13 17013.15
19002.22 17014.54
19003.96 17015.02
19004.08 17015.05
19004.14 17015.07
19004.16 17015.07
19004.17 17015.07
19004.17 17015.08
19004.17 17015.08
19004.17 17015.08
19004.17 17015.08
19004.17 17015.08
19004.17 17015.08
19024.15 17021.27
19025.49 17021.68
19027.66 17022.34
19030.89 17023.32
19034.87 17024.53
19048.09 17030.16
19058.46 17033.61
19068.80 17037.04
19079.57 17040.62
19090.44 17044.13
19100.67 17047.28
19111.15 17050.50
19122.01 17053.85
19129.41 17056.08
19133.35 17057.20
19134.13 17057.42
19134.57 17057.55
19134.75 17057.60
19134.76 17057.60
19134.76 17057.60
19134.77 17057.60
19151.23 17064.39
19154.63 17065.51
19159.62 17067.14
19166.42 17069.36
19174.55 17072.02
19184.47 17075.26
19196.15 17079.08
19207.98 17082.94
19219.16 17086.60
19230.54 17090.10
19241.80 17093.51
19253.04 17096.92
19265.83 17097.35
19276.88 17100.70
19288.13 17104.11
19299.94 17107.58
19311.45 17110.81
19325.40 17111.40
19334.62 17114.07
19344.31 17116.85
19353.67 17119.53
19363.63 17122.38
19395.33 17119.05
19399.33 17113.88
19403.27 17108.58
19406.23 17102.71
19409.40 17093.35
19413.09 17080.87
19416.65 17068.69
19425.19 17061.77
19438.02 17060.84
19449.95 17065.58
19462.26 17069.89
19474.61 17073.55
19487.44 17077.35
19499.72 17080.98
19512.42 17084.74
19525.03 17088.46
19536.91 17092.10
19548.65 17095.70
19556.75 17098.18
19563.73 17112.54
19560.87 17122.38
19558.02 17132.45
19555.18 17142.49
19552.31 17152.61
19549.42 17162.83
19546.52 17173.37
