11564.56 26115.93
11566.10 26114.81
11569.54 26112.29
11574.22 26108.86
11580.36 26104.37
11587.69 26098.99
11596.88 26092.27
11607.49 26084.50
11618.43 26076.49
11629.10 26068.68
11639.95 26060.73
11651.27 26052.44
11662.01 26044.58
11672.51 26037.10
11683.28 26029.51
11694.42 26021.66
11705.16 26014.09
11716.11 26006.36
11727.29 25998.48
11737.96 25990.96
11748.52 25983.52
11759.80 25975.56
11771.08 25967.62
11782.11 25959.84
11793.50 25951.81
11804.73 25943.89
11815.49 25936.31
11826.08 25928.84
11837.13 25921.05
11848.06 25913.34
11859.09 25905.54
11870.60 25897.41
11881.20 25889.92
11892.48 25881.95
11903.85 25873.92
11915.38 25865.77
11926.08 25858.21
11937.24 25850.32
11947.93 25842.77
11959.15 25834.84
11970.56 25826.78
11982.03 25818.60
11993.46 25810.36
12004.00 25802.76
12015.47 25794.50
12026.08 25786.85
12037.22 25778.82
12048.14 25770.83
12058.82 25763.02
12070.15 25754.73
12081.21 25746.65
12091.78 25738.92
12103.20 25730.57
12114.10 25722.60
12124.52 25714.98
12135.61 25706.87
12146.08 25699.21
12156.51 25691.59
12167.83 25683.32
12178.50 25675.51
12189.51 25667.46
12200.63 25659.33
12211.17 25651.63
12221.99 25643.71
12232.67 25635.90
12243.55 25627.95
12254.74 25619.77
12265.70 25611.75
12276.69 25603.72
12287.35 25595.93
12297.86 25588.24
12309.03 25580.07
12320.06 25572.01
12329.91 25564.81
12336.16 25560.24
12339.53 25558.60
12346.49 25552.17
12350.47 25549.03
12361.14 25545.17
12369.00 25535.51
12379.06 25527.58
12389.82 25519.60
12400.22 25511.89
12410.78 25504.06
12421.95 25495.78
12432.55 25487.92
12443.22 25480.01
12453.53 25472.37
12463.87 25464.70
12474.61 25456.74
12484.97 25449.06
12496.07 25440.83
12506.54 25433.07
12517.28 25425.10
12527.52 25417.51
12538.59 25409.30
12549.75 25401.03
12560.33 25393.19
12571.59 25386.72
12583.00 25380.06
12594.19 25371.86
12599.25 25357.14
12591.47 25346.03
12583.88 25335.46
12576.18 25324.77
12568.66 25314.39
12560.46 25303.06
12552.90 25292.63
12545.32 25282.13
12537.64 25271.50
12529.60 25260.35
12521.80 25249.55
12514.12 25238.93
12506.19 25228.02
12498.08 25216.84
12490.59 25206.52
12482.52 25195.40
12474.87 25184.87
12466.91 25173.91
12458.81 25162.74
12450.97 25151.95
12442.86 25140.78
12434.69 25129.53
12423.54 25122.55
12411.20 25125.27
12399.73 25131.07
12387.74 25137.17
12376.30 25142.98
12364.12 25149.18
12352.42 25155.13
12340.83 25161.03
12328.42 25166.33
12315.75 25164.37
12306.25 25154.94
12298.45 25144.83
12290.19 25134.12
12282.04 25123.57
12273.84 25112.94
12265.44 25102.06
12257.67 25091.61
12250.36 25080.80
12242.91 25069.61
12237.96 25057.16
12235.82 25044.47
12226.05 25021.95
12218.82 25011.32
12209.99 25001.31
12201.08 24991.21
12192.54 24981.52
12183.63 24971.41
12174.97 24961.59
12166.09 24951.52
12156.87 24941.07
12148.34 24931.39
12139.22 24921.05
12130.17 24910.79
12121.56 24901.02
12112.47 24890.72
12103.59 24880.64
12094.98 24870.87
12085.78 24861.20
12076.63 24851.87
12067.19 24842.25
12057.78 24833.33
12047.59 24824.49
12037.65 24815.85
12025.22 24809.58
12011.35 24805.50
12002.32 24804.58
11983.51 24804.71
11971.96 24807.73
11960.21 24812.29
11949.23 24817.82
11939.56 24825.16
11929.65 24833.64
11920.01 24842.25
11910.64 24850.63
11901.01 24859.23
11891.89 24867.39
11868.60 24873.10
11859.65 24863.23
11851.18 24853.83
11842.49 24843.97
11833.98 24834.31
11822.76 24826.57
11814.44 24817.12
11805.94 24807.48
11797.35 24797.73
11788.43 24787.61
11779.99 24778.03
11771.05 24767.88
11762.46 24758.13
11754.21 24748.82
11745.62 24739.27
11736.52 24729.15
11727.54 24719.16
11718.65 24709.27
11710.32 24700.01
11701.89 24690.63
11693.54 24681.35
11685.12 24671.98
11670.40 24655.79
11662.04 24646.75
11653.61 24637.62
11645.91 24628.78
11637.96 24619.66
11629.85 24610.34
11621.64 24600.91
11607.14 24585.50
11598.11 24576.29
11589.64 24567.65
11581.18 24559.02
11572.76 24550.43
11564.21 24541.71
11555.64 24532.97
11546.96 24524.12
11538.71 24515.70
11530.47 24507.29
11523.99 24500.69
11520.03 24496.53
11518.19 24494.57
11517.79 24494.14
11508.78 24487.90
11506.33 24485.59
11503.02 24482.45
11498.61 24478.27
11493.06 24473.02
11486.74 24467.04
11479.69 24460.36
11472.10 24453.18
11464.61 24446.08
11449.87 24430.48
11441.17 24421.18
11432.11 24411.45
11423.27 24401.96
11414.18 24392.21
11405.45 24382.83
11396.90 24373.66
11388.33 24364.46
11379.73 24355.23
11371.10 24345.96
11361.86 24336.04
11353.05 24327.23
11343.92 24318.40
11334.64 24309.42
11325.34 24300.42
11315.80 24291.20
11306.19 24281.90
11296.71 24272.72
11286.89 24263.23
11277.34 24253.98
11268.37 24245.30
11258.77 24236.36
11248.87 24227.20
11238.93 24218.06
11230.86 24206.85
11221.11 24198.54
11209.35 24186.36
11199.31 24177.80
11188.48 24169.60
11177.86 24161.76
11167.21 24153.63
11156.58 24145.34
11145.54 24137.24
11130.57 24129.72
11120.01 24122.89
11109.40 24116.04
11098.36 24108.90
11087.32 24101.76
11076.30 24094.64
11065.45 24087.62
11051.79 24078.79
11040.94 24071.78
11030.25 24064.87
11020.03 24058.26
11009.37 24051.37
10995.77 24043.77
10989.44 24039.82
10985.24 24037.32
10982.98 24035.90
10981.13 24038.63
10981.13 24038.63
10981.12 24038.63
10981.12 24038.63
10981.12 24038.63
10981.12 24038.63
10981.12 24038.63
10981.12 24038.63
10981.12 24038.63
10981.12 24038.63
10981.12 24038.63
10981.12 24038.63
10981.12 24038.63
10981.12 24038.63
10981.12 24038.63
10981.12 24038.63
10981.12 24038.63
10981.12 24038.63
10981.12 24038.63
10981.12 24038.63
10981.12 24038.63
10981.12 24038.63
10981.12 24038.63
10981.12 24038.63
10981.12 24038.63
10965.46 24027.84
10963.77 24026.95
10961.43 24025.67
10958.30 24023.73
10954.23 24021.21
10940.00 24012.68
10928.16 24006.00
10916.51 23999.43
10904.89 23992.88
10893.04 23986.19
10881.77 23979.06
10870.57 23971.93
10858.96 23964.54
10847.80 23957.44
10837.04 23950.59
10825.83 23943.45
10816.32 23933.49
10805.24 23926.44
10793.88 23919.21
10782.46 23911.95
10770.97 23904.63
10759.68 23897.48
10748.58 23890.58
10737.28 23883.81
10725.87 23876.96
10714.80 23870.32
10702.84 23863.50
10691.25 23857.02
10679.38 23850.40
10667.58 23844.61
10656.09 23839.09
10644.60 23833.56
10632.61 23827.80
10621.02 23822.23
10608.81 23817.37
10596.00 23812.60
10583.27 23807.86
10570.00 23805.13
10559.54 23803.16
10553.35 23801.99
10534.16 23779.95
10532.24 23773.82
10530.03 23766.78
10527.42 23758.47
10523.06 23744.37
10517.31 23721.70
10514.21 23712.47
10511.00 23702.96
10507.58 23693.43
10504.33 23685.41
10495.99 23670.77
10491.73 23664.40
10487.79 23658.51
10483.60 23653.21
10478.75 23647.62
10473.74 23641.86
10469.17 23636.97
10462.86 23633.43
10456.06 23629.62
10450.15 23626.31
10443.68 23622.69
10437.46 23619.20
10431.57 23615.91
10424.72 23612.07
10417.92 23608.26
10411.07 23604.49
10395.88 23598.55
10388.75 23596.19
10381.84 23593.92
10374.66 23591.27
10368.92 23587.31
10363.03 23583.25
10357.01 23579.10
10351.51 23574.66
10346.73 23569.24
10341.99 23563.88
10337.43 23558.71
10332.78 23553.42
10328.23 23548.03
10323.82 23542.81
10313.02 23529.88
10307.96 23523.69
10303.26 23517.92
10298.72 23512.36
10294.22 23506.85
10289.20 23500.60
10284.71 23494.80
10280.11 23488.87
10275.13 23482.44
10270.22 23476.10
10265.40 23469.88
10260.82 23464.21
10256.20 23458.64
10251.19 23452.61
10246.48 23446.93
10241.21 23440.59
10236.66 23435.09
10231.54 23428.93
10226.25 23422.56
10221.15 23416.32
10216.59 23410.73
10211.85 23404.93
10207.03 23399.03
10201.94 23392.88
10197.53 23387.79
10192.78 23382.29
10187.70 23376.42
10183.32 23371.36
10178.56 23365.86
10173.64 23360.18
10168.97 23354.78
10164.30 23348.83
10160.97 23342.84
10157.45 23336.49
10154.01 23330.28
10150.68 23324.29
10147.00 23318.02
10137.53 23301.30
10134.43 23294.56
10131.34 23287.86
10128.47 23281.62
10125.29 23274.72
10122.24 23267.41
10119.61 23261.03
10116.93 23254.54
10113.92 23247.23
10110.96 23240.07
10107.09 23233.18
10103.46 23226.87
10099.81 23220.52
10095.60 23215.00
10091.09 23209.79
10086.50 23204.43
10082.72 23199.88
10073.24 23196.06
10066.88 23194.88
10058.95 23187.61
10058.36 23174.63
10047.94 23161.10
10036.30 23156.15
10024.22 23151.00
10012.69 23146.08
10000.87 23142.17
9988.48 23140.15
9975.63 23138.79
9962.21 23137.90
9916.44 23137.94
9906.33 23138.40
9896.14 23139.64
9886.89 23143.99
9879.44 23151.09
9875.12 23160.52
9874.81 23170.50
9877.87 23180.78
9883.89 23189.25
9892.57 23193.79
9903.26 23196.27
9913.95 23195.60
9936.69 23189.22
9948.87 23183.39
9962.84 23176.69
9978.92 23168.99
9994.57 23161.47
10010.20 23153.66
10026.54 23145.51
10042.60 23137.05
10057.50 23127.53
10072.88 23117.71
10087.48 23108.38
10102.64 23098.27
10116.90 23088.36
10131.74 23078.03
10146.46 23067.80
10161.25 23057.51
