11290.88 12785.67
11291.68 12783.49
11292.91 12779.79
11294.60 12774.64
11297.05 12767.20
11299.55 12759.61
11302.01 12752.14
11304.49 12744.60
11306.68 12737.95
11309.19 12730.32
11311.56 12723.11
11313.92 12715.95
11316.21 12709.00
11318.40 12702.34
11320.88 12694.68
11322.98 12688.01
11325.13 12681.23
11327.26 12674.47
11329.56 12667.20
11331.91 12659.79
11334.05 12653.00
11336.49 12645.31
11338.70 12638.31
11341.12 12630.65
11343.66 12622.88
11346.36 12615.54
11348.97 12608.42
11351.54 12601.45
11354.16 12594.32
11356.97 12586.66
11359.64 12579.41
11362.32 12572.12
11364.74 12565.54
11367.17 12558.93
11369.63 12552.22
11372.04 12545.67
11374.11 12538.57
11375.54 12532.85
11370.70 12523.79
11361.31 12520.35
11349.98 12516.20
11338.13 12511.86
11325.28 12507.57
11313.06 12503.76
11300.37 12499.81
11287.59 12495.82
11274.76 12491.82
11262.43 12488.79
11249.90 12485.98
11237.10 12483.10
11224.58 12480.29
11212.17 12477.50
11198.84 12474.61
11185.66 12472.30
11172.60 12470.01
11160.25 12467.85
