19112.93 9720.64
19111.66 9722.03
19110.15 9723.66
19108.63 9725.31
19107.37 9726.68
19106.29 9727.84
19105.01 9729.22
19103.35 9731.03
19101.55 9732.97
19100.11 9734.54
19098.93 9735.81
19097.57 9737.29
19096.52 9738.42
19094.96 9740.11
19093.46 9741.74
19092.39 9742.90
19090.76 9744.66
19089.40 9746.14
19088.24 9747.39
19086.70 9749.06
19085.52 9750.34
19084.52 9751.42
19082.95 9753.13
19081.88 9754.28
19080.90 9755.34
19079.78 9756.56
19078.24 9757.77
19076.37 9759.21
19074.37 9760.77
19073.09 9761.76
19071.14 9763.27
19069.63 9764.51
19068.03 9765.86
19066.91 9766.80
19065.73 9767.79
19064.33 9768.97
19062.45 9770.56
19060.69 9772.05
19058.72 9773.70
19057.08 9775.09
19055.20 9776.53
19053.46 9777.81
19051.33 9779.37
19049.78 9780.52
19048.29 9781.61
19046.42 9782.99
19044.68 9784.26
19043.05 9785.46
19041.41 9786.67
19040.13 9787.62
19038.82 9788.58
19037.65 9789.43
19036.76 9785.99
19038.32 9784.84
19039.54 9783.94
19041.26 9782.68
19042.74 9781.59
19044.08 9780.61
19046.08 9779.14
19047.34 9778.21
19049.11 9776.91
19050.73 9775.72
19052.24 9774.60
19054.03 9773.29
19055.90 9771.76
19057.44 9770.46
19059.33 9768.87
19060.54 9767.85
19062.27 9766.40
19063.53 9765.33
19065.45 9763.72
19067.38 9762.09
19069.38 9760.46
19070.88 9759.30
19072.10 9758.35
19074.06 9756.83
19075.99 9755.33
19077.69 9753.95
19079.27 9752.25
19080.94 9750.43
19082.41 9748.84
19083.40 9747.77
19084.53 9746.55
19085.60 9745.39
19086.87 9744.01
19088.49 9742.25
19090.02 9740.60
19091.22 9739.30
19092.91 9737.47
19094.09 9736.19
19095.85 9734.29
19097.51 9732.49
19099.22 9730.63
19100.28 9729.49
19101.56 9728.10
19102.97 9726.58
19104.05 9725.40
19105.63 9723.70
19107.01 9722.20
19108.72 9720.34
19110.24 9718.70
19111.60 9717.23
19112.48 9716.27
19113.20 9715.50
19112.11 9709.90
19109.88 9707.84
19106.28 9704.50
19101.70 9700.26
19096.44 9695.39
19092.16 9690.87
19088.77 9687.03
19084.49 9682.17
19081.09 9678.32
19077.03 9673.71
19073.33 9669.52
19069.23 9664.88
19065.86 9661.05
19065.06 9660.14
19064.61 9659.63
19064.25 9659.21
19064.22 9659.16
19064.21 9659.15
19064.20 9659.14
19064.20 9659.14
19064.20 9659.14
19064.20 9659.14
19064.20 9659.14
19064.20 9659.14
19064.20 9659.14
19064.20 9659.14
19064.20 9659.14
19064.20 9659.14
19064.20 9659.14
19064.20 9659.14
19064.20 9659.14
19063.64 9658.40
19062.14 9656.43
19059.69 9653.22
19057.92 9636.42
19061.95 9632.56
19066.96 9627.74
19081.49 9613.84
19090.91 9604.86
19099.90 9596.30
19106.88 9585.22
19115.82 9576.83
19125.15 9568.06
19134.73 9559.02
19144.25 9550.05
19153.55 9541.28
19163.02 9532.35
19171.98 9523.90
19181.22 9515.56
19191.39 9507.65
19201.88 9499.96
19212.15 9492.94
19223.16 9485.82
19233.83 9479.19
19253.57 9468.12
19264.34 9462.60
19276.15 9456.56
19287.75 9450.91
19299.62 9445.38
19310.87 9440.14
19322.21 9434.98
19333.81 9430.24
19345.85 9425.36
19357.20 9421.17
19369.62 9417.49
19381.92 9413.84
19393.82 9410.32
19405.85 9406.76
19423.44 9401.53
19434.22 9398.29
19440.46 9392.24
19443.39 9379.02
19447.58 9367.48
19451.72 9356.13
19455.99 9344.49
19460.16 9333.09
19478.05 9335.09
19487.13 9340.57
19496.18 9346.04
19505.48 9351.65
19514.69 9357.21
19523.70 9362.65
19552.31 9381.73
19559.18 9386.49
19564.42 9390.13
19568.15 9392.71
19569.61 9393.73
19569.65 9393.75
19569.67 9393.77
19569.67 9393.77
19569.67 9393.77
19577.73 9399.37
19580.74 9401.55
19585.10 9404.73
19590.64 9408.76
19597.43 9413.76
19605.43 9420.24
19621.46 9432.77
19631.82 9440.28
19642.07 9447.44
19652.96 9455.00
19663.27 9462.16
19674.04 9469.64
19685.21 9477.38
19695.76 9484.45
19706.76 9491.83
19717.41 9498.96
19728.58 9506.49
19739.58 9513.91
19750.09 9520.45
19760.84 9527.08
19772.00 9533.97
19783.23 9540.90
19793.82 9547.44
19804.95 9554.31
19815.91 9561.07
19827.23 9568.06
19838.65 9575.11
19849.02 9581.25
19855.84 9585.43
19862.56 9589.59
19868.80 9593.45
19875.13 9597.37
19881.80 9601.49
19888.49 9605.62
19894.42 9609.30
19900.81 9613.05
19907.67 9616.94
19914.71 9620.59
19921.09 9623.84
19928.86 9626.84
19938.60 9628.84
19949.82 9630.50
19962.55 9630.68
19975.44 9629.36
19987.31 9625.06
19998.29 9618.71
20009.31 9611.39
20019.18 9603.92
20029.09 9596.30
20038.51 9588.19
20048.76 9580.02
20058.86 9572.10
20069.48 9563.79
20080.24 9555.68
20091.73 9548.67
20112.62 9549.66
20122.05 9559.23
20130.42 9568.52
20138.88 9578.21
20147.82 9588.46
20156.18 9598.02
20164.35 9607.38
20172.89 9617.47
20181.04 9627.09
20189.79 9637.43
20198.39 9647.59
20206.41 9657.06
20215.07 9667.30
20223.29 9677.01
20231.86 9687.14
20240.31 9697.12
20248.97 9707.21
20257.75 9717.39
20266.22 9727.38
20274.55 9737.21
20282.80 9747.13
20291.27 9757.34
20299.33 9767.05
20307.85 9777.14
20316.29 9786.97
20324.86 9796.94
20333.69 9807.22
20342.03 9816.92
20350.49 9826.77
20358.96 9836.39
20367.16 9845.70
20375.63 9855.31
20384.43 9865.29
20392.78 9874.76
20401.54 9884.71
20409.99 9894.29
20418.49 9903.93
20427.28 9913.91
20437.01 9923.37
20446.83 9932.67
20456.06 9941.40
20465.98 9950.79
20474.99 9959.32
20484.15 9968.00
20493.32 9976.68
20502.59 9985.46
20512.18 9994.96
20521.14 10003.95
20530.52 10013.36
20539.59 10022.46
20548.85 10032.12
20557.45 10041.48
20565.96 10050.73
20574.35 10059.86
20588.82 10076.15
20597.00 10085.72
20605.07 10095.15
20613.01 10104.28
20621.52 10113.96
20629.35 10122.86
20637.45 10132.07
20645.73 10141.49
20654.20 10151.13
20662.52 10160.59
20671.13 10170.39
20679.56 10179.98
20687.70 10189.24
20702.32 10205.85
20710.41 10215.11
20718.58 10224.46
20726.81 10233.88
20735.55 10243.89
20743.94 10253.48
20751.90 10262.59
20760.41 10272.33
20768.61 10281.69
20776.58 10290.77
20784.78 10300.11
20792.78 10309.23
20805.36 10323.53
20813.19 10332.41
20820.87 10341.16
20828.64 10350.04
20836.38 10358.89
20850.73 10375.11
20858.78 10384.46
20866.58 10394.56
20874.22 10404.45
20882.04 10414.66
20888.75 10424.64
20895.58 10434.94
20902.49 10445.40
20909.43 10455.92
20916.63 10466.83
20923.56 10477.34
20936.64 10498.89
20938.06 10506.75
20938.71 10514.07
20938.97 10518.77
20945.64 10527.66
20955.35 10532.28
20966.31 10537.34
20976.98 10542.21
20987.40 10547.49
21015.67 10557.00
21026.35 10558.37
21037.57 10555.20
21046.08 10547.29
21050.45 10537.04
21055.58 10526.69
21060.99 10516.50
21066.20 10506.68
21072.99 10497.29
21078.05 10490.55
21080.78 10486.91
21084.96 10477.63
21089.40 10469.27
21094.55 10458.91
21100.20 10447.55
21106.03 10435.82
21111.30 10424.39
21116.63 10412.39
21138.21 10374.85
21140.13 10371.83
21142.09 10368.76
21144.02 10365.72
21145.97 10362.67
21154.42 10350.51
21157.95 10345.60
21160.21 10342.48
21161.30 10340.96
21161.41 10340.81
21161.43 10340.78
21161.82 10340.23
21162.62 10339.13
21163.95 10331.14
21168.96 10326.56
21175.73 10320.37
21184.24 10312.59
21194.14 10303.53
21203.25 10295.20
21213.08 10286.21
21223.02 10277.12
21233.02 10267.97
21241.58 10260.15
21247.52 10254.72
21250.79 10251.73
21251.21 10251.34
21251.38 10251.18
21251.45 10251.13
21251.48 10251.10
21251.50 10251.08
21251.51 10251.07
21251.51 10251.06
21251.51 10251.06
21251.51 10251.06
21251.51 10251.06
21251.51 10251.06
21251.51 10251.06
21251.51 10251.06
21251.51 10251.06
21251.51 10251.06
21251.51 10251.06
21251.51 10251.06
21251.51 10251.06
21251.51 10251.06
21251.51 10251.06
21251.51 10251.06
21251.51 10251.06
21251.51 10251.06
21251.51 10251.06
21251.51 10251.06
21251.51 10251.06
21251.51 10251.06
21251.51 10251.06
21251.51 10251.06
21251.51 10251.06
21251.51 10251.06
21251.51 10251.06
21251.51 10251.06
21251.51 10251.06
21251.51 10251.06
21251.51 10251.06
21251.51 10251.06
21251.51 10251.06
21251.51 10251.06
21251.51 10251.06
21251.51 10251.06
21251.51 10251.06
21251.51 10251.06
21251.51 10251.06
21251.51 10251.06
21251.51 10251.06
21251.51 10251.06
21251.51 10251.06
21252.09 10250.53
21254.47 10248.36
21258.76 10244.49
21259.13 10244.16
21259.62 10243.73
21260.29 10243.13
21260.62 10242.83
21261.06 10242.45
21312.84 10212.08
21314.81 10214.35
21317.16 10217.06
21322.45 10218.12
21330.70 10228.81
21339.26 10237.69
21348.42 10247.19
21357.38 10256.48
21365.91 10265.32
21374.48 10274.22
21382.98 10283.03
21392.04 10292.44
21401.05 10301.78
21410.16 10311.23
21418.62 10320.00
21426.68 10331.57
21435.88 10339.27
21444.62 10346.58
21461.08 10350.73
21472.49 10345.35
21484.52 10340.71
21496.51 10336.57
21508.87 10332.30
21521.23 10328.04
21533.43 10323.61
21545.64 10319.09
21557.98 10314.46
21569.49 10309.99
21581.29 10305.42
21592.81 10300.59
21604.74 10295.47
21616.49 10289.90
21627.82 10284.09
21639.40 10278.14
21650.39 10272.50
21662.19 10266.51
21673.48 10260.92
21684.72 10255.08
21695.79 10248.59
21706.67 10242.14
21717.68 10234.82
21728.77 10227.44
21738.88 10220.72
21749.21 10213.85
21759.45 10207.04
21777.86 10194.57
21788.97 10187.01
21799.81 10179.61
21810.38 10172.24
21820.43 10164.60
21831.16 10156.46
21841.07 10148.94
21851.42 10141.08
21861.84 10133.17
21872.09 10125.39
21882.27 10117.40
21892.65 10109.24
21902.74 10101.31
21913.10 10093.17
21923.48 10085.02
21933.86 10076.86
21943.76 10067.66
21952.85 10058.91
21962.38 10049.74
21972.10 10040.39
21981.77 10031.28
21991.54 10022.24
22001.50 10013.02
22011.15 10004.09
22021.12 9994.99
22031.04 9986.44
22040.42 9978.35
22050.02 9970.07
22060.22 9961.27
22069.87 9952.95
22079.68 9944.45
22089.64 9935.64
22098.92 9926.97
22108.83 9917.71
22118.37 9908.80
22127.57 9900.20
22136.59 9891.77
22146.24 9882.76
22155.42 9874.18
22164.67 9865.41
22174.18 9856.34
22183.47 9847.72
22193.03 9838.73
22201.98 9830.07
22211.66 9820.71
22220.53 9812.13
22229.60 9803.36
