18362.84 13412.81
18364.06 13412.55
18366.88 13411.95
18372.53 13414.12
18379.58 13412.62
18388.03 13410.83
18398.33 13408.95
18410.60 13406.77
18423.06 13404.56
18435.72 13402.36
18448.69 13400.54
18460.70 13399.17
18473.52 13398.11
18483.87 13397.26
18490.05 13396.75
18491.32 13399.96
18485.17 13400.46
18477.10 13401.13
18467.89 13401.88
18457.17 13402.77
18445.67 13404.28
18433.65 13406.03
18422.24 13408.06
18410.36 13410.17
18398.21 13412.32
18385.69 13414.70
18375.68 13416.83
18369.76 13418.08
18362.15 13419.70
18343.42 13424.30
18331.87 13427.68
18320.28 13429.93
18307.53 13431.69
18295.12 13433.40
18283.22 13435.04
18275.27 13436.13
18270.28 13436.82
18267.33 13437.23
18265.52 13437.48
18252.52 13439.29
18247.56 13439.99
18240.82 13440.94
18232.57 13442.11
18222.28 13443.56
18210.12 13444.89
18197.22 13445.47
18183.51 13446.08
18170.61 13446.83
18157.12 13447.84
18143.50 13449.48
18130.22 13451.11
18117.77 13452.64
18105.27 13454.17
18092.08 13455.79
18079.49 13457.34
18066.04 13458.99
18052.45 13460.66
18040.01 13462.97
18027.10 13466.13
18018.06 13468.34
18013.19 13469.25
18004.60 13477.53
18002.55 13479.66
17999.53 13481.25
17983.50 13475.35
17977.25 13468.60
17965.21 13469.99
17952.92 13471.48
17941.15 13472.91
17928.93 13474.39
17917.22 13475.81
17895.35 13478.55
17882.59 13480.30
17869.85 13482.05
17856.46 13483.89
17843.86 13485.62
17831.31 13487.34
17818.23 13489.13
17805.99 13490.80
17793.63 13492.61
17780.78 13495.46
17768.12 13497.93
17755.28 13499.80
17742.11 13501.72
17729.06 13502.64
17715.87 13503.99
17694.32 13506.99
17682.00 13508.70
17669.91 13510.37
17658.21 13512.00
17645.49 13513.76
17632.92 13515.50
17620.48 13516.77
17598.15 13518.33
17585.18 13519.78
17572.56 13521.18
17559.02 13522.69
17545.32 13524.22
17532.72 13525.62
17519.67 13527.08
17506.59 13528.54
17492.97 13530.89
17480.33 13533.07
17466.92 13535.38
17454.02 13537.60
17440.74 13539.89
17427.55 13542.77
17415.20 13546.79
17402.16 13551.03
17389.46 13555.17
17377.12 13559.19
17364.01 13563.45
17350.92 13567.71
17338.72 13571.68
17326.69 13575.59
17314.44 13579.57
17301.93 13583.64
17292.20 13586.60
17286.45 13587.06
17284.31 13587.19
17284.31 13587.19
17280.05 13590.53
17279.41 13591.99
17278.36 13594.36
17267.67 13598.65
17266.03 13598.28
17252.48 13605.74
17242.05 13611.87
17230.32 13617.29
17218.34 13621.59
17205.41 13625.53
17192.51 13629.47
17179.58 13633.41
17167.58 13637.07
17155.13 13640.86
17142.54 13644.61
17129.96 13648.26
17117.07 13652.00
17104.16 13655.74
17092.14 13659.23
17079.45 13662.91
17069.47 13664.23
17063.78 13664.93
17062.42 13665.10
17061.89 13665.16
17061.82 13665.17
17061.80 13665.17
17061.79 13665.17
17061.79 13665.17
17061.79 13665.17
17061.79 13665.17
17061.79 13665.17
17061.79 13665.17
17061.79 13665.17
17061.79 13665.17
17061.79 13665.17
17061.79 13665.17
17061.79 13665.17
17061.79 13665.17
17061.79 13665.17
17061.79 13665.17
17061.79 13665.17
17061.79 13665.17
17061.79 13665.17
17061.79 13665.17
17061.79 13665.17
17061.79 13665.17
17061.79 13665.17
17061.79 13665.17
17061.79 13665.17
17061.79 13665.17
17061.79 13665.17
17061.79 13665.17
17061.79 13665.17
17061.79 13665.17
17061.79 13665.17
17061.05 13665.27
17058.07 13665.63
17055.42 13665.96
17050.69 13666.62
17044.72 13676.47
17044.11 13683.57
17043.38 13692.66
17042.51 13703.43
17041.73 13713.07
17041.00 13722.19
17040.20 13731.80
17039.46 13740.67
17038.65 13750.28
17037.80 13760.40
17036.90 13771.21
17035.48 13780.65
17033.89 13788.92
17032.10 13798.26
17030.52 13806.53
17025.51 13831.08
17023.59 13840.89
17021.94 13849.27
17020.24 13857.93
17018.79 13867.06
17017.47 13876.48
17016.27 13885.01
17015.00 13894.08
17013.94 13901.58
17012.98 13908.44
17012.48 13911.96
17012.19 13914.02
17012.17 13914.23
17012.15 13914.34
17012.14 13914.40
17012.04 13915.13
17011.78 13916.97
17011.54 13918.69
17011.46 13919.22
17011.34 13920.11
17010.92 13923.05
17002.01 13936.80
16997.09 13937.52
16990.50 13937.50
16978.98 13938.08
16966.78 13936.36
16953.87 13934.45
16940.77 13932.42
16928.07 13930.45
16916.41 13928.65
16904.57 13927.01
16893.05 13925.48
16883.57 13924.22
16865.01 13921.63
16854.87 13920.26
16843.88 13918.78
16835.43 13917.64
16826.21 13916.40
16818.16 13915.32
16809.88 13914.21
16799.64 13912.83
16789.17 13911.43
16780.45 13910.25
16770.37 13908.90
16759.64 13907.46
16750.12 13906.15
16739.76 13904.70
16730.92 13903.47
16722.24 13902.26
16712.12 13900.95
16703.05 13899.87
16693.17 13898.70
16674.43 13896.73
16664.97 13895.94
16655.45 13895.14
16646.54 13894.39
16637.42 13893.63
16628.50 13892.89
16619.71 13892.16
16610.90 13891.42
16602.92 13890.75
16594.34 13890.04
16585.41 13889.03
16560.80 13887.37
16551.53 13886.53
16543.11 13885.64
16533.89 13884.43
16526.16 13882.93
16516.73 13880.13
16508.17 13876.58
16500.12 13872.49
16492.65 13867.77
16478.74 13862.33
16473.30 13860.83
16467.34 13859.90
16447.58 13860.60
16437.73 13862.06
16428.15 13863.23
16418.28 13862.79
16409.05 13862.37
16399.00 13861.93
16389.55 13860.62
16379.89 13859.24
16370.40 13857.85
16360.94 13856.47
16350.72 13854.98
16340.99 13853.49
16330.07 13851.69
16319.73 13849.97
16309.60 13848.27
16299.61 13846.47
16289.37 13844.62
16280.50 13843.02
16270.34 13841.19
16260.93 13839.49
16251.60 13837.80
16241.90 13836.05
16231.59 13834.19
16221.24 13832.32
16202.82 13829.54
16194.27 13828.26
16183.88 13826.70
16174.31 13825.27
16164.42 13823.78
16154.96 13822.36
16145.43 13820.93
16135.98 13819.51
16126.84 13818.14
16116.86 13816.64
16107.32 13815.21
16098.13 13813.83
16087.84 13812.29
16078.32 13810.86
16068.33 13809.55
16059.18 13809.24
16050.38 13808.93
16039.79 13809.63
16021.41 13813.25
16011.76 13815.56
16003.04 13819.91
15994.92 13824.15
15985.73 13829.28
15976.34 13834.54
15968.07 13839.20
15960.39 13843.61
15952.51 13848.53
15945.37 13853.36
15936.77 13859.17
15929.63 13864.00
15921.73 13869.32
15914.43 13873.97
15907.01 13878.69
15898.28 13884.24
15889.58 13889.78
15873.04 13899.93
15866.87 13903.28
15861.34 13906.27
15855.62 13909.37
15849.66 13912.60
15844.07 13915.62
15837.81 13919.01
15831.96 13922.18
15787.33 13938.74
15776.81 13938.45
15766.19 13938.16
15756.07 13937.80
15747.27 13937.29
15739.60 13936.85
15730.37 13936.32
15714.67 13939.19
15709.09 13942.44
15704.41 13947.15
15696.49 13962.66
15698.31 13972.64
15696.29 13979.97
15701.60 13992.01
15700.37 14004.76
15702.45 14017.28
15704.66 14030.67
15706.31 14040.60
15708.12 14051.52
15709.75 14061.35
15711.55 14072.23
15713.23 14082.36
15714.90 14092.46
15716.28 14102.45
15715.99 14112.48
15712.83 14120.95
15707.67 14130.06
15701.35 14137.24
15693.75 14142.07
15684.63 14145.20
15675.61 14147.80
15664.85 14150.10
15655.34 14152.12
15645.82 14154.15
15636.39 14156.16
15626.58 14158.25
15615.94 14160.52
15606.15 14162.61
15596.60 14164.64
15587.02 14166.68
15577.97 14168.61
15567.52 14170.84
15557.25 14173.02
15548.03 14174.99
15538.35 14177.05
15529.11 14179.02
15517.57 14181.49
15503.14 14184.71
15500.79 14185.24
15499.60 14185.50
15499.52 14185.52
15499.49 14185.53
15499.48 14185.53
15499.47 14185.53
15483.96 14188.98
15482.55 14189.30
15480.26 14189.72
15465.96 14192.27
15456.08 14193.67
15444.38 14195.33
15431.58 14197.15
15418.58 14199.00
15405.70 14200.83
15393.47 14202.56
15381.11 14204.03
15368.01 14205.39
15355.83 14206.79
15340.55 14206.94
15329.08 14208.60
15317.94 14210.20
15306.61 14211.82
15295.04 14213.47
15285.08 14214.89
15278.95 14215.77
15275.95 14216.20
15275.93 14216.20
15274.88 14216.35
15271.79 14216.79
15240.94 14222.16
15235.42 14222.72
15228.26 14223.47
15219.31 14224.23
15209.06 14224.91
15198.38 14225.61
15187.94 14226.31
15177.30 14227.02
15166.08 14227.76
15155.54 14228.46
15145.29 14229.19
15134.22 14230.06
15093.82 14224.52
15086.24 14221.37
15078.80 14218.23
15072.07 14213.02
15066.26 14208.53
15062.17 14205.36
15060.24 14203.86
15050.54 14195.84
15048.13 14193.65
15046.97 14192.59
15046.92 14192.54
15046.88 14192.51
15046.88 14192.51
15046.88 14192.51
15046.88 14192.51
15046.88 14192.51
15046.88 14192.51
15046.88 14192.51
15046.88 14192.51
15046.88 14192.51
15046.88 14192.51
15046.88 14192.51
15046.88 14192.51
15046.88 14192.51
15041.94 14193.38
15040.80 14195.25
15038.97 14196.90
15037.47 14198.26
15027.57 14195.08
15025.11 14192.70
15017.30 14184.24
15011.55 14175.87
15004.67 14165.84
14997.85 14155.17
14988.46 14145.65
14982.62 14134.24
14978.17 14122.45
14973.71 14110.61
14969.48 14098.41
14964.73 14076.22
14962.74 14063.48
14960.99 14049.67
14959.37 14036.84
14957.73 14023.91
14956.03 14010.48
14954.28 13996.62
14952.58 13983.18
14950.61 13970.35
14947.95 13956.67
14943.66 13943.45
14937.27 13931.34
14930.12 13919.48
14921.43 13909.32
14910.83 13900.32
14900.63 13893.89
14888.40 13889.50
14875.28 13886.82
14864.03 13885.13
14852.16 13884.02
14840.49 13882.96
14827.77 13881.92
14816.08 13880.99
14803.31 13880.03
14791.05 13879.36
14779.31 13878.91
14767.82 13878.47
14758.13 13878.10
14747.87 13877.71
14736.05 13877.25
14725.10 13876.83
14714.89 13876.29
14704.93 13875.58
14695.15 13874.89
14685.26 13874.18
14674.71 13873.44
14663.99 13872.67
14654.07 13871.97
14645.41 13871.35
14637.33 13867.47
14625.17 13866.61
14612.02 13865.67
14599.19 13864.76
14585.53 13863.79
14571.64 13862.81
14558.74 13861.89
14544.96 13860.91
14531.20 13859.94
14517.35 13858.95
14503.75 13857.99
14490.88 13857.07
14478.12 13856.17
14464.91 13855.23
14450.94 13854.24
14438.13 13853.33
14424.96 13852.39
14411.50 13851.44
14398.00 13850.48
14384.04 13849.49
14371.08 13848.59
14357.32 13847.55
14344.28 13847.20
14323.05 13844.54
14311.13 13842.89
14299.52 13841.21
14287.83 13838.37
14276.67 13835.10
14264.70 13831.55
14253.37 13828.17
14241.79 13824.34
14224.55 13818.27
14215.37 13814.60
14200.50 13809.31
14195.44 13807.87
14170.83 13802.43
14159.73 13801.22
14148.41 13799.98
14137.21 13798.75
14125.82 13797.48
14114.67 13795.40
14104.12 13792.26
14092.83 13789.20
14081.63 13786.03
14070.99 13782.55
14059.86 13779.21
14049.61 13774.48
14014.98 13760.94
14004.57 13757.68
13993.40 13755.07
13982.17 13752.44
13970.78 13749.90
13960.08 13747.95
13944.95 13746.57
13935.38 13745.09
13926.34 13743.67
13917.58 13742.25
13909.04 13740.36
13902.46 13742.26
13899.54 13741.67
13899.32 13741.63
13899.18 13741.60
13899.17 13741.60
13899.16 13741.60
13899.16 13741.60
13899.16 13741.60
13871.03 13734.58
13867.33 13733.95
13861.61 13732.97
13853.92 13731.66
13844.47 13730.54
13833.78 13729.57
13822.59 13729.51
13809.19 13731.68
13797.89 13732.78
13785.73 13734.15
13774.83 13736.00
13767.85 13737.56
13763.96 13738.64
13763.04 13738.90
13763.03 13738.90
13763.03 13738.90
13763.03 13738.90
13763.03 13738.90
13763.03 13738.90
13750.67 13745.62
13747.97 13746.31
13743.97 13747.34
13738.97 13748.76
13732.89 13750.56
13725.01 13752.90
13715.97 13755.57
13710.29 13757.26
13707.86 13757.98
13707.75 13758.01
13703.32 13760.90
13701.99 13762.54
13699.90 13765.11
13697.38 13768.22
13696.16 13769.72
13695.89 13770.06
13695.83 13770.13
13690.33 13778.32
13689.46 13781.16
13688.20 13785.27
13686.56 13790.60
13684.64 13796.85
13682.22 13804.75
13679.39 13813.96
13676.41 13823.67
13673.41 13833.45
13664.27 13905.25
13664.58 13913.41
13664.89 13921.50
13665.21 13929.87
13665.53 13938.15
13665.85 13946.57
13666.29 13954.48
13667.35 13962.29
13668.45 13970.45
13669.49 13977.80
13674.10 13996.91
13675.36 14006.91
13678.58 14018.51
13681.73 14030.27
13685.32 14042.54
13688.86 14053.91
13691.80 14063.37
13693.84 14069.89
13695.00 14073.61
13696.91 14079.76
13696.91 14079.77
13696.93 14079.81
13696.96 14079.91
13697.01 14080.06
13700.78 14092.71
13702.83 14099.93
13707.12 14110.22
13709.21 14119.45
13710.93 14127.07
13712.12 14132.33
13713.50 14138.43
13715.11 14145.57
13717.49 14169.36
13717.49 14169.37
13717.49 14169.39
13717.49 14169.39
13717.49 14169.39
13717.49 14169.39
13717.49 14169.41
13717.49 14169.42
13717.49 14169.47
13717.49 14169.53
13717.49 14169.62
13716.59 14185.57
13716.33 14190.07
13716.12 14193.73
13715.83 14198.69
13715.37 14204.60
13714.69 14211.82
13713.93 14219.91
13713.06 14229.27
13712.07 14239.84
13710.59 14257.30
13709.83 14269.01
13709.11 14279.96
13708.45 14290.16
13707.97 14297.55
13708.81 14310.63
13707.89 14321.70
13706.83 14334.43
13703.90 14349.99
13702.95 14362.38
13702.03 14374.34
13701.03 14385.91
13699.72 14397.53
13695.70 14415.61
13694.43 14419.98
13692.95 14423.59
13691.90 14426.17
13691.42 14427.34
13691.39 14427.42
13691.37 14427.46
13691.36 14427.48
13691.36 14427.49
13691.36 14427.50
13691.36 14427.50
13691.36 14427.50
13691.36 14427.50
13691.36 14427.50
13691.36 14427.50
13691.36 14427.50
13691.36 14427.50
13691.36 14427.50
13691.36 14427.50
13691.36 14427.50
13691.36 14427.50
13691.24 14427.78
13691.24 14427.78
13691.24 14427.78
13691.24 14427.78
13658.10 14452.03
13654.73 14452.07
13649.30 14452.15
13642.21 14452.24
13633.49 14452.22
13623.61 14452.04
13612.08 14451.83
13600.88 14451.63
13589.13 14451.42
13577.30 14451.19
13565.31 14450.94
13554.13 14450.72
13542.47 14450.51
13531.75 14450.65
13527.98 14459.46
13529.05 14467.02
13530.19 14473.49
13531.39 14480.28
13532.58 14487.01
13533.96 14494.55
13535.32 14501.57
13536.78 14509.12
13538.12 14516.00
13539.57 14523.46
13541.03 14531.01
13542.38 14537.97
13543.68 14544.69
13545.02 14551.60
13546.13 14557.31
13546.76 14560.55
13546.88 14561.18
13546.89 14561.22
13546.89 14561.22
13546.89 14561.22
13546.89 14561.22
13546.89 14561.22
13546.89 14561.22
13546.89 14561.22
13546.89 14561.22
13546.89 14561.22
13546.89 14561.22
13546.89 14561.22
13546.89 14561.22
13546.89 14561.22
13546.89 14561.22
13546.89 14561.22
13546.89 14561.22
13546.89 14561.22
13544.24 14573.69
13541.33 14575.00
13538.00 14580.10
13531.50 14583.00
13523.61 14586.52
13506.50 14589.27
13494.73 14593.42
13482.42 14597.77
13469.78 14602.24
13457.84 14605.79
13445.59 14609.36
13433.71 14612.82
13421.62 14616.34
13403.22 14621.55
13392.69 14624.23
13382.05 14630.67
13373.51 14633.38
13364.97 14636.09
13356.46 14638.79
13348.18 14641.41
13339.62 14644.13
13313.98 14661.51
13319.78 14671.54
13325.91 14681.87
13332.03 14691.15
13339.01 14700.61
13345.94 14709.72
13353.02 14718.85
13361.59 14727.28
13370.63 14734.55
13380.11 14741.35
13389.88 14748.36
