24507.51 7551.17
24509.02 7550.92
24511.87 7548.71
24515.29 7544.84
24520.09 7539.42
24524.95 7533.92
24530.21 7527.97
24535.46 7522.05
24540.70 7516.22
24545.53 7510.91
24550.86 7505.05
24556.34 7499.03
24561.34 7493.53
24566.40 7487.06
24570.98 7480.91
24574.61 7474.37
24577.91 7467.08
24580.22 7460.30
24581.74 7453.01
24582.23 7445.78
24581.21 7438.32
24581.12 7437.76
24579.30 7415.24
24578.43 7409.77
24577.46 7403.62
24576.57 7397.97
24575.59 7391.25
24574.79 7383.68
24573.99 7376.20
24573.19 7368.61
24572.41 7361.30
24571.57 7353.35
24570.80 7346.11
24569.98 7338.38
24568.93 7330.77
24567.43 7324.15
24575.82 7311.91
24583.06 7310.64
24590.36 7309.49
24598.11 7308.35
24606.30 7307.08
24613.30 7305.08
24621.00 7302.98
24628.66 7301.06
24636.38 7299.10
24643.46 7297.02
24650.85 7294.85
24658.15 7293.17
24666.42 7292.34
24672.39 7292.17
24689.83 7293.41
24696.86 7295.34
24704.50 7298.04
24710.90 7300.79
24717.90 7303.81
24725.33 7307.09
24731.96 7310.19
24738.88 7313.08
24746.50 7315.93
24753.67 7318.61
24759.88 7320.94
24763.41 7322.26
24777.27 7329.52
24780.61 7329.95
24784.40 7329.68
24788.56 7329.39
24791.68 7328.66
24793.56 7328.18
24801.79 7337.45
24804.39 7343.57
24807.32 7349.33
24811.47 7355.28
24815.26 7361.08
24818.51 7366.52
24821.88 7372.17
24825.59 7378.38
24829.32 7384.63
24831.56 7406.36
24828.37 7414.84
24822.31 7423.12
24812.47 7430.33
24800.21 7434.82
24787.96 7435.99
24774.96 7436.89
24762.75 7437.96
24749.52 7439.11
24736.84 7440.84
24724.20 7442.67
24712.16 7445.89
24698.38 7452.58
24686.21 7458.08
24673.95 7463.90
24661.81 7470.68
24649.40 7480.20
24639.92 7486.52
24626.00 7496.89
24614.78 7504.92
24603.73 7512.84
24592.87 7520.61
24581.93 7528.45
24570.50 7536.63
24559.64 7544.41
24547.62 7552.19
24532.51 7563.86
24517.93 7573.24
24503.76 7582.34
24489.87 7591.27
24475.53 7600.18
24461.47 7608.88
24446.74 7617.99
24432.89 7626.56
24418.73 7635.33
24404.07 7644.40
24387.08 7653.67
24372.16 7661.70
24358.00 7669.31
24343.90 7676.71
24329.82 7683.60
24313.87 7691.41
24296.47 7699.92
24277.71 7709.10
24257.49 7719.00
24215.79 7737.43
24189.63 7749.94
24161.80 7763.24
24131.99 7777.41
24100.93 7792.18
24067.62 7808.02
24032.87 7824.54
23994.43 7844.41
23956.83 7861.86
23917.02 7879.62
23872.70 7899.56
23828.35 7915.47
23781.06 7930.35
23735.87 7944.40
23686.04 7959.96
23636.32 7978.06
23592.59 8007.18
23566.66 8050.24
23543.04 8090.00
23508.43 8112.98
23472.45 8124.20
23442.07 8138.93
23426.83 8163.95
23415.12 8199.16
23410.87 8225.38
23405.99 8249.63
23400.87 8274.92
23393.80 8295.80
23388.30 8315.19
23382.51 8339.74
23376.48 8365.30
23370.68 8389.89
23364.84 8414.65
23358.94 8439.66
23352.43 8463.48
23345.05 8487.55
23338.06 8510.34
23331.13 8532.96
23324.14 8555.74
23316.73 8578.72
23309.41 8600.88
23300.98 8623.51
23292.59 8645.74
23284.04 8668.41
23275.00 8690.07
23265.86 8711.36
23256.56 8733.03
23247.10 8754.75
23237.47 8775.65
23227.42 8797.45
23217.50 8818.96
23206.56 8840.29
23195.80 8860.84
23185.08 8881.30
23173.80 8901.81
23161.99 8921.90
23150.27 8941.84
23138.72 8961.50
23126.64 8981.12
23114.07 9000.55
23101.16 9020.52
23088.71 9039.77
23075.37 9059.00
23061.81 9077.58
23048.17 9096.26
23034.63 9114.81
23020.96 9133.52
23005.79 9151.14
22990.61 9168.35
22975.41 9185.57
22959.71 9203.37
22944.26 9220.25
22928.10 9237.54
22912.20 9254.55
22895.62 9271.31
22879.17 9287.30
22862.27 9303.73
22845.30 9320.23
22828.26 9336.79
22811.54 9353.05
22795.16 9368.97
22778.40 9384.92
22761.50 9400.97
22744.70 9416.92
22727.96 9432.80
22710.96 9448.94
22693.66 9465.36
22677.07 9480.99
22659.63 9496.11
22642.29 9511.14
22624.80 9526.29
22607.46 9541.32
22589.95 9556.50
22572.03 9572.02
22554.32 9587.37
22536.84 9602.52
22518.97 9618.01
22501.17 9633.58
22483.28 9649.27
22465.99 9664.42
22448.30 9679.94
22430.98 9695.13
22413.87 9710.13
22396.03 9725.78
22378.86 9740.84
22361.75 9755.85
22344.45 9771.35
22326.92 9787.42
22309.28 9803.59
22292.15 9819.29
22274.57 9835.41
22257.78 9850.80
22240.60 9866.55
22223.10 9882.59
22206.39 9897.91
22189.23 9913.64
22172.30 9929.05
22154.72 9945.04
22134.05 9961.69
22115.65 9978.63
22099.17 9993.77
22082.64 10008.73
22065.92 10023.85
22049.18 10039.00
22031.96 10054.58
22014.68 10070.22
21997.88 10085.42
21980.74 10100.87
21961.83 10121.29
21943.27 10139.99
21923.08 10160.33
21903.03 10180.54
21883.15 10201.79
21863.70 10223.60
21844.83 10244.77
21825.97 10266.95
21807.59 10289.91
21789.83 10312.44
21772.82 10335.52
21755.74 10358.71
21739.19 10382.73
21722.85 10407.21
21707.11 10430.80
21692.45 10455.64
21678.08 10480.54
21663.94 10505.04
21651.66 10530.65
21639.22 10557.35
21628.02 10583.70
21617.48 10609.94
21606.96 10636.15
21597.56 10662.88
21588.06 10690.28
21579.16 10717.71
21571.42 10746.05
21564.14 10774.48
21557.51 10802.16
21552.68 10830.03
21544.25 10871.20
21539.65 10899.25
21535.29 10928.43
21531.21 10956.99
21527.24 10985.25
21523.38 11013.44
21519.53 11041.53
21516.88 11072.82
21513.04 11099.74
21509.06 11127.74
21505.36 11153.73
21501.58 11180.29
21498.25 11205.45
21495.09 11230.65
21491.73 11257.40
21488.69 11281.61
21485.58 11306.43
21482.30 11332.59
21479.22 11357.14
21476.24 11380.84
21473.29 11404.38
21470.23 11427.50
21466.93 11451.67
21463.66 11475.58
21460.52 11499.04
21457.39 11523.87
21454.52 11546.59
21451.43 11571.07
21448.10 11595.63
21444.88 11618.49
21441.97 11641.94
21439.19 11665.48
21436.17 11689.54
21433.07 11714.02
21430.12 11737.35
21427.14 11760.88
21424.25 11783.79
21421.16 11808.16
21418.32 11830.81
21415.63 11852.68
21412.66 11876.87
21409.63 11901.00
21406.15 11925.24
21403.57 11947.85
21400.84 11971.36
21397.39 11995.69
21393.74 12019.06
21389.36 12042.18
21384.22 12065.26
21378.07 12088.95
21371.21 12111.56
