8512.38 21372.48
8511.54 21374.46
8510.13 21377.81
8508.26 21382.28
8505.47 21388.91
8502.93 21394.96
8506.29 21398.37
8512.50 21401.01
8518.79 21403.70
8525.50 21406.58
8531.70 21409.23
8537.81 21411.85
8543.82 21414.43
8550.43 21417.18
8556.41 21419.63
8562.87 21422.29
8569.35 21424.95
8571.94 21422.17
8578.85 21407.98
8581.73 21401.50
8584.42 21395.48
8587.10 21389.47
8589.88 21383.22
8592.57 21377.19
8595.50 21370.62
8598.12 21364.75
8600.72 21358.94
8603.42 21352.86
8606.00 21347.07
8608.69 21341.02
8611.68 21334.30
8614.44 21328.14
8617.44 21321.42
8620.40 21314.79
8622.95 21309.07
8624.59 21305.40
8618.30 21298.18
8612.87 21295.29
8607.00 21292.19
8601.54 21289.29
8595.43 21286.05
8589.76 21282.75
8584.70 21279.35
8578.88 21275.35
8573.74 21270.80
8568.76 21266.40
8559.07 21267.98
8552.93 21274.78
8545.53 21282.96
8537.83 21291.48
8529.89 21300.26
8522.01 21308.97
8513.90 21317.94
8506.18 21326.49
8497.89 21335.65
8489.60 21344.83
8481.80 21353.45
8474.11 21361.96
8465.91 21371.03
8458.21 21379.55
8445.11 21399.57
8443.60 21407.29
8443.14 21412.56
8443.39 21415.25
8444.17 21417.46
8445.05 21419.98
8445.93 21422.49
8445.97 21422.60
8445.97 21422.60
8445.97 21422.60
8445.97 21422.60
8445.97 21422.60
8445.97 21422.60
8445.97 21422.60
8445.97 21422.60
8445.97 21422.60
8445.97 21422.60
8450.64 21430.20
8453.67 21431.84
8458.75 21434.59
8465.31 21438.13
8473.30 21442.86
8482.65 21448.61
8492.87 21454.89
8502.72 21460.94
8513.23 21467.41
8523.63 21473.69
8533.86 21479.81
8544.11 21485.93
8554.40 21492.08
8564.75 21498.26
8575.13 21504.46
8598.39 21515.76
8609.79 21521.02
8621.49 21526.13
8633.34 21531.30
8645.03 21536.40
8656.05 21541.21
8667.69 21546.44
8678.92 21551.55
8690.68 21556.91
8702.55 21562.31
8713.96 21567.51
8725.24 21572.65
8737.28 21578.13
8748.91 21583.43
8760.17 21588.56
8772.01 21593.95
8783.82 21599.33
8795.58 21604.69
8806.96 21610.19
8818.68 21616.17
8829.77 21621.83
8840.73 21627.42
8851.82 21633.08
8863.02 21638.79
8874.47 21646.98
8885.78 21657.41
8897.61 21669.61
8906.79 21685.66
8915.46 21700.90
8923.81 21716.32
8932.38 21732.16
8937.95 21749.59
8942.31 21766.51
8945.65 21784.45
8946.25 21801.97
8945.92 21819.64
8943.85 21837.91
8940.17 21855.83
8935.22 21873.27
8928.95 21889.63
8921.76 21905.45
8914.36 21921.64
8906.63 21938.24
8898.79 21955.07
8893.59 21972.07
8888.90 21989.85
8884.96 22006.97
8882.36 22024.42
8881.09 22042.87
8881.27 22060.97
8883.12 22079.35
8887.93 22096.24
8892.86 22113.59
8900.41 22129.88
8907.96 22145.76
8918.67 22160.41
8930.75 22174.48
8942.78 22186.99
8955.66 22200.39
8990.75 22227.96
9005.52 22236.30
9020.69 22244.86
9035.47 22253.19
9051.23 22262.08
9066.56 22270.74
9081.78 22279.32
9096.76 22287.77
9111.77 22296.24
9127.18 22305.17
9142.29 22314.26
9156.79 22322.99
9171.50 22331.84
9186.73 22341.00
9201.64 22349.97
9216.22 22358.74
9230.76 22367.48
9245.97 22376.64
9260.44 22385.35
9274.99 22394.33
9289.89 22403.56
9304.68 22412.72
9319.99 22422.20
9334.93 22431.45
9349.59 22441.05
9363.62 22451.45
9377.57 22461.79
9391.79 22472.33
9405.59 22482.56
9418.77 22491.66
9436.57 22500.07
9447.83 22503.66
9459.73 22507.48
9471.30 22510.65
9483.45 22513.26
9495.25 22514.36
9507.59 22515.04
9519.43 22513.77
9530.92 22511.40
9554.49 22506.79
9561.88 22504.84
9569.74 22502.78
9577.32 22500.78
9595.19 22518.07
9598.21 22529.55
9601.28 22540.54
9604.66 22551.68
9608.01 22562.72
9612.78 22573.90
9617.73 22584.12
9623.40 22594.17
9629.64 22604.01
9637.32 22613.08
9644.92 22621.66
9654.03 22629.52
9663.13 22636.33
9673.11 22643.06
9683.29 22649.55
9692.79 22655.68
9703.04 22662.47
9711.12 22667.41
9715.83 22670.01
9717.19 22670.79
9726.16 22668.90
9727.97 22665.23
9730.48 22660.15
9733.46 22654.12
9736.91 22647.13
9741.03 22638.79
9745.72 22625.54
9749.77 22616.72
9753.76 22607.43
9757.68 22598.31
