21150.98 6839.19
21152.45 6837.18
21155.35 6833.23
21159.48 6827.61
21165.08 6819.97
21171.94 6810.62
21179.79 6799.92
21188.08 6788.62
21196.28 6777.44
21204.36 6766.54
21212.75 6755.26
21220.72 6744.55
21229.11 6733.27
21236.88 6722.82
21245.02 6711.88
21253.14 6700.97
21261.38 6689.88
21269.70 6678.69
21278.14 6667.35
21286.73 6656.11
21296.69 6646.07
21306.24 6636.42
21315.87 6627.26
21326.30 6619.32
21336.83 6611.31
21348.24 6603.14
21359.50 6596.21
21371.32 6588.94
21382.48 6582.06
21394.46 6574.69
21405.73 6567.57
21416.37 6559.66
21426.34 6551.01
21436.06 6541.56
21445.11 6530.72
21453.33 6520.62
21460.43 6509.50
21467.57 6498.10
21474.76 6486.05
21481.61 6474.57
21488.80 6462.53
21495.90 6450.64
21502.80 6438.46
21509.02 6425.93
21515.01 6413.88
21521.14 6401.54
21526.89 6389.64
21533.02 6376.74
21538.64 6364.90
21544.39 6352.81
21550.09 6340.83
21556.12 6328.13
21563.17 6316.67
21572.19 6306.35
21583.43 6298.37
21594.58 6290.54
21606.18 6282.39
21616.97 6274.81
21628.00 6267.06
21639.15 6258.31
21649.81 6249.90
21660.15 6241.75
21670.46 6233.62
21681.04 6224.52
21691.05 6215.24
21701.18 6205.87
21710.89 6196.87
21721.27 6187.25
21731.22 6178.04
21741.21 6168.29
21750.42 6158.29
21758.99 6147.83
21766.63 6136.43
21773.77 6125.29
21781.23 6113.65
21788.72 6101.96
21796.11 6090.73
21803.72 6079.99
21811.90 6068.42
21819.84 6057.21
21828.17 6045.66
21835.89 6035.10
21843.70 6024.42
21851.84 6013.37
21859.73 6002.04
21866.65 5990.76
21871.74 5978.20
21876.39 5964.95
21881.09 5951.54
21885.43 5939.14
21889.94 5926.02
21894.51 5912.72
21899.28 5899.62
21904.65 5887.76
21912.66 5876.33
21922.18 5867.20
21933.29 5858.79
21945.38 5853.49
21957.98 5849.47
21971.30 5847.72
21984.70 5846.67
21998.31 5845.96
22012.17 5845.24
22025.72 5844.53
22039.14 5843.82
22053.27 5843.08
22067.36 5842.33
22078.90 5841.73
22086.45 5841.33
22086.31 5844.64
22075.45 5845.21
22062.29 5845.90
22048.30 5846.64
22034.70 5847.35
22021.59 5848.04
22007.55 5848.78
21993.81 5849.50
21980.30 5850.21
21966.76 5851.65
21953.20 5853.68
21941.04 5859.00
21929.63 5865.61
21918.75 5874.04
21910.35 5885.37
21903.78 5896.93
21899.28 5909.15
21894.68 5922.37
21890.23 5935.34
21885.92 5947.73
21881.57 5960.15
21877.07 5972.98
21872.59 5985.67
21866.31 5998.16
21858.61 6009.61
21850.43 6020.81
21842.68 6031.41
21834.50 6042.59
21826.34 6053.73
21818.58 6064.70
21810.48 6076.14
21802.56 6087.34
21794.55 6098.98
21787.32 6110.26
21780.11 6121.52
21773.04 6132.55
21765.83 6143.81
21757.80 6154.49
21749.02 6164.86
21739.82 6174.53
21729.71 6183.93
21719.66 6193.23
21709.32 6202.81
21699.71 6211.71
21689.89 6220.81
21680.20 6229.78
21669.98 6238.19
21658.90 6246.93
21648.34 6255.27
21637.55 6263.79
21626.15 6272.40
21614.73 6280.42
21603.61 6288.22
21592.80 6295.82
21581.56 6303.71
21571.38 6311.81
21563.42 6322.10
21557.17 6333.63
21551.07 6346.46
21545.34 6358.51
21539.67 6370.43
21533.56 6383.29
21527.72 6395.59
21521.53 6408.18
21515.55 6420.21
21509.50 6432.38
21503.40 6444.52
21496.34 6456.35
21489.12 6468.44
21481.89 6480.56
21475.10 6491.93
21467.96 6503.85
21460.93 6514.85
21453.54 6525.78
21444.65 6536.43
21435.63 6546.68
21425.50 6556.38
21414.40 6565.23
21403.06 6573.27
21391.02 6580.68
21378.93 6588.12
21367.77 6594.99
21355.98 6602.25
21344.13 6609.90
21332.92 6618.43
21322.24 6626.57
21312.04 6635.28
21302.78 6644.61
21292.80 6654.67
21283.80 6665.27
21275.87 6675.92
21267.46 6687.24
21259.35 6698.15
21251.54 6708.65
21243.29 6719.73
21235.46 6730.26
21227.05 6741.57
21218.98 6752.42
21210.78 6763.44
21203.01 6773.89
21195.28 6784.39
21187.26 6795.32
21179.27 6806.21
21171.33 6817.03
21163.64 6827.52
21155.62 6838.45
21142.28 6856.79
21134.65 6867.39
21126.64 6878.52
21118.57 6889.73
21110.85 6900.44
21102.72 6911.74
21094.65 6922.94
21086.69 6934.00
21079.11 6944.53
21071.34 6955.32
21063.55 6966.14
21055.32 6977.37
21047.21 6988.03
21039.27 6998.47
21030.92 7009.45
21023.06 7019.78
21015.20 7030.12
21006.63 7040.08
20997.73 7049.97
20990.53 7061.14
20983.74 7072.57
20977.99 7084.37
20972.14 7096.94
20964.29 7106.61
20950.88 7109.41
20938.15 7110.08
20925.21 7113.83
20917.69 7125.16
20910.64 7136.59
20903.74 7147.76
20897.04 7158.62
20885.37 7177.72
20878.83 7188.46
20872.25 7199.25
20865.42 7210.46
20858.49 7221.87
20851.73 7233.06
20844.89 7244.36
20838.44 7255.24
20831.81 7266.49
20825.41 7277.34
20818.82 7288.53
20812.03 7300.05
20800.40 7319.54
20794.46 7329.32
20788.23 7339.57
20781.91 7349.95
20775.60 7360.34
20769.22 7370.83
20762.77 7381.43
20756.70 7392.14
20751.24 7402.42
20745.69 7412.84
20740.20 7423.18
20734.34 7434.20
20728.52 7445.15
20725.10 7453.96
20723.09 7460.06
20720.54 7502.24
20722.10 7510.98
20722.53 7521.41
20722.96 7531.93
20723.38 7542.01
20724.10 7559.80
20724.62 7572.86
20725.11 7585.04
20725.61 7597.49
20726.11 7609.77
20726.61 7621.91
20727.12 7634.53
20727.64 7647.38
20728.17 7660.32
20729.04 7679.52
20729.76 7690.28
20727.19 7701.29
20727.90 7711.93
20729.52 7739.41
20730.10 7752.29
20730.64 7764.26
20731.19 7776.38
20731.77 7789.31
20732.73 7801.94
20733.66 7814.22
20734.60 7826.67
20735.54 7839.14
20736.17 7847.51
20736.49 7851.78
20737.11 7864.39
20737.41 7871.96
20737.85 7881.77
20738.39 7893.36
20738.99 7906.33
20739.46 7919.78
20739.58 7932.74
20739.64 7945.43
20739.69 7957.86
20740.19 7972.89
20740.88 7983.91
20741.62 7995.66
20742.28 8006.96
20742.74 8016.06
20743.02 8021.97
20743.08 8024.63
20743.09 8025.09
20743.09 8025.25
20743.09 8025.26
20743.09 8025.26
20743.09 8025.26
20743.09 8025.26
20746.39 8025.21
20746.39 8025.21
20746.39 8025.21
20746.39 8025.21
20746.72 8035.88
20746.78 8037.21
20746.66 8039.15
20745.98 8041.80
20744.93 8058.76
20745.81 8070.53
20746.74 8082.89
20747.68 8095.35
20748.66 8108.40
20749.21 8121.16
20749.55 8134.06
20749.90 8146.93
20750.26 8155.68
20750.48 8160.31
20750.60 8163.10
20750.75 8166.36
20750.92 8169.98
20751.16 8175.33
20751.48 8182.34
20751.91 8191.68
20752.37 8201.79
20752.66 8211.16
20753.03 8222.88
20752.79 8233.98
20750.89 8246.13
20738.27 8293.62
20738.30 8293.68
20738.33 8293.74
20738.35 8293.76
20746.09 8306.68
20749.92 8313.01
20755.16 8321.02
20762.14 8329.27
20771.36 8338.41
20780.06 8346.73
20789.02 8354.46
20798.06 8361.35
20806.76 8367.21
20816.97 8373.25
20824.11 8377.48
20828.40 8380.02
20829.85 8380.88
20830.70 8381.39
20830.99 8381.56
20831.10 8381.62
20831.12 8381.64
20831.13 8381.64
20831.13 8381.64
20831.13 8381.64
20831.13 8381.64
20831.13 8381.64
20831.13 8381.64
20831.13 8381.64
20831.13 8381.64
20831.57 8381.91
20833.39 8382.97
20835.68 8384.31
20839.46 8386.52
20840.96 8399.87
20837.48 8405.43
20834.46 8410.26
20831.31 8415.30
20828.58 8419.68
20825.41 8424.75
20822.15 8429.97
20818.80 8435.33
20815.33 8439.96
20810.24 8444.15
20805.80 8447.80
20801.46 8451.37
20796.51 8454.71
20791.71 8457.08
20785.71 8460.04
20781.35 8462.19
20775.93 8464.60
20770.44 8466.36
20764.51 8468.27
20759.59 8469.84
20754.05 8471.62
20749.00 8473.24
20742.40 8475.35
20737.55 8476.91
20732.30 8478.65
20726.02 8480.87
20720.22 8482.92
20714.37 8485.00
20708.93 8486.93
20703.55 8488.83
20697.80 8490.87
20692.41 8492.78
20687.80 8494.41
20683.50 8495.94
20670.18 8487.54
20664.98 8481.64
20662.13 8473.78
20658.17 8464.44
20653.08 8454.33
20646.60 8444.43
20639.61 8433.73
20632.83 8423.95
20625.92 8414.71
20620.47 8407.76
20617.51 8403.99
20617.02 8403.36
20616.80 8403.08
20616.74 8403.02
20616.72 8402.99
20616.72 8402.99
20616.72 8402.98
20616.72 8402.98
20616.72 8402.98
20616.72 8402.98
20616.72 8402.98
20616.72 8402.98
20616.72 8402.98
20616.72 8402.98
20616.72 8402.98
20616.72 8402.98
20616.72 8402.98
20616.72 8402.98
20616.72 8402.98
20616.72 8402.98
20616.72 8402.98
20616.72 8402.98
20616.72 8402.98
20616.72 8402.98
20616.72 8402.98
20616.72 8402.98
20616.72 8402.98
20616.72 8402.98
20616.72 8402.98
20616.72 8402.98
20616.72 8402.98
20616.72 8402.98
20615.98 8402.05
20614.58 8400.25
20611.98 8396.71
20602.88 8394.75
20597.04 8400.38
20590.04 8407.12
20581.70 8415.15
20572.66 8423.85
20564.46 8431.75
20555.61 8440.28
20546.45 8449.10
20537.16 8458.05
20527.85 8467.02
20519.23 8475.32
20510.01 8484.20
20500.75 8493.12
20491.58 8501.95
20482.46 8510.80
20473.44 8519.65
20464.91 8528.01
20456.50 8541.50
20447.10 8551.74
20439.03 8561.22
20430.37 8571.38
20422.41 8580.74
20414.33 8590.23
20405.29 8600.85
20397.10 8610.48
20385.82 8618.63
20377.17 8628.79
20368.40 8639.63
20359.99 8650.32
20351.48 8661.13
20343.59 8671.18
20335.53 8681.41
20327.49 8691.63
20319.50 8701.80
20311.26 8712.27
20302.93 8722.88
20294.73 8733.40
20286.87 8743.50
20278.53 8754.20
20270.78 8764.84
20263.30 8775.41
20255.54 8786.38
20247.94 8797.12
20240.13 8808.72
20233.01 8819.67
20225.94 8830.54
20218.79 8841.73
20211.69 8853.16
20204.81 8864.25
20197.99 8875.24
20191.14 8886.98
20184.71 8898.31
20178.32 8909.56
20172.10 8921.43
20166.17 8932.79
20160.05 8944.51
20154.02 8956.06
20147.94 8967.71
20142.02 8979.05
20136.05 8990.49
20130.07 9001.94
20123.97 9013.63
20117.77 9025.52
20111.84 9036.88
20105.48 9048.94
20101.13 9057.08
20098.65 9061.74
20098.23 9062.52
20098.19 9062.61
20098.18 9062.61
20098.18 9062.62
20098.18 9062.62
20098.18 9062.62
20098.18 9062.62
20098.18 9062.62
20084.34 9086.98
20082.17 9090.27
20079.02 9095.05
20075.01 9101.10
20069.80 9108.44
20062.16 9116.55
20053.37 9125.88
20044.33 9135.11
20034.97 9144.50
20025.23 9153.23
20014.94 9160.91
20004.67 9168.58
19994.11 9175.94
19983.32 9182.88
19972.76 9189.67
19962.16 9196.56
19951.64 9203.45
19941.09 9210.36
19929.99 9217.50
19918.64 9224.78
19907.51 9231.91
19896.88 9238.72
19886.26 9245.52
19866.46 9258.32
19855.85 9265.68
19845.45 9272.54
19834.45 9278.64
19822.68 9284.30
19810.10 9288.30
19798.10 9292.12
19786.20 9295.91
19773.33 9300.00
19761.04 9303.91
19748.60 9307.87
19736.35 9311.77
19724.72 9318.83
19712.57 9322.50
19700.20 9326.24
19688.15 9329.87
19676.26 9333.46
19663.46 9337.33
19651.06 9341.08
19630.57 9347.48
19621.13 9350.66
19611.60 9353.87
19602.24 9357.02
19592.60 9360.27
19573.40 9373.83
19571.54 9381.89
19571.96 9387.51
19572.86 9390.28
19573.06 9390.86
19573.13 9391.04
19573.13 9391.07
19577.34 9399.08
19579.25 9400.47
19582.08 9402.53
19586.24 9405.56
19591.95 9409.72
19599.15 9415.15
19605.63 9420.40
19609.69 9423.69
19610.95 9437.91
19606.39 9443.61
19601.92 9449.17
19597.71 9454.42
19593.42 9459.78
19588.96 9465.34
19584.33 9471.01
19579.27 9476.40
19574.15 9481.82
19569.60 9486.63
19564.51 9492.03
19559.38 9497.45
19554.25 9502.89
19551.67 9505.62
19542.90 9517.71
19538.53 9523.72
19534.67 9529.02
19530.78 9534.36
19526.35 9540.46
19522.05 9546.38
19517.72 9552.35
19513.74 9557.83
19509.93 9563.09
19507.05 9567.06
19498.39 9580.28
19495.17 9585.76
19492.03 9591.10
19489.07 9596.18
19486.68 9600.88
19480.70 9614.46
19478.61 9619.86
19476.55 9625.18
19474.74 9631.11
19473.36 9636.27
19470.58 9651.69
19469.64 9658.12
19468.65 9664.79
19467.83 9671.42
19467.33 9676.64
19456.91 9684.58
19451.22 9684.01
19445.51 9683.48
19439.14 9682.89
19433.24 9682.34
19429.29 9681.97
19414.01 9680.55
19407.66 9679.96
19400.84 9679.32
19393.65 9678.65
19386.31 9677.97
19379.74 9677.36
19373.06 9676.73
19366.67 9676.14
19363.23 9675.82
19348.99 9674.49
19341.87 9673.83
19334.50 9673.15
19326.93 9672.44
19319.32 9671.73
19312.26 9671.08
19305.47 9670.44
19298.30 9669.78
19291.62 9669.16
19284.62 9668.50
19277.80 9667.87
19271.06 9667.24
19266.67 9663.47
19257.46 9665.23
19252.84 9670.66
19248.00 9676.34
19242.84 9682.40
19238.42 9687.59
19233.91 9692.89
19229.13 9698.61
19224.53 9704.28
19219.58 9710.37
19214.89 9716.19
19210.50 9721.76
19205.82 9727.70
19201.13 9733.65
19196.25 9739.84
19191.51 9745.86
19187.14 9751.39
19182.80 9756.89
19180.28 9760.09
19167.60 9759.41
19162.84 9755.29
19158.11 9751.20
19153.70 9747.38
19149.16 9743.45
19146.38 9741.04
19135.66 9731.45
19131.41 9727.58
19127.37 9723.89
19123.32 9720.19
19111.59 9709.42
19106.86 9705.04
19101.71 9700.27
19096.38 9695.33
19091.51 9690.13
19086.77 9684.76
19082.46 9679.88
19077.57 9674.33
19072.69 9668.80
19068.42 9663.95
19064.15 9659.07
19060.23 9653.93
19058.26 9651.35
19058.14 9651.19
19058.13 9651.17
19058.12 9651.17
19058.12 9651.17
19058.12 9651.17
19058.12 9651.17
19058.12 9651.17
19058.12 9651.17
19058.12 9651.17
19058.12 9651.17
19058.12 9651.17
19052.54 9650.87
19049.43 9653.93
19044.67 9658.64
19038.84 9664.45
19031.85 9671.41
19023.14 9680.09
19014.08 9689.11
19004.67 9698.48
18995.55 9707.28
18986.26 9716.16
18976.47 9725.53
18967.03 9734.56
18957.62 9743.56
18947.72 9753.03
18938.28 9761.98
18928.47 9770.36
18918.11 9779.07
18907.53 9786.82
18889.07 9799.92
18877.76 9807.69
18866.45 9815.18
18855.53 9822.34
18844.53 9829.56
18833.61 9836.76
18822.68 9844.13
18811.54 9851.26
18800.15 9858.34
18789.02 9864.78
18777.57 9871.21
18766.21 9877.33
18754.81 9883.32
18744.61 9889.29
18733.14 9896.23
18722.85 9901.05
18715.87 9904.31
18712.17 9906.04
18710.91 9906.63
18710.59 9906.78
18710.42 9906.86
18710.35 9906.89
18710.30 9906.91
18710.30 9906.91
18698.54 9912.42
18695.73 9913.73
18690.79 9916.04
18683.89 9919.15
18675.50 9922.84
18665.04 9927.70
18653.59 9933.91
18640.86 9941.35
18626.40 9950.31
18611.10 9959.77
18593.56 9970.89
18577.66 9981.37
18562.48 9991.37
18546.53 10001.78
18530.50 10011.99
18514.87 10021.91
18498.79 10032.25
18484.08 10042.87
18462.61 10059.19
18448.18 10071.94
18433.87 10084.66
18419.65 10097.30
18405.07 10110.25
18391.09 10122.68
18376.50 10135.64
18362.13 10148.14
18347.36 10161.00
18332.88 10173.61
18318.10 10186.47
18303.56 10199.13
18288.81 10211.96
18274.12 10224.75
18257.97 10234.44
18243.41 10247.11
18228.99 10259.66
18214.47 10272.30
18199.95 10284.87
18185.67 10296.76
18171.03 10309.09
18157.05 10321.00
18142.71 10333.32
18128.11 10345.86
18114.08 10357.91
18100.13 10369.86
18085.15 10381.85
18069.44 10393.09
18053.40 10404.04
18036.77 10413.47
18019.90 10422.56
18002.19 10430.30
17985.00 10436.97
17966.63 10442.81
17948.98 10447.90
17930.20 10452.48
17911.83 10455.77
17893.15 10458.37
17874.73 10460.94
17856.08 10463.75
17837.32 10467.05
17818.21 10470.42
17799.72 10474.50
17781.35 10478.81
17743.62 10492.30
17736.39 10495.19
17731.44 10497.17
17729.30 10498.03
17728.93 10498.18
17728.89 10498.19
17728.87 10498.20
17728.87 10498.20
17728.87 10498.20
17728.87 10498.20
17728.87 10498.20
17728.87 10498.20
17728.87 10498.20
17728.87 10498.20
17728.87 10498.20
17728.87 10498.20
17728.87 10498.20
17728.87 10498.20
17728.87 10498.20
17728.87 10498.20
17728.87 10498.20
17728.87 10498.20
17728.50 10498.35
17726.61 10499.10
17725.85 10499.41
17725.34 10499.61
17723.90 10500.19
17720.91 10501.45
17718.05 10502.72
17715.23 10503.96
17713.22 10494.00
17720.10 10490.78
17729.52 10487.31
17740.56 10483.24
17753.88 10478.33
17769.15 10473.09
17786.63 10468.71
17804.82 10464.16
17823.62 10460.54
17842.88 10457.79
17861.92 10455.08
17881.36 10452.70
17899.64 10450.20
17918.28 10446.78
17936.78 10443.00
17955.04 10438.10
17972.93 10432.22
17991.20 10425.83
18008.05 10418.22
18025.26 10409.68
18041.50 10400.33
18057.40 10389.53
18072.59 10378.79
18087.45 10366.68
18101.55 10354.90
18116.06 10342.77
18131.02 10330.28
18145.86 10317.88
18160.20 10305.73
18174.61 10293.15
18188.91 10280.67
18203.10 10268.22
18217.41 10255.64
18231.55 10243.21
18246.04 10230.46
18259.84 10218.33
18274.40 10205.52
18286.16 10190.79
18300.52 10178.15
18315.05 10165.38
18329.26 10152.88
18343.97 10140.16
18358.37 10127.98
18372.52 10116.02
