11767.10 11239.58
11765.43 11240.47
11761.89 11241.85
11756.15 11244.10
11748.86 11247.01
11740.56 11251.04
11731.05 11255.66
11719.84 11261.79
11707.36 11269.50
11694.93 11278.54
11683.29 11287.54
11671.86 11297.03
11660.12 11306.77
11648.66 11316.55
11639.02 11325.10
11632.57 11330.81
11628.63 11334.31
11629.22 11345.60
11634.51 11353.06
11640.70 11361.78
11647.90 11371.93
11656.35 11383.82
11665.14 11396.20
11673.99 11408.68
11682.69 11420.93
11691.10 11432.77
11699.64 11444.80
11718.86 11469.98
11726.76 11481.24
11734.48 11492.25
11742.30 11503.40
11750.35 11514.87
11758.63 11526.69
11766.40 11537.75
11774.65 11549.61
11782.91 11561.50
11790.95 11573.08
11798.66 11584.16
11810.24 11600.83
11815.95 11609.09
11821.53 11617.15
11835.62 11637.53
11843.90 11649.50
11851.86 11661.02
11860.12 11672.96
11868.34 11684.85
11876.56 11696.74
11884.83 11707.66
11893.12 11718.51
11901.99 11730.12
11915.14 11748.92
11923.19 11760.62
11931.46 11772.62
11939.74 11784.64
11948.19 11796.91
11956.91 11809.58
11965.32 11821.80
11973.68 11833.94
11981.87 11845.83
11994.40 11863.07
12001.89 11873.56
12009.34 11883.99
12017.21 11895.02
12025.04 11905.98
12032.45 11916.36
12037.46 11929.05
12044.96 11939.56
12052.57 11950.21
12067.28 11971.35
12074.99 11982.17
12083.02 11993.43
12090.93 12004.52
12099.13 12016.02
12106.67 12026.72
12114.48 12038.28
12122.11 12049.57
12129.85 12061.04
12135.69 12069.69
12139.63 12075.27
12141.57 12077.85
12142.22 12078.73
12142.28 12078.80
12142.29 12078.82
12142.29 12078.82
12142.29 12078.82
12142.29 12078.82
12149.04 12087.87
12151.17 12090.73
12154.01 12094.54
12157.78 12099.59
12162.66 12106.14
12168.34 12113.77
12174.74 12122.35
12182.15 12132.30
12190.17 12143.05
12198.30 12153.96
12204.98 12162.93
12209.46 12168.94
12212.03 12172.39
12212.66 12173.24
12212.71 12173.30
12212.74 12173.34
12220.69 12192.05
12219.47 12193.11
12217.69 12194.69
12215.36 12196.93
12202.86 12209.87
12199.82 12213.91
12196.23 12218.70
12184.54 12235.91
12176.77 12250.73
12169.22 12267.82
12161.96 12286.31
12155.09 12305.20
12148.67 12324.37
12142.34 12344.12
12136.37 12363.55
12131.00 12383.28
12125.76 12403.18
12120.65 12422.56
12115.42 12442.37
12107.03 12474.44
12100.69 12496.16
12094.30 12516.14
12087.40 12536.27
12080.31 12556.38
12073.41 12577.15
12069.70 12599.49
12059.87 12628.24
12054.95 12641.89
12053.60 12655.39
12050.05 12665.21
12047.52 12672.22
12045.91 12676.37
12045.16 12678.24
12045.14 12678.29
12045.13 12678.30
12045.13 12678.30
12045.13 12678.30
12045.13 12678.30
12045.13 12678.30
12045.13 12678.30
12045.13 12678.30
12045.13 12678.30
12037.77 12692.68
12037.01 12694.79
12035.66 12698.34
12033.65 12703.39
12031.47 12709.34
12028.89 12716.41
12025.83 12724.82
12022.38 12734.30
12012.36 12756.22
12006.81 12770.68
12001.27 12785.08
11995.60 12799.84
11990.18 12813.93
11984.72 12828.14
11976.53 12850.16
11970.48 12866.59
11964.64 12882.42
11958.75 12898.41
11952.60 12915.10
11946.69 12931.16
11942.27 12943.14
11937.60 12955.82
11932.82 12968.78
11927.75 12982.70
11922.77 12996.51
11917.47 13011.22
11911.72 13027.16
11906.50 13041.83
11900.83 13057.90
11895.45 13073.17
11889.97 13088.71
11884.09 13105.36
11878.52 13121.16
11872.46 13138.34
11866.87 13154.20
11861.10 13170.54
11855.47 13186.51
11849.57 13203.22
11839.23 13232.74
11834.55 13246.63
11829.38 13262.00
11824.57 13276.31
11819.79 13290.51
11815.83 13302.28
11812.99 13310.72
11811.39 13315.47
11811.03 13316.54
11811.00 13316.64
11810.95 13316.79
11810.94 13316.82
11810.46 13318.25
11809.56 13320.95
11803.20 13341.97
11801.38 13347.32
11799.05 13354.12
11796.17 13362.58
11792.76 13372.54
11788.64 13384.62
11784.04 13398.11
11778.72 13413.67
11769.02 13437.39
11763.80 13448.16
11756.33 13470.45
11749.77 13486.64
11743.62 13501.79
11736.98 13518.17
11730.41 13534.39
11723.99 13550.21
11717.62 13565.92
11712.14 13579.44
11707.57 13590.76
11704.93 13599.80
11699.03 13614.47
11697.01 13622.26
11692.27 13644.27
11690.66 13659.84
11689.88 13677.03
11690.25 13695.55
11692.39 13720.11
11692.83 13741.79
11693.26 13763.79
11693.71 13786.06
11694.15 13808.45
11694.57 13829.86
11694.98 13850.19
11695.43 13872.43
11697.61 13899.55
11697.89 13913.63
11698.13 13925.51
11698.31 13934.52
11698.43 13940.65
11698.49 13943.90
11698.50 13944.37
11698.51 13944.60
11698.51 13944.63
11698.51 13944.64
11698.51 13944.64
11698.51 13944.64
11698.51 13944.64
11698.51 13944.64
11698.51 13944.64
11698.51 13944.64
11698.51 13944.64
11698.51 13944.64
11698.51 13944.64
11698.51 13944.64
11698.51 13944.64
11698.51 13944.64
11698.51 13944.64
11698.51 13944.64
11698.51 13944.64
11697.92 13983.58
11698.03 13985.59
11698.18 13988.29
11698.37 13991.67
11698.60 13995.78
11698.88 14000.77
11699.19 14006.44
11699.56 14013.03
11700.09 14047.48
11702.21 14058.97
11704.52 14071.51
11707.03 14085.18
11713.43 14115.06
11718.42 14135.65
11723.99 14155.72
11730.20 14175.53
11735.71 14193.13
11743.95 14208.77
11746.71 14218.87
11749.39 14228.70
11752.23 14239.10
11754.92 14248.92
11757.74 14259.27
11760.34 14268.79
11762.34 14275.78
11763.63 14280.18
11764.15 14281.95
11764.32 14282.51
11764.32 14282.51
11764.32 14282.51
11764.32 14282.52
11764.32 14282.52
11764.32 14282.52
11764.32 14282.52
11764.32 14282.52
11764.32 14282.52
11764.32 14282.52
11764.32 14282.52
11764.32 14282.52
11764.32 14282.52
11764.32 14282.52
11764.32 14282.52
11764.32 14282.52
11764.32 14282.52
11764.32 14282.52
11764.32 14282.52
11764.32 14282.52
11764.32 14282.52
11764.32 14282.52
11773.86 14324.91
11774.58 14327.78
11775.77 14332.47
11777.41 14339.00
11779.43 14346.99
11781.81 14356.47
11784.75 14368.10
11788.07 14381.28
11791.72 14395.79
11795.76 14411.80
11800.13 14429.13
11804.81 14447.72
11809.59 14466.67
11814.44 14485.93
11818.46 14508.62
11823.54 14528.78
11828.78 14548.95
11834.13 14569.23
11841.74 14590.84
11844.66 14601.40
11847.11 14608.94
11848.86 14613.58
11849.57 14615.39
11849.64 14615.56
11849.65 14615.60
11849.66 14615.63
11849.67 14615.64
11849.67 14615.64
11849.67 14615.64
11849.67 14615.64
11849.67 14615.64
11849.67 14615.64
11849.67 14615.64
11849.67 14615.64
11849.67 14615.64
11849.67 14615.64
11849.67 14615.64
11849.67 14615.64
11849.67 14615.64
11849.67 14615.64
11849.67 14615.64
11849.67 14615.64
11849.67 14615.64
11849.67 14615.64
11849.67 14615.64
11849.67 14615.64
11849.67 14615.64
11849.67 14615.64
11859.01 14638.27
11860.68 14641.75
11863.34 14647.29
11866.69 14654.11
11871.13 14662.92
11876.20 14672.98
11881.82 14684.12
11888.04 14696.44
11895.12 14710.49
11902.81 14725.73
11911.26 14742.49
11920.51 14760.83
11929.76 14779.18
11942.00 14799.36
11951.84 14818.19
11961.87 14837.37
11974.53 14858.03
11983.24 14873.51
11988.92 14889.33
11992.15 14894.41
11994.01 14897.00
12002.02 14907.21
12007.49 14913.92
12014.31 14922.30
12022.34 14932.16
12031.55 14943.48
12042.05 14956.38
12054.80 14974.65
12068.20 14991.11
12081.74 15007.74
12094.23 15023.09
12104.54 15035.76
12114.72 15045.82
12119.12 15050.90
12121.49 15053.63
12121.75 15053.93
12121.87 15054.07
12121.95 15054.16
12121.97 15054.19
12121.98 15054.19
12121.98 15054.19
12121.98 15054.19
12121.98 15054.19
12121.98 15054.19
12127.36 15060.53
12129.52 15063.08
12133.20 15067.45
12138.33 15073.64
12144.47 15081.34
12151.64 15090.33
12159.90 15100.69
12169.30 15112.47
12179.65 15125.44
12191.34 15140.10
12204.16 15156.17
12217.42 15172.78
12230.92 15189.70
12244.72 15207.00
12255.54 15223.19
12264.97 15235.02
12274.44 15246.88
12307.26 15284.60
12317.22 15296.90
12326.92 15308.88
12336.77 15321.05
12355.98 15343.16
12363.36 15350.79
12369.13 15356.74
12385.48 15376.12
12394.79 15385.89
12406.64 15393.54
12415.90 15403.26
12426.78 15416.98
12437.07 15427.65
12446.78 15437.73
12457.12 15448.45
12466.96 15458.47
12476.79 15468.46
12486.80 15478.64
12503.74 15498.83
12512.48 15508.01
12524.07 15514.21
12533.29 15522.37
12554.70 15531.84
12569.82 15532.84
12584.21 15528.16
12595.20 15517.78
12601.05 15504.41
12602.41 15489.06
12596.32 15475.82
12585.53 15464.82
12572.92 15457.70
12558.07 15453.61
12543.65 15452.23
12529.38 15454.23
12515.96 15459.44
12502.52 15466.82
12490.78 15475.96
12479.43 15485.47
12470.52 15494.84
12462.36 15503.98
12437.16 15533.15
12429.08 15545.70
12421.11 15558.07
12412.85 15570.90
12404.29 15584.14
12395.75 15597.24
12384.97 15608.06
12376.97 15621.26
12369.19 15634.08
12361.52 15646.72
12353.83 15659.41
12345.82 15672.62
12337.63 15686.12
12330.13 15699.11
12322.99 15712.98
12315.81 15726.95
12308.75 15740.67
12301.80 15754.18
12294.88 15767.56
12287.66 15780.44
12280.22 15793.73
12272.82 15806.93
12265.11 15820.69
12257.36 15834.53
12249.77 15848.07
12242.51 15861.03
12235.09 15874.29
12227.85 15887.21
12217.45 15899.03
12209.95 15912.40
12202.20 15925.91
12194.85 15938.75
12187.15 15952.19
12180.04 15964.60
12173.05 15976.81
12166.43 15988.36
12160.22 15999.19
12153.77 16010.45
12147.39 16021.59
12141.71 16031.50
12135.92 16041.62
12130.05 16051.86
12124.85 16061.97
12120.00 16072.52
12114.79 16084.21
12110.85 16094.64
12107.42 16108.84
12103.42 16121.69
12098.96 16136.01
12094.47 16150.43
12089.89 16165.10
12085.27 16179.88
12081.92 16197.71
12077.36 16213.99
12072.25 16232.18
12066.61 16252.32
12060.49 16274.43
12053.73 16298.90
12046.30 16325.84
12038.40 16354.47
12030.05 16384.72
12021.43 16415.96
12012.78 16446.70
12003.18 16476.59
11992.90 16507.31
11981.85 16537.16
11970.50 16566.56
11958.45 16596.39
11948.95 16627.27
11934.81 16656.18
11919.65 16685.01
11903.99 16713.07
11888.42 16740.96
11872.77 16768.98
11856.20 16796.41
11839.18 16824.36
11822.25 16852.14
11802.54 16880.76
11785.68 16907.61
11768.36 16935.20
11750.99 16962.89
11734.24 16989.56
11717.35 17016.47
11700.13 17043.91
11683.04 17071.12
11666.23 17097.91
11649.50 17124.56
11636.42 17154.20
11620.94 17181.89
11605.49 17209.52
11589.69 17237.77
11574.78 17265.98
11560.31 17294.10
11546.91 17322.81
11533.89 17351.73
11521.71 17380.75
11510.74 17406.91
11501.43 17429.10
11489.92 17463.98
11486.23 17478.42
11484.13 17493.22
11483.15 17508.79
11484.06 17524.19
11486.94 17538.94
11492.93 17552.36
11500.54 17564.93
11509.27 17577.26
11516.98 17589.79
11524.58 17602.14
11529.11 17616.62
11532.94 17630.94
11534.27 17645.66
11532.29 17660.07
11529.74 17675.15
11525.81 17689.24
11521.93 17703.17
11517.80 17717.97
11514.29 17732.16
11511.35 17747.28
11509.73 17762.30
11509.91 17777.45
11511.07 17792.35
11514.66 17806.73
11519.11 17821.42
11525.58 17834.74
11532.23 17851.25
11540.00 17864.45
11547.45 17877.13
11554.85 17889.70
11562.76 17903.15
11570.64 17916.53
11578.03 17929.10
11587.55 17942.05
11594.19 17953.33
11606.43 17970.26
11616.97 17978.88
11629.45 17984.62
11639.80 17984.74
11647.71 17984.83
11651.66 17984.56
11663.96 17975.83
11668.85 17970.84
11674.91 17964.68
11682.02 17957.43
11689.24 17950.07
11693.95 17945.28
11696.32 17942.86
11710.69 17943.71
11717.01 17947.56
11725.16 17952.54
11734.54 17958.26
11745.39 17964.88
11758.09 17972.63
11770.98 17980.50
11783.58 17988.19
11796.62 17996.15
11809.58 18004.05
11822.93 18012.21
11836.12 18020.25
11848.53 18027.82
11861.69 18035.91
11874.23 18043.75
11887.51 18052.05
11899.86 18059.78
11913.12 18047.88
11921.85 18035.60
11930.05 18024.05
11938.25 18012.52
11946.40 18001.06
11954.49 17989.67
11963.13 17977.51
11971.77 17965.36
11985.56 17948.55
11993.45 17939.50
12005.34 17921.77
12012.13 17910.01
12018.98 17898.16
12024.91 17887.89
12029.33 17880.23
12031.93 17875.73
12045.97 17873.24
12054.44 17876.82
12065.09 17881.33
12077.50 17886.57
12090.79 17892.20
12104.17 17898.25
12117.30 17904.52
12130.22 17910.69
12143.38 17916.37
12152.52 17904.36
12161.60 17892.43
12172.69 17875.38
12180.10 17863.23
12187.54 17851.04
12194.14 17840.22
12199.09 17832.11
12203.79 17819.51
12205.97 17812.11
12208.19 17804.62
12210.44 17797.01
12212.77 17789.10
12215.25 17780.72
12216.37 17772.27
12217.01 17766.96
12219.97 17769.99
12218.91 17778.76
12216.88 17786.89
12214.68 17794.32
12212.19 17802.74
12209.88 17810.57
12207.35 17819.11
12205.10 17826.73
