20108.69 9539.24
20109.26 9537.97
20110.77 9535.60
20113.69 9531.66
20117.70 9526.94
20123.09 9522.65
20128.78 9518.13
20133.99 9514.00
20139.96 9509.92
20145.39 9506.26
20151.76 9501.98
20157.52 9497.87
20163.38 9493.48
20168.75 9489.44
20174.89 9484.84
20180.20 9480.60
20186.04 9475.50
20191.65 9470.60
20197.38 9465.60
20202.50 9460.08
20206.45 9454.47
20208.20 9447.26
20209.85 9439.85
20211.07 9432.89
20211.95 9426.26
20211.36 9419.50
20209.58 9412.20
20207.11 9405.26
20204.30 9399.21
20199.79 9394.23
20194.44 9390.15
20188.53 9386.87
20181.67 9383.50
20175.24 9380.59
20168.52 9377.40
20165.55 9370.81
20165.66 9363.97
20168.87 9357.72
20173.85 9353.17
20179.36 9348.14
20184.27 9343.65
20189.25 9339.10
20194.20 9334.59
20199.73 9329.53
20205.00 9324.50
20209.69 9319.93
20214.92 9314.83
20220.44 9309.45
20225.85 9304.18
20231.27 9298.89
20236.15 9294.13
20241.46 9288.95
20246.93 9283.63
20251.79 9278.88
20257.31 9273.50
20262.59 9268.36
20267.94 9263.13
20272.63 9258.57
20277.52 9253.80
20283.09 9248.37
20288.42 9243.17
20293.87 9237.86
20298.90 9232.95
20304.23 9227.75
20309.25 9222.86
20314.78 9217.47
20319.80 9212.57
20325.14 9207.37
20330.66 9201.98
20335.37 9197.39
20340.29 9192.60
20345.56 9187.45
20350.65 9182.49
20356.01 9177.24
20361.45 9171.72
20366.68 9166.41
20372.07 9160.95
20376.96 9155.99
20381.73 9151.15
20386.95 9145.85
20392.12 9140.60
20397.17 9135.49
20401.89 9130.69
20407.37 9125.14
20412.70 9119.65
20417.35 9114.80
20422.18 9109.76
20427.11 9104.61
20432.13 9099.37
20436.83 9094.47
20441.45 9089.65
20446.76 9084.10
20452.29 9078.94
20458.25 9073.97
20464.24 9068.98
20470.44 9066.53
20477.65 9066.15
20484.52 9068.40
20491.17 9070.99
20498.21 9073.74
20504.75 9076.29
20511.91 9078.42
20518.53 9079.75
20525.87 9081.15
20532.84 9082.43
20539.62 9083.68
20546.50 9084.33
20553.69 9083.95
20560.43 9083.59
20567.78 9083.19
20574.76 9082.81
20582.03 9082.29
20588.69 9080.99
20595.61 9079.63
20602.05 9078.37
20609.35 9076.95
20616.92 9075.47
20624.20 9074.04
20631.52 9072.61
20638.56 9071.24
20646.15 9069.75
20653.06 9068.40
20659.93 9067.06
20666.38 9065.80
20673.66 9064.37
20680.95 9062.93
20687.81 9061.57
20694.63 9060.17
20701.23 9058.83
20708.83 9057.29
20715.35 9055.96
20722.51 9054.51
20729.01 9053.02
20736.17 9051.20
20743.71 9049.30
20750.09 9047.12
20757.27 9044.42
20763.47 9041.18
20769.55 9036.94
20775.14 9033.06
20780.70 9029.19
20785.80 9025.04
20791.37 9019.72
20796.59 9014.75
20801.23 9009.98
20806.01 9005.03
20811.40 8999.44
20816.74 8993.90
20821.65 8988.82
20826.88 8983.01
20831.26 8977.88
20836.04 8972.29
20840.61 8966.93
20844.74 8961.66
20847.51 8955.43
20849.42 8948.86
20850.47 8941.67
20850.89 8934.00
20851.26 8927.35
20851.21 8920.39
20850.12 8913.18
20849.07 8906.30
20848.36 8899.64
20847.70 8892.46
20847.08 8885.70
20846.48 8879.13
20845.87 8872.47
20845.16 8864.69
20844.60 8857.48
20844.05 8849.82
20843.53 8843.25
20843.00 8836.63
20841.81 8828.93
20840.12 8821.64
20838.53 8814.76
20835.73 8807.52
20833.13 8800.80
20829.98 8794.62
20826.54 8788.87
20822.83 8782.69
20819.25 8776.62
20832.10 8771.89
20836.88 8779.43
20842.40 8789.01
20847.19 8799.45
20850.97 8810.56
20854.75 8821.70
20858.81 8833.64
20861.82 8845.16
20867.62 8854.75
20870.47 8866.11
20873.38 8877.73
20876.36 8889.65
20879.22 8901.10
20882.14 8912.80
20884.91 8924.07
20887.76 8935.63
20890.76 8947.89
20893.77 8960.18
20896.66 8971.92
20899.51 8983.50
20902.51 8995.71
20905.45 9007.69
20908.33 9019.41
20911.24 9031.27
20914.21 9043.34
20917.13 9055.22
20920.09 9067.29
20923.08 9079.26
20925.96 9090.66
20928.51 9102.52
20931.04 9113.97
20933.52 9125.24
20936.13 9137.03
20938.71 9148.68
20941.36 9160.68
20944.12 9173.15
20946.69 9184.73
20949.44 9197.18
20952.17 9209.50
20954.92 9221.93
20957.64 9234.19
20960.22 9245.87
20962.83 9257.66
20965.46 9269.52
20968.17 9281.78
20970.83 9293.76
20973.35 9305.15
20977.32 9321.15
20981.42 9337.80
20983.99 9348.54
20986.08 9357.11
20988.26 9365.73
20994.25 9389.08
20997.71 9401.36
21001.13 9413.49
21004.54 9425.59
21007.99 9437.83
21011.36 9449.80
21014.70 9461.68
21018.09 9473.69
21021.43 9485.56
21024.60 9496.81
21028.04 9509.01
21031.45 9521.12
21034.71 9532.69
21038.07 9544.61
21041.25 9555.88
21044.55 9567.32
21047.87 9578.86
21051.14 9590.20
21054.72 9602.61
21058.16 9614.56
21061.62 9626.56
21065.08 9638.55
21068.48 9650.35
21071.65 9661.61
21074.98 9673.59
21078.40 9685.89
21081.70 9697.78
21084.69 9709.30
21087.38 9720.90
21090.16 9732.87
21092.84 9744.39
21095.66 9756.93
21096.98 9769.08
21098.38 9781.86
21099.70 9794.01
21101.02 9806.11
21102.41 9818.89
21103.74 9831.12
21105.14 9843.91
21106.50 9856.44
21107.83 9868.66
21109.22 9881.33
21110.49 9893.04
21112.50 9904.72
21114.70 9916.32
21113.86 9929.62
21116.41 9941.55
21120.10 9953.06
21123.82 9964.68
21128.02 9976.14
21132.79 9987.48
21138.15 9997.96
21149.21 10017.60
21155.24 10026.38
21161.74 10034.98
21168.08 10043.38
21173.96 10051.17
21180.34 10059.62
21186.52 10067.81
21192.79 10075.00
21200.06 10083.33
21206.84 10091.10
21213.73 10098.99
21220.98 10107.30
21227.42 10114.68
21234.25 10122.51
21240.81 10130.02
21247.59 10137.80
21254.30 10145.49
21261.19 10153.39
21268.17 10161.38
21274.70 10168.87
21281.30 10176.43
21294.30 10191.16
21296.00 10193.09
21297.70 10195.01
21299.44 10196.95
21265.46 10247.35
21264.52 10248.19
21263.56 10249.05
21258.34 10253.76
21249.57 10261.78
21240.30 10270.26
21231.52 10278.29
21222.48 10286.55
21213.14 10295.10
21204.09 10303.37
21195.29 10311.42
21186.35 10319.59
21177.19 10327.97
21168.56 10335.86
21166.83 10344.57
21165.85 10345.93
21165.70 10346.14
21165.66 10346.19
21165.63 10346.23
21165.63 10346.23
21165.63 10346.24
21165.63 10346.24
21165.63 10346.24
21165.63 10346.24
21165.63 10346.24
21165.63 10346.24
21165.63 10346.24
21165.63 10346.24
21165.54 10346.36
21165.10 10346.97
21164.39 10347.95
21163.06 10349.80
21161.10 10352.52
21158.72 10355.83
21151.49 10366.29
21149.75 10369.01
21147.85 10371.99
21146.39 10374.29
21145.57 10375.58
21144.43 10377.37
21143.48 10378.87
21124.78 10410.30
21123.07 10414.15
21121.36 10418.00
21119.37 10422.47
21117.49 10426.72
21115.73 10430.67
21112.99 10436.63
21110.07 10442.51
21107.16 10448.38
21104.24 10454.25
21101.11 10460.53
21098.67 10465.46
21096.29 10470.24
21094.38 10474.09
21092.41 10478.05
21091.92 10478.93
21091.54 10479.54
21091.36 10479.83
21091.36 10479.83
21091.36 10479.84
21090.50 10481.22
21089.43 10482.95
21088.63 10484.23
21088.48 10484.47
21088.21 10484.92
21086.16 10488.84
21084.98 10491.36
21083.24 10495.08
21081.02 10499.84
21078.69 10504.82
21075.57 10511.53
21071.87 10519.44
21063.42 10545.28
21061.86 10554.91
21062.17 10564.65
21066.33 10574.26
21076.99 10581.23
21085.96 10587.36
21096.76 10589.21
21105.24 10590.24
21115.04 10590.98
21123.67 10591.37
21133.46 10591.32
21144.97 10590.33
21158.11 10588.68
21169.50 10585.49
21181.24 10581.55
21194.57 10573.67
21206.26 10566.81
21217.77 10559.67
21227.53 10552.34
21237.12 10541.67
21244.22 10530.54
21248.39 10517.68
21250.52 10504.90
21249.19 10492.79
21244.93 10481.03
21236.48 10470.58
21226.15 10464.96
21213.87 10459.87
21199.66 10458.07
21185.45 10457.65
21170.16 10458.27
21151.88 10455.28
21135.27 10456.50
21116.32 10457.89
21095.16 10459.45
21072.34 10461.12
21049.66 10459.48
21024.67 10461.32
20999.40 10463.18
20971.50 10466.81
20946.27 10468.56
20919.92 10470.39
20894.11 10472.17
20868.87 10473.87
20843.53 10475.59
20818.04 10477.31
20791.95 10479.07
20766.08 10480.82
20740.65 10482.66
20715.01 10484.56
20689.93 10486.41
20664.01 10488.33
20638.90 10489.71
20612.80 10491.09
20586.70 10492.47
20561.10 10493.90
20535.66 10495.68
20509.48 10497.51
20483.59 10499.32
20457.42 10501.18
20431.39 10503.08
20405.57 10504.97
20380.25 10507.33
20354.81 10510.16
20329.69 10512.96
20303.64 10517.02
20277.87 10521.23
20252.74 10525.81
20227.51 10531.39
20202.93 10537.14
20177.48 10544.00
20152.72 10551.39
20127.76 10559.04
20103.79 10566.97
20079.61 10576.07
20055.63 10586.34
20031.75 10597.00
20008.90 10607.64
19986.05 10619.11
19963.65 10630.75
19941.73 10643.10
19919.50 10655.81
19897.21 10669.09
19875.42 10682.35
19853.95 10695.94
19832.10 10709.77
19810.62 10723.36
19788.97 10737.06
19767.19 10750.84
19745.13 10764.79
19723.29 10778.61
19701.96 10792.11
19680.04 10806.18
19658.18 10820.24
19636.65 10834.09
19614.86 10848.10
19593.07 10862.12
19571.34 10876.09
19549.26 10890.29
19527.32 10904.22
19505.27 10918.22
19484.00 10931.73
19462.17 10945.59
19440.02 10959.81
19418.75 10973.58
19397.17 10987.56
19375.23 11001.77
19353.23 11016.02
19331.98 11029.66
19309.93 11043.78
19288.72 11057.36
19267.04 11071.24
19245.58 11084.88
19223.40 11098.94
19203.15 11115.72
19179.10 11129.80
19158.65 11143.65
19138.10 11157.57
19116.88 11171.94
19094.40 11188.21
19072.75 11201.78
19052.22 11216.11
19031.36 11231.77
19012.30 11248.94
18994.04 11266.30
18976.87 11285.52
18960.57 11305.68
18945.39 11325.95
18931.25 11346.93
18918.68 11369.48
18906.94 11391.61
18895.69 11414.09
18887.31 11437.86
18878.83 11462.11
18872.63 11486.52
18866.41 11511.03
18860.07 11535.92
18853.58 11561.39
18847.33 11585.91
18841.83 11606.35
18836.02 11626.53
18829.38 11646.56
18822.90 11665.50
18816.07 11684.59
18808.49 11703.20
18800.00 11721.37
18790.93 11739.23
18780.87 11757.51
18770.21 11775.13
18759.18 11791.70
18747.54 11808.62
18735.25 11825.18
18722.57 11842.05
18708.39 11857.03
18694.07 11871.91
18679.89 11886.84
18665.84 11901.76
18651.39 11915.41
18635.32 11927.83
18619.37 11940.16
18602.63 11952.83
18584.95 11964.31
18568.04 11975.30
18550.78 11984.78
18533.25 11993.67
18515.28 12001.21
18498.22 12008.78
18478.81 12016.64
18461.27 12023.58
18442.71 12030.94
18425.30 12036.87
18405.97 12043.22
18388.18 12048.27
18371.17 12052.96
18352.79 12058.02
18334.71 12063.00
18317.09 12067.85
18300.44 12072.44
18281.95 12077.53
18265.17 12082.52
18248.94 12087.83
18231.37 12093.81
18215.37 12100.65
18199.03 12107.63
18182.36 12114.76
18166.66 12122.64
18151.09 12130.51
18137.40 12138.55
18123.87 12147.04
18109.32 12156.18
18095.55 12165.46
18081.48 12175.10
18068.65 12184.48
18055.19 12195.09
18040.93 12206.35
18028.92 12217.96
18017.03 12229.49
18005.15 12241.01
17993.75 12252.27
17978.58 12266.67
17966.86 12277.51
17954.63 12288.82
17942.31 12300.21
17929.64 12311.92
17916.95 12323.18
17904.07 12334.33
17891.09 12345.57
17877.41 12357.41
17864.05 12368.98
17850.01 12381.13
17836.26 12392.20
17821.93 12403.52
17809.71 12413.21
17797.44 12421.77
17786.01 12429.71
17774.66 12437.48
17762.07 12445.90
17747.77 12454.70
17733.51 12462.75
17717.85 12470.38
17702.05 12477.45
17684.80 12484.33
17668.95 12490.48
17652.27 12496.45
17634.95 12502.11
17617.53 12506.82
17600.81 12510.82
17583.38 12514.11
17565.19 12517.26
17546.60 12518.85
17525.78 12520.44
17505.08 12521.88
17484.53 12522.07
17466.00 12521.70
17446.15 12520.75
17425.19 12519.13
17402.69 12515.35
17383.44 12513.27
17364.32 12511.21
17344.60 12508.56
17329.88 12506.62
17315.11 12504.66
17299.87 12502.64
17284.68 12500.63
17241.41 12496.19
17221.58 12492.97
17201.84 12489.78
17181.83 12486.77
17161.20 12484.32
17141.04 12485.60
17120.27 12484.19
17099.64 12483.35
17079.09 12483.15
17059.32 12482.96
17038.67 12483.43
17018.03 12484.45
16997.71 12485.97
16981.25 12487.90
16965.08 12486.74
16949.71 12488.96
16934.92 12491.43
16919.71 12494.04
16904.62 12497.18
16890.22 12500.50
16875.96 12504.13
16861.72 12507.91
16847.41 12512.51
16832.68 12517.51
16818.91 12522.18
16804.64 12527.13
16790.48 12532.56
16776.38 12537.96
16762.00 12543.47
16747.54 12549.05
16733.26 12555.60
16720.05 12561.66
16706.02 12568.59
16692.62 12575.79
16679.86 12582.65
16666.80 12590.25
16653.90 12598.33
16635.58 12610.31
16623.45 12618.48
16611.57 12626.48
16599.25 12634.78
16587.58 12642.63
16575.34 12650.87
16562.77 12659.34
16550.80 12667.40
16538.63 12675.59
16526.89 12683.49
16514.83 12691.61
16502.05 12702.42
16491.06 12710.24
16480.17 12717.98
16469.24 12725.75
16458.09 12733.69
16446.85 12741.68
16436.30 12749.18
16425.83 12756.64
16415.30 12764.12
16404.70 12771.68
16393.45 12779.71
16382.49 12787.54
16371.21 12795.59
16360.75 12803.05
16349.98 12810.74
16339.18 12818.45
16328.02 12826.41
16317.17 12834.15
16260.14 12871.44
16247.97 12879.22
16235.93 12886.92
16223.62 12894.79
16210.86 12902.95
16199.13 12910.96
16187.14 12919.62
16175.21 12928.24
16163.81 12936.47
16152.14 12944.89
16140.58 12953.24
16128.56 12961.92
16116.43 12970.68
16104.80 12979.08
16092.92 12987.66
16080.69 12996.49
16068.90 13005.00
16057.25 13013.41
16045.34 13022.01
16033.28 13030.78
16021.96 13039.35
16010.74 13047.85
16000.84 13058.24
15991.35 13068.45
15982.01 13079.32
15973.08 13090.70
15964.84 13103.15
15957.28 13115.85
15949.94 13129.01
15940.27 13141.03
15934.49 13153.93
15930.35 13167.13
15926.01 13181.00
15922.31 13195.52
15918.72 13210.20
15915.25 13224.75
15911.78 13239.54
15908.47 13253.64
15905.23 13267.42
15901.84 13281.86
15898.50 13296.10
15894.99 13311.24
15891.77 13325.80
15888.52 13340.54
15885.30 13355.09
15882.04 13369.86
15878.76 13384.70
15875.45 13399.66
15871.81 13414.80
15868.07 13429.58
15864.48 13443.77
15860.67 13458.84
15857.06 13473.13
15853.19 13488.40
15849.04 13503.14
15844.54 13517.13
15839.84 13531.74
15835.24 13546.05
15830.67 13560.26
15826.08 13574.51
15821.38 13589.13
15810.99 13604.71
15805.52 13618.73
15800.13 13632.55
15794.49 13647.02
15789.14 13660.74
15783.48 13675.25
15778.15 13688.90
15771.88 13702.39
15765.51 13715.62
15758.81 13729.52
15752.54 13742.54
15745.74 13756.64
15739.15 13770.33
15733.93 13781.30
15728.87 13791.95
15723.60 13803.06
15718.59 13813.63
15713.67 13824.00
15710.00 13831.22
15708.13 13834.64
15702.45 13845.60
15698.92 13852.73
15694.51 13861.63
15690.27 13871.79
15686.76 13882.55
15683.16 13893.63
15679.72 13904.20
15666.62 13933.17
15662.98 13933.19
15659.35 13933.20
15656.12 13933.21
15654.21 13933.22
15653.63 13933.22
15653.51 13933.22
15653.47 13933.22
15653.45 13933.22
15653.45 13933.22
15641.77 13933.40
15639.03 13933.24
15634.80 13932.99
15629.32 13932.67
15622.71 13932.28
15604.81 13931.45
15592.27 13930.88
15579.69 13930.10
15567.44 13928.98
15557.25 13927.90
15550.66 13927.21
15548.36 13926.97
15547.87 13926.92
15547.67 13926.90
15547.56 13926.88
15546.94 13926.82
15546.19 13926.74
15540.59 13925.17
15537.65 13925.90
15535.74 13926.29
15534.10 13926.29
15533.05 13926.28
15532.27 13926.28
15531.58 13926.28
15531.14 13926.28
15530.21 13926.28
15528.46 13926.28
15527.71 13926.28
15525.53 13926.27
15524.27 13926.27
15523.71 13926.27
15522.99 13926.27
15521.86 13926.27
15521.55 13926.27
15521.21 13926.26
15521.15 13926.26
15521.09 13926.26
15520.99 13926.26
15520.97 13926.26
15520.95 13926.26
15520.94 13926.26
15520.94 13926.26
15520.94 13926.26
15520.94 13926.26
15520.94 13926.26
15520.94 13926.26
15520.94 13926.26
15520.94 13926.26
15520.94 13926.26
15520.94 13926.26
15520.94 13926.26
15520.94 13926.26
15520.94 13926.26
15520.94 13926.26
15520.94 13926.26
15520.94 13926.26
15520.94 13926.26
15520.94 13926.26
15520.94 13926.26
15520.94 13926.26
15520.94 13926.26
15520.94 13926.26
15520.94 13926.26
15520.94 13926.26
15520.94 13926.26
15520.94 13926.26
15520.94 13926.26
15520.94 13926.26
15520.94 13926.26
15520.94 13926.26
15520.94 13926.26
15520.94 13926.26
15520.94 13926.26
15520.94 13926.26
15520.94 13926.26
15520.94 13926.26
15520.94 13926.26
15520.94 13926.26
15520.94 13926.26
15520.94 13926.26
15520.94 13926.26
15520.94 13926.26
15520.94 13926.26
15520.94 13926.26
15520.94 13926.26
15520.94 13926.26
15520.94 13926.26
15520.94 13926.26
15520.94 13926.26
15520.94 13926.26
15520.94 13926.26
15520.94 13926.26
15520.94 13926.26
15520.94 13926.26
15520.94 13926.26
15520.94 13926.26
15520.94 13926.26
15520.94 13926.26
15520.94 13926.26
15520.94 13926.26
15520.94 13926.26
15520.94 13926.26
15520.94 13926.26
15520.94 13926.26
15520.94 13926.26
15520.94 13926.26
15520.94 13926.26
15520.94 13926.26
15520.94 13926.26
15520.94 13926.26
15520.94 13926.26
15520.94 13926.26
15520.94 13926.26
15520.94 13926.26
15520.94 13926.26
15520.94 13926.26
15520.94 13926.26
15520.94 13926.26
15520.94 13926.26
15520.94 13926.26
15520.94 13926.26
15520.94 13926.26
15520.94 13926.26
15520.94 13926.26
15520.94 13926.26
15520.92 13926.26
15520.88 13926.26
15520.83 13926.26
15520.14 13926.26
15519.66 13926.26
15518.90 13926.26
15517.91 13926.25
15516.76 13926.24
15516.13 13926.23
15515.72 13926.23
15515.54 13926.22
15515.47 13926.22
15515.41 13926.22
15515.37 13926.22
15515.36 13926.22
15515.30 13926.22
15514.94 13926.22
15514.25 13926.21
15512.21 13926.19
15509.37 13926.15
15506.99 13926.12
15504.67 13926.10
15503.92 13926.09
15503.24 13926.08
15502.32 13926.07
15501.90 13926.06
15501.75 13926.06
15501.63 13926.06
15501.57 13926.06
15501.55 13926.06
15501.54 13926.06
15501.53 13926.06
15501.43 13926.06
15500.91 13926.05
15499.79 13926.04
15496.97 13926.01
15493.79 13925.97
15490.60 13925.93
15485.59 13925.87
15479.37 13925.80
15471.75 13925.71
15463.15 13925.59
15453.81 13925.54
15443.88 13928.62
15428.03 13905.39
15415.21 13898.51
15406.91 13897.71
15391.88 13897.92
15382.44 13897.01
15372.73 13896.07
15363.60 13895.18
15354.73 13894.32
15344.96 13899.15
15346.31 13908.83
15347.76 13919.23
15349.09 13928.80
15350.06 13935.76
15350.93 13941.98
15351.93 13949.13
15353.12 13957.65
15353.87 13963.07
15354.67 13968.83
15355.50 13974.75
15356.41 13981.27
15357.29 13987.58
15358.11 13993.47
15358.85 13998.80
15359.34 14002.32
15359.90 14006.30
15360.68 14011.93
15354.42 14015.33
15348.52 14014.10
15342.24 14014.67
15336.16 14017.27
15331.76 14020.65
15319.08 14032.85
15312.18 14038.55
15304.16 14045.18
15291.45 14056.58
15283.71 14064.11
15276.35 14071.27
15268.95 14078.47
15263.15 14083.89
15258.64 14088.11
15253.73 14092.70
15249.43 14096.72
15245.40 14100.49
15240.57 14105.00
15235.83 14124.40
15236.14 14133.63
15236.47 14143.73
15236.81 14153.65
15237.14 14163.61
15237.48 14173.57
15237.77 14182.26
15239.85 14187.58
15240.69 14189.69
15240.92 14190.26
15241.11 14190.75
15241.92 14192.78
15242.94 14195.34
15244.16 14198.42
15245.43 14201.63
15240.97 14222.16
15235.13 14226.06
15227.55 14230.18
15217.71 14230.95
15207.24 14231.64
15196.92 14232.32
15187.03 14232.98
15176.94 14233.65
15167.33 14234.29
15157.09 14234.97
15147.19 14235.66
15137.47 14236.43
15125.92 14245.02
15126.82 14254.10
15127.28 14263.16
15127.68 14273.07
15128.12 14282.95
15128.54 14292.20
15128.96 14301.56
15129.38 14311.03
15129.81 14320.58
15130.25 14332.60
15130.56 14341.70
15130.87 14350.64
15131.18 14359.76
15131.25 14368.64
15131.11 14377.71
15130.97 14386.80
15129.77 14396.07
15128.42 14402.98
15127.60 14407.17
15127.13 14409.38
15127.06 14409.59
15127.05 14409.61
15127.04 14409.63
15127.04 14409.63
15127.04 14409.63
15127.04 14409.63
15127.04 14409.63
15127.04 14409.63
15127.04 14409.63
15127.04 14409.63
15127.04 14409.63
15127.04 14409.63
15127.04 14409.63
15127.04 14409.63
15127.04 14409.63
15127.04 14409.63
15126.64 14410.80
15125.70 14413.51
15113.71 14448.41
15113.71 14448.46
15113.70 14448.50
15113.70 14448.55
15111.06 14463.32
15113.41 14473.15
15112.30 14484.29
15111.20 14495.36
15110.08 14506.72
15109.21 14520.59
15109.03 14533.04
15109.22 14545.14
15109.93 14556.61
15110.71 14569.10
15112.13 14581.60
15114.09 14593.65
15116.06 14605.76
15116.35 14620.38
15119.46 14631.80
15122.76 14643.61
15126.78 14655.04
15131.23 14665.97
15137.08 14676.38
15142.73 14686.45
15147.69 14697.28
15152.64 14708.38
15157.42 14719.10
15162.36 14730.18
15167.39 14741.46
