8023.23 28582.20
8021.69 28583.45
8018.72 28585.88
8014.21 28589.56
8008.95 28593.86
8003.58 28598.25
7998.57 28602.35
7993.22 28606.72
7988.37 28610.68
7984.17 28613.96
7981.84 28611.58
7986.83 28607.67
7992.05 28603.40
7997.28 28599.14
8002.50 28594.87
8007.24 28590.99
8012.50 28586.69
8017.88 28582.30
8023.33 28577.84
8028.97 28573.64
8036.29 28568.29
8045.31 28561.70
8055.33 28554.37
8065.84 28546.69
8076.30 28539.05
8085.40 28530.62
8094.14 28522.40
8102.74 28514.31
8112.19 28505.42
8121.60 28496.57
8130.90 28487.83
8139.30 28479.39
8147.90 28470.73
8157.05 28461.52
8165.82 28452.68
8175.00 28443.43
8183.64 28434.74
8192.41 28425.90
8200.68 28416.81
8209.06 28407.25
8216.89 28398.30
8225.03 28389.01
8232.81 28380.14
8240.71 28371.11
8249.04 28361.61
8257.05 28352.46
8265.44 28342.89
8273.23 28333.99
8281.36 28324.71
8289.24 28315.71
8297.39 28306.41
8305.87 28296.73
8313.86 28287.59
8321.68 28278.66
8329.45 28269.77
8337.94 28260.02
8346.41 28250.30
8354.68 28240.81
8363.03 28231.21
8370.79 28222.30
8378.82 28213.08
8387.35 28203.29
8395.70 28193.78
8403.51 28184.90
8412.07 28175.37
8419.97 28166.59
8427.91 28157.80
8436.52 28148.36
8444.97 28139.10
8453.64 28129.59
8461.70 28120.76
8470.36 28111.27
8479.12 28101.67
8487.82 28092.14
8496.31 28082.83
8504.37 28074.00
8512.75 28064.82
8521.11 28055.66
8529.04 28046.96
8537.79 28037.37
8546.43 28027.89
8554.52 28019.02
8568.99 28003.65
8577.48 27994.82
8585.59 27986.39
8593.56 27978.10
8601.81 27969.53
8610.30 27960.70
8618.12 27952.11
8626.59 27942.81
8635.01 27933.56
8643.31 27924.45
8651.13 27915.86
8659.60 27906.56
8667.40 27898.00
8675.73 27888.84
8684.18 27879.56
8692.18 27870.78
8700.63 27861.50
8708.44 27852.92
8716.70 27843.84
8724.76 27835.00
8733.01 27825.93
8741.13 27817.02
8749.47 27807.85
8757.61 27798.92
8765.66 27789.97
8773.54 27780.71
8781.12 27771.81
8789.35 27762.13
8804.13 27745.19
8812.02 27736.31
8819.52 27727.86
8827.03 27719.41
8834.51 27710.99
8842.39 27701.98
8849.68 27693.61
8863.99 27677.41
8871.49 27669.20
8878.79 27661.20
8886.41 27652.85
8894.61 27643.88
8904.69 27632.84
8915.86 27620.60
8928.16 27607.13
8939.84 27594.34
8951.80 27581.25
8963.98 27567.91
8975.50 27555.29
8987.76 27541.86
8999.81 27528.66
9011.56 27515.80
9023.19 27503.04
9034.82 27490.26
9046.38 27477.55
9058.45 27464.29
9070.05 27451.53
9082.25 27438.13
9094.53 27424.63
9106.45 27411.53
9117.57 27397.26
9128.70 27382.88
9140.21 27368.88
9151.16 27354.30
9161.94 27339.90
9172.24 27325.17
9182.44 27309.90
9192.47 27294.89
9202.13 27280.44
9211.85 27265.90
9221.94 27250.79
9231.48 27236.53
9241.41 27221.66
9251.26 27206.92
9261.30 27191.91
9271.01 27177.39
9281.78 27161.26
9293.73 27143.37
9307.68 27123.94
9323.37 27102.95
9338.63 27082.52
9353.62 27062.47
9368.76 27042.20
9383.92 27021.92
9399.06 27001.66
9414.05 26981.59
9429.28 26961.22
9444.78 26940.48
9459.82 26920.35
9473.63 26899.08
9485.63 26876.58
9497.45 26854.40
9509.29 26832.19
9521.36 26809.75
9533.75 26788.00
9546.36 26765.86
9560.23 26744.93
9575.41 26723.84
9591.61 26703.76
9608.59 26685.12
9626.12 26666.53
9643.60 26648.57
9661.53 26630.66
9679.99 26612.22
9698.08 26594.14
9716.35 26575.89
9734.33 26557.93
9752.06 26540.21
9769.84 26522.44
9787.84 26504.46
9806.33 26485.99
9824.21 26467.87
9842.17 26448.78
9859.78 26430.06
9876.48 26411.23
9892.29 26390.57
9907.76 26370.37
9922.52 26349.69
9933.45 26326.65
9944.69 26302.95
9955.58 26280.00
9966.77 26256.42
9977.67 26233.44
9988.41 26210.79
9999.19 26188.06
10011.53 26165.77
10024.48 26143.36
10037.42 26120.96
10051.05 26099.37
10066.01 26078.13
10079.02 26059.66
10089.53 26044.61
10099.91 26029.68
10109.62 26015.69
10116.57 26005.27
10123.16 25994.43
10129.62 25983.79
10136.21 25972.96
10142.65 25962.37
10148.80 25951.49
10154.84 25940.66
10160.67 25929.72
10166.08 25919.28
10171.89 25908.09
10166.58 25885.38
10162.87 25878.37
10158.82 25870.73
10154.81 25863.16
10150.95 25855.87
10137.59 25849.20
10125.25 25848.29
10113.05 25847.24
10100.15 25846.05
10088.35 25844.96
10075.56 25843.78
10063.73 25842.69
10050.81 25841.51
10037.91 25840.32
10026.12 25839.23
10013.40 25838.06
10001.16 25836.93
9988.85 25835.80
9977.05 25834.71
9964.34 25833.54
9952.15 25832.42
9939.24 25831.23
9926.68 25830.04
9914.95 25828.81
9902.55 25827.50
9890.32 25826.33
9877.92 25825.20
9865.21 25824.03
9853.29 25822.94
9840.98 25821.82
9828.29 25820.65
9816.27 25819.56
9803.79 25818.41
9791.78 25817.31
9779.09 25816.15
9766.36 25814.99
9754.18 25813.87
9741.99 25812.76
9730.09 25811.67
9718.31 25810.59
9706.52 25809.52
9694.74 25808.44
9682.58 25807.33
9669.64 25806.14
9657.39 25805.02
9645.50 25803.93
9633.40 25802.86
9621.29 25801.92
9608.91 25800.97
9596.16 25799.98
9583.78 25799.03
9572.01 25798.12
9559.67 25797.16
9547.67 25796.24
9535.09 25795.27
9522.84 25794.32
9510.27 25793.35
9498.53 25792.44
9486.82 25791.54
9474.88 25790.62
9462.95 25789.70
9450.89 25788.77
9437.99 25787.77
9426.04 25786.85
9413.76 25785.90
9400.82 25784.90
9388.60 25783.96
9376.47 25783.02
9363.55 25782.02
9351.81 25781.12
9339.38 25780.16
9327.67 25779.29
9314.96 25778.43
9302.61 25777.60
9290.62 25776.80
9278.02 25775.95
9265.93 25775.14
9253.76 25774.32
9241.11 25773.47
9228.26 25772.60
9216.52 25771.81
9204.76 25771.02
9192.50 25770.20
9179.93 25769.35
9167.21 25768.50
9154.78 25767.66
9142.54 25766.84
9129.66 25765.97
9117.53 25765.15
9105.23 25764.33
9093.63 25760.24
9080.75 25759.47
9068.86 25759.11
9056.12 25758.72
9043.13 25758.33
9030.73 25757.95
9018.48 25757.57
9005.51 25757.18
8992.65 25756.79
8980.88 25756.43
8968.13 25756.05
8956.39 25755.29
8943.68 25754.34
8931.33 25753.41
8919.07 25752.10
8906.27 25750.66
8893.76 25749.10
8881.15 25746.92
8868.92 25744.81
8857.09 25742.66
8844.51 25740.32
8836.31 25738.80
8826.54 25720.31
8829.56 25709.64
8832.66 25698.71
8832.83 25685.98
8836.13 25674.33
8839.18 25663.57
8842.57 25652.74
8846.30 25641.15
8849.88 25630.05
8853.41 25619.08
8857.12 25607.59
8860.54 25596.98
8864.06 25586.05
8867.59 25575.08
8870.70 25563.87
8873.81 25552.16
8875.89 25544.33
8872.51 25532.31
8869.55 25522.97
8871.67 25512.90
8878.96 25505.82
8890.33 25498.29
8892.01 25485.83
8893.64 25473.71
8894.00 25461.20
8894.19 25449.07
8893.80 25437.16
8892.98 25424.86
8891.35 25412.09
8889.24 25400.13
8886.52 25388.71
8883.58 25376.37
8879.95 25364.55
8875.79 25352.59
8870.88 25341.16
8866.25 25330.37
8861.79 25319.35
8857.44 25308.46
8853.53 25296.25
8850.55 25284.42
8847.18 25272.68
8843.91 25260.97
8840.98 25248.40
8838.69 25236.13
8836.79 25223.47
8835.38 25211.31
8834.18 25199.32
8833.28 25187.16
8832.68 25175.44
8832.25 25162.87
8832.26 25150.53
8832.41 25138.73
8833.31 25126.84
8834.23 25114.69
8836.34 25103.15
8839.25 25090.89
8842.26 25078.26
8845.95 25066.98
8849.71 25055.57
8853.70 25043.65
8857.92 25031.40
8862.46 25019.27
8867.78 25007.63
8873.00 24996.21
8879.24 24985.09
8885.98 24974.06
8892.32 24963.93
8899.48 24953.29
8906.63 24942.67
8914.16 24932.32
8921.76 24922.23
8929.26 24912.28
8936.71 24902.37
8944.38 24892.55
8951.92 24883.05
8959.76 24874.53
8964.95 24869.61
8974.39 24856.75
