6821.33 26873.70
6821.35 26872.81
6821.40 26870.87
6821.47 26867.66
6820.90 26863.26
6820.22 26858.13
6819.79 26855.50
6823.24 26855.97
6823.87 26860.59
6824.65 26866.48
6824.63 26873.64
6820.19 26893.96
6815.93 26907.26
6811.84 26920.28
6807.54 26933.92
6803.37 26947.19
6799.13 26960.66
6795.01 26973.78
6791.01 26986.47
6786.81 26999.83
6782.89 27013.00
6778.97 27026.97
6775.27 27040.14
6771.39 27053.92
6767.77 27066.81
6763.84 27080.80
6760.12 27094.07
6756.44 27107.21
6752.72 27121.18
6749.03 27135.02
6745.84 27147.03
6743.73 27154.97
6742.43 27160.01
6747.91 27166.22
6752.65 27170.27
6755.59 27177.03
6747.84 27194.36
6740.72 27196.62
6725.92 27189.87
6722.82 27181.30
6709.62 27173.93
6697.73 27170.60
6685.16 27167.09
6673.39 27163.80
6650.29 27157.20
6638.16 27153.20
6626.95 27149.43
6615.84 27145.39
6604.79 27141.38
6589.39 27134.79
6575.44 27128.71
6560.19 27122.07
6543.86 27114.30
6526.39 27105.60
6509.14 27096.24
6491.39 27085.79
6473.71 27075.19
6457.18 27064.64
6440.52 27053.06
6424.75 27041.38
6408.47 27028.98
6392.70 27016.67
6377.02 27003.08
6362.08 26989.75
6346.79 26975.72
6332.82 26961.87
6318.88 26947.58
6305.60 26933.30
6292.35 26917.80
6279.46 26902.17
6266.80 26886.14
6255.41 26869.83
6244.14 26853.53
6232.84 26836.95
6222.16 26820.51
6211.80 26803.27
6202.38 26786.03
6194.03 26769.60
6187.56 26756.90
6182.81 26748.34
6180.18 26743.71
6168.84 26739.39
6164.30 26737.97
6154.57 26719.74
6156.85 26713.04
6157.87 26698.92
6153.10 26685.88
6148.41 26672.34
6144.02 26658.88
6139.93 26646.11
6135.76 26632.89
6131.92 26619.84
6128.64 26605.79
6125.52 26592.36
6122.48 26579.32
6119.43 26566.24
6116.62 26550.86
6114.04 26533.61
6111.16 26514.41
6108.79 26494.27
6106.70 26474.44
6105.12 26454.40
6103.91 26434.20
6102.86 26413.46
6101.83 26393.27
6100.81 26373.18
6099.80 26353.23
6098.78 26333.24
6097.69 26312.92
6096.59 26293.15
6095.50 26273.54
6094.40 26252.84
6093.54 26232.58
6092.66 26212.05
6091.80 26191.81
6090.97 26172.06
6090.19 26153.67
6089.61 26140.15
6089.07 26128.11
6088.53 26115.89
6087.96 26103.04
6087.41 26090.49
6086.84 26077.57
6086.28 26064.85
6079.08 26039.36
6073.63 26032.99
6086.72 26020.77
6085.29 26008.36
6083.86 25996.05
6082.15 25983.47
6079.45 25970.74
6076.75 25958.11
6073.97 25945.19
6070.29 25931.08
6065.25 25918.29
6060.08 25905.17
6054.97 25892.21
6048.93 25880.10
6042.52 25867.33
6033.57 25853.03
6028.75 25842.86
6023.96 25832.75
6019.12 25822.57
6014.27 25812.34
6009.78 25802.87
6005.23 25793.27
6002.04 25786.54
5999.93 25782.10
5987.11 25756.09
5982.51 25748.40
5976.95 25739.11
5970.82 25728.88
5964.62 25718.51
5958.01 25708.43
5951.20 25698.76
5944.53 25689.29
5937.76 25679.67
5930.86 25669.87
5924.22 25660.44
5917.73 25651.22
5911.11 25641.81
5904.46 25632.39
5899.47 25625.51
5896.65 25621.63
5869.50 25591.91
5864.66 25588.82
5858.79 25585.46
5851.47 25581.98
5842.76 25580.14
5833.16 25580.94
5815.49 25590.42
5806.15 25604.14
5796.88 25617.75
5787.97 25630.82
5779.13 25643.81
5770.14 25657.01
5762.61 25671.65
5760.26 25687.94
5762.21 25704.06
5771.21 25717.50
5783.96 25726.66
5800.24 25730.06
5815.73 25727.73
5829.25 25719.30
5839.22 25706.45
5845.47 25691.40
5851.06 25675.97
5856.49 25660.95
5870.24 25628.73
5875.18 25610.28
5880.72 25589.54
5886.85 25566.62
5894.28 25541.82
5902.29 25515.08
5910.97 25486.10
5919.95 25451.64
5930.59 25418.60
5941.77 25383.89
5953.80 25347.67
5966.78 25309.79
5981.03 25269.69
5996.86 25227.88
6013.82 25184.75
6031.74 25139.90
6051.10 25093.47
6071.61 25045.51
6093.69 24995.58
6116.28 24945.98
6139.69 24896.48
6164.00 24847.60
6189.05 24799.41
6214.94 24750.30
6240.89 24702.16
6268.48 24655.10
6297.04 24608.03
6325.56 24561.01
6354.25 24514.54
6383.77 24467.76
6413.01 24421.42
6443.35 24374.97
6474.60 24329.39
6505.82 24283.84
6537.48 24239.13
6570.92 24194.80
6603.62 24151.44
6638.64 24109.04
6674.49 24068.10
6711.00 24026.40
6747.33 23984.90
6783.87 23943.17
6820.00 23901.90
6856.21 23860.55
6892.27 23819.37
6929.99 23778.94
6967.66 23738.62
7005.48 23698.14
7043.04 23657.93
7080.51 23617.82
7119.51 23578.94
7159.06 23540.29
7197.32 23500.65
7235.35 23461.24
7273.47 23421.74
7311.21 23382.63
7349.45 23343.01
7387.64 23303.44
7425.97 23263.72
7464.07 23224.25
7502.09 23184.85
7540.56 23145.11
7578.03 23104.96
7615.33 23064.54
7652.81 23023.91
7689.88 22983.73
7727.10 22943.39
7764.20 22903.17
7801.18 22863.09
7837.87 22822.25
7874.40 22780.92
7913.22 22741.98
7949.48 22700.96
7983.88 22662.04
8015.82 22625.90
8044.93 22592.97
8071.53 22562.87
8095.30 22535.85
8117.64 22509.26
8139.93 22482.76
8162.66 22455.71
8185.19 22428.91
8207.61 22402.23
8230.02 22375.57
8252.35 22349.00
8274.71 22322.40
8297.66 22295.09
8320.22 22268.25
8342.99 22241.16
8365.50 22213.83
8387.99 22186.42
8410.38 22159.13
8432.46 22132.22
8452.54 22107.75
8470.57 22085.32
8488.14 22063.45
8505.56 22041.77
8523.15 22019.86
8540.86 21997.82
8558.45 21975.37
8575.46 21953.14
8592.18 21931.15
8609.26 21908.69
8626.60 21885.88
8643.75 21863.33
8661.02 21840.62
8677.86 21818.47
8694.84 21796.14
8711.61 21774.09
8729.05 21751.50
8746.44 21729.24
8763.37 21707.57
8780.45 21685.70
8797.70 21663.63
8815.22 21641.20
8832.37 21619.25
8849.54 21597.07
8866.49 21575.10
8883.93 21552.51
8901.42 21529.85
8939.75 21482.25
8957.22 21458.97
8974.84 21435.48
8992.55 21411.89
9007.68 21386.23
9022.85 21360.53
9040.25 21337.73
9058.04 21315.00
9076.07 21291.96
9094.30 21268.63
9111.87 21245.99
9128.72 21218.97
9145.57 21197.26
9162.52 21175.43
9178.68 21154.60
9193.81 21134.82
9206.07 21116.74
9218.80 21099.16
9231.61 21081.03
9244.35 21062.82
9257.61 21044.72
9280.23 21011.27
9291.57 20992.80
9301.90 20974.54
9310.96 20955.64
9318.68 20935.43
9323.66 20914.98
9326.58 20893.92
9327.42 20872.11
9325.97 20851.20
9323.74 20830.00
9319.83 20808.70
9314.62 20787.88
9308.28 20766.76
9301.06 20746.20
9293.11 20726.59
9283.54 20707.76
9271.50 20690.11
9257.83 20674.21
9242.19 20660.13
9225.20 20647.81
9207.12 20635.47
9188.56 20624.19
9169.42 20614.47
9150.18 20604.70
9131.47 20595.20
9112.70 20585.52
9093.70 20575.58
9074.70 20565.65
9055.76 20555.74
9036.50 20545.72
8982.36 20518.68
8959.34 20508.45
8934.05 20497.60
8907.02 20486.24
8880.31 20474.95
8853.26 20462.70
8826.89 20450.76
8799.76 20438.48
8773.55 20426.61
8746.72 20414.45
8720.37 20402.59
8693.88 20390.78
8666.69 20378.65
8639.55 20366.55
8613.42 20354.89
8586.31 20342.80
8559.85 20330.85
8533.15 20318.73
8506.60 20306.67
8480.22 20294.70
8454.13 20282.86
8427.15 20270.61
8400.57 20258.54
8373.35 20246.19
8347.02 20234.24
8320.00 20221.97
8293.86 20210.10
8266.82 20197.83
8240.12 20185.71
8214.02 20173.86
8187.76 20161.96
8160.69 20149.71
8133.84 20137.56
8106.86 20125.35
8080.15 20113.26
8053.40 20101.16
8026.32 20088.90
8000.02 20077.00
7973.33 20064.92
7946.37 20052.72
7919.24 20040.44
7892.92 20028.53
7865.85 20016.28
7839.02 20003.96
7812.19 19991.39
7785.49 19978.89
7758.48 19966.24
7731.77 19953.73
7705.43 19941.39
7678.85 19928.94
7652.69 19915.57
7626.85 19901.21
7600.86 19886.76
7575.44 19872.63
7549.93 19858.45
7524.48 19844.30
7499.60 19829.28
7475.31 19813.53
7450.27 19797.30
7426.07 19781.18
7401.91 19763.85
7378.56 19747.11
7354.30 19729.71
7331.31 19711.87
7309.00 19693.71
7286.29 19675.22
7263.14 19656.36
7240.41 19637.77
7217.96 19619.30
7196.99 19599.53
7175.34 19579.13
7154.38 19559.37
7133.44 19538.47
7113.09 19516.70
7092.75 19494.95
7073.07 19473.89
7053.33 19452.78
7034.35 19430.21
7016.06 19408.05
6997.37 19385.40
6979.44 19362.16
6961.46 19338.52
6943.86 19314.75
6926.76 19291.01
6909.50 19267.04
6893.08 19243.27
6876.83 19218.95
6861.29 19194.63
6846.25 19170.16
6831.62 19145.26
6816.71 19119.78
6802.32 19091.48
6789.02 19066.00
6775.84 19040.74
6762.35 19014.89
6749.12 18989.52
6734.84 18960.39
6723.78 18933.95
6712.74 18907.58
6701.92 18881.40
6691.06 18854.96
6679.99 18827.99
6670.64 18801.24
6661.41 18773.33
6652.25 18745.58
6643.54 18717.62
6635.08 18689.88
6627.23 18662.53
6619.38 18634.12
6612.11 18606.55
6604.85 18578.96
6598.52 18551.31
6592.25 18523.59
6585.71 18494.73
6579.86 18466.18
6575.60 18435.01
6571.53 18406.70
6567.37 18377.76
6563.31 18349.11
6560.48 18320.84
6557.64 18292.51
6555.22 18263.26
6553.69 18234.28
6550.45 18202.31
6549.14 18172.77
6547.87 18144.00
6546.57 18114.55
6545.27 18085.12
6544.46 18055.92
6543.92 18026.23
6543.38 17996.56
6543.39 17967.06
6543.74 17938.18
6544.10 17908.92
6544.46 17879.77
6544.90 17850.05
6545.78 17821.37
6546.70 17791.59
6547.61 17761.83
6548.51 17732.62
6549.40 17703.82
6550.30 17674.53
6551.20 17645.55
6552.08 17616.86
6552.96 17588.19
6553.90 17558.88
6554.85 17529.43
6555.77 17501.40
6556.71 17472.44
6557.63 17444.11
6558.50 17417.34
6562.63 17389.90
6563.34 17360.53
6564.04 17331.38
6564.75 17301.70
6565.46 17271.87
6566.16 17242.66
6566.44 17213.80
6566.56 17183.91
6566.67 17154.56
6566.79 17125.07
6566.90 17095.79
6566.92 17066.85
6566.43 17037.37
6565.95 17008.45
6565.47 16979.86
6564.99 16950.94
6564.50 16921.53
6563.56 16892.36
6562.40 16863.74
6557.93 16834.95
6556.73 16805.20
6555.54 16775.88
6554.21 16746.26
6552.56 16717.25
6550.92 16688.28
6549.28 16659.15
6547.62 16629.97
6545.95 16600.43
6543.86 16571.19
6541.50 16542.23
6539.14 16513.35
6536.80 16484.69
6534.44 16455.90
6532.09 16427.08
6529.66 16397.31
6527.25 16367.82
6524.91 16339.21
6522.58 16310.68
6519.57 16281.82
6516.52 16253.30
6513.35 16223.65
6510.26 16194.75
6507.22 16166.30
6504.15 16137.62
6501.08 16108.98
6497.92 16079.42
6494.80 16050.26
6491.64 16020.73
6488.47 15991.04
6485.39 15962.26
6482.31 15933.44
6479.25 15904.84
6476.15 15875.87
6473.33 15846.25
6470.57 15816.94
6467.88 15788.32
6465.23 15758.94
6462.76 15729.83
6460.31 15701.08
6457.80 15671.56
6455.32 15642.38
6452.80 15612.71
6450.34 15583.85
6447.90 15555.15
6446.11 15525.48
6444.34 15495.84
6442.57 15466.18
6440.85 15437.20
6439.12 15408.22
6437.36 15378.56
6435.90 15348.86
6434.47 15319.63
6433.04 15290.41
6431.64 15261.77
6430.22 15232.79
6428.86 15203.61
6427.97 15174.23
6427.07 15144.90
6426.16 15115.08
6425.28 15086.06
6424.40 15057.41
6423.52 15028.58
6422.55 14999.28
6421.57 14970.60
6420.57 14941.56
6419.57 14912.36
6418.56 14883.06
6417.57 14854.11
6416.54 14824.27
6415.55 14795.39
6414.54 14765.80
6413.54 14736.66
6412.53 14707.41
6411.50 14678.36
6409.63 14649.14
6407.74 14619.63
6405.87 14590.57
6403.99 14561.21
6402.15 14532.63
6400.24 14502.85
6398.33 14473.12
6396.47 14444.19
6394.61 14415.11
6392.71 14385.50
6390.84 14356.32
6385.52 14324.15
6383.75 14296.61
6381.98 14268.95
6380.29 14242.74
6378.34 14217.31
6376.24 14195.63
6374.07 14173.24
6371.93 14151.09
6370.20 14133.24
6367.37 14119.36
6363.73 14105.36
6357.12 14093.23
6347.77 14082.64
6335.51 14076.35
6321.07 14074.17
6307.19 14076.79
6294.84 14083.50
6284.35 14094.06
6273.40 14105.83
6261.56 14118.53
6249.68 14131.30
6238.48 14143.56
6227.14 14156.00
6218.74 14170.08
6210.48 14179.12
6202.62 14187.71
6194.37 14196.74
6186.31 14205.70
6178.31 14214.73
6170.60 14223.43
6161.28 14257.51
6167.00 14264.18
6185.13 14274.91
6196.79 14274.87
6208.74 14274.84
6220.35 14274.81
6243.16 14274.33
6256.51 14273.89
6269.79 14273.45
6283.06 14273.01
6296.11 14272.59
6310.34 14272.12
6323.77 14271.68
6337.26 14271.24
6350.73 14270.80
6364.30 14269.69
6423.07 14270.66
6424.80 14271.38
6426.53 14272.09
6428.00 14272.70
6429.05 14273.15
6449.34 14263.27
6454.12 14263.08
6458.47 14262.91
6461.75 14262.78
6463.47 14262.71
6483.49 14261.74
6492.70 14261.04
6503.91 14260.17
6516.76 14259.17
6530.58 14258.09
6543.70 14257.07
6557.74 14256.10
6571.06 14255.20
6584.74 14254.29
6598.49 14253.36
6612.49 14252.42
6618.62 14261.56
6617.99 14265.24
6617.70 14266.76
6617.70 14266.79
6617.69 14266.81
6617.69 14266.81
6617.69 14266.81
6617.69 14266.81
6617.69 14266.81
6617.69 14266.81
6617.69 14266.81
6617.69 14266.81
6617.69 14266.81
6617.69 14266.81
6617.69 14266.81
6615.09 14278.92
6614.88 14281.70
6614.54 14286.10
6614.11 14291.81
6614.19 14299.28
6614.46 14307.84
6616.54 14327.37
6618.33 14339.02
6620.18 14351.08
6622.11 14363.15
6624.04 14374.84
6627.97 14396.86
6630.24 14409.01
6632.50 14421.18
6634.79 14433.47
6637.18 14446.30
6639.59 14459.29
6642.92 14479.20
6644.13 14487.66
6646.11 14509.94
6647.09 14523.02
6648.12 14536.88
6649.43 14550.56
6650.78 14563.85
6652.13 14577.08
6653.50 14591.05
6654.82 14604.91
6656.16 14619.13
6657.28 14632.46
6658.37 14646.08
6659.47 14659.85
6660.25 14673.21
6661.00 14687.31
6661.74 14701.28
6662.48 14715.22
6663.54 14738.50
6664.03 14752.05
6664.54 14765.39
6665.17 14779.58
6665.80 14793.53
6666.41 14807.17
6667.06 14821.53
6667.67 14835.08
6668.30 14849.21
6668.91 14862.75
6669.56 14877.18
6670.21 14891.66
6668.20 14905.79
6666.11 14920.10
6662.13 14933.71
6657.29 14946.77
6651.73 14960.08
6645.07 14972.96
6638.65 14985.37
6632.62 14997.47
6626.31 15009.76
6619.94 15022.01
6613.53 15034.40
6607.32 15047.52
6602.19 15059.96
6597.21 15072.79
6589.80 15094.96
6586.18 15107.83
6582.35 15121.43
6579.31 15134.98
6576.70 15148.89
6575.43 15162.62
6574.37 15176.95
6573.37 15190.32
6572.16 15203.69
6570.85 15217.42
6569.51 15231.54
6568.14 15245.88
6566.80 15259.99
6565.48 15273.86
6563.65 15287.44
6561.75 15301.16
6559.79 15315.42
6557.61 15329.78
6553.55 15343.23
6549.40 15356.71
6545.12 15368.08
6542.37 15375.36
6540.35 15378.48
6526.71 15380.62
6519.43 15377.95
6510.10 15374.79
6498.55 15372.17
6485.35 15369.86
6472.17 15368.32
6458.20 15366.92
6444.81 15365.58
6432.37 15364.34
6423.95 15363.40
6415.76 15362.33
6408.36 15361.35
6400.89 15360.37
6393.59 15359.42
6385.59 15358.37
6378.09 15357.38
6369.91 15356.31
6361.44 15355.20
6353.18 15354.11
6345.74 15353.14
6338.46 15352.18
6330.94 15351.19
6313.69 15348.97
6305.70 15347.98
6298.20 15347.05
6290.76 15346.12
6283.27 15345.19
6275.71 15344.25
6267.46 15343.22
6259.05 15342.17
6250.94 15341.17
6243.67 15340.26
6236.30 15339.34
6228.85 15338.42
6220.50 15337.38
6212.72 15336.41
6204.93 15335.44
6197.60 15334.53
6189.63 15333.54
6182.06 15332.60
6173.76 15331.56
6165.32 15330.51
6157.61 15329.56
6149.83 15328.59
6141.74 15327.58
6124.52 15325.54
6117.20 15324.80
6109.63 15324.03
6101.56 15323.22
6094.22 15322.47
6086.41 15321.68
6078.40 15320.87
6070.61 15320.08
6062.69 15319.28
6054.47 15318.45
6046.55 15317.65
6039.01 15316.89
6030.80 15316.06
6023.61 15315.33
6016.38 15314.60
6008.67 15313.82
6000.79 15313.02
5993.22 15312.25
5984.93 15311.41
