17209.53 3415.67
17209.20 3413.29
17208.67 3409.52
17207.85 3403.65
17206.75 3395.80
17205.36 3385.90
17203.75 3374.40
17201.93 3361.41
17200.03 3347.80
17197.88 3333.38
17195.72 3318.86
17193.61 3304.71
17191.41 3289.99
17189.38 3276.35
17187.29 3262.36
17185.52 3250.51
17184.42 3242.88
17183.83 3238.62
17187.70 3242.55
17188.86 3250.52
17190.34 3260.47
17192.18 3272.82
17194.29 3286.95
17196.46 3301.53
17198.57 3315.63
17200.64 3329.51
17202.79 3343.90
17204.81 3358.18
17206.86 3372.82
17208.82 3386.81
17210.81 3401.03
17212.74 3414.75
17216.31 3439.61
17218.39 3454.01
17220.54 3468.98
17222.70 3483.97
17224.73 3498.05
17226.74 3512.00
17228.81 3526.40
17230.97 3541.38
17233.10 3556.19
17235.19 3570.70
17237.18 3584.50
17239.20 3598.56
17241.21 3612.48
17243.33 3627.24
17245.33 3641.13
17247.37 3655.25
17249.36 3669.09
17251.31 3683.34
17254.84 3707.38
17257.23 3721.95
17259.62 3736.54
17261.96 3750.75
17264.57 3764.55
17267.19 3778.35
17269.91 3792.75
17275.22 3806.60
17281.10 3819.97
17288.05 3833.00
17295.18 3844.92
17302.78 3857.64
17310.19 3870.05
17317.82 3882.80
17325.03 3894.87
17332.52 3907.40
17339.96 3919.85
17350.17 3938.56
17359.17 3954.46
17366.75 3966.73
17374.37 3979.06
17382.05 3991.49
17389.87 4004.15
17397.67 4016.76
17405.64 4029.61
17413.34 4042.02
17420.76 4053.99
17428.12 4065.85
17435.65 4077.43
17443.71 4089.49
17457.67 4105.81
17466.73 4114.73
17476.65 4122.96
17486.93 4130.54
17497.15 4137.18
17507.21 4143.43
17518.12 4149.49
17528.91 4155.43
17538.17 4161.91
17547.66 4168.64
17557.02 4176.47
17565.68 4184.11
17573.74 4192.26
17582.61 4200.28
17591.26 4207.76
17600.17 4215.47
17609.16 4223.25
17618.34 4231.18
17627.41 4239.03
17637.15 4247.45
17646.34 4255.12
17656.13 4263.09
17672.35 4276.40
17681.35 4283.84
17689.37 4290.76
17697.78 4298.47
17706.42 4306.41
17715.64 4314.88
17724.40 4322.23
17733.84 4330.01
17742.55 4337.13
17751.94 4344.65
17760.23 4351.37
17778.44 4365.25
17788.02 4371.02
17799.13 4375.40
17812.29 4377.72
17823.88 4378.76
17835.30 4379.27
17847.49 4379.48
17860.23 4379.70
17871.83 4380.16
17883.98 4381.28
17895.06 4382.75
17906.59 4385.47
17919.24 4388.80
17930.39 4392.29
17942.12 4396.82
17953.18 4401.84
17963.54 4408.50
17973.49 4415.48
17983.63 4422.60
17992.38 4431.22
18001.48 4440.18
18009.71 4448.82
18018.10 4457.75
18026.27 4467.68
18033.89 4477.41
18041.64 4487.30
18048.85 4496.51
18056.10 4505.77
18063.36 4515.03
18071.85 4523.90
18080.84 4531.32
18091.49 4538.26
18102.49 4545.07
18113.97 4550.37
18125.75 4555.29
18136.40 4559.05
18147.84 4563.10
18159.16 4567.19
18171.58 4571.79
18182.58 4575.87
18193.64 4580.98
18204.58 4586.50
18215.44 4591.97
18226.01 4597.67
18235.93 4604.02
18245.35 4610.03
18256.04 4616.86
18266.27 4623.39
18276.47 4629.91
18285.92 4635.95
18295.67 4642.49
18305.39 4649.32
18315.72 4656.57
18325.95 4663.76
18336.26 4671.00
18346.15 4677.95
18355.75 4684.69
18365.69 4692.29
18375.21 4700.02
18385.20 4708.14
18394.30 4715.53
18403.55 4723.04
18413.15 4730.84
18421.83 4738.39
18430.54 4746.02
18440.27 4754.55
18449.85 4762.94
18458.82 4770.82
18468.48 4779.32
18477.54 4787.28
18486.56 4795.22
18496.32 4803.80
18505.36 4811.75
18514.21 4819.53
18523.63 4827.82
18540.13 4842.21
18549.04 4849.88
18558.41 4857.95
18567.52 4865.79
18576.52 4873.54
18585.81 4881.55
18595.03 4889.40
18603.98 4896.65
18613.02 4903.99
18622.08 4911.34
18631.07 4918.63
18640.51 4926.28
18651.01 4934.79
18660.86 4942.33
18670.02 4949.24
18679.43 4956.34
18689.57 4963.99
18700.13 4971.96
18709.66 4979.15
18719.12 4986.28
18728.30 4993.21
18737.85 5000.42
18747.07 5007.37
18756.93 5014.82
18766.09 5021.73
18775.69 5028.98
18785.56 5036.73
18795.25 5044.37
18805.07 5052.12
18815.23 5060.13
18824.20 5067.20
18833.86 5074.81
18843.60 5082.49
18852.30 5089.35
18861.87 5096.90
18878.02 5110.18
18887.61 5118.45
18896.88 5125.95
18905.78 5133.35
18914.89 5141.01
18923.11 5147.92
18932.48 5155.67
18941.73 5162.91
18950.21 5169.55
18959.05 5176.48
18968.25 5183.50
18976.92 5190.05
18990.75 5193.97
18997.09 5185.69
19003.92 5176.79
19010.40 5168.35
19016.81 5159.99
19023.16 5151.71
19027.15 5146.65
19031.05 5141.73
19044.83 5134.87
19053.67 5135.50
19062.76 5136.15
19068.62 5136.57
19074.12 5136.97
19077.42 5137.20
19082.51 5130.17
19085.10 5124.23
19088.85 5117.32
19102.82 5105.22
19113.97 5101.41
19126.49 5100.22
19138.09 5101.14
19146.20 5101.78
19153.01 5102.33
19156.70 5102.62
19176.01 5116.00
19180.58 5116.87
19184.97 5120.96
19190.07 5125.97
19203.60 5139.27
19211.87 5147.39
19219.92 5155.77
19234.26 5171.51
19243.03 5181.08
19251.26 5190.05
19259.47 5199.00
19274.20 5215.45
19282.48 5224.77
19290.87 5234.21
19299.47 5243.89
19315.41 5261.30
19324.78 5270.95
19333.76 5280.20
19342.72 5289.43
19352.05 5298.84
19361.60 5308.35
19370.86 5317.56
19387.20 5334.36
19396.84 5344.38
19406.96 5354.89
19416.63 5364.94
19426.83 5375.54
19436.37 5385.45
19446.19 5395.66
19456.24 5406.11
19466.25 5416.51
19475.86 5426.49
19485.59 5436.60
19502.40 5454.04
19511.75 5463.73
19520.78 5473.08
19530.04 5482.68
19539.79 5492.77
19549.28 5502.60
19567.63 5516.99
19576.83 5526.79
19585.81 5536.35
19595.12 5546.27
19604.25 5555.99
19613.11 5565.42
19628.90 5581.92
19638.06 5591.32
19647.11 5600.61
19662.60 5617.09
19670.60 5626.37
19679.22 5636.25
19687.29 5645.52
19695.74 5654.21
19712.89 5670.67
19722.30 5679.84
19732.28 5689.57
19742.08 5699.15
19751.57 5708.42
19761.66 5718.28
19771.46 5727.86
19787.75 5744.30
19796.92 5753.87
19806.39 5763.91
19815.98 5774.09
19825.03 5783.70
19834.20 5793.47
19843.72 5803.59
19859.70 5820.33
19869.64 5830.65
19879.66 5840.99
19889.07 5850.32
19899.25 5860.40
19906.51 5867.60
19910.86 5871.91
19912.97 5874.00
19913.00 5874.03
19913.00 5874.03
19913.00 5874.03
19913.00 5874.03
19913.00 5874.03
19913.00 5874.03
19913.00 5874.03
19913.96 5874.98
19915.81 5876.81
19926.10 5886.64
19930.45 5890.66
19934.97 5895.63
19939.12 5900.78
19943.52 5906.24
19948.19 5912.04
19952.52 5917.41
19956.07 5922.24
19959.81 5927.38
19964.10 5933.28
19968.00 5938.64
19972.07 5944.24
19976.03 5949.68
19979.67 5954.68
19983.60 5960.08
19987.89 5965.99
19992.00 5971.64
19998.37 5980.87
20001.54 5985.68
20004.04 5989.47
20007.18 5994.24
20010.08 5998.64
20013.00 6003.07
20016.04 6007.69
20019.31 6012.65
20024.63 6017.33
20030.45 6024.39
20037.09 6032.93
20043.78 6042.08
20049.96 6050.52
20056.51 6059.48
20063.14 6068.54
20069.27 6076.92
20075.50 6085.44
20082.10 6094.46
20093.52 6112.43
20098.51 6123.20
20100.07 6134.40
20104.62 6144.22
20109.12 6153.64
20113.50 6162.77
20118.07 6172.30
20122.62 6181.78
20127.64 6192.26
20132.84 6203.10
20137.42 6212.67
20142.01 6222.22
20146.92 6232.47
20152.07 6243.21
20156.82 6253.12
20161.73 6263.37
20183.73 6301.24
20188.00 6309.46
20192.39 6317.75
20196.63 6325.73
20200.92 6333.78
20204.89 6341.58
20212.60 6359.77
20216.49 6370.88
20220.31 6381.82
20224.55 6393.94
20228.51 6405.24
20232.20 6415.79
20236.27 6427.43
20239.85 6438.60
20243.48 6450.02
20249.26 6468.10
20251.72 6475.80
20254.44 6484.30
20260.20 6502.92
20263.39 6513.39
20266.56 6523.79
20272.79 6543.62
20276.34 6554.68
20279.92 6565.87
20283.51 6577.06
20286.95 6588.14
20289.61 6598.83
20291.85 6610.91
20292.70 6622.45
20293.53 6634.25
20293.22 6645.87
20292.91 6657.27
20292.77 6665.76
20292.72 6671.64
20292.71 6673.54
20292.70 6675.04
20292.69 6675.40
20292.69 6675.50
20292.69 6675.53
20292.69 6675.54
20292.69 6675.54
20292.69 6675.54
20292.69 6675.55
20292.69 6675.55
20292.69 6675.55
20292.69 6675.55
20292.69 6675.55
20292.69 6675.55
20292.69 6675.55
20292.69 6675.55
20292.69 6675.55
20292.69 6675.55
20292.69 6675.55
20292.69 6675.55
20292.69 6675.55
20292.69 6675.55
20292.69 6675.55
20292.69 6675.55
20292.69 6675.55
20292.69 6675.55
20292.69 6675.55
20292.69 6675.55
20292.68 6676.64
20292.66 6679.84
20293.12 6695.72
20293.53 6702.35
20294.85 6711.17
20297.67 6721.95
20302.13 6733.54
20307.97 6744.97
20313.71 6755.10
20320.55 6765.58
20328.10 6775.80
20335.74 6785.72
20343.55 6795.84
20350.84 6805.19
20358.96 6815.72
20365.97 6825.29
20373.38 6835.40
20380.36 6845.70
20386.40 6856.17
20392.20 6866.55
20398.35 6877.91
20404.61 6889.46
20410.37 6900.74
20415.91 6911.68
20421.81 6923.34
20427.59 6934.94
20433.04 6945.86
20438.27 6957.45
20442.68 6968.81
20447.21 6980.46
20451.97 6992.75
20456.55 7004.54
20461.04 7016.12
20465.71 7028.18
20470.50 7040.40
20475.52 7052.51
20480.37 7064.18
20486.08 7075.85
20491.49 7086.62
20496.92 7097.40
20502.77 7109.05
20509.37 7122.18
20515.41 7135.02
20521.59 7148.60
20527.66 7161.91
20536.64 7184.12
20540.34 7193.82
20543.95 7203.28
20547.26 7213.15
20550.51 7223.61
20554.14 7235.32
20557.91 7246.32
20562.61 7257.96
20567.11 7269.09
20571.98 7280.40
20577.43 7291.41
20583.06 7302.42
20590.10 7313.71
20596.96 7323.45
20603.97 7333.03
20612.31 7343.42
20620.38 7353.20
20628.60 7362.84
20637.04 7372.73
20644.81 7381.83
20653.21 7391.67
20660.65 7400.40
20667.46 7410.58
20674.44 7421.05
20681.19 7431.17
20688.18 7441.38
20695.13 7451.49
20701.92 7462.03
20707.73 7472.84
20721.18 7505.75
20722.34 7516.78
20722.78 7527.51
20723.24 7538.69
20723.99 7557.26
20724.58 7571.75
20725.16 7586.19
20725.70 7599.68
20726.27 7613.73
20726.84 7627.56
20727.42 7641.84
20727.98 7655.65
20728.55 7669.71
20729.66 7688.73
20730.48 7700.88
20731.05 7709.41
20731.38 7714.32
20731.53 7716.67
20731.76 7720.11
20732.92 7741.43
20733.23 7748.38
20733.61 7756.89
20733.99 7765.30
20734.44 7775.24
20734.86 7784.52
20735.53 7795.13
20736.42 7806.99
20737.33 7819.00
20738.10 7829.20
20738.62 7836.17
20738.88 7839.54
20738.96 7840.59
20739.02 7841.46
20739.03 7841.54
20739.03 7841.60
20739.03 7841.61
20739.17 7843.46
20739.44 7847.04
20739.78 7851.47
20740.39 7864.04
20740.72 7872.28
20741.14 7881.58
20741.66 7892.68
20742.22 7904.89
20742.73 7916.19
20742.84 7928.60
20742.92 7940.94
20742.97 7952.98
20743.14 7967.22
20743.80 7977.71
20744.49 7988.70
20745.16 7999.41
20745.70 8009.26
20746.07 8016.46
20746.24 8019.86
20746.26 8020.20
20746.26 8020.28
20746.26 8020.31
20746.26 8020.31
20746.26 8020.31
20746.26 8020.31
20746.26 8020.31
20746.26 8020.31
20746.26 8020.31
20746.26 8020.31
20746.26 8020.31
20746.26 8020.31
20746.26 8020.31
20746.26 8020.31
20746.26 8020.31
20746.32 8021.71
20746.37 8024.15
20746.74 8036.39
20746.83 8038.48
20746.11 8041.28
20748.16 8057.72
20745.74 8069.56
20746.76 8083.15
20747.76 8096.48
20748.75 8109.64
20749.24 8122.52
20749.58 8135.09
20749.90 8146.99
20750.45 8159.69
20750.84 8168.27
20751.17 8175.46
20751.52 8183.20
20751.97 8193.02
20752.46 8204.72
20752.82 8216.23
20753.16 8227.08
20752.66 8235.03
20752.17 8238.87
20751.98 8240.36
20751.95 8240.57
20751.93 8240.72
20751.80 8241.69
20751.42 8244.63
20749.99 8248.64
20749.30 8250.59
20749.16 8250.96
20749.15 8251.01
20749.13 8251.04
20749.13 8251.05
20749.13 8251.06
20749.13 8251.06
20749.13 8251.06
20749.13 8251.06
20749.13 8251.06
20749.13 8251.06
20749.13 8251.06
20749.13 8251.06
20749.13 8251.06
20749.13 8251.06
20749.13 8251.06
20749.13 8251.06
20749.13 8251.06
20749.13 8251.06
20728.87 8276.01
20728.01 8276.80
20726.38 8278.31
20724.04 8280.47
20723.36 8285.59
20719.86 8288.80
20703.78 8303.75
20693.96 8313.13
20683.57 8323.04
20673.36 8332.77
20662.83 8342.76
20652.82 8352.22
20642.62 8361.86
20632.88 8371.06
20625.84 8377.72
20621.30 8382.00
20619.83 8383.38
20619.69 8383.51
20619.68 8383.52
20619.68 8383.52
20619.68 8383.52
20619.68 8383.52
20619.68 8383.52
20619.68 8383.52
20619.68 8383.52
20619.68 8383.52
20619.68 8383.52
20619.68 8383.52
20619.68 8383.52
20619.68 8383.52
20619.68 8383.52
20619.68 8383.52
20619.68 8383.52
20619.68 8383.52
20619.68 8383.52
20619.68 8383.52
20619.68 8383.52
20619.68 8383.52
20619.68 8383.52
20619.68 8383.52
20619.68 8383.52
20619.68 8383.52
20619.68 8383.52
20619.68 8383.52
20619.68 8383.52
20619.68 8383.52
20619.16 8389.58
20618.74 8394.87
20622.54 8399.70
20627.40 8405.90
20633.62 8413.82
20640.23 8422.95
20647.76 8434.15
20655.43 8445.87
20662.60 8458.01
20668.09 8470.91
20672.42 8483.51
20677.86 8508.40
20679.72 8523.27
20681.87 8536.94
20684.17 8550.94
20687.82 8564.86
20694.70 8577.25
20702.46 8588.81
20710.36 8600.66
20718.10 8612.31
20725.94 8624.12
20734.13 8636.44
20741.79 8647.95
20748.13 8657.49
20752.29 8663.77
20754.53 8667.28
20763.58 8668.51
20765.34 8668.90
20765.84 8669.07
20774.30 8675.79
20774.66 8676.45
20775.01 8677.12
20775.47 8678.76
20780.32 8690.12
20783.79 8695.71
20788.22 8702.87
20793.51 8711.70
20799.71 8721.70
20806.58 8731.74
20814.05 8741.99
20821.43 8751.80
20839.12 8776.80
20846.18 8789.14
20851.93 8803.14
20856.55 8816.76
20861.02 8829.90
20864.50 8842.27
20867.75 8855.27
20870.96 8868.09
20873.93 8879.95
20876.95 8892.02
20879.77 8903.28
20882.49 8914.24
20885.45 8926.26
20888.53 8938.80
20891.25 8949.91
20894.09 8961.48
20896.91 8972.91
20899.89 8985.03
20902.70 8996.51
20905.52 9007.98
20908.49 9020.05
20911.10 9030.67
20913.88 9042.01
20916.74 9053.65
20919.67 9065.59
20922.60 9077.33
20925.63 9089.37
20927.99 9100.16
20930.37 9110.95
20932.95 9122.66
20935.52 9134.27
20938.00 9145.50
20940.76 9157.97
20943.23 9169.10
20945.69 9180.25
20948.26 9191.82
20950.80 9203.31
20953.24 9214.33
20955.86 9226.15
20958.47 9237.97
20961.00 9249.38
20963.59 9261.07
20966.19 9272.84
20968.83 9284.74
20971.38 9296.26
20975.87 9315.15
20977.59 9322.27
20981.45 9337.89
20984.02 9348.68
20986.08 9357.09
20988.04 9364.85
20993.53 9386.51
20996.76 9398.01
21000.20 9410.21
21003.25 9421.03
21006.73 9433.39
21010.08 9445.28
21013.06 9455.84
21016.21 9467.02
21019.82 9479.83
21023.29 9492.15
21026.68 9504.20
21029.73 9515.01
21033.08 9526.93
21036.47 9538.96
21040.28 9552.47
21044.39 9566.76
21048.51 9581.06
21052.53 9595.03
21056.49 9608.75
21060.46 9622.51
21064.70 9637.23
21068.89 9651.79
21072.96 9666.34
21076.84 9680.31
21080.95 9695.07
21084.61 9708.93
21088.01 9723.61
21091.33 9737.92
21094.58 9751.91
21096.68 9766.30
21098.29 9781.04
21099.83 9795.19
21101.49 9810.42
21103.03 9824.61
21104.61 9839.03
21106.24 9854.02
21107.83 9868.58
21109.44 9883.42
21111.33 9898.51
21113.98 9912.50
21116.62 9926.50
21119.76 9941.22
21124.31 9955.41
21128.83 9969.38
21134.62 9983.63
21141.34 9996.93
21153.70 10018.35
21162.36 10030.34
21171.01 10041.79
21179.49 10053.01
21188.10 10064.42
21197.62 10075.51
21207.34 10086.65
21216.48 10097.12
21225.83 10107.84
21235.33 10118.73
21244.36 10129.07
21253.38 10139.41
21262.47 10149.83
21271.87 10160.60
21281.12 10171.20
21296.63 10188.81
21298.21 10190.60
21299.11 10191.62
21299.36 10191.90
21299.47 10192.03
21299.50 10192.06
21299.50 10192.07
21299.51 10192.07
21299.51 10192.07
21299.51 10192.07
21299.51 10192.07
21299.51 10192.07
21299.51 10192.07
21299.51 10192.07
21299.51 10192.07
21299.51 10192.07
21299.67 10192.25
21300.04 10192.68
21300.61 10193.32
21301.54 10194.36
21302.71 10195.65
21315.44 10210.05
21317.07 10211.93
21318.85 10213.98
21320.27 10215.62
21322.18 10217.81
21324.17 10220.11
21333.04 10231.23
21339.10 10237.52
21344.96 10243.60
21351.28 10250.15
21357.06 10256.15
21362.51 10261.81
21368.32 10267.82
21373.35 10273.05
21379.23 10279.15
21385.74 10285.90
21391.24 10291.60
21397.83 10298.44
21404.90 10305.78
21412.86 10314.03
21420.06 10326.03
21426.80 10331.67
21433.61 10337.37
21440.13 10342.82
21446.91 10348.50
21462.34 10361.81
21469.87 10368.48
21477.39 10374.50
21484.54 10380.06
21492.22 10386.04
21499.36 10391.59
21507.32 10397.78
21517.51 10405.81
21526.60 10413.01
21534.47 10419.25
21542.10 10425.29
21549.44 10431.12
21556.77 10436.93
21565.00 10443.45
21572.33 10449.26
21581.06 10456.17
21589.21 10463.13
21592.65 10466.61
21594.81 10468.80
21596.44 10470.44
21597.47 10471.48
21597.77 10471.79
21598.04 10472.05
21598.11 10472.13
21598.25 10472.27
21598.28 10472.30
21598.38 10472.40
21599.12 10473.15
21600.06 10474.10
21601.66 10475.71
21603.36 10477.43
21605.63 10479.73
21608.26 10482.38
21611.00 10485.15
21634.58 10508.04
21640.35 10511.92
21647.06 10516.44
21653.07 10521.01
21657.80 10524.94
21663.27 10529.49
21666.77 10532.41
21669.31 10534.51
21672.37 10537.06
21674.66 10538.96
21675.02 10539.25
21675.06 10539.29
21675.73 10539.85
21677.56 10541.37
21671.88 10556.81
21670.11 10561.02
21667.88 10566.32
21666.27 10570.14
21664.38 10574.62
21657.76 10589.53
21653.18 10599.20
21647.81 10610.52
21641.74 10623.34
21634.86 10637.80
21628.00 10652.02
21621.29 10665.94
21615.32 10679.40
21609.41 10692.80
21603.37 10707.01
21597.58 10721.01
21592.42 10733.89
21586.98 10748.92
21582.49 10761.35
21578.20 10774.43
21574.11 10787.02
21570.02 10799.62
21566.07 10811.79
21561.39 10826.20
21550.26 10854.92
21543.87 10873.54
21540.49 10894.10
21537.07 10915.97
21533.65 10939.90
21529.97 10965.70
21526.31 10992.02
21522.65 11018.73
21519.06 11044.99
21516.94 11072.35
21513.32 11097.81
21510.04 11120.87
21506.56 11145.29
21502.95 11170.66
21499.58 11195.04
21496.55 11218.97
21493.62 11242.32
21490.76 11265.17
21487.78 11288.90
21484.90 11311.88
21482.00 11334.98
21479.22 11357.15
21476.52 11378.62
21473.75 11400.71
21470.75 11423.72
21467.78 11445.42
21464.62 11468.51
21461.43 11491.91
21458.51 11514.94
21455.67 11537.43
21452.98 11558.79
21450.07 11581.69
21446.60 11606.30
21443.40 11629.83
21440.77 11652.08
21438.05 11674.73
21435.31 11696.36
21432.56 11718.08
21429.49 11742.32
21426.40 11766.73
21423.64 11788.57
21420.57 11812.87
21417.82 11834.92
21414.93 11858.41
21411.96 11882.56
21409.18 11904.09
21405.96 11926.78
21403.24 11950.70
21400.66 11972.63
21397.31 11996.28
21393.84 12018.49
21389.49 12041.50
21384.67 12063.23
21379.06 12085.71
21373.17 12105.10
21366.63 12126.63
21359.49 12144.40
21352.90 12160.11
21345.90 12176.10
21339.50 12189.18
21333.58 12201.28
21326.88 12214.97
21319.99 12227.66
21313.35 12239.09
21306.02 12250.58
21298.81 12261.90
21291.62 12273.18
21283.45 12284.39
21275.32 12295.36
21266.88 12306.75
21258.39 12317.52
21249.90 12327.31
21241.60 12336.90
21233.14 12346.66
21224.73 12356.36
21215.40 12367.14
21206.26 12377.68
21197.15 12388.19
21187.24 12399.63
21177.65 12410.69
21167.66 12422.17
