19120.62 19765.92
19121.20 19764.76
19122.82 19761.51
19125.03 19757.02
19127.93 19751.12
19131.45 19743.98
19134.80 19737.18
19138.25 19730.17
19141.76 19723.05
19145.08 19716.31
19148.20 19709.99
19151.40 19703.50
19154.52 19697.17
19157.79 19690.51
19161.22 19683.56
19164.75 19676.40
19168.36 19669.07
19171.85 19661.98
19175.45 19654.69
19178.91 19648.40
19183.08 19642.17
19188.04 19637.22
19194.47 19633.67
19201.33 19631.16
19208.80 19629.39
19215.71 19627.89
19219.99 19626.84
19222.71 19618.44
19220.75 19611.08
19218.62 19601.96
19216.20 19592.00
19213.54 19581.07
19211.12 19571.11
19203.83 19544.98
19199.53 19531.99
19195.53 19519.85
19191.91 19506.37
19188.98 19493.56
19185.92 19480.18
19183.06 19467.64
19180.17 19455.03
19177.15 19441.79
19174.13 19428.59
19171.03 19415.24
19167.92 19402.25
19164.79 19389.20
19161.60 19375.89
19158.48 19362.90
19155.32 19349.70
19152.19 19336.63
19149.03 19323.49
19145.91 19310.96
19142.70 19298.11
19139.47 19285.13
19136.36 19272.67
19133.25 19260.19
19129.93 19246.85
19126.73 19233.82
19123.64 19221.21
19120.59 19208.74
19117.54 19196.28
19114.40 19183.47
19111.17 19170.27
19107.68 19157.58
19103.90 19144.09
19099.50 19131.24
19095.12 19119.17
19090.59 19106.98
19085.14 19094.15
19079.21 19082.69
19072.35 19071.31
19063.65 19060.87
19054.58 19051.21
19044.97 19041.40
19035.30 19031.53
19026.10 19021.04
19017.40 19011.11
19008.50 19000.97
18999.45 18990.64
18990.32 18980.23
18981.74 18970.44
18972.95 18960.41
18964.01 18950.21
18955.02 18939.96
18946.16 18929.85
18937.18 18919.62
18928.08 18909.30
18919.39 18899.48
18910.55 18889.49
18901.91 18879.73
18892.83 18869.47
18883.78 18859.25
18874.73 18849.03
18866.14 18839.31
18857.47 18829.52
18848.48 18819.36
18839.36 18809.05
18829.05 18797.16
18825.28 18792.68
18823.49 18790.55
18823.02 18789.98
18822.97 18789.93
18822.93 18789.88
18822.93 18789.88
18822.92 18789.87
18822.92 18789.87
18822.92 18789.87
18822.92 18789.87
18822.30 18789.13
18821.09 18787.68
18815.32 18775.78
18812.11 18772.04
18807.63 18766.82
18801.95 18760.21
18795.38 18752.56
18787.71 18743.63
18774.11 18727.38
18766.17 18717.64
18757.84 18707.41
18749.61 18697.38
18740.69 18687.63
18731.76 18677.86
18723.02 18668.32
18714.53 18659.04
18706.07 18649.80
18692.89 18640.29
18685.56 18632.25
18678.80 18624.83
18674.42 18619.91
18672.00 18616.89
18671.03 18615.69
18670.65 18615.23
18670.60 18615.15
18670.57 18615.12
18670.56 18615.11
18670.56 18615.11
18670.56 18615.11
18670.56 18615.11
18669.89 18614.28
18668.37 18612.39
18653.63 18595.41
18649.06 18590.50
18643.03 18583.76
18636.04 18575.68
18628.32 18566.74
18620.39 18557.56
18612.51 18548.44
18604.44 18539.13
18595.81 18530.39
18587.82 18521.19
18579.90 18511.95
18572.23 18502.96
18564.00 18493.34
18556.22 18484.25
18548.04 18475.22
18525.70 18448.48
18519.46 18441.25
18512.82 18433.57
18506.59 18426.35
18498.95 18412.74
18489.99 18402.71
18481.32 18393.03
18472.47 18383.12
18463.98 18373.63
18454.97 18363.46
18446.61 18353.76
18438.13 18343.93
18429.75 18334.21
18420.64 18323.65
18411.72 18313.30
18402.86 18303.03
18394.51 18293.34
18385.92 18283.38
18377.04 18273.74
18366.05 18265.64
18355.11 18257.57
18344.48 18249.74
18334.20 18242.16
18323.73 18234.44
18312.74 18226.34
18301.57 18218.10
18291.16 18210.43
18280.18 18202.34
18262.92 18189.31
18252.99 18181.74
18243.57 18174.51
18233.83 18166.96
18223.89 18159.25
18213.96 18151.55
18204.48 18144.21
18194.68 18136.60
18176.95 18123.06
18167.50 18116.24
18157.51 18109.06
18148.99 18102.94
18143.38 18098.91
18140.30 18096.68
18139.42 18095.99
18139.05 18095.70
18138.99 18095.65
18138.99 18095.65
18138.99 18095.65
18138.99 18095.65
18138.99 18095.65
18138.51 18095.28
18137.05 18094.14
18134.03 18091.78
18131.95 18090.16
18131.21 18089.58
18131.13 18089.52
18131.09 18089.49
18131.08 18089.48
18131.07 18089.47
18131.07 18089.47
18131.07 18089.47
18131.07 18089.47
18131.07 18089.47
18131.07 18089.47
18131.07 18089.47
18131.07 18089.47
18131.07 18089.47
18131.07 18089.47
18131.07 18089.47
18131.07 18089.47
18131.07 18089.47
18131.07 18089.47
18131.07 18089.47
18131.07 18089.47
18131.07 18089.47
18131.07 18089.47
18122.40 18082.83
18119.28 18080.45
18114.78 18077.19
18108.58 18072.67
18101.28 18066.70
18092.07 18059.56
18082.35 18052.02
18072.94 18044.43
18062.99 18036.88
18053.31 18029.64
18037.82 18015.41
18029.76 18005.54
18019.73 17997.63
18011.93 17987.19
18005.22 17978.10
18000.73 17971.70
17998.71 17968.65
17990.92 17964.61
17986.11 17962.05
17981.90 17956.83
17980.16 17950.06
17988.55 17935.44
17994.17 17933.77
18005.88 17927.02
18014.07 17916.27
18023.29 17906.82
18033.13 17898.25
18040.84 17888.29
18043.78 17875.25
18040.47 17862.51
18033.80 17851.93
18026.75 17840.78
18019.98 17829.58
18013.59 17818.46
18006.90 17806.74
18000.69 17794.93
17994.60 17782.94
17988.22 17771.60
17981.31 17760.54
17974.15 17749.09
17967.29 17738.11
17960.15 17726.69
17953.19 17715.54
17945.94 17703.95
17939.20 17693.12
17932.19 17681.69
17925.56 17670.86
17918.58 17659.48
17911.63 17648.15
17905.01 17637.34
17898.48 17626.69
17894.22 17619.75
17892.23 17616.50
17892.21 17616.45
17892.20 17616.45
17892.20 17616.45
17892.20 17616.45
17892.20 17616.45
17888.96 17604.62
17887.06 17601.39
17884.11 17596.47
17880.36 17590.31
17875.82 17582.84
17870.73 17573.26
17865.16 17561.47
17859.53 17549.31
17853.80 17536.84
17848.24 17524.77
17843.13 17513.30
17838.06 17501.45
17832.63 17489.41
17827.02 17477.73
17819.81 17466.55
17811.79 17456.44
17803.09 17445.72
17794.82 17435.52
17786.39 17425.14
17778.04 17414.84
17769.44 17404.25
17761.14 17394.02
17752.80 17383.74
17744.75 17373.82
17736.80 17364.02
17722.67 17346.34
17715.49 17337.07
17707.92 17327.33
17699.87 17318.34
17689.78 17311.00
17679.31 17305.62
17668.36 17301.54
17656.21 17298.59
17638.15 17295.46
17625.97 17295.17
17616.44 17295.19
17609.89 17295.51
17611.47 17292.13
17621.44 17291.80
17632.92 17292.03
17644.97 17293.05
17652.07 17280.14
17650.42 17267.70
17643.30 17256.69
17635.06 17246.54
17627.05 17236.67
17618.78 17226.47
17611.05 17216.95
17603.10 17207.16
17595.19 17197.39
17586.96 17187.22
17578.73 17177.05
17570.89 17167.37
17563.11 17157.76
17552.10 17152.98
17548.60 17155.02
17544.03 17157.69
17541.32 17159.26
17540.49 17159.75
17538.81 17160.73
17538.27 17161.05
17538.24 17161.07
17538.23 17161.07
17538.23 17161.07
17538.23 17161.07
17536.89 17158.03
17512.59 17154.13
17512.36 17152.25
17511.86 17149.07
17511.10 17144.25
17510.07 17137.30
17505.79 17129.46
17504.50 17119.66
17502.95 17108.11
17501.27 17095.58
17499.73 17084.08
17498.08 17071.75
17496.46 17059.63
17494.90 17048.02
17490.98 17033.13
17489.11 17021.14
17486.98 17008.69
17484.23 16996.21
17481.21 16984.23
17477.76 16972.08
17474.38 16960.22
17471.35 16949.58
17468.16 16938.35
17461.59 16916.13
17458.76 16908.28
17455.80 16900.06
17450.81 16882.55
17447.11 16873.69
17443.35 16864.67
17439.73 16855.97
17436.10 16847.28
17431.77 16838.46
17426.79 16820.73
17426.50 16820.13
17424.39 16811.36
17419.39 16799.95
17414.48 16788.75
17409.77 16777.98
17404.88 16766.81
17396.41 16746.68
17388.65 16736.22
17384.05 16724.76
17379.46 16713.45
17374.73 16701.92
17370.40 16687.16
17365.59 16676.92
17360.40 16666.84
17354.80 16657.35
17348.99 16647.51
17335.61 16631.42
17332.57 16626.70
17330.54 16623.43
17328.57 16620.25
17326.09 16616.25
17315.94 16598.85
17313.95 16594.64
17312.28 16591.12
17310.67 16587.36
17303.19 16569.40
17299.17 16561.29
17294.85 16552.58
17292.66 16547.47
17289.98 16541.02
17287.04 16534.65
17283.01 16526.21
17277.95 16515.62
17272.35 16503.90
17267.04 16492.79
17261.81 16481.84
17256.20 16470.09
17250.62 16458.40
17244.44 16445.11
17242.24 16440.16
17233.80 16421.94
17229.04 16411.68
17224.23 16401.35
17216.15 16384.18
17212.31 16376.26
17207.80 16366.00
17203.15 16355.13
17198.21 16343.61
17193.30 16332.04
17188.60 16320.28
17184.05 16308.92
17179.54 16297.63
17174.97 16286.22
17170.53 16275.13
17165.76 16263.20
17161.06 16251.52
17156.23 16239.98
17151.38 16228.35
17145.03 16211.27
17140.77 16199.37
17136.26 16187.39
17131.44 16175.80
17126.54 16164.02
17122.58 16153.82
17120.39 16146.64
17118.99 16142.03
17117.56 16137.33
17116.82 16134.90
17116.58 16134.11
17116.13 16132.64
17115.17 16129.46
17113.96 16125.48
17112.14 16119.50
17109.75 16111.41
17107.29 16102.56
17100.02 16069.93
17096.97 16060.48
17093.69 16050.96
17090.23 16041.10
17086.94 16031.73
17084.79 16025.60
17083.55 16022.08
17083.30 16021.36
17083.12 16020.84
17082.65 16019.51
17078.58 16017.87
17077.21 16013.95
17075.42 16008.87
17073.31 16002.85
17064.03 15977.89
17059.75 15967.92
17055.18 15957.27
17050.41 15946.16
17045.59 15934.92
17041.10 15923.82
17036.77 15913.07
17032.32 15902.04
17028.11 15891.63
17023.81 15880.97
17019.44 15870.15
17015.24 15859.74
17002.15 15829.88
16997.25 15815.87
16991.28 15800.83
16984.26 15785.51
16977.17 15770.02
16970.21 15754.84
16962.62 15739.34
16955.02 15724.25
16947.01 15709.10
16938.87 15694.11
16929.23 15680.06
16918.06 15667.83
16905.60 15655.35
16893.61 15643.53
16880.72 15632.40
16868.07 15621.48
16855.27 15610.43
16842.36 15599.27
16829.37 15587.87
16816.48 15576.55
16804.12 15564.13
16791.93 15551.29
16780.02 15538.69
16768.75 15525.57
16757.70 15512.20
16748.06 15498.39
16737.97 15483.92
16729.11 15469.67
16720.78 15455.32
16712.37 15440.83
16704.02 15426.45
16695.29 15411.41
16686.64 15395.90
16678.24 15380.84
16669.81 15365.74
16662.60 15352.81
16654.47 15338.30
16646.71 15324.58
16638.51 15310.08
16631.11 15296.99
16623.82 15284.12
16606.97 15254.99
16600.49 15244.26
16593.93 15233.65
16586.47 15223.05
16578.36 15213.10
16570.19 15203.56
16561.89 15194.11
16553.13 15184.15
16544.59 15174.43
16536.53 15165.67
16528.22 15156.95
16519.34 15147.63
16510.67 15138.53
16501.88 15129.07
16493.90 15120.37
16485.14 15111.24
16476.57 15102.22
16468.10 15093.30
16459.85 15084.62
16451.05 15076.25
16441.79 15067.58
16432.48 15058.88
16424.26 15051.40
16415.21 15043.34
16405.29 15034.53
16396.51 15026.81
16386.37 15018.25
16376.67 15010.18
16367.55 15002.60
16357.88 14994.55
16348.57 14986.80
16340.32 14979.95
16332.10 14973.73
16323.52 14967.35
16316.27 14961.96
16311.09 14958.11
16305.81 14954.18
16300.00 14949.87
16293.07 14944.67
16275.33 14931.66
16266.16 14924.99
16257.16 14918.44
16248.89 14912.42
16239.86 14905.88
16231.03 14899.49
16216.81 14887.05
16209.76 14886.15
16203.58 14881.81
16197.35 14877.44
16191.08 14873.05
16183.99 14868.07
16164.52 14863.26
16154.83 14861.39
16144.38 14856.69
16134.69 14851.26
16124.44 14845.51
16115.13 14841.17
16105.05 14834.78
16095.38 14829.08
16086.25 14823.71
16075.14 14813.83
16071.28 14808.25
16055.66 14796.55
16045.08 14791.26
16035.34 14786.39
16025.83 14781.63
16014.70 14777.00
16003.84 14772.59
15995.92 14769.37
15989.83 14766.90
15984.83 14764.87
15978.29 14762.24
15957.06 14751.90
15947.69 14748.56
15936.97 14744.74
15925.91 14740.81
15915.16 14736.98
15904.38 14734.19
15893.29 14731.59
15881.53 14728.83
15869.05 14725.53
15867.62 14725.05
15866.97 14724.84
15866.91 14724.82
15866.88 14724.81
15866.88 14724.80
15866.87 14724.80
15866.87 14724.80
15866.87 14724.80
15866.87 14724.80
15854.10 14721.11
15851.10 14720.33
15847.13 14719.30
15841.35 14717.79
15834.05 14715.90
15825.33 14713.63
15816.42 14711.31
15807.01 14708.44
15786.33 14698.57
15784.23 14697.44
15782.23 14696.36
15780.65 14695.33
15779.79 14694.49
15779.44 14694.14
15746.79 14657.48
15743.48 14651.64
15739.09 14643.79
15734.04 14634.76
15727.83 14623.66
15721.21 14611.83
15715.01 14600.75
15708.52 14589.15
15702.38 14577.53
15696.60 14566.03
15691.42 14559.53
15689.49 14556.05
15688.69 14554.62
15688.50 14554.27
15688.49 14554.25
15688.48 14554.24
15688.48 14554.24
15688.48 14554.24
15688.48 14554.24
15683.56 14545.16
15681.65 14541.38
15678.92 14535.97
15675.37 14528.91
15671.10 14520.44
15666.14 14510.59
15660.73 14499.84
15655.35 14489.17
15649.96 14478.46
15644.58 14467.78
15639.47 14457.31
15636.37 14449.62
15634.60 14445.23
15634.01 14443.76
15633.98 14443.68
15633.98 14443.68
15633.98 14443.68
15633.98 14443.67
15633.98 14443.67
15633.98 14443.67
15633.98 14443.67
15633.98 14443.67
15633.98 14443.67
15633.98 14443.67
15633.43 14442.31
15632.31 14439.53
15632.20 14439.26
15632.14 14439.13
15632.13 14439.08
15632.12 14439.07
15632.12 14439.07
15631.98 14438.73
15631.75 14438.15
15630.92 14436.22
15629.61 14433.17
15627.87 14429.11
15625.47 14423.55
15622.77 14417.12
15603.61 14400.20
15593.71 14403.59
15581.45 14407.22
15569.74 14410.33
15557.90 14413.48
15545.61 14416.09
15533.52 14418.24
15521.01 14420.46
15508.40 14422.81
15495.48 14425.52
15483.56 14428.02
15470.95 14430.67
15458.24 14433.34
15446.46 14435.81
15433.95 14438.37
15425.54 14439.94
15416.42 14441.64
15410.53 14442.74
15414.90 14438.57
15424.50 14436.79
15435.39 14434.74
15447.70 14432.17
15459.88 14429.62
15472.34 14427.00
15485.21 14424.30
15497.35 14421.76
15509.65 14419.18
15521.67 14416.99
15533.51 14414.89
15545.37 14412.79
15557.30 14410.23
15569.02 14407.11
15581.42 14403.82
15593.86 14400.05
15606.04 14395.88
