21905.88 18991.08
21905.75 18992.53
21905.49 18995.54
21905.08 19000.20
21904.53 19006.56
21903.81 19014.83
21902.95 19024.68
21901.96 19036.13
21900.77 19049.79
21899.59 19063.37
21898.43 19076.68
21897.29 19089.71
21895.31 19103.46
21893.22 19116.45
21892.14 19129.29
21891.00 19142.90
21889.89 19156.03
21889.12 19169.40
21888.72 19182.24
21888.03 19195.96
21886.40 19209.67
21885.04 19220.76
21883.96 19228.81
21883.44 19232.81
21886.57 19237.91
21892.49 19247.86
21891.05 19253.98
21877.88 19261.09
21867.70 19253.19
21870.16 19239.66
21875.77 19236.49
21881.50 19222.30
21883.09 19209.58
21884.64 19196.58
21885.38 19183.56
21885.79 19170.63
21886.51 19156.99
21887.59 19144.15
21888.70 19130.93
21889.85 19117.29
21891.91 19103.74
21893.92 19090.40
21895.11 19076.75
21896.28 19063.35
21897.45 19049.89
21898.59 19036.89
21899.75 19023.49
21900.96 19009.66
21902.08 18996.72
21904.02 18974.53
21905.12 18962.13
21906.18 18950.11
21907.31 18937.43
21907.89 18925.35
21907.95 18913.01
21909.00 18900.75
21910.11 18887.75
21913.35 18865.22
21914.59 18851.71
21915.80 18838.44
21917.03 18825.05
21918.17 18812.50
21919.37 18799.46
21920.56 18786.39
21921.09 18773.36
21921.45 18759.76
21922.20 18747.08
21923.45 18733.74
21924.63 18721.18
21925.81 18708.54
21927.00 18695.89
21928.25 18682.75
21926.60 18669.51
21906.49 18659.74
21893.29 18656.39
21879.92 18652.99
21867.25 18649.80
21854.63 18646.83
21841.91 18643.83
21828.55 18640.68
21815.21 18637.54
21802.71 18635.23
21789.54 18632.90
21776.68 18630.62
21763.25 18628.24
21749.86 18625.87
21737.69 18621.54
21728.99 18611.81
21729.18 18599.21
21732.60 18586.05
21746.14 18570.02
21759.27 18570.07
21770.97 18575.47
21781.97 18581.53
21793.54 18587.38
21805.49 18592.40
21817.86 18596.50
21830.92 18599.87
21843.46 18603.01
21856.23 18606.08
21868.97 18608.59
21881.71 18611.54
21893.62 18614.97
21906.46 18617.10
21929.07 18615.84
21933.93 18605.25
21934.88 18594.03
21935.90 18581.98
21936.85 18570.69
21937.84 18558.90
21943.45 18531.27
21950.05 18520.28
21956.47 18509.61
21962.85 18498.90
21969.23 18488.16
21975.74 18477.20
21982.29 18466.18
21988.82 18455.19
21995.02 18444.75
22005.06 18428.50
22011.77 18417.87
22018.17 18407.73
22024.84 18397.16
22031.13 18387.20
22037.39 18377.28
22041.95 18370.07
22044.39 18366.20
22044.90 18365.39
22044.93 18365.35
22044.93 18365.35
22044.93 18365.35
22044.93 18365.35
22044.93 18365.35
22044.93 18365.35
22044.93 18365.35
22044.93 18365.35
22044.93 18365.35
22044.93 18365.35
22044.93 18365.35
22044.93 18365.35
22044.93 18365.35
22044.93 18365.35
22044.93 18365.35
22054.31 18350.17
22056.15 18347.13
22059.14 18342.19
22063.23 18335.41
22067.98 18327.56
22073.37 18318.65
22079.50 18308.51
22085.70 18298.25
22091.82 18288.12
22102.26 18271.34
22109.04 18260.84
22115.56 18250.24
22121.99 18239.65
22128.70 18228.60
22135.20 18217.89
22141.61 18207.35
22148.58 18195.85
22154.97 18185.34
22161.66 18174.32
22153.16 18162.77
22143.08 18155.95
22132.58 18148.85
22121.92 18141.65
22112.00 18134.94
22101.36 18127.74
22091.31 18120.94
22080.55 18113.67
22060.62 18101.11
22050.24 18094.48
22039.06 18087.34
22028.57 18080.64
22017.59 18073.69
22006.64 18067.33
21995.17 18060.68
21983.62 18053.98
21972.79 18047.69
21965.30 18043.34
21961.27 18041.00
21958.53 18027.02
21962.07 18019.62
21966.25 18010.84
21971.42 18000.01
21976.53 17989.30
21981.52 17978.85
21986.80 17967.78
21995.83 17948.56
22001.17 17937.16
22006.11 17926.59
22011.22 17915.67
22015.79 17905.91
22018.68 17899.72
22014.30 17890.29
22004.92 17885.88
21994.28 17880.90
21983.25 17875.72
21972.74 17870.79
21961.97 17865.74
21953.92 17861.96
21949.15 17848.19
21949.76 17841.77
21950.39 17835.22
21951.01 17828.79
21951.58 17822.84
21952.18 17816.59
21952.65 17809.92
21952.82 17803.82
21953.02 17797.11
21953.21 17790.65
21952.80 17784.37
21943.10 17754.75
21942.10 17748.66
21941.69 17741.96
21941.61 17735.45
21941.65 17728.77
21942.35 17722.07
21943.04 17715.52
21945.21 17708.77
21947.33 17702.20
21951.04 17696.55
21955.22 17691.03
21960.12 17686.66
21972.05 17676.97
21976.03 17674.13
21986.29 17665.00
21992.00 17658.49
21997.78 17650.05
22003.78 17639.51
22009.48 17628.82
22014.38 17608.69
22014.48 17594.95
22014.58 17581.23
22014.20 17568.05
22013.61 17555.03
22012.18 17541.56
22009.61 17528.75
22006.91 17516.01
22002.54 17503.22
21997.79 17490.53
21992.51 17478.41
21987.29 17466.42
21981.84 17453.92
21978.78 17441.35
21975.89 17428.51
21974.49 17414.92
21974.05 17401.80
21974.74 17388.34
21977.24 17375.87
21982.68 17354.37
21985.58 17345.49
21992.31 17327.40
21997.34 17316.84
22002.60 17305.77
22008.04 17295.28
22003.44 17282.85
21991.62 17277.40
21980.03 17272.06
21967.63 17266.34
21955.81 17260.90
21943.85 17255.38
21931.93 17249.89
21920.48 17244.62
21908.83 17239.24
21897.12 17233.85
21884.69 17228.12
21872.95 17222.64
21861.45 17217.24
21849.38 17211.57
21838.00 17206.23
21825.91 17200.55
21816.13 17194.74
21811.05 17189.90
21809.07 17186.87
21808.89 17186.60
21803.63 17183.28
21800.57 17183.06
21796.31 17182.75
21791.61 17182.41
21786.96 17181.59
21776.90 17182.89
21764.87 17182.63
21761.53 17179.23
21764.12 17164.73
21771.45 17162.28
21783.45 17156.24
21790.16 17146.71
21796.29 17137.70
21803.03 17127.79
21809.27 17118.62
21816.08 17108.64
21822.51 17099.26
21829.00 17089.81
21835.45 17080.41
21841.94 17070.95
21848.49 17061.40
21840.09 17050.44
21831.15 17044.77
21822.04 17039.00
21812.38 17032.57
21803.64 17027.12
21793.45 17023.45
21774.65 17022.97
21763.62 17024.85
21752.85 17026.68
21742.51 17028.44
21731.04 17030.38
21719.65 17032.32
21708.53 17034.21
21698.01 17035.66
21680.40 17028.76
21672.26 17022.60
21665.10 17017.19
21657.08 17011.13
21642.99 17000.22
21637.93 16996.25
21634.35 16993.45
21630.82 16990.68
21613.41 16976.06
21607.73 16970.66
21601.36 16964.61
21594.33 16957.94
21581.13 16944.93
21575.29 16938.76
21563.15 16926.36
21558.82 16922.09
21546.40 16909.53
21540.21 16903.18
21534.21 16897.02
21528.39 16891.05
21506.04 16868.20
21501.91 16864.16
21497.49 16859.84
21484.73 16847.60
21478.46 16841.68
21473.16 16836.68
21470.23 16833.91
21466.50 16830.39
21452.50 16818.70
21447.68 16815.60
21436.47 16808.57
21425.54 16802.47
21415.96 16797.20
21406.08 16791.75
21395.34 16785.84
21385.65 16782.80
21374.17 16784.63
21362.13 16786.56
21339.31 16790.53
21328.40 16792.17
21317.49 16793.80
21306.56 16795.38
21295.07 16797.04
21284.43 16800.94
21276.38 16809.06
21268.44 16817.35
21260.46 16825.69
21253.11 16833.36
21245.55 16841.26
21237.60 16849.57
21229.10 16858.45
21220.84 16867.08
21213.24 16875.01
21207.45 16881.07
21204.57 16884.08
21200.88 16887.93
21198.30 16897.89
21196.49 16903.73
21190.33 16907.53
21178.89 16897.96
21177.14 16884.67
21171.77 16875.34
21166.20 16865.68
21160.40 16855.59
21154.61 16845.52
21148.71 16835.27
21142.56 16824.60
21138.15 16816.93
21135.82 16812.89
21133.11 16808.19
21128.25 16798.74
21119.43 16792.95
21108.01 16793.61
21096.79 16794.27
21085.02 16794.96
21072.63 16795.69
21060.91 16796.37
21049.35 16797.05
21037.00 16797.76
21025.23 16798.19
21013.90 16798.79
21002.34 16799.40
20990.39 16800.03
20977.76 16800.70
20965.66 16801.34
20952.66 16802.03
20941.76 16801.97
20931.12 16801.82
20920.45 16801.67
20909.22 16801.52
20901.91 16796.20
20898.11 16790.42
20896.33 16785.05
20887.35 16779.69
20877.29 16780.72
20865.08 16780.85
20851.76 16780.91
20839.00 16778.22
20826.36 16774.38
20813.28 16770.41
20800.05 16766.40
20786.90 16762.34
20774.07 16758.37
20761.26 16754.45
20748.12 16750.43
20735.34 16746.52
20722.69 16742.65
20709.61 16738.65
20696.76 16734.72
20684.56 16730.99
20671.70 16727.07
20659.44 16723.38
20642.97 16719.21
20629.58 16719.81
20617.05 16720.37
20604.35 16720.94
20591.43 16721.51
20578.75 16722.08
20565.31 16722.68
20548.48 16723.63
20531.45 16724.40
20518.10 16723.38
20504.43 16722.09
20491.65 16719.34
20479.07 16714.97
20467.42 16709.47
20456.15 16703.57
20445.21 16695.70
20435.66 16686.12
20429.87 16676.45
20426.97 16665.36
20423.50 16642.72
20422.26 16629.63
20421.03 16616.67
20419.86 16604.30
20418.68 16591.91
20417.43 16578.64
20416.14 16562.10
20415.09 16549.41
20413.96 16535.78
20412.84 16522.30
20409.96 16509.14
20404.18 16496.69
20395.58 16486.63
20385.87 16477.91
20375.82 16468.88
20361.21 16460.10
20352.30 16451.85
20343.35 16443.58
20334.03 16434.95
20324.52 16426.16
20315.59 16417.90
20302.65 16401.66
20294.75 16394.53
20282.78 16387.76
20275.54 16380.84
20267.88 16373.50
20260.68 16366.62
20252.73 16359.52
20245.01 16352.73
20237.50 16346.12
20194.06 16340.82
20195.43 16335.35
20196.90 16329.47
20197.93 16325.31
20198.53 16322.92
20195.37 16304.60
20191.29 16301.55
20185.93 16298.46
20168.93 16289.65
20160.02 16285.48
20154.97 16283.11
20141.56 16277.13
20135.79 16274.76
20129.68 16272.26
20123.03 16269.54
20116.56 16266.89
20110.15 16264.26
20104.12 16261.79
20097.44 16259.05
20084.32 16253.34
20078.72 16250.40
20069.63 16245.50
20058.58 16239.56
20047.09 16233.37
20035.24 16226.98
20023.41 16220.61
20011.04 16213.94
19999.08 16207.51
19986.77 16200.87
19974.88 16194.47
19963.16 16188.16
19951.10 16181.66
19939.54 16175.43
19927.14 16168.75
19915.36 16162.42
19903.27 16155.91
19891.00 16149.31
19878.77 16142.74
19859.22 16132.32
19847.18 16125.94
19835.52 16119.76
19824.05 16113.68
19812.65 16107.64
19800.78 16101.35
19789.39 16095.32
19779.74 16090.20
19772.59 16086.41
19769.20 16084.61
19742.39 16062.59
19739.77 16060.36
19736.32 16058.03
19732.09 16055.47
19727.20 16052.52
19721.47 16049.05
19716.48 16046.04
19713.44 16044.20
19711.99 16043.33
19711.84 16043.24
19703.24 16057.39
19699.49 16056.59
19694.48 16055.52
19687.48 16054.02
19678.50 16052.10
19668.13 16049.88
19656.16 16047.32
19643.56 16044.65
19630.61 16042.47
19618.54 16040.43
19606.09 16040.10
19593.48 16043.68
19581.22 16047.15
19562.18 16048.94
19550.90 16046.14
19537.63 16042.49
19524.42 16038.85
19511.36 16035.25
19497.97 16031.57
19485.21 16028.05
19471.71 16024.33
19458.88 16020.80
19446.17 16017.30
19432.64 16013.57
19419.58 16009.98
19406.12 16006.27
19392.96 16000.60
19380.60 15994.69
19367.82 15988.96
19355.36 15983.83
19342.71 15980.49
19329.38 15977.33
19316.31 15974.21
19302.78 15970.98
19289.25 15968.79
19275.37 15968.12
19262.43 15967.49
19249.10 15966.91
19236.01 15966.36
19222.81 15965.81
19209.87 15964.60
19196.47 15963.04
19183.26 15961.50
19169.39 15960.57
19155.59 15960.63
19142.42 15960.68
19130.72 15960.73
19122.01 15960.76
19115.70 15960.79
19110.64 15960.81
19103.38 15960.79
19091.37 15951.42
19089.43 15941.09
19085.70 15930.38
19080.76 15918.45
19074.96 15907.03
19068.60 15895.16
19062.69 15884.11
19056.41 15872.77
19049.90 15861.15
19044.75 15850.64
19039.66 15839.80
19034.62 15827.87
19030.77 15816.30
19027.58 15806.21
19024.24 15793.71
19021.48 15782.23
19018.80 15770.37
19016.04 15758.19
19013.42 15746.66
19010.51 15733.87
19008.05 15722.52
19005.11 15708.83
19002.58 15697.07
19000.35 15687.27
18997.74 15675.93
18995.16 15664.76
18992.57 15653.56
18990.13 15642.69
18987.52 15630.83
18984.92 15618.97
18982.18 15606.25
18979.79 15594.21
18977.35 15581.95
18974.71 15569.38
18972.37 15558.36
18970.06 15547.44
18967.70 15535.64
18965.41 15523.38
18963.07 15510.83
18961.14 15499.67
18959.29 15489.02
18957.98 15481.48
18956.59 15472.82
18955.50 15464.91
18954.21 15455.62
18946.63 15436.48
18944.92 15428.73
18943.27 15421.23
18941.72 15414.23
18939.99 15406.38
18938.37 15399.01
18936.37 15391.17
18933.92 15383.63
18930.99 15377.19
18926.16 15371.16
18921.53 15367.26
18915.48 15363.72
18908.61 15359.89
18903.50 15357.21
18896.64 15353.61
18889.74 15349.99
18884.47 15347.22
18877.79 15343.71
18872.44 15340.85
18866.85 15337.85
18859.94 15334.13
18854.01 15329.68
18841.08 15322.09
18831.64 15318.29
18823.91 15315.18
18815.33 15311.72
18807.75 15305.11
18797.89 15301.14
18788.48 15297.35
18779.41 15293.70
18769.79 15289.83
18760.94 15286.26
18751.98 15282.65
18742.65 15278.90
18734.31 15275.54
18724.54 15271.60
18715.48 15267.95
18706.95 15264.52
18698.14 15260.97
18689.02 15257.30
18680.00 15253.67
18670.62 15249.89
18661.40 15246.18
18652.61 15242.64
18636.89 15234.55
18628.52 15231.19
18619.03 15227.37
18607.88 15222.89
18597.08 15218.55
18585.30 15213.82
18573.35 15209.02
18563.34 15201.45
18550.99 15196.79
18538.91 15192.38
18526.83 15187.97
18514.46 15183.45
18502.76 15179.18
18482.27 15169.97
18469.37 15165.41
18456.17 15160.74
18443.76 15156.35
18431.22 15151.92
18418.27 15147.40
18405.93 15143.28
18393.08 15138.98
18379.84 15134.56
18366.84 15130.23
18354.47 15126.09
18342.14 15121.90
18329.66 15117.58
18316.45 15112.96
18300.54 15109.27
18288.01 15105.11
18275.36 15100.92
18262.03 15096.48
18249.43 15092.25
18236.05 15087.83
18222.32 15084.45
18208.66 15081.03
18194.84 15077.60
18180.82 15075.57
18167.03 15073.67
18153.71 15071.84
18139.89 15069.94
18125.78 15067.99
18111.81 15066.07
18098.23 15064.20
18084.65 15062.33
18071.08 15060.47
18057.41 15058.59
18043.71 15056.70
18030.61 15054.90
18016.64 15052.98
18003.11 15051.11
17989.81 15049.28
17976.55 15047.46
17962.36 15045.51
17948.23 15043.56
17934.74 15041.70
17921.56 15039.89
17907.67 15037.98
17894.25 15036.13
17880.97 15034.31
17866.60 15032.36
17851.82 15031.14
17831.84 15028.65
17812.72 15028.33
17791.87 15027.98
17770.79 15029.26
17749.34 15030.73
17728.24 15032.70
17707.27 15035.06
17686.68 15037.59
17651.27 15041.39
17629.93 15039.88
17608.53 15037.89
17586.98 15035.05
17566.35 15031.40
17544.87 15026.79
17523.28 15022.08
17502.37 15017.14
17481.62 15012.24
17461.01 15006.60
17440.06 15001.70
17418.68 14996.66
17397.53 14992.63
17376.46 14989.34
17355.44 14986.65
17333.64 14984.32
17312.31 14982.19
17290.75 14980.80
17269.75 14979.45
17247.88 14978.05
17225.95 14976.64
17191.41 14972.42
17169.85 14970.62
17148.23 14968.85
17127.00 14967.15
17104.82 14965.37
17039.19 14961.63
17018.60 14959.95
16997.54 14958.23
16976.49 14956.52
16955.62 14954.82
16934.56 14953.08
16913.65 14951.29
16893.11 14949.29
16872.91 14946.56
16852.75 14943.84
16832.47 14941.09
16812.16 14938.01
16792.11 14934.02
16772.28 14930.08
16751.72 14925.29
16731.71 14919.67
16711.85 14913.33
16692.26 14906.63
16672.55 14899.89
16652.86 14893.21
16633.36 14886.63
16613.85 14880.04
16593.52 14876.65
16573.97 14870.05
16553.87 14863.97
16534.85 14858.30
16515.40 14852.28
16496.08 14846.26
16475.52 14841.51
16455.10 14837.38
16422.45 14831.68
16401.84 14829.57
16380.45 14828.63
16358.69 14828.82
16339.26 14832.08
16325.94 14833.35
16312.51 14834.63
16297.38 14836.59
16282.59 14839.67
16268.21 14842.76
16252.57 14846.92
16204.21 14867.74
16185.77 14876.64
16167.45 14885.87
16153.11 14894.49
16142.70 14901.33
16134.90 14906.55
16126.58 14912.31
16120.57 14916.88
16115.01 14921.11
16109.21 14926.22
16106.32 14932.68
16103.98 14940.03
16102.78 14947.40
16102.45 14954.34
16103.44 14961.58
16106.21 14968.48
16110.22 14974.63
16115.81 14980.14
16121.33 14984.21
16127.25 14987.47
16133.80 14989.00
16140.78 14989.66
16152.41 14989.34
16158.94 14986.01
16165.49 14982.68
16171.83 14978.92
16178.24 14974.88
16184.58 14970.89
16190.55 14967.13
16196.57 14963.34
16203.54 14958.95
16211.39 14952.45
16218.31 14948.97
16224.40 14944.79
16229.43 14939.04
16232.21 14932.92
16234.01 14925.51
16233.62 14917.85
16232.61 14910.99
16229.43 14904.97
16217.76 14891.75
16211.12 14887.10
16203.74 14881.92
16197.13 14873.26
16188.48 14867.19
16169.98 14855.74
16159.00 14849.15
16148.17 14842.60
16136.89 14835.68
16126.06 14829.03
16115.15 14822.34
16103.96 14815.95
16092.53 14809.95
16083.76 14806.11
16077.91 14803.55
16075.86 14802.60
16075.46 14802.42
16065.39 14797.73
16061.88 14795.97
16057.07 14793.57
16051.19 14790.62
16043.50 14786.78
16033.92 14781.99
16022.72 14776.69
16010.98 14771.93
15999.48 14767.25
15989.08 14763.03
15981.22 14759.86
15977.09 14758.20
15958.18 14748.80
15950.55 14746.08
15941.30 14742.78
15930.21 14738.84
15918.54 14734.68
15906.18 14734.61
15894.68 14731.92
15884.42 14729.51
15870.31 14725.95
15868.92 14725.49
15868.70 14725.41
15868.21 14725.25
15867.38 14724.97
15853.24 14720.88
15848.44 14719.64
15842.51 14718.10
15835.46 14716.26
15826.70 14713.99
15819.14 14712.02
15814.79 14710.89
15809.82 14709.60
15787.57 14699.23
15785.94 14698.36
15784.01 14697.32
15782.27 14696.38
15780.93 14695.60
15780.38 14695.06
15780.24 14694.93
15780.11 14694.80
15779.89 14694.58
15779.45 14694.16
15746.66 14657.26
15743.57 14651.79
15739.64 14644.77
15734.55 14635.68
15728.43 14624.74
15722.13 14613.48
15715.78 14602.12
15709.24 14590.44
15702.80 14578.33
15697.59 14568.21
15692.08 14560.71
15690.78 14558.37
15690.29 14557.49
15690.14 14557.22
15690.03 14557.03
15690.02 14557.01
15690.02 14557.00
15690.02 14557.00
15689.72 14556.46
15688.86 14554.92
15682.83 14543.73
15680.11 14538.32
15676.72 14531.59
15672.61 14523.42
15667.65 14513.59
15662.51 14503.38
15657.31 14493.05
15651.77 14482.05
15646.44 14471.47
15640.90 14460.48
15636.33 14449.51
15632.16 14439.17
15629.02 14431.80
15626.32 14425.51
15624.96 14422.36
15624.45 14421.16
15624.32 14420.87
15624.30 14420.82
15624.29 14420.80
15624.29 14420.80
15624.29 14420.80
15624.29 14420.80
15624.29 14420.80
15624.29 14420.80
15624.29 14420.80
15624.29 14420.80
15624.29 14420.80
15624.29 14420.80
15624.29 14420.80
15624.29 14420.80
15624.29 14420.80
15624.29 14420.80
15624.29 14420.80
15624.29 14420.80
15624.29 14420.80
15624.29 14420.80
15624.29 14420.80
15624.29 14420.80
15624.29 14420.80
15624.29 14420.80
15624.29 14420.80
15624.29 14420.80
15624.29 14420.80
15624.29 14420.80
15624.29 14420.80
15624.29 14420.80
15624.29 14420.80
15624.29 14420.80
15624.29 14420.80
15624.29 14420.80
15624.29 14420.80
15624.29 14420.80
15624.29 14420.80
15624.29 14420.80
15624.29 14420.80
15624.29 14420.80
15624.29 14420.80
15624.29 14420.80
15624.29 14420.80
15624.29 14420.80
15624.29 14420.80
15624.29 14420.80
15624.29 14420.80
15624.29 14420.80
15624.29 14420.80
15624.29 14420.80
15624.29 14420.80
15623.80 14419.65
15622.78 14417.15
15609.18 14388.80
15606.53 14383.79
15603.14 14377.39
15598.99 14369.55
15594.91 14361.85
15590.95 14354.37
15587.67 14348.17
15584.17 14341.56
15580.22 14334.08
15571.42 14318.31
15566.45 14309.55
15560.89 14299.75
15555.42 14290.24
15549.57 14280.76
15543.75 14271.33
15537.76 14261.62
15531.97 14252.24
15524.26 14239.98
15517.82 14229.99
15511.02 14219.45
15504.53 14209.37
15496.36 14202.47
15493.16 14201.34
15491.66 14200.88
15491.17 14200.72
15490.28 14200.45
15490.20 14200.42
15489.72 14200.27
15488.21 14199.80
15485.31 14198.93
15481.11 14197.77
15464.10 14195.87
15452.80 14194.14
15440.64 14195.87
15427.31 14197.76
15414.59 14199.56
15401.90 14201.37
15389.22 14203.06
15376.79 14204.51
15364.36 14205.83
15351.64 14207.23
15336.17 14207.57
15324.81 14209.22
15313.03 14210.90
15301.32 14212.58
15289.74 14214.23
15281.55 14215.40
15277.19 14216.02
15275.95 14216.20
15275.93 14216.20
15275.21 14216.30
15273.24 14216.58
15243.48 14221.91
15238.77 14222.38
15232.56 14223.01
15224.67 14223.85
15215.58 14224.48
15205.19 14225.16
15194.35 14225.88
15183.24 14226.62
15172.53 14227.33
15162.08 14228.03
15151.23 14228.75
15140.33 14229.58
15097.79 14226.17
15090.14 14222.99
15082.70 14219.89
15075.30 14215.52
15068.85 14210.53
15064.28 14206.99
15061.14 14204.56
15060.17 14203.81
15060.14 14203.78
15051.70 14196.87
15050.29 14195.61
15048.36 14193.85
15041.80 14193.63
15039.01 14196.88
15037.43 14198.30
15037.34 14198.38
15037.29 14198.43
15037.29 14198.43
15037.29 14198.43
15037.29 14198.43
15037.29 14198.43
15037.29 14198.43
15037.29 14198.43
15037.29 14198.43
15037.29 14198.43
15037.29 14198.43
15037.29 14198.43
15037.29 14198.43
15037.29 14198.43
15037.29 14198.43
15037.29 14198.43
15028.64 14196.13
15027.32 14194.84
15025.12 14192.70
15017.91 14185.13
15012.72 14177.57
15006.72 14168.83
14999.66 14158.26
14992.99 14146.86
14986.87 14136.14
14982.38 14124.24
14977.90 14112.36
14973.58 14100.22
14970.17 14087.99
14966.28 14065.25
14964.65 14052.36
14962.90 14038.46
14961.12 14024.40
14959.35 14010.38
14957.63 13996.74
14955.92 13983.23
14953.97 13970.33
14951.43 13956.71
14947.34 13944.11
14941.47 13932.25
14934.68 13920.33
14926.54 13909.65
14916.11 13900.28
14905.21 13892.80
14892.44 13887.45
14878.76 13884.01
14865.59 13882.03
14851.79 13880.67
14838.77 13879.51
14825.10 13878.39
14813.80 13877.52
14801.96 13876.63
14788.62 13875.97
14778.62 13875.59
14766.53 13875.12
14753.81 13874.63
14743.38 13874.23
14732.52 13873.81
14720.76 13873.36
14707.84 13872.48
14695.53 13871.60
14682.63 13870.69
14671.84 13869.92
14659.46 13869.04
14646.39 13868.11
14635.94 13867.37
14623.73 13866.50
14610.52 13865.57
14601.75 13864.94
14590.89 13864.17
14579.60 13863.37
14566.77 13862.46
14553.70 13861.53
14539.94 13860.56
14526.75 13859.62
14513.49 13858.68
14499.35 13857.67
14485.80 13856.71
14471.73 13855.71
14457.65 13854.71
14444.38 13853.77
14433.72 13853.01
14421.28 13852.13
14407.79 13851.17
14394.58 13850.24
14381.33 13849.30
14367.81 13848.36
14353.93 13847.31
14332.05 13845.60
14319.63 13844.13
14307.63 13842.38
14295.54 13840.55
14283.38 13837.10
14272.02 13833.72
14260.42 13830.28
14248.70 13826.62
14237.47 13822.91
14222.92 13817.62
14214.69 13814.33
14200.09 13809.19
14181.14 13807.22
14169.49 13805.60
14158.30 13804.38
14146.72 13803.11
14134.85 13801.81
14123.65 13800.55
14112.45 13798.28
14100.91 13794.86
14090.04 13791.84
14079.00 13788.64
14068.13 13785.07
14057.54 13781.78
14046.80 13776.83
14011.36 13763.22
14000.95 13760.23
13989.72 13757.59
13979.08 13755.10
13968.37 13752.81
13957.06 13751.18
13941.27 13749.31
13931.88 13747.90
13922.85 13746.45
13914.95 13745.08
13906.18 13743.10
13871.16 13734.60
13864.46 13733.46
13859.71 13732.65
13856.11 13732.03
13853.81 13731.64
13852.07 13731.34
13851.42 13731.26
13850.63 13731.18
13849.87 13731.10
13848.79 13730.99
13848.19 13730.93
13847.21 13730.82
13845.66 13730.66
13844.75 13730.56
13844.10 13730.50
13843.21 13730.40
13841.60 13730.24
13839.36 13730.00
13835.29 13729.58
13833.33 13729.57
13832.24 13729.56
13831.55 13729.56
13830.29 13729.55
13829.70 13729.55
13829.37 13729.55
13829.23 13729.55
13829.14 13729.55
13829.03 13729.55
13829.01 13729.55
13829.00 13729.55
13829.00 13729.55
13829.00 13729.55
13829.00 13729.55
13828.92 13729.55
13828.69 13729.55
13828.27 13729.54
13827.51 13729.54
13826.24 13729.53
13825.16 13729.53
13823.28 13729.52
13820.08 13729.50
13813.62 13731.25
13810.01 13731.60
13808.03 13731.80
13807.88 13731.81
13806.58 13731.94
13803.61 13732.23
13799.54 13732.62
13798.38 13732.74
13797.17 13732.86
13794.40 13733.12
13792.70 13733.30
13790.92 13733.52
13788.25 13733.84
13785.83 13734.13
13784.81 13734.26
13783.37 13734.43
13782.56 13734.53
13780.75 13734.83
13777.22 13735.53
13774.25 13736.12
13772.13 13736.54
13767.85 13737.56
13763.27 13738.83
13745.75 13743.48
13738.22 13745.55
13729.17 13748.23
13720.56 13750.77
13715.23 13752.35
13712.44 13753.17
13711.27 13753.52
13711.16 13753.55
13711.15 13753.56
13711.14 13753.56
13710.20 13753.84
13708.24 13754.42
13692.80 13753.51
13691.89 13753.76
13680.55 13756.60
13680.41 13756.63
13665.45 13760.01
13642.24 13763.87
13631.38 13765.44
13619.96 13767.10
13601.54 13768.58
13589.00 13769.20
13576.09 13769.79
