10050.66 16963.97
10050.86 16962.67
10051.40 16959.23
10052.25 16953.73
10053.28 16947.09
10054.21 16941.07
10055.27 16934.27
10056.20 16928.27
10057.12 16922.35
10058.19 16915.44
10059.12 16909.41
10060.24 16902.77
10061.40 16895.93
10062.58 16888.97
10063.74 16882.09
10064.85 16875.49
10069.28 16848.75
10070.24 16843.10
10071.36 16836.44
10072.41 16830.52
10073.65 16824.84
10074.88 16819.26
10076.18 16813.31
10077.58 16807.07
10079.66 16800.95
10081.65 16795.14
10083.48 16789.75
10085.65 16783.39
10087.64 16777.57
10089.76 16771.34
10091.64 16765.83
10099.87 16751.05
10105.29 16743.77
10113.59 16736.62
10123.96 16728.87
10133.87 16721.36
10143.35 16714.18
10153.79 16706.46
10163.74 16699.18
10173.48 16692.05
10182.68 16685.31
10188.61 16680.98
10191.92 16679.26
10196.16 16674.47
10193.57 16666.42
10189.30 16659.82
10184.05 16651.70
10178.02 16642.36
10168.47 16626.74
10162.28 16616.36
10156.02 16605.88
10150.02 16595.00
10144.00 16584.09
10138.01 16573.24
10132.57 16561.56
10131.24 16549.96
10134.02 16537.62
10136.64 16526.03
10139.29 16514.38
10142.15 16502.74
10142.35 16490.10
10139.00 16478.51
10134.97 16466.35
10130.76 16454.96
10126.03 16443.62
10120.70 16432.95
10115.27 16422.22
10109.57 16410.96
10103.75 16399.46
10097.89 16387.87
10091.77 16376.49
10085.95 16365.92
10079.88 16354.90
10074.58 16345.27
10071.10 16338.97
10059.83 16336.34
10054.81 16339.02
10049.66 16341.77
10044.21 16344.68
10033.55 16352.03
10032.26 16352.87
10030.30 16354.15
10027.62 16355.90
10025.98 16356.97
10002.06 16359.24
9998.50 16357.55
9994.24 16355.52
9988.75 16352.90
9984.50 16350.88
9981.70 16349.54
9981.10 16349.25
9981.06 16349.24
9981.05 16349.23
9981.04 16349.22
9981.04 16349.22
9981.04 16349.22
9979.73 16347.17
9976.53 16346.14
9971.97 16344.68
9965.84 16342.72
9958.04 16340.23
9947.55 16340.34
9936.97 16337.27
9926.19 16334.44
9916.01 16331.87
9905.28 16329.21
9894.48 16326.99
9870.15 16320.54
9858.38 16317.54
9846.46 16315.00
9834.07 16312.37
9821.29 16309.65
9808.61 16306.95
9795.84 16304.24
9783.93 16301.70
9771.23 16299.00
9758.48 16296.29
9746.47 16293.74
9734.41 16291.17
9722.45 16288.63
9709.62 16285.90
9697.14 16283.33
9684.61 16280.95
9671.90 16278.53
9659.48 16276.17
9646.69 16273.74
9634.21 16271.37
9621.88 16269.03
9609.58 16266.70
9597.09 16264.33
9584.95 16262.02
9572.17 16259.60
9559.16 16257.12
9546.48 16254.65
9534.52 16251.41
9521.78 16247.93
9509.36 16244.53
9497.16 16240.25
9485.80 16235.48
9473.71 16230.40
9462.08 16225.52
9449.85 16220.39
9439.28 16214.58
9428.40 16208.20
9417.91 16202.05
9406.79 16195.52
9395.74 16189.03
9385.12 16182.72
9374.29 16176.04
9363.57 16169.43
9352.98 16162.89
9342.73 16156.57
9331.64 16149.72
9321.28 16143.33
9309.95 16136.48
9298.96 16130.26
9287.53 16123.79
9268.20 16114.14
9256.61 16113.28
9244.64 16112.70
9232.79 16113.51
9220.80 16114.82
9209.62 16116.05
9198.22 16117.16
9186.88 16118.17
9175.59 16119.18
9166.68 16119.97
9161.31 16120.38
9152.23 16109.13
9151.72 16100.50
9151.12 16090.26
9150.44 16078.74
9149.76 16067.24
9149.08 16055.82
9148.41 16044.34
9147.42 16025.95
9146.99 16013.28
9146.56 16000.72
9146.13 15988.00
9145.69 15974.88
9145.24 15961.68
9144.80 15948.73
9144.36 15935.81
9143.91 15922.67
9143.47 15909.71
9143.06 15897.48
9142.64 15885.27
9142.22 15872.86
9141.77 15859.52
9141.33 15846.58
9141.22 15834.06
9141.25 15820.98
9141.38 15808.33
9141.65 15795.62
9141.93 15782.77
9142.37 15770.47
9142.87 15757.88
9143.54 15744.69
9144.65 15732.46
9145.77 15719.99
9146.75 15707.77
9147.73 15695.26
9148.70 15682.86
9149.84 15670.10
9151.07 15657.07
9152.29 15644.11
9153.46 15631.66
9154.61 15619.29
9155.80 15606.43
9156.31 15594.38
9149.09 15584.64
9138.63 15576.57
9127.98 15568.67
9117.78 15560.53
9109.91 15553.03
9104.25 15544.13
9101.01 15533.06
9101.17 15522.93
9103.86 15517.22
9113.97 15499.27
9114.27 15489.60
9114.74 15478.80
9115.89 15468.07
9117.13 15457.18
9120.10 15446.68
9126.74 15429.61
9130.37 15420.63
9133.97 15411.70
9142.53 15391.14
9146.17 15382.54
9151.48 15369.99
9156.29 15358.64
9159.22 15346.88
9162.06 15334.39
9163.87 15322.30
9165.64 15310.25
9166.96 15297.52
9165.99 15284.65
9164.40 15273.38
9157.84 15260.61
9155.17 15250.20
9152.50 15239.82
9149.81 15229.37
9147.17 15219.10
9145.51 15212.61
9144.54 15208.84
9144.50 15208.68
9144.50 15208.68
9144.50 15208.68
9144.50 15208.68
9144.50 15208.68
9144.50 15208.68
9144.50 15208.68
9144.50 15208.68
9144.50 15208.68
9144.50 15208.68
9144.50 15208.68
9144.50 15208.68
9144.50 15208.68
9144.50 15208.68
9144.50 15208.68
9144.50 15208.68
9144.50 15208.68
9144.50 15208.68
9144.50 15208.68
9144.50 15208.68
9144.50 15208.68
9144.50 15208.68
9143.12 15191.07
9142.12 15187.63
9140.48 15181.93
9138.32 15174.48
9135.68 15165.34
9132.40 15154.01
9128.92 15141.97
9125.51 15130.19
9121.93 15118.47
9118.39 15107.12
9114.79 15095.57
9111.03 15083.52
9107.31 15071.58
9103.73 15060.09
9099.89 15047.78
9096.22 15036.01
9092.37 15023.81
9087.81 15011.90
9083.30 15000.12
9078.75 14988.21
9074.30 14976.59
9069.83 14964.93
9065.29 14953.06
9060.86 14941.48
9056.34 14929.67
9051.97 14918.26
9047.33 14906.13
9042.90 14894.55
9038.68 14882.58
9036.49 14870.93
9035.48 14858.84
9034.48 14846.91
9033.42 14834.24
9032.37 14821.67
9031.38 14809.77
9030.30 14796.91
9029.23 14784.04
9028.14 14771.07
9027.08 14758.29
9026.02 14745.60
9025.15 14735.25
9024.65 14729.21
9015.26 14726.34
9005.88 14729.19
8994.49 14732.65
8983.14 14736.11
8972.17 14739.44
8961.33 14741.47
8950.06 14743.58
8938.88 14745.68
8927.97 14747.72
8906.25 14751.32
8894.66 14753.16
8882.40 14755.10
8870.90 14756.92
8858.33 14757.78
8845.99 14758.31
8833.39 14758.84
8821.74 14759.15
8809.82 14758.24
8798.10 14757.71
8787.00 14762.75
8776.89 14769.85
8767.37 14776.54
8756.95 14783.14
8734.68 14781.18
8725.11 14773.44
8716.85 14763.58
8708.25 14753.71
8697.55 14747.81
8685.52 14744.66
8672.96 14741.08
8660.74 14737.26
8648.78 14733.52
8637.22 14729.67
8625.66 14725.79
8618.01 14722.98
8612.77 14720.54
8607.32 14718.12
8601.33 14715.45
8596.12 14713.12
8580.93 14705.76
8575.51 14702.98
8569.85 14700.08
8564.46 14697.32
8559.07 14694.56
8554.15 14691.01
8549.34 14687.37
8543.81 14683.19
8538.60 14679.02
8533.71 14674.19
8524.66 14662.21
8521.94 14655.64
8519.47 14649.67
8517.32 14643.97
8515.62 14638.16
8513.87 14631.59
8512.92 14625.31
8512.56 14618.47
8512.84 14612.42
8513.17 14605.30
8513.63 14598.61
8514.20 14591.87
8514.77 14585.15
8515.35 14578.25
8515.85 14572.22
8500.32 14555.05
8502.24 14552.81
8504.22 14550.49
8506.27 14548.09
8508.43 14545.56
8510.20 14543.50
8510.72 14542.89
8510.79 14542.81
8510.83 14542.76
8510.84 14542.74
8510.84 14542.74
8510.84 14542.74
8510.84 14542.74
8510.84 14542.74
8510.84 14542.74
8510.84 14542.74
8510.84 14542.74
8510.84 14542.74
8510.84 14542.74
8510.84 14542.74
8510.84 14542.74
8510.84 14542.74
8510.84 14542.74
8510.84 14542.74
8510.84 14542.74
8510.84 14542.74
8510.84 14542.74
8510.84 14542.74
8510.84 14542.74
8510.84 14542.74
8510.84 14542.74
8510.84 14542.74
8510.84 14542.74
8515.36 14529.07
8513.30 14526.85
8510.47 14523.78
8506.87 14519.89
8501.93 14514.54
8495.80 14508.01
8488.19 14501.37
8470.61 14497.26
8461.79 14502.72
8453.68 14508.74
8436.11 14520.11
8427.09 14525.12
8417.66 14529.51
8407.94 14533.75
8397.90 14538.12
8388.60 14542.16
8379.16 14546.28
8370.55 14552.24
8365.15 14556.37
8363.06 14559.18
8349.60 14557.42
8343.83 14551.20
8337.52 14542.76
8330.28 14533.08
8322.85 14523.15
8315.86 14513.81
8308.72 14504.26
8301.97 14494.82
8295.27 14485.43
8288.28 14475.63
8283.09 14467.31
8280.37 14462.36
8277.66 14447.67
8276.87 14443.23
8276.41 14440.66
8275.39 14427.15
8275.24 14417.51
8275.05 14405.82
8274.86 14393.98
8274.26 14382.19
8273.75 14370.01
8275.42 14357.65
8278.48 14345.47
8283.45 14333.71
8289.38 14322.84
8296.44 14312.22
8303.06 14302.00
8309.20 14292.14
8315.45 14282.06
8321.93 14271.42
8332.87 14255.06
8337.98 14246.80
8342.83 14238.97
8348.03 14230.68
8353.10 14222.59
8356.42 14217.31
8358.88 14194.36
8352.30 14194.66
8347.98 14194.78
8345.99 14194.84
8345.59 14194.85
8345.38 14194.86
8345.34 14194.86
8345.32 14194.86
8335.39 14195.14
8332.36 14195.23
8327.76 14195.36
8321.12 14195.55
8312.03 14195.81
8300.89 14196.13
8287.82 14196.50
8275.05 14196.86
8262.23 14197.23
8249.32 14197.60
8236.60 14197.96
8224.35 14198.29
8211.66 14198.77
8198.47 14199.27
8186.28 14199.73
8174.13 14200.18
8161.23 14200.67
8148.37 14201.15
8135.71 14201.63
8123.03 14202.06
8109.96 14202.48
8097.00 14202.90
8083.73 14203.33
8070.43 14203.77
8057.56 14204.19
8044.67 14204.61
8031.47 14205.04
8018.34 14205.47
8005.04 14205.91
7992.21 14206.33
7978.98 14206.76
7966.27 14207.18
7953.04 14207.61
7940.20 14208.03
7927.28 14208.46
7914.20 14208.89
7901.33 14209.31
7890.38 14209.75
7881.20 14206.86
7870.35 14207.33
7858.09 14207.87
7845.98 14208.40
7833.95 14208.93
7821.35 14209.48
7808.07 14210.06
7795.38 14210.62
7783.35 14211.14
7770.72 14211.70
7757.75 14212.27
7745.00 14212.82
7732.42 14213.37
7719.52 14213.94
7707.12 14214.59
7694.63 14215.28
7682.39 14215.99
7669.35 14216.83
7657.10 14218.12
7644.53 14219.45
7631.66 14220.81
7619.09 14222.13
7605.29 14219.27
7605.22 14219.22
7605.21 14219.21
7605.21 14219.21
7605.20 14219.21
7605.19 14219.20
7605.15 14219.17
7595.86 14207.88
7595.67 14205.65
7595.42 14202.61
7595.29 14190.26
7595.25 14180.62
7595.09 14169.69
7593.80 14158.44
7581.73 14139.69
