8684.55 16102.85
8684.74 16104.39
8685.12 16107.48
8685.72 16112.42
8686.38 16118.98
8687.07 16126.70
8687.95 16136.41
8688.86 16146.57
8689.43 16152.90
8696.73 16158.89
8703.60 16158.45
8711.36 16157.94
8718.93 16157.45
8726.37 16156.97
8733.20 16156.53
8740.30 16156.07
8748.10 16155.56
8755.39 16155.09
8762.68 16154.62
8770.34 16154.12
8777.78 16153.64
8794.70 16152.66
8801.83 16152.30
8809.02 16151.95
8816.14 16151.60
8823.85 16151.21
8831.36 16150.84
8838.98 16150.46
8845.97 16150.12
8853.73 16149.73
8861.79 16149.33
8869.06 16148.98
8876.24 16148.62
8892.86 16147.56
8900.07 16147.02
8907.51 16146.45
8915.31 16145.86
8922.60 16145.31
8930.00 16144.74
8937.59 16143.95
8944.86 16143.20
8952.83 16142.38
8960.40 16141.60
8967.97 16140.82
8984.45 16138.70
8992.34 16137.58
8999.98 16136.49
9007.63 16135.40
9015.45 16134.29
9023.82 16133.10
9031.51 16132.05
9038.92 16131.15
9047.21 16130.14
9055.03 16129.19
9062.86 16128.24
9071.00 16127.26
9078.83 16126.31
9086.88 16125.33
9095.01 16124.35
9103.15 16123.39
9111.07 16122.49
9118.95 16121.60
9127.05 16120.68
9134.78 16119.80
9142.72 16118.90
9159.99 16117.17
9169.57 16116.40
9180.61 16115.42
9193.59 16114.26
9206.28 16113.09
9219.01 16111.70
9232.37 16110.24
9245.73 16109.45
9257.79 16110.04
9266.20 16110.62
9271.02 16111.12
9274.61 16102.23
9273.84 16094.43
9273.08 16086.71
9272.31 16078.96
9271.57 16071.54
9270.73 16063.00
9269.91 16054.81
9269.54 16046.53
9269.35 16038.46
9269.16 16030.89
9268.96 16022.60
9268.75 16014.09
9268.56 16006.23
9268.36 15998.08
9268.24 15990.17
9272.15 15983.60
9279.32 15980.02
9286.93 15977.19
9294.62 15974.34
9302.56 15971.39
9310.51 15968.44
9318.17 15965.60
9325.48 15962.60
9333.14 15959.43
9340.50 15956.39
9347.81 15953.37
9355.31 15950.20
9362.91 15946.72
9370.63 15943.18
9377.87 15939.87
9385.17 15936.52
9392.47 15932.98
9412.32 15922.92
9421.10 15917.99
9431.42 15912.28
9443.31 15906.08
9455.76 15900.04
9469.36 15894.75
9482.44 15889.79
9495.40 15885.17
9508.28 15880.59
9522.51 15876.69
9536.07 15873.25
9550.38 15869.63
9564.27 15866.10
9577.49 15862.75
9591.63 15859.44
9605.84 15856.27
9619.20 15853.37
9632.51 15850.48
9646.43 15847.47
9659.97 15844.52
9674.11 15841.45
9688.04 15838.41
9701.98 15835.38
9715.80 15832.37
9729.75 15829.33
9743.61 15826.32
9757.23 15823.35
9771.54 15820.24
9784.85 15817.34
9799.08 15814.24
9821.79 15809.30
9825.81 15808.42
9828.32 15807.87
9850.96 15802.18
9860.71 15799.48
9871.57 15796.48
9883.10 15793.29
9894.68 15790.09
9904.11 15787.48
9910.63 15785.67
9914.17 15784.72
9914.54 15784.62
9914.87 15784.53
9932.36 15779.85
9936.31 15778.78
9942.50 15777.07
9950.89 15774.75
9961.10 15771.93
9973.02 15768.63
9985.15 15765.26
9998.35 15761.61
10011.30 15758.02
10023.49 15754.65
10035.71 15751.28
10048.63 15747.70
10061.13 15744.00
10074.16 15740.13
10086.59 15736.43
10098.73 15732.83
10111.34 15728.85
10124.26 15724.67
10136.88 15720.59
10175.45 15706.45
10187.35 15701.03
10199.51 15695.48
10212.19 15689.70
10225.01 15683.86
10237.81 15678.03
10250.72 15672.14
10263.66 15666.24
10275.91 15660.66
10288.57 15654.89
10300.62 15649.83
10313.28 15646.14
10326.96 15642.16
10339.78 15638.43
10352.72 15634.69
10365.70 15630.93
10379.05 15626.64
10392.33 15622.29
10405.23 15618.05
10418.83 15614.01
10432.33 15610.15
10445.27 15606.44
10473.42 15598.01
10476.44 15597.08
10494.21 15590.96
10499.94 15587.73
10503.41 15585.53
10514.24 15572.60
10518.01 15564.03
10522.33 15553.50
10526.04 15542.18
10528.05 15533.99
10529.14 15524.02
10529.37 15517.51
10529.37 15514.42
10540.47 15508.04
10546.93 15508.88
10555.65 15510.03
10565.73 15511.35
10578.01 15512.96
10591.33 15514.71
10605.13 15516.52
10619.30 15518.37
10633.47 15520.23
10647.79 15522.11
10662.12 15523.99
10675.57 15525.75
10689.12 15527.53
10703.47 15529.41
10717.19 15527.34
10729.47 15521.63
10742.13 15515.73
10754.86 15509.80
10767.74 15503.80
10780.04 15498.07
10791.80 15492.60
10808.23 15482.76
10817.76 15475.82
10827.02 15469.07
10835.48 15462.80
10844.04 15456.41
10852.59 15450.02
10861.13 15443.64
10879.59 15429.23
10888.27 15422.17
10896.10 15415.79
10904.21 15409.18
10912.42 15402.51
10920.61 15395.84
10927.78 15390.01
10935.51 15383.72
10951.70 15368.42
10957.98 15362.25
10965.37 15354.88
10972.24 15347.99
10979.71 15340.47
10986.88 15328.59
10993.41 15321.92
10998.44 15316.75
11001.17 15313.95
11002.16 15312.92
11002.49 15312.59
11002.54 15312.54
11002.55 15312.53
11002.55 15312.53
11003.18 15311.88
11004.12 15310.91
11006.48 15308.49
11008.58 15306.33
11009.09 15305.81
11009.32 15305.57
11009.42 15305.47
11009.43 15305.46
11009.43 15305.46
11009.43 15305.46
11009.43 15305.46
11009.43 15305.46
11009.43 15305.46
11009.43 15305.46
11009.43 15305.46
11009.43 15305.46
11009.43 15305.46
11009.43 15305.46
11009.43 15305.46
11009.43 15305.46
11009.43 15305.46
11009.43 15305.46
11019.14 15295.39
11020.45 15294.04
11022.35 15292.10
11023.08 15291.35
11023.36 15291.06
11023.40 15291.02
11023.41 15291.01
11023.41 15291.01
11023.41 15291.00
11023.41 15291.00
11023.88 15290.53
11024.78 15289.61
11026.15 15288.21
11026.94 15287.37
11026.99 15287.30
11027.00 15287.29
11027.00 15287.29
11027.00 15287.29
11027.00 15287.29
11027.00 15287.29
11027.00 15287.29
11027.00 15287.29
11027.00 15287.29
11027.00 15287.29
11027.00 15287.29
11027.00 15287.29
11027.00 15287.29
11027.00 15287.29
11027.00 15287.29
11027.00 15287.29
11027.00 15287.29
11027.00 15287.29
11027.00 15287.29
11027.00 15287.29
11039.18 15277.98
11041.23 15275.78
11044.45 15272.34
11048.52 15267.99
11054.07 15262.02
11061.03 15254.76
11069.31 15246.24
11078.02 15237.15
11086.50 15228.31
11100.26 15213.69
11108.03 15205.24
11115.94 15196.65
11123.79 15188.11
11132.12 15179.06
11140.05 15170.43
11161.67 15147.36
11169.41 15139.19
11176.95 15131.23
11183.94 15124.29
11189.29 15119.06
11192.11 15116.31
11192.57 15115.86
11192.67 15115.77
11192.71 15115.73
11192.71 15115.72
11192.72 15115.72
11192.72 15115.72
11192.72 15115.72
11192.72 15115.72
11198.07 15110.62
11199.36 15109.50
11201.43 15107.88
11204.33 15105.61
11222.07 15093.06
11229.97 15088.26
11239.23 15082.63
11249.39 15076.46
11264.16 15067.50
11272.97 15062.16
11291.07 15050.91
11300.13 15045.14
11306.01 15041.40
11308.97 15039.51
11309.65 15039.08
11310.05 15038.82
11310.08 15038.81
11310.09 15038.80
11310.09 15038.80
11310.09 15038.80
11310.09 15038.80
11310.09 15038.80
11310.09 15038.80
11310.09 15038.80
11310.09 15038.80
11310.09 15038.80
11310.09 15038.80
11310.09 15038.80
11310.09 15038.80
11310.09 15038.80
11310.09 15038.80
11310.09 15038.80
11310.09 15038.80
11310.09 15038.80
11310.09 15038.80
11310.09 15038.80
11310.09 15038.80
11310.09 15038.80
11310.09 15038.80
11310.09 15038.80
11310.09 15038.80
11310.09 15038.80
11310.09 15038.80
11310.09 15038.80
11310.09 15038.80
11310.09 15038.80
11310.09 15038.80
11310.09 15038.80
11310.09 15038.80
11310.09 15038.80
11310.09 15038.80
11310.09 15038.80
11310.16 15038.75
11310.46 15038.56
11310.90 15038.28
11311.69 15037.78
11313.11 15036.87
11316.17 15034.92
11318.89 15033.19
11322.27 15031.04
11326.38 15028.42
11331.87 15024.92
11338.90 15020.44
11353.18 15011.41
11362.70 15005.79
11371.70 15000.49
11380.03 14995.57
11389.85 14989.77
11399.06 14984.34
11408.47 14978.79
11415.40 14974.70
11429.37 14966.43
11436.13 14962.42
11441.34 14959.33
11444.70 14957.34
11446.59 14956.21
11447.01 14955.97
11448.98 14954.80
11452.71 14952.56
11454.97 14951.18
11454.07 14947.87
11455.74 14946.85
11458.94 14944.91
11464.04 14941.82
11470.27 14938.03
11481.92 14930.87
11495.29 14925.98
11504.31 14919.95
11513.34 14913.69
11522.69 14907.20
11531.11 14901.29
11540.31 14894.66
11549.36 14888.13
11563.03 14878.00
11570.76 14872.21
11576.04 14868.27
11579.11 14865.97
11581.57 14864.12
11582.21 14863.63
11582.41 14863.47
11582.58 14863.35
11582.64 14863.30
11582.66 14863.28
11582.66 14863.28
11582.67 14863.28
11582.67 14863.28
11582.67 14863.28
11582.67 14863.28
11582.67 14863.28
11582.67 14863.28
11582.67 14863.28
11582.68 14863.27
11582.78 14863.19
11583.09 14862.96
11583.51 14862.63
11584.70 14861.73
11587.11 14859.89
11590.53 14857.28
11595.70 14853.34
11601.39 14848.99
11608.10 14843.87
11615.90 14837.92
11624.23 14831.56
11632.65 14825.14
11641.52 14818.37
11657.68 14805.57
11665.80 14799.01
11674.70 14791.82
11682.29 14785.69
11689.23 14780.06
11695.78 14774.60
11703.16 14768.44
11712.00 14761.07
11720.59 14753.91
11727.07 14748.26
11733.11 14742.82
11737.20 14739.01
11740.78 14735.68
11744.10 14732.60
11746.79 14730.10
11747.80 14729.16
11749.17 14727.89
11751.44 14725.78
11753.87 14723.52
11763.90 14713.71
11767.30 14710.25
11771.95 14705.51
11777.62 14699.74
11782.74 14694.52
11793.59 14683.06
11798.96 14677.26
11804.60 14671.17
11808.08 14667.63
11810.12 14665.57
11810.43 14665.25
11810.54 14665.14
11810.61 14665.07
11810.64 14665.04
11810.64 14665.04
11810.64 14665.04
11810.64 14665.04
11810.64 14665.04
11810.64 14665.04
11810.64 14665.04
11810.64 14665.04
11810.64 14665.04
11811.91 14663.76
11813.15 14662.51
11813.98 14661.67
11814.97 14660.67
11820.60 14654.65
11821.42 14653.77
11822.61 14652.50
11824.29 14650.69
11826.54 14648.28
11829.14 14645.48
11852.51 14639.98
11860.64 14649.28
11866.71 14661.47
11873.53 14675.00
11881.23 14690.26
11891.12 14702.56
11897.69 14715.58
11904.01 14728.12
11910.63 14741.25
11917.42 14754.72
11924.49 14768.73
11931.06 14781.76
11940.98 14797.40
11947.99 14810.82
11955.37 14824.93
11962.82 14839.18
11970.19 14853.29
11978.96 14866.41
11990.01 14877.60
12000.48 14872.18
12011.06 14866.70
12021.21 14861.34
12031.69 14855.63
12043.27 14845.59
12058.65 14837.27
12067.23 14832.71
12082.30 14828.48
12095.65 14821.47
12106.94 14815.40
12117.02 14810.10
12126.64 14805.08
12136.64 14799.86
12147.09 14794.41
12157.02 14789.23
12166.86 14784.09
12177.18 14778.70
12186.75 14773.71
12196.09 14768.83
12205.76 14763.79
12215.28 14758.82
12230.08 14750.78
12239.96 14744.82
12248.73 14739.53
12259.09 14733.28
12266.12 14728.54
12271.27 14724.58
12274.67 14721.96
12279.73 14718.07
12286.69 14712.72
12296.53 14705.25
12299.51 14702.91
12302.91 14700.24
12325.45 14682.91
12335.64 14674.60
12346.25 14665.96
12356.85 14657.34
12367.48 14648.70
12377.30 14640.45
12387.20 14631.72
12397.64 14622.53
12407.76 14613.60
12417.73 14604.83
12427.71 14596.71
12437.44 14589.26
12443.38 14583.80
12446.49 14580.95
12447.96 14579.60
12448.80 14578.83
12450.70 14577.08
12453.97 14574.08
12458.18 14570.22
12475.16 14572.98
12482.19 14580.20
12490.45 14588.68
12499.79 14599.25
12509.18 14610.03
12518.40 14620.62
12527.74 14631.26
12536.37 14641.09
12544.53 14650.39
12552.48 14659.45
12560.29 14668.36
12569.02 14678.30
12577.19 14687.61
12585.70 14697.31
12593.45 14706.13
12600.46 14714.12
12608.53 14723.33
12620.02 14735.67
12626.79 14742.30
