12998.75 14998.47
13000.64 14999.61
13003.81 15000.78
13009.06 14999.98
13015.73 14998.96
13024.60 14997.61
13034.91 14996.03
13044.57 14994.56
13054.79 14993.00
13064.40 14991.53
13074.10 14990.05
13083.79 14988.57
13093.43 14987.09
13103.62 14985.54
13113.01 14984.10
13118.35 14983.29
13119.63 14983.09
13119.13 14977.30
13114.51 14974.09
13108.05 14969.59
13101.60 14961.08
13092.76 14954.93
13083.71 14948.64
13074.53 14942.25
13065.39 14935.91
13056.49 14929.80
13047.34 14923.53
13038.11 14917.20
13029.12 14911.03
13020.01 14905.09
13010.52 14901.01
12999.68 14898.43
12985.47 14894.42
12981.83 14893.72
12979.69 14892.73
12979.16 14892.47
12979.04 14892.41
12979.02 14892.41
12979.02 14892.40
12979.02 14892.40
12966.18 14884.96
12964.13 14882.72
12960.68 14878.95
12957.05 14873.67
12952.72 14867.27
12947.31 14859.26
12943.84 14854.13
12941.99 14851.39
12941.71 14850.98
12941.50 14850.67
12941.30 14850.37
12941.29 14850.35
12941.28 14850.34
12941.28 14850.34
12941.28 14850.34
12941.28 14850.34
12941.28 14850.34
12940.74 14849.53
12939.01 14846.98
12944.76 14846.64
12948.25 14851.83
12953.15 14858.70
12959.29 14867.33
12965.61 14875.84
12973.97 14880.87
12982.32 14885.84
12991.91 14887.62
13004.71 14886.70
13016.12 14887.70
13027.33 14889.26
13038.21 14893.22
13047.37 14898.86
13056.21 14904.87
13065.46 14911.08
13075.10 14917.55
13083.99 14923.49
13092.79 14929.22
13101.91 14935.15
13110.71 14940.89
13120.02 14946.95
13128.85 14952.70
13135.25 14956.80
13139.07 14959.11
13139.66 14959.47
13139.80 14959.55
13139.82 14959.56
13139.82 14959.56
13139.82 14959.56
13139.82 14959.56
13144.01 14961.87
13146.36 14963.37
13150.08 14965.76
13155.04 14968.94
13161.27 14972.93
13168.18 14977.37
13175.25 14981.90
13182.87 14986.78
13189.79 14991.22
13205.85 15001.51
13205.89 15001.54
13205.91 15001.55
13205.91 15001.56
13205.91 15001.56
13205.91 15001.56
13205.91 15001.56
13205.91 15001.56
13205.91 15001.56
13205.91 15001.56
13205.91 15001.56
13205.91 15001.56
13205.91 15001.56
13205.91 15001.56
13205.91 15001.56
13205.91 15001.56
13205.91 15001.56
13205.91 15001.56
13205.91 15001.56
13205.91 15001.56
13205.91 15001.56
13205.91 15001.56
13211.88 15007.37
13211.95 15007.41
13212.01 15007.45
13212.03 15007.46
13212.04 15007.47
13221.56 15011.67
13223.02 15012.62
13225.24 15014.06
13228.26 15016.01
13240.42 15025.83
13248.89 15031.28
13257.98 15037.13
13266.84 15042.83
13275.45 15048.37
13284.22 15054.01
13293.22 15059.79
13301.88 15064.90
13310.39 15069.92
13319.62 15075.38
13329.07 15080.95
13337.70 15086.05
13346.39 15091.18
13355.22 15096.26
13364.79 15101.62
13374.12 15106.85
13397.78 15118.76
13406.60 15123.59
13415.93 15128.70
13424.76 15133.53
13433.96 15138.57
13442.46 15143.23
13451.35 15148.09
13460.65 15153.18
13469.46 15158.09
13478.27 15163.10
13486.86 15167.98
13495.64 15172.97
13504.77 15178.16
13517.43 15189.15
13526.71 15194.43
13535.27 15199.29
13544.28 15204.41
13553.18 15209.47
13561.74 15214.30
13568.56 15214.28
13571.17 15215.78
13571.90 15216.20
13572.02 15216.27
13572.07 15216.30
13572.10 15216.31
13572.12 15216.32
13572.12 15216.32
13572.12 15216.32
13580.54 15221.17
13583.39 15222.81
13587.81 15225.35
13593.30 15228.50
13599.80 15232.23
13607.86 15236.86
13616.89 15242.05
13625.80 15247.17
13639.90 15255.13
13648.29 15259.69
13657.00 15264.36
13665.57 15268.83
13674.55 15273.51
13683.08 15277.95
13691.80 15282.49
13700.86 15287.01
13709.30 15291.08
13717.89 15295.45
13741.21 15307.65
13750.40 15312.51
13759.28 15317.21
13768.09 15321.65
13777.42 15326.22
13786.46 15330.64
13796.13 15335.37
13805.82 15340.11
13815.25 15344.72
13829.30 15351.59
13837.73 15355.71
13846.41 15359.95
13861.51 15367.11
13867.80 15370.02
13880.23 15375.78
13886.96 15382.51
13894.62 15386.05
13903.98 15390.37
13913.08 15394.56
13923.36 15399.30
13933.00 15403.75
13943.11 15408.41
13953.01 15412.73
13964.08 15414.13
13974.49 15413.57
13985.61 15412.85
13996.72 15412.16
14007.82 15411.53
14020.75 15412.18
14030.21 15411.32
14039.44 15410.48
14048.54 15409.64
14057.56 15408.82
14066.74 15407.98
14076.01 15407.13
14082.29 15406.56
14085.56 15406.31
14086.18 15406.26
14086.31 15406.26
14086.34 15406.25
14086.35 15406.25
14086.35 15406.25
14086.35 15406.25
14086.35 15406.25
14086.35 15406.25
14086.35 15406.25
14086.35 15406.25
14086.87 15406.21
14088.43 15406.10
14090.05 15405.98
14090.68 15405.93
14091.04 15405.91
14091.11 15405.90
14091.76 15405.84
14093.74 15405.65
14094.71 15405.56
14095.60 15405.48
14096.02 15405.44
14096.05 15405.43
14096.06 15405.43
14096.06 15405.43
14096.06 15405.43
14096.06 15405.43
14096.06 15405.43
14096.06 15405.43
14096.06 15405.43
14096.06 15405.43
14096.06 15405.43
14096.06 15405.43
14096.06 15405.43
14096.06 15405.43
14096.06 15405.43
14096.06 15405.43
14097.22 15405.32
14100.50 15405.00
14104.02 15404.67
14135.38 15405.64
14136.92 15411.14
14138.97 15418.45
14141.17 15426.33
14143.53 15434.74
14145.86 15443.07
14151.33 15450.39
14153.61 15458.53
14155.87 15466.61
14158.07 15474.46
14164.87 15495.07
14167.27 15500.31
14170.60 15505.21
14174.19 15509.86
14187.61 15526.67
14195.26 15534.54
14202.32 15541.79
14209.70 15549.38
14217.16 15557.04
14224.52 15564.60
14231.73 15572.01
14238.64 15579.11
14246.33 15587.10
14253.30 15594.35
14260.79 15601.89
14268.64 15609.57
14280.10 15609.07
14285.60 15608.54
14288.96 15608.21
14290.71 15608.04
14290.73 15608.04
14290.73 15608.04
14290.73 15608.04
14290.73 15608.04
14290.73 15608.04
14290.73 15608.04
14290.73 15608.04
14290.73 15608.04
14290.73 15608.04
14291.31 15607.99
14293.09 15607.81
14291.87 15636.35
14297.36 15641.40
14304.32 15647.79
14311.93 15654.79
14319.26 15661.52
14329.14 15666.11
14336.58 15672.95
14343.88 15679.65
14351.14 15686.33
14358.96 15693.51
14366.35 15700.24
14374.07 15706.53
14382.32 15713.27
14389.98 15719.40
14398.53 15726.00
14406.50 15732.16
14414.72 15738.52
14423.27 15745.12
14431.53 15751.51
14439.56 15757.72
14450.85 15768.34
14459.35 15774.31
14469.39 15781.36
14480.33 15788.50
14503.55 15805.40
14517.23 15812.89
14530.24 15820.02
14543.22 15827.12
14556.78 15834.55
14569.37 15841.55
14581.99 15848.60
14594.96 15855.85
14608.23 15863.26
14621.65 15870.75
14634.39 15877.87
14647.16 15885.00
14660.43 15892.01
14679.76 15901.90
14693.58 15909.13
14703.46 15914.78
14722.60 15925.47
14735.18 15932.13
14747.32 15938.55
14764.03 15945.97
14776.52 15953.11
14789.66 15960.60
14800.94 15970.84
14813.78 15978.17
14827.12 15985.77
14840.47 15993.39
14862.25 16005.84
14877.42 16014.45
14890.31 16021.76
14902.92 16028.92
14915.37 16035.98
14927.96 16043.12
14940.23 16050.08
14953.05 16057.35
14966.15 16064.34
14978.66 16071.01
14991.68 16077.95
15004.75 16084.43
15017.37 16090.53
15029.97 16096.63
15043.47 16103.17
15056.00 16109.38
15066.87 16115.14
15074.29 16119.06
15078.23 16121.14
15079.68 16121.91
15079.92 16122.04
15080.03 16122.09
15080.08 16122.12
15080.08 16122.12
15080.45 16122.31
15080.64 16122.42
15080.69 16122.44
15080.75 16122.47
15080.79 16122.50
15080.79 16122.50
15081.10 16122.66
15081.92 16123.10
15084.82 16124.62
15096.94 16134.38
15093.31 16137.33
15092.64 16142.13
15089.83 16144.41
15075.68 16155.84
15070.65 16160.04
15067.69 16162.51
15066.78 16163.28
15066.20 16163.76
15066.00 16163.93
15065.99 16163.94
15065.99 16163.94
15065.99 16163.94
15065.99 16163.94
15065.99 16163.94
15065.99 16163.94
15065.99 16163.94
15065.39 16164.44
15063.75 16165.81
15054.74 16173.34
15050.24 16176.01
15044.05 16179.69
15036.82 16183.91
15028.41 16188.55
15016.32 16198.11
15011.96 16204.81
15008.76 16212.55
15006.10 16220.39
