12572.32 17787.94
12571.10 17787.30
12568.23 17785.81
12562.95 17784.01
12555.49 17781.92
12546.33 17779.35
12535.41 17776.29
12522.90 17772.79
12511.19 17769.51
12498.68 17766.00
12487.03 17762.74
12474.96 17759.35
12462.38 17755.83
12453.10 17753.23
12447.83 17751.75
12443.75 17741.19
12445.49 17731.69
12447.53 17720.51
12449.94 17707.31
12452.34 17694.17
12454.76 17680.91
12457.17 17667.68
12459.07 17654.64
12459.77 17641.72
12460.51 17628.18
12461.23 17615.12
12461.98 17601.44
12462.72 17587.74
12463.45 17574.43
12463.95 17565.23
12464.26 17559.71
12457.17 17554.53
12450.41 17555.07
12443.11 17555.65
12436.12 17556.21
12429.50 17556.73
12422.11 17557.33
12414.86 17557.90
12407.50 17558.49
12400.52 17559.05
12393.61 17559.60
12386.77 17560.15
12380.40 17560.66
12365.66 17550.98
12365.88 17543.50
12366.10 17536.19
12366.30 17529.33
12366.52 17521.84
12366.74 17514.49
12366.96 17506.87
12367.18 17499.52
12367.37 17492.99
12367.59 17485.73
12367.81 17478.29
12367.97 17472.89
12368.53 17457.36
12368.75 17451.70
12369.00 17445.60
12369.24 17439.54
12369.47 17433.91
12370.18 17418.43
12370.51 17412.38
12370.87 17405.74
12371.23 17399.13
12371.56 17393.02
12371.91 17386.49
12372.32 17379.99
12372.71 17374.15
12373.08 17368.27
12373.44 17362.19
12373.69 17357.85
12374.04 17324.88
12374.11 17317.53
12374.17 17311.06
12374.24 17303.69
12374.31 17296.83
12374.37 17290.00
12374.43 17283.43
12374.50 17276.44
12374.56 17269.77
12374.46 17262.70
12374.21 17256.11
12373.95 17249.03
12373.70 17242.23
12373.45 17235.43
12373.18 17228.00
12372.93 17221.10
12372.65 17213.62
12372.40 17206.78
12372.26 17202.99
12370.77 17189.92
12369.86 17185.48
12369.31 17182.79
12365.17 17169.08
12362.82 17162.83
12360.62 17156.99
12357.97 17150.74
12353.72 17145.46
12349.40 17140.10
12345.58 17135.35
12342.24 17131.13
12340.38 17128.61
12340.27 17128.45
12340.25 17128.42
12341.33 17117.53
12343.46 17115.32
12346.65 17111.99
12350.95 17107.50
12355.08 17103.19
12359.19 17098.89
12363.34 17094.56
12367.87 17089.84
12377.66 17076.86
12380.98 17070.16
12383.99 17061.67
12382.80 17051.19
12374.87 17035.15
12367.93 17024.66
12360.98 17014.16
12354.02 17003.26
12347.48 16992.50
12340.42 16980.87
12333.37 16969.27
12326.84 16958.50
12320.37 16947.86
12313.61 16936.73
12306.58 16925.15
12299.63 16913.71
12292.96 16902.73
12286.14 16885.55
12282.69 16878.29
12280.54 16873.84
12273.91 16859.92
12269.26 16850.00
12263.99 16838.74
12257.30 16827.49
12250.36 16816.29
12243.40 16805.05
12236.00 16793.09
12228.38 16781.65
12220.41 16771.09
12212.44 16760.54
12206.39 16744.56
12199.80 16736.70
12193.39 16729.05
12180.30 16711.85
12174.70 16704.30
12162.76 16689.36
12154.49 16680.09
12146.29 16670.70
12138.44 16661.72
12130.11 16652.19
12121.15 16643.46
12112.43 16635.06
12103.47 16626.62
12094.43 16618.11
12085.47 16609.67
12077.36 16602.04
12072.24 16597.22
12070.10 16595.21
12069.95 16595.06
12068.46 16593.66
12066.67 16591.98
12053.52 16578.93
12050.06 16576.04
12045.84 16572.52
12040.80 16568.31
12035.26 16563.69
12029.52 16559.13
12024.21 16555.40
12018.75 16551.74
12013.54 16548.25
12007.97 16544.52
12004.31 16542.07
12002.19 16540.65
11999.29 16538.71
11971.42 16489.71
11970.95 16485.67
11970.46 16481.41
11969.98 16477.24
11970.04 16472.84
11970.11 16468.41
11970.49 16463.63
11970.80 16461.01
11971.11 16458.47
11974.15 16443.47
11977.10 16434.28
11980.02 16425.49
11983.02 16416.49
11985.86 16407.97
11988.85 16398.98
11991.93 16389.73
11995.00 16380.52
11998.06 16371.31
12000.70 16363.41
12003.42 16355.25
12006.36 16346.41
12008.93 16338.69
12011.99 16329.49
12015.04 16320.34
12017.64 16312.53
12020.67 16303.67
12023.78 16294.90
12027.01 16285.83
12030.06 16277.23
12033.16 16268.50
12035.87 16260.88
12038.70 16252.92
12041.52 16244.71
12044.21 16236.37
12046.88 16228.09
12049.52 16219.89
12052.53 16210.58
12060.31 16197.11
12064.08 16185.59
12071.56 16173.36
12076.35 16158.74
12081.78 16142.21
12087.78 16123.92
12093.25 16107.25
12097.12 16091.19
12101.82 16078.48
12107.48 16066.18
12113.52 16053.48
12120.10 16042.00
12126.88 16030.41
12133.41 16019.24
12140.36 16007.34
12147.28 15995.50
12153.97 15984.06
12161.00 15972.02
12168.09 15959.90
12175.22 15947.70
12182.23 15935.70
12188.94 15924.22
12195.66 15912.73
12202.33 15901.19
12208.91 15889.65
12215.82 15877.55
12222.62 15865.64
12229.11 15854.26
12235.78 15842.56
12242.43 15830.92
12249.17 15819.10
12255.87 15807.36
12262.75 15795.31
12269.61 15783.28
12276.15 15771.83
12282.43 15760.42
12288.76 15748.07
12294.88 15736.11
12300.92 15724.33
12306.77 15712.86
12313.00 15700.61
12318.92 15688.96
12326.00 15677.01
12333.32 15665.10
12340.28 15653.78
12347.53 15641.99
12354.49 15630.66
12361.40 15619.42
12368.32 15608.16
12375.25 15596.88
12382.36 15585.32
12389.77 15573.26
12403.62 15553.63
12409.95 15544.60
12416.46 15535.44
12422.79 15526.71
12429.36 15517.65
12435.85 15508.68
12450.46 15485.66
12457.22 15474.50
12464.34 15463.23
12471.19 15452.40
12475.31 15440.32
12477.85 15427.72
12478.36 15414.24
12477.91 15400.96
12474.69 15388.75
12471.04 15376.35
12466.79 15364.27
12460.31 15350.64
12459.99 15337.60
12460.57 15325.09
12462.16 15312.64
12463.88 15299.22
12466.03 15286.46
12468.27 15273.29
12470.43 15260.52
12472.23 15247.48
12473.60 15234.03
12474.98 15220.42
12476.28 15207.63
12479.70 15186.04
12480.62 15181.34
12481.15 15178.25
12481.40 15176.78
12481.41 15176.68
12481.42 15176.67
12481.42 15176.67
12481.42 15176.67
12481.42 15176.67
12481.42 15176.67
12481.42 15176.67
12481.42 15176.67
12481.42 15176.67
12481.42 15176.67
12481.42 15176.67
12481.45 15176.45
12481.58 15175.70
12481.80 15174.39
12482.15 15172.34
12505.75 15134.41
12510.19 15131.73
12515.58 15128.48
12519.84 15125.91
12524.94 15122.83
12545.30 15110.52
12555.81 15104.03
12566.50 15097.42
12576.33 15090.48
12586.14 15083.56
12596.21 15076.46
12606.66 15069.09
12616.40 15062.09
12626.36 15054.76
12637.82 15050.31
12660.57 15047.98
12672.91 15048.25
12685.93 15048.97
12699.16 15047.55
12712.54 15045.67
12725.07 15043.68
12737.60 15041.70
12750.97 15039.58
12764.00 15037.52
12777.02 15035.46
12789.50 15033.48
12802.78 15031.38
12815.73 15029.54
12827.67 15027.88
12838.95 15026.31
12850.90 15024.31
12863.47 15022.15
12873.71 15020.39
12881.34 15019.08
12884.79 15018.49
12885.17 15018.42
12885.51 15018.36
12885.59 15018.35
12885.61 15018.35
12885.61 15018.34
12885.61 15018.34
12885.62 15018.34
12885.62 15018.34
12885.62 15018.34
12885.62 15018.34
12885.62 15018.34
12885.62 15018.34
12885.62 15018.34
12885.62 15018.34
12885.62 15018.34
12885.62 15018.34
12885.62 15018.34
12885.62 15018.34
12885.62 15018.34
12885.62 15018.34
12885.62 15018.34
12885.62 15018.34
12885.62 15018.34
12885.62 15018.34
12885.62 15018.34
12885.62 15018.34
12885.62 15018.34
12885.62 15018.34
12885.62 15018.34
12885.62 15018.34
12885.62 15018.34
12885.62 15018.34
12885.62 15018.34
12885.62 15018.34
12885.62 15018.34
12885.62 15018.34
12885.62 15018.34
12885.62 15018.34
12885.62 15018.34
12885.62 15018.34
12885.62 15018.34
12885.62 15018.34
12885.62 15018.34
12885.62 15018.34
12885.62 15018.34
12885.62 15018.34
12885.62 15018.34
12885.62 15018.34
12885.62 15018.34
12885.62 15018.34
12885.62 15018.34
12885.62 15018.34
12885.62 15018.34
12885.62 15018.34
12885.62 15018.34
12886.26 15018.23
12887.91 15017.95
12891.63 15017.31
12896.81 15016.42
12915.61 15013.42
12922.20 15012.67
12930.37 15011.74
12939.61 15010.69
12948.74 15009.66
12955.49 15009.27
12961.72 15009.05
12967.09 15008.86
12973.81 15008.62
12983.82 14980.63
12982.84 14971.83
12981.68 14961.40
12980.57 14951.44
12979.53 14942.14
12978.47 14932.60
12977.38 14922.82
12976.31 14913.20
12963.43 14886.84
12960.71 14878.99
12955.28 14871.05
12949.13 14861.95
12942.43 14852.04
12946.16 14828.34
12955.76 14821.78
12965.53 14814.62
12975.17 14807.67
12984.97 14801.09
12995.24 14794.20
13004.70 14787.85
13011.25 14783.46
13014.86 14781.04
13018.63 14778.51
13023.18 14775.45
13029.13 14771.46
13036.24 14766.83
13053.54 14758.53
13063.83 14751.55
13075.17 14745.24
13087.00 14738.66
13098.79 14733.74
13110.92 14728.52
13123.23 14722.93
13136.39 14718.71
13149.32 14715.79
13169.45 14712.38
13181.04 14710.40
13193.38 14707.70
13204.46 14703.92
13215.70 14699.70
13226.79 14690.48
13238.01 14684.19
13248.93 14678.07
13258.77 14671.38
13269.04 14663.93
13279.03 14657.60
13285.66 14653.59
13288.86 14651.66
13290.10 14650.91
13291.28 14650.20
13293.50 14648.86
13297.69 14646.32
13299.07 14645.49
13299.44 14645.27
13299.49 14645.24
13299.53 14645.21
13299.53 14645.21
13299.53 14645.21
13299.53 14645.21
13299.53 14645.21
13299.53 14645.21
13299.53 14645.21
13299.53 14645.21
13299.53 14645.21
13299.53 14645.21
13299.53 14645.21
13299.53 14645.21
13299.53 14645.21
13299.53 14645.21
13299.53 14645.21
13299.53 14645.21
13330.40 14634.12
13332.68 14633.77
13336.26 14633.23
13341.21 14631.92
13347.75 14630.05
13355.80 14627.74
13364.10 14625.36
13373.11 14622.78
13382.06 14620.22
13395.50 14620.11
13412.16 14615.66
13424.20 14612.15
13436.46 14608.57
13449.02 14604.91
13461.11 14601.39
13473.11 14597.55
13484.50 14593.53
13494.29 14590.08
13503.32 14586.89
13513.13 14583.43
13525.44 14574.86
13531.48 14572.17
13535.07 14570.57
13536.84 14569.78
13536.87 14569.76
13536.90 14569.75
13536.90 14569.75
13536.90 14569.75
13536.90 14569.75
13536.90 14569.75
13536.90 14569.75
13536.90 14569.75
13536.90 14569.75
13536.90 14569.75
13536.90 14569.75
13536.90 14569.75
13536.90 14569.75
13536.90 14569.75
13538.24 14569.15
13541.22 14567.83
13554.95 14563.19
13561.31 14561.43
13569.04 14559.33
13578.96 14556.72
13590.98 14554.64
13602.88 14552.57
13614.89 14551.49
13627.49 14551.05
13639.95 14551.11
13649.36 14552.03
13655.42 14552.62
13657.55 14552.83
13657.81 14552.85
13657.93 14552.86
13657.96 14552.87
13657.97 14552.87
13657.97 14552.87
13657.97 14552.87
13657.97 14552.87
13657.97 14552.87
13657.97 14552.87
13657.97 14552.87
13660.16 14553.08
13667.23 14550.36
13667.27 14545.08
13667.32 14538.36
13667.38 14530.14
13667.44 14520.79
13667.51 14511.05
13667.59 14501.00
13667.66 14491.28
13667.73 14481.22
13667.79 14472.20
13667.83 14466.51
13667.85 14463.87
13667.85 14463.74
13667.85 14463.70
13667.85 14463.69
13667.85 14463.69
13667.85 14463.69
13667.85 14463.69
13668.24 14424.83
13668.28 14423.12
13668.33 14420.60
13668.88 14417.26
13669.64 14413.24
13672.58 14397.60
13678.30 14385.62
13679.95 14372.72
13681.11 14359.83
13682.24 14346.92
13683.36 14334.02
13684.43 14321.69
13685.70 14309.19
13688.37 14292.24
13690.44 14281.92
13691.79 14274.14
13693.39 14269.97
13693.77 14255.75
13694.52 14247.89
13695.40 14238.73
13696.45 14227.70
13696.95 14215.31
13696.68 14203.26
13696.35 14191.03
13697.50 14179.07
13697.22 14175.30
13693.09 14150.29
13691.40 14141.18
13689.75 14132.28
13687.99 14122.78
13686.47 14114.54
13682.12 14105.66
13682.01 14105.16
13681.99 14105.10
13679.05 14091.66
13678.88 14090.98
13678.62 14090.01
13675.21 14077.32
13672.71 14068.72
13669.89 14058.49
13666.68 14046.83
13663.63 14035.46
13660.64 14024.30
13657.57 14012.84
13655.44 14004.58
13654.50 13999.62
13654.29 13998.52
13654.29 13998.52
13654.29 13998.52
13651.06 13980.95
13650.80 13979.06
13650.38 13976.06
13649.05 13963.00
13648.35 13953.89
13647.63 13942.66
13647.02 13931.54
13646.46 13920.84
13646.22 13900.96
13646.22 13888.01
13646.86 13874.41
13647.50 13861.93
13649.45 13849.34
13651.42 13836.65
13653.48 13823.33
13655.45 13810.64
13657.49 13797.49
13653.91 13778.32
13650.19 13772.81
13636.57 13771.36
13627.10 13772.73
13619.99 13773.77
13617.08 13784.04
13617.34 13791.17
13617.61 13798.55
13617.89 13806.35
13618.14 13813.09
13618.43 13820.97
13618.69 13828.28
13618.98 13836.16
13617.42 13842.23
13609.51 13842.44
13602.33 13842.63
13594.86 13842.83
13587.67 13843.03
13580.51 13843.22
13573.25 13843.41
13565.55 13843.62
13558.67 13843.80
13550.88 13844.01
13543.96 13844.19
13536.38 13844.40
13529.62 13844.58
13521.86 13844.79
13515.02 13844.97
13507.87 13845.16
13500.67 13845.35
13493.58 13845.54
13486.18 13845.74
13478.27 13845.95
13474.15 13842.48
13473.96 13835.14
13473.77 13827.93
13473.58 13821.02
13473.39 13813.75
13473.09 13805.84
13472.81 13798.38
13472.54 13791.10
13476.94 13761.00
13485.46 13759.77
13495.81 13758.28
13507.53 13756.59
13519.90 13751.89
13532.50 13750.81
13544.55 13750.44
13556.59 13750.08
13568.92 13749.70
13581.50 13749.33
13602.90 13749.03
13613.55 13747.10
13625.21 13745.83
13636.65 13743.84
13646.25 13741.24
13652.94 13739.00
13656.61 13737.77
13656.92 13737.67
13657.01 13737.64
13657.04 13737.63
13657.04 13737.63
13668.89 13737.13
13668.96 13737.10
