10675.46 23032.37
10674.11 23031.09
10671.27 23028.37
10667.22 23024.51
10662.13 23019.83
10655.59 23013.83
10647.38 23006.29
10638.07 22997.73
10627.31 22988.67
10617.46 22980.43
10606.93 22971.63
10596.39 22963.06
10585.93 22954.74
10575.82 22946.70
10565.44 22938.45
10547.44 22924.63
10538.38 22918.15
10529.14 22911.98
10520.92 22906.50
10515.63 22902.98
10500.02 22890.89
10492.53 22886.15
10484.08 22880.81
10468.43 22872.56
10458.76 22866.01
10446.61 22855.61
10436.02 22848.20
10425.94 22840.08
10417.90 22828.81
10414.63 22815.81
10414.23 22802.05
10417.23 22789.13
10423.33 22777.52
10431.82 22767.51
10440.88 22757.32
10449.85 22747.20
10458.45 22737.15
10467.32 22726.80
10475.93 22716.84
10501.51 22687.02
10509.38 22681.74
10515.55 22673.15
10522.59 22663.36
10530.79 22651.96
10540.02 22639.12
10552.98 22626.76
10563.11 22612.66
10572.85 22599.12
10582.81 22585.26
10602.02 22559.72
10614.35 22544.10
10625.72 22527.86
10636.92 22511.74
10647.84 22496.08
10658.88 22480.62
10670.10 22464.91
10681.57 22448.84
10692.91 22432.97
10704.35 22416.94
10714.79 22402.32
10722.55 22390.22
10729.76 22378.37
10736.67 22367.01
10743.80 22355.28
10750.92 22343.59
10758.12 22328.75
10765.17 22317.38
10772.40 22305.72
10779.25 22294.66
10786.29 22283.30
10793.39 22272.34
10801.05 22261.59
10809.24 22250.09
10816.90 22239.33
10824.92 22228.06
10832.72 22217.12
10839.75 22206.16
10847.17 22194.23
10854.55 22182.37
10861.63 22170.99
10868.48 22159.99
10894.02 22122.44
10900.06 22111.03
10906.15 22099.53
10912.12 22087.99
10917.65 22076.33
10923.62 22063.75
10928.24 22050.97
10932.64 22037.90
10934.09 22023.24
10938.33 22010.65
10942.73 21997.56
10946.82 21984.46
10950.45 21971.99
10954.17 21959.21
10957.89 21946.08
10961.52 21933.11
10965.14 21920.18
10968.83 21907.00
10972.49 21893.90
10976.26 21880.38
10979.71 21867.47
10983.14 21854.28
10986.61 21840.92
10989.87 21828.39
10993.26 21815.37
10996.80 21801.73
11000.26 21788.44
11003.68 21775.27
11007.28 21762.04
11010.95 21749.46
11014.59 21736.94
11018.50 21723.55
11022.17 21710.96
11026.07 21697.58
11029.82 21684.74
11033.53 21672.02
11037.47 21658.60
11041.13 21646.21
11044.88 21633.49
11048.82 21620.17
11052.56 21607.50
11056.38 21594.55
11060.20 21581.62
11063.90 21569.10
11067.71 21555.86
11071.26 21542.67
11074.80 21529.51
11078.21 21516.85
11082.29 21482.38
11082.49 21469.70
11082.68 21457.07
11082.66 21444.97
11082.57 21433.05
11082.77 21416.12
11081.43 21402.32
11080.08 21388.32
11078.13 21374.99
11075.95 21361.30
11073.68 21347.04
11071.39 21332.64
11069.17 21318.73
11065.57 21302.24
11062.22 21289.08
11058.69 21275.20
11055.58 21261.93
11052.61 21248.00
11049.63 21234.06
11046.80 21220.83
11043.98 21207.68
11041.04 21194.70
11037.95 21181.09
11035.02 21168.16
11032.04 21155.03
11029.06 21141.92
11025.89 21127.91
11022.39 21114.42
11018.62 21101.39
11011.02 21080.17
11007.15 21071.27
11002.32 21062.26
10997.76 21053.73
10994.48 21047.60
10992.95 21044.13
10981.91 21011.69
10980.23 21005.88
10978.82 20998.66
10977.91 20990.32
10978.88 20974.84
10981.25 20965.95
10984.56 20957.89
10978.93 20952.77
10975.11 20952.29
10971.84 20951.87
10969.82 20951.62
10943.11 20929.18
10936.05 20922.37
10928.11 20914.69
10919.22 20906.10
10910.21 20897.41
10901.64 20889.13
10892.75 20880.54
10884.09 20872.18
10875.40 20863.78
10866.09 20855.57
10856.34 20848.20
10838.67 20833.57
10827.63 20826.58
10816.21 20819.34
10804.49 20811.92
10792.98 20804.89
10780.82 20798.68
10769.01 20793.46
10756.22 20788.59
10743.55 20783.28
10731.86 20778.38
10719.66 20773.26
10711.04 20769.64
10705.02 20767.11
10699.30 20764.71
10682.25 20758.61
10674.05 20755.14
10664.06 20750.91
10653.03 20746.24
10642.24 20741.79
10621.38 20733.22
10610.25 20728.60
10599.37 20724.08
10588.14 20719.47
10577.10 20714.96
10566.16 20710.49
10555.31 20706.06
10543.98 20701.43
10533.93 20697.33
10527.57 20694.73
10523.96 20693.26
10522.67 20692.73
10522.50 20692.66
10522.41 20692.62
10522.36 20692.60
10522.35 20692.60
10521.07 20692.07
10517.73 20690.71
10492.34 20678.78
10487.68 20676.42
10481.93 20673.50
10475.08 20670.03
10466.89 20665.88
10457.47 20661.10
10446.15 20655.36
10435.41 20649.92
10424.56 20644.41
10413.43 20639.07
10402.21 20633.44
10390.64 20627.65
10380.07 20622.35
10362.12 20612.69
10349.05 20604.75
10338.72 20597.74
10328.57 20590.86
10318.17 20583.82
10307.25 20576.41
10297.14 20569.45
10279.23 20556.61
10269.50 20549.73
10259.85 20542.90
10250.21 20536.08
10240.18 20529.29
10230.16 20522.64
10220.78 20516.42
10203.54 20505.10
10193.68 20498.66
10183.73 20492.17
10174.08 20485.87
10164.15 20479.39
10156.17 20474.18
10151.50 20471.13
10146.77 20468.04
10145.33 20453.80
10150.36 20446.79
10156.69 20437.97
10164.39 20428.21
10173.28 20418.54
10182.54 20408.96
10192.01 20399.20
10201.27 20389.67
10210.15 20380.51
10219.35 20371.03
10234.33 20354.44
10242.52 20343.61
10250.10 20332.15
10256.72 20321.82
10262.81 20310.53
10268.63 20299.74
10274.64 20288.60
10281.38 20276.11
10287.61 20264.55
10293.62 20253.27
10298.90 20241.69
10304.13 20230.19
10309.34 20218.76
10314.64 20207.12
10320.17 20194.97
10325.49 20187.72
10328.37 20184.03
10332.38 20178.91
10332.80 20168.69
10333.97 20162.19
10337.24 20147.29
10336.79 20134.52
10336.84 20121.86
10338.26 20109.99
10339.91 20098.21
10341.65 20085.73
10342.26 20072.13
10341.75 20060.32
10340.02 20048.52
10338.07 20035.48
10330.48 20014.22
10325.96 20001.83
10321.81 19990.36
10317.33 19977.91
10313.10 19966.13
10308.40 19953.07
10303.95 19940.69
10299.29 19927.72
10294.86 19915.43
10290.33 19902.83
10286.09 19891.04
10281.33 19877.81
10276.98 19865.71
10272.87 19854.27
10268.63 19842.48
10264.36 19830.63
10259.62 19817.43
10255.06 19804.69
10250.89 19792.89
10246.67 19780.94
10242.19 19768.25
10237.89 19756.07
10233.54 19743.83
10228.79 19730.56
10224.35 19718.23
10219.90 19706.02
10215.27 19693.48
10210.47 19680.34
10206.44 19670.07
10197.09 19653.34
10192.74 19646.90
10186.71 19642.52
10175.77 19619.92
10175.27 19612.45
10176.34 19599.77
10176.46 19586.19
10175.69 19572.75
10174.53 19559.03
10173.57 19545.97
10172.61 19532.95
10171.95 19519.58
10171.33 19506.51
10170.68 19492.70
10170.06 19479.64
10169.39 19465.51
10168.80 19453.02
10168.21 19439.23
10167.76 19426.53
10168.56 19409.88
10168.45 19398.02
10168.06 19384.93
10167.69 19372.47
10167.17 19360.11
10166.63 19347.21
10166.13 19334.79
10165.67 19322.35
10165.18 19309.02
10166.28 19293.16
10165.82 19279.94
10165.36 19266.59
10164.89 19252.85
10164.42 19239.31
10163.97 19226.14
10163.51 19212.88
10163.05 19199.28
10162.61 19186.57
10162.24 19173.19
10162.04 19160.43
10164.79 19127.80
10166.58 19118.90
10169.81 19109.96
10172.66 19102.10
10174.94 19096.66
10176.27 19093.51
10176.70 19092.50
10176.83 19092.20
10176.88 19092.09
10176.88 19092.07
10176.89 19092.06
10176.89 19092.06
10176.89 19092.06
10177.26 19091.19
10177.92 19089.63
10178.63 19087.04
10178.86 19085.06
10178.90 19084.74
10178.90 19084.69
10178.90 19084.68
10178.90 19084.68
10178.90 19084.67
10178.90 19084.67
10178.90 19084.67
10178.90 19084.67
10178.90 19084.67
10178.90 19084.67
10178.90 19084.67
10178.90 19084.67
10178.90 19084.67
10178.90 19084.67
10178.90 19084.67
10178.90 19084.67
10178.90 19084.67
10178.90 19084.67
10184.65 19075.12
10185.57 19072.83
10186.89 19069.55
10188.76 19064.90
10194.68 19050.12
10198.37 19040.82
10202.57 19030.34
10206.66 19018.50
10209.55 19004.56
10211.33 18988.72
10212.54 18976.01
10213.82 18962.57
10215.10 18949.10
10216.29 18936.59
10217.48 18924.10
10219.71 18901.18
10221.07 18887.40
10222.47 18873.12
10223.79 18859.77
10226.00 18846.37
10228.60 18833.22
10231.78 18819.76
10235.37 18806.07
10239.11 18791.97
10242.80 18778.03
10246.53 18763.95
10250.10 18750.49
10253.64 18737.15
10257.36 18723.12
10261.07 18709.07
10264.52 18696.01
10268.22 18682.03
10271.33 18667.79
10273.40 18653.80
10273.75 18639.40
10272.26 18625.08
10270.23 18614.26
10267.30 18604.18
10264.05 18593.62
10260.99 18585.12
10259.03 18579.70
10257.93 18576.63
10287.60 18544.06
10293.83 18541.95
10300.33 18536.06
10308.80 18532.76
10319.05 18529.60
10330.06 18526.07
10341.45 18522.35
10352.44 18518.97
10363.30 18515.63
10374.24 18512.26
10385.24 18508.53
10396.08 18504.81
10407.08 18501.02
10414.43 18489.82
10406.68 18481.03
10393.21 18485.07
10380.08 18488.96
10367.06 18491.90
10353.50 18494.96
10339.77 18497.54
10326.74 18492.86
10316.73 18483.93
10312.21 18471.52
10313.47 18457.63
10318.69 18444.55
10323.32 18431.35
10327.35 18418.12
10331.23 18404.54
10334.90 18391.69
10338.39 18378.63
10342.00 18365.36
10345.02 18352.01
10348.56 18339.28
10352.59 18326.43
10356.76 18313.12
10360.98 18299.65
10364.59 18286.84
10367.59 18274.01
10370.88 18261.11
10374.29 18247.54
10377.24 18234.51
10382.39 18211.42
10384.37 18197.59
10386.50 18184.82
10388.27 18171.72
10389.64 18157.99
10390.97 18144.71
10392.27 18131.56
10393.58 18118.45
10394.35 18105.57
10395.14 18092.21
10395.95 18078.50
10396.78 18064.44
10398.18 18041.37
10398.99 18028.21
10399.81 18015.05
10400.68 18001.00
10401.52 17987.48
10402.36 17973.99
10403.21 17960.33
10404.05 17946.72
10404.91 17932.88
10405.72 17919.13
10406.35 17905.79
10406.90 17892.59
10407.45 17879.24
10408.01 17865.94
10408.59 17851.86
10409.16 17838.15
10410.27 17815.09
10410.97 17801.08
10411.68 17786.96
10412.36 17773.26
10413.05 17759.42
10413.75 17745.29
10414.43 17731.79
10415.12 17717.90
10415.83 17703.75
10416.49 17690.51
10417.15 17677.32
10417.82 17663.80
10418.47 17650.72
10419.17 17636.77
10417.80 17623.68
10416.06 17610.47
10416.50 17597.13
10417.73 17584.01
10419.03 17570.12
10421.45 17546.99
10422.91 17533.95
10424.39 17520.77
10425.87 17507.55
10427.29 17494.92
10431.06 17482.14
10433.23 17462.24
10433.15 17448.88
10433.07 17436.42
10432.99 17423.24
10432.93 17412.30
10432.88 17404.58
10432.86 17400.90
10429.62 17395.81
10428.92 17386.41
10433.01 17380.17
10433.19 17369.34
10433.41 17356.84
10433.65 17342.69
10433.89 17329.27
10434.12 17315.76
10434.35 17302.27
10434.59 17288.80
10434.82 17275.00
10434.42 17261.64
10433.81 17247.28
10433.73 17233.31
10433.55 17219.41
10433.28 17205.76
10433.01 17191.37
10432.51 17177.47
10432.49 17163.89
10432.47 17150.38
10432.44 17135.89
10432.42 17122.34
10432.19 17107.95
10431.88 17094.20
10431.57 17080.24
10431.27 17066.81
10430.95 17052.75
10430.60 17039.04
10429.53 17025.39
10427.97 17011.41
10426.42 16997.51
10422.91 16983.37
10418.99 16969.60
10414.77 16956.19
10410.27 16943.03
10399.36 16922.93
10392.11 16911.47
10384.88 16900.05
10377.50 16888.39
10370.18 16876.82
10362.51 16865.17
10354.65 16854.29
10346.52 16844.22
10338.26 16834.20
10329.34 16823.38
10321.03 16813.31
10312.20 16802.60
10297.41 16784.67
10289.69 16775.34
10281.44 16765.36
10273.41 16755.65
10265.10 16745.60
10252.61 16730.63
10243.94 16720.32
10235.88 16710.75
10227.38 16700.65
10218.76 16692.17
10212.51 16687.16
10201.77 16682.93
10196.19 16674.35
10208.74 16667.69
10218.59 16658.32
10229.06 16650.77
10239.61 16643.17
10250.53 16635.30
10260.91 16627.81
10271.90 16619.89
10282.43 16612.30
10294.14 16606.60
10313.18 16593.75
10322.94 16585.59
10333.13 16577.07
10343.63 16568.59
10354.21 16561.60
10365.49 16554.14
10375.83 16547.30
10387.03 16539.90
10398.17 16533.32
10409.05 16527.24
10413.03 16513.72
10405.40 16502.27
10398.18 16491.45
10390.58 16480.06
10383.19 16468.97
10376.01 16458.21
10368.39 16446.78
10360.78 16435.37
10353.54 16424.51
10345.99 16413.19
10338.28 16401.63
10330.73 16390.30
10323.35 16379.24
10316.00 16368.23
10308.90 16357.57
10286.96 16329.60
10279.40 16321.01
10271.59 16311.82
10264.06 16302.94
10257.43 16292.70
10251.35 16282.91
10245.34 16273.24
10235.27 16257.02
10232.69 16252.87
10226.19 16242.91
10226.05 16242.70
10226.00 16242.62
10226.00 16242.62
10226.00 16242.62
10226.00 16242.62
10220.26 16234.00
10219.10 16232.27
10217.58 16229.99
10216.30 16228.09
10215.76 16227.28
10215.66 16227.13
10215.56 16226.99
10215.56 16226.99
10215.56 16226.99
10208.69 16216.52
10206.38 16212.94
10203.06 16207.77
10198.63 16200.90
10193.08 16192.28
10186.81 16182.54
10179.14 16172.05
10170.62 16161.06
10162.47 16149.47
10155.40 16138.28
10148.42 16127.22
10141.22 16115.81
10133.98 16104.33
10126.67 16092.75
10119.21 16080.94
10111.94 16069.42
10104.87 16058.22
10097.87 16047.12
10084.58 16039.70
10074.53 16045.67
10064.55 16051.58
10054.02 16057.82
10035.65 16068.63
10025.74 16074.37
10015.93 16080.06
10008.12 16084.59
10002.98 16087.57
10000.40 16089.06
9998.46 16100.49
10000.71 16108.01
10003.50 16117.35
10006.69 16128.01
10010.34 16140.22
10014.40 16153.81
10018.49 16167.52
10021.55 16181.42
10014.81 16192.24
10002.67 16199.73
9989.95 16206.58
9977.07 16213.52
9964.81 16220.19
9953.02 16226.67
9940.99 16233.28
9928.77 16239.99
9916.70 16246.63
9904.91 16253.11
