5730.94 14017.99
5732.57 14017.94
5735.47 14017.86
5739.80 14017.73
5745.73 14017.56
5753.47 14017.33
5763.02 14017.06
5774.75 14016.71
5788.51 14016.31
5801.78 14015.93
5814.96 14015.54
5838.17 14015.21
5850.98 14015.27
5863.88 14015.34
5876.71 14015.40
5889.70 14015.46
5903.47 14015.54
5916.85 14015.63
5929.92 14015.72
5942.97 14015.35
5955.73 14013.03
5965.06 14003.52
5981.81 13991.16
5994.80 13991.26
6007.80 13993.29
6019.79 13999.50
6028.45 14008.88
6035.32 14029.85
6036.15 14042.97
6037.00 14056.37
6037.81 14069.24
6038.65 14082.49
6039.46 14095.29
6040.31 14108.68
6041.17 14122.19
6042.43 14144.71
6043.13 14157.70
6043.82 14170.66
6044.51 14183.55
6045.22 14196.70
6045.89 14209.30
6047.09 14231.03
6047.70 14241.55
6048.27 14251.52
6048.66 14258.18
6048.90 14262.40
6048.96 14263.34
6048.97 14263.50
6048.97 14263.52
6048.97 14263.53
6048.97 14263.53
6048.97 14263.53
6048.97 14263.53
6049.01 14264.29
6049.16 14266.83
6049.32 14269.59
6049.56 14273.63
6049.71 14276.31
6049.74 14276.77
6049.75 14276.95
6049.84 14278.47
6053.43 14284.14
6057.93 14283.66
6063.88 14283.03
6071.29 14282.24
6080.13 14281.30
6090.07 14280.24
6099.93 14279.19
6110.48 14278.07
6130.29 14271.53
6135.38 14266.00
6138.33 14261.79
6139.85 14259.62
6140.45 14258.76
6140.55 14258.63
6140.56 14258.61
6140.57 14258.60
6140.57 14258.60
6140.57 14258.60
6140.57 14258.60
6140.83 14258.22
6141.77 14256.88
6147.65 14244.16
6149.00 14240.13
6151.62 14235.66
6151.28 14235.22
6146.30 14240.81
6162.10 14218.09
6168.82 14210.50
6175.64 14202.81
6183.09 14194.40
6189.70 14187.17
6196.62 14179.61
6203.60 14171.97
6211.15 14163.71
6223.38 14155.23
6233.22 14144.45
6243.22 14133.49
6252.83 14123.08
6263.26 14111.87
6273.28 14101.11
6283.15 14090.50
6292.68 14079.93
6302.08 14069.36
6311.27 14059.11
6321.00 14048.25
6330.15 14038.04
6340.45 14027.14
6348.17 14015.61
6353.44 14002.43
6356.32 13989.27
6358.73 13975.70
6358.94 13961.11
6358.60 13946.01
6358.27 13931.46
6357.95 13917.00
6360.68 13899.14
6359.95 13881.65
6359.17 13862.66
6358.33 13842.19
6357.42 13820.29
6356.23 13792.63
6355.01 13767.22
6353.24 13741.75
6351.50 13716.73
6349.69 13690.64
6346.80 13665.13
6343.57 13640.00
6338.58 13615.78
6334.60 13588.82
6329.26 13564.51
6323.29 13540.41
6315.15 13516.25
6307.54 13493.66
6299.84 13470.86
6292.13 13443.51
6283.01 13420.13
6273.64 13396.12
6264.51 13373.17
6254.55 13351.04
6244.82 13329.42
6236.92 13311.85
6230.82 13298.31
6222.51 13284.58
6218.61 13271.98
6212.43 13260.56
6205.95 13248.78
6200.07 13238.07
6193.41 13225.95
6187.05 13214.38
6172.51 13191.09
6166.28 13177.59
6160.47 13164.99
6154.60 13152.25
6148.92 13139.92
6142.80 13126.66
6136.62 13113.04
6130.60 13099.55
6125.01 13087.04
6119.22 13074.08
6113.22 13060.64
6107.30 13047.39
6101.46 13034.30
6093.65 13012.69
6087.71 12999.62
6081.85 12986.74
6075.89 12973.63
6070.14 12960.98
6063.98 12947.05
6058.23 12933.97
6052.51 12920.93
6046.98 12908.34
6041.21 12895.53
6034.96 12882.28
6028.94 12869.51
6008.52 12843.85
5996.72 12835.08
5983.47 12830.04
5969.83 12827.41
5956.12 12828.70
5943.30 12833.68
5931.88 12842.57
5922.10 12853.10
5915.15 12864.62
5909.08 12876.48
5903.21 12888.92
5900.11 12902.43
5901.65 12915.41
5910.36 12931.06
5920.84 12941.03
5934.04 12945.51
5947.15 12946.16
5961.24 12944.69
5975.40 12941.61
5988.74 12936.87
6001.57 12932.31
6014.55 12927.17
6028.58 12921.47
6041.47 12916.62
6054.60 12911.68
6073.48 12907.64
6088.90 12900.17
6105.26 12892.25
6123.17 12883.57
6142.97 12873.99
6166.64 12862.47
6188.82 12851.72
6212.71 12840.16
6238.44 12827.69
6265.15 12814.76
6292.75 12804.83
6319.82 12791.00
6348.56 12776.31
6378.32 12761.11
6421.57 12740.23
6452.69 12723.26
6483.69 12706.16
6514.77 12689.02
6545.73 12671.94
6576.08 12654.57
6606.75 12636.66
6638.57 12615.84
6668.85 12597.53
6699.18 12579.20
6728.89 12560.84
6758.06 12541.39
6787.41 12521.81
6817.51 12501.74
6845.17 12479.32
6874.55 12459.73
6904.14 12439.83
6933.20 12419.82
6962.68 12399.51
6992.36 12379.06
7021.79 12358.78
7050.96 12337.39
7079.61 12316.01
7108.72 12294.59
7137.07 12273.75
7165.78 12252.64
7194.57 12231.47
7223.06 12210.52
7252.02 12189.23
7280.34 12168.40
7308.89 12147.41
7337.88 12126.09
7366.24 12105.13
7394.95 12083.54
7423.34 12062.18
7451.70 12040.85
7479.77 12019.73
7508.56 11998.08
7536.63 11976.97
7565.50 11955.26
7594.18 11933.68
7622.41 11912.45
7650.58 11891.25
7678.81 11869.83
7706.73 11848.63
7735.23 11827.00
7763.12 11805.83
7791.32 11784.42
7819.47 11763.06
7847.52 11741.77
7875.74 11720.35
7904.17 11698.88
7932.45 11677.54
7960.73 11656.21
7988.84 11634.99
8017.39 11613.45
8045.91 11591.93
8074.47 11570.38
8102.52 11549.21
8130.53 11528.08
8158.90 11506.67
8187.48 11485.11
8215.61 11463.88
8244.31 11442.22
8273.06 11420.35
8301.44 11398.66
8329.87 11376.92
8358.20 11355.39
8386.30 11334.07
8414.51 11312.65
8442.34 11291.53
8470.23 11270.36
8498.52 11248.90
8527.07 11227.23
8555.82 11205.41
8583.63 11184.30
8611.52 11163.13
8639.86 11141.61
8667.99 11120.26
8695.81 11099.00
8724.16 11077.24
8752.39 11055.56
8781.03 11033.57
8808.80 11012.25
8836.63 10990.88
8865.05 10969.05
8893.16 10947.47
8921.31 10925.86
8949.41 10904.28
8977.90 10882.40
9005.66 10861.09
9034.29 10839.11
9062.48 10817.46
9090.78 10795.73
9119.17 10774.32
9147.91 10752.82
9176.35 10731.54
9204.64 10710.37
9232.94 10689.20
9260.93 10668.27
9289.77 10646.69
9318.00 10625.57
9346.21 10604.46
9374.93 10582.98
9403.55 10561.57
9432.47 10539.93
9460.78 10518.74
9489.62 10497.15
9518.54 10475.51
9546.74 10454.40
9575.52 10432.85
9603.54 10411.72
9632.20 10389.99
9660.47 10368.56
9688.58 10347.24
9716.94 10325.74
9745.02 10304.45
9773.30 10283.00
9801.30 10261.77
9829.66 10240.27
9857.49 10219.17
9885.69 10197.79
9913.62 10176.59
9942.10 10154.95
9969.94 10133.80
9998.49 10112.12
10026.78 10090.63
10054.78 10069.35
10082.98 10047.86
10111.50 10025.96
10139.37 10004.28
10167.54 9982.36
10195.94 9960.26
10224.25 9938.24
10252.71 9916.09
10281.19 9893.93
10309.22 9872.12
10336.98 9850.52
10365.04 9828.69
10392.94 9806.98
10421.53 9785.48
10449.62 9764.47
10478.11 9743.16
10506.82 9721.68
10535.25 9700.45
10565.46 9678.09
10593.23 9657.48
10623.13 9635.11
10651.37 9613.39
10678.92 9592.20
10707.16 9570.48
10735.51 9548.67
10763.87 9526.86
10791.89 9505.31
10819.39 9484.16
10847.10 9462.84
10876.96 9440.08
10903.96 9419.47
10931.16 9398.73
10961.10 9375.82
10989.32 9354.28
11017.74 9332.59
11046.06 9310.99
11074.17 9289.54
11101.94 9268.35
11130.38 9246.66
11157.99 9225.59
11185.85 9204.33
11214.03 9182.83
11241.93 9161.52
11270.21 9139.92
11297.79 9118.86
11325.80 9097.66
11354.06 9076.46
11382.27 9055.28
11410.21 9034.32
11438.42 9013.15
11466.82 8991.84
11494.85 8970.81
11523.23 8949.51
11551.43 8928.35
11579.32 8907.46
11607.49 8886.18
11635.90 8864.67
11664.22 8843.23
11702.88 8813.95
11729.81 8793.55
11757.01 8772.94
11784.37 8752.20
11811.98 8731.21
11839.41 8710.37
11866.74 8689.60
11898.73 8667.45
11926.96 8648.31
11957.19 8627.76
11986.25 8608.06
12015.53 8588.20
12045.16 8568.30
12075.12 8549.33
12104.96 8530.45
12135.22 8511.29
12166.00 8493.02
12196.81 8475.16
12227.75 8457.22
12258.34 8439.49
12289.39 8421.48
12321.06 8404.42
12352.05 8388.26
12383.60 8371.82
12414.59 8355.67
12446.58 8338.99
12477.87 8322.90
12510.30 8307.97
12542.49 8293.15
12574.38 8278.47
12606.88 8263.51
12638.85 8249.22
12672.09 8235.05
12704.92 8221.30
12737.85 8208.56
12771.35 8195.59
12804.76 8182.65
12837.35 8170.04
12870.83 8158.02
12904.57 8146.45
12938.44 8134.83
12972.60 8123.12
13006.22 8112.02
13040.45 8102.16
13074.80 8092.27
13108.81 8083.06
13143.44 8074.88
13178.05 8066.71
13212.43 8059.31
13247.93 8052.88
13283.09 8046.52
13317.76 8040.58
13352.70 8034.79
13387.79 8029.95
13423.28 8025.66
13458.83 8021.67
13494.74 8018.15
13529.93 8015.32
13565.32 8012.92
13600.64 8010.65
13639.07 8004.09
13676.75 8002.19
13716.61 8001.98
13758.30 8002.40
13801.31 8003.36
13845.94 8005.18
13892.69 8007.90
13937.59 8011.51
13977.93 8015.69
14015.00 8020.05
14047.62 8024.95
14080.25 8029.82
14116.52 8035.54
14146.98 8040.35
14173.95 8044.58
14196.68 8047.93
14220.71 8048.99
14244.42 8051.66
14268.13 8054.17
14291.09 8055.04
14313.92 8055.90
14336.70 8056.76
14360.40 8057.23
14383.87 8056.70
14406.83 8053.29
14429.77 8048.06
14452.22 8040.80
14472.78 8030.70
14492.71 8018.09
14511.30 8003.12
14527.86 7986.69
14543.05 7968.54
14555.34 7949.02
14565.66 7927.97
14573.26 7905.65
14577.96 7882.92
14582.35 7860.67
14585.79 7837.94
14589.05 7814.48
14591.83 7791.17
14594.22 7768.37
14595.73 7745.54
14597.07 7721.78
14598.34 7699.17
14599.16 7676.30
14600.79 7649.45
14601.93 7624.35
14603.13 7597.79
14604.39 7569.86
14605.75 7539.93
14605.64 7505.20
14607.04 7471.48
14608.52 7435.67
14610.06 7398.40
14611.68 7359.29
14613.40 7317.67
14615.19 7274.40
14617.08 7228.65
14619.04 7181.34
14621.09 7131.91
14623.22 7080.39
14625.42 7027.28
14627.66 6972.96
14629.92 6918.50
14632.18 6863.86
14634.44 6809.12
14636.68 6754.98
14638.93 6700.61
14640.99 6645.28
14641.75 6590.86
14642.52 6536.21
14643.15 6481.22
14641.15 6426.35
14639.15 6371.51
14636.12 6316.68
14631.56 6262.11
14627.03 6207.67
14622.49 6153.25
14617.97 6099.02
14613.42 6044.51
14608.92 5990.48
14602.51 5933.60
14597.76 5879.58
14593.01 5825.63
14588.26 5771.56
14576.29 5681.43
14565.50 5640.78
14544.27 5609.33
14511.84 5599.46
14482.62 5607.79
14465.05 5628.55
14455.71 5652.57
14448.91 5688.06
14447.84 5697.06
14449.27 5714.30
14456.25 5725.45
14471.69 5735.19
14488.31 5741.07
14506.88 5747.65
14525.65 5754.30
14547.04 5761.88
14566.37 5768.61
14585.50 5775.00
14604.92 5781.49
14624.26 5787.95
14643.31 5794.32
14662.95 5800.17
14682.92 5805.84
14701.89 5811.17
14720.87 5815.97
14740.47 5820.92
14760.86 5825.03
14780.50 5828.56
14802.78 5828.37
14821.63 5830.49
14839.88 5832.55
14857.95 5834.61
14871.31 5836.09
14886.13 5837.73
14903.90 5831.87
14911.20 5825.65
14915.76 5817.45
14923.89 5794.21
14924.87 5780.11
14925.86 5766.02
14926.87 5751.53
14927.82 5737.94
14928.84 5723.44
14929.65 5711.78
14930.20 5703.96
14930.48 5700.00
14933.51 5703.91
14933.01 5711.05
14932.41 5719.64
