14091.30 15944.53
14090.70 15945.95
14089.53 15948.76
14087.82 15952.81
14085.39 15958.60
14082.50 15965.47
14079.91 15971.64
14077.17 15978.14
14074.49 15984.52
14071.53 15991.56
14068.93 15997.74
14069.22 16002.49
14054.12 16014.24
14051.08 16008.24
14045.47 16001.97
14031.99 15993.63
14023.53 15988.73
14014.80 15983.67
14008.08 15979.78
14003.82 15977.31
13998.32 15973.83
13987.99 16001.52
13986.42 16008.28
13984.25 16016.08
13981.14 16027.19
13978.07 16038.18
13975.07 16048.90
13971.97 16059.98
13966.54 16073.23
13964.23 16081.48
13960.95 16093.77
13957.70 16106.45
13954.61 16118.48
13951.34 16131.25
13948.26 16143.25
13944.89 16155.25
13942.36 16163.75
13940.93 16168.53
13940.04 16183.09
13940.02 16183.16
13940.01 16183.18
13940.01 16183.19
13940.01 16183.19
13936.09 16196.35
13935.57 16198.10
13934.85 16200.50
13933.96 16203.51
13929.65 16217.50
13926.25 16228.12
13922.73 16241.03
13918.92 16254.98
13915.18 16268.66
13911.19 16283.02
13907.24 16296.93
13903.36 16310.60
13899.36 16324.70
13895.26 16339.14
13892.38 16355.27
13889.01 16366.99
13886.22 16376.73
13884.35 16383.22
13883.27 16387.00
13878.90 16397.37
13877.32 16403.48
13875.53 16410.64
13873.28 16419.70
13870.59 16430.52
13867.57 16442.66
13864.54 16454.85
13861.70 16466.24
13858.30 16490.91
13857.50 16499.05
13854.78 16527.43
13854.76 16536.02
13854.75 16544.68
13854.97 16556.14
13855.19 16568.29
13854.95 16586.85
13854.63 16602.61
13854.40 16613.77
13854.17 16625.50
13853.37 16650.64
13852.84 16664.00
13851.96 16676.39
13850.60 16689.35
13849.23 16702.40
13846.63 16722.73
13844.87 16736.13
13843.03 16750.07
13841.26 16764.34
13839.60 16778.12
13837.97 16791.74
13835.83 16810.10
13834.43 16822.13
13831.90 16842.93
13830.28 16855.30
13828.70 16867.37
13826.15 16886.58
13824.57 16898.24
13822.23 16917.64
13820.74 16931.54
13819.21 16945.31
13817.46 16959.15
13815.83 16972.14
13814.12 16985.65
13811.96 17004.63
13810.93 17018.24
13809.92 17031.70
13808.91 17045.04
13807.90 17058.34
13806.75 17071.30
13805.57 17084.43
13804.38 17097.46
13803.24 17110.37
13802.29 17121.44
13801.28 17133.31
13799.79 17151.34
13798.73 17165.05
13797.73 17178.08
13796.68 17191.76
13795.72 17204.27
13795.08 17212.72
13794.74 17217.07
13794.59 17219.08
13794.31 17222.71
13793.97 17227.16
13793.52 17233.00
13793.33 17235.51
13793.31 17235.67
13793.31 17235.72
13793.31 17235.72
13793.31 17235.73
13793.31 17235.73
13793.31 17235.73
13793.31 17235.73
13793.31 17235.73
13793.31 17235.73
13793.31 17235.73
13793.31 17235.73
13793.31 17235.73
13793.31 17235.73
13793.31 17235.73
13793.31 17235.73
13793.31 17235.73
13793.31 17235.73
13793.31 17235.73
13793.31 17235.73
13793.31 17235.73
13793.31 17235.73
13793.31 17235.73
13793.31 17235.73
13793.31 17235.73
13793.31 17235.73
13793.31 17235.73
13792.23 17247.35
13791.93 17249.93
13791.38 17254.77
13790.63 17261.38
13789.66 17269.88
13788.47 17280.33
13787.01 17293.11
13785.46 17306.67
13783.89 17320.40
13782.29 17334.48
13780.71 17348.26
13779.17 17361.78
13776.84 17382.07
13775.14 17396.62
13773.53 17410.31
13771.93 17424.02
13770.27 17437.73
13768.49 17451.91
13766.70 17466.26
13765.00 17479.81
13762.11 17499.63
13759.58 17511.73
13757.03 17523.95
13754.63 17535.47
13752.07 17547.73
13749.64 17559.38
13747.04 17571.81
13745.13 17580.96
13743.95 17586.57
13743.16 17590.06
13743.09 17590.34
13743.05 17590.51
13743.05 17590.52
13743.05 17590.52
13743.05 17590.52
13743.05 17590.52
13743.05 17590.52
13743.05 17590.52
13743.05 17590.52
13743.05 17590.52
13743.05 17590.52
13743.05 17590.52
13743.05 17590.52
13743.05 17590.52
13743.05 17590.52
13743.05 17590.52
13743.05 17590.52
13743.05 17590.52
13743.05 17590.52
13743.05 17590.52
13743.05 17590.52
13743.05 17590.52
13743.05 17590.52
13736.91 17616.97
13736.14 17620.05
13734.97 17624.76
13733.27 17631.47
13730.96 17640.57
13728.31 17651.40
13725.34 17663.55
13722.01 17677.19
13718.76 17690.51
13715.24 17704.96
13711.75 17719.24
13708.37 17733.12
13705.10 17746.50
13701.83 17759.92
13698.42 17773.91
13695.16 17787.24
13691.64 17801.67
13688.32 17815.28
13685.01 17828.84
13681.50 17842.90
13678.12 17855.80
13675.39 17866.25
13673.49 17874.80
13671.53 17883.73
13669.67 17892.18
13667.43 17901.21
13665.33 17909.65
13663.27 17917.97
13661.10 17926.69
13659.31 17934.40
13657.22 17943.99
13657.27 17958.68
13654.33 17971.10
13651.23 17984.18
13648.17 17997.12
13639.54 18019.03
13636.65 18030.93
13633.87 18042.37
13636.46 18060.10
13633.27 18073.82
13629.97 18087.98
13626.89 18101.25
13623.65 18115.19
13620.47 18128.87
13617.29 18142.54
13614.01 18156.65
13610.81 18170.41
13604.61 18181.18
13603.37 18186.51
13602.69 18189.56
13602.39 18190.89
13602.32 18191.19
13602.30 18191.31
13602.27 18191.40
13602.27 18191.41
13597.50 18212.97
13596.76 18215.99
13595.51 18221.01
13593.73 18228.12
13591.50 18237.06
13588.87 18247.58
13586.08 18259.64
13583.28 18272.03
13578.56 18286.04
13576.37 18297.91
13574.21 18309.60
13570.76 18329.28
13567.27 18343.32
13563.70 18357.25
13560.24 18370.76
13556.70 18384.60
13553.32 18397.81
13550.45 18408.99
13547.46 18420.70
13544.54 18432.08
13541.90 18442.38
13538.89 18454.16
13536.14 18464.89
13533.34 18475.83
13530.95 18485.18
13528.39 18495.16
13525.58 18506.14
13521.27 18521.96
13518.63 18531.46
13515.86 18541.45
13513.42 18550.23
13510.82 18559.57
13508.02 18569.66
13502.39 18578.09
13500.43 18604.06
13498.67 18616.20
13496.67 18630.02
13494.62 18644.19
13492.67 18657.70
13490.69 18671.51
13488.69 18685.64
13486.81 18698.98
13484.89 18712.54
13483.02 18725.75
13481.10 18739.33
13479.21 18752.74
13476.00 18775.41
13474.19 18788.25
13472.39 18801.00
13470.96 18811.11
13469.79 18819.39
13468.76 18826.62
13467.74 18833.83
13466.69 18841.26
13465.64 18848.71
13464.61 18855.94
13463.53 18863.62
13462.42 18871.46
13460.46 18888.44
13460.10 18895.93
13459.73 18903.60
13459.36 18911.40
13459.00 18919.06
13458.61 18927.19
13458.22 18935.34
13457.51 18952.82
13457.23 18961.20
13456.94 18969.55
13456.67 18977.34
13456.37 18986.16
13456.09 18994.45
13455.81 19002.43
13455.51 19011.16
13455.21 19019.88
13454.92 19028.38
13454.63 19036.70
13454.34 19045.15
13454.07 19053.08
13453.79 19060.97
13453.49 19069.77
13453.18 19078.18
13452.88 19085.95
13452.56 19094.13
13452.27 19101.72
13452.10 19106.20
13448.48 19114.39
13448.22 19121.27
13447.94 19128.36
13447.61 19135.41
13447.22 19142.79
13441.33 19166.65
13440.23 19170.13
13439.17 19173.45
13437.87 19177.23
13430.22 19199.08
13428.14 19204.69
13426.16 19210.03
13424.04 19215.74
13421.96 19221.36
13416.67 19235.70
13414.51 19241.85
13412.31 19248.13
13410.01 19254.68
13407.94 19260.59
13405.72 19266.90
13403.64 19272.67
13401.37 19278.64
13393.21 19307.26
13391.57 19314.83
13388.82 19321.70
13385.81 19329.27
13383.09 19336.10
13379.83 19343.66
13376.61 19351.07
13373.53 19358.14
13370.52 19365.05
13367.55 19371.87
13364.57 19378.72
13361.43 19385.93
13358.31 19393.11
13355.23 19400.21
13351.77 19407.76
13348.21 19414.77
13345.52 19420.00
13343.69 19423.53
13341.88 19427.04
13339.19 19435.08
13335.60 19443.23
13331.66 19452.29
13327.29 19462.58
13322.04 19474.95
13316.91 19487.06
13312.02 19498.62
13307.37 19509.61
13302.67 19520.62
13297.69 19532.16
13289.95 19550.64
13285.99 19560.16
13282.17 19569.35
13278.17 19578.97
13270.74 19597.07
13266.22 19608.46
13261.72 19619.81
13257.75 19629.84
13253.35 19640.92
13248.96 19652.02
13244.72 19662.71
13240.65 19672.98
13236.33 19683.87
13229.60 19700.35
13226.24 19708.19
13219.10 19724.66
13214.87 19734.89
13210.42 19745.65
13205.34 19757.94
13200.98 19768.49
13196.89 19778.89
13193.14 19788.48
13188.60 19799.94
13184.10 19811.07
13179.39 19822.71
13174.71 19833.94
13169.37 19845.75
13164.04 19854.51
13153.60 19865.72
13148.03 19875.35
13142.05 19885.63
13135.71 19896.39
13129.24 19907.34
13123.35 19917.32
13117.54 19927.17
13111.63 19937.45
13105.63 19947.99
13099.86 19958.15
13093.64 19969.09
13087.92 19979.15
13081.62 19990.24
13074.72 20003.29
13069.82 20018.63
13063.81 20029.10
13057.58 20039.71
13051.03 20050.69
13045.49 20059.99
13039.08 20070.74
13032.57 20081.66
13026.89 20091.18
13020.64 20101.67
13014.68 20111.67
13008.00 20122.86
13002.01 20132.86
12997.69 20140.13
12994.66 20145.24
12993.25 20147.61
12992.57 20148.76
12991.97 20149.78
12991.83 20150.01
12991.80 20150.07
12991.79 20150.07
12991.79 20150.08
12991.79 20150.08
12991.79 20150.08
12991.37 20150.78
12990.65 20151.98
12988.66 20155.21
12978.04 20167.91
12974.36 20174.86
12969.85 20183.28
12964.16 20192.99
12958.15 20203.12
12952.07 20213.32
12945.81 20223.82
12937.96 20236.99
12931.15 20248.42
12924.68 20259.27
12918.57 20269.51
12912.44 20279.81
12906.40 20290.36
12900.11 20301.83
12894.00 20313.04
12887.99 20324.06
12882.09 20334.91
12876.35 20345.43
12870.40 20356.36
12864.22 20367.70
12858.30 20378.56
12852.62 20389.00
12846.96 20399.39
12840.85 20411.36
12835.72 20421.54
12829.95 20432.99
12824.59 20443.61
12819.40 20454.57
12814.76 20464.45
12809.32 20476.03
12804.89 20485.87
12801.43 20496.51
12798.05 20508.34
12794.90 20519.38
12791.29 20532.04
12787.63 20544.87
12784.31 20556.33
12780.76 20566.73
12776.67 20578.74
12776.91 20608.59
12781.74 20618.67
12789.35 20628.14
12798.83 20634.44
12808.79 20638.18
12815.75 20638.66
12821.34 20639.04
12823.77 20639.21
12824.04 20639.23
12824.16 20639.23
12824.16 20639.23
12824.16 20639.23
12824.16 20639.23
12824.16 20639.23
12834.60 20637.83
12838.53 20635.59
12843.67 20632.68
12850.57 20628.25
12858.69 20622.92
12868.04 20616.79
12879.45 20609.31
12891.87 20601.16
12904.09 20593.15
12916.80 20584.81
12929.47 20576.50
12941.46 20568.64
12953.53 20560.73
12965.69 20552.75
12977.47 20545.03
12990.08 20536.97
13002.39 20529.14
13014.83 20521.23
13026.92 20513.54
13038.91 20505.91
13050.82 20498.34
13063.25 20490.95
13076.42 20483.78
13089.13 20477.17
13102.51 20471.69
13116.45 20465.98
13129.62 20460.59
13143.76 20454.80
13157.77 20449.06
13171.58 20443.41
13185.49 20437.71
13197.96 20432.60
13211.16 20427.20
13223.29 20422.23
13234.94 20417.46
13245.92 20412.96
13257.81 20408.09
13270.03 20403.40
13282.51 20399.59
13290.80 20397.05
13295.39 20395.64
13295.17 20399.16
13286.03 20401.96
13275.05 20405.32
13262.15 20409.88
13248.45 20415.49
13234.40 20421.25
13221.26 20426.63
13207.35 20432.32
13193.29 20438.08
13179.77 20443.62
13165.92 20449.29
13152.50 20454.79
13138.55 20460.50
13124.38 20466.30
13110.19 20472.12
13096.78 20477.61
13082.93 20484.00
13070.04 20491.01
13056.78 20498.45
13044.24 20506.43
13031.92 20514.26
13019.25 20522.32
13007.28 20529.94
12994.87 20537.83
12982.75 20545.54
12969.99 20553.87
12957.37 20562.15
12944.72 20570.45
12932.58 20578.41
12920.53 20586.31
12908.65 20594.10
12896.70 20601.94
12884.15 20610.18
12871.84 20618.25
12860.04 20625.98
12847.36 20634.30
