19816.60 12949.79
19818.80 12952.41
19820.06 12951.84
19821.93 12950.97
19824.56 12949.77
19827.75 12947.84
19839.70 12950.70
19839.57 12950.79
19839.49 12950.85
19839.47 12950.86
19839.47 12950.86
19842.50 12952.49
19842.50 12952.49
19842.50 12952.49
19842.50 12952.49
19842.50 12952.49
19842.50 12952.49
19842.50 12952.49
19842.50 12952.49
19842.50 12952.49
19842.50 12952.49
19842.50 12952.49
19842.50 12952.49
19842.50 12952.49
19842.50 12952.49
19842.50 12952.49
19842.50 12952.49
19842.50 12952.49
19842.50 12952.49
19842.50 12952.49
19842.50 12952.49
19842.50 12952.49
19842.50 12952.49
19842.50 12952.49
19842.50 12952.49
19842.50 12952.49
19830.38 12975.09
19829.84 12976.13
19829.08 12977.60
19828.07 12979.53
19826.67 12982.20
19816.73 13002.30
19811.27 13011.70
19805.30 13022.35
19800.23 13032.75
19794.94 13043.59
19789.48 13054.80
19784.48 13065.07
19779.30 13075.69
19774.07 13086.40
19768.89 13097.03
19763.83 13107.42
19758.42 13118.47
19753.08 13128.92
19747.62 13139.60
19737.69 13158.91
19732.08 13169.71
19726.01 13181.40
19720.24 13192.50
19714.31 13203.93
19708.74 13214.66
19702.99 13226.00
19697.50 13236.84
19691.83 13248.05
19686.38 13258.82
19680.89 13269.79
19675.24 13281.16
19669.57 13292.58
19664.16 13303.48
19658.76 13314.34
19653.15 13325.65
19647.32 13337.39
19641.49 13349.12
19635.81 13360.56
19630.42 13371.42
19624.62 13383.11
19619.25 13393.92
19613.84 13404.81
19602.66 13426.02
19596.41 13437.34
19590.34 13448.62
19584.39 13460.43
19578.30 13472.53
19572.71 13483.64
19566.75 13495.47
19560.73 13507.42
19554.87 13519.07
19549.04 13530.65
19543.44 13541.77
19537.41 13553.74
19531.73 13564.90
19525.66 13576.59
19519.95 13587.56
19513.74 13599.49
19507.78 13610.96
19501.97 13622.11
19496.45 13633.21
19490.85 13644.54
19485.20 13655.97
19479.46 13667.59
19473.56 13679.52
19467.71 13691.27
19461.85 13702.90
19455.94 13714.61
19449.91 13726.59
19443.84 13738.64
19438.26 13749.71
19432.62 13760.90
19426.65 13772.91
19421.18 13783.91
19415.16 13796.03
19409.51 13807.41
19403.95 13818.60
19398.43 13829.71
19392.43 13841.72
19386.49 13853.42
19380.37 13865.47
19374.27 13877.31
19368.42 13888.44
19362.48 13899.72
19356.43 13911.22
19351.64 13920.29
19347.12 13928.84
19342.53 13937.55
19337.94 13946.24
19333.17 13955.29
19328.27 13964.32
19317.04 13985.75
19310.10 13999.44
19304.38 14010.72
19298.37 14021.18
19291.97 14031.67
19285.34 14042.53
19278.77 14053.30
19271.55 14063.25
19264.24 14073.07
19256.63 14082.88
19248.71 14092.88
19240.40 14102.84
19231.97 14112.95
19223.77 14122.77
19215.68 14132.47
19204.54 14145.48
19199.49 14151.36
19189.96 14163.60
19189.90 14163.69
19180.53 14175.94
19177.58 14179.79
19173.38 14184.73
19161.22 14199.62
19152.98 14207.82
19144.29 14216.87
19136.22 14225.53
19127.86 14234.51
19119.76 14243.19
19111.09 14252.50
19103.08 14262.15
19095.25 14271.81
19087.39 14281.48
19080.27 14291.09
19072.96 14301.44
19065.74 14311.67
19058.66 14321.70
19051.67 14331.69
19044.46 14341.09
19032.43 14358.89
19025.98 14367.01
19019.32 14375.39
19006.72 14391.09
18999.75 14399.67
18992.76 14408.26
18973.73 14432.14
18972.66 14433.43
18971.60 14434.64
18947.15 14455.76
18945.14 14463.00
18941.35 14467.28
18938.86 14470.07
18937.48 14471.62
18937.35 14471.78
18937.26 14471.88
18937.24 14471.90
18937.23 14471.91
18937.23 14471.91
18932.06 14477.86
18930.24 14480.10
18927.32 14483.70
18923.46 14488.46
18918.12 14495.05
18911.43 14503.29
18903.46 14513.11
18895.84 14522.52
18888.28 14531.84
18880.45 14541.52
18872.64 14551.18
18864.54 14561.06
18856.72 14570.43
18848.88 14579.82
18841.27 14588.95
18833.66 14598.07
18826.22 14606.99
18818.91 14615.89
18811.18 14625.30
18802.98 14635.28
18794.96 14645.04
18786.87 14654.89
18779.36 14664.04
18771.28 14673.88
18763.22 14683.69
18755.14 14693.53
18747.50 14702.84
18738.00 14709.20
18730.75 14718.03
18725.85 14724.01
18723.58 14726.73
18722.80 14727.66
18722.77 14727.70
18722.76 14727.70
18722.76 14727.70
18722.76 14727.71
18722.76 14727.71
18722.76 14727.71
18722.76 14727.71
18722.76 14727.71
18722.76 14727.71
18709.92 14743.10
18708.29 14745.05
18705.80 14748.05
18702.41 14752.17
18698.06 14757.45
18692.45 14764.25
18685.76 14772.37
18678.20 14781.55
18670.73 14790.61
18662.71 14800.34
18655.22 14809.43
18647.71 14818.54
18639.98 14827.97
18632.23 14837.57
18624.47 14847.19
18616.66 14856.87
18608.68 14866.76
18601.04 14876.23
18593.59 14885.46
18585.98 14894.74
18577.80 14904.50
18569.65 14914.24
18561.56 14923.97
18553.80 14933.64
18546.12 14943.20
18540.65 14955.27
18532.69 14965.19
18524.65 14975.20
18516.74 14985.04
18509.02 14994.77
18501.39 15004.52
18493.84 15014.57
18486.26 15024.87
18478.85 15034.95
18471.74 15044.61
18458.80 15061.71
18453.23 15069.09
18448.20 15075.73
18445.06 15079.89
18432.08 15097.38
18428.41 15102.73
18423.44 15115.06
18415.25 15124.49
18407.26 15133.68
18399.63 15142.46
18391.78 15151.50
18384.62 15160.38
18372.88 15169.08
18368.39 15174.34
18363.74 15179.80
18346.31 15206.62
18343.26 15210.41
18340.18 15214.23
18329.53 15227.61
18322.11 15237.08
18314.11 15247.29
18306.56 15256.93
18298.66 15266.37
18290.34 15276.02
18282.43 15285.20
18274.77 15294.58
18266.77 15304.48
18258.50 15314.71
18250.36 15324.78
18242.54 15334.46
18234.44 15344.48
18226.28 15354.59
18218.18 15364.60
18209.91 15374.83
18201.86 15384.80
18193.96 15394.58
18185.71 15404.72
18177.33 15414.97
18168.95 15425.22
18160.88 15435.08
18152.54 15445.27
18144.56 15455.04
18138.65 15462.26
18135.39 15466.25
18124.48 15479.37
18119.37 15485.46
18113.08 15492.96
18105.89 15501.53
18098.55 15510.28
18090.98 15519.29
18083.77 15527.89
18075.94 15539.86
18067.98 15549.61
18060.42 15558.90
18052.34 15571.59
18044.63 15581.70
18037.40 15591.17
18029.71 15601.14
18022.06 15610.89
18014.51 15615.92
18012.03 15619.56
18010.69 15621.53
18010.47 15621.85
18010.43 15621.91
18001.26 15638.15
18000.83 15639.51
18000.20 15641.66
17999.49 15644.51
17998.58 15648.28
17997.50 15652.95
17996.48 15658.12
17996.44 15663.23
17998.77 15721.35
17999.50 15729.26
18000.20 15736.84
18000.83 15743.64
18001.27 15748.41
18001.50 15750.82
18001.51 15750.99
18002.74 15769.78
18002.84 15771.64
18002.98 15774.10
18003.14 15777.09
18003.36 15781.04
18006.67 15793.92
18006.77 15801.58
18004.72 15815.54
18006.01 15826.71
18007.40 15838.77
18008.70 15850.04
18010.10 15861.62
18011.70 15873.52
18013.18 15885.13
18007.03 15905.86
17999.96 15915.34
17992.29 15924.14
17984.44 15933.15
17976.55 15942.20
17969.97 15949.75
17954.98 15967.99
17946.96 15977.52
17938.62 15986.95
17930.47 15996.17
17921.86 16005.33
17914.44 16014.48
17906.26 16023.99
17898.14 16033.43
17890.07 16042.81
17883.79 16055.72
17876.41 16064.75
17868.93 16073.90
17861.36 16083.17
17843.36 16099.78
17835.98 16108.47
17828.41 16117.39
17820.94 16126.18
17813.01 16135.53
17805.45 16144.46
17797.68 16153.65
17787.13 16166.50
17780.69 16174.67
17773.96 16183.19
17767.50 16191.38
17760.95 16199.68
17755.67 16206.36
17752.41 16210.50
17751.37 16211.82
17750.98 16212.30
17750.91 16212.39
17749.90 16213.68
17749.03 16214.78
17748.55 16215.39
17748.49 16215.46
17748.48 16215.47
17748.48 16215.48
17748.48 16215.48
17748.48 16215.48
17748.48 16215.48
17748.48 16215.48
17748.48 16215.48
17748.48 16215.48
17748.48 16215.48
17748.48 16215.48
17748.48 16215.48
17748.48 16215.48
17748.48 16215.48
17748.48 16215.48
17748.48 16215.48
17748.48 16215.48
17748.48 16215.48
17748.48 16215.48
17748.48 16215.48
17748.48 16215.48
17748.48 16215.48
17748.48 16215.48
17728.89 16239.25
17726.74 16241.75
17723.87 16245.09
17719.79 16249.84
17714.40 16256.11
17708.15 16263.38
17701.07 16271.62
17694.05 16279.80
17687.21 16287.76
17676.26 16300.69
17668.63 16309.84
17661.32 16318.61
17653.56 16327.91
17646.20 16336.72
17632.48 16353.11
17625.23 16361.71
17618.44 16369.75
17611.65 16377.81
17600.29 16391.03
17592.31 16399.95
17584.13 16409.09
17576.23 16417.92
17568.46 16426.61
17556.08 16440.59
17547.88 16450.17
17539.61 16459.82
17531.65 16469.11
17523.23 16478.94
17514.98 16488.57
17506.77 16498.16
17498.95 16507.28
17491.08 16516.47
17482.73 16526.22
17474.19 16536.19
17466.58 16550.03
17459.22 16558.48
17453.46 16568.01
17450.64 16579.16
17449.92 16592.33
17451.86 16603.08
17455.65 16616.90
17459.03 16628.08
17462.57 16639.76
17466.14 16651.56
17469.75 16663.50
17473.23 16674.99
17476.71 16686.49
17480.33 16698.51
17483.83 16710.08
17487.20 16721.25
17490.70 16732.50
17495.10 16744.16
17499.14 16754.88
17503.53 16766.52
17506.88 16775.40
17508.81 16780.52
17509.34 16781.96
17509.36 16782.01
17509.37 16782.03
17509.37 16782.04
17509.37 16782.04
17509.37 16782.04
17509.37 16782.04
17509.37 16782.04
17509.37 16782.04
17509.37 16782.04
17509.37 16782.04
17509.37 16782.04
17509.37 16782.04
17509.37 16782.04
17509.37 16782.04
17509.37 16782.04
17509.37 16782.04
17509.37 16782.04
17509.37 16782.04
17509.37 16782.04
17509.37 16782.04
17509.37 16782.04
17509.37 16782.04
17509.37 16782.04
17509.37 16782.04
17509.37 16782.04
17509.37 16782.04
17509.37 16782.04
17509.37 16782.04
17517.45 16814.06
17518.21 16816.20
17519.36 16819.46
17520.89 16823.78
17523.02 16829.78
17525.61 16837.12
17528.86 16846.30
17532.22 16855.81
17535.47 16865.00
17538.81 16874.42
17543.52 16889.80
17538.17 16898.38
17528.79 16903.19
17518.42 16907.47
17508.86 16911.51
17499.45 16915.47
17493.36 16917.67
17489.30 16928.55
17492.12 16939.46
17495.10 16950.93
17498.09 16962.50
17500.54 16974.10
17502.91 16986.63
17505.19 16998.67
17507.41 17010.31
17509.75 17022.38
17512.04 17034.17
17514.23 17045.70
17515.87 17058.32
17517.45 17070.53
17519.06 17082.95
17524.25 17097.06
17525.67 17107.56
17527.05 17117.77
17527.93 17124.25
17528.41 17127.82
17528.44 17127.99
17528.45 17128.08
17528.45 17128.10
17528.45 17128.11
17528.45 17128.11
17528.45 17128.11
17528.45 17128.11
17528.45 17128.11
17528.45 17128.11
17528.45 17128.11
17528.45 17128.11
17528.45 17128.11
17528.60 17129.20
17528.92 17131.55
17529.05 17132.50
17529.10 17132.87
17529.11 17132.90
17529.11 17132.90
17529.11 17132.90
17529.11 17132.90
17529.11 17132.90
17529.11 17132.90
17529.11 17132.90
17529.11 17132.90
17529.11 17132.90
17529.11 17132.90
17529.11 17132.90
17529.11 17132.90
17529.11 17132.90
17529.11 17132.90
17529.11 17132.90
17529.11 17132.90
17529.11 17132.90
17529.11 17132.90
17529.11 17132.90
17529.11 17132.90
17529.11 17132.90
17529.11 17132.90
17529.11 17132.90
17529.11 17132.90
17529.11 17132.90
17529.11 17132.90
17529.11 17132.90
17529.20 17133.64
17529.40 17135.28
17529.80 17138.51
17530.36 17142.94
17531.15 17148.84
17537.13 17154.07
17541.52 17151.51
17545.29 17149.31
17547.90 17147.79
17550.90 17146.04
17563.03 17138.94
17570.63 17133.83
17578.45 17128.34
17582.98 17125.20
17585.25 17123.63
17586.59 17122.70
17586.69 17122.63
17586.84 17122.53
17586.87 17122.51
17586.87 17122.50
17586.87 17122.50
17586.88 17122.50
17586.88 17122.50
17586.88 17122.50
17586.88 17122.50
17586.88 17122.50
17586.88 17122.50
17586.88 17122.50
17586.88 17122.50
17586.88 17122.50
17586.88 17122.50
17586.88 17122.50
17586.88 17122.50
17586.88 17122.50
17586.88 17122.50
17586.88 17122.50
17586.88 17122.50
17586.88 17122.50
17586.88 17122.50
17586.88 17122.50
17586.88 17122.50
17586.88 17122.50
17586.88 17122.50
17586.88 17122.50
17586.88 17122.50
17586.88 17122.50
17586.88 17122.50
17586.88 17122.50
17586.88 17122.50
17586.88 17122.50
17586.88 17122.50
17586.88 17122.50
17586.88 17122.50
17586.88 17122.50
17586.88 17122.50
17586.88 17122.50
17586.88 17122.50
17586.88 17122.50
17586.88 17122.50
17586.88 17122.50
17586.88 17122.50
17586.88 17122.50
17586.88 17122.50
17586.88 17122.50
17586.88 17122.50
17586.88 17122.50
17586.88 17122.50
17586.88 17122.50
17586.88 17122.50
17586.88 17122.50
17586.88 17122.50
17586.88 17122.50
17586.88 17122.50
17586.88 17122.50
17586.88 17122.50
17586.88 17122.50
17586.88 17122.50
17586.88 17122.50
17586.88 17122.50
17586.88 17122.50
17586.88 17122.50
17586.88 17122.50
17586.88 17122.50
17586.88 17122.50
17586.88 17122.50
17586.88 17122.50
17586.88 17122.50
17586.88 17122.50
17586.88 17122.50
17586.88 17122.50
17586.88 17122.50
17586.88 17122.50
17586.88 17122.50
17586.88 17122.50
17586.88 17122.50
17586.88 17122.50
17586.88 17122.50
17586.88 17122.50
17586.88 17122.50
17586.88 17122.50
17586.88 17122.50
17586.88 17122.50
17586.88 17122.50
17586.88 17122.50
17586.88 17122.50
17586.88 17122.50
17586.88 17122.50
17586.88 17122.50
17586.88 17122.50
17586.88 17122.50
17586.88 17122.50
17586.88 17122.50
17586.88 17122.50
17586.88 17122.50
17586.88 17122.50
17586.88 17122.50
17586.88 17122.50
17586.88 17122.50
17586.88 17122.50
17586.88 17122.50
17586.88 17122.50
17586.88 17122.50
17586.88 17122.50
17586.88 17122.50
17586.88 17122.50
17586.88 17122.50
17586.88 17122.50
17586.88 17122.50
17586.88 17122.50
17586.88 17122.50
17586.88 17122.50
17586.88 17122.50
17586.88 17122.50
17586.88 17122.50
17586.88 17122.50
17586.88 17122.50
17586.88 17122.50
17586.88 17122.50
17586.88 17122.50
17586.88 17122.50
17586.88 17122.50
17586.88 17122.50
17586.88 17122.50
17586.88 17122.50
17586.88 17122.50
17586.88 17122.50
17586.88 17122.50
17586.88 17122.50
17586.90 17122.49
17587.16 17122.31
17587.45 17122.10
17587.89 17121.80
17588.95 17121.06
17591.35 17119.40
17594.73 17117.06
17599.82 17113.53
17606.80 17108.69
17619.58 17099.80
17628.19 17093.81
17636.68 17087.89
17644.10 17082.74
17648.93 17079.39
17651.24 17077.78
17652.16 17077.14
17652.50 17076.91
17652.53 17076.89
17652.54 17076.88
17652.54 17076.88
17652.54 17076.88
17652.54 17076.88
17652.54 17076.88
17652.54 17076.88
17652.54 17076.88
17652.54 17076.88
17652.54 17076.88
17652.54 17076.88
17652.54 17076.88
17652.54 17076.88
17652.54 17076.88
17652.54 17076.88
17652.54 17076.88
17652.54 17076.88
17652.54 17076.88
17652.54 17076.88
17652.54 17076.88
17652.54 17076.88
17652.54 17076.88
17652.54 17076.88
17652.54 17076.88
17652.54 17076.88
17652.54 17076.88
17652.54 17076.88
17652.54 17076.88
17652.54 17076.88
17652.54 17076.88
17652.54 17076.88
17652.54 17076.88
17652.54 17076.88
17652.54 17076.88
17652.54 17076.88
17652.54 17076.88
17652.54 17076.88
17652.54 17076.88
17652.54 17076.88
17652.54 17076.88
17652.54 17076.88
17652.54 17076.88
17652.54 17076.88
17652.54 17076.88
17652.54 17076.88
17652.54 17076.88
17652.54 17076.88
17652.54 17076.88
17652.54 17076.88
17652.54 17076.88
17652.54 17076.88
17652.54 17076.88
17652.54 17076.88
17652.54 17076.88
17652.54 17076.88
17652.54 17076.88
17652.54 17076.88
17652.54 17076.88
17652.54 17076.88
