12632.22 14573.63
12634.33 14574.24
12638.10 14575.69
12643.29 14577.74
12649.10 14581.73
12654.21 14589.26
12660.27 14598.19
12666.49 14607.36
12673.16 14617.20
12679.81 14627.00
12686.13 14636.34
12692.85 14646.24
12699.20 14655.60
12705.68 14665.17
12697.93 14676.36
12688.25 14682.52
12678.98 14688.40
12669.29 14694.55
12659.30 14700.89
12649.90 14706.86
12639.92 14713.20
12631.00 14719.12
12621.23 14726.48
12618.84 14728.39
12607.51 14727.17
12601.39 14720.19
12593.97 14711.74
12586.19 14702.87
12578.80 14694.46
12571.07 14685.65
12563.89 14677.46
12556.39 14668.92
12549.26 14660.79
12542.07 14652.61
12534.22 14643.66
12526.34 14634.67
12519.10 14626.43
12511.21 14617.40
12503.41 14608.44
12495.52 14599.38
12488.12 14591.02
12479.87 14582.54
12473.89 14576.40
12470.90 14573.33
12461.69 14575.95
12455.72 14581.43
12448.17 14588.36
12440.22 14595.46
12431.35 14602.24
12422.54 14609.38
12413.85 14617.04
12405.61 14624.30
12397.60 14631.36
12389.10 14638.86
12380.71 14646.25
12372.23 14653.36
12363.78 14660.22
12355.54 14666.92
12346.82 14674.01
12338.00 14681.20
12330.98 14686.79
12327.44 14690.03
12326.89 14690.54
12326.78 14690.64
12326.73 14690.69
12326.72 14690.70
12326.72 14690.70
12326.72 14690.70
12326.72 14690.70
12326.72 14690.70
12326.72 14690.70
12326.72 14690.70
12326.72 14690.70
12326.72 14690.70
12326.72 14690.70
12326.72 14690.70
12326.72 14690.70
12326.72 14690.70
12326.72 14690.70
12326.72 14690.70
12326.72 14690.70
12306.89 14701.30
12305.69 14702.25
12303.81 14703.74
12301.23 14705.77
12298.03 14708.26
12285.75 14717.59
12276.96 14724.36
12267.50 14731.64
12257.48 14738.10
12247.24 14744.28
12237.79 14749.98
12222.70 14758.68
12212.83 14763.82
12203.23 14768.82
12193.48 14773.91
12183.56 14779.09
12173.89 14784.13
12163.99 14789.30
12153.97 14794.53
12144.25 14799.60
12134.68 14804.60
12124.94 14809.68
12115.37 14814.68
12105.42 14819.96
12095.73 14825.17
12083.20 14831.73
12070.12 14838.64
12062.59 14842.64
12048.25 14850.39
12039.31 14855.25
12027.93 14861.44
12019.55 14865.99
12010.57 14870.67
12001.73 14875.25
11995.74 14878.35
11992.18 14880.20
11974.04 14889.73
11973.96 14889.77
11973.93 14889.79
11960.12 14897.02
11956.78 14898.87
11953.32 14900.99
11951.41 14902.16
11949.96 14899.19
11950.03 14895.27
11953.01 14893.44
11956.62 14891.41
11958.39 14890.48
11958.89 14890.22
11958.96 14890.18
11959.14 14884.32
11956.80 14880.72
11953.72 14875.33
11950.06 14867.99
11945.44 14858.71
11939.81 14847.41
11933.56 14834.86
11926.59 14820.85
11919.63 14806.89
11912.22 14791.97
11904.98 14777.30
11897.73 14762.60
11890.84 14748.65
11879.58 14733.28
11872.30 14718.53
11865.09 14703.93
11857.98 14689.52
11851.44 14676.27
11842.27 14664.90
11837.64 14663.32
11835.57 14662.79
11835.15 14662.68
11835.10 14662.67
11835.08 14662.67
11835.07 14662.67
11835.07 14662.67
11835.07 14662.67
11835.07 14662.67
11835.07 14662.67
11835.07 14662.67
11834.72 14662.57
11833.30 14662.21
11830.55 14661.87
11826.41 14661.64
11814.60 14665.73
11808.91 14671.48
11805.70 14674.83
11802.45 14678.35
11798.30 14682.83
11795.77 14685.56
11792.29 14689.32
11783.90 14698.06
11779.14 14702.90
11773.46 14708.69
11766.97 14715.29
11752.16 14729.61
11743.65 14737.52
11735.27 14745.31
11726.53 14753.12
11717.65 14760.64
11709.23 14767.67
11700.84 14774.67
11692.61 14781.53
11683.85 14788.67
11675.33 14795.55
11668.05 14801.43
11664.03 14804.67
11662.66 14805.78
11662.60 14805.83
11662.57 14805.85
11662.57 14805.85
11662.57 14805.85
11662.57 14805.85
11662.57 14805.85
11662.57 14805.85
11662.57 14805.85
11662.57 14805.85
11662.57 14805.85
11662.57 14805.85
11662.57 14805.85
11662.10 14806.23
11660.98 14807.14
11659.33 14808.46
11658.03 14809.51
11657.86 14809.65
11657.73 14809.75
11657.71 14809.77
11657.69 14809.79
11657.69 14809.79
11657.69 14809.79
11657.69 14809.79
11656.79 14810.52
11654.90 14812.04
11654.21 14812.59
11654.15 14812.65
11654.12 14812.67
11654.12 14812.67
11654.12 14812.67
11654.12 14812.67
11654.12 14812.67
11654.12 14812.67
11654.12 14812.67
11654.12 14812.67
11654.12 14812.67
11654.12 14812.67
11654.12 14812.67
11654.12 14812.67
11654.12 14812.67
11654.12 14812.67
11654.12 14812.67
11654.12 14812.67
11654.12 14812.67
11654.12 14812.67
11654.12 14812.67
11654.12 14812.67
11654.12 14812.67
11654.12 14812.67
11645.35 14819.60
11642.65 14821.66
11638.14 14825.10
11631.77 14829.96
11624.32 14835.64
11615.25 14842.56
11606.55 14849.20
11597.83 14855.86
11588.49 14862.99
11579.95 14869.46
11571.17 14876.03
11562.02 14882.87
11547.72 14893.38
11538.48 14900.05
11529.66 14906.39
11520.47 14912.77
11511.31 14919.12
11505.52 14923.12
11503.21 14924.66
11503.19 14924.67
11503.17 14924.68
11503.17 14924.68
11503.17 14924.68
11503.17 14924.68
11503.17 14924.68
11503.17 14924.68
11503.17 14924.68
11503.17 14924.68
11503.17 14924.68
11503.17 14924.68
11503.17 14924.68
11503.17 14924.68
11503.17 14924.68
11503.17 14924.68
11503.17 14924.68
11503.17 14924.68
11503.17 14924.68
11503.17 14924.68
11503.17 14924.68
11503.17 14924.68
11503.17 14924.68
11503.17 14924.68
11503.17 14924.68
11503.17 14924.68
11503.17 14924.68
11503.17 14924.68
11503.17 14924.68
11503.17 14924.68
11503.17 14924.68
11503.17 14924.68
11503.17 14924.68
11503.17 14924.68
11503.17 14924.68
11503.17 14924.68
11503.17 14924.68
11503.17 14924.68
11503.17 14924.68
11503.17 14924.68
11503.17 14924.68
11503.17 14924.68
11503.17 14924.68
11503.17 14924.68
11503.17 14924.68
11503.17 14924.68
11503.17 14924.68
11503.17 14924.68
11503.17 14924.68
11503.17 14924.68
11503.17 14924.68
11503.17 14924.68
11503.17 14924.68
11503.17 14924.68
11503.17 14924.68
11503.17 14924.68
11503.17 14924.68
11503.17 14924.68
11503.17 14924.68
11503.17 14924.68
11503.17 14924.68
11503.17 14924.68
11503.17 14924.68
11503.17 14924.68
11503.17 14924.68
11503.17 14924.68
11503.17 14924.68
11503.17 14924.68
11503.17 14924.68
11503.17 14924.68
11503.17 14924.68
11503.17 14924.68
11503.17 14924.68
11503.17 14924.68
11503.17 14924.68
11503.17 14924.68
11503.17 14924.68
11503.17 14924.68
11503.17 14924.68
11503.17 14924.68
11503.17 14924.68
11503.17 14924.68
11503.17 14924.68
11503.17 14924.68
11503.17 14924.68
11503.17 14924.68
11503.17 14924.68
11503.17 14924.68
11503.17 14924.68
11503.17 14924.68
11503.17 14924.68
11503.17 14924.68
11503.17 14924.68
11503.17 14924.68
11503.17 14924.68
11503.17 14924.68
11503.17 14924.68
11503.17 14924.68
11503.17 14924.68
11503.17 14924.68
11503.17 14924.68
11503.17 14924.68
11503.17 14924.68
11503.17 14924.68
11503.17 14924.68
11503.17 14924.68
11503.17 14924.68
11503.17 14924.68
11503.17 14924.68
11503.17 14924.68
11503.17 14924.68
11503.17 14924.68
11503.17 14924.68
11503.17 14924.68
11503.17 14924.68
11503.17 14924.68
11503.17 14924.68
11503.17 14924.68
11503.17 14924.68
11503.17 14924.68
11503.17 14924.68
11503.17 14924.68
11503.17 14924.68
11503.17 14924.68
11503.17 14924.68
11503.17 14924.68
11503.17 14924.68
11503.17 14924.68
11503.17 14924.68
11503.17 14924.68
11503.17 14924.68
11503.17 14924.68
11503.17 14924.68
11503.17 14924.68
11503.17 14924.68
11503.17 14924.68
11503.17 14924.68
11503.17 14924.68
11503.17 14924.68
11503.17 14924.68
11503.17 14924.68
11503.17 14924.68
11503.17 14924.68
11503.17 14924.68
11503.17 14924.68
11503.17 14924.68
11503.17 14924.68
11503.17 14924.68
11503.17 14924.68
11503.17 14924.68
11503.17 14924.68
11503.17 14924.68
11503.17 14924.68
11503.17 14924.68
11503.17 14924.68
11503.17 14924.68
11503.17 14924.68
11503.17 14924.68
11503.17 14924.68
11503.17 14924.68
11503.17 14924.68
11503.17 14924.68
11503.17 14924.68
11503.17 14924.68
11503.17 14924.68
11503.17 14924.68
11503.17 14924.68
11503.17 14924.68
11503.17 14924.68
11503.17 14924.68
11503.17 14924.68
11503.17 14924.68
11503.17 14924.68
11503.17 14924.68
11503.17 14924.68
11503.17 14924.68
11503.17 14924.68
11503.17 14924.68
11503.17 14924.68
11503.17 14924.68
11503.17 14924.68
11503.17 14924.68
11503.17 14924.68
11503.17 14924.68
11503.17 14924.68
11503.17 14924.68
11503.17 14924.68
11503.17 14924.68
11503.17 14924.68
11503.17 14924.68
11503.17 14924.68
11503.17 14924.68
11503.17 14924.68
11503.17 14924.68
11503.17 14924.68
11503.17 14924.68
11503.17 14924.68
11503.17 14924.68
11503.17 14924.68
11503.17 14924.68
11503.17 14924.68
11503.17 14924.68
11503.17 14924.68
11503.17 14924.68
11503.17 14924.68
11503.17 14924.68
11503.17 14924.68
11503.17 14924.68
11503.17 14924.68
11503.17 14924.68
11503.17 14924.68
11503.17 14924.68
11503.17 14924.68
11503.17 14924.68
11503.17 14924.68
11503.17 14924.68
11503.17 14924.68
11503.17 14924.68
11503.17 14924.68
11503.17 14924.68
11502.78 14924.94
11501.68 14925.68
11499.36 14927.23
11495.21 14929.99
11489.44 14933.84
11476.51 14941.98
11467.92 14947.19
11459.25 14952.44
11450.64 14957.64
11443.42 14961.93
11439.61 14964.20
11438.97 14964.58
11437.83 14965.25
11435.87 14966.42
11432.69 14968.30
11423.00 14974.05
11417.31 14977.40
11409.61 14981.95
11399.94 14987.65
11390.45 14993.25
11381.15 14998.74
11372.00 15004.14
11362.75 15009.60
11347.44 15018.92
11338.09 15024.88
11328.68 15030.87
11319.48 15036.73
11310.55 15042.41
11301.32 15048.29
11292.45 15053.95
11276.32 15063.99
11268.68 15068.61
11255.95 15076.33
11247.71 15081.34
11239.58 15086.28
11231.64 15091.11
11223.39 15096.13
11206.90 15107.79
11205.57 15108.83
11205.17 15109.14
11205.08 15109.21
11205.08 15109.21
11204.37 15109.77
11203.46 15110.48
11201.69 15111.87
11194.11 15118.96
11189.36 15123.61
11183.71 15129.12
11177.10 15135.87
11170.75 15142.58
11164.28 15149.40
11144.04 15170.97
11137.09 15178.52
11130.16 15186.06
11123.02 15193.82
11116.49 15200.92
11109.90 15208.09
11102.94 15215.65
11090.62 15228.78
11083.01 15236.71
11075.68 15244.35
11068.72 15251.60
11061.62 15258.85
11054.08 15266.88
11047.39 15274.02
11043.36 15278.33
11041.99 15279.80
11041.94 15279.85
11041.94 15279.85
11041.93 15279.86
11041.93 15279.86
11041.93 15279.86
11041.93 15279.86
11041.93 15279.86
11041.93 15279.86
11041.93 15279.86
11041.93 15279.86
11032.06 15291.54
11030.45 15293.25
11028.05 15295.71
11026.40 15297.40
11025.90 15297.91
11025.72 15298.10
11025.60 15298.22
11025.57 15298.25
11024.87 15298.96
11023.65 15300.23
11011.30 15313.00
11006.37 15318.06
11000.41 15324.19
10997.05 15332.36
10990.42 15339.05
10981.28 15348.26
10974.83 15354.73
10968.21 15361.38
10961.34 15368.19
10954.39 15375.03
10934.58 15388.73
10926.33 15395.45
10917.65 15402.51
10909.65 15409.01
10901.17 15415.92
10893.12 15422.47
10884.52 15429.47
10875.76 15436.59
10857.14 15450.74
10848.52 15457.18
10839.82 15463.67
10831.71 15469.73
10822.84 15476.19
10814.57 15482.22
10806.47 15488.12
10790.71 15496.75
10780.13 15501.67
10769.26 15506.73
10758.92 15511.55
10747.96 15516.65
10737.30 15521.62
10726.44 15526.68
10715.42 15531.81
10704.58 15532.89
10692.75 15531.34
10681.03 15529.80
10669.39 15528.27
10658.33 15526.82
10647.31 15525.38
10635.23 15523.79
10623.83 15522.30
