20097.78 20414.42
20098.93 20414.57
20101.25 20414.86
20105.81 20415.43
20112.22 20416.24
20119.23 20417.12
20126.02 20417.97
20132.89 20418.84
20139.73 20419.70
20147.02 20420.62
20154.07 20421.50
20161.53 20422.44
20167.59 20423.20
20175.47 20434.94
20171.46 20443.95
20166.11 20454.98
20159.20 20466.18
20151.45 20477.44
20142.66 20487.61
20133.31 20497.14
20121.89 20504.83
20108.65 20508.61
20095.00 20511.29
20082.43 20514.21
20069.64 20517.45
20056.94 20520.67
20043.85 20525.03
20031.39 20529.26
20020.21 20533.67
20012.08 20537.25
20007.89 20539.10
20008.05 20548.65
20011.40 20555.63
20015.37 20563.89
20020.09 20573.71
20025.73 20585.46
20031.55 20597.57
20037.41 20609.77
20043.36 20622.16
20050.43 20633.86
20057.82 20644.51
20065.85 20655.43
20077.03 20669.60
20083.97 20678.85
20091.11 20688.38
20105.70 20705.15
20114.49 20713.56
20124.07 20722.14
20133.18 20730.30
20142.70 20738.83
20151.58 20746.78
20168.16 20761.76
20177.15 20770.05
20186.42 20778.60
20195.24 20786.75
20204.63 20795.40
20214.04 20804.08
20228.24 20817.39
20234.16 20823.03
20238.07 20826.76
20240.50 20829.06
20240.17 20844.34
20234.89 20849.24
20228.52 20855.15
20220.81 20862.30
20214.86 20872.32
20198.07 20886.72
20188.47 20895.18
20178.89 20903.86
20169.35 20912.51
20159.48 20921.46
20150.07 20930.05
20140.33 20938.19
20130.63 20947.12
20121.43 20955.59
20111.51 20964.72
20103.57 20972.03
20098.29 20976.89
20094.99 20979.93
20094.53 20980.35
20094.48 20980.39
20094.47 20980.41
20094.46 20980.41
20094.46 20980.41
20094.46 20980.41
20094.46 20980.41
20094.46 20980.41
20094.46 20980.41
20094.46 20980.41
20094.46 20980.41
20094.46 20980.41
20094.46 20980.41
20094.41 20986.53
20097.46 20990.23
20101.96 20995.69
20107.25 21002.41
20113.76 21010.98
20121.50 21021.19
20129.10 21031.92
20136.57 21042.45
20143.43 21053.49
20150.29 21064.73
20156.96 21075.66
20164.07 21087.33
20170.83 21098.40
20176.91 21110.19
20182.68 21122.22
20187.33 21131.91
20194.22 21148.42
20196.62 21155.94
20199.17 21165.94
20201.92 21178.05
20204.01 21191.32
20205.58 21204.69
20206.82 21218.52
20208.07 21232.49
20209.24 21245.56
20210.40 21258.55
20211.60 21271.94
20212.46 21285.51
20213.30 21299.60
20211.39 21316.25
20212.68 21331.26
20214.12 21347.99
20215.72 21366.48
20217.44 21386.46
20219.20 21406.93
20220.91 21426.73
20222.62 21447.16
20224.27 21466.81
20225.89 21486.08
20227.58 21506.20
20229.24 21526.05
20230.94 21546.32
20232.63 21566.46
20234.28 21586.11
20236.00 21606.54
20237.65 21626.28
20239.30 21645.98
20241.02 21666.45
20242.66 21686.02
20244.29 21705.39
20246.00 21725.80
20247.64 21745.30
20249.26 21764.70
20250.93 21784.57
20252.62 21804.67
20254.29 21824.57
20255.98 21844.47
20257.61 21863.70
20259.32 21883.82
20260.99 21903.61
20262.70 21923.79
20264.35 21943.15
20266.09 21963.53
20267.76 21982.91
20269.43 22002.49
20271.11 22022.01
20272.84 22042.23
20274.52 22062.57
20276.17 22082.86
20277.84 22103.28
20279.50 22123.58
20281.13 22143.41
20282.76 22163.43
20284.36 22182.99
20285.93 22202.81
20287.42 22223.16
20288.89 22243.27
20290.38 22263.66
20291.83 22283.48
20293.29 22303.33
20294.70 22322.60
20296.14 22342.34
20297.57 22361.87
20299.06 22382.16
20300.39 22402.58
20301.68 22422.84
20303.21 22442.44
20304.76 22462.31
20306.30 22482.02
20307.85 22501.85
20309.39 22521.60
20311.01 22541.11
20312.69 22561.24
20314.38 22581.52
20316.07 22601.72
20317.73 22621.60
20319.36 22641.22
20321.07 22661.68
20322.74 22681.77
20324.37 22701.25
20326.03 22721.17
20327.72 22741.40
20329.53 22761.76
20331.24 22781.20
20333.05 22801.60
20334.79 22821.11
20336.59 22840.71
20338.50 22860.46
20340.44 22880.50
20341.87 22899.13
20342.85 22913.37
20344.73 22932.56
20346.17 22944.67
20347.62 22956.90
20349.07 22969.09
20350.48 22980.95
20351.88 22992.69
20353.52 23010.43
20353.93 23015.97
20354.14 23018.81
20342.40 23026.35
20334.76 23026.98
20325.31 23027.76
20314.11 23028.68
20301.57 23029.71
20288.47 23030.79
20275.50 23031.85
20262.29 23033.07
20250.15 23034.40
20237.59 23035.78
20227.64 23036.88
20221.52 23037.55
20205.42 23044.49
20198.84 23053.03
20190.84 23063.42
20183.05 23073.52
20174.80 23084.23
20167.01 23095.07
20159.70 23105.98
20152.37 23116.94
20144.78 23128.27
20138.30 23139.59
20132.47 23151.45
20124.67 23162.84
20117.45 23173.37
20110.17 23184.00
20102.38 23195.38
20089.33 23214.38
20083.04 23223.51
20076.67 23232.76
20064.99 23250.67
20058.70 23260.55
20052.54 23270.25
20041.00 23288.43
20033.74 23299.97
20026.72 23311.13
20019.47 23322.64
20012.44 23333.81
20004.34 23342.26
19992.57 23335.03
19981.25 23328.09
19970.19 23321.30
19958.54 23314.15
19947.03 23307.08
19935.70 23300.13
19923.76 23292.81
19911.77 23285.44
19900.02 23278.23
19888.77 23271.33
19877.39 23264.35
19865.40 23256.99
19854.02 23250.00
19846.21 23245.21
19841.97 23242.61
19832.49 23245.65
19828.46 23252.21
19823.66 23260.02
19817.94 23269.34
19812.66 23277.93
19808.59 23284.55
19806.41 23288.09
19809.90 23295.30
19814.42 23298.35
19828.33 23307.53
19838.68 23314.08
19850.78 23321.74
19862.05 23328.87
19873.63 23336.20
19885.25 23343.56
19896.92 23350.95
19908.35 23358.18
19920.45 23365.84
19931.75 23372.99
19943.02 23380.12
19954.61 23387.46
19966.45 23394.95
19967.94 23404.50
19961.00 23416.12
19953.66 23428.41
19946.54 23440.32
19939.36 23452.35
19927.70 23471.09
19921.29 23481.13
19914.62 23491.57
19908.22 23501.59
19901.57 23512.01
19890.08 23530.77
19883.82 23541.13
19877.95 23551.29
19874.27 23558.19
19872.87 23561.83
19872.73 23562.20
19872.66 23562.38
19872.28 23563.44
19871.40 23566.36
19873.61 23571.19
19875.57 23576.54
19872.50 23581.15
19866.57 23585.94
19864.19 23590.50
19862.09 23595.49
19860.07 23600.47
19858.17 23605.14
19855.99 23610.56
19854.25 23615.04
19852.26 23620.18
19850.54 23624.64
19848.22 23630.60
19846.45 23635.18
19844.27 23640.80
19842.77 23645.20
19841.24 23650.24
19839.44 23656.21
19838.28 23660.04
19837.99 23661.00
19837.37 23663.04
19836.29 23666.60
19817.31 23679.82
19812.67 23678.71
19806.74 23677.29
19793.69 23672.51
19780.89 23668.89
19766.65 23664.86
19750.55 23660.30
19732.34 23655.55
19710.32 23652.08
19690.81 23648.32
19671.07 23644.68
19651.71 23641.43
19632.57 23638.33
19612.82 23635.76
19593.44 23633.24
19573.39 23632.23
19553.32 23631.65
19533.20 23631.23
19514.03 23630.83
19493.73 23633.75
19473.64 23633.89
19453.60 23634.02
19433.28 23634.15
19411.84 23636.87
19393.73 23639.21
19375.49 23641.57
19357.09 23643.95
19338.39 23646.37
19321.51 23648.56
19303.07 23650.65
19273.52 23651.65
19253.91 23652.98
19235.06 23654.26
19215.69 23655.57
19195.66 23656.88
19176.57 23658.15
19157.69 23659.39
19138.76 23659.73
19118.87 23659.89
19099.17 23660.05
19079.13 23660.21
19059.10 23660.38
19039.52 23659.35
19020.38 23657.90
19001.34 23656.46
18981.38 23654.50
18962.23 23652.02
18940.85 23648.87
18927.19 23646.82
18902.10 23641.14
18883.63 23636.19
18865.17 23631.23
18846.68 23626.27
18828.08 23621.27
18808.84 23616.11
18790.22 23611.11
18771.58 23606.25
18752.55 23601.34
18733.31 23596.37
18713.75 23591.32
18695.13 23586.51
18675.92 23581.56
18656.63 23576.78
18637.40 23572.25
18618.87 23567.89
18590.03 23561.32
18575.06 23558.46
18556.23 23555.37
18539.53 23553.20
18523.22 23551.60
18506.48 23549.95
18477.05 23546.99
18458.63 23544.41
18440.11 23541.13
18422.44 23537.02
18404.26 23534.28
18383.14 23534.95
18366.28 23532.79
18351.23 23530.89
18338.92 23529.53
18330.43 23528.85
18325.85 23528.66
18325.01 23528.63
18323.75 23528.58
18321.27 23528.46
