20224.46 16111.38
20223.78 16113.52
20222.68 16116.98
20220.92 16122.53
20218.57 16129.91
20216.18 16137.44
20213.95 16144.44
20211.56 16151.97
20208.33 16158.35
20201.66 16162.83
20196.38 16168.79
20192.18 16175.13
20187.88 16182.19
20185.02 16189.51
20182.15 16196.84
20179.28 16204.17
20176.42 16211.48
20173.73 16218.35
20170.86 16225.70
20168.20 16232.50
20165.16 16240.25
20162.49 16247.09
20159.72 16254.16
20156.67 16260.91
20153.12 16268.31
20150.88 16272.97
20155.26 16279.60
20160.25 16281.94
20167.43 16285.30
20176.44 16289.52
20191.45 16297.83
20196.03 16300.66
20198.65 16303.16
20206.94 16326.57
20205.47 16330.92
20203.63 16335.82
20202.27 16339.42
20201.61 16341.15
20196.83 16357.95
20195.41 16364.55
20193.62 16372.82
20191.43 16382.97
20188.84 16395.00
20187.02 16407.51
20185.16 16420.47
20183.71 16433.31
20183.73 16446.49
20183.76 16459.14
20183.78 16471.67
20183.81 16484.09
20184.03 16497.45
20185.26 16509.96
20186.69 16523.08
20188.15 16536.55
20189.12 16549.39
20189.17 16562.26
20187.20 16575.05
20184.05 16587.56
20179.10 16599.94
20171.60 16611.04
20163.49 16621.99
20155.67 16633.16
20147.93 16644.19
20141.07 16655.86
20135.71 16667.23
20130.44 16679.23
20125.04 16691.49
20119.77 16703.45
20114.42 16715.61
20109.29 16727.26
20104.01 16739.24
20098.72 16751.25
20093.68 16762.70
20088.28 16774.97
20083.57 16785.66
20080.31 16793.08
20072.05 16811.50
20068.75 16818.81
20065.72 16825.51
20062.45 16832.73
20059.50 16839.27
20056.49 16845.94
20053.18 16853.26
20050.11 16860.06
20046.77 16867.43
20043.86 16873.89
20040.65 16880.98
20037.24 16888.54
20034.12 16895.44
20030.70 16903.01
20027.43 16910.24
20024.32 16917.03
20021.22 16923.47
20017.99 16930.19
20014.85 16936.71
20011.64 16943.37
20008.29 16950.34
20004.88 16957.42
20001.21 16964.30
19996.64 16970.84
19992.35 16976.57
19987.19 16982.67
19981.58 16987.40
19974.18 16989.63
19966.62 16989.27
19959.49 16988.67
19951.25 16987.96
19943.31 16987.27
19936.19 16986.64
19928.68 16985.99
19919.09 16990.64
19913.19 16997.90
19906.25 17006.63
19899.84 17017.50
19893.67 17029.17
19887.72 17041.16
19882.11 17052.46
19876.34 17064.08
19870.65 17075.53
19864.61 17087.69
19858.66 17099.68
19852.82 17111.36
19844.77 17128.15
19840.18 17137.87
19835.42 17148.19
19827.34 17167.40
19822.41 17178.51
19817.30 17190.03
19812.54 17200.76
19807.61 17211.86
19802.89 17222.50
19797.98 17233.58
19794.66 17241.06
19792.41 17246.13
19791.71 17247.70
19791.47 17248.23
19791.45 17248.28
19791.45 17248.28
19791.45 17248.28
19791.45 17248.28
19791.45 17248.28
19791.45 17248.28
19791.45 17248.28
19791.45 17248.28
19791.45 17248.28
19791.45 17248.28
19791.45 17248.28
19791.45 17248.28
19791.45 17248.28
19791.45 17248.28
19791.45 17248.28
19791.45 17248.28
19791.45 17248.28
19791.45 17248.28
19791.45 17248.28
19791.45 17248.28
19791.45 17248.28
19791.45 17248.28
19791.45 17248.28
19791.45 17248.28
19791.45 17248.28
19791.45 17248.28
19791.45 17248.28
19791.45 17248.28
19791.45 17248.28
19791.45 17248.28
19791.45 17248.28
19791.45 17248.28
19791.45 17248.28
19781.28 17256.41
19778.96 17255.67
19775.79 17254.67
19771.17 17253.20
19758.42 17249.13
19749.17 17249.63
19739.06 17246.37
19729.23 17243.20
19718.95 17239.88
19708.56 17236.53
19675.12 17227.59
19664.80 17224.34
19654.44 17221.10
19644.06 17218.07
19629.24 17217.36
19617.03 17214.27
19605.47 17211.01
19593.13 17207.53
19581.37 17204.22
19569.81 17200.96
19561.25 17198.55
19554.18 17196.56
19550.47 17195.49
19549.70 17195.27
19549.70 17195.27
19549.70 17195.27
19549.70 17195.27
19549.70 17195.27
19549.70 17195.27
19549.70 17195.27
19549.70 17195.27
19549.70 17195.27
19549.70 17195.27
19549.70 17195.27
19549.70 17195.27
19549.70 17195.27
19549.70 17195.27
19549.70 17195.27
19549.70 17195.27
19549.70 17195.27
19547.89 17194.74
19545.25 17193.96
19533.33 17188.84
19528.36 17187.45
19522.00 17185.67
19515.46 17183.81
19511.92 17182.80
19511.48 17182.68
19510.76 17182.47
19510.63 17182.43
19510.43 17182.38
19510.27 17182.33
19510.09 17182.28
19509.46 17182.10
19508.35 17181.78
19507.13 17181.44
19506.29 17181.20
19505.13 17180.87
19504.04 17180.55
19501.83 17179.91
19500.56 17179.54
19499.86 17179.34
19499.60 17179.26
19499.37 17179.19
19499.25 17179.16
19499.14 17179.13
19499.09 17179.11
19499.02 17179.09
19498.94 17179.07
19498.75 17179.01
19498.59 17178.97
19498.07 17178.82
19497.57 17178.67
19496.85 17178.46
19495.73 17178.14
19494.91 17177.90
19492.92 17177.32
19489.77 17176.40
19485.20 17175.07
19478.75 17173.20
19474.85 17172.08
19472.24 17171.41
19470.64 17171.05
19469.62 17170.84
19469.16 17170.74
19469.10 17170.73
19469.07 17170.73
19469.07 17170.72
19469.07 17170.72
19469.07 17170.72
19469.07 17170.72
19469.07 17170.72
19469.07 17170.72
19469.07 17170.72
19469.07 17170.72
19469.07 17170.72
19469.07 17170.72
19469.07 17170.72
19469.07 17170.72
19469.07 17170.72
19469.07 17170.72
19469.07 17170.72
19469.07 17170.72
19469.07 17170.72
19469.07 17170.72
19469.07 17170.72
19469.07 17170.72
19469.07 17170.72
19469.07 17170.72
19469.07 17170.72
19469.07 17170.72
19469.07 17170.72
19469.07 17170.72
19469.07 17170.72
19467.65 17170.43
19464.50 17169.77
19463.97 17169.65
19463.44 17169.54
19462.90 17169.43
19462.37 17169.32
19461.84 17169.21
19460.44 17168.91
19459.94 17168.81
19440.80 17162.79
19438.94 17162.33
19437.97 17162.10
19436.31 17165.09
19434.14 17164.38
19430.16 17163.09
19425.24 17161.49
19418.82 17159.40
19411.13 17156.90
19396.83 17157.32
19386.89 17161.69
19376.99 17168.56
19366.47 17185.73
19359.36 17206.05
19356.01 17220.92
19352.71 17235.59
19349.28 17250.82
19345.84 17266.13
19342.42 17281.33
19338.93 17296.81
19335.47 17312.20
19331.67 17330.56
19327.68 17345.59
19322.47 17359.76
19315.40 17372.74
19306.69 17385.51
19295.27 17394.78
19282.74 17402.19
19269.31 17408.91
19256.33 17415.23
19242.81 17422.22
19229.81 17430.47
19218.80 17440.82
19210.90 17452.98
19206.04 17466.87
19196.59 17496.04
19189.62 17513.34
19185.58 17532.71
19181.18 17553.86
19176.38 17576.93
19171.22 17601.69
19165.77 17627.91
19160.87 17658.33
19154.70 17686.07
19148.57 17713.61
19142.38 17741.43
19136.27 17768.89
19130.10 17796.59
19124.02 17823.90
19117.91 17851.38
19111.78 17878.91
19104.94 17905.59
19096.24 17932.25
19087.06 17959.16
19077.82 17985.04
19067.86 18011.15
19057.11 18036.38
19045.80 18062.54
19034.22 18087.43
19021.82 18111.83
19009.18 18136.72
18995.26 18161.11
18980.31 18184.66
18965.11 18208.63
18950.06 18231.71
18934.23 18254.79
18917.97 18277.53
18900.93 18299.80
18883.92 18321.40
18865.71 18343.51
18848.14 18364.83
18829.57 18386.14
18810.82 18407.01
18791.23 18427.10
18771.33 18447.31
18751.44 18467.50
18731.85 18487.39
18711.95 18507.59
18692.16 18527.68
18672.26 18547.87
18652.47 18567.97
18632.81 18587.93
18612.95 18608.43
18593.32 18628.67
18573.51 18649.11
18553.72 18669.53
18534.17 18689.70
18514.65 18709.83
18495.57 18729.52
18477.10 18749.77
18458.84 18770.20
18440.95 18790.92
18423.54 18812.89
18406.52 18835.32
18390.00 18857.63
18373.55 18881.00
18357.63 18904.55
18341.66 18928.17
18326.66 18954.55
18312.32 18978.00
18298.48 19001.33
18284.56 19025.23
18270.55 19049.29
18258.69 19071.42
18248.78 19090.00
18227.88 19137.43
18227.77 19152.47
18230.70 19166.51
18237.72 19179.43
18248.89 19190.20
18261.16 19198.70
18276.08 19202.96
18290.47 19202.31
18304.49 19198.08
18317.98 19190.86
18330.07 19181.55
18340.75 19170.69
18349.56 19158.71
18355.89 19144.50
18361.23 19129.87
18363.61 19115.44
18363.84 19100.65
18361.41 19086.40
18357.48 19071.99
18350.89 19058.89
18341.53 19047.31
18330.69 19036.11
18318.36 19026.97
18305.64 19018.00
18291.28 19009.35
18277.54 19001.06
18264.04 18992.93
18250.12 18984.53
18236.48 18976.14
18223.06 18967.85
18208.95 18959.13
18195.39 18950.76
18181.23 18942.01
18167.82 18933.80
18153.57 18925.14
18139.26 18916.44
18125.21 18907.89
18111.78 18899.73
18098.39 18891.17
18084.27 18881.99
18071.02 18872.46
18057.55 18862.21
18045.37 18852.21
18032.73 18841.15
18020.35 18830.20
17999.58 18810.91
17990.21 18801.33
17981.27 18792.19
17969.95 18780.75
17957.65 18768.33
17944.28 18754.28
17930.85 18740.12
17917.75 18726.30
17905.50 18711.91
17890.87 18699.07
17878.46 18683.73
17866.53 18668.99
17854.83 18654.55
17843.02 18640.00
17831.36 18625.63
17819.39 18610.88
17807.10 18595.58
17795.70 18580.50
17784.29 18565.41
17772.70 18550.07
17760.76 18534.45
17739.59 18509.08
17727.67 18494.22
17716.09 18479.78
17704.44 18465.26
17692.73 18450.64
17681.22 18436.25
17669.94 18422.14
17658.60 18407.97
17647.07 18393.25
17635.35 18378.18
17624.29 18363.95
17613.77 18350.43
17605.50 18340.17
17596.39 18330.89
17586.89 18321.89
17577.54 18313.03
17567.66 18303.68
17553.73 18295.75
17543.11 18290.13
17531.73 18284.10
17520.08 18279.65
17502.18 18272.58
17490.20 18269.44
17478.68 18266.42
17466.67 18263.24
17454.91 18259.72
17443.49 18256.30
17432.26 18252.94
17419.89 18255.32
17416.38 18265.78
17412.93 18276.13
17409.61 18286.21
17406.33 18296.14
17399.22 18316.91
17394.80 18329.41
17390.31 18342.11
17385.94 18354.46
17381.35 18367.43
17376.86 18380.09
17372.48 18392.47
17367.75 18405.47
17363.13 18418.16
17358.49 18430.86
17353.99 18443.20
17349.40 18455.75
17345.44 18471.60
17341.18 18483.62
17337.07 18495.20
17332.91 18506.95
17328.62 18519.06
17324.46 18530.78
17320.29 18542.54
17316.23 18554.03
17312.15 18565.64
17307.79 18578.04
17303.61 18589.96
17292.61 18615.95
17287.27 18630.60
17281.24 18647.17
17274.90 18664.60
17268.39 18682.47
17261.90 18700.29
17255.09 18718.65
17248.41 18735.83
17241.48 18753.66
17234.35 18771.98
17227.64 18789.24
17220.54 18807.52
17213.83 18824.76
17207.05 18842.19
17200.08 18860.14
17193.36 18877.43
17186.28 18895.63
17180.16 18911.73
17170.70 18927.51
17164.13 18945.00
17157.83 18961.78
17153.15 18976.77
17148.73 18991.15
17144.19 19005.88
17139.99 19019.54
17135.82 19033.90
17132.34 19047.57
17128.66 19062.02
17125.40 19074.84
17122.20 19089.82
17119.22 19105.82
17116.43 19120.79
17113.37 19137.62
17110.09 19156.44
17107.26 19174.24
17105.77 19192.85
