18771.70 18859.56
18772.67 18860.65
18774.85 18863.12
18778.12 18866.82
18782.83 18872.14
18788.45 18878.50
18795.68 18886.68
18804.02 18896.10
18813.41 18906.72
18822.43 18916.92
18831.18 18926.81
18840.18 18937.11
18849.28 18947.54
18858.54 18958.14
18867.60 18968.52
18876.25 18978.43
18885.29 18988.80
18894.23 18999.03
18903.39 19009.53
18912.18 19019.59
18920.60 19029.25
18926.60 19036.05
18929.74 19039.60
18923.65 19037.68
18917.58 19030.80
18910.29 19022.46
18902.05 19013.01
18893.16 19002.83
18884.12 18992.47
18874.83 18981.83
18865.89 18971.59
18856.65 18961.00
18847.61 18950.64
18838.45 18940.15
18829.18 18929.53
18820.10 18919.27
18811.35 18909.37
18802.22 18899.04
18792.82 18888.42
18783.63 18878.03
18775.23 18868.53
18769.70 18862.28
18766.83 18859.03
18767.18 18844.47
18771.13 18838.06
18775.75 18830.65
18781.24 18821.89
18788.12 18811.80
18801.07 18795.37
18806.32 18790.07
18810.03 18786.33
18812.19 18784.29
18812.56 18783.96
18812.79 18783.77
18812.81 18783.74
18812.81 18783.74
18812.81 18783.74
18812.81 18783.74
18812.81 18783.74
18812.81 18783.74
18812.81 18783.74
18812.81 18783.74
18812.81 18783.74
18812.81 18783.74
18812.81 18783.74
18812.81 18783.74
18812.81 18783.74
18812.81 18783.74
18815.48 18775.96
18813.32 18773.44
18810.14 18769.75
18805.93 18764.84
18800.68 18758.74
18794.50 18751.54
18787.02 18742.83
18772.51 18725.42
18764.37 18715.42
18755.89 18705.03
18747.36 18694.92
18738.16 18684.86
18728.79 18674.62
18719.79 18664.79
18710.73 18654.89
18701.43 18644.74
18689.20 18636.24
18681.76 18628.08
18675.19 18620.85
18671.10 18615.78
18668.53 18612.59
18667.87 18611.77
18667.79 18611.67
18667.78 18611.66
18667.77 18611.65
18667.77 18611.65
18667.77 18611.65
18667.77 18611.65
18654.98 18596.80
18652.75 18594.50
18649.06 18590.50
18644.09 18584.99
18637.96 18577.89
18630.67 18569.46
18622.58 18560.09
18614.17 18550.36
18605.91 18540.80
18597.34 18532.03
18589.16 18522.73
18580.86 18513.07
18572.80 18503.62
18564.38 18493.78
18556.31 18484.35
18548.10 18475.28
18525.59 18448.35
18518.47 18440.11
18511.72 18432.29
18505.05 18424.56
18496.56 18410.07
18487.45 18399.88
18478.37 18389.73
18469.41 18379.71
18460.18 18369.38
18450.67 18358.47
18441.29 18347.60
18432.54 18337.46
18423.03 18326.42
18414.18 18316.16
18405.27 18305.82
18396.02 18295.09
18387.30 18284.99
18377.58 18274.14
18366.58 18266.03
18355.68 18257.99
18344.40 18249.68
18332.70 18241.05
18321.45 18232.76
18309.75 18224.14
18298.48 18215.83
18287.11 18207.44
18267.95 18193.14
18257.34 18185.05
18246.74 18176.96
18236.46 18169.00
18226.40 18161.20
18215.84 18153.01
18205.37 18144.89
18195.11 18136.94
18186.65 18130.38
18173.70 18120.72
18171.66 18119.24
18171.57 18119.18
18171.55 18119.17
18171.54 18119.16
18171.53 18119.16
18171.53 18119.16
18171.53 18119.16
18171.53 18119.16
18171.53 18119.16
18171.53 18119.16
18171.53 18119.16
18171.53 18119.16
18171.53 18119.16
18171.53 18119.16
18171.53 18119.16
18171.53 18119.16
18171.53 18119.16
18171.53 18119.16
18171.53 18119.16
18171.53 18119.16
18171.53 18119.16
18171.53 18119.16
18171.53 18119.16
18171.53 18119.16
18171.53 18119.16
18171.53 18119.16
18171.53 18119.16
18171.38 18119.05
18170.99 18118.76
18170.21 18118.20
18167.72 18116.41
18164.51 18114.09
18160.07 18110.90
18154.73 18107.06
18148.11 18102.31
18140.82 18097.07
18133.38 18091.27
18117.17 18078.92
18108.60 18072.69
18101.20 18066.64
18092.94 18060.23
18085.39 18054.38
18076.89 18047.62
18069.40 18041.71
18061.53 18035.78
18053.14 18029.51
18039.16 18016.83
18032.42 18009.25
18026.43 18001.06
18021.40 17994.35
18016.98 17988.46
18013.51 17983.77
18009.92 17978.90
18006.68 17974.44
18003.07 17969.28
17990.51 17960.71
17985.29 17956.06
17980.21 17951.30
17981.87 17942.18
17994.36 17933.72
18006.15 17926.64
18014.81 17915.42
18024.38 17905.77
18035.07 17896.60
18042.27 17885.07
18043.93 17872.49
18039.92 17861.48
18033.95 17852.18
18027.92 17842.63
18021.66 17832.39
18015.93 17822.56
18010.26 17812.63
18004.85 17803.13
18000.16 17793.88
17994.88 17783.49
17990.33 17774.97
17984.10 17765.00
17978.28 17755.70
17972.64 17746.67
17966.83 17737.38
17960.99 17728.02
17955.74 17719.62
17951.95 17713.57
17949.54 17709.70
17948.62 17708.24
17948.39 17707.86
17948.03 17707.28
17947.95 17707.16
17947.89 17707.06
17947.89 17707.05
17947.88 17707.05
17947.88 17707.05
17947.88 17707.05
17947.88 17707.05
17947.88 17707.05
17947.88 17707.05
17947.88 17707.05
17947.88 17707.05
17947.88 17707.05
17947.88 17707.05
17947.88 17707.05
17947.88 17707.05
17947.88 17707.05
17947.88 17707.04
17947.87 17707.02
17947.78 17706.89
17947.53 17706.48
17947.17 17705.92
17946.25 17704.44
17944.38 17701.45
17941.37 17696.62
17937.70 17690.66
17932.93 17682.89
17927.10 17673.38
17921.32 17663.94
17915.72 17654.82
17910.04 17645.54
17904.17 17635.97
17898.65 17626.96
17892.84 17617.48
17885.26 17598.36
17879.69 17589.20
17874.30 17580.34
17869.48 17570.61
17865.51 17562.20
17861.03 17552.56
17856.42 17542.55
17851.60 17532.07
17846.98 17522.05
17843.16 17513.38
17839.16 17504.01
17835.04 17494.74
17830.23 17484.07
17825.01 17473.95
17818.55 17464.77
17811.33 17455.87
17804.78 17447.80
17797.87 17439.28
17791.11 17430.96
17784.29 17422.55
17776.92 17413.46
17769.74 17404.61
17763.48 17396.90
17756.55 17388.37
17750.34 17380.71
17743.37 17372.12
17736.45 17363.59
17723.55 17347.47
17717.90 17340.19
17711.22 17331.57
17705.08 17323.67
17697.56 17316.48
17690.68 17311.62
17684.92 17308.06
17681.39 17306.52
17678.94 17305.46
17678.31 17305.18
17677.91 17305.01
17677.22 17304.71
17676.62 17304.45
17675.49 17303.96
17672.67 17302.92
17668.82 17301.69
17662.78 17299.94
17654.55 17298.22
17638.31 17298.77
17625.96 17298.47
17612.84 17298.67
17599.95 17302.60
17594.70 17302.86
17591.73 17303.00
17591.00 17303.04
17590.81 17303.05
17590.71 17303.05
17590.69 17303.05
17590.69 17303.05
17590.69 17303.05
17590.69 17303.05
17590.69 17303.05
17590.69 17303.05
17590.60 17303.06
17590.04 17303.08
17588.44 17303.16
17586.16 17303.27
17583.34 17303.41
17580.65 17303.54
17579.76 17303.58
17579.06 17303.62
17578.93 17303.62
17578.90 17303.62
17578.90 17303.62
17578.90 17303.62
17578.90 17303.62
17578.90 17303.62
17578.90 17303.62
17578.90 17303.62
17578.90 17303.62
17578.90 17303.62
17578.90 17303.62
17578.90 17303.62
17578.90 17303.62
17578.90 17303.62
17578.90 17303.62
17578.90 17303.62
17578.90 17303.62
17578.90 17303.62
17578.90 17303.62
17578.90 17303.62
17578.90 17303.62
17578.90 17303.62
17578.90 17303.62
17578.90 17303.62
17578.90 17303.62
17578.90 17303.62
17578.90 17303.62
17578.90 17303.62
17578.90 17303.62
17578.90 17303.62
17578.90 17303.62
17578.90 17303.62
17578.90 17303.62
17578.90 17303.62
17578.90 17303.62
17578.90 17303.62
17578.90 17303.62
17578.90 17303.62
17578.90 17303.62
17578.90 17303.62
17578.90 17303.62
17578.90 17303.62
17578.90 17303.62
17578.90 17303.62
17578.90 17303.62
17578.90 17303.62
17578.90 17303.62
17578.90 17303.62
17578.90 17303.62
17578.90 17303.62
17578.90 17303.62
17578.90 17303.62
17578.90 17303.62
17578.90 17303.62
17578.90 17303.62
17578.90 17303.62
17578.90 17303.62
17578.90 17303.62
17578.90 17303.62
17578.90 17303.62
17578.90 17303.62
17578.90 17303.62
17578.90 17303.62
17578.90 17303.62
17578.90 17303.62
17578.90 17303.62
17578.90 17303.62
17578.90 17303.62
17578.90 17303.62
17578.90 17303.62
17578.90 17303.62
17578.90 17303.62
17578.90 17303.62
17578.90 17303.62
17578.90 17303.62
17578.90 17303.62
17578.90 17303.62
17578.90 17303.62
17578.90 17303.62
17578.90 17303.62
17578.90 17303.62
17578.90 17303.62
17578.90 17303.62
17578.90 17303.62
17578.90 17303.62
17578.90 17303.62
17578.90 17303.62
17578.90 17303.62
17578.90 17303.62
17578.90 17303.62
17578.90 17303.62
17578.90 17303.62
17578.90 17303.62
17578.90 17303.62
17578.90 17303.62
17578.90 17303.62
17578.90 17303.62
17578.90 17303.62
17578.90 17303.62
17578.90 17303.62
17578.90 17303.62
17578.90 17303.62
17578.90 17303.62
17578.90 17303.62
17578.90 17303.62
17578.90 17303.62
17578.90 17303.62
17578.90 17303.62
17578.90 17303.62
17578.90 17303.62
17578.90 17303.62
17578.90 17303.62
17578.90 17303.62
17578.90 17303.62
17578.90 17303.62
17578.90 17303.62
17578.90 17303.62
17578.90 17303.62
17578.90 17303.62
17578.90 17303.62
17578.90 17303.62
17578.90 17303.62
17578.90 17303.62
17578.90 17303.62
17578.90 17303.62
17578.90 17303.62
17578.90 17303.62
17578.90 17303.62
17578.90 17303.62
17578.90 17303.62
17578.90 17303.62
17578.90 17303.62
17578.90 17303.62
17578.90 17303.62
17578.90 17303.62
17578.90 17303.62
17578.90 17303.62
17578.25 17303.66
17576.32 17303.75
17575.98 17303.77
17575.96 17303.77
17575.95 17303.77
17575.95 17303.77
17575.95 17303.77
17575.95 17303.77
17575.95 17303.77
17575.95 17303.77
17575.95 17303.77
17575.95 17303.77
17575.95 17303.77
17575.95 17303.77
17575.95 17303.77
17575.95 17303.77
17575.95 17303.77
17575.95 17303.77
17575.95 17303.77
17575.95 17303.77
17575.95 17303.77
17575.95 17303.77
17575.95 17303.77
17575.95 17303.77
17575.95 17303.77
17575.95 17303.77
17575.95 17303.77
17575.95 17303.77
17575.95 17303.77
17575.95 17303.77
17575.95 17303.77
17575.95 17303.77
17575.95 17303.77
17575.95 17303.77
17575.95 17303.77
17575.95 17303.77
17575.95 17303.77
17575.95 17303.77
17575.95 17303.77
17575.95 17303.77
17575.95 17303.77
17575.95 17303.77
17575.95 17303.77
17575.95 17303.77
17575.95 17303.77
17575.95 17303.77
17575.95 17303.77
17575.95 17303.77
17575.95 17303.77
17575.95 17303.77
17575.95 17303.77
17575.95 17303.77
17575.95 17303.77
17527.19 17294.28
17526.91 17292.30
17526.36 17289.42
17525.59 17285.42
17524.58 17280.20
17523.36 17273.90
17514.49 17266.23
17511.29 17261.61
17510.58 17259.37
17510.45 17258.94
17510.40 17258.79
17510.39 17258.74
17510.39 17258.73
17510.38 17258.73
17510.38 17258.73
17510.38 17258.73
17510.38 17258.73
17510.38 17258.73
17510.38 17258.73
17510.38 17258.73
17510.38 17258.73
17510.38 17258.73
17510.38 17258.73
17510.38 17258.73
17510.38 17258.73
17510.38 17258.73
17510.38 17258.73
17510.38 17258.73
17510.38 17258.73
17510.38 17258.73
17510.38 17258.73
17510.38 17258.73
17510.38 17258.73
17510.38 17258.73
17510.38 17258.73
17510.38 17258.73
17510.38 17258.73
17510.38 17258.73
17510.38 17258.73
17510.38 17258.73
17510.38 17258.73
17510.38 17258.73
17510.38 17258.73
17510.38 17258.73
17510.38 17258.73
17510.38 17258.73
17510.38 17258.73
17510.38 17258.73
17510.38 17258.73
17510.38 17258.73
17510.38 17258.73
17510.38 17258.73
17510.38 17258.73
17510.38 17258.73
17510.38 17258.73
17510.38 17258.73
17510.38 17258.73
17510.38 17258.73
17510.38 17258.73
17510.38 17258.73
17510.38 17258.73
17510.38 17258.73
17510.38 17258.73
17510.38 17258.70
17510.34 17258.58
17510.22 17258.21
17509.71 17256.57
17508.73 17253.44
17507.27 17248.78
17505.46 17242.99
17503.84 17237.82
17502.71 17234.23
17501.13 17229.18
17499.73 17224.70
17497.71 17218.28
17495.93 17212.57
17493.95 17206.25
17491.88 17199.64
17489.84 17193.10
17488.37 17187.96
17486.75 17182.28
17490.98 17169.79
17492.76 17169.17
17493.83 17168.79
17493.99 17168.74
17494.08 17168.71
17494.16 17168.68
17494.17 17168.68
17494.18 17168.67
17494.18 17168.67
17494.18 17168.67
17494.18 17168.67
17494.18 17168.67
17494.18 17168.67
17494.18 17168.67
17494.18 17168.67
17494.18 17168.67
17494.18 17168.67
17494.18 17168.67
17494.18 17168.67
17494.18 17168.67
17494.18 17168.67
17494.18 17168.67
17494.18 17168.67
17494.18 17168.67
17494.18 17168.67
17494.18 17168.67
17494.18 17168.67
17494.18 17168.67
17494.18 17168.67
17494.18 17168.67
17494.18 17168.67
17494.18 17168.67
17494.18 17168.67
17494.18 17168.67
17494.18 17168.67
17494.18 17168.67
17494.18 17168.67
17494.18 17168.67
17494.18 17168.67
17494.18 17168.67
17494.18 17168.67
17494.18 17168.67
17494.18 17168.67
17494.18 17168.67
17494.18 17168.67
17494.18 17168.67
17494.18 17168.67
17494.18 17168.67
17494.18 17168.67
17494.18 17168.67
17494.18 17168.67
17494.18 17168.67
17494.18 17168.67
17494.18 17168.67
17494.18 17168.67
17494.18 17168.67
17494.18 17168.67
17494.18 17168.67
17494.18 17168.67
17494.18 17168.67
17494.18 17168.67
17494.18 17168.67
17494.18 17168.67
17494.18 17168.67
17494.18 17168.67
17494.18 17168.67
17494.18 17168.67
17494.18 17168.67
17494.18 17168.67
17494.18 17168.67
17494.18 17168.67
17494.18 17168.67
17494.18 17168.67
17494.18 17168.67
17494.18 17168.67
17494.18 17168.67
17494.18 17168.67
17494.18 17168.67
17494.18 17168.67
17494.18 17168.67
17494.18 17168.67
17494.18 17168.67
17494.18 17168.67
17494.18 17168.67
17494.18 17168.67
17494.18 17168.67
17494.18 17168.67
17494.18 17168.67
17494.18 17168.67
17494.18 17168.67
17494.18 17168.67
17494.18 17168.67
17494.18 17168.67
17494.18 17168.67
17494.18 17168.67
17494.33 17168.62
17494.91 17168.42
17496.39 17167.91
17498.70 17167.10
17502.11 17165.95
17508.90 17151.53
17507.48 17142.48
17506.04 17131.54
17504.61 17120.55
17503.21 17110.06
17502.01 17101.13
17500.76 17091.75
17499.38 17081.43
17498.04 17071.42
17496.74 17061.70
17495.47 17052.27
17492.09 17040.24
17490.60 17030.70
17489.01 17020.45
17487.12 17009.32
17484.84 16998.97
17482.49 16988.74
17479.87 16979.51
17477.03 16969.51
17474.28 16959.87
17471.59 16950.40
17469.56 16943.29
17467.18 16934.90
17461.18 16914.97
17458.74 16908.22
17456.29 16901.43
17448.08 16884.59
17444.12 16875.09
17440.41 16866.19
17436.66 16857.21
17433.33 16849.21
17430.14 16842.29
17427.15 16837.03
17423.84 16822.22
17423.70 16821.93
17423.57 16821.65
17423.41 16821.32
17417.69 16812.54
17414.66 16805.61
17411.57 16798.57
17408.78 16792.18
17405.48 16784.65
17401.88 16776.44
17399.62 16771.26
17396.99 16765.26
17390.55 16749.81
17387.21 16741.50
17383.63 16732.59
17379.96 16723.44
17376.46 16714.85
17372.64 16705.53
17369.00 16692.38
17364.95 16683.05
17360.77 16674.63
17356.10 16666.04
17351.81 16658.77
17347.02 16650.66
17332.03 16635.79
17325.41 16631.41
17318.51 16629.90
17299.26 16631.18
17288.88 16635.79
17280.60 16643.06
17269.29 16648.07
17256.66 16653.67
17243.99 16659.29
17231.49 16664.82
17218.38 16670.63
17205.40 16676.38
17192.57 16682.06
17179.89 16687.73
17168.31 16693.11
17157.10 16698.33
17146.90 16703.07
17135.10 16708.55
17125.27 16713.13
17115.12 16717.84
17105.11 16722.50
17095.08 16727.16
17085.33 16731.70
17075.12 16736.45
17065.63 16740.86
17055.36 16746.05
17046.12 16750.86
17037.50 16755.36
17027.15 16760.75
17017.78 16765.63
17008.01 16770.72
16998.50 16775.68
16988.55 16780.87
16979.31 16785.68
16968.90 16791.11
16959.76 16795.87
16950.82 16800.53
16941.37 16805.46
16932.01 16810.33
16922.54 16815.27
16912.95 16820.27
16903.02 16825.45
16893.09 16830.62
16883.71 16835.51
16874.32 16840.40
16864.97 16845.28
16854.96 16850.49
16845.26 16855.55
16835.94 16860.41
16826.41 16865.37
16816.47 16870.55
16806.73 16875.63
16796.75 16880.84
16786.65 16886.10
16777.92 16890.65
16767.98 16895.83
16758.85 16900.59
16749.35 16905.54
16739.58 16910.63
16729.46 16915.91
16720.14 16920.76
16710.81 16925.63
16701.37 16930.55
16691.28 16935.81
16682.01 16940.64
16672.59 16945.55
16663.06 16950.52
16653.36 16955.57
16643.79 16960.56
16634.46 16965.42
16625.29 16970.20
16615.65 16971.51
16607.37 16975.82
16599.78 16979.78
16590.53 16984.60
16581.23 16989.45
16572.12 16994.20
16562.29 16999.32
16552.20 17004.58
16542.59 17009.59
16532.01 17015.10
16521.75 17020.45
16511.54 17025.77
16502.47 17030.50
16492.19 17035.86
16482.57 17040.87
16473.31 17045.70
16462.96 17051.09
16453.52 17056.01
16443.84 17061.06
16433.78 17066.30
16424.07 17071.29
16414.08 17076.37
16403.69 17081.65
16394.27 17086.88
16385.43 17092.06
16374.74 17098.33
16366.59 17104.88
16357.99 17112.58
16349.71 17120.14
16342.27 17128.33
16335.55 17135.72
16317.50 17155.45
16310.44 17163.57
16301.67 17169.68
16291.40 17174.92
16281.21 17177.89
16270.81 17179.25
16260.37 17179.56
16250.78 17177.35
16240.69 17173.86
16230.74 17168.81
16222.02 17163.07
16214.71 17155.82
16208.21 17145.98
16203.00 17136.27
16199.21 17126.94
16196.46 17115.73
16194.22 17106.55
16191.68 17095.45
16189.34 17084.44
16186.86 17074.34
16183.87 17064.97
16178.02 17052.49
16174.41 17043.62
16169.41 17028.88
16162.09 17019.50
16154.03 17010.40
16145.14 17001.82
16129.04 16985.32
16117.62 16978.22
16106.25 16971.13
16094.81 16964.01
16083.01 16956.67
16070.81 16949.07
16058.92 16941.67
16047.51 16934.57
16035.20 16926.90
16023.88 16919.85
16012.10 16912.52
16000.67 16905.41
15989.31 16898.33
15977.25 16890.82
15965.25 16883.35
15951.30 16878.56
15939.24 16871.04
15927.10 16863.49
15915.53 16856.29
15903.36 16848.70
15891.25 16841.16
15879.28 16833.72
15849.08 16814.85
15840.62 16809.56
15831.49 16803.85
15822.45 16798.19
15813.96 16792.88
15807.36 16784.86
15798.16 16779.11
15780.34 16767.82
15768.54 16760.20
15756.86 16752.70
15744.73 16745.03
15732.86 16737.47
15721.02 16730.12
15709.43 16723.08
15697.45 16715.66
15685.92 16708.59
15673.43 16700.86
15661.70 16693.02
15650.83 16685.13
15640.21 16676.14
15629.82 16666.58
15619.85 16656.87
15610.22 16646.93
15600.84 16636.92
15591.39 16626.33
15580.30 16618.85
15570.86 16608.27
15561.13 16597.37
15551.61 16586.69
15541.88 16575.79
15532.14 16564.88
15522.48 16554.08
15512.81 16543.26
15503.81 16533.21
15494.38 16522.66
15485.09 16512.28
15476.11 16502.24
15466.56 16491.55
15457.40 16481.32
15448.25 16471.08
15438.90 16460.64
15429.17 16449.75
15420.12 16439.75
15410.32 16429.09
15401.05 16419.01
15391.44 16408.56
15381.79 16398.08
15372.05 16387.32
15362.62 16376.51
15353.00 16365.49
15343.99 16355.15
15335.34 16345.28
15327.26 16336.39
15319.18 16327.50
15311.19 16318.70
15303.99 16310.77
15296.26 16302.27
15288.85 16294.10
15280.87 16285.32
15273.42 16277.12
15265.12 16268.60
15257.85 16261.74
15250.06 16254.38
15241.82 16246.94
15233.64 16240.50
15224.76 16233.52
15216.13 16226.85
15207.00 16219.78
15198.29 16213.95
15189.75 16208.26
15180.45 16202.39
15170.47 16196.74
15161.08 16191.49
15151.17 16186.44
15141.06 16181.28
15131.15 16176.23
15120.30 16170.69
15102.74 16161.37
15095.30 16157.40
15088.60 16153.81
15070.74 16143.92
15063.93 16140.05
15057.32 16136.30
15050.85 16132.62
15036.81 16122.75
15024.80 16115.92
15010.86 16107.99
14996.91 16100.05
14983.13 16092.21
14969.72 16084.59
14956.16 16076.87
14941.92 16068.77
14929.09 16061.47
14915.64 16053.82
14900.56 16045.22
14888.59 16038.33
14877.49 16031.94
14864.78 16024.64
14863.12 16023.68
14862.78 16023.49
14862.73 16023.46
14862.73 16023.46
14862.73 16023.46
14862.73 16023.46
14862.73 16023.46
14862.73 16023.46
14862.73 16023.46
14862.73 16023.46
14854.33 16018.63
14854.26 16018.59
14843.15 16011.92
14841.47 16010.87
14831.88 16004.87
14820.99 15998.06
14816.26 15995.12
14797.41 15984.04
14781.85 15975.52
14767.00 15967.39
14750.57 15958.39
14731.64 15951.64
14711.27 15936.32
14697.16 15928.34
14682.49 15920.05
14660.72 15908.62
14644.58 15900.77
14629.85 15892.70
14614.76 15884.40
14601.29 15876.99
14591.52 15871.61
14582.23 15866.50
14573.14 15861.49
14563.50 15856.19
14553.39 15850.62
14543.14 15844.65
14532.85 15838.62
14521.65 15832.06
14511.48 15826.09
14504.69 15822.11
14498.99 15818.77
14495.46 15816.70
14494.45 15816.03
14493.83 15815.58
14493.76 15815.53
14493.75 15815.53
14493.75 15815.52
14493.74 15815.52
14493.74 15815.52
14493.74 15815.52
14493.74 15815.52
14493.74 15815.52
14493.74 15815.52
14493.74 15815.52
14493.74 15815.52
14493.74 15815.52
14493.74 15815.52
14493.74 15815.52
14493.74 15815.52
14493.74 15815.52
14492.92 15814.94
14490.98 15813.62
14487.33 15811.26
14471.57 15800.96
14466.79 15797.77
14461.49 15794.22
14455.79 15790.27
14450.49 15786.44
14444.87 15782.37
14429.56 15770.37
14422.53 15764.71
14415.73 15759.23
14408.90 15753.73
14401.81 15748.01
14394.72 15742.30
14387.79 15736.72
14384.24 15733.85
14380.13 15730.54
14376.06 15727.23
14372.82 15720.29
14366.66 15715.23
14360.09 15709.82
14353.21 15704.16
14346.82 15698.90
14340.66 15693.83
14334.06 15688.40
14327.82 15682.76
14321.28 15676.41
14314.90 15670.13
14303.83 15659.24
14297.64 15653.17
14292.17 15647.79
14285.41 15641.16
14279.32 15635.18
14273.90 15629.86
14268.42 15624.48
14262.36 15618.53
14256.64 15612.92
14250.71 15607.17
14244.62 15601.40
14238.85 15595.94
14226.75 15584.04
14220.85 15578.01
14215.57 15572.61
14209.23 15566.14
14203.32 15560.09
14197.79 15554.44
14191.86 15548.38
14185.71 15542.10
14179.67 15535.93
14173.54 15529.67
14168.05 15524.05
14162.57 15518.45
14156.84 15511.86
14146.53 15495.94
14146.49 15495.85
14140.88 15481.21
14140.25 15479.64
14126.23 15458.47
14123.68 15449.93
14121.02 15441.05
14118.88 15433.89
14116.73 15426.72
14114.87 15419.97
14116.02 15411.72
14109.55 15389.02
14107.02 15380.64
14104.51 15372.32
14100.14 15356.53
14097.83 15346.35
14095.42 15335.74
14093.36 15326.97
14091.71 15320.72
14090.98 15317.24
14090.97 15317.17
14090.96 15317.16
14090.96 15317.16
14090.96 15317.15
14090.96 15317.15
14087.55 15301.25
14086.88 15298.46
14086.04 15293.89
