12807.27 17597.67
12806.42 17598.94
12804.32 17602.07
12801.18 17606.75
12797.08 17612.86
12792.28 17620.01
12786.40 17628.77
12779.28 17638.53
12771.05 17649.75
12764.55 17658.58
12760.51 17664.09
12758.54 17661.20
12764.38 17653.25
12771.02 17644.21
12778.77 17633.66
12786.77 17622.29
12794.56 17610.69
12800.70 17601.54
12804.53 17595.83
12806.06 17593.54
12806.24 17593.28
12806.26 17593.24
12806.27 17593.24
12806.27 17593.23
12812.65 17584.08
12814.15 17582.02
12816.56 17578.71
12819.78 17574.30
12823.85 17568.70
12828.55 17562.02
12850.33 17521.39
12853.71 17512.90
12857.10 17504.31
12860.03 17495.92
12862.75 17487.56
12864.69 17481.56
12865.57 17478.05
12866.00 17476.30
12866.03 17476.18
12866.03 17476.15
12866.04 17476.13
12866.04 17476.13
12866.04 17476.13
12866.04 17476.13
12866.04 17476.13
12866.04 17476.13
12866.04 17476.13
12866.04 17476.13
12866.04 17476.13
12866.04 17476.13
12866.04 17476.13
12868.97 17464.49
12869.43 17462.71
12870.07 17460.18
12871.04 17456.41
12875.02 17440.87
12876.66 17433.53
12877.10 17424.90
12878.03 17406.81
12878.73 17394.75
12879.33 17384.47
12878.29 17376.39
12877.21 17368.05
12876.64 17359.96
12876.04 17351.41
12875.50 17343.78
12874.94 17335.71
12874.37 17327.58
12873.80 17319.49
12873.24 17311.50
12872.64 17302.96
12872.10 17295.32
12871.51 17286.83
12870.35 17269.59
12869.84 17261.96
12869.31 17253.92
12868.79 17246.09
12868.28 17238.28
12867.73 17230.06
12867.23 17222.47
12866.74 17215.07
12866.22 17207.11
12865.65 17198.58
12865.11 17190.28
12864.58 17182.38
12864.17 17174.79
12863.81 17166.57
12863.44 17158.31
12863.10 17150.62
12862.48 17142.24
12861.88 17134.78
12861.28 17127.36
12860.44 17109.71
12860.30 17101.71
12860.16 17093.86
12860.03 17086.57
12859.88 17078.29
12859.74 17070.19
12859.60 17062.56
12859.47 17055.30
12859.34 17047.96
12859.21 17040.37
12859.06 17032.11
12858.93 17024.54
12858.79 17016.77
12858.66 17009.13
12858.46 16991.78
12858.77 16984.07
12859.05 16976.89
12859.35 16969.12
12859.62 16962.24
12859.89 16955.34
12860.19 16947.78
12860.87 16930.44
12860.96 16922.72
12860.97 16914.56
12860.97 16907.26
12860.97 16898.96
12860.98 16891.24
12860.98 16883.71
12860.99 16876.26
12860.99 16868.18
12860.99 16859.76
12861.00 16852.49
12861.00 16844.82
12861.00 16837.26
12861.11 16823.51
12861.19 16815.43
12861.27 16807.77
12861.36 16799.60
12861.33 16791.05
12861.22 16782.49
12861.12 16774.35
12861.02 16766.45
12860.30 16757.83
12859.55 16750.03
12858.35 16741.32
12856.87 16733.72
12855.39 16726.13
12853.84 16718.14
12852.26 16710.04
12850.59 16701.46
12849.01 16693.35
12847.45 16685.35
12845.90 16677.35
12844.33 16669.32
12842.77 16661.28
12841.25 16653.47
12839.64 16645.18
12838.07 16637.14
12836.58 16629.49
12835.04 16621.59
12833.56 16613.99
12832.03 16606.52
12830.14 16598.36
12828.28 16590.27
12826.54 16582.75
12824.62 16574.45
12822.70 16566.14
12820.76 16557.72
12818.82 16549.31
12816.92 16541.10
12814.96 16532.59
12813.16 16524.79
12811.25 16516.53
12809.51 16508.97
12807.65 16500.94
12806.20 16494.67
12805.36 16491.00
12811.77 16472.53
12815.60 16467.62
12820.44 16461.40
12826.33 16453.84
12833.53 16444.60
12841.61 16434.23
12849.68 16423.87
12858.33 16412.77
12867.17 16401.83
12877.03 16393.16
12887.14 16384.27
12896.77 16375.68
12901.95 16367.12
12904.03 16361.10
12904.75 16359.02
12912.10 16351.57
12917.91 16350.94
12925.08 16349.89
12934.45 16348.51
12945.58 16346.91
12962.18 16336.76
12968.09 16327.78
12976.24 16312.38
12983.74 16300.82
12990.76 16289.61
12998.09 16277.88
13004.87 16266.99
13014.02 16250.46
13018.78 16238.78
13023.64 16226.86
13028.08 16214.30
13035.03 16198.06
13038.07 16185.56
13041.12 16173.05
13044.18 16160.49
13048.35 16142.43
13051.15 16128.99
13053.83 16116.12
13060.92 16102.15
13069.91 16090.81
13081.21 16082.75
13092.83 16074.47
13104.73 16066.08
13116.71 16058.38
13128.74 16050.66
13139.77 16042.99
13151.14 16034.59
13162.19 16026.44
13173.81 16018.17
13185.40 16010.43
13197.60 16003.58
13209.85 15997.92
13223.36 15992.89
13237.38 15988.82
13250.42 15985.46
13263.67 15982.04
13277.64 15978.44
13290.93 15975.01
13302.04 15972.07
13309.12 15969.82
13312.76 15968.66
13314.49 15968.11
13314.66 15968.06
13315.02 15967.95
13315.65 15967.75
13317.12 15967.28
13317.77 15967.07
13318.79 15966.75
13319.01 15966.68
13319.36 15966.56
13319.58 15966.50
13319.80 15966.42
13319.87 15966.40
13319.90 15966.39
13319.91 15966.39
13319.91 15966.39
13319.92 15966.39
13319.92 15966.39
13319.92 15966.39
13319.92 15966.39
13320.07 15966.34
13320.43 15966.23
13320.82 15966.10
13322.49 15965.57
13323.47 15965.26
13324.15 15965.03
13324.69 15964.82
13324.88 15964.75
13325.12 15964.65
13325.16 15964.64
13325.31 15964.58
13326.38 15964.17
13327.26 15963.83
13328.87 15963.20
13332.13 15961.93
13333.66 15961.34
13334.10 15961.17
13334.54 15961.00
13335.05 15960.80
13335.87 15960.48
13336.46 15960.25
13337.92 15959.68
13341.62 15958.25
13343.16 15957.65
13344.75 15957.03
13345.18 15956.86
13345.55 15956.72
13345.76 15956.64
13346.09 15956.51
13346.74 15956.26
13348.43 15955.60
13351.91 15954.25
13355.56 15952.83
13359.31 15951.38
13360.95 15950.74
13361.23 15950.63
13361.50 15950.53
13361.54 15950.51
13361.54 15950.51
13362.85 15950.00
13365.26 15949.07
13365.99 15948.78
13366.49 15948.59
13366.62 15948.54
13366.70 15948.51
13366.73 15948.50
13366.73 15948.49
13366.74 15948.49
13366.74 15948.49
13366.74 15948.49
13366.74 15948.49
13366.74 15948.49
13366.74 15948.49
13366.74 15948.49
13366.74 15948.49
13366.74 15948.49
13366.74 15948.49
13366.74 15948.49
13366.74 15948.49
13366.74 15948.49
13366.74 15948.49
13366.74 15948.49
13366.74 15948.49
13366.74 15948.49
13367.89 15948.04
13370.67 15946.96
13393.24 15940.62
13398.71 15944.30
13405.42 15948.81
13413.19 15954.03
13426.65 15959.61
13435.38 15965.90
13444.52 15971.62
13453.91 15977.32
13462.85 15982.74
13491.90 15989.96
13497.08 15991.16
13500.62 15991.98
13502.01 15992.30
13502.21 15992.35
13505.85 15987.90
13506.05 15984.14
13506.33 15978.74
13506.70 15971.71
13507.47 15963.69
13508.62 15954.21
13516.19 15936.25
13520.85 15926.69
13525.65 15917.07
13530.28 15907.79
13535.78 15895.61
13540.34 15884.69
13544.25 15875.47
13548.95 15864.79
13554.05 15854.30
13562.43 15836.53
13565.90 15828.68
13569.37 15820.84
13577.52 15802.62
13581.95 15792.88
13586.49 15782.89
13590.87 15773.26
13595.57 15762.93
13599.48 15754.33
13602.18 15748.41
13603.64 15745.19
13604.13 15744.12
13604.16 15744.05
13604.17 15744.03
13604.17 15744.02
13604.17 15744.02
13604.17 15744.02
13604.17 15744.02
13604.45 15743.40
13604.98 15742.25
13606.38 15739.15
13608.17 15735.24
13610.47 15730.18
13615.82 15718.13
13619.20 15710.41
13623.04 15701.64
13627.44 15691.59
13632.00 15681.16
13636.55 15670.77
13640.71 15661.31
13643.71 15650.98
13645.87 15640.80
13648.74 15620.50
13650.79 15609.13
13653.09 15598.31
13655.29 15588.04
13657.63 15577.06
13660.25 15564.90
13662.57 15554.20
13665.13 15542.34
13667.57 15531.04
13670.04 15519.63
13672.69 15508.28
13675.22 15497.55
13677.81 15486.53
13680.38 15475.56
13683.03 15464.31
13685.54 15453.60
13687.73 15444.29
13689.20 15438.06
13690.08 15434.30
13690.74 15431.49
13691.76 15427.15
13692.68 15423.21
13693.92 15417.96
13695.51 15411.17
13701.12 15393.68
13703.14 15384.48
13705.52 15373.67
13707.83 15363.38
13709.76 15354.76
13711.55 15346.77
13712.50 15342.55
13712.96 15340.51
13713.23 15339.32
13713.43 15338.41
13713.45 15338.34
13713.45 15338.32
13713.69 15337.27
13714.33 15334.38
13715.16 15330.62
13704.39 15319.31
13697.67 15316.03
13688.90 15311.71
13678.60 15306.65
13666.20 15300.57
13653.95 15294.55
13641.54 15288.27
13630.64 15278.49
13618.59 15272.07
13602.66 15266.88
13592.14 15261.10
13582.03 15255.55
13572.55 15248.17
13571.13 15247.36
13559.91 15239.21
13552.99 15235.36
13544.17 15230.53
13534.13 15225.01
13523.03 15218.91
13512.14 15212.60
13501.18 15206.26
13489.47 15199.49
13478.49 15193.14
13467.41 15186.72
13455.85 15180.03
13444.43 15173.28
13432.98 15166.38
13422.11 15159.84
13410.84 15153.05
13399.87 15146.46
13389.54 15140.37
13387.04 15107.45
13390.89 15100.38
13394.43 15093.88
13398.34 15086.71
13402.01 15079.96
13406.07 15072.51
13409.62 15066.00
13413.34 15059.22
13417.90 15053.01
13422.96 15046.13
13427.46 15040.03
13432.40 15033.31
13438.68 15029.48
13445.27 15033.83
13451.44 15037.91
13458.25 15042.41
13465.07 15046.92
13471.62 15051.25
13478.24 15055.62
13485.36 15060.33
13491.71 15064.53
13497.92 15068.63
13504.23 15072.80
13511.25 15077.44
13518.34 15082.12
13524.97 15086.51
13531.75 15090.99
13538.52 15095.47
13544.70 15099.55
13551.63 15104.13
