4889.85 15391.81
4891.35 15390.91
4894.24 15389.18
4898.51 15386.62
4904.14 15383.25
4911.34 15378.92
4920.61 15373.36
4931.33 15366.93
4942.01 15360.52
4952.90 15353.99
4963.08 15347.88
4973.50 15341.63
4983.67 15335.53
4993.92 15329.38
5004.65 15322.44
5014.88 15314.88
5024.33 15308.24
5029.56 15303.17
5031.97 15291.07
5032.21 15286.12
5032.34 15283.63
5025.70 15278.64
5018.67 15277.05
5010.17 15274.39
5000.01 15271.12
4989.55 15267.71
4979.37 15263.64
4959.00 15255.73
4948.50 15250.30
4938.07 15244.18
4928.63 15238.06
4919.17 15230.69
4910.23 15223.54
4896.19 15212.30
4887.27 15205.15
4878.37 15197.10
4870.12 15189.14
4855.19 15174.67
4848.22 15167.89
4841.18 15161.02
4833.18 15145.25
4840.58 15135.56
4848.48 15125.45
4857.00 15115.68
4865.01 15106.49
4873.44 15096.94
4882.01 15087.31
4890.49 15077.79
4898.67 15068.60
4906.80 15059.48
4915.43 15049.77
4924.24 15039.88
4932.90 15030.16
4941.25 15021.18
4949.90 15011.81
4957.99 15001.69
4965.75 14992.27
4975.15 14983.63
4984.74 14974.81
4993.26 14967.81
4999.23 14963.62
5004.12 14953.83
5002.76 14945.09
5002.07 14934.67
5001.38 14924.17
5000.07 14904.22
4999.12 14894.13
4998.15 14884.09
4997.13 14873.52
4994.90 14853.05
4992.94 14841.28
4990.50 14829.29
4988.50 14818.19
4986.95 14806.43
4985.86 14794.90
4985.59 14782.85
4979.55 14764.80
4972.47 14756.64
4965.55 14748.12
4958.47 14739.15
4951.87 14730.79
4938.71 14713.25
4931.90 14704.08
4924.94 14694.71
4917.60 14684.83
4910.84 14674.64
4904.82 14663.95
4898.86 14653.34
4893.14 14643.18
4887.25 14632.70
4876.43 14613.90
4870.51 14603.85
4864.75 14594.08
4858.88 14584.01
4854.09 14572.58
4849.61 14561.87
4844.83 14550.46
4840.40 14539.89
4832.39 14519.46
4828.15 14508.02
4823.88 14496.51
4820.48 14485.56
4817.70 14474.63
4814.78 14463.17
4811.97 14452.08
4809.04 14440.57
4805.93 14429.56
4802.18 14418.12
4798.53 14406.98
4794.73 14395.38
4791.39 14385.20
4781.58 14352.67
4780.91 14345.72
4780.20 14338.37
4779.57 14331.77
4778.92 14325.10
4778.23 14317.87
4777.52 14311.64
4776.68 14305.17
4775.80 14298.39
4774.88 14291.35
4774.08 14285.15
4773.67 14278.60
4774.85 14271.43
4775.92 14265.01
4777.05 14258.17
4778.14 14251.58
4779.17 14245.36
4780.20 14239.16
4781.36 14232.13
4782.52 14225.14
4783.60 14218.40
4784.50 14212.00
4785.38 14205.76
4786.37 14198.76
4787.35 14191.81
4788.35 14184.72
4790.94 14167.93
4792.04 14161.18
4793.20 14154.01
4794.28 14147.33
4795.29 14141.12
4796.36 14134.52
4797.39 14128.16
4798.53 14121.08
4799.56 14114.78
4800.68 14107.82
4800.62 14101.18
4800.54 14095.59
4800.51 14093.61
4800.50 14093.18
4800.50 14093.14
4800.50 14093.14
4800.50 14093.14
4800.50 14093.14
4800.50 14093.14
4800.50 14093.14
4800.50 14093.14
4800.50 14093.14
4800.50 14093.14
4800.50 14093.14
4800.36 14081.45
4800.31 14077.43
4800.24 14071.64
4800.16 14065.07
4800.08 14057.96
4800.00 14051.24
4799.91 14043.92
4799.83 14036.97
4799.75 14030.37
4799.67 14023.86
4799.59 14016.92
4799.51 14010.05
4799.43 14003.75
4799.35 13996.53
4799.26 13989.38
4798.90 13972.00
4798.72 13965.28
4798.52 13957.90
4798.33 13950.65
4798.13 13943.18
4797.95 13936.24
4797.39 13928.60
4796.74 13921.97
4795.38 13914.99
4793.40 13907.67
4790.70 13901.56
4787.83 13895.05
4783.91 13888.97
4779.80 13882.60
4775.89 13876.54
4771.72 13870.08
4767.58 13863.67
4763.56 13857.44
4759.76 13851.55
4755.50 13844.95
4751.90 13839.37
4748.14 13833.56
4744.37 13827.70
4740.40 13821.56
4736.71 13815.85
4732.70 13809.64
4729.06 13804.00
4725.19 13798.00
4721.57 13792.39
4717.74 13786.46
4713.94 13780.57
4709.72 13774.03
4705.55 13767.57
4702.68 13763.13
4709.24 13750.08
4719.13 13749.83
4730.75 13751.77
4742.96 13753.81
4755.20 13755.85
4767.72 13757.94
4780.18 13760.08
4793.15 13762.56
4805.86 13764.98
4818.09 13767.31
4830.35 13769.65
4843.28 13772.12
4855.33 13774.41
4868.08 13776.84
4880.37 13779.19
