11124.87 4672.19
11124.19 4670.77
11122.80 4667.88
11120.68 4663.46
11117.97 4657.83
11114.39 4650.38
11109.83 4640.88
11104.26 4629.29
11098.02 4616.30
11090.88 4601.44
11086.08 4583.84
11077.92 4566.92
11069.49 4549.84
11061.10 4532.84
11052.56 4515.54
11044.29 4498.80
11036.02 4481.45
11029.61 4463.58
11023.68 4445.47
11018.60 4426.57
11014.66 4408.05
11012.62 4389.36
11011.12 4369.99
11010.09 4350.93
11010.87 4331.31
11013.13 4312.16
11015.92 4295.86
11018.57 4284.04
11020.24 4276.54
11023.17 4278.60
11020.90 4288.70
11018.24 4300.62
11016.14 4314.38
11014.30 4329.75
11013.18 4347.03
11017.57 4366.96
11018.86 4385.77
11020.98 4405.10
11024.63 4423.55
11029.61 4442.08
11035.44 4460.27
11041.82 4478.07
11049.83 4495.11
11058.45 4512.56
11066.92 4529.72
11075.57 4547.23
11083.98 4564.26
11092.54 4582.02
11100.85 4599.32
11109.22 4616.74
11117.40 4633.76
11125.78 4651.20
11133.62 4667.53
11139.67 4680.17
11145.22 4691.75
11151.01 4703.87
11156.62 4715.60
11162.18 4727.21
11167.90 4739.18
11173.61 4751.13
11179.37 4762.92
11185.44 4775.19
11191.39 4787.21
11197.18 4798.94
11203.34 4811.38
11209.10 4823.04
11218.18 4841.54
11223.89 4853.22
11229.76 4865.21
11235.79 4877.54
11241.61 4889.44
11247.30 4901.07
11253.37 4913.47
11259.33 4925.66
11265.13 4937.53
11271.05 4949.62
11277.02 4961.83
11282.73 4973.50
11288.60 4985.50
11294.72 4998.02
11300.81 5010.47
11306.46 5022.02
11312.19 5033.73
11316.82 5043.20
11320.22 5050.15
11328.50 5066.45
11333.32 5075.68
11339.14 5086.81
11345.03 5098.10
11350.46 5109.20
11355.97 5120.62
11361.21 5131.48
11366.51 5142.48
11372.17 5154.22
11377.52 5165.30
11382.71 5176.07
11388.10 5187.25
11393.41 5198.26
11398.88 5209.61
11414.85 5243.55
11420.31 5254.68
11425.89 5266.06
11431.12 5276.73
11436.64 5287.99
11442.00 5298.91
11447.38 5309.88
11452.72 5320.77
11458.31 5332.18
11463.51 5342.79
11468.91 5353.80
11474.28 5364.74
11480.19 5375.94
11492.21 5395.80
11499.53 5405.43
11507.99 5414.72
11516.95 5423.57
11526.19 5432.05
11535.00 5439.73
11548.93 5452.00
11557.73 5460.39
11566.75 5468.99
11574.47 5477.35
11587.13 5495.38
11593.59 5506.89
11599.24 5518.09
11603.83 5530.73
11608.46 5543.49
11612.66 5555.08
11615.59 5563.17
11621.21 5578.94
11625.21 5590.45
11629.29 5602.18
11633.48 5614.23
11637.24 5625.04
11641.43 5637.08
11644.71 5646.86
11645.42 5649.00
11645.77 5650.07
11645.83 5650.25
11645.85 5650.31
11645.86 5650.32
11645.86 5650.33
11649.36 5659.78
11649.64 5660.54
11650.04 5661.60
11650.59 5663.10
11657.05 5680.40
11660.54 5689.95
11664.60 5701.05
11669.19 5713.60
11673.63 5725.73
11678.15 5738.12
11682.50 5750.01
11686.83 5761.78
11691.24 5773.41
11695.73 5785.26
11700.17 5796.95
11703.84 5806.63
11706.30 5813.60
11707.37 5816.79
11707.55 5817.32
11707.61 5817.51
11713.20 5820.55
11716.14 5820.05
11720.70 5819.28
11726.82 5819.00
11734.39 5819.80
11749.09 5819.52
11761.65 5817.95
11773.90 5815.96
11786.63 5813.38
11799.63 5810.76
11812.26 5808.21
11824.85 5805.67
11837.45 5803.13
11850.25 5800.54
11863.24 5797.92
11875.50 5795.45
11888.14 5792.89
11900.95 5790.31
11926.63 5781.56
11933.22 5777.35
11937.27 5774.38
11939.07 5773.06
11958.15 5777.87
11964.05 5782.18
11971.07 5787.30
11979.43 5793.41
11989.49 5800.75
12000.73 5808.95
12013.84 5818.52
12028.66 5829.33
12044.07 5840.36
12060.60 5850.80
12076.61 5860.92
12092.86 5870.31
12109.86 5880.01
12126.15 5889.30
12141.59 5900.22
12156.92 5912.02
12171.56 5924.81
12184.61 5938.57
12198.02 5953.22
12211.48 5967.91
12224.48 5982.09
12237.87 5996.72
12250.64 6010.65
12263.39 6024.47
12277.85 6037.43
12292.12 6050.01
12306.93 6061.89
12322.31 6074.22
12336.98 6085.98
12352.22 6097.58
12368.94 6108.48
12386.34 6117.74
12402.90 6126.55
12420.08 6135.69
12436.87 6145.97
12452.74 6157.69
12466.57 6170.61
12479.38 6185.08
12491.85 6199.16
12505.07 6214.08
12518.24 6228.95
12530.88 6243.23
12543.72 6257.72
12556.77 6272.46
12569.39 6286.70
12582.74 6301.35
12596.00 6315.06
12609.24 6328.58
12623.10 6342.02
12637.37 6355.85
12651.05 6369.10
12665.35 6382.96
12678.88 6397.36
12692.16 6411.92
12705.18 6426.19
12717.97 6440.20
12730.80 6454.26
12744.28 6468.96
12758.09 6483.39
12772.81 6496.77
12786.87 6509.36
12801.36 6522.33
12815.35 6534.86
12830.22 6548.17
12844.86 6561.03
12859.93 6573.99
12874.27 6586.31
12888.77 6598.77
12903.75 6611.65
12918.46 6624.29
12930.17 6634.36
12937.19 6641.66
12952.69 6658.66
12961.84 6668.79
12970.58 6678.48
12979.21 6688.04
12988.05 6697.17
12997.01 6706.38
13005.96 6715.58
13015.02 6724.89
13024.40 6734.55
13033.91 6743.83
13043.63 6753.03
13053.34 6762.22
13062.80 6771.17
13072.74 6780.58
13081.98 6789.33
13091.62 6798.45
13101.18 6807.50
13111.17 6816.96
13120.66 6825.93
13137.41 6841.17
13147.10 6849.87
13156.60 6858.39
13166.56 6867.33
13176.37 6876.14
13186.35 6885.10
13195.70 6893.76
13204.56 6902.58
13214.03 6912.01
13223.40 6921.57
13232.14 6930.68
13241.11 6940.03
13250.05 6949.78
13258.99 6960.10
13267.38 6969.93
13275.26 6980.19
13282.75 6990.40
13287.86 6997.83
13290.64 7001.88
13301.34 7001.96
13308.81 6998.15
13318.22 6993.34
13328.98 6987.85
13340.22 6981.71
13351.12 6975.52
13361.75 6969.49
13372.64 6963.43
13383.49 6957.69
13403.31 6947.62
13415.46 6942.14
13426.75 6937.04
13438.08 6932.03
13449.38 6927.24
13461.06 6922.46
13473.39 6917.41
13484.86 6913.29
13497.35 6909.07
13509.65 6904.91
13521.31 6899.65
13532.66 6892.93
13543.40 6885.40
13569.60 6892.57
13578.87 6900.63
13589.15 6907.84
13600.00 6915.36
13610.23 6922.44
13620.40 6929.49
13631.03 6936.84
13649.99 6951.63
13658.95 6959.95
13668.30 6968.64
13677.46 6977.14
13686.52 6985.78
13695.27 6994.80
13703.73 7003.52
13719.70 7020.84
13728.25 7030.32
13736.89 7040.20
13743.99 7050.87
13751.51 7062.15
13759.01 7073.42
13766.42 7084.53
13773.41 7095.03
13781.08 7105.83
13789.87 7115.88
13799.88 7123.84
13810.69 7131.82
13821.65 7138.50
13832.83 7145.32
13843.62 7151.90
13854.35 7159.19
13864.75 7166.75
13875.52 7175.17
13885.35 7184.04
13900.97 7199.52
13909.51 7208.99
13918.16 7218.58
13926.82 7227.82
13935.70 7236.85
13945.17 7246.49
13955.06 7255.26
13965.63 7263.81
13975.84 7272.08
13986.12 7280.39
13995.94 7288.34
14006.14 7296.59
14016.47 7304.95
14025.06 7311.90
14030.56 7316.35
14033.11 7318.42
14033.15 7318.45
14033.17 7318.46
14033.18 7318.47
14033.18 7318.47
14033.18 7318.47
14033.18 7318.47
14033.18 7318.47
14033.18 7318.47
14033.18 7318.47
14033.18 7318.47
14033.18 7318.47
14033.18 7318.47
14033.18 7318.47
14033.18 7318.47
14033.18 7318.47
14033.18 7318.47
14033.18 7318.47
14033.18 7318.47
14033.18 7318.47
14033.18 7318.47
14033.18 7318.47
14033.18 7318.47
14033.18 7318.47
14042.43 7326.38
14045.50 7329.15
14050.08 7333.28
14056.46 7339.03
14064.20 7346.01
14073.68 7354.56
14084.08 7363.94
14094.39 7373.23
14104.11 7382.00
14114.46 7391.33
14124.44 7400.34
14133.74 7409.12
14143.50 7418.52
14153.05 7427.96
14162.19 7437.41
14171.83 7447.39
14181.15 7457.61
14189.47 7467.55
14198.21 7477.99
14207.20 7488.72
14215.46 7498.58
14229.70 7515.37
14237.85 7524.87
14246.25 7534.66
14254.64 7544.45
14262.40 7553.50
14270.30 7562.72
14278.32 7572.07
14291.21 7586.77
14298.08 7594.53
14310.02 7608.97
14317.65 7618.25
14325.05 7627.26
14333.01 7636.94
14340.65 7646.24
14348.29 7655.53
14356.09 7665.04
14364.13 7674.81
14387.11 7695.97
14398.87 7701.22
14411.44 7706.83
14422.96 7712.02
14434.43 7717.87
14445.61 7723.92
14456.22 7730.81
14466.64 7738.55
14476.79 7747.38
14486.86 7756.46
14496.88 7765.50
14506.64 7774.30
14516.20 7782.92
14526.04 7791.79
14535.64 7800.45
14545.22 7809.09
14554.95 7817.45
14565.46 7825.70
14575.87 7833.87
14585.81 7841.67
14596.20 7849.83
14606.87 7858.21
14617.14 7866.28
14627.44 7874.37
14638.13 7882.76
14648.41 7890.83
14658.46 7898.72
14668.78 7907.45
14687.16 7922.84
14700.30 7932.84
14715.39 7944.33
14730.97 7956.19
14746.88 7968.31
14762.31 7980.06
14777.88 7991.09
14794.86 8001.15
14811.43 8010.96
14827.69 8020.59
14845.30 8030.15
14862.95 8039.53
14879.61 8048.38
14896.56 8057.39
14913.32 8066.29
14930.70 8075.53
14947.38 8084.39
14964.78 8093.64
14981.94 8102.76
14998.84 8113.32
15015.00 8123.54
15031.77 8134.14
15048.55 8144.75
15064.30 8155.24
15079.95 8166.26
15095.72 8177.35
15111.41 8188.39
15127.17 8199.49
15142.92 8210.57
15158.92 8221.83
15174.37 8232.70
15190.64 8244.15
15206.78 8255.44
15223.42 8265.71
15239.98 8275.93
15256.19 8285.93
15272.59 8296.05
15289.54 8306.51
15306.33 8316.96
15322.99 8327.61
15339.63 8338.24
15355.61 8348.46
15371.97 8358.91
15387.93 8370.13
15403.84 8382.46
15419.18 8394.87
15432.20 8410.21
15445.04 8425.34
15458.79 8438.82
15472.51 8451.94
15487.48 8465.35
15502.14 8477.34
15520.39 8490.14
15536.90 8499.74
15553.11 8507.72
15570.21 8516.13
15581.80 8521.33
15584.83 8522.66
15587.01 8523.65
15588.00 8524.11
15588.04 8524.13
15614.07 8512.13
15616.36 8509.79
15619.68 8506.39
15624.24 8501.72
15630.08 8495.74
15637.00 8488.66
15644.63 8480.86
15656.55 8468.65
15668.67 8456.24
15684.03 8440.14
15697.31 8426.06
15710.67 8411.88
15724.18 8397.54
15737.31 8383.61
15750.94 8369.15
15764.59 8354.65
15778.12 8340.44
15791.98 8326.22
15806.03 8311.81
15818.92 8296.96
15831.77 8281.85
15844.28 8267.13
15856.88 8252.31
15869.46 8237.52
15882.03 8222.73
15894.42 8207.94
15906.44 8193.38
15918.53 8178.73
15931.01 8163.60
15943.45 8148.54
15956.23 8133.05
15968.86 8117.51
15980.60 8101.39
15991.91 8085.87
16003.54 8069.91
16015.21 8053.62
16026.59 8037.71
16037.59 8022.33
16047.88 8007.95
16061.20 7989.14
16064.50 7984.38
16067.72 7979.73
16085.65 7955.42
16092.97 7945.78
16100.11 7936.36
16107.42 7926.72
16112.29 7914.84
16120.09 7904.55
16128.55 7893.39
16137.23 7881.94
16145.69 7870.78
16154.30 7859.43
16162.36 7848.80
16170.39 7838.22
16178.54 7827.46
16187.15 7816.11
16195.43 7805.18
16203.38 7794.71
16212.07 7783.24
16220.65 7771.92
16229.00 7760.92
16236.97 7750.41
16245.61 7739.00
16253.62 7728.44
16262.00 7717.39
16270.28 7706.47
16278.28 7695.92
16286.45 7685.14
16295.15 7673.67
16303.28 7662.95
16311.59 7652.00
16319.59 7641.44
16327.62 7630.85
16335.72 7620.16
16343.51 7609.56
16351.50 7597.74
16358.88 7586.81
16366.30 7575.52
16373.90 7563.39
16380.87 7551.03
16387.54 7538.45
16393.62 7526.64
16399.86 7513.72
16405.54 7501.00
16410.71 7488.48
16415.65 7476.23
16420.35 7463.02
16424.98 7449.52
16428.77 7436.81
16431.97 7424.00
16434.97 7411.01
16437.94 7397.47
16443.74 7384.38
16446.37 7368.35
16448.93 7349.93
16451.25 7330.85
16453.41 7311.38
16455.43 7291.38
16457.30 7272.45
16458.96 7252.39
16460.89 7232.94
16463.77 7214.22
16467.26 7194.77
16470.62 7176.60
16473.75 7163.90
16476.71 7152.84
16479.75 7141.44
16483.29 7129.62
16486.30 7119.92
16488.26 7113.58
16505.30 7109.27
16514.89 7113.47
16526.61 7118.30
16538.27 7122.62
16550.70 7126.18
16563.46 7129.64
16575.64 7131.84
16588.85 7132.63
16601.35 7131.93
16614.56 7130.16
16626.64 7127.76
16639.53 7124.40
16650.92 7119.48
16659.73 7109.97
