7510.44 13792.84
7510.48 13791.23
7510.55 13787.97
7510.67 13782.86
7510.83 13776.10
7511.04 13766.84
7511.30 13755.95
7511.57 13744.05
7511.83 13733.04
7512.09 13721.98
7512.35 13710.72
7512.61 13699.55
7512.88 13687.69
7513.15 13676.24
7513.40 13665.23
7513.66 13654.00
7513.93 13642.46
7514.19 13631.22
7514.46 13619.77
7514.74 13607.82
7514.99 13597.09
7515.14 13590.38
7526.70 13580.10
7535.95 13580.17
7547.07 13580.26
7558.16 13580.35
7569.40 13580.44
7580.51 13580.52
7591.92 13580.61
7608.98 13580.80
7620.29 13580.97
7631.45 13581.13
7642.95 13581.30
7654.06 13581.47
7665.47 13581.64
7676.40 13581.80
7696.48 13581.96
7707.49 13582.05
7718.34 13582.15
7729.41 13582.14
7740.05 13582.34
7751.37 13582.55
7763.02 13582.77
7774.29 13582.99
7785.56 13583.20
7796.94 13583.17
7818.61 13582.45
7831.15 13581.35
7843.63 13580.25
7855.31 13579.22
7867.56 13578.14
7879.04 13577.13
7891.21 13576.06
7903.44 13575.00
7914.91 13574.09
7927.20 13573.03
7938.62 13571.96
7950.85 13570.81
7962.53 13569.71
7974.58 13568.58
7986.97 13567.42
7999.44 13566.25
8010.92 13565.17
8023.44 13564.00
8035.29 13562.88
8047.19 13561.77
8058.86 13560.68
8070.21 13559.62
8081.98 13558.51
8093.38 13557.44
8105.53 13556.38
8118.12 13555.29
8129.87 13554.27
8141.62 13553.24
8153.18 13552.24
8165.23 13551.19
8177.72 13550.09
8190.03 13548.94
8202.03 13547.82
8213.87 13546.72
8225.80 13545.61
8237.73 13544.50
8249.29 13543.52
8260.89 13542.61
8272.75 13541.65
8284.35 13540.71
8296.64 13540.09
8308.77 13538.65
8320.31 13537.28
8332.34 13535.85
8344.55 13534.40
8357.03 13532.92
8369.53 13531.35
8381.97 13529.76
8393.77 13528.24
8406.06 13526.67
8417.54 13525.19
8429.61 13526.04
8441.22 13526.96
8452.96 13527.90
8464.87 13528.85
8477.32 13529.84
8489.29 13532.21
8500.29 13535.91
8511.30 13539.61
8522.24 13543.29
8533.35 13547.02
8544.45 13550.75
8555.46 13554.45
8566.72 13558.24
8578.54 13562.21
8590.13 13566.11
8601.43 13569.91
8613.16 13573.85
8625.12 13577.87
8636.19 13582.00
8646.55 13586.89
8662.32 13592.98
8671.35 13596.37
8679.97 13599.61
8688.68 13602.88
8706.79 13610.02
8716.92 13614.65
8727.81 13619.64
8738.58 13624.56
8749.17 13629.40
8759.60 13635.47
8769.20 13641.72
8779.17 13648.21
8788.62 13654.36
8798.11 13660.53
8807.59 13666.71
8816.92 13672.78
8826.66 13679.11
8836.12 13685.27
8845.86 13691.57
8855.92 13697.81
8866.12 13704.13
8875.97 13710.24
8886.10 13716.52
8896.51 13722.49
8907.09 13726.92
8918.08 13731.52
8929.09 13736.13
8940.04 13740.72
8950.86 13745.25
8960.42 13748.79
8966.81 13750.71
8970.59 13751.56
8970.86 13751.62
8970.88 13751.62
8970.88 13751.62
8970.88 13751.62
8970.88 13751.62
8970.88 13751.62
8970.88 13751.62
8989.92 13755.42
8993.87 13756.15
8999.21 13757.14
9006.24 13758.37
9015.61 13759.89
9027.14 13761.70
9038.39 13763.47
9049.82 13765.26
9061.34 13767.07
9072.30 13768.79
9083.30 13770.52
9094.91 13772.34
9105.74 13773.85
9117.05 13775.34
9128.92 13776.85
9140.45 13778.29
9151.77 13779.70
9163.45 13781.15
9174.37 13782.51
9186.33 13784.00
9194.03 13784.96
9197.84 13785.44
9203.26 13796.13
9204.87 13803.12
9206.82 13811.58
9209.06 13821.31
9211.61 13832.38
9214.05 13842.95
9216.43 13853.30
9218.82 13863.66
9221.32 13874.50
9223.91 13885.74
9226.53 13897.11
9231.26 13917.73
9233.78 13928.73
9236.19 13939.26
9238.53 13949.47
9240.97 13960.12
9243.53 13971.28
9246.05 13982.29
9248.39 13992.49
9250.78 14002.91
9253.23 14013.61
9255.56 14023.80
9258.12 14034.97
9260.49 14045.30
9262.90 14055.84
9265.46 14066.97
9267.94 14077.81
9270.34 14088.29
9271.80 14097.21
9272.27 14102.35
9280.11 14107.41
9288.30 14106.81
9297.98 14106.11
9309.11 14105.29
9320.57 14104.46
9331.66 14106.96
9342.59 14106.16
9352.99 14105.41
9363.96 14104.61
9374.66 14103.83
9385.89 14103.01
9396.39 14102.24
9415.60 14100.90
9426.85 14100.00
9437.50 14099.16
9448.91 14098.25
9460.44 14097.33
9471.77 14096.43
9482.48 14095.58
9493.41 14094.61
9504.42 14093.23
9515.79 14091.81
9527.24 14090.70
9538.72 14089.88
9556.71 14088.59
9567.89 14087.78
9578.65 14087.00
9597.66 14086.15
9597.74 14086.14
9597.80 14086.14
9597.83 14086.14
9593.11 14115.03
9593.38 14119.62
9593.66 14123.80
9594.05 14128.70
9594.44 14133.57
9594.81 14138.26
9595.15 14142.52
9595.51 14146.94
9595.85 14151.19
9596.19 14155.51
9594.98 14163.34
9595.43 14171.59
9595.99 14181.78
9596.57 14192.54
9597.15 14203.09
9599.66 14220.40
9600.21 14231.94
9600.73 14242.99
9601.47 14254.51
9602.54 14266.03
9603.36 14274.87
9603.81 14279.67
9603.25 14293.35
9603.97 14303.21
9604.86 14315.32
9605.73 14327.25
9606.57 14338.66
9607.46 14350.83
9608.28 14362.02
9609.14 14373.81
9610.03 14385.97
9610.91 14397.88
9611.80 14410.05
9612.64 14421.60
9613.49 14433.52
9614.16 14445.60
9614.79 14456.85
9615.43 14468.33
9616.08 14479.97
9616.75 14492.05
9617.39 14504.03
9617.95 14516.45
9618.49 14528.32
9619.02 14540.20
9624.02 14550.30
9635.15 14551.80
9646.79 14552.98
9659.18 14554.24
9671.13 14555.45
9683.28 14556.68
9697.39 14564.50
9699.76 14575.08
9702.30 14585.51
9704.77 14595.64
9707.32 14606.11
9709.17 14613.70
9710.23 14618.04
9719.30 14622.89
9727.12 14622.29
9737.03 14621.53
9748.50 14620.63
9759.00 14619.82
9769.80 14618.71
9780.29 14617.52
9791.45 14616.14
9802.82 14614.49
9813.88 14612.88
9824.90 14611.27
9836.42 14609.49
9847.48 14607.50
9857.45 14605.71
9863.83 14604.57
9867.41 14603.82
9877.90 14615.03
9880.53 14622.46
9879.73 14631.18
9878.82 14641.08
9877.81 14652.10
9876.83 14662.84
9875.83 14673.76
9874.84 14684.46
9878.95 14696.98
9890.10 14697.91
9901.21 14698.83
9911.98 14699.73
9922.39 14700.59
9932.85 14701.46
9943.16 14702.32
9953.25 14703.15
9958.52 14717.57
9959.96 14728.26
9968.83 14734.84
9979.94 14736.11
9991.72 14737.07
10003.08 14737.99
10014.91 14738.94
10026.08 14739.85
10044.10 14741.49
10055.64 14742.59
10067.62 14743.73
10079.05 14744.81
10090.49 14745.90
10102.45 14747.04
10113.80 14748.12
10125.73 14749.25
10134.15 14756.65
10124.25 14752.42
10112.23 14751.28
10100.75 14750.19
10088.67 14749.04
10077.64 14747.99
10066.37 14746.92
10054.64 14745.80
10043.25 14744.72
