23181.19 7533.88
23182.39 7533.95
23185.65 7534.13
23190.23 7534.38
23197.15 7534.76
23206.22 7535.25
23216.98 7535.84
23230.03 7536.43
23242.89 7536.92
23256.29 7537.21
23265.62 7537.32
23270.88 7537.36
23266.24 7540.63
23257.57 7540.54
23247.54 7540.32
23236.00 7540.00
23222.41 7539.41
23209.01 7538.71
23195.33 7537.96
23181.70 7537.21
23159.40 7535.94
23146.84 7535.25
23134.04 7534.54
23121.59 7533.86
23108.77 7533.16
23085.23 7531.80
23070.98 7530.96
23057.68 7530.16
23043.57 7529.33
23030.30 7528.55
23016.11 7527.81
23001.77 7527.05
22988.42 7526.34
22976.33 7525.70
22968.44 7525.28
22964.38 7525.07
22964.04 7525.05
22964.04 7525.05
22964.04 7525.05
22964.03 7525.05
22964.03 7525.05
22964.03 7525.05
22964.03 7525.05
22964.03 7525.05
22964.03 7525.05
22964.03 7525.05
22964.03 7525.05
22964.03 7525.05
22964.03 7525.05
22964.03 7525.05
22964.03 7525.05
22951.99 7524.46
22947.76 7524.26
22942.13 7524.01
22934.67 7523.66
22925.28 7523.23
22914.54 7522.74
22902.50 7522.19
22888.84 7521.01
22874.58 7519.03
22861.25 7517.18
22847.01 7515.20
22833.65 7513.19
22819.52 7510.96
22799.47 7508.06
22785.33 7506.23
22771.23 7504.41
22757.79 7502.67
22743.48 7500.82
22728.74 7500.98
22715.02 7501.39
22701.47 7503.84
22687.41 7506.39
22674.51 7514.20
22665.22 7516.33
22656.55 7518.57
22636.62 7535.53
22627.12 7542.50
22619.03 7548.78
22613.38 7553.48
22610.55 7556.10
22607.88 7566.88
22607.46 7574.42
22606.65 7583.46
22602.18 7603.30
22598.35 7615.43
22594.71 7626.92
22590.99 7638.68
22587.22 7650.61
22581.79 7671.77
22578.90 7684.94
22575.83 7698.93
22572.96 7712.02
22570.02 7725.41
22566.92 7739.53
22563.85 7753.50
22561.50 7766.88
22559.42 7780.08
22557.59 7793.56
22555.85 7806.91
22554.29 7820.93
22552.78 7834.59
22551.21 7848.67
22549.67 7862.60
22548.19 7875.85
22546.46 7889.42
22544.67 7902.67
22542.76 7916.78
22540.91 7930.50
22539.93 7959.55
22544.67 7971.12
22551.66 7980.72
22561.29 7987.77
22573.26 7991.86
22594.07 7995.36
22608.35 7994.74
22621.95 7994.14
22636.26 7993.51
22649.82 7992.92
22663.75 7992.31
22677.54 7991.71
22691.23 7991.11
22705.71 7990.48
22719.76 7989.86
22733.97 7989.24
22747.76 7988.64
22762.14 7988.01
22775.84 7987.41
22791.52 7988.23
22800.37 7987.74
22806.55 7987.40
22811.17 7987.14
22815.37 7986.91
22820.77 7986.61
22837.29 7985.78
22843.76 7985.50
22851.23 7985.16
22860.29 7988.06
22871.00 7987.58
22882.97 7987.05
22895.22 7986.50
22908.45 7985.92
22921.66 7985.33
22933.66 7984.79
22945.77 7984.26
22959.66 7983.64
22971.85 7983.10
22984.74 7982.52
22998.35 7981.92
23010.93 7981.36
23025.15 7980.73
23038.05 7980.15
23051.43 7979.56
23064.73 7978.97
23100.13 7976.05
23114.63 7975.52
23131.35 7974.91
23149.27 7974.25
23168.99 7973.53
23190.16 7972.76
23213.33 7971.91
23238.40 7970.99
23265.19 7970.01
23291.65 7969.05
23315.21 7968.18
23336.18 7967.42
23355.26 7966.72
23372.51 7962.78
23411.39 7959.47
23427.08 7958.31
23438.88 7957.56
23446.37 7957.09
23455.53 7956.51
23464.73 7955.93
23500.27 7950.25
23512.61 7947.37
23526.84 7943.81
23540.04 7938.13
23552.44 7929.77
23562.03 7918.52
23568.06 7905.26
23570.35 7892.95
23569.52 7880.38
23565.86 7868.48
23559.58 7857.49
23550.93 7848.54
23540.73 7842.25
23528.92 7838.31
23515.96 7836.97
23503.19 7838.94
23491.92 7843.72
23481.77 7850.81
23473.30 7859.55
23466.37 7869.62
23461.15 7880.91
23455.97 7894.01
23447.66 7917.78
23446.24 7933.27
23444.81 7948.77
23443.37 7964.26
23442.05 7978.58
23440.46 8007.62
23438.36 8024.54
23436.04 8043.22
23433.62 8062.69
23431.02 8083.68
23428.33 8104.93
23425.25 8127.50
23422.17 8151.33
23420.22 8172.66
23414.25 8204.54
23411.31 8222.65
23407.71 8241.14
23404.14 8258.82
23399.78 8278.12
23393.92 8295.44
23388.85 8314.08
23384.34 8331.99
23379.16 8353.96
23373.79 8376.73
23368.45 8399.35
23363.09 8422.06
23358.00 8443.67
23351.81 8465.52
23344.88 8488.10
23338.24 8509.78
23331.74 8530.96
23325.07 8552.70
23317.96 8574.99
23307.89 8594.96
23300.24 8616.13
23292.46 8636.75
23283.87 8659.52
23275.07 8681.54
23265.60 8703.61
23255.48 8727.20
23245.61 8750.07
23234.51 8774.18
23224.06 8796.85
23213.52 8819.73
23201.62 8842.62
23189.32 8866.09
23177.65 8888.37
23164.07 8911.85
23150.74 8934.53
23137.39 8957.24
23122.98 8980.70
