16204.87 10981.29
16206.15 10981.79
16208.58 10982.74
16212.31 10984.20
16218.07 10986.37
16225.24 10988.88
16233.57 10991.79
16243.92 10995.01
16256.09 10998.00
16267.31 11000.76
16279.51 11003.75
16291.42 11006.67
16303.27 11009.24
16314.83 11010.36
16326.95 11011.54
16339.28 11012.74
16351.49 11013.92
16363.02 11015.04
16372.67 11015.98
16379.28 11016.62
16393.58 11026.54
16403.71 11024.01
16415.97 11021.34
16427.71 11018.65
16440.08 11015.08
16451.97 11011.23
16463.56 11007.48
16475.62 11003.58
16487.32 10999.80
16499.71 10995.79
16511.90 10991.84
16523.54 10988.08
16534.97 10984.60
16547.03 10980.82
16558.75 10977.14
16570.57 10973.47
16582.97 10969.64
16595.55 10965.76
16607.78 10961.99
16620.16 10958.16
16637.42 10952.83
16648.83 10949.32
16660.83 10945.61
16672.64 10941.97
16684.34 10938.36
16696.55 10934.60
16708.27 10930.98
16720.37 10927.25
16732.08 10923.64
16743.81 10920.02
16755.11 10916.53
16776.50 10909.97
16788.22 10906.38
16800.47 10902.62
16811.64 10899.18
16822.90 10895.71
16834.05 10892.28
16846.00 10888.60
16858.11 10884.87
16866.93 10882.15
16871.68 10880.67
16883.03 10889.14
16888.66 10894.94
16894.82 10901.82
16902.38 10910.33
16910.29 10919.23
16918.21 10928.16
16925.72 10936.61
16933.35 10945.21
16940.64 10953.42
16947.90 10961.59
16955.71 10970.38
16961.76 10977.25
16964.79 10981.46
16966.14 10983.34
16966.41 10983.71
16966.46 10983.78
16966.47 10983.80
16966.48 10983.81
16966.48 10983.81
16966.48 10983.81
16966.48 10983.81
16966.48 10983.81
16966.48 10983.81
16966.48 10983.81
16966.48 10983.81
16966.48 10983.81
16966.48 10983.81
16966.48 10983.81
16966.48 10983.81
16966.48 10983.81
16966.48 10983.81
16966.48 10983.81
16966.48 10983.81
16966.48 10983.81
16980.59 10994.35
16983.33 10991.47
16987.25 10987.33
16992.41 10981.90
16998.51 10975.48
17006.03 10967.55
17017.78 10953.13
17024.04 10946.76
17041.05 10929.70
17044.19 10926.61
17046.09 10924.74
17057.91 10913.16
17063.74 10907.51
17070.44 10901.02
17078.16 10893.54
17088.09 10883.23
17098.49 10872.26
17109.15 10861.02
17119.66 10849.94
17129.89 10839.16
17140.03 10828.14
17150.44 10816.59
17160.26 10805.68
17165.54 10787.67
17163.96 10776.84
17160.13 10766.85
17149.25 10743.80
17141.89 10732.46
17132.60 10720.85
17123.09 10709.67
17113.35 10698.23
17103.73 10686.93
17093.89 10675.38
17083.77 10663.49
17072.55 10650.17
17063.64 10639.58
17054.07 10628.18
17044.95 10617.34
17029.68 10603.13
17018.05 10597.04
17005.19 10594.12
16992.67 10594.89
16980.50 10599.60
16970.49 10607.29
16963.47 10617.56
16959.79 10630.32
16960.28 10643.21
16965.48 10655.21
16985.16 10687.63
16996.80 10701.57
17009.65 10716.96
17023.87 10733.75
17039.98 10751.45
17057.50 10770.72
17076.70 10791.82
17101.70 10814.98
17124.77 10837.80
17148.22 10860.23
17171.88 10881.80
17195.98 10903.58
17220.21 10924.48
17244.34 10945.22
17269.08 10964.76
17294.29 10984.67
17319.07 11004.24
17343.76 11023.52
17369.51 11042.30
17395.77 11060.36
17421.79 11078.26
17448.78 11095.40
17476.38 11112.68
17504.44 11129.11
17532.47 11145.42
17560.28 11160.70
17588.61 11175.87
17617.10 11190.60
17645.91 11204.38
17674.40 11217.83
17703.65 11231.63
17732.63 11244.26
17762.41 11256.54
17791.92 11268.73
17822.07 11279.96
17851.82 11290.66
17882.29 11300.70
17912.96 11310.73
17943.93 11320.52
17974.78 11329.56
18005.82 11338.19
18038.91 11348.36
18069.82 11356.01
18100.97 11363.72
18132.00 11371.41
18162.58 11378.98
18193.67 11386.65
18224.19 11394.02
18255.58 11401.61
18286.42 11409.06
18316.87 11416.42
18341.73 11424.39
18363.44 11429.91
18384.83 11435.35
18474.14 11454.40
18497.43 11460.17
18520.52 11465.89
18543.47 11471.58
18566.85 11477.37
18596.17 11486.22
18626.33 11493.48
18656.40 11500.72
18711.12 11512.25
18734.64 11517.93
18757.39 11523.42
18780.69 11529.05
18803.38 11534.58
18826.11 11540.47
18849.56 11546.55
18872.51 11552.03
18896.08 11557.54
18918.88 11562.87
18941.79 11568.22
18964.91 11573.63
18988.09 11579.42
19094.36 11607.68
19125.64 11615.49
19156.03 11623.08
19186.62 11630.71
19217.17 11638.34
19248.22 11646.10
19278.39 11653.63
19309.50 11661.40
19343.75 11668.26
19374.77 11676.01
19406.13 11683.49
19436.69 11690.67
19467.32 11697.86
19498.08 11705.08
19529.48 11712.45
19560.53 11720.03
19591.53 11727.72
19622.10 11735.30
19653.30 11743.04
19684.61 11750.80
19716.14 11758.62
19746.95 11766.25
19777.44 11773.81
19808.34 11781.48
19838.82 11789.03
19869.47 11796.63
19899.90 11804.18
19931.01 11811.89
19962.19 11819.62
19992.70 11827.19
20024.00 11834.95
20054.85 11842.60
20085.87 11850.11
20117.54 11857.73
20149.07 11865.54
20179.85 11873.24
20210.64 11880.95
20242.24 11888.85
20272.70 11896.47
20302.42 11901.10
20324.06 11906.93
20345.44 11912.68
20398.50 11924.42
20429.69 11930.71
20460.73 11936.98
20491.15 11943.10
20522.15 11949.32
20552.83 11955.20
20583.41 11960.65
20614.45 11966.18
20644.82 11971.59
20671.01 11976.26
20693.72 11980.30
20712.55 11983.66
20728.02 11986.34
20743.12 11988.96
20758.13 11991.57
20773.15 11994.18
20789.18 11996.96
20805.23 11999.74
20820.72 12002.43
20835.78 12005.05
20851.15 12007.71
20867.17 12010.49
20882.33 12013.13
20897.77 12015.81
20912.97 12018.44
20927.96 12021.05
20943.42 12023.73
20958.74 12026.89
20973.71 12030.15
20989.04 12033.97
21003.82 12037.94
21018.55 12043.14
21032.72 12048.71
21046.34 12055.23
21060.09 12063.02
21073.10 12071.49
21085.80 12079.75
21097.77 12090.12
21109.25 12100.07
21119.51 12111.20
21129.36 12122.92
21138.46 12135.17
21147.17 12147.64
21155.53 12160.75
21162.48 12174.47
21169.43 12188.19
21174.05 12202.80
21178.53 12217.37
21182.17 12232.74
21183.99 12248.82
21185.14 12263.90
21185.58 12280.12
21185.52 12296.32
21184.12 12311.58
21182.33 12326.82
21179.33 12341.82
21175.20 12357.55
21169.94 12372.02
21163.67 12386.80
21156.96 12400.78
21150.25 12414.26
21141.60 12427.53
21132.97 12440.74
21124.15 12453.36
21114.40 12466.27
21104.95 12478.78
21095.57 12491.19
21086.31 12503.59
21077.90 12516.20
21062.26 12537.00
21053.03 12549.26
21044.10 12561.14
21034.75 12573.56
21025.96 12585.23
21016.85 12597.34
21007.73 12609.45
20998.95 12621.13
20990.05 12632.95
20980.98 12645.00
20972.16 12656.72
20965.92 12670.62
20954.24 12681.22
20945.11 12693.94
20936.52 12705.89
20927.98 12717.79
20919.29 12729.89
20910.49 12742.14
20901.70 12754.39
20892.75 12766.85
20887.40 12782.19
20878.37 12792.75
20868.76 12807.76
20858.22 12824.44
20846.61 12843.07
20833.78 12863.63
20820.05 12885.66
20806.30 12907.85
20792.35 12930.41
20778.63 12952.59
20764.49 12974.86
20750.35 12996.81
20736.04 13019.03
20721.82 13041.25
20707.36 13063.88
20693.26 13085.93
20678.68 13108.74
20664.24 13131.33
20650.20 13153.30
20635.66 13179.14
20621.16 13201.91
20607.19 13223.84
20593.12 13245.94
20578.84 13269.02
20564.89 13291.95
20550.68 13314.86
20536.96 13336.97
20523.04 13359.40
20509.25 13381.64
20495.11 13404.42
20480.92 13427.30
20466.81 13450.02
20452.85 13472.52
20438.67 13495.38
20424.50 13518.22
20410.54 13540.73
20396.25 13563.75
20382.34 13586.17
20368.27 13608.85
20353.94 13631.94
20339.98 13654.44
20325.81 13677.29
20311.74 13699.96
20297.80 13722.25
20283.43 13744.84
20269.13 13767.34
20254.95 13789.64
20240.96 13811.64
20226.75 13833.98
20212.19 13856.89
20198.37 13879.16
20185.10 13902.23
20171.75 13925.44
20158.74 13948.04
20142.34 13969.94
20128.92 13993.39
20116.29 14016.98
20103.67 14040.57
20091.30 14063.68
20078.62 14087.39
20066.27 14110.46
20054.02 14134.43
20041.80 14158.50
20030.07 14181.62
20018.29 14204.82
20006.71 14228.39
19995.47 14251.83
19984.04 14275.65
19973.08 14298.52
19959.95 14318.45
19949.61 14341.29
19938.41 14366.03
19927.27 14390.65
19916.18 14415.14
19905.36 14439.05
19894.63 14462.75
19883.61 14487.10
19872.76 14511.07
19859.56 14537.42
19849.55 14561.25
19839.49 14585.19
19829.42 14609.20
19820.30 14633.69
19811.29 14657.91
19802.53 14683.36
19794.39 14708.18
19786.26 14732.96
19776.65 14761.19
19769.72 14786.34
19762.66 14812.14
19755.88 14836.92
19749.78 14862.74
19744.18 14888.01
19742.37 14917.14
19736.08 14942.16
19729.55 14968.11
19722.99 14994.16
19717.60 15019.48
19712.05 15045.57
19706.46 15071.86
19700.91 15097.92
19695.29 15124.34
19692.92 15151.35
19687.33 15177.61
19681.88 15203.27
19676.28 15229.60
19670.89 15254.94
19665.41 15280.67
19661.24 15309.16
19656.09 15334.56
19650.81 15360.58
19645.55 15386.48
19640.28 15412.50
19635.09 15438.08
19629.91 15463.61
19624.52 15489.10
19619.04 15514.78
19613.61 15540.24
19608.25 15565.44
19602.88 15590.80
19597.48 15616.33
19592.16 15641.46
19586.79 15666.85
19581.43 15692.18
19576.16 15717.06
19570.82 15742.31
19565.42 15767.82
19560.02 15793.34
19554.56 15819.16
19549.11 15844.92
19543.74 15870.28
19538.41 15895.46
19533.03 15920.89
19527.76 15945.82
19522.48 15970.74
19516.96 15996.85
19511.66 16021.86
19496.96 16075.47
19491.81 16099.82
19486.60 16124.46
19481.38 16149.12
19476.21 16173.57
19471.00 16198.26
19465.74 16223.13
19460.77 16246.60
19455.64 16270.88
19450.79 16293.81
19446.11 16315.96
19441.37 16338.41
19436.60 16360.95
19432.63 16387.11
19427.37 16410.91
19421.96 16435.36
19416.89 16458.27
19411.81 16481.26
19406.76 16504.08
19401.47 16528.04
19396.59 16550.71
19391.61 16574.01
19386.48 16598.07
19381.50 16621.41
19376.55 16644.59
19371.40 16668.73
19366.66 16690.83
19361.49 16714.97
19356.53 16738.06
19351.52 16761.43
19346.61 16784.36
19341.69 16807.28
19336.71 16830.53
19331.82 16853.33
19326.70 16877.07
19321.79 16899.87
19316.83 16922.88
19312.05 16945.08
19310.36 16968.56
19305.14 16992.78
19300.04 17016.44
19294.88 17040.40
19289.82 17063.89
19284.72 17087.54
19279.70 17110.86
19274.73 17133.94
19269.79 17156.85
19264.67 17180.61
19259.72 17203.62
19254.82 17226.34
19250.79 17245.05
19247.70 17259.38
19239.65 17305.58
19241.22 17313.29
19243.61 17320.78
19248.14 17327.55
19252.94 17333.77
19258.81 17338.26
19265.42 17341.75
19272.20 17344.04
19279.64 17345.19
19287.44 17345.47
19295.14 17345.01
19302.68 17342.63
19309.48 17339.20
19315.23 17334.42
19320.57 17329.08
19325.59 17322.71
19323.33 17321.07
19325.70 17310.51
19328.51 17298.03
19331.82 17283.32
19335.03 17269.08
19338.37 17254.22
19341.74 17239.23
19345.12 17224.22
19348.47 17209.32
19353.41 17189.52
19356.40 17177.34
19353.96 17159.38
19348.69 17147.53
19341.78 17138.59
19326.15 17129.01
19316.85 17125.52
19307.72 17122.21
19297.79 17118.61
19288.24 17115.52
19279.77 17113.07
19270.78 17110.48
19260.95 17107.63
19252.68 17105.24
19245.19 17103.08
19237.56 17100.87
19229.39 17098.51
19219.69 17095.71
19208.29 17092.49
19197.58 17089.48
19186.67 17086.41
19175.16 17083.20
19160.21 17079.03
19155.83 17077.81
19154.20 17077.35
19153.39 17077.13
19151.50 17076.60
19148.59 17075.79
19130.08 17070.64
19125.12 17069.27
19119.19 17067.62
19106.11 17065.67
19096.71 17062.99
19086.23 17059.99
19072.70 17057.82
19063.63 17055.22
19054.45 17052.59
19045.09 17049.91
19035.98 17047.30
19026.68 17044.63
19017.93 17042.11
18991.13 17030.86
18982.00 17027.65
18972.90 17024.11
18964.02 17020.87
18954.91 17018.20
18946.36 17015.70
18940.99 17014.12
18937.81 17013.19
18937.16 17012.99
18937.09 17012.97
18937.07 17012.97
18937.07 17012.97
18937.06 17012.97
18937.06 17012.97
18937.06 17012.97
18937.06 17012.97
18936.25 17012.73
18934.39 17012.18
18921.36 17008.31
18915.01 17006.47
18907.11 17004.18
18897.37 17001.36
18886.45 16998.19
18875.13 16994.92
18863.27 16991.48
18851.40 16988.04
18840.40 16984.86
18828.66 16981.02
18817.59 16977.32
18806.03 16973.56
18794.46 16970.15
18783.42 16966.89
18771.91 16963.54
18760.81 16960.38
18741.57 16951.21
18733.83 16948.85
18718.98 16944.71
18707.36 16941.51
18694.71 16937.75
18683.00 16934.25
18670.40 16930.54
18658.46 16927.02
18646.05 16923.36
18633.36 16919.93
18621.36 16916.64
18605.72 16915.69
18594.96 16912.81
18583.72 16909.80
18572.45 16906.79
18561.28 16903.80
18543.84 16895.24
18534.80 16892.52
18516.00 16886.98
18505.55 16883.99
18494.06 16880.71
18483.88 16877.81
18473.27 16874.78
18462.09 16871.58
18451.69 16868.61
