14256.54 18078.73
14255.79 18078.72
14252.72 18078.68
14248.01 18078.63
14241.76 18078.55
14234.16 18075.16
14224.34 18075.04
14213.19 18074.90
14202.57 18074.77
14191.26 18074.63
14180.21 18074.50
14169.13 18074.36
14158.19 18074.23
14147.56 18074.10
14136.37 18073.96
14124.98 18073.82
14114.08 18073.69
14102.66 18073.55
14091.29 18073.41
14079.92 18073.56
14072.71 18073.65
14069.23 18073.69
14068.85 18073.70
14068.83 18073.70
14068.83 18073.70
14068.83 18073.70
14068.82 18073.70
14068.82 18073.70
14068.01 18073.71
14068.00 18073.71
14067.99 18073.71
14067.99 18073.71
14067.99 18073.71
14067.99 18073.71
14067.99 18073.71
14069.90 18070.38
14073.44 18070.34
14078.83 18070.27
14085.81 18070.18
14094.55 18070.15
14105.22 18070.28
14116.75 18070.42
14127.73 18070.56
14138.84 18070.69
14149.38 18070.82
14160.14 18070.95
14171.21 18071.09
14182.86 18071.23
14193.56 18071.36
14204.63 18071.50
14215.31 18071.63
14226.59 18071.76
14237.96 18071.90
14246.89 18072.01
14251.98 18072.07
14253.88 18072.10
14254.30 18072.10
14254.36 18072.10
14254.38 18072.10
14254.39 18072.10
14254.39 18072.10
14254.39 18072.10
14254.39 18072.10
14255.71 18072.12
14259.13 18072.16
14275.41 18071.87
14283.17 18071.69
14292.47 18071.51
14302.45 18068.01
14313.62 18067.79
14325.29 18067.55
14337.04 18067.31
14348.49 18067.06
14360.06 18066.69
14371.25 18066.37
14382.55 18066.05
14394.41 18065.71
14406.26 18065.38
14417.20 18065.07
14428.52 18064.64
14448.86 18064.11
14460.28 18063.85
14471.13 18063.61
14482.91 18063.34
14494.49 18063.08
14505.58 18062.83
14517.01 18062.58
14528.12 18062.33
14539.30 18062.07
14550.08 18061.83
14560.80 18061.59
14571.69 18061.34
14583.45 18061.08
14603.92 18060.58
14613.98 18060.32
14623.87 18060.13
14634.20 18059.99
14644.43 18059.85
14663.21 18059.57
14672.42 18059.43
14682.12 18059.27
14691.34 18059.12
14701.20 18058.96
14710.55 18058.82
14720.51 18058.66
14751.22 18058.23
14759.35 18058.08
14767.97 18057.92
14776.16 18057.77
14784.38 18057.61
14810.11 18057.53
14819.55 18057.62
14828.97 18057.72
14838.34 18058.06
14847.56 18058.74
14870.34 18064.40
14879.58 18065.34
14889.30 18066.34
14898.88 18067.32
14905.64 18068.01
14910.07 18068.45
14911.00 18068.53
14912.50 18068.66
14916.03 18068.96
14932.08 18070.40
14936.20 18070.71
14950.91 18068.75
14971.31 18071.41
14982.47 18073.00
14993.99 18075.04
15005.46 18077.07
15016.27 18078.98
15027.89 18081.04
15038.62 18082.93
15049.43 18084.85
15060.73 18086.85
15071.71 18088.97
15082.69 18091.21
15093.22 18093.36
15104.65 18095.69
15116.30 18098.06
15127.17 18100.28
15138.81 18102.65
15149.61 18104.86
15160.45 18107.07
15171.21 18109.26
15182.17 18111.49
15192.68 18113.63
15203.93 18115.89
15215.17 18118.48
15226.46 18121.48
15237.26 18124.33
15248.31 18127.24
15259.27 18130.13
15266.20 18131.95
15270.79 18133.16
15271.37 18133.31
15271.37 18133.31
15271.37 18133.31
15271.37 18133.31
15271.37 18133.31
15271.37 18133.31
15271.37 18133.31
15271.37 18133.31
15271.37 18133.31
15271.37 18133.31
15271.37 18133.31
15271.37 18133.31
15271.37 18133.31
15271.37 18133.31
15271.37 18133.31
15271.37 18133.31
15271.37 18133.31
15271.37 18133.31
15271.37 18133.31
15272.99 18133.74
15276.33 18134.62
15284.95 18129.76
15287.98 18123.32
15291.67 18115.47
15296.04 18106.20
15301.06 18095.53
15305.70 18085.67
15310.66 18075.13
15315.43 18065.00
15320.37 18054.49
15325.20 18044.16
15329.59 18033.71
15334.01 18023.18
15338.31 18012.95
15342.84 18002.15
15347.13 17991.93
15351.72 17981.02
15356.19 17970.35
15360.61 17959.83
15364.92 17949.56
15369.25 17939.24
15373.54 17929.02
15377.91 17918.63
15382.53 17907.63
15386.76 17897.54
15391.13 17887.13
15395.65 17876.37
15405.69 17858.11
15409.59 17847.66
15413.41 17836.92
15420.16 17827.16
15424.62 17816.59
15429.11 17806.70
15434.01 17795.92
15438.66 17785.90
15443.70 17775.16
15448.48 17764.96
15453.21 17754.89
15457.84 17745.02
15462.49 17735.10
15467.12 17725.23
15471.52 17714.34
15475.56 17704.34
15479.56 17694.41
15484.00 17683.41
15488.07 17673.33
15496.59 17651.58
15499.79 17642.77
15503.02 17633.85
15506.21 17625.08
15509.74 17616.24
15513.30 17607.93
15516.23 17601.12
15518.46 17595.92
15520.05 17592.21
15542.41 17591.94
15545.46 17591.61
15553.96 17590.90
15574.55 17589.46
15586.19 17588.90
15597.37 17585.04
15609.18 17584.45
15620.30 17583.91
15631.92 17583.33
15643.05 17582.79
15655.23 17582.18
15667.27 17581.59
15679.33 17580.93
15691.30 17580.25
15703.35 17579.56
15715.57 17578.86
15727.28 17578.19
15738.85 17577.53
15750.27 17576.88
15762.25 17576.20
15774.12 17575.52
15785.22 17574.89
15797.11 17574.21
15809.67 17572.43
15822.04 17570.55
15834.27 17568.69
15846.16 17566.88
15857.66 17565.14
15869.98 17563.26
15882.15 17561.42
15893.43 17559.70
15905.01 17557.94
15916.84 17556.14
15928.25 17554.41
15939.55 17552.69
15951.09 17550.94
15962.93 17549.14
15975.36 17547.04
15987.67 17544.73
15999.92 17542.43
16011.50 17540.26
16023.23 17538.07
16034.57 17535.94
16046.53 17532.94
16058.70 17529.78
16070.18 17526.25
16080.66 17521.64
16091.42 17516.26
16102.38 17510.41
16113.21 17504.13
16123.01 17497.88
16133.06 17491.00
16142.20 17483.26
16151.26 17475.30
16159.14 17467.05
16167.22 17458.26
16174.87 17448.83
16182.69 17439.18
16189.05 17429.01
16195.40 17418.15
16201.50 17407.73
16206.47 17396.98
16211.35 17385.87
16215.16 17374.57
16218.71 17363.42
16221.86 17351.92
16223.72 17340.09
16225.25 17327.78
16226.03 17315.65
16226.51 17303.65
16229.93 17294.52
16229.10 17282.84
16227.45 17270.54
16225.81 17258.35
16224.18 17246.24
16222.21 17234.16
16220.11 17221.74
16218.61 17210.00
16217.86 17198.66
16218.91 17186.31
16222.35 17174.98
16226.07 17163.66
16232.24 17153.30
16239.62 17143.18
16247.93 17134.16
16258.15 17126.78
16268.77 17121.10
16279.61 17116.14
16291.08 17112.72
16303.06 17109.14
16314.70 17105.66
16326.07 17102.31
16337.28 17099.07
16346.73 17094.24
16364.16 17089.59
16374.91 17085.47
16385.55 17080.33
16395.89 17075.33
16406.45 17069.87
16416.94 17064.38
16427.09 17059.06
16437.70 17053.50
16448.05 17048.08
16458.56 17042.58
16469.46 17036.87
16480.06 17031.32
16490.76 17025.71
16500.95 17020.37
16511.93 17014.62
16522.10 17009.30
16532.58 17003.81
16543.04 16998.33
16554.03 16992.58
16564.85 16986.91
16575.13 16981.53
16585.52 16976.08
16595.91 16970.64
16605.95 16965.38
16616.62 16959.80
16627.28 16954.21
16637.31 16948.96
16647.33 16943.71
16658.04 16938.10
16668.71 16932.51
16679.41 16926.91
16690.38 16921.17
16701.21 16915.49
16712.21 16909.73
16723.01 16904.08
16733.98 16898.33
16744.72 16892.70
16755.80 16886.90
16766.62 16881.24
16777.38 16875.60
16787.42 16870.34
16797.63 16865.00
16807.83 16859.65
16817.85 16854.40
16828.72 16848.71
16838.78 16843.44
16848.89 16838.15
16859.59 16832.55
16869.93 16827.13
16880.67 16821.50
16891.45 16815.86
16902.14 16810.26
16913.00 16804.57
16923.57 16799.04
16933.94 16793.60
16944.96 16787.83
16955.21 16782.46
16965.93 16776.85
16976.36 16771.39
16985.77 16762.73
16995.84 16757.46
17006.18 16752.04
17016.80 16746.48
17027.85 16740.69
17038.11 16735.32
17049.16 16729.54
17060.18 16723.96
17071.11 16718.72
17082.35 16713.34
17093.54 16707.98
17104.05 16702.94
17114.68 16697.84
17126.00 16692.42
17137.24 16687.03
17148.25 16681.75
17158.76 16676.72
17169.94 16671.36
17180.35 16666.37
17191.39 16661.07
17204.96 16656.44
17214.79 16651.79
17224.84 16647.04
17234.56 16642.43
17244.68 16637.64
17254.58 16632.96
17265.27 16627.90
17275.69 16622.96
17285.51 16618.32
17300.33 16609.88
17306.24 16607.97
17309.69 16607.23
17312.43 16606.59
17315.37 16605.90
17335.20 16615.21
17338.67 16621.23
17342.83 16628.38
17351.71 16635.36
17357.94 16644.24
17364.04 16652.93
17369.44 16661.34
17374.62 16670.72
17379.60 16679.74
17384.16 16689.46
17388.31 16698.38
17392.71 16708.12
17396.94 16717.72
17401.04 16727.04
17405.15 16736.37
17421.33 16763.33
17427.33 16769.94
17431.72 16778.41
17436.24 16787.14
17440.34 16795.05
17444.66 16803.38
17451.29 16809.68
17458.40 16809.90
17464.87 16806.95
17471.46 16803.89
17478.26 16800.72
17492.85 16793.90
17497.37 16791.79
17500.24 16790.52
17500.94 16790.22
17501.21 16790.10
17501.24 16790.09
17501.25 16790.08
17501.25 16790.08
17514.37 16784.35
17517.71 16783.11
17522.27 16781.46
17528.41 16779.23
17536.16 16776.54
17545.23 16774.31
17555.63 16771.75
17565.52 16769.67
17575.58 16767.38
17584.91 16764.45
17594.56 16760.65
17604.21 16756.19
17613.18 16751.26
17623.00 16744.94
17632.58 16738.70
17642.56 16732.21
17652.60 16725.66
17662.71 16719.08
17672.34 16712.81
17681.87 16706.61
17691.56 16700.29
17701.45 16694.54
17712.19 16688.91
17722.27 16683.62
17742.00 16676.36
17752.65 16673.19
17764.21 16670.62
17775.50 16669.44
17786.92 16669.35
17798.84 16670.20
17809.72 16672.23
17820.63 16675.33
17831.90 16678.52
17843.54 16681.82
17854.59 16684.96
17865.48 16688.04
17876.26 16691.10
17887.60 16694.31
17899.02 16697.55
17910.62 16700.84
17921.97 16704.06
17932.88 16707.16
17942.67 16709.93
17948.41 16711.56
17965.56 16716.55
17973.00 16718.78
17981.68 16721.39
17992.17 16724.54
18002.33 16727.59
18012.18 16730.55
18022.74 16733.71
18033.24 16736.87
18043.54 16739.96
18073.88 16749.08
18084.41 16752.25
18094.80 16755.39
18106.10 16758.79
18116.50 16761.93
18127.08 16765.12
18137.73 16768.32
18148.11 16771.45
18159.02 16774.74
18169.22 16777.81
18179.77 16780.99
18190.00 16784.08
18201.11 16787.42
18212.16 16790.76
18223.28 16794.11
18234.14 16797.38
18245.20 16800.71
18255.91 16803.94
18264.98 16810.12
18274.31 16812.94
18279.62 16814.54
18281.05 16814.97
18281.26 16815.03
18281.39 16815.07
18292.33 16818.32
18295.79 16819.35
18300.53 16820.75
18307.20 16822.71
18315.13 16825.05
18324.43 16827.79
18335.60 16831.09
18346.80 16834.39
18357.02 16837.41
18367.49 16840.50
18379.02 16843.83
18391.66 16847.54
18401.69 16850.52
18411.80 16853.51
18422.20 16856.59
18442.04 16862.42
18452.72 16865.47
18463.46 16868.54
18473.61 16871.44
18484.18 16874.46
18494.51 16877.41
18504.62 16880.30
18514.72 16883.19
