23285.16 7494.07
23285.75 7492.97
23285.78 7490.20
23286.09 7485.93
23285.93 7480.18
23285.75 7473.20
23285.55 7465.80
23285.36 7458.68
23285.20 7451.40
23285.03 7443.50
23284.87 7436.31
23280.37 7427.61
23272.75 7427.77
23263.93 7427.97
23253.52 7428.20
23243.19 7428.44
23236.23 7428.71
23217.88 7428.52
23208.64 7427.94
23197.61 7427.17
23186.62 7426.32
23175.58 7425.47
23164.59 7424.63
23156.47 7424.00
23152.02 7423.66
23124.90 7422.09
23117.16 7421.73
23108.36 7421.32
23097.80 7420.83
23085.96 7420.28
23075.72 7419.80
23069.10 7419.51
23066.00 7419.40
23058.19 7409.08
23057.80 7402.42
23057.33 7394.57
23056.77 7384.86
23056.46 7373.46
23056.12 7361.21
23055.76 7348.32
23055.51 7339.46
23055.34 7333.31
23047.27 7327.54
23037.30 7327.98
23026.06 7328.49
23013.23 7329.07
23000.29 7329.65
22987.51 7330.23
22976.20 7330.74
22968.94 7331.07
22961.97 7339.07
22962.00 7348.74
22962.04 7359.79
22962.08 7371.07
22961.96 7392.47
22961.94 7405.79
22961.92 7418.59
22961.90 7431.76
22961.72 7444.67
22961.40 7457.47
22961.26 7471.15
22961.12 7484.24
22960.86 7497.81
22960.59 7507.87
22960.42 7514.09
22960.35 7516.70
22949.96 7524.36
22943.44 7524.07
22935.58 7523.70
22925.49 7523.24
22913.52 7522.69
22899.96 7522.07
22886.66 7520.71
22873.16 7518.83
22860.45 7517.07
22847.32 7515.24
22834.17 7513.27
22821.28 7511.24
22801.86 7508.37
22787.91 7506.57
22774.40 7504.82
22760.74 7503.05
22746.78 7501.24
22733.65 7500.90
22720.23 7501.10
22706.99 7502.84
22694.19 7505.15
22680.74 7508.97
22670.42 7515.14
22662.16 7517.03
22643.02 7530.17
22634.30 7537.30
22625.65 7543.57
22617.37 7550.15
22611.91 7554.70
22609.60 7557.48
22607.81 7568.01
22607.45 7574.50
22606.85 7582.31
22605.19 7591.97
22599.37 7612.20
22595.65 7623.95
22591.95 7635.65
22588.38 7646.93
22582.82 7667.09
22580.05 7679.71
22577.16 7692.88
22574.27 7706.05
22571.31 7719.50
22568.42 7732.69
22565.52 7745.92
22562.82 7758.57
22560.82 7771.19
22558.90 7783.92
22557.16 7796.77
22555.53 7809.79
22554.09 7822.80
22552.68 7835.47
22551.16 7849.14
22549.71 7862.22
22548.30 7874.89
22546.76 7887.13
22545.08 7899.61
22543.43 7911.82
22541.88 7923.30
22540.41 7934.21
22540.41 7960.71
22544.06 7969.64
22550.08 7978.74
22556.45 7985.55
22566.47 7990.12
22576.66 7992.73
22597.93 7995.19
22611.45 7994.60
22625.16 7994.00
22638.44 7993.42
22652.09 7992.82
22665.62 7992.23
22679.09 7991.64
22690.78 7991.13
22703.39 7990.58
22714.90 7990.07
22725.95 7989.59
22737.46 7989.09
22749.51 7988.56
22760.37 7988.09
22771.92 7987.58
22786.27 7988.52
22796.32 7987.96
22806.50 7987.40
22813.82 7987.00
22817.57 7986.79
22818.70 7986.73
22819.54 7986.68
22819.60 7986.68
22819.48 7983.38
22821.65 7983.26
22823.97 7983.13
22824.27 7983.11
22824.40 7983.11
22824.40 7983.11
22824.40 7983.11
22824.40 7983.11
22824.40 7983.11
22836.23 7982.52
22840.87 7982.32
22847.79 7982.01
22856.74 7981.61
22868.33 7984.40
22881.29 7983.83
22894.95 7983.22
22908.19 7982.63
22921.86 7982.02
22936.05 7981.39
22950.34 7980.75
22963.93 7980.15
22977.16 7979.56
22990.29 7978.97
23003.49 7978.39
23017.24 7977.77
23031.20 7977.15
23044.68 7976.55
23057.90 7975.96
23093.40 7972.99
23108.05 7972.46
23124.86 7971.84
23143.61 7971.16
23163.67 7970.42
23185.89 7969.61
23209.93 7968.73
23235.45 7967.80
23260.85 7966.87
23286.73 7965.92
23312.37 7964.98
23336.39 7964.10
23356.48 7963.37
23372.61 7962.78
23384.95 7962.33
23413.83 7962.60
23418.84 7962.21
23419.78 7962.14
23419.84 7962.13
23419.85 7962.13
23419.85 7962.13
23419.85 7962.13
23419.85 7962.13
23419.85 7962.13
23419.85 7962.13
23419.85 7962.13
23419.85 7962.13
23419.85 7962.13
23419.85 7962.13
23419.85 7962.13
23419.85 7962.13
23419.85 7962.13
23419.85 7962.13
23419.85 7962.13
23419.85 7962.13
23419.85 7962.13
23419.85 7962.13
23419.85 7962.13
23419.85 7962.13
23419.85 7962.13
23419.85 7962.13
23419.85 7962.13
23419.85 7962.13
23419.85 7962.13
23419.85 7962.13
23419.85 7962.13
23419.85 7962.13
23419.85 7962.13
23419.85 7962.13
23419.85 7962.13
23419.85 7962.13
23419.85 7962.13
23419.85 7962.13
23419.85 7962.13
23419.85 7962.13
23419.85 7962.13
23419.85 7962.13
23419.85 7962.13
23419.85 7962.13
23419.85 7962.13
23419.85 7962.13
23419.85 7962.13
23419.85 7962.13
23419.85 7962.13
23419.85 7962.13
23419.85 7962.13
23419.85 7962.13
23419.85 7962.13
23419.85 7962.13
23419.85 7962.13
23419.85 7962.13
23419.85 7962.13
23419.85 7962.13
23419.85 7962.13
23419.85 7962.13
23419.85 7962.13
23419.85 7962.13
23419.85 7962.13
23419.85 7962.13
23419.85 7962.13
23419.85 7962.13
23419.85 7962.13
23419.85 7962.13
23419.85 7962.13
23419.85 7962.13
23419.85 7962.13
23419.85 7962.13
23419.85 7962.13
23419.85 7962.13
23419.85 7962.13
23419.85 7962.13
23419.85 7962.13
23419.85 7962.13
23419.85 7962.13
23419.85 7962.13
23419.85 7962.13
23419.85 7962.13
23419.85 7962.13
23419.85 7962.13
23419.85 7962.13
23419.85 7962.13
23419.85 7962.13
23419.85 7962.13
23419.85 7962.13
23419.85 7962.13
23419.85 7962.13
23419.85 7962.13
23419.85 7962.13
23419.85 7962.13
23419.85 7962.13
23419.85 7962.13
23419.85 7962.13
23419.85 7962.13
23419.85 7962.13
23419.85 7962.13
23419.85 7962.13
23419.85 7962.13
23419.85 7962.13
23419.85 7962.13
23419.85 7962.13
23419.85 7962.13
23419.85 7962.13
23419.85 7962.13
23419.85 7962.13
23419.85 7962.13
23419.85 7962.13
23419.85 7962.13
23419.85 7962.13
23419.85 7962.13
23419.85 7962.13
23419.85 7962.13
23419.85 7962.13
23419.85 7962.13
23419.85 7962.13
23419.85 7962.13
23419.85 7962.13
23419.85 7962.13
23419.85 7962.13
23419.85 7962.13
23419.85 7962.13
23419.85 7962.13
23419.85 7962.13
23419.85 7962.13
23419.85 7962.13
23419.85 7962.13
23419.85 7962.13
23419.85 7962.13
23419.85 7962.13
23419.85 7962.13
23419.85 7962.13
23419.85 7962.13
23419.85 7962.13
23419.85 7962.13
23419.85 7962.13
23419.85 7962.13
23419.85 7962.13
23419.85 7962.13
23419.85 7962.13
23419.85 7962.13
23419.85 7962.13
23419.85 7962.13
23419.85 7962.13
23419.85 7962.13
23419.85 7962.13
23419.85 7962.13
23419.85 7962.13
23419.85 7962.13
23419.85 7962.13
23419.85 7962.13
23419.85 7962.13
23419.85 7962.13
23419.85 7962.13
23419.85 7962.13
23419.85 7962.13
23419.85 7962.13
23419.85 7962.13
23419.85 7962.13
23419.85 7962.13
23419.85 7962.13
23419.85 7962.13
23419.85 7962.13
23419.85 7962.13
23419.85 7962.13
23419.85 7962.13
23419.85 7962.13
23419.85 7962.13
23419.85 7962.13
23419.85 7962.13
23419.85 7962.13
23419.85 7962.13
23419.85 7962.13
23419.85 7962.13
23419.85 7962.13
23419.85 7962.13
23419.85 7962.13
23419.85 7962.13
23419.85 7962.13
23419.85 7962.13
23419.85 7962.13
23419.85 7962.13
23419.85 7962.13
23419.85 7962.13
23419.85 7962.13
23419.85 7962.13
23419.85 7962.13
23419.85 7962.13
23419.85 7962.13
23419.85 7962.13
23419.85 7962.13
23419.85 7962.13
23419.85 7962.13
23419.85 7962.13
23419.85 7962.13
23419.85 7962.13
23419.85 7962.13
23419.85 7962.13
23419.85 7962.13
23419.85 7962.13
23419.85 7962.13
23419.85 7962.13
23419.85 7962.13
23419.85 7962.13
23419.85 7962.13
23419.85 7962.13
23419.85 7962.13
23419.85 7962.13
23419.85 7962.13
23419.85 7962.13
23419.85 7962.13
23419.85 7962.13
23419.85 7962.13
23419.85 7962.13
23419.85 7962.13
23419.85 7962.13
23419.85 7962.13
23419.85 7962.13
23419.85 7962.13
23420.10 7965.42
23421.68 7965.30
23425.76 7965.01
23429.85 7964.75
23433.25 7961.22
23438.21 7960.91
23438.85 7960.87
23439.63 7960.82
23439.67 7960.82
23441.60 7960.70
23441.66 7960.69
23443.01 7960.61
23446.53 7960.38
23447.98 7956.99
23451.30 7956.78
23456.79 7956.43
23463.78 7955.99
23496.73 7951.10
23506.99 7948.63
23519.03 7946.11
23532.45 7941.68
23546.26 7934.33
23557.77 7923.98
23566.24 7910.31
23570.30 7895.55
23569.52 7880.35
23564.41 7865.64
23555.87 7852.90
23543.73 7843.73
23529.03 7838.33
23513.71 7837.12
23498.91 7840.49
23485.36 7847.84
23474.12 7858.64
23465.34 7871.57
23459.06 7886.23
23454.14 7900.84
23447.04 7924.58
23445.73 7938.77
23444.39 7953.28
23443.03 7967.97
23441.56 7983.87
23439.80 8012.93
23437.69 8029.92
23435.33 8048.99
23432.78 8069.46
23430.09 8091.16
23427.00 8114.64
23423.52 8140.24
23420.68 8167.68
23413.61 8208.45
23408.04 8239.51
23403.01 8268.58
23394.95 8292.39
23388.36 8314.96
23381.86 8342.50
23375.39 8369.91
23369.13 8396.46
23362.60 8424.14
23355.95 8452.00
23347.79 8478.61
23339.66 8505.14
23331.48 8531.79
23323.31 8558.44
23314.51 8585.44
23305.16 8612.43
23295.33 8638.47
23285.38 8664.84
23274.41 8691.45
23263.46 8716.96
23252.51 8742.47
23240.86 8768.28
23229.27 8793.42
23217.68 8818.58
23204.65 8843.95
23191.47 8869.11
23178.28 8894.18
23164.07 8918.36
23149.96 8942.38
23135.48 8967.01
23120.25 8991.00
23104.79 9014.91
23089.50 9038.56
23073.83 9061.12
23056.98 9084.20
23041.11 9105.93
23021.86 9126.71
23004.16 9148.00
22985.56 9169.08
22966.97 9190.16
22948.90 9210.45
22930.30 9230.36
22911.69 9250.25
22892.51 9269.73
22872.42 9289.27
22852.65 9308.48
22832.48 9328.09
22812.23 9347.78
22792.62 9366.85
22772.57 9385.91
22752.08 9405.37
22732.61 9423.84
22712.57 9442.87
22695.19 9463.90
22674.10 9483.57
22652.09 9502.64
22630.55 9521.31
22608.63 9540.30
22586.54 9559.45
22564.43 9578.61
22542.22 9597.86
22520.06 9617.07
22498.46 9635.95
22477.10 9654.68
22456.12 9673.08
22434.96 9691.65
22414.66 9709.45
22394.22 9727.37
22375.04 9744.19
22355.11 9761.67
22335.07 9779.95
22315.10 9798.25
22295.88 9815.88
22276.54 9833.60
22257.35 9851.19
22239.06 9867.96
22220.30 9885.16
22202.26 9901.70
22183.59 9918.78
22165.00 9935.69
22146.68 9952.36
22125.49 9969.57
22106.20 9987.32
22085.26 10006.36
22064.52 10025.13
22043.28 10044.35
22022.53 10063.12
22001.44 10082.20
21980.20 10101.35
21958.62 10124.53
21938.35 10144.95
21918.13 10165.32
21897.99 10185.61
21879.16 10206.27
21860.24 10227.48
21841.43 10248.59
21823.21 10270.39
21805.16 10292.93
21787.51 10315.59
21770.85 10338.19
21754.38 10360.54
21738.22 10384.18
21722.33 10407.99
21706.29 10432.04
21691.99 10456.44
21677.60 10481.37
21663.59 10505.65
21651.61 10530.74
21639.54 10556.65
21628.51 10582.49
21617.73 10609.32
21606.94 10636.20
21597.57 10662.86
21588.35 10689.43
21579.68 10715.81
21572.11 10743.50
21564.94 10771.17
21558.20 10799.29
21553.17 10827.04
21544.79 10867.91
21540.24 10895.67
21535.93 10923.94
21531.92 10952.03
21527.92 10980.26
21524.00 11008.89
21520.11 11037.28
21517.42 11069.01
21513.32 11097.80
21509.29 11126.13
21505.28 11154.30
21501.31 11182.20
21497.61 11210.54
21494.03 11239.08
21490.39 11268.13
21486.86 11296.23
21483.21 11325.30
21479.69 11353.37
21476.16 11381.47
21472.64 11409.56
21468.85 11437.59
21464.93 11466.30
21461.04 11494.93
21457.37 11524.00
21453.81 11552.22
21450.18 11580.86
21446.15 11609.45
21442.46 11637.74
21439.08 11666.40
21435.51 11694.77
21431.86 11723.60
21428.30 11751.73
21424.70 11780.16
21421.06 11808.99
21417.45 11837.89
21413.91 11866.64
21410.38 11895.34
21406.31 11924.12
21403.07 11952.20
21399.56 11980.42
21395.44 12009.40
21390.18 12037.84
21384.09 12065.81
21376.81 12093.10
21368.31 12121.12
21358.17 12147.55
21347.72 12172.38
21336.98 12194.34
21327.72 12213.25
21319.41 12228.66
21310.98 12242.81
21302.16 12256.65
21292.98 12271.04
21283.51 12284.32
21273.83 12297.38
21263.60 12311.18
21252.69 12324.10
21241.37 12337.16
21230.16 12350.10
21219.33 12362.60
21208.42 12375.19
21197.35 12387.96
21186.13 12400.90
21175.10 12413.62
21163.94 12426.43
21152.88 12439.13
21142.06 12451.55
21130.75 12464.54
21119.59 12477.35
21108.52 12490.07
21097.29 12502.72
21087.62 12513.37
21077.85 12524.14
21059.15 12541.13
21049.39 12554.11
21036.43 12565.83
21026.24 12579.38
21016.40 12592.44
21006.09 12606.14
20996.42 12619.00
20986.68 12631.93
20976.88 12644.96
20966.60 12658.62
20956.81 12671.98
20946.95 12685.71
20936.96 12699.63
20927.49 12712.81
20918.06 12725.93
20908.10 12739.80
20898.81 12752.74
20889.41 12765.84
20883.77 12782.45
20873.10 12794.86
20862.84 12810.88
20851.52 12828.94
20839.02 12848.99
20825.40 12870.83
20810.77 12894.36
20796.01 12918.23
20780.87 12942.70
20768.62 12968.45
20753.16 12992.45
20737.49 13016.78
20721.95 13041.05
20706.51 13065.21
20690.97 13089.51
20675.84 13113.18
20660.10 13137.80
20644.65 13161.98
20628.67 13190.12
20613.24 13214.35
20597.98 13238.30
20582.62 13262.81
20567.67 13287.38
20552.55 13311.84
20537.04 13336.83
20521.81 13361.39
20506.45 13386.15
20491.06 13410.95
20476.19 13434.91
20460.78 13459.75
20445.62 13484.19
20430.73 13508.18
20415.82 13532.22
20400.37 13557.11
20385.37 13581.28
20370.11 13605.89
20354.97 13630.29
20339.58 13655.08
20324.59 13679.25
20309.29 13703.91
20294.28 13727.78
20279.08 13751.68
20263.33 13776.46
20247.57 13801.24
20232.39 13825.12
20216.73 13849.74
20201.42 13873.86
20187.24 13898.51
20172.70 13923.77
20158.49 13948.47
20144.31 13973.12
20130.21 13997.97
20116.35 14023.86
20102.48 14049.78
20088.82 14075.30
20075.41 14100.36
20062.34 14125.32
20049.15 14151.31
20036.13 14176.95
20023.08 14202.66
20010.48 14228.16
19998.00 14254.18
19985.50 14280.25
19972.97 14306.37
19961.12 14331.86
19949.85 14356.74
19938.70 14381.40
19927.40 14406.36
19916.57 14430.29
19906.08 14453.46
19895.35 14477.16
19885.23 14499.52
19874.90 14522.35
19863.02 14546.23
19853.76 14568.26
19844.55 14590.18
19835.41 14611.99
19827.45 14633.41
19819.57 14654.59
19811.66 14676.70
19804.47 14698.63
19797.36 14720.32
19788.22 14744.08
19782.22 14765.80
19776.13 14787.92
19770.32 14809.15
19764.52 14830.37
19758.80 14852.53
19754.05 14874.01
19749.08 14896.44
19747.27 14915.91
19743.94 14927.26
19732.40 14989.79
19729.34 15005.36
19727.99 15021.68
19726.94 15037.36
19726.95 15053.02
19727.71 15068.64
19728.92 15084.80
19730.08 15100.23
19731.25 15115.73
19732.18 15131.25
19732.37 15147.42
19732.57 15164.00
19732.77 15180.44
19732.25 15196.12
19731.51 15211.80
19730.79 15227.30
19730.04 15243.45
19729.29 15259.46
19726.69 15274.87
19723.84 15291.13
19721.10 15306.77
19718.26 15322.97
19715.43 15338.71
19712.35 15353.97
19709.10 15370.06
19705.82 15386.35
19702.68 15401.86
19699.61 15417.09
19696.38 15433.08
19692.80 15448.97
19689.30 15464.36
19685.83 15479.63
19682.33 15495.06
19678.72 15510.94
19675.03 15527.18
19671.57 15543.00
19668.68 15558.61
19666.01 15574.97
19665.33 15591.50
19667.15 15607.79
19671.48 15622.93
19679.82 15636.15
19691.39 15647.45
19705.09 15654.59
19720.72 15658.62
19736.86 15657.95
19751.56 15652.96
19764.51 15643.62
19773.72 15630.17
19779.23 15615.77
19780.68 15600.22
19778.13 15584.75
19771.40 15570.31
19761.17 15558.55
19748.85 15548.85
19735.14 15539.76
19702.88 15525.41
19683.66 15521.77
19663.05 15517.86
19640.59 15513.59
19618.42 15509.31
19596.01 15504.98
19574.27 15500.77
19552.13 15496.49
19529.54 15492.12
19506.59 15487.61
19484.59 15482.65
19461.78 15477.51
19439.51 15472.50
19417.41 15467.52
19395.19 15462.52
19372.91 15457.50
19351.12 15452.59
19326.14 15448.59
19303.77 15443.44
19281.98 15438.42
19260.35 15433.44
19238.56 15428.43
19216.52 15423.36
19194.07 15418.45
19172.44 15413.75
19149.87 15408.84
19128.01 15404.08
19106.31 15399.36
19080.73 15394.10
19058.43 15388.24
19036.02 15382.34
19015.48 15373.21
18994.07 15367.18
18972.03 15360.28
18949.99 15353.08
18928.12 15345.78
18907.58 15338.51
18888.31 15331.48
18872.04 15325.54
18861.55 15321.36
18843.17 15312.26
18830.90 15307.32
18818.95 15302.51
18806.70 15297.58
18794.63 15292.72
18781.59 15287.47
18769.02 15282.40
18756.65 15277.43
18744.23 15272.42
18731.56 15267.32
18719.12 15262.31
18706.21 15257.11
18693.92 15252.16
18681.26 15247.06
18668.84 15242.06
18656.59 15237.13
18636.12 15230.68
18624.38 15225.97
18612.29 15221.11
18599.80 15216.09
18587.30 15211.08
18575.54 15206.35
18562.85 15201.25
18550.26 15196.53
18537.87 15192.00
18525.90 15187.63
18512.99 15182.92
18500.74 15178.44
18479.31 15168.92
18466.32 15164.33
18451.76 15162.68
18438.46 15157.98
18425.71 15153.46
18412.78 15149.04
18399.62 15144.65
18386.27 15140.19
18373.71 15136.00
18361.08 15131.79
18347.93 15127.39
18334.45 15122.74
18321.88 15118.37
18304.84 15114.17
18291.58 15109.77
18278.75 15105.52
18265.17 15101.02
18251.57 15096.45
18238.57 15092.09
18225.35 15088.59
18211.77 15085.24
18197.93 15081.60
18183.49 15079.27
18169.49 15077.34
18155.68 15075.44
18141.73 15073.52
18128.39 15071.69
18114.34 15069.75
18100.38 15067.83
18086.59 15065.93
18072.08 15063.94
18057.65 15061.95
18043.14 15059.95
18028.92 15058.00
18014.56 15056.02
18000.92 15054.15
17986.66 15052.18
17973.94 15050.43
17960.17 15048.54
17946.98 15043.39
17932.66 15041.42
17919.20 15039.57
17905.04 15037.62
17891.04 15035.69
17877.20 15033.79
17863.06 15032.06
17847.56 15030.79
17826.63 15028.56
17806.48 15028.23
17784.49 15028.32
17762.83 15029.80
17741.76 15031.27
17720.15 15033.55
17698.95 15036.09
17662.79 15038.86
17640.16 15037.33
17617.74 15035.43
17596.06 15033.26
17574.79 15029.61
17552.81 15025.12
17530.94 15020.39
17509.62 15015.46
17487.85 15010.32
17466.64 15004.74
17445.24 14999.53
17423.88 14994.50
17401.96 14989.98
17380.45 14986.63
17358.18 14983.63
17336.50 14981.31
17314.24 14979.00
17291.80 14977.56
17270.09 14976.17
17247.58 14974.72
17225.31 14973.29
17189.94 14968.99
17167.65 14967.13
17145.58 14965.33
17122.92 14963.51
17056.82 14959.76
17035.98 14958.05
17014.51 14956.31
16993.54 14954.60
16972.71 14952.90
16951.68 14951.19
16930.25 14949.41
16908.80 14947.56
16887.81 14945.24
16867.39 14942.49
16846.40 14939.65
16825.82 14936.87
16804.85 14933.20
16783.82 14929.01
16762.83 14924.84
16741.96 14919.12
16721.86 14913.27
16702.18 14906.53
16682.04 14899.64
16661.58 14892.67
16641.78 14885.98
16622.06 14879.32
16601.58 14872.40
16581.65 14865.68
16561.80 14859.45
16541.66 14853.45
16521.41 14847.25
16501.79 14841.13
16481.86 14836.13
16460.82 14831.56
16427.81 14825.59
16405.83 14823.34
16383.38 14822.00
16361.12 14822.20
16340.03 14825.37
16322.67 14827.03
16304.90 14828.73
16287.79 14831.85
16270.26 14835.51
16253.66 14839.80
16201.81 14854.24
16181.24 14864.17
16161.06 14874.30
16142.19 14885.78
16124.03 14897.94
16104.15 14912.66
16086.29 14927.82
16069.01 14942.94
16052.28 14958.63
16036.23 14975.06
16022.95 14993.30
16012.77 15007.06
16002.99 15021.68
15993.49 15035.89
15970.85 15072.31
15959.44 15092.42
15948.43 15111.84
15936.96 15132.04
15925.71 15151.64
15914.06 15171.29
15902.65 15190.53
15891.20 15209.77
15879.31 15229.34
15866.90 15250.65
15853.80 15268.64
15840.41 15286.82
15825.52 15304.97
15810.93 15322.72
15796.50 15340.03
15781.51 15357.51
15765.68 15373.23
15750.01 15389.69
15734.55 15406.28
15719.29 15422.66
15703.84 15439.20
15688.21 15455.60
15672.19 15472.42
15656.05 15489.34
15640.46 15505.68
15624.91 15521.99
15608.91 15538.76
15593.02 15555.47
15577.50 15571.81
15564.26 15590.52
15548.16 15607.29
15532.10 15623.96
15516.99 15640.33
15501.81 15656.79
15486.46 15673.44
15471.33 15689.85
15455.47 15707.04
15439.68 15724.01
15423.70 15740.87
15408.20 15757.23
15392.12 15774.19
15375.96 15791.24
15359.77 15808.32
15344.41 15824.54
15328.72 15841.05
15312.63 15857.67
15296.28 15874.56
15280.71 15890.75
15263.36 15909.21
15248.36 15925.26
15233.26 15941.41
15218.50 15957.19
15203.80 15972.92
15185.94 15990.42
15170.37 16005.17
15154.92 16019.80
15139.33 16034.60
15123.85 16049.41
15108.57 16064.03
15093.04 16078.90
15077.64 16093.64
15061.56 16108.49
15045.26 16122.75
15029.22 16136.77
15012.91 16151.04
14996.64 16165.22
14980.09 16179.27
14963.52 16192.72
14914.16 16229.76
14900.70 16239.87
14887.56 16249.76
14876.83 16257.83
14863.38 16267.12
14849.46 16276.46
14835.06 16286.08
14821.19 16295.10
14807.35 16304.10
14792.87 16313.51
14778.23 16322.82
14764.10 16331.36
14749.82 16339.67
14735.36 16348.07
14720.15 16356.61
14705.24 16364.66
14689.72 16372.03
14673.51 16378.99
14657.59 16385.09
14641.79 16390.39
14639.44 16391.10
14638.37 16391.41
14637.22 16391.73
14636.09 16392.05
14635.00 16392.35
14557.50 16409.37
14543.62 16410.60
14529.04 16411.48
14514.71 16412.09
14500.26 16412.68
14485.87 16413.16
14471.25 16413.12
14457.22 16413.07
14443.31 16413.02
14429.97 16412.96
14416.34 16412.91
14402.83 16412.79
14388.48 16412.76
14374.66 16412.79
14360.75 16412.82
14347.35 16412.85
14333.19 16412.63
14319.46 16411.27
14305.26 16408.42
14291.79 16404.34
14278.15 16400.22
14265.34 16393.76
14252.96 16387.19
14240.95 16379.63
14229.61 16370.77
14218.16 16358.98
14205.75 16352.66
14195.93 16344.22
14185.95 16335.65
14175.63 16326.78
14165.31 16317.92
14155.23 16309.26
14145.39 16300.81
14135.67 16292.46
14125.48 16283.71
14108.31 16271.06
14098.98 16265.29
14089.83 16260.13
14076.73 16252.79
14066.78 16245.33
14065.88 16244.82
14065.78 16244.76
14065.31 16244.50
14064.55 16244.11
14050.85 16237.92
14045.48 16235.34
14038.46 16231.96
14029.97 16227.88
14019.96 16223.61
14008.33 16218.65
13996.86 16213.76
13985.66 16208.99
13974.70 16204.32
13963.12 16199.38
13946.25 16192.18
13931.93 16186.83
13914.30 16180.28
13900.61 16178.63
13887.91 16173.82
13875.03 16168.95
13862.42 16164.17
13850.17 16159.51
13837.45 16154.58
13824.14 16149.41
13811.30 16144.43
13798.03 16139.28
13785.84 16134.55
13773.21 16129.69
13760.18 16124.75
13747.32 16119.88
13734.70 16115.10
13722.66 16110.54
13711.83 16102.91
13699.31 16098.17
13686.33 16093.26
13674.03 16088.62
13661.03 16083.65
13648.19 16078.66
13635.26 16073.62
13622.61 16068.70
13609.33 16063.52
13596.62 16058.57
13583.33 16053.40
13570.62 16048.45
13557.53 16043.35
13540.30 16036.70
13532.36 16033.31
13514.21 16024.73
13493.12 16014.35
13481.87 16008.21
13471.80 16002.18
13461.76 15996.18
13452.02 15989.60
13442.14 15982.88
13431.92 15975.93
13420.98 15969.92
13407.33 15962.03
13396.89 15955.01
13385.92 15947.64
13364.41 15932.50
13353.20 15924.57
13342.38 15916.92
13331.50 15909.22
13319.83 15900.97
13308.69 15893.47
13297.12 15886.98
13285.00 15881.10
13271.94 15876.47
13259.32 15872.41
13245.56 15868.94
13231.94 15865.83
13218.26 15862.91
13204.69 15861.99
13190.74 15861.04
13177.05 15860.11
13163.10 15859.17
13149.01 15858.60
13135.07 15858.06
13121.55 15857.53
13107.49 15856.98
13093.32 15856.43
13079.70 15855.89
13066.06 15855.36
13052.31 15854.81
13039.41 15850.92
13025.94 15850.31
13012.86 15849.72
12999.43 15848.98
12985.36 15848.14
12972.19 15847.36
12958.01 15846.52
12943.86 15845.63
12930.03 15844.25
12916.58 15842.81
12902.55 15841.31
12889.06 15839.81
12866.74 15837.68
12854.56 15836.56
12841.98 15835.41
12828.85 15833.38
12816.23 15831.34
12803.90 15829.34
12788.71 15823.98
12778.70 15819.47
12768.21 15816.89
12737.95 15802.76
12735.74 15801.52
12730.74 15798.08
12727.55 15795.20
12703.04 15751.67
12699.98 15740.00
12696.05 15728.20
12692.17 15716.52
12688.26 15704.78
12684.43 15693.28
12680.60 15681.78
12677.12 15670.49
12673.63 15659.04
12670.07 15647.39
12666.36 15635.23
12662.92 15623.98
12659.25 15611.97
12655.54 15599.82
12652.10 15588.56
12648.60 15577.12
12642.71 15563.52
12638.60 15550.24
12634.55 15537.20
12630.55 15524.30
12626.47 15510.81
12620.95 15497.58
12615.07 15485.21
12607.28 15473.00
12597.80 15462.42
12587.02 15454.02
12575.22 15447.78
12561.31 15443.80
12546.84 15442.94
12533.11 15444.19
12518.95 15447.54
12506.40 15452.52
12494.46 15459.91
12483.52 15468.36
12473.91 15477.89
12465.14 15487.05
12458.31 15495.43
12452.13 15504.75
12427.57 15535.86
12420.34 15547.09
12412.77 15558.84
12405.18 15570.62
12397.71 15582.15
12390.50 15593.21
12383.34 15604.38
12376.43 15615.78
12369.29 15627.55
12361.91 15639.71
12354.98 15651.15
12347.87 15662.87
12340.56 15674.93
12333.74 15686.17
12327.12 15697.74
12320.78 15710.07
12314.47 15722.33
12307.99 15734.93
12301.97 15746.63
12295.64 15758.94
12288.90 15771.48
12282.30 15783.25
12275.63 15795.16
12268.67 15807.59
12261.71 15820.01
12255.10 15831.81
12248.29 15843.98
12241.84 15855.49
12235.58 15866.67
12228.91 15878.57
12222.27 15890.42
12216.00 15901.62
12209.53 15913.13
12203.31 15923.99
12197.01 15934.98
12190.44 15946.45
12183.72 15958.17
12177.63 15968.80
12171.65 15979.24
12165.28 15990.36
12158.92 16001.46
12152.57 16012.54
12146.73 16022.74
12140.81 16033.07
12134.64 16043.83
12128.70 16054.21
12122.79 16066.44
12117.45 16078.06
12112.81 16089.46
12108.21 16101.64
12108.14 16117.63
12101.30 16128.50
12097.27 16141.43
12093.43 16153.77
12089.32 16166.94
12085.50 16179.17
12082.32 16196.28
12077.86 16212.20
12072.84 16230.08
12067.16 16250.35
12060.95 16272.73
12054.28 16296.90
12047.27 16322.34
12039.77 16349.50
12032.01 16377.61
12024.29 16405.59
12016.63 16433.36
12008.46 16460.14
11999.54 16487.91
11989.98 16515.18
11980.21 16541.58
11969.64 16568.69
11958.74 16595.68
11947.81 16622.08
11935.36 16647.55
11922.36 16673.41
11908.14 16698.86
11894.02 16724.16
11879.78 16749.65
11865.56 16774.69
11850.84 16798.87
11835.62 16823.87
11820.81 16848.19
11802.90 16873.96
11787.78 16898.05
11772.50 16922.39
11757.53 16946.25
11742.34 16970.44
11727.06 16994.79
11711.90 17018.95
11696.37 17043.69
11681.30 17067.70
11665.70 17092.54
11650.64 17116.54
11636.10 17141.24
11621.83 17166.76
11607.63 17192.16
11593.68 17217.10
11579.38 17242.69
11565.96 17268.70
11552.84 17294.53
11540.62 17320.69
11528.61 17347.27
11517.39 17373.99
11506.11 17400.89
11494.85 17427.73
11480.33 17469.41
11471.75 17492.38
11463.59 17515.89
11455.28 17539.86
11450.66 17565.04
11443.26 17589.29
11435.92 17613.42
11429.80 17637.73
11419.37 17680.61
11410.93 17708.14
11402.73 17735.07
11394.39 17762.49
11386.46 17789.11
11379.23 17813.71
11373.20 17834.22
11368.99 17859.90
11368.27 17876.55
11368.36 17892.36
11370.37 17908.37
11376.11 17923.33
11384.18 17937.45
11399.01 17944.08
11414.74 17946.55
11430.35 17945.68
11443.28 17936.69
