18549.31 7287.80
18548.18 7288.73
18545.87 7290.63
18542.31 7293.57
18537.43 7297.59
18531.49 7302.49
18523.65 7308.96
18514.35 7316.63
18503.62 7325.29
18491.00 7334.01
18478.19 7342.21
18465.34 7349.14
18451.19 7355.93
18437.11 7360.79
18421.95 7364.56
18406.50 7366.59
18391.62 7367.97
18376.52 7367.34
18360.80 7366.69
18345.49 7366.05
18330.81 7365.44
18315.05 7365.80
18299.52 7367.87
18284.94 7372.18
18271.04 7376.89
18257.43 7381.49
18244.61 7386.09
18233.00 7390.43
18220.77 7395.01
18208.37 7399.65
18196.68 7404.03
18186.08 7408.00
18174.88 7412.19
18163.51 7416.45
18152.57 7420.54
18141.07 7424.84
18130.05 7428.97
18119.05 7433.09
18108.10 7437.19
18089.06 7444.37
18080.61 7447.58
18071.80 7450.93
18062.52 7455.30
18044.01 7464.61
18034.18 7470.08
18024.98 7475.19
18015.54 7480.44
18005.21 7486.18
17994.91 7491.91
17984.53 7498.55
17975.18 7504.58
17966.00 7510.51
17956.90 7516.39
17947.35 7522.55
17937.55 7528.87
17927.72 7535.22
17917.73 7541.67
17908.72 7547.48
17898.39 7554.15
17889.05 7560.18
17879.34 7566.45
17869.56 7572.76
17860.35 7578.70
17851.12 7584.66
17841.85 7590.64
17832.47 7596.69
17815.32 7607.60
17806.83 7612.92
17797.10 7619.00
17788.43 7624.43
17780.11 7629.64
17771.38 7635.10
17762.31 7640.78
17752.26 7647.26
17743.46 7654.74
17735.35 7661.64
17727.53 7668.40
17718.98 7675.78
17709.88 7683.64
17702.50 7690.01
17694.89 7696.59
17680.57 7709.35
17672.86 7716.36
17664.82 7723.97
17657.68 7730.73
17650.75 7737.29
17643.70 7743.96
17636.14 7751.12
17629.24 7757.66
17622.48 7764.05
17607.74 7777.57
17599.08 7785.12
17590.79 7791.81
17583.11 7797.94
17574.88 7804.52
17566.94 7810.85
17558.55 7816.83
17549.67 7822.90
17533.22 7833.28
17524.05 7838.53
17514.96 7843.73
17506.06 7848.82
17496.18 7854.47
17487.13 7859.65
17477.80 7864.99
17463.57 7873.46
17454.62 7879.06
17446.06 7884.41
17436.80 7890.21
17427.39 7896.10
17417.70 7902.15
17407.64 7908.45
17397.93 7914.52
17389.29 7920.00
17380.26 7925.98
17371.83 7931.49
17362.59 7937.52
17353.29 7943.59
17344.85 7949.11
17336.15 7954.79
17325.79 7961.55
17317.39 7967.04
17308.80 7972.65
17300.82 7977.86
17291.65 7983.91
17282.59 7989.91
17273.18 7996.13
17263.87 8002.29
17255.24 8007.98
17245.05 8014.70
17236.80 8020.14
17230.42 8024.34
17226.78 8026.74
17224.90 8027.98
17224.44 8028.29
17224.25 8028.41
17224.07 8028.53
17224.06 8028.54
17224.06 8028.54
17224.05 8028.54
17224.05 8028.54
17224.05 8028.54
17224.05 8028.54
17224.05 8028.54
17224.05 8028.54
17224.05 8028.54
17224.05 8028.54
17224.05 8028.54
17224.05 8028.54
17224.05 8028.54
17224.05 8028.54
17224.05 8028.54
17224.05 8028.54
17224.05 8028.54
17224.05 8028.54
17224.05 8028.54
17224.05 8028.54
17224.05 8028.54
17224.05 8028.54
17222.56 8029.53
17220.30 8031.02
17216.77 8033.34
17215.11 8041.50
17220.17 8046.90
17226.06 8053.17
17232.88 8060.44
17240.67 8068.78
17248.91 8077.98
17254.47 8084.19
17257.79 8088.04
17261.42 8092.38
17265.92 8097.76
17263.12 8112.51
17255.27 8119.08
17246.44 8126.47
17238.28 8133.30
17230.65 8139.69
17222.02 8146.91
17213.77 8153.82
17205.69 8160.58
17197.64 8167.32
17190.09 8174.55
17182.83 8182.31
17176.74 8191.21
17170.57 8200.29
17165.29 8208.07
17158.88 8217.50
17152.65 8226.68
17146.86 8235.20
17134.66 8253.03
17129.13 8261.04
17123.68 8268.95
17117.87 8277.37
17111.77 8286.21
17105.57 8295.20
17100.21 8302.96
17094.89 8310.68
17088.64 8319.73
17076.90 8336.80
17071.36 8344.90
17065.71 8353.16
17060.48 8360.80
17055.54 8368.03
17049.83 8376.39
17044.89 8383.60
17038.69 8392.66
17032.99 8400.99
17019.31 8421.25
17013.63 8429.66
17008.35 8437.46
17002.46 8446.17
16996.86 8454.44
16991.32 8462.62
16985.72 8470.91
16980.07 8479.26
16974.88 8486.94
16964.05 8502.91
16958.54 8511.00
16952.20 8520.33
16947.22 8527.65
16941.88 8535.50
16936.22 8543.82
16930.47 8552.28
16926.60 8557.97
16924.26 8561.41
16921.50 8565.47
16918.37 8570.06
16903.70 8569.66
16896.25 8562.68
16888.29 8555.23
16880.67 8548.10
16872.36 8540.32
16865.26 8533.67
16857.46 8527.55
16851.38 8522.84
16847.12 8519.53
16845.51 8518.28
16844.98 8517.87
16844.64 8517.61
16844.35 8517.38
16844.29 8517.34
16844.25 8517.30
16844.24 8517.30
16844.24 8517.30
16844.24 8517.30
16844.24 8517.30
16844.24 8517.30
16844.24 8517.30
16844.24 8517.30
16843.60 8516.80
16841.51 8515.18
16838.18 8512.60
16829.43 8513.29
16825.21 8519.66
16819.85 8527.72
16814.19 8536.23
16808.00 8545.56
16803.78 8551.91
16800.18 8557.33
16796.83 8562.36
16784.11 8561.61
16775.90 8556.09
16766.54 8549.80
16756.11 8542.80
16745.43 8535.47
16735.25 8528.35
16726.01 8521.88
16716.07 8514.93
16706.77 8508.42
16697.05 8501.62
16688.18 8495.41
16681.42 8490.68
16678.14 8488.39
16676.99 8487.59
16676.32 8487.11
16675.78 8486.74
16675.72 8486.70
16675.49 8486.54
16674.11 8485.57
16672.32 8484.32
16668.60 8481.71
16664.82 8479.07
16660.52 8476.06
16652.05 8476.96
16649.18 8481.44
16646.94 8484.94
16634.22 8502.05
16630.36 8506.25
16626.60 8511.42
16615.05 8527.23
16607.51 8537.55
16601.19 8546.21
16595.04 8554.62
16588.44 8563.66
16582.15 8572.27
16576.06 8580.59
16569.65 8589.38
16563.50 8597.79
16556.97 8606.73
16551.16 8614.68
16544.37 8623.97
16538.20 8632.42
16531.05 8642.20
16524.43 8651.67
16518.60 8660.18
16512.66 8668.86
16507.40 8676.55
16498.91 8688.42
16492.93 8696.68
16486.64 8705.36
16479.95 8714.61
16473.59 8723.39
16467.50 8731.79
16461.42 8740.20
16454.84 8749.28
16449.35 8756.86
16443.13 8765.46
16437.32 8773.48
16431.62 8781.36
16424.98 8790.54
16418.53 8799.45
16412.57 8807.69
16403.19 8820.85
16397.58 8828.86
16393.23 8835.06
16388.18 8842.28
16382.95 8849.74
16378.78 8863.52
16377.29 8871.92
16373.87 8879.16
16370.66 8885.76
16367.67 8891.90
16364.76 8897.89
16362.05 8903.45
16360.32 8907.01
16365.79 8916.01
16372.26 8920.56
16379.77 8926.04
16388.53 8932.82
16398.36 8940.35
16409.48 8948.85
16421.16 8957.79
16431.03 8965.34
16440.66 8973.12
16450.14 8980.78
16457.71 8986.88
16462.86 8991.04
16466.35 8993.86
16467.42 8994.72
16467.89 8995.11
16468.14 8995.30
16468.18 8995.34
16468.18 8995.34
16468.18 8995.34
16468.18 8995.34
16468.18 8995.34
16468.18 8995.34
16468.18 8995.34
16468.18 8995.34
16468.18 8995.34
16468.18 8995.34
16468.18 8995.34
16468.18 8995.34
16468.18 8995.34
16468.18 8995.34
16468.18 8995.34
16468.18 8995.34
16468.18 8995.34
16468.18 8995.34
16468.18 8995.34
16468.18 8995.34
16468.18 8995.34
16468.18 8995.34
16468.18 8995.34
16469.39 8996.32
16470.60 8997.30
16473.21 8999.40
16477.02 9002.47
16475.12 9016.47
16470.69 9022.04
16466.29 9027.59
16462.65 9032.18
16459.04 9036.72
16455.72 9040.90
16452.38 9045.10
16449.46 9048.78
16445.76 9053.44
16438.29 9063.79
16434.33 9069.64
16431.64 9073.62
16427.72 9079.43
16424.15 9084.71
16420.68 9089.83
16417.71 9094.21
16414.00 9099.71
16411.11 9103.98
16407.42 9109.43
16403.84 9114.72
16400.94 9119.02
16393.89 9128.87
16391.02 9132.60
16387.62 9137.03
16385.33 9140.03
16381.92 9144.47
16372.98 9155.91
16368.82 9161.15
16364.96 9165.99
16360.96 9171.03
16357.49 9175.40
16353.43 9180.50
16350.08 9184.71
16346.78 9188.87
16343.35 9193.18
16339.60 9197.89
16335.91 9202.53
16331.67 9207.87
16322.65 9219.47
16319.23 9224.02
16316.15 9228.13
16312.27 9233.29
16308.34 9238.52
16304.64 9243.44
16299.79 9249.76
16294.25 9256.90
16287.42 9265.70
16281.13 9273.80
16269.47 9290.71
16264.08 9299.17
16258.47 9307.98
