7855.83 28397.15
7854.22 28397.43
7850.87 28397.43
7845.81 28397.32
7838.97 28396.19
7830.68 28394.83
7820.14 28393.09
7810.10 28391.43
7789.74 28387.71
7778.68 28385.38
7768.49 28383.23
7758.39 28381.11
7747.60 28378.84
7736.60 28376.52
7726.16 28374.33
7716.08 28372.21
7705.99 28370.09
7694.67 28368.19
7683.87 28366.38
7673.00 28364.56
7653.88 28361.25
7645.28 28359.72
7637.10 28358.27
7620.88 28356.00
7609.73 28354.71
7598.73 28353.45
7587.47 28352.17
7576.44 28351.72
7565.34 28351.28
7553.90 28350.83
7542.78 28350.33
7531.45 28349.80
7520.49 28349.46
7509.19 28349.35
7499.14 28349.26
7493.34 28349.20
7481.22 28340.89
7478.79 28333.71
7477.26 28329.17
7468.34 28326.39
7459.07 28329.48
7449.33 28332.37
7439.21 28335.18
7429.78 28339.47
7421.64 28345.76
7413.61 28353.39
7396.07 28360.27
7384.77 28358.18
7373.86 28355.85
7362.31 28354.01
7351.16 28352.47
7340.39 28351.59
7328.91 28350.66
7318.16 28349.79
7307.50 28348.93
7296.49 28348.04
7285.74 28347.18
7274.32 28346.47
7262.60 28345.81
7251.31 28345.19
7239.73 28344.54
7228.35 28343.91
7221.24 28343.52
7218.11 28343.34
7203.21 28342.21
7196.57 28341.60
7188.22 28340.84
7178.37 28339.94
7167.28 28338.93
7157.09 28338.00
7145.96 28336.98
7135.75 28336.05
7125.68 28335.13
7105.60 28333.23
7095.21 28332.22
7084.99 28331.24
7075.03 28330.27
7064.72 28329.27
7054.70 28328.29
7044.45 28327.30
7038.17 28326.69
7020.03 28325.24
7010.43 28324.59
6998.92 28323.81
6988.16 28323.08
6976.76 28322.83
6966.12 28322.63
6955.29 28322.43
6943.51 28322.22
6932.04 28322.01
6920.68 28321.80
6909.65 28321.59
6898.30 28321.39
6887.56 28321.19
6876.06 28320.98
6865.28 28320.78
6853.46 28320.56
6841.84 28320.35
6830.45 28320.14
6818.90 28319.93
6807.33 28319.72
6787.26 28319.33
6776.14 28319.10
6765.75 28318.88
6754.84 28318.65
6744.59 28318.44
6734.09 28318.22
6722.91 28317.99
6702.23 28317.63
6691.66 28317.48
6680.85 28317.60
6670.07 28317.92
6659.16 28318.26
6647.94 28318.67
6636.48 28319.09
6625.66 28319.48
6615.23 28319.86
6604.88 28320.04
6594.07 28319.97
6583.70 28319.52
6573.08 28318.44
6561.92 28316.72
6551.67 28314.82
6541.08 28312.79
6530.92 28310.85
6520.74 28308.92
6510.39 28307.50
6500.17 28305.96
6492.56 28304.82
6489.04 28304.29
6475.59 28275.76
6477.85 28268.30
6480.71 28258.83
6484.05 28247.79
6487.40 28236.74
6490.84 28225.37
6493.99 28215.01
6497.60 28203.52
6501.02 28192.62
6504.38 28181.94
6507.92 28170.66
6511.43 28159.49
6514.90 28148.48
6518.45 28137.17
6521.82 28126.43
6525.16 28115.80
6528.50 28105.18
6532.10 28093.72
6535.61 28082.54
6539.11 28071.41
6542.71 28059.96
6546.20 28048.85
6549.68 28037.80
6553.00 28027.29
6556.57 28015.94
6558.49 28005.14
6555.44 27993.93
6548.37 27984.93
6538.73 27980.00
6527.98 27976.66
6517.15 27973.30
6506.09 27969.87
6495.86 27965.06
6488.84 27956.48
6487.08 27945.50
6489.23 27934.67
6492.52 27923.90
6495.81 27913.34
6499.38 27901.87
6502.91 27890.52
6506.20 27879.96
6509.42 27869.62
6512.86 27858.58
6516.36 27847.32
6519.91 27835.94
6523.44 27824.59
6526.79 27813.82
6530.06 27803.34
6533.39 27792.64
6536.71 27782.00
6539.97 27771.51
6543.40 27760.51
6546.98 27749.01
6550.23 27738.56
6553.70 27727.43
6557.28 27715.93
6560.65 27705.10
6564.15 27693.85
6567.40 27683.40
6570.74 27672.67
6574.19 27661.61
6577.59 27650.69
6581.13 27639.33
6584.59 27628.20
6588.29 27616.83
6591.84 27606.16
6595.34 27595.36
6598.89 27583.86
6602.22 27573.05
6605.52 27562.38
6609.00 27551.11
6612.53 27539.74
6615.96 27528.74
6619.35 27517.88
6622.58 27507.53
6625.81 27497.17
6629.09 27486.66
6632.38 27476.08
6635.92 27464.73
6639.48 27453.35
6642.82 27442.61
6646.25 27431.54
6649.74 27420.27
6653.00 27409.76
6656.24 27399.30
6659.60 27388.47
6663.17 27376.96
6666.86 27365.73
6670.76 27354.76
6675.40 27344.07
6679.81 27333.34
6683.39 27322.88
6686.90 27312.62
6690.74 27301.42
6694.42 27290.26
6697.99 27279.44
6702.24 27269.45
6709.92 27260.23
6717.15 27251.76
6722.22 27242.17
6721.40 27211.10
6720.32 27200.86
6716.53 27191.19
6709.43 27184.27
6700.54 27179.18
6691.35 27174.30
6681.17 27170.71
6672.83 27167.76
6668.18 27166.12
6652.29 27157.86
6644.89 27155.42
6636.41 27152.62
6627.14 27149.50
6617.96 27146.16
6608.11 27142.59
6594.55 27137.03
6581.60 27131.39
6566.67 27124.90
6551.03 27117.77
6536.10 27110.55
6521.09 27102.72
6507.01 27095.08
6492.66 27086.56
6478.40 27078.01
6464.11 27069.17
6449.83 27059.83
6436.13 27049.82
6423.14 27040.15
6410.36 27030.42
6397.06 27020.29
6384.20 27009.30
6372.08 26998.81
6359.93 26987.78
6347.23 26976.12
6335.48 26964.51
6323.37 26952.41
6311.78 26939.95
6300.52 26927.40
6289.54 26914.49
6278.69 26901.19
6268.46 26888.27
6259.18 26875.23
6249.70 26861.66
6240.17 26847.70
6230.90 26834.09
6222.14 26820.47
6213.59 26806.54
6202.75 26793.63
6195.25 26779.29
6188.04 26765.11
6182.57 26754.51
6178.73 26747.84
6177.00 26744.79
6169.50 26739.53
6166.07 26738.81
6162.27 26736.54
6154.92 26717.61
6157.20 26712.21
6158.14 26699.67
6153.99 26688.31
6150.18 26677.77
6146.45 26666.32
6142.74 26654.95
6139.20 26643.79
6135.82 26633.05
6132.43 26622.03
6129.90 26611.17
6127.33 26600.13
6124.72 26588.96
6122.23 26578.27
6119.52 26566.64
6117.12 26554.20
6115.04 26540.33
6112.59 26523.99
6110.22 26507.87
6108.49 26491.41
6106.69 26474.29
6105.37 26457.84
6104.26 26441.10
6103.38 26423.79
6102.56 26407.56
6101.72 26391.17
6100.85 26373.99
6100.00 26357.19
6099.12 26339.89
6098.28 26323.42
6097.34 26306.58
6096.38 26289.31
6095.41 26271.92
6094.51 26255.28
6093.77 26238.06
6093.06 26221.44
6092.37 26205.24
6091.64 26188.05
6090.91 26170.81
6090.20 26153.94
6089.68 26141.77
6089.22 26131.53
6088.76 26120.95
6088.30 26110.71
6087.87 26100.88
6087.42 26090.62
6086.97 26080.61
6086.53 26070.63
6081.20 26043.69
6078.16 26037.51
6072.89 26032.25
6086.76 26021.05
6085.51 26010.30
6084.25 25999.40
6083.06 25989.18
6081.23 25979.10
6078.98 25968.52
6076.90 25958.79
6074.59 25948.08
6072.29 25937.42
6067.77 25924.66
6063.72 25914.38
6059.56 25903.85
6055.46 25893.45
6050.27 25882.78
6045.24 25872.76
6040.25 25862.80
6032.95 25851.72
6028.95 25843.29
6025.13 25835.23
6021.43 25827.43
6017.46 25819.06
6013.69 25811.11
6009.90 25803.11
6006.06 25795.03
6002.59 25787.70
6000.28 25782.83
5987.22 25756.29
5982.27 25748.01
5977.37 25739.81
5972.45 25731.59
5967.22 25722.85
5962.46 25714.89
5957.25 25707.35
5952.46 25700.56
5947.10 25692.94
5942.30 25686.12
5937.19 25678.86
5932.37 25672.01
5927.72 25665.40
5922.86 25658.51
5917.77 25651.27
5913.20 25644.78
5908.44 25638.03
5903.58 25631.16
5900.31 25626.66
5897.13 25622.29
5869.20 25591.73
5863.40 25588.02
5856.33 25584.29
5848.50 25581.07
5839.97 25579.68
5831.80 25581.33
5817.08 25588.08
5810.70 25597.45
5804.20 25607.00
5798.15 25615.88
5791.89 25625.08
5784.93 25635.29
5778.48 25644.76
5772.06 25654.19
5765.81 25663.36
5761.83 25674.27
5760.23 25685.96
5761.11 25697.56
5764.65 25708.57
5771.68 25717.96
5781.34 25725.09
5792.53 25729.26
5804.13 25730.17
5816.47 25727.41
5826.55 25722.02
5834.25 25713.60
5840.99 25703.78
5845.31 25691.85
5849.63 25679.91
5853.60 25668.94
5864.05 25639.12
5870.40 25628.16
5873.97 25614.77
5878.10 25599.35
5882.60 25582.52
5887.60 25564.14
5893.58 25544.17
5900.21 25522.01
5907.23 25498.60
5914.71 25473.60
5922.79 25442.83
5932.34 25413.18
5942.48 25381.68
5953.52 25348.48
5965.50 25313.53
5978.49 25276.53
5993.18 25237.49
6008.96 25197.01
6025.65 25154.92
6043.47 25111.76
6062.10 25067.11
6082.26 25021.43
6103.19 24974.09
6125.98 24925.15
6149.97 24875.81
6174.72 24826.84
6200.04 24778.35
6225.79 24730.17
6252.29 24681.79
6280.81 24634.77
6309.41 24587.64
6338.15 24540.26
6367.41 24493.69
6396.59 24447.45
6425.98 24400.87
6456.83 24355.31
6487.53 24310.52
6518.85 24264.84
6551.68 24220.31
6584.58 24176.68
6617.98 24132.65
6654.00 24091.50
6689.89 24050.50
6726.09 24009.16
6762.17 23967.96
6798.61 23926.33
6834.35 23885.52
6870.75 23843.95
6907.42 23803.10
6945.17 23762.69
6982.98 23722.22
7020.28 23682.29
7057.88 23642.04
7096.20 23602.18
7135.11 23563.74
7173.55 23525.28
7211.69 23485.76
7249.60 23446.48
7287.78 23406.91
7325.57 23367.76
7363.92 23328.02
7402.12 23288.44
7439.85 23249.34
7478.23 23209.57
7516.18 23170.24
7554.06 23130.95
7591.12 23090.78
7628.60 23050.15
7665.53 23010.12
7702.79 22969.73
7740.33 22929.05
7777.64 22888.60
7814.48 22848.68
7850.73 22807.70
7886.81 22766.88
7923.10 22725.82
7958.93 22690.27
7991.49 22653.43
8021.07 22619.96
8047.98 22589.51
8071.91 22562.44
8092.87 22538.73
8111.48 22516.60
8130.57 22493.89
8149.06 22471.89
8167.82 22449.57
8186.36 22427.51
8204.75 22405.63
8223.23 22383.64
8242.19 22361.09
8261.12 22338.56
8280.15 22315.93
8298.69 22293.87
8317.27 22271.76
8336.32 22249.09
8355.08 22226.53
8373.41 22204.19
8392.06 22181.46
8410.67 22158.78
8429.43 22135.92
8447.62 22113.74
8462.64 22095.20
8477.29 22076.96
8491.59 22059.16
8506.28 22040.87
8520.68 22022.94
8532.95 22002.42
8547.32 21984.30
8561.62 21965.89
8575.70 21947.37
8590.03 21928.53
8604.27 21909.80
8618.52 21891.07
8632.73 21872.38
8646.66 21854.06
8660.71 21835.59
8674.56 21817.37
8688.36 21799.22
8702.35 21780.83
8716.71 21761.94
8731.20 21743.39
8745.81 21724.69
8759.96 21706.58
8773.94 21688.69
8788.04 21670.64
8802.01 21652.76
8816.51 21634.19
8831.21 21615.37
8845.79 21596.51
8860.27 21577.75
8874.59 21559.20
8888.89 21540.67
8921.56 21500.98
8930.72 21488.78
8941.05 21475.02
8952.62 21459.60
8965.41 21442.55
8979.46 21423.84
8991.03 21402.92
9005.10 21384.18
9019.38 21365.14
9034.15 21345.52
9048.71 21326.92
9063.55 21307.96
9078.28 21289.13
9093.33 21269.88
9107.84 21251.18
9124.34 21230.01
9138.25 21212.07
9152.76 21193.38
9167.25 21174.69
9181.41 21156.45
9194.30 21139.41
9204.95 21124.28
9215.03 21109.63
9225.99 21094.88
9236.69 21079.51
9247.02 21064.75
9258.03 21049.73
9268.47 21035.49
9286.50 21009.24
9294.35 20999.12
9302.43 20988.70
9310.90 20977.78
9318.79 20967.56
9326.68 20956.94
9334.69 20946.17
9342.29 20935.94
9350.39 20925.05
9358.07 20914.73
9365.99 20904.07
9373.97 20893.33
9381.96 20882.59
9389.78 20872.07
9397.77 20861.33
9405.93 20850.35
9413.57 20840.07
9421.82 20828.98
9429.50 20818.65
9444.40 20800.80
9452.33 20790.93
9460.76 20780.45
9468.92 20770.00
9476.51 20759.98
9484.25 20749.77
9491.93 20739.64
9500.18 20728.76
9508.42 20717.88
9516.24 20707.36
9523.95 20696.77
9540.26 20675.06
9549.05 20664.21
9557.57 20653.07
9565.81 20642.31
9574.19 20631.35
9582.44 20620.57
9590.52 20610.01
9599.09 20598.80
9607.34 20588.03
9615.82 20576.95
9623.96 20566.30
9632.10 20555.67
9640.54 20544.63
9648.91 20533.70
9657.36 20522.65
9665.90 20511.49
9674.44 20500.32
9682.77 20489.44
9691.10 20478.55
9699.67 20467.35
9707.70 20456.86
9716.24 20445.70
9733.81 20425.29
9741.31 20415.06
9748.83 20404.79
9756.81 20393.89
9762.09 20381.19
9769.88 20371.13
9777.90 20360.77
9785.58 20350.84
9793.67 20337.60
9802.01 20326.26
9811.58 20313.25
9822.08 20298.99
9834.02 20283.18
9844.74 20269.40
9857.86 20251.75
9865.70 20240.99
9872.52 20229.92
9877.19 20217.86
9878.33 20204.57
9874.54 20192.04
9867.23 20180.45
9857.42 20171.28
9844.80 20162.13
9832.94 20156.07
9820.57 20149.75
9808.10 20142.55
9796.25 20134.77
9784.66 20124.02
9774.64 20115.44
9764.86 20107.06
9754.57 20098.25
9745.10 20089.49
9735.57 20080.53
9722.15 20070.19
9717.44 20065.77
9714.21 20062.53
9712.44 20060.69
9718.09 20028.23
9721.00 20025.71
9724.42 20022.75
9738.27 20011.23
9746.48 20004.85
9755.38 19997.92
9764.18 19991.08
9772.66 19984.48
9780.93 19977.96
9789.62 19971.03
9797.79 19964.52
9806.66 19957.44
9816.73 19947.34
9825.54 19940.35
9833.92 19933.71
9842.95 19926.53
9851.90 19919.23
9860.57 19912.15
9871.81 19902.82
9880.51 19895.41
9889.27 19887.96
9897.81 19880.68
9906.48 19873.31
9915.62 19865.52
9924.28 19858.15
9932.83 19850.87
9941.83 19843.11
9951.04 19835.16
9959.61 19827.77
9968.08 19820.46
9976.53 19813.16
9985.07 19805.80
9993.81 19797.99
10002.06 19790.56
10010.62 19782.84
10019.57 19774.78
10028.65 19766.60
10036.96 19759.11
10045.38 19751.52
10053.83 19743.91
10062.98 19735.70
10071.53 19728.12
10080.66 19720.01
10089.42 19712.45
10097.13 19706.06
10105.44 19699.17
10115.96 19692.02
10123.11 19685.07
10133.95 19677.09
10141.73 19669.86
10148.83 19663.25
10156.23 19656.13
10163.51 19648.99
10169.30 19642.83
10172.26 19639.07
10172.85 19638.28
10172.96 19638.13
10172.99 19638.09
10173.00 19638.08
10173.00 19638.08
10188.56 19631.93
10190.33 19632.54
10192.57 19634.46
10195.42 19636.91
10204.75 19648.30
10207.60 19658.42
10210.54 19668.24
10213.36 19678.30
10217.41 19689.78
10221.30 19700.22
10225.17 19710.83
10229.21 19721.94
10233.26 19733.26
10237.42 19744.87
10241.60 19756.67
10245.60 19767.99
10249.48 19778.98
10253.24 19789.64
10256.98 19800.20
10260.80 19810.95
10264.52 19821.31
10268.33 19831.89
10272.45 19843.36
10276.47 19854.52
10280.18 19864.85
10283.98 19875.43
10287.80 19886.04
10291.79 19897.13
10295.64 19907.85
10299.61 19918.88
10303.67 19930.17
10307.74 19941.48
10311.62 19952.27
10315.45 19962.92
10319.36 19973.80
10323.35 19984.89
10327.32 19995.93
10331.48 20007.34
10335.44 20018.19
10341.83 20038.09
10343.36 20048.52
10344.97 20059.51
10345.57 20070.33
10345.50 20082.02
10343.91 20093.40
10342.37 20104.38
10340.87 20115.05
10340.12 20125.87
10340.08 20137.01
10340.44 20145.73
10340.81 20150.94
10340.89 20152.16
10340.94 20152.89
10340.95 20153.01
10340.95 20153.03
10340.95 20153.06
10340.95 20153.06
10344.63 20157.31
10346.01 20157.54
10348.19 20158.67
10355.60 20160.97
10363.35 20155.32
10372.13 20148.99
10381.69 20142.11
10391.28 20135.26
10400.71 20129.10
10410.63 20122.61
10420.41 20116.22
10429.69 20110.15
10439.00 20104.07
10448.29 20097.99
10458.11 20091.57
10467.31 20084.65
10475.72 20077.07
10484.38 20068.96
10492.89 20060.80
10501.46 20052.59
10508.83 20044.41
10516.61 20035.76
10524.34 20027.23
10531.61 20019.33
10536.57 20013.86
10542.21 20002.03
10546.11 19996.96
10558.62 19989.84
10565.70 19981.92
10573.40 19973.30
10581.17 19964.60
10588.62 19955.80
10595.46 19947.72
10602.29 19939.65
10609.50 19931.14
10616.31 19923.09
10623.36 19914.76
10630.18 19906.70
10637.08 19898.56
10650.30 19882.65
10657.77 19873.56
10665.53 19864.13
10672.81 19855.27
10680.54 19845.88
10688.10 19836.68
10695.45 19827.74
10703.03 19818.52
10710.06 19809.97
10717.42 19801.02
10724.61 19792.28
10732.30 19782.93
10739.78 19773.84
10747.40 19764.56
10754.97 19755.36
10762.05 19746.75
10769.79 19737.34
10777.28 19728.23
10784.76 19719.13
10792.37 19709.87
10799.74 19700.91
10805.88 19691.49
10812.41 19681.43
10818.63 19670.96
10823.81 19659.97
10828.61 19649.25
10833.42 19638.06
10837.45 19627.80
10841.02 19617.31
10843.60 19606.40
10845.82 19595.13
10848.16 19583.18
10849.64 19571.14
10850.06 19559.09
10849.95 19547.60
10849.33 19537.84
10848.70 19527.83
10849.00 19518.14
10850.18 19509.02
10851.54 19503.20
10852.05 19501.02
10852.08 19500.91
10852.08 19500.88
10852.09 19500.87
