4583.84 15629.09
4585.26 15630.08
4587.02 15631.32
4588.90 15632.63
4590.56 15633.80
4591.94 15634.77
4593.24 15635.68
4594.63 15636.65
4595.66 15637.37
4597.52 15638.68
4599.31 15639.93
4600.49 15640.76
4601.46 15641.44
4602.83 15642.40
4604.19 15643.35
4605.61 15644.35
4607.34 15645.56
4608.93 15646.68
4610.28 15647.62
4612.16 15648.94
4614.06 15650.27
4619.79 15650.31
4620.38 15649.51
4621.10 15648.54
4621.86 15647.52
4622.41 15646.78
4622.95 15646.05
4623.75 15644.98
4624.56 15643.88
4625.54 15642.57
4626.22 15641.65
4627.18 15640.36
4627.77 15639.56
4628.37 15638.76
4629.28 15637.53
4629.94 15636.65
4630.81 15635.47
4631.54 15634.49
4632.31 15633.45
4632.97 15632.57
4633.54 15631.79
4634.41 15630.62
4635.41 15629.28
4634.21 15623.93
4632.28 15622.60
4629.04 15620.37
4624.67 15617.36
4619.10 15613.53
4612.62 15609.07
4605.58 15604.23
4599.97 15600.37
4596.57 15598.02
4598.04 15584.42
4604.63 15579.20
4613.36 15572.97
4622.57 15566.40
4632.01 15559.67
4641.33 15553.02
4650.86 15546.22
4659.68 15539.93
4669.25 15533.10
4678.79 15526.31
4687.95 15519.77
4697.20 15513.17
4714.48 15500.85
4724.42 15493.76
4733.83 15487.05
4743.37 15480.25
4752.71 15473.59
4762.67 15466.49
4772.53 15460.43
4782.37 15454.69
4792.62 15448.70
4803.05 15442.61
4813.08 15436.76
4823.24 15430.83
4833.56 15424.80
4843.19 15419.17
4853.12 15413.38
4863.02 15407.60
4873.21 15401.65
4891.51 15390.82
4901.27 15384.97
4910.72 15379.29
4920.20 15373.61
4930.15 15367.64
4940.49 15361.43
4950.66 15355.33
4960.40 15349.49
4970.54 15343.41
4980.49 15337.43
4990.08 15331.68
4999.70 15325.91
5008.70 15319.45
5017.67 15312.89
5026.69 15306.10
5031.83 15293.76
5032.06 15289.28
5032.27 15285.06
5032.71 15273.90
5032.89 15267.34
5033.73 15261.49
5036.37 15255.88
5039.16 15249.93
5042.18 15243.52
5045.12 15238.06
5048.69 15232.43
5051.95 15227.27
5055.64 15221.44
5059.16 15216.21
5062.68 15211.42
5071.81 15199.12
5075.47 15194.25
5079.11 15189.41
5082.90 15184.37
5086.57 15179.49
5089.95 15174.99
5093.56 15170.20
5097.20 15165.36
5100.56 15160.88
5104.17 15155.94
5113.19 15143.08
5117.77 15135.63
5122.68 15125.64
5127.01 15115.21
5130.40 15105.03
5133.88 15094.58
5137.29 15084.34
5140.67 15074.17
5144.15 15063.71
5151.30 15044.27
5155.46 15034.12
5159.65 15023.89
5163.85 15013.99
5169.27 15004.41
5175.69 14995.62
5183.39 14987.26
5191.42 14979.49
5199.96 14972.53
5208.52 14965.71
5217.59 14958.48
5225.93 14951.83
5234.51 14945.00
5243.62 14937.72
5252.54 14930.62
5279.72 14908.75
5287.57 14902.28
5295.36 14895.87
5302.83 14889.72
5310.60 14883.32
5318.56 14876.77
5326.21 14870.46
5334.14 14864.16
5342.11 14857.97
5349.47 14851.19
5356.48 14843.46
5360.85 14834.77
5362.76 14828.80
5366.79 14808.38
5366.27 14800.50
5364.48 14792.48
5362.38 14784.38
5360.20 14775.98
5355.01 14754.71
5352.26 14743.28
5349.40 14731.40
5346.65 14719.97
5344.03 14709.12
5341.19 14697.30
5338.48 14686.05
5335.78 14674.81
5333.04 14663.44
5330.35 14651.99
5327.65 14640.45
5325.01 14629.24
5322.20 14617.24
5319.62 14605.40
5317.06 14593.53
5313.59 14579.06
5311.81 14572.22
5305.93 14548.22
5303.03 14536.68
5300.26 14525.65
5297.31 14513.92
5294.51 14502.77
5291.76 14491.83
5288.78 14479.94
5286.10 14468.80
5283.48 14457.94
5280.85 14446.98
5278.20 14435.81
5275.64 14424.43
5272.90 14412.64
5270.36 14402.96
5267.71 14392.87
5263.64 14374.58
5262.69 14366.12
5262.27 14359.27
5262.18 14354.74
5262.45 14352.59
5262.48 14352.37
5262.49 14352.25
5262.49 14352.24
5262.50 14352.23
5262.50 14352.23
5266.30 14336.93
5266.63 14335.86
5267.20 14333.93
5268.02 14331.52
5269.09 14328.38
5275.49 14309.79
5277.35 14305.91
5278.83 14302.81
5279.69 14301.01
5288.17 14285.49
5291.47 14292.30
5295.30 14300.21
5298.23 14306.26
5309.52 14314.04
5320.20 14312.55
5331.13 14311.03
5342.41 14309.61
5353.00 14308.49
5363.76 14307.35
5374.88 14307.16
5385.45 14307.28
5396.00 14307.22
5406.91 14307.12
5418.00 14306.38
5429.11 14305.59
5440.05 14304.42
5450.61 14302.80
5461.65 14302.03
5472.33 14302.85
5482.98 14303.79
5494.19 14304.78
5505.22 14305.75
5542.15 14308.90
5553.30 14309.45
5564.51 14309.87
5576.50 14309.74
5588.62 14309.52
5600.43 14309.31
5611.45 14309.11
5622.86 14308.90
5634.56 14308.69
5645.93 14308.48
5657.78 14308.26
5669.40 14307.36
5680.73 14306.09
5692.57 14304.36
5704.02 14303.05
5715.18 14302.22
5726.27 14301.55
5737.78 14300.98
5748.97 14300.44
5760.95 14300.33
5772.43 14300.52
5784.42 14300.26
5795.75 14300.02
5806.99 14299.43
5818.62 14298.75
5830.38 14298.06
5841.55 14297.41
5853.08 14296.74
5865.04 14296.04
5876.35 14295.38
5888.24 14294.68
5900.34 14293.98
5911.79 14293.31
5923.27 14292.64
5935.10 14291.99
5946.64 14291.48
5957.68 14290.99
5968.84 14290.50
5980.74 14289.97
5992.76 14289.44
6003.75 14288.96
6015.59 14288.18
6023.91 14287.29
6028.02 14286.85
6028.16 14286.84
6028.30 14286.82
6028.30 14286.82
6028.30 14286.82
6028.30 14286.82
6028.30 14286.82
6028.30 14286.82
6028.30 14286.82
6028.30 14286.82
6028.30 14286.82
6028.30 14286.82
6028.30 14286.82
6028.30 14286.82
6028.30 14286.82
6028.30 14286.82
6028.30 14286.82
6028.30 14286.82
6028.30 14286.82
6028.30 14286.82
6028.30 14286.82
6028.30 14286.82
6028.30 14286.82
6028.30 14286.82
6054.40 14284.04
6057.29 14283.73
6061.27 14283.31
6066.62 14282.74
6073.84 14281.97
6082.22 14281.08
6091.11 14280.13
6100.42 14279.14
6109.76 14278.14
6119.48 14277.11
6136.36 14274.87
6141.37 14274.38
6144.57 14274.07
6161.71 14276.07
6165.15 14275.86
6168.10 14275.68
6169.75 14275.58
6188.25 14274.90
6196.58 14274.87
6206.56 14274.85
6217.14 14274.82
6238.14 14274.49
6249.68 14274.11
6261.32 14273.73
6272.51 14273.36
6283.73 14272.99
6294.83 14272.63
6306.56 14272.25
6318.62 14271.85
6330.80 14271.45
6343.01 14271.05
6354.95 14270.66
6366.84 14269.50
6423.67 14267.35
6425.36 14268.05
6427.03 14268.73
6427.48 14272.48
6428.97 14273.11
6449.57 14263.26
6453.70 14263.10
6458.06 14262.93
6461.49 14262.79
6463.36 14262.72
6483.16 14261.76
6491.27 14257.84
6501.85 14257.02
6513.22 14256.13
6524.70 14255.24
6536.16 14254.35
6547.15 14253.50
6558.34 14252.75
6570.22 14251.95
6581.36 14251.21
6592.75 14250.44
6604.18 14249.67
6627.49 14248.26
6639.11 14247.68
6650.17 14247.12
6662.29 14246.51
6673.93 14245.93
6685.66 14245.34
6697.47 14244.75
6709.24 14244.15
6720.80 14243.57
6732.91 14242.96
6744.98 14242.36
6756.47 14241.78
6768.41 14241.18
6779.84 14240.61
6791.63 14240.01
6803.27 14239.43
6815.25 14238.83
6826.68 14238.25
6838.32 14237.67
6849.63 14237.10
6871.69 14235.96
6882.31 14235.36
6892.79 14234.76
6902.76 14234.20
6912.99 14233.62
6923.20 14233.04
6932.99 14232.48
6943.12 14231.91
6953.28 14231.33
6974.67 14230.01
6986.46 14229.27
6998.27 14228.53
7009.79 14227.80
7021.15 14227.08
7032.46 14226.36
7043.62 14225.57
7057.92 14222.96
7068.86 14222.32
7080.60 14221.64
7092.20 14220.97
7102.90 14220.35
7113.95 14219.71
7125.31 14219.09
7136.17 14218.50
7147.04 14217.91
7160.67 14218.60
7171.38 14217.44
7182.12 14216.46
7193.51 14215.79
7205.34 14215.09
7216.63 14214.42
7228.20 14213.74
7239.68 14213.02
7251.46 14212.13
7262.76 14211.28
7274.23 14210.42
7285.93 14209.55
7297.52 14208.68
7308.22 14207.87
7319.93 14207.00
7331.69 14206.11
7342.83 14205.28
7354.04 14205.97
7361.05 14207.38
7364.21 14208.16
7364.86 14208.32
7365.48 14208.47
7365.50 14208.48
7365.50 14208.48
7365.50 14208.48
7365.50 14208.48
7365.50 14208.48
7365.50 14208.48
7365.50 14208.48
7365.50 14208.48
7365.50 14208.48
7365.50 14208.48
7382.22 14215.34
7385.16 14216.14
7389.95 14217.44
7396.55 14218.57
7405.03 14219.03
7415.10 14218.77
7426.11 14218.49
7437.19 14218.21
7448.25 14217.93
7459.82 14217.63
7471.58 14217.33
7483.13 14217.03
7494.35 14216.62
7506.21 14216.09
7517.46 14215.59
7529.13 14215.07
7539.94 14214.59
7551.26 14214.12
7562.65 14213.85
7573.93 14213.68
7585.19 14213.22
7606.41 14212.13
7617.82 14211.43
7629.63 14210.34
7642.06 14208.43
7654.42 14205.82
7666.20 14204.29
7678.39 14203.12
7690.13 14202.37
7702.05 14201.83
7714.36 14201.40
7726.29 14200.98
7738.27 14200.56
7750.76 14200.12
7762.77 14199.70
7774.75 14199.28
7786.56 14198.87
7798.22 14198.46
7810.58 14198.03
7822.24 14197.62
7834.69 14197.19
7846.97 14196.76
7859.49 14196.32
7872.09 14195.88
7884.35 14195.45
7896.97 14195.01
7915.92 14194.44
7927.54 14194.13
7940.06 14193.79
7952.33 14193.46
7964.48 14193.14
7976.87 14192.80
7988.95 14192.48
8001.43 14192.14
8013.12 14191.83
8024.73 14191.51
8036.86 14191.19
8049.03 14190.86
8060.57 14190.55
8073.20 14190.21
8085.93 14189.86
8097.65 14189.55
8110.10 14189.27
8122.10 14188.64
8134.19 14187.92
8145.86 14187.50
8158.08 14187.07
8170.45 14186.62
8182.53 14186.19
8194.89 14185.75
8207.42 14184.95
8219.86 14184.11
8232.10 14183.70
8243.82 14183.32
8256.56 14182.89
8268.21 14182.56
8280.03 14182.71
8292.69 14182.87
8305.45 14182.67
8317.80 14182.30
8329.32 14181.95
8341.99 14181.57
8361.11 14180.50
8368.84 14182.97
8386.00 14181.09
8396.64 14180.30
8408.04 14179.45
8419.35 14178.61
8430.83 14177.75
8441.40 14176.93
8452.88 14175.98
8463.47 14175.10
8474.60 14174.18
8486.19 14173.22
8497.35 14172.29
8508.71 14171.35
8520.22 14170.40
8530.98 14169.52
8542.02 14168.46
8552.51 14167.38
8563.45 14166.24
8574.93 14165.05
8585.53 14163.94
8597.12 14162.72
8608.15 14161.57
8647.74 14160.88
8657.19 14160.31
8666.17 14159.77
8675.47 14159.22
8685.27 14158.73
8692.98 14158.96
8697.62 14160.97
8699.03 14161.77
8699.13 14161.84
8699.19 14161.89
8699.22 14161.90
8699.22 14161.90
8699.22 14161.90
8699.22 14161.90
8699.22 14161.90
8699.22 14161.90
8699.22 14161.90
8699.22 14161.90
8699.22 14161.90
8699.22 14161.90
8711.15 14153.81
8712.37 14153.75
8714.37 14153.65
8716.92 14153.53
8719.91 14153.34
8723.11 14149.72
8727.03 14149.37
8731.00 14149.00
8775.48 14145.18
8787.23 14144.58
8798.55 14144.00
8809.69 14143.43
8820.88 14142.86
8832.86 14142.24
8844.39 14141.56
8855.68 14140.87
8866.93 14140.19
8878.23 14139.50
8890.27 14138.77
8902.21 14138.05
8923.57 14136.41
8935.84 14135.33
8947.90 14134.27
8959.93 14133.21
8971.99 14132.15
8984.13 14131.08
8995.98 14130.04
9007.29 14129.05
9019.34 14127.99
9031.08 14126.95
9043.27 14125.88
9055.38 14124.81
9067.30 14123.76
9078.91 14122.74
9091.23 14121.81
9102.72 14121.00
9114.22 14120.19
9125.64 14119.39
9137.51 14118.55
9148.70 14117.77
9160.55 14116.93
9180.98 14115.30
9190.87 14114.51
9201.15 14113.68
9210.84 14112.91
9220.57 14112.13
9230.67 14111.32
9240.46 14110.53
9250.95 14109.69
9261.10 14108.88
9285.48 14107.02
9296.31 14106.23
9307.66 14105.40
9319.22 14104.56
9330.33 14103.75
9341.22 14102.95
9352.42 14102.14
9364.06 14101.29
9375.68 14100.44
9386.66 14099.64
9397.98 14098.81
9416.37 14097.53
9427.28 14096.66
9438.08 14095.80
9449.68 14094.88
9461.10 14093.97
9472.03 14093.10
9482.79 14092.24
9494.11 14091.19
9504.76 14089.86
9516.44 14088.39
9528.20 14087.32
9539.22 14086.54
9557.81 14085.20
9569.53 14084.35
9581.30 14083.49
9597.77 14082.84
9597.86 14082.83
9621.05 14081.65
9630.34 14081.24
9640.32 14080.81
9650.42 14080.37
9660.07 14079.95
9669.78 14079.53
9679.31 14079.12
9689.35 14078.68
9698.71 14078.27
9708.29 14077.86
9727.89 14077.20
9740.01 14076.57
9751.75 14075.89
9762.82 14075.25
9775.01 14074.54
9786.39 14073.88
9798.02 14073.20
9809.81 14072.52
9821.28 14071.85
9832.57 14071.20
9844.02 14070.53
9859.67 14069.39
9868.85 14068.66
9878.39 14067.91
9887.82 14067.17
9897.05 14066.44
9905.97 14065.74
9915.25 14065.01
9924.92 14064.25
9934.19 14063.52
9943.53 14062.78
9952.83 14062.03
10000.32 14058.53
10011.04 14057.95
10021.21 14057.39
10031.24 14056.84
10041.67 14056.26
10051.99 14055.70
10062.21 14055.13
10072.74 14054.55
10083.31 14053.97
10093.70 14053.40
10104.13 14052.82
10114.19 14052.27
10125.21 14051.66
10135.20 14051.11
10145.65 14050.54
10156.20 14049.96
10166.44 14049.30
10177.52 14048.53
10188.56 14047.78
10218.61 14045.75
10229.96 14045.08
10241.52 14044.39
10252.57 14043.74
10263.90 14043.06
10275.02 14042.40
10286.57 14041.72
10298.37 14041.02
10309.28 14040.37
10321.28 14039.66
10333.20 14038.95
10344.66 14038.27
10356.49 14037.57
10368.00 14036.89
10379.82 14036.18
10391.83 14035.47
10403.46 14034.78
10414.66 14034.12
10425.50 14033.47
10437.10 14032.78
10449.03 14032.08
10460.14 14031.42
10471.67 14030.73
10498.24 14027.95
10507.12 14027.16
10515.81 14026.58
10524.45 14025.96
10542.31 14024.44
10546.77 14024.02
10549.49 14023.76
10550.02 14023.71
10550.31 14023.68
10550.39 14023.67
10550.43 14023.66
10568.18 14022.35
10571.78 14022.10
10577.13 14021.73
10584.85 14021.19
10594.57 14020.52
10605.91 14019.79
10617.20 14019.06
10628.47 14018.33
10639.46 14017.62
10651.35 14016.85
10662.81 14016.11
10674.70 14015.34
10686.76 14014.56
10698.32 14013.81
10709.43 14013.09
10721.09 14012.33
10733.08 14011.56
10750.62 14010.21
10760.91 14009.06
10771.02 14007.92
10781.71 14006.72
10792.22 14005.54
10802.01 14004.44
10812.26 14003.28
10822.89 14002.09
10831.38 14001.14
10836.64 14000.55
10839.93 14000.18
10840.21 14000.15
10840.25 14000.14
10856.98 13994.40
10857.77 13991.24
10858.88 13986.78
10860.37 13980.84
10862.24 13973.32
10864.43 13964.56
10866.72 13955.37
10869.24 13945.27
10871.62 13935.73
10873.90 13926.56
10876.25 13917.16
10877.71 13911.30
10878.37 13908.65
10881.72 13893.87
10882.95 13887.96
10884.58 13880.18
10885.97 13871.01
10887.14 13860.15
10887.97 13848.34
10888.65 13836.35
10889.29 13825.00
10889.94 13813.51
10890.59 13801.90
10891.22 13790.87
10891.85 13779.58
10892.52 13767.68
10893.14 13756.76
10892.72 13736.53
10893.42 13725.44
10894.12 13714.14
10894.80 13703.41
10895.52 13691.89
10896.21 13680.97
10896.94 13669.81
10897.89 13659.05
10899.32 13638.48
10899.99 13626.54
10900.70 13614.99
10901.11 13603.27
10901.89 13591.00
10902.66 13578.86
10903.43 13566.67
10904.21 13554.42
10904.96 13542.53
10905.73 13530.35
10906.43 13519.29
10907.18 13507.50
10907.89 13496.25
10909.75 13484.09
10912.54 13472.70
10914.92 13465.62
10915.99 13462.46
10928.09 13457.90
10933.76 13459.49
10941.04 13461.53
10949.94 13464.02
10960.04 13466.85
10970.80 13469.87
10981.11 13472.76
10991.90 13475.79
11002.97 13478.89
11012.47 13466.48
11015.95 13455.92
11019.54 13445.04
11023.21 13434.36
11028.51 13423.88
11039.06 13422.72
11050.11 13424.56
11061.31 13426.42
11072.28 13428.24
11083.99 13430.19
11094.64 13432.64
11105.67 13436.33
11116.37 13439.92
11127.21 13443.56
11138.53 13447.36
11149.48 13451.08
11159.93 13455.22
11193.06 13467.77
11202.59 13471.93
11212.07 13476.54
11222.21 13481.74
11231.87 13486.71
11241.07 13491.43
11250.56 13496.30
11260.62 13501.47
11270.44 13506.51
11279.75 13511.29
11289.22 13516.15
11298.45 13520.90
11308.01 13525.80
11326.45 13534.89
11337.13 13540.04
11347.53 13545.05
11357.79 13550.00
11368.54 13555.18
11378.92 13560.19
11388.97 13565.03
11399.23 13570.01
11409.83 13575.16
11420.43 13580.31
11430.95 13585.42
11441.61 13590.61
11452.48 13595.89
11463.05 13601.03
11472.39 13605.16
11478.00 13607.23
11487.66 13620.37
11487.94 13629.24
11488.28 13640.14
11488.62 13650.77
11488.93 13662.07
11493.44 13674.54
11503.90 13674.54
11515.13 13674.54
11526.11 13674.54
11536.60 13674.54
11547.17 13674.49
11557.88 13674.13
11561.57 13659.99
11561.81 13648.09
11565.00 13637.42
11569.91 13626.75
11575.06 13615.57
11580.25 13604.30
11583.83 13604.40
11578.72 13615.50
11573.76 13626.26
11568.92 13636.78
11565.10 13648.23
11564.87 13660.21
