7388.84 14208.68
7389.95 14208.04
7392.39 14206.63
7396.60 14204.64
7402.32 14203.52
7410.41 14203.18
7420.25 14202.76
7431.36 14202.29
7444.11 14201.75
7457.78 14201.17
7472.17 14200.55
7486.29 14199.95
7500.59 14199.34
7514.40 14199.89
7528.57 14202.02
7542.79 14203.37
7557.06 14202.25
7570.62 14201.19
7581.86 14200.29
7588.78 14198.67
7595.28 14188.79
7595.24 14178.58
7594.79 14167.07
7593.72 14157.78
7592.70 14151.60
7599.75 14151.25
7602.63 14160.21
7602.97 14171.77
7603.32 14183.75
7606.32 14202.30
7607.76 14205.64
7608.57 14207.63
7619.92 14211.24
7629.83 14210.32
7641.60 14208.53
7654.70 14205.78
7669.07 14204.01
7684.27 14202.71
7698.92 14201.94
7713.80 14201.42
7728.99 14200.89
7743.88 14200.36
7758.96 14199.84
7773.68 14199.32
7788.01 14198.82
7802.85 14198.30
7817.99 14197.77
7833.31 14197.23
7847.90 14200.02
7863.32 14199.48
7877.14 14199.00
7890.94 14198.51
7911.20 14197.87
7923.42 14197.54
7937.05 14197.18
7950.63 14196.81
7962.37 14196.49
7974.55 14196.17
7986.41 14195.85
7999.88 14195.48
8014.53 14195.09
8029.88 14194.68
8045.14 14194.27
8060.70 14193.85
8075.85 14193.44
8090.48 14193.04
8105.16 14192.69
8119.94 14192.08
8135.40 14191.17
8151.09 14190.61
8166.79 14190.05
8182.41 14189.50
8196.91 14188.97
8211.37 14188.00
8226.35 14187.19
8241.02 14186.72
8256.75 14186.19
8272.34 14185.91
8287.22 14186.10
8302.90 14186.05
8317.61 14185.61
8332.86 14185.15
8343.65 14184.82
8349.98 14184.63
8351.86 14184.57
8352.56 14184.55
8361.73 14183.75
8364.44 14183.45
8368.12 14183.05
8372.79 14182.53
8388.99 14180.86
8399.06 14180.12
8411.04 14179.22
8424.65 14178.21
8438.92 14177.13
8452.13 14176.04
8466.42 14174.86
8479.80 14173.75
8493.51 14172.61
8507.27 14171.47
8520.67 14170.36
8534.67 14169.23
8548.18 14167.82
8561.84 14166.41
8575.50 14164.99
8589.39 14163.53
8602.74 14162.13
8644.83 14161.06
8652.78 14160.58
8658.00 14160.27
8659.78 14160.16
8659.96 14160.15
8660.00 14160.14
8660.01 14160.14
8660.02 14160.14
8660.02 14160.14
8660.02 14160.14
8660.02 14160.14
8660.02 14160.14
8660.02 14160.14
8660.02 14160.14
8660.02 14160.14
8660.02 14160.14
8660.02 14160.14
8660.02 14160.14
8660.02 14160.14
8660.02 14160.14
8660.02 14160.14
8660.02 14160.14
8660.02 14160.14
8660.02 14160.14
8660.02 14160.14
8660.02 14160.14
8660.02 14160.14
8660.02 14160.14
8660.02 14160.14
8660.02 14160.14
8660.02 14160.14
8660.02 14160.14
8660.02 14160.14
8660.02 14160.14
8660.02 14160.14
8660.02 14160.14
8660.02 14160.14
8660.02 14160.14
8660.02 14160.14
8660.02 14160.14
8660.02 14160.14
8660.02 14160.14
8660.02 14160.14
8660.02 14160.14
8660.02 14160.14
8660.02 14160.14
8660.02 14160.14
8660.02 14160.14
8660.02 14160.14
8660.07 14160.14
8660.40 14160.12
8662.28 14160.01
8664.46 14159.88
8668.08 14159.66
8673.34 14159.34
8679.62 14158.97
8687.24 14158.67
8692.33 14158.89
8695.44 14159.99
8695.65 14160.08
8695.73 14160.12
8695.83 14160.16
8695.87 14160.18
8695.89 14160.19
8696.80 14160.60
8699.34 14161.98
8712.22 14153.76
8714.53 14153.64
8717.28 14153.51
8720.50 14153.28
8724.45 14152.92
8729.17 14152.48
8771.83 14145.37
8786.78 14144.60
8800.79 14143.88
8815.54 14143.13
8830.47 14142.37
8844.83 14141.53
8859.96 14140.61
8874.02 14139.76
8888.90 14138.86
8902.93 14138.00
8927.12 14136.09
8942.24 14134.77
8956.79 14133.49
8971.29 14132.22
8985.64 14130.95
8999.81 14129.70
9014.43 14128.42
9028.41 14127.19
9042.76 14125.92
9057.16 14124.65
9071.53 14123.39
9085.66 14122.20
9099.69 14121.21
9114.31 14120.18
9128.72 14119.17
9143.24 14118.15
9157.75 14117.13
9180.81 14115.31
9193.05 14114.33
9205.27 14113.35
9217.61 14112.36
9229.83 14111.38
9242.60 14110.36
9255.48 14109.33
9281.89 14107.28
9295.78 14106.27
9309.60 14105.26
9323.81 14104.22
9336.21 14103.32
9349.92 14102.32
9363.38 14101.34
9377.45 14100.31
9391.00 14099.32
9411.87 14097.88
9424.81 14096.85
9437.04 14095.88
9448.05 14095.01
9459.32 14094.11
9470.10 14093.25
9480.29 14092.44
9491.01 14091.58
9502.91 14090.09
9513.57 14088.75
9523.88 14087.63
9535.32 14086.81
9552.69 14085.57
9563.43 14084.79
9574.36 14084.00
9585.17 14083.21
9597.79 14082.84
9597.88 14082.83
9622.48 14081.59
9632.91 14081.13
9641.57 14080.76
9651.26 14080.34
9660.82 14079.92
9670.14 14079.51
9679.36 14079.11
9688.44 14078.72
9698.18 14078.30
9706.68 14077.93
9719.27 14067.20
9719.39 14053.85
9719.52 14040.06
9719.66 14025.31
9719.79 14011.32
9719.92 13996.90
9720.06 13982.71
9720.18 13968.77
9721.16 13948.18
9721.28 13934.53
9721.33 13920.92
9721.37 13907.62
9721.41 13897.12
9721.43 13890.73
9721.41 13875.70
9721.37 13864.76
9721.31 13851.58
9721.26 13837.03
9721.20 13823.35
9721.15 13809.52
9721.10 13798.00
9721.07 13789.88
9721.05 13785.92
9721.05 13785.26
9726.44 13778.21
9730.70 13777.94
9736.85 13777.55
9744.94 13777.03
9754.28 13776.44
9765.37 13775.73
9778.44 13774.90
9792.30 13774.01
9807.13 13773.07
9821.29 13772.17
9834.02 13771.35
9853.53 13770.00
9867.14 13768.91
9878.84 13767.96
9891.43 13766.95
9902.33 13766.07
9914.03 13765.12
9926.56 13764.11
9937.90 13763.20
9949.52 13762.26
9959.56 13761.45
9966.09 13760.92
9971.92 13760.45
9978.91 13759.89
9985.41 13759.37
9992.57 13756.18
9995.00 13746.20
9994.97 13733.75
9994.94 13718.85
9994.92 13703.64
9994.91 13688.83
9995.07 13673.35
9995.31 13658.46
9995.56 13643.04
9995.80 13628.08
9996.03 13613.50
9996.27 13598.91
9996.50 13584.34
9996.81 13568.99
9997.14 13553.81
9997.47 13538.23
9997.80 13522.84
9998.13 13507.44
9998.45 13492.26
9998.77 13477.39
9999.08 13462.70
9999.40 13447.98
9999.71 13433.44
10000.09 13418.63
10000.92 13404.09
10001.82 13388.54
10002.77 13373.37
10004.35 13357.80
10005.77 13343.21
10007.38 13327.87
10009.02 13312.21
10010.59 13297.15
10012.21 13281.71
10013.75 13267.02
10015.35 13251.78
10016.95 13236.55
10018.58 13220.96
10020.19 13206.08
10021.86 13191.59
10023.61 13176.43
10025.39 13160.96
10026.91 13145.28
10028.32 13129.99
10029.73 13114.75
10031.26 13100.35
10032.93 13085.43
10034.55 13069.92
10036.37 13048.53
10036.72 13034.43
10036.93 13019.79
10036.59 13006.07
10036.23 12991.90
10035.88 12977.57
10035.22 12963.33
10034.51 12948.68
10033.67 12934.28
10032.52 12919.63
10031.44 12905.88
10030.08 12892.65
10028.92 12882.36
10028.23 12876.25
10028.01 12874.32
10028.01 12874.28
10028.01 12874.27
10028.00 12874.26
10028.00 12874.26
10028.00 12874.26
10028.00 12874.26
10028.00 12874.26
10028.00 12874.26
10028.00 12874.26
10028.00 12874.26
10028.00 12874.26
10028.00 12874.26
10028.00 12874.26
10028.00 12874.26
10028.00 12874.26
10028.00 12874.26
10028.00 12874.26
10028.00 12874.26
10028.00 12874.26
10034.88 12853.82
10037.00 12851.05
10040.29 12846.35
10043.56 12840.13
10047.44 12832.75
10052.36 12823.41
10058.06 12812.56
10064.40 12800.52
10071.03 12788.50
10078.11 12776.22
10085.09 12764.10
10091.70 12752.63
10098.52 12740.79
10110.67 12720.27
10118.31 12707.70
10126.21 12695.23
10134.01 12683.20
10142.03 12670.81
10149.64 12659.07
10158.52 12647.51
10166.61 12637.12
10172.50 12629.57
10175.79 12625.35
10176.84 12624.01
10176.89 12617.85
10176.07 12615.75
10180.85 12605.34
10184.54 12604.14
10196.93 12594.39
10205.55 12584.38
10214.89 12573.53
10224.37 12562.52
10233.74 12551.65
10242.55 12541.41
10252.10 12530.32
10266.80 12512.75
10275.29 12502.42
10284.31 12491.45
10292.73 12481.20
10301.79 12470.19
10310.27 12459.87
10318.73 12449.57
10333.48 12431.78
10341.95 12421.74
10350.47 12411.63
10364.46 12394.53
10371.86 12384.82
10378.94 12375.53
10386.37 12365.79
10399.97 12347.83
10408.81 12337.63
10412.08 12333.98
10414.01 12331.82
10428.57 12315.00
10433.78 12308.85
10440.41 12301.02
10448.37 12291.62
10456.68 12281.81
10465.38 12271.54
10474.06 12261.28
10488.39 12244.74
10496.68 12235.24
10504.53 12226.27
10518.98 12210.52
10526.34 12202.92
10533.55 12195.49
10551.26 12175.65
10559.99 12166.28
10568.65 12156.98
10577.24 12147.76
10591.89 12131.87
10599.90 12122.96
10607.79 12114.19
10615.83 12105.25
10627.70 12092.34
10631.16 12088.65
10659.54 12058.90
10668.42 12049.82
10677.17 12040.92
10686.07 12031.87
10695.25 12022.54
10704.43 12013.21
10713.64 12003.85
10726.42 11991.84
10739.84 11980.04
10750.71 11971.15
10761.86 11962.05
10773.28 11953.38
10785.08 11944.72
10797.05 11935.93
10809.46 11927.51
10821.47 11919.88
10833.31 11912.36
10845.77 11904.45
10863.33 11894.20
10876.00 11886.92
10888.67 11879.91
10901.00 11873.98
10913.89 11867.79
10926.94 11861.53
10939.24 11855.63
10952.04 11849.48
10964.84 11843.32
10988.11 11831.71
10998.25 11826.72
11008.55 11821.47
11018.95 11816.16
11028.94 11811.07
11039.25 11805.81
11048.64 11801.24
11055.47 11798.56
11060.14 11796.72
11084.07 11768.78
11090.03 11761.50
11097.25 11753.01
11105.83 11743.47
11114.61 11733.38
11123.23 11723.46
11132.23 11713.11
11141.11 11702.90
11149.98 11692.70
11157.45 11684.11
11162.28 11678.55
11164.48 11676.02
11164.60 11675.88
11164.65 11675.84
11164.66 11675.82
11164.67 11675.81
11164.67 11675.80
11164.67 11675.80
11164.67 11675.80
11164.67 11675.80
11164.67 11675.80
11164.67 11675.80
11164.67 11675.80
11164.67 11675.80
11164.67 11675.80
11164.67 11675.80
11171.93 11667.11
11174.23 11664.22
11177.85 11659.66
11182.99 11653.18
11189.29 11645.26
11196.86 11635.73
11205.72 11624.58
11215.06 11612.83
11223.87 11601.74
11232.64 11590.70
11241.44 11579.62
11250.16 11568.65
11259.38 11557.05
11268.10 11546.08
11277.34 11534.25
11292.57 11516.75
11301.82 11506.70
11313.63 11498.75
11322.52 11489.09
11331.43 11479.42
11340.85 11469.20
11357.38 11450.71
11367.00 11440.54
11376.28 11430.75
11385.92 11420.57
11395.73 11410.22
11405.19 11400.24
11415.15 11389.71
11431.44 11372.48
11437.93 11365.46
11443.42 11359.51
11454.31 11347.97
11461.02 11340.68
11473.44 11326.85
11481.69 11317.43
11489.60 11308.41
11498.05 11298.77
11506.68 11288.92
11515.07 11279.35
11522.29 11271.11
11527.17 11265.55
11529.44 11263.09
11529.77 11262.74
11529.81 11262.69
11529.82 11262.68
11530.54 11261.93
11532.19 11260.38
11542.40 11251.18
11545.32 11248.95
11547.39 11247.44
11548.43 11246.68
11549.94 11245.58
11551.28 11244.69
11557.36 11246.39
11559.43 11249.55
11562.10 11253.64
11573.07 11269.88
11579.81 11279.69
11587.50 11290.89
11595.28 11302.21
11602.67 11312.97
11610.12 11323.82
11617.67 11334.80
11629.25 11351.35
11637.42 11362.86
11645.44 11374.16
11654.03 11386.25
11662.40 11398.05
11670.37 11409.27
11678.49 11420.71
11686.80 11432.42
11694.79 11443.68
11713.96 11468.73
11721.71 11479.78
11728.47 11489.43
11734.25 11497.67
11741.75 11502.61
11747.20 11510.39
11753.20 11518.93
11759.25 11527.57
11765.87 11537.01
11772.72 11546.84
11778.87 11555.69
11785.47 11565.18
11792.18 11574.85
11799.28 11585.05
11810.11 11600.64
11815.16 11607.95
11820.12 11615.11
11830.56 11620.42
11839.90 11614.53
11849.54 11608.45
11858.99 11602.49
11868.23 11596.66
11877.24 11590.98
11886.20 11585.33
11901.32 11575.92
11911.82 11569.45
11922.42 11562.91
11932.84 11556.49
11943.83 11549.71
11954.53 11543.12
11973.03 11531.54
11982.66 11525.45
11992.46 11519.25
12001.79 11513.35
12019.09 11502.50
12028.31 11496.77
12042.35 11488.24
12052.21 11482.43
12061.62 11476.88
12072.08 11470.72
12082.13 11464.79
12091.54 11459.25
12115.58 11444.62
12125.86 11438.22
12136.07 11431.86
12146.68 11425.26
12157.17 11418.73
12167.34 11412.40
12177.81 11405.89
12192.59 11396.65
12202.21 11390.63
12220.09 11379.54
12231.03 11372.92
12242.08 11366.24
12253.31 11359.45
12264.30 11352.16
12275.22 11345.38
12286.67 11338.28
12298.86 11330.73
12310.78 11323.65
12322.11 11316.94
12334.17 11309.80
12344.70 11303.56
12356.51 11296.56
12365.28 11291.44
12383.92 11279.97
12394.98 11273.03
12406.30 11265.93
12417.03 11259.19
12427.90 11252.36
12438.43 11245.75
12450.23 11238.35
12461.59 11231.21
12472.05 11224.64
12483.33 11217.56
12493.52 11211.16
12504.64 11204.18
12515.58 11197.31
12526.28 11190.58
12536.90 11183.91
12547.68 11177.15
12566.10 11166.07
12575.58 11160.59
12585.48 11154.86
12594.77 11149.49
12601.28 11145.72
12608.98 11141.27
12626.41 11131.84
12636.46 11126.53
12647.35 11120.79
12667.39 11111.12
12679.80 11105.49
12692.03 11099.95
12705.28 11093.97
12718.21 11088.70
12730.80 11083.57
12743.28 11078.48
12756.37 11073.15
12768.02 11068.40
12777.11 11064.70
12782.39 11062.54
12783.84 11061.95
12783.90 11061.93
12783.94 11061.91
12798.56 11057.96
12802.08 11057.55
12807.37 11056.93
12814.68 11056.08
12823.59 11055.04
12840.35 11052.65
12852.69 11050.71
12871.31 11047.77
12884.36 11045.54
12897.92 11043.21
12911.75 11040.84
12925.17 11038.55
12937.89 11034.65
12941.60 11033.34
12949.54 11042.09
12950.92 11050.99
12952.56 11061.47
12954.52 11074.05
12956.66 11087.75
12958.74 11101.08
12960.58 11112.88
12978.99 11117.09
12986.49 11116.74
12994.31 11116.38
13001.82 11116.03
13009.08 11115.70
13016.56 11115.35
