17711.82 18790.62
17712.73 18789.18
17714.35 18786.68
17717.11 18783.09
17720.97 18778.06
17725.64 18771.98
17731.42 18764.45
17738.42 18755.33
17746.47 18744.86
17754.46 18734.46
17762.74 18723.84
17770.51 18714.04
17778.37 18704.11
17786.75 18693.54
17795.15 18682.93
17803.51 18672.39
17811.62 18662.16
17819.82 18651.98
17828.22 18641.54
17836.06 18631.79
17845.17 18621.85
17853.91 18612.34
17863.17 18603.40
17872.82 18595.14
17883.06 18586.36
17892.86 18578.47
17903.51 18570.22
17914.17 18562.68
17925.37 18555.04
17935.79 18548.41
17946.63 18541.64
17957.27 18534.99
17968.32 18528.09
17978.73 18521.08
17988.94 18514.02
18000.03 18506.36
18010.47 18499.20
18029.42 18486.41
18040.52 18479.14
18051.11 18472.14
18061.67 18464.98
18071.79 18457.04
18081.57 18448.83
18091.04 18439.95
18099.84 18431.55
18109.43 18422.40
18118.42 18413.82
18126.89 18404.72
18135.11 18395.46
18143.18 18384.91
18150.61 18374.69
18157.86 18363.56
18162.93 18352.10
18166.43 18340.10
18166.59 18327.65
18165.01 18315.06
18161.88 18302.27
18158.84 18289.84
18157.24 18277.24
18156.14 18265.02
18155.46 18252.32
18157.18 18239.84
18159.04 18226.62
18160.91 18213.41
18162.65 18201.08
18164.44 18188.33
18166.26 18175.47
18168.28 18162.95
18171.07 18150.29
18173.41 18139.69
18176.45 18132.44
18191.33 18129.83
18199.60 18136.24
18209.50 18143.91
18219.36 18151.56
18229.02 18159.04
18238.50 18166.39
18247.71 18173.53
18257.58 18181.08
18266.95 18188.23
18279.35 18188.00
18285.47 18176.23
18291.71 18164.25
18297.41 18153.30
18303.30 18141.99
18309.11 18130.82
18314.83 18119.07
18319.77 18107.04
18324.59 18095.70
18330.42 18084.35
18336.71 18073.67
18344.16 18063.64
18352.82 18053.52
18362.41 18044.46
18373.51 18037.33
18385.01 18032.13
18397.05 18026.69
18408.67 18022.51
18421.60 18018.92
18434.53 18015.34
18446.52 18011.70
18458.51 18007.92
18471.11 18003.96
18483.29 18000.12
18496.17 17995.95
18508.59 17991.70
18520.91 17987.48
18533.48 17983.18
18544.45 17977.49
18552.02 17972.94
18556.45 17969.96
18561.53 17961.89
18563.93 17958.07
18574.63 17957.61
18589.19 17953.57
18600.40 17947.61
18611.59 17941.02
18622.13 17934.01
18632.51 17926.51
18642.77 17918.60
18652.62 17910.31
18662.55 17901.72
18671.91 17893.13
18681.31 17883.36
18689.56 17873.00
18695.56 17861.86
18700.04 17850.15
18703.25 17837.78
18705.11 17825.10
18704.64 17812.72
18702.61 17799.76
18699.36 17787.73
18694.75 17775.76
18689.84 17763.11
18685.14 17750.75
18680.65 17738.76
18676.10 17726.60
18671.72 17714.92
18667.35 17703.25
18662.42 17691.63
18657.03 17679.42
18651.74 17667.43
18646.59 17655.75
18641.22 17643.59
18636.78 17631.97
18632.55 17620.03
18628.01 17607.21
18623.70 17595.06
18620.88 17587.10
18618.43 17579.69
18616.27 17573.16
18613.81 17565.67
18611.11 17558.29
18608.51 17551.20
18606.95 17543.58
18607.83 17536.19
18610.04 17529.03
18613.13 17521.95
18615.69 17514.76
18617.90 17508.28
18618.57 17500.43
18616.47 17493.92
18613.84 17487.61
18611.25 17480.96
18608.60 17474.13
18605.72 17466.71
18602.92 17459.25
18600.46 17452.47
18595.42 17435.07
18593.47 17425.41
18591.25 17414.44
18588.72 17401.94
18587.75 17388.93
18587.26 17376.20
18586.78 17363.94
18586.27 17351.05
18585.76 17337.82
18585.25 17324.92
18584.74 17311.80
18584.37 17298.68
18584.45 17285.94
18584.53 17272.70
18584.62 17259.64
18584.70 17246.87
18584.78 17234.22
18584.86 17221.20
18584.64 17207.92
18581.33 17191.60
18576.53 17184.02
18578.88 17175.02
18587.90 17162.18
18589.90 17149.41
18590.17 17136.68
18589.71 17123.81
18588.82 17110.55
18586.53 17097.88
18583.82 17085.02
18581.07 17072.38
18578.39 17060.07
18575.60 17047.27
18572.84 17034.96
18570.02 17022.56
18567.08 17009.66
18564.29 16997.40
18561.57 16985.43
18558.71 16972.90
18555.89 16960.53
18553.18 16948.61
18550.64 16935.99
18549.68 16923.76
18551.18 16913.85
18552.88 16907.55
18567.57 16898.65
18577.43 16901.29
18588.83 16904.34
18600.46 16907.45
18614.81 16911.35
18626.61 16914.71
18638.64 16917.92
18650.55 16921.25
18662.92 16924.89
18675.41 16928.57
18688.29 16928.94
18700.32 16932.54
18712.30 16936.02
18724.89 16939.48
18738.90 16940.06
18755.76 16948.59
18767.35 16951.95
18778.85 16955.22
18790.61 16958.69
18802.76 16962.27
18813.78 16969.10
18825.51 16972.92
18836.85 16976.62
18848.38 16979.79
18859.75 16982.76
18872.02 16985.97
18883.60 16988.99
18895.13 16991.88
18906.88 16993.91
18914.62 16995.25
18918.76 16995.96
18919.91 16996.16
18920.26 16996.22
18920.48 16996.26
18920.48 16996.26
18920.48 16996.26
18920.48 16996.26
18920.48 16996.26
18920.48 16996.26
18921.39 16996.41
18923.49 16996.82
18935.71 16999.74
18939.92 17000.90
18946.14 17002.60
18954.18 17004.80
18963.59 17007.38
18974.09 17010.25
18984.45 17013.09
18995.01 17015.98
19023.63 17024.56
19029.08 17026.21
19034.38 17027.82
19049.72 17034.18
19060.37 17037.72
19071.41 17041.39
19081.87 17044.86
19092.19 17048.11
19102.69 17051.35
19113.52 17054.68
19124.86 17058.18
19142.49 17078.46
19141.45 17085.58
19140.61 17090.45
19139.73 17095.49
19139.30 17098.03
19139.17 17098.76
19139.17 17098.76
19139.17 17098.76
19139.17 17098.76
19139.17 17098.76
19139.17 17098.76
19139.17 17098.76
19139.17 17098.76
19139.17 17098.76
19139.17 17098.76
19139.17 17098.76
19139.17 17098.76
19139.17 17098.76
19139.17 17098.76
19139.17 17098.76
19139.17 17098.76
19139.17 17098.76
19139.17 17098.76
19139.17 17098.76
19139.17 17098.76
19137.31 17108.99
19136.62 17112.44
19135.69 17117.06
19134.45 17123.23
19132.89 17131.02
19131.85 17152.05
19129.85 17166.20
19127.62 17181.97
19125.51 17196.91
19123.28 17212.69
19121.07 17228.34
19118.92 17243.57
19116.81 17258.51
19114.60 17274.10
19112.57 17288.48
19110.37 17304.09
19108.28 17318.83
19106.51 17331.42
19104.73 17344.47
19104.65 17359.22
19107.94 17371.56
19117.58 17387.10
19127.86 17394.07
19138.83 17397.72
19149.91 17397.65
19161.12 17394.88
19171.28 17389.57
19179.73 17379.80
19184.59 17370.53
19188.21 17359.23
19192.11 17347.04
19201.40 17312.02
19205.30 17293.42
19209.50 17273.37
19214.04 17251.73
19222.31 17228.37
19227.76 17202.35
19233.11 17176.82
19238.34 17151.90
19243.58 17126.87
19248.98 17101.14
19254.17 17076.36
19259.33 17051.75
19264.49 17027.16
19269.60 17002.79
19274.75 16978.22
19279.96 16953.34
19284.92 16929.67
19290.30 16904.05
19295.58 16878.85
19300.76 16854.21
19305.95 16829.46
19311.11 16804.86
19316.44 16780.45
19322.07 16754.85
19327.47 16730.29
19332.82 16705.97
19338.09 16681.98
19343.55 16657.23
19348.04 16636.85
19351.87 16619.55
19355.79 16601.80
19360.01 16582.67
19364.59 16561.94
19369.68 16538.87
19371.58 16514.95
19377.23 16489.39
19382.71 16464.57
19388.00 16440.38
19392.93 16414.04
19397.66 16388.82
19402.72 16361.75
19409.78 16335.31
19415.25 16309.70
19420.81 16283.67
19426.46 16257.26
19431.93 16231.67
19437.55 16205.34
19443.23 16178.76
19448.91 16152.19
19454.46 16126.25
19460.15 16099.62
19465.82 16073.10
19471.32 16047.36
19479.99 15985.88
19479.95 15979.84
19479.91 15973.61
19479.83 15959.25
19478.58 15938.61
19477.33 15917.82
19476.05 15896.62
19474.83 15876.52
19473.03 15853.04
19473.55 15832.21
19474.09 15810.76
19474.65 15789.69
19477.08 15768.25
19480.68 15747.99
19485.85 15727.72
19491.88 15707.35
19499.07 15687.00
19506.70 15668.01
19516.53 15649.43
19527.64 15632.26
19539.35 15614.46
19551.69 15596.96
19565.61 15581.09
19579.66 15565.93
19594.99 15552.03
19611.47 15538.15
19628.58 15526.01
19646.99 15514.93
19665.65 15506.09
19685.08 15497.84
19704.44 15491.34
19725.00 15486.08
19745.28 15482.10
19766.05 15480.50
19786.94 15479.44
19808.16 15479.96
19829.24 15481.66
19849.60 15484.60
19869.96 15489.45
19890.08 15494.27
19924.82 15505.82
19943.23 15512.63
19962.31 15518.93
19981.48 15524.97
19999.83 15530.47
20018.55 15535.42
20037.64 15539.65
20056.87 15540.06
20076.63 15542.90
20096.23 15544.63
20115.91 15544.62
20181.45 15540.38
20203.17 15537.89
20226.55 15534.64
20251.25 15530.30
20277.00 15524.93
20302.40 15519.19
20327.78 15513.05
20352.67 15506.75
20377.62 15500.35
20402.97 15493.85
20428.28 15487.31
20453.59 15480.66
20478.66 15474.08
20504.01 15467.43
20529.62 15460.93
20554.61 15454.27
20580.09 15447.49
20604.89 15441.00
20629.84 15434.48
20654.63 15427.99
20679.22 15421.55
20703.68 15414.96
20728.19 15407.97
20753.18 15401.16
20778.80 15394.39
20803.27 15387.92
20826.03 15381.91
20845.47 15376.77
20863.28 15370.10
20878.08 15363.99
20891.94 15358.26
20905.42 15350.01
20918.84 15341.44
20930.96 15332.38
20942.69 15322.43
20953.96 15311.28
20964.61 15299.64
20974.03 15286.70
20982.71 15273.83
20989.64 15260.51
20995.99 15246.26
21002.09 15231.42
21006.53 15216.96
21010.43 15202.06
21012.90 15186.24
21013.80 15170.16
21014.67 15154.74
21014.48 15129.96
21015.01 15118.41
21015.56 15106.59
21015.92 15095.13
21015.63 15083.75
21015.34 15071.78
21013.73 15056.75
21014.02 15044.81
21014.31 15032.79
21014.62 15020.27
21015.01 15007.83
21016.48 14996.17
21018.08 14983.46
21019.67 14971.10
21022.46 14959.03
21025.16 14947.31
21028.03 14934.87
21030.83 14922.70
21033.87 14910.31
21037.05 14898.43
21040.08 14887.13
21052.52 14855.07
21055.82 14843.41
21058.74 14832.09
21060.43 14820.82
21062.21 14809.05
21063.37 14797.06
21064.11 14784.55
21064.05 14772.34
21061.63 14757.38
21058.58 14745.56
21055.03 14733.43
21050.33 14721.73
21046.42 14710.42
21043.39 14698.19
21041.13 14686.42
21040.31 14674.64
21041.48 14662.43
21044.14 14649.97
21047.17 14638.59
21050.40 14612.46
21048.70 14601.86
21045.16 14592.16
21038.78 14583.45
21030.02 14576.73
21023.82 14572.68
21020.70 14570.67
21005.03 14562.89
20998.07 14560.84
20989.22 14558.23
20979.92 14552.31
20968.13 14549.45
20956.24 14546.56
20943.60 14543.49
20931.96 14540.67
20919.83 14537.72
20907.58 14534.75
20895.02 14531.70
20882.53 14528.67
20870.73 14525.80
20858.78 14522.91
20847.17 14520.09
20834.69 14517.06
20822.98 14514.22
20810.59 14511.21
20798.39 14508.25
20786.77 14505.43
20779.03 14503.56
20775.14 14502.61
20779.75 14500.33
20786.39 14501.94
20794.26 14503.85
20804.00 14506.22
20815.26 14508.95
20827.24 14511.86
20839.57 14514.85
20852.31 14517.94
20865.05 14521.04
20876.75 14523.87
20889.46 14526.96
20901.16 14529.80
20913.61 14532.82
20925.48 14535.70
20937.23 14538.55
20949.72 14541.58
20961.31 14544.40
20973.85 14547.44
20986.24 14550.46
20998.00 14553.93
21010.40 14557.59
