10442.91 12954.99
10441.54 12954.18
10439.13 12952.76
10435.27 12950.48
10431.37 12944.34
10424.35 12940.20
10415.97 12935.59
10406.24 12930.25
10394.48 12923.84
10383.33 12917.99
10371.58 12911.81
10359.78 12907.07
10347.01 12902.82
10335.34 12900.36
10327.32 12898.67
10323.40 12897.84
10328.84 12895.62
10336.64 12897.26
10346.77 12899.40
10358.45 12903.09
10370.29 12907.40
10382.23 12913.68
10393.23 12919.46
10405.65 12922.40
10417.41 12928.84
10428.55 12935.01
10439.56 12941.51
10450.55 12948.00
10468.58 12959.13
10479.33 12965.87
10489.66 12972.36
10499.52 12978.54
10509.88 12985.02
10525.00 12993.61
10530.33 12996.44
10534.07 12998.34
10535.98 12999.31
10536.12 12999.38
10536.18 12999.41
10536.18 12999.41
10536.18 12999.41
10536.18 12999.41
10536.18 12999.41
10536.18 12999.41
10536.18 12999.41
10536.18 12999.41
10536.18 12999.41
10536.18 12999.41
10536.18 12999.41
10536.18 12999.41
10536.18 12999.41
10536.18 12999.41
10536.18 12999.41
10536.18 12999.41
10536.18 12999.41
10536.18 12999.41
10536.18 12999.41
10536.18 12999.41
10536.18 12999.41
10536.18 12999.41
10536.18 12999.41
10561.98 13014.13
10564.16 13015.33
10567.92 13017.42
10572.85 13020.18
10579.23 13023.74
10586.50 13028.09
10595.56 13033.55
10605.80 13039.77
10615.59 13045.78
10625.36 13051.77
10634.92 13057.64
10644.39 13063.45
10654.41 13069.60
10676.47 13083.06
10687.32 13089.65
10698.09 13096.19
10709.09 13102.59
10719.75 13108.80
10738.78 13119.97
10747.93 13125.41
10756.94 13130.76
10771.52 13139.40
10782.92 13146.08
10793.68 13152.38
10804.17 13158.52
10815.05 13164.90
10823.76 13173.91
10833.41 13179.62
10840.45 13183.80
10843.97 13185.89
10844.08 13185.95
10844.18 13186.01
10844.18 13186.01
10844.18 13186.01
10844.18 13186.01
10844.18 13186.01
10844.18 13186.01
10844.18 13186.01
10844.18 13186.01
10844.18 13186.01
10844.18 13186.01
10856.24 13193.10
10858.80 13194.59
10862.59 13196.80
10867.94 13199.92
10874.46 13203.72
10882.32 13208.30
10891.29 13213.53
10901.32 13219.38
10919.82 13230.60
10930.07 13237.02
10940.61 13243.22
10951.77 13249.77
10962.43 13256.04
10973.33 13262.44
10993.99 13270.71
11001.39 13275.01
11015.59 13283.33
11026.12 13289.59
11037.17 13296.15
11048.28 13302.74
11058.93 13308.91
11069.93 13315.13
11080.55 13321.14
11092.04 13327.65
11100.01 13332.15
11104.42 13334.50
11106.86 13335.73
11106.87 13335.74
11106.87 13335.74
11106.87 13335.74
11106.87 13335.74
11106.87 13335.74
11106.87 13335.74
11106.87 13335.74
11106.87 13335.74
11106.87 13335.74
11106.87 13335.74
11106.87 13335.74
11106.87 13335.74
11106.87 13335.74
11106.87 13335.74
11106.87 13335.74
11117.23 13340.88
11120.68 13342.55
11126.12 13345.18
11133.04 13348.54
11141.61 13352.69
11151.92 13357.69
11162.92 13363.03
11173.64 13368.22
11184.79 13373.63
11195.69 13378.91
11205.99 13383.91
11237.27 13399.00
11248.83 13404.68
11259.72 13410.03
11271.12 13415.63
11282.29 13421.12
11293.63 13426.69
11305.07 13432.31
11315.94 13437.67
11326.68 13443.10
11338.04 13448.85
11348.96 13454.37
11368.78 13464.44
11380.26 13470.38
11391.53 13476.22
11403.23 13482.27
11415.31 13488.26
11427.82 13493.54
11439.72 13498.95
11451.66 13504.88
11463.72 13510.88
11475.54 13516.75
11487.79 13522.84
11507.42 13532.40
11519.23 13537.74
11531.80 13543.43
11543.66 13548.79
11555.91 13554.34
11567.67 13559.66
11579.57 13565.05
11591.24 13570.33
11602.76 13575.89
11615.22 13582.16
11626.83 13588.01
11639.10 13594.18
11650.61 13599.97
11660.75 13604.67
11671.61 13608.76
11672.02 13608.85
11672.11 13608.87
11672.14 13608.87
11672.14 13608.87
11672.14 13608.87
11671.30 13612.07
11671.72 13612.15
11672.22 13612.25
11672.31 13612.27
11672.37 13612.28
11672.39 13612.28
11672.39 13612.28
11672.39 13612.28
11672.39 13612.28
11672.39 13612.28
11672.39 13612.28
11672.39 13612.28
11672.39 13612.28
11672.39 13612.28
11672.39 13612.28
11672.39 13612.28
11672.39 13612.28
11672.39 13612.28
11672.39 13612.28
11672.39 13612.28
11672.39 13612.28
11672.39 13612.28
11672.39 13612.28
11672.39 13612.28
11672.39 13612.28
11672.39 13612.28
11672.39 13612.28
11672.39 13612.28
11672.39 13612.28
11672.39 13612.28
11681.06 13623.47
11681.63 13624.26
11682.63 13625.63
11683.96 13627.46
11685.09 13629.01
11689.11 13643.08
11687.80 13652.22
11687.20 13662.70
11686.56 13674.42
11686.80 13687.91
11685.52 13706.23
11689.18 13724.49
11689.58 13744.35
11689.97 13763.80
11690.34 13782.71
11690.74 13802.55
11691.12 13821.90
11691.50 13841.16
11691.86 13859.03
11692.13 13872.47
11690.74 13885.69
11690.99 13898.64
11691.12 13905.17
11691.28 13913.21
11691.45 13921.76
11691.63 13930.39
11691.74 13936.15
11691.80 13939.26
11691.83 13940.34
11691.83 13940.75
11691.83 13940.82
11691.84 13940.88
11691.84 13940.89
11691.84 13940.89
11691.84 13940.89
11691.84 13940.89
11691.84 13940.89
11691.84 13940.89
11691.84 13940.89
11691.84 13940.89
11691.84 13940.89
11691.84 13940.89
11691.84 13940.89
11691.85 13941.86
11691.89 13943.89
11691.35 13984.45
11691.50 13987.15
11691.70 13990.75
11691.97 13995.60
11692.31 14001.70
11692.70 14008.72
11693.15 14016.72
11694.56 14053.88
11697.05 14067.40
11699.54 14080.96
11704.91 14107.98
11709.21 14125.67
11713.64 14143.91
11718.92 14161.60
11724.50 14179.43
11729.54 14195.51
11737.26 14209.33
11739.72 14218.33
11742.12 14227.11
11744.59 14236.14
11746.95 14244.80
11749.46 14253.98
11751.92 14262.98
11754.31 14271.74
11755.98 14277.56
11756.84 14280.46
11756.87 14280.57
11756.87 14280.58
11757.08 14281.29
11757.56 14282.93
11767.67 14327.33
11769.11 14333.02
11770.87 14340.02
11773.18 14349.16
11779.01 14358.80
11782.00 14370.68
11785.45 14384.38
11789.25 14399.46
11792.88 14413.87
11797.06 14430.45
11800.82 14445.38
11804.17 14458.64
11810.29 14469.44
11813.69 14482.94
11819.47 14499.14
11823.17 14513.85
11826.85 14528.46
11830.67 14543.20
11834.61 14558.12
11837.62 14569.54
11844.28 14582.50
11852.47 14586.10
11860.78 14588.28
11870.32 14588.50
11887.32 14583.34
11894.85 14576.27
11903.40 14568.23
11912.37 14559.79
11921.21 14551.48
11928.83 14544.32
11934.78 14538.72
11938.67 14535.06
11942.65 14531.33
11947.13 14527.12
11949.18 14525.19
11949.20 14525.17
11950.12 14528.84
11947.20 14531.58
11942.65 14535.86
11938.96 14543.86
11931.65 14550.73
11923.11 14558.76
11913.37 14567.91
11903.65 14577.05
11894.02 14586.11
11880.68 14599.35
11874.21 14605.89
11867.79 14612.38
11861.39 14618.86
11861.99 14644.48
11868.60 14657.89
11876.12 14672.81
11884.45 14689.33
11892.80 14705.90
11901.01 14722.17
11909.17 14738.35
11917.38 14754.63
11925.33 14770.40
11933.52 14786.64
11945.17 14805.43
11953.64 14821.63
11962.53 14838.63
11973.71 14856.45
11978.76 14866.07
11993.48 14862.58
12003.95 14856.94
12014.92 14851.02
12025.28 14845.42
12035.78 14839.76
12046.51 14833.97
12056.87 14828.26
12067.58 14822.23
12074.83 14818.15
12078.79 14815.92
12087.93 14817.85
12089.26 14820.34
12098.56 14819.90
12106.79 14815.48
12116.23 14810.51
12126.92 14804.94
12137.56 14799.38
12148.54 14793.65
12158.62 14788.39
12168.09 14783.45
12177.04 14778.77
12185.95 14774.12
12194.98 14769.41
12204.19 14764.60
12212.34 14760.35
12221.00 14755.84
12234.08 14748.37
12241.93 14743.63
12250.23 14738.63
12258.49 14733.64
12267.28 14727.65
12274.96 14721.74
12283.04 14715.52
12290.94 14702.44
12290.19 14697.03
12281.79 14685.01
12271.52 14676.75
12263.89 14664.86
12257.76 14652.48
12251.93 14640.71
12246.12 14628.98
12239.93 14616.49
12234.17 14604.86
12228.07 14592.56
12221.90 14580.10
12216.05 14568.28
12210.04 14556.13
12203.74 14543.39
12197.49 14530.76
12191.28 14518.20
12185.01 14505.52
12178.72 14492.79
12172.78 14480.80
12166.61 14468.31
12160.55 14456.07
12154.28 14443.40
12148.54 14431.79
12142.39 14419.36
