18576.16 6992.96
18576.94 6994.10
18578.88 6996.97
18581.19 7001.70
18583.86 7008.09
18587.33 7016.41
18591.54 7026.47
18596.43 7038.19
18601.31 7049.86
18606.24 7061.67
18611.13 7073.39
18612.89 7085.87
18607.56 7096.27
18599.80 7105.84
18592.25 7115.13
18584.62 7124.54
18576.83 7134.13
18569.06 7143.71
18561.36 7153.19
18553.83 7162.47
18545.93 7172.21
18537.82 7182.19
18530.14 7191.66
18522.00 7201.68
18513.90 7211.66
18506.83 7220.37
18502.22 7226.06
18504.56 7236.34
18512.37 7242.72
18520.99 7249.75
18529.40 7256.62
18538.17 7263.78
18545.37 7269.65
18550.05 7273.47
18552.27 7275.29
18552.53 7275.50
18552.55 7275.51
18552.55 7275.51
18552.55 7275.51
18552.55 7275.51
18552.55 7275.51
18552.55 7275.51
18552.55 7275.51
18552.55 7275.51
18552.55 7275.51
18552.55 7275.51
18552.55 7275.51
18552.55 7275.51
18551.69 7285.83
18549.08 7287.99
18545.12 7291.25
18539.39 7295.98
18532.19 7301.92
18523.28 7309.26
18513.99 7316.93
18504.55 7324.65
18494.48 7331.60
18484.63 7338.41
18473.42 7344.78
18461.86 7350.94
18450.11 7356.30
18437.96 7360.50
18425.60 7363.67
18413.62 7365.92
18400.72 7367.14
18388.26 7367.83
18376.09 7367.33
18363.39 7366.80
18351.32 7366.29
18338.75 7365.77
18326.73 7365.27
18314.08 7365.87
18302.04 7367.47
18290.10 7370.49
18278.05 7374.51
18265.65 7378.71
18254.11 7382.61
18242.77 7386.78
18230.70 7391.30
18218.73 7395.78
18207.30 7400.05
18194.96 7404.67
18183.13 7409.10
18171.69 7413.38
18160.34 7417.63
18148.69 7421.99
18136.92 7426.40
18125.59 7430.64
18114.30 7434.86
18093.50 7442.68
18083.67 7446.42
18074.39 7449.95
18064.49 7454.37
18055.31 7458.70
18036.12 7469.00
18025.81 7474.73
18014.96 7480.76
18004.34 7486.67
17993.99 7492.44
17983.43 7499.27
17972.84 7506.10
17962.15 7512.99
17951.69 7519.75
17941.63 7526.24
17931.29 7532.92
17921.44 7539.27
17911.31 7545.81
17901.32 7552.26
17890.79 7559.05
17880.87 7565.46
17870.61 7572.08
17860.59 7578.55
17850.71 7584.92
17840.69 7591.39
17830.62 7597.89
17812.48 7609.38
17802.44 7615.66
17791.73 7622.37
17781.30 7628.89
17770.69 7635.53
17760.82 7641.71
17750.41 7648.83
17740.74 7657.06
17731.54 7664.93
17722.40 7672.83
17713.26 7680.73
17704.38 7688.39
17695.62 7695.96
17680.21 7709.67
17671.34 7717.80
17662.71 7725.97
17653.84 7734.36
17645.47 7742.29
17637.32 7750.01
17629.00 7757.88
17620.70 7765.73
17604.85 7780.09
17596.06 7787.60
17587.19 7794.68
17578.15 7801.91
17569.34 7808.94
17560.19 7815.70
17550.36 7822.42
17531.90 7834.04
17521.83 7839.80
17511.16 7845.91
17500.53 7851.99
17490.70 7857.61
17480.97 7863.18
17465.10 7872.51
17454.96 7878.85
17444.78 7885.22
17433.74 7892.12
17423.88 7898.29
17414.23 7904.33
17404.59 7910.35
17393.87 7917.06
17383.50 7923.87
17372.94 7930.76
17362.93 7937.30
17354.10 7943.06
17345.16 7948.90
17335.61 7955.14
17325.42 7961.79
17316.64 7967.53
17307.75 7973.34
17298.89 7979.12
17290.38 7984.75
17280.40 7991.35
17270.29 7998.05
17260.02 8004.83
17250.09 8011.38
17243.29 8015.86
17239.30 8018.49
17236.12 8020.58
17235.09 8021.27
17234.21 8021.84
17233.52 8022.30
17233.49 8022.32
17233.46 8022.34
17233.45 8022.34
17233.45 8022.35
17233.45 8022.35
17233.45 8022.35
17233.45 8022.35
17233.45 8022.35
17233.45 8022.35
17233.45 8022.35
17233.45 8022.35
17233.45 8022.35
17233.45 8022.35
17233.45 8022.35
17233.45 8022.35
17233.45 8022.35
17233.45 8022.35
17233.45 8022.35
17233.45 8022.35
17233.45 8022.35
17233.45 8022.35
17233.45 8022.35
17233.45 8022.35
17233.45 8022.35
17233.45 8022.35
17233.45 8022.35
17233.45 8022.35
17233.45 8022.35
17233.45 8022.35
17233.45 8022.35
17233.45 8022.35
17233.45 8022.35
17233.45 8022.35
17233.45 8022.35
17233.45 8022.35
17233.45 8022.35
17233.45 8022.35
17233.45 8022.35
17233.45 8022.35
17233.45 8022.35
17233.45 8022.35
17233.45 8022.35
17233.45 8022.35
17233.45 8022.35
17233.45 8022.35
17233.45 8022.35
17233.45 8022.35
17233.45 8022.35
17233.45 8022.35
17233.45 8022.35
17233.45 8022.35
17233.45 8022.35
17233.45 8022.35
17233.45 8022.35
17233.45 8022.35
17233.45 8022.35
17233.45 8022.35
17233.45 8022.35
17233.45 8022.35
17233.45 8022.35
17233.45 8022.35
17233.45 8022.35
17233.45 8022.35
17232.53 8022.95
17231.09 8023.91
17228.61 8025.54
17224.92 8027.97
17220.46 8030.91
17214.63 8034.75
17218.54 8045.16
17225.29 8052.36
17232.84 8060.40
17240.92 8069.06
17248.80 8077.86
17256.66 8086.69
17262.75 8093.98
17266.28 8098.19
17262.82 8112.76
17255.34 8119.03
17246.60 8126.34
17237.62 8133.86
17228.54 8141.46
17219.63 8148.91
17210.32 8156.70
17200.97 8164.53
17191.72 8172.81
17183.34 8181.77
17176.72 8191.24
17169.69 8201.59
17162.74 8211.82
17155.71 8222.17
17148.85 8232.28
17136.66 8250.14
17129.75 8260.15
17123.19 8269.65
17116.78 8278.95
17110.03 8288.72
17103.19 8298.65
17097.42 8307.01
17091.10 8316.17
17085.62 8324.12
17073.78 8341.36
17068.17 8349.57
17061.87 8358.78
17055.79 8367.67
17050.05 8376.06
17043.51 8385.62
17037.12 8394.96
17031.03 8403.86
17017.62 8423.76
17013.18 8430.32
17007.67 8438.46
17001.21 8448.01
16995.66 8456.21
16989.86 8464.79
16983.71 8473.87
16977.37 8483.25
16971.60 8491.78
16961.40 8506.80
16955.73 8515.14
16949.11 8524.88
16943.04 8533.80
16936.91 8542.81
16931.66 8550.53
16928.67 8554.92
16925.30 8559.88
16921.95 8564.81
16917.69 8571.07
16905.79 8588.33
16898.86 8598.32
16892.04 8608.14
16885.02 8618.26
16878.04 8628.31
16871.55 8637.66
16864.45 8647.89
16857.67 8657.67
16850.89 8667.42
16850.88 8679.32
16848.33 8690.70
16849.86 8698.43
16840.99 8711.53
16831.47 8714.06
16822.70 8716.40
16817.39 8718.13
16814.96 8719.22
16802.45 8726.86
16797.64 8731.69
16791.44 8738.04
16784.21 8745.43
16775.99 8753.84
16767.92 8762.09
16760.03 8770.16
16751.49 8778.90
16742.92 8787.66
16734.58 8796.18
16726.48 8804.47
16720.48 8810.61
16717.18 8813.98
16702.95 8814.88
16696.04 8811.25
16687.93 8806.62
16678.04 8800.89
16668.45 8795.34
16658.85 8789.78
16652.46 8784.98
16649.06 8782.04
16647.95 8781.08
16647.88 8781.02
16647.83 8780.98
16647.82 8780.97
16647.82 8780.96
16647.82 8780.96
16647.82 8780.96
16647.82 8780.96
16647.82 8780.96
16647.82 8780.96
16647.82 8780.96
16647.82 8780.96
16647.82 8780.96
16647.82 8780.96
16647.82 8780.96
16642.50 8781.27
16640.28 8784.31
16636.83 8789.06
16632.74 8794.68
16628.96 8799.87
16624.68 8805.75
16620.52 8811.46
16616.83 8816.53
16613.03 8821.75
16608.98 8827.31
16604.75 8833.13
16600.86 8838.47
16596.85 8843.98
16592.85 8849.47
16589.12 8854.60
16584.89 8860.42
16580.51 8866.44
16576.13 8872.47
16571.96 8878.20
16568.11 8883.48
16563.95 8889.20
16559.80 8894.91
16555.80 8900.41
16552.02 8905.60
16547.93 8911.22
16534.37 8929.80
16530.80 8934.97
16527.06 8940.40
16523.42 8945.67
16519.73 8951.02
16515.74 8956.80
16512.11 8962.23
16508.41 8967.82
16504.97 8973.01
16501.44 8978.34
16497.63 8984.10
16493.91 8989.72
16490.43 8994.98
16486.71 9000.61
16476.93 9014.19
16473.09 9019.02
16469.05 9024.10
16464.74 9029.54
16460.54 9034.83
16456.85 9039.48
16452.70 9044.71
16448.66 9049.79
16440.68 9060.27
16437.03 9065.66
16433.09 9071.49
16429.49 9076.81
16425.47 9082.75
16421.80 9088.18
16418.22 9093.47
16414.19 9099.43
16410.49 9104.90
16406.64 9110.59
16402.76 9116.32
16399.22 9121.55
