15620.17 17924.75
15618.66 17926.40
15615.41 17929.93
15610.99 17934.76
15604.97 17941.32
15597.38 17949.58
15588.90 17958.82
15578.80 17969.83
15568.83 17980.69
15558.89 17991.52
15549.39 18001.87
15539.84 18012.28
15530.49 18024.21
15522.31 18036.35
15514.30 18048.23
15506.18 18060.29
15497.86 18071.81
15488.56 18083.13
15479.45 18094.23
15469.90 18105.86
15461.12 18118.29
15453.14 18129.90
15444.54 18142.42
15436.03 18154.28
15426.87 18165.51
15417.90 18177.13
15409.25 18188.98
15400.88 18200.45
15392.84 18211.42
15384.59 18222.59
15377.12 18232.70
15370.25 18242.00
15363.13 18251.64
15356.03 18261.24
15349.39 18270.23
15342.29 18279.98
15335.69 18290.00
15329.91 18299.64
15320.37 18309.14
15302.23 18309.11
15295.90 18305.99
15288.63 18302.17
15281.46 18298.39
15273.98 18294.44
15267.84 18290.65
15257.58 18276.97
15257.68 18264.68
15261.52 18252.19
15265.86 18239.59
15270.15 18226.94
15274.90 18214.57
15280.19 18202.42
15285.60 18189.98
15290.26 18178.01
15294.56 18165.65
15294.45 18156.80
15291.43 18152.50
15288.46 18130.03
15292.39 18121.69
15297.23 18111.39
15302.70 18099.77
15308.74 18086.94
15314.61 18074.48
15317.68 18060.22
15323.64 18047.54
15329.42 18034.13
15335.05 18020.72
15340.65 18007.37
15345.89 17994.89
15351.11 17982.47
15356.39 17969.89
15361.66 17957.33
15366.90 17944.85
15372.28 17932.03
15377.79 17918.91
15383.04 17906.42
15388.53 17893.34
15394.18 17879.87
15405.27 17859.24
15410.26 17845.88
15414.89 17832.51
15419.91 17818.99
15425.53 17806.61
15431.16 17794.23
15436.87 17781.96
15442.94 17769.01
15448.91 17756.30
15455.00 17743.31
15460.66 17731.24
15466.21 17718.67
15471.57 17705.40
15476.68 17692.73
15481.53 17680.70
15484.80 17672.59
15486.50 17668.38
15486.83 17667.57
15492.43 17653.40
15493.41 17650.68
15494.91 17646.54
15497.00 17640.80
15499.43 17634.08
15502.43 17625.82
15506.06 17616.44
15510.37 17606.41
15514.95 17595.72
15523.50 17575.84
15526.91 17567.89
15530.80 17559.50
15534.95 17551.76
15544.22 17532.50
15547.86 17524.23
15551.74 17515.37
15561.88 17484.04
15565.57 17471.13
15569.05 17458.96
15572.79 17445.86
15576.40 17433.24
15580.13 17420.17
15583.84 17407.20
15586.98 17394.32
15589.90 17381.59
15592.92 17368.48
15595.87 17355.64
15598.88 17342.83
15602.17 17329.97
15606.97 17310.87
15607.86 17307.36
15608.35 17305.53
15608.40 17305.34
15608.42 17305.26
15610.61 17297.27
15611.82 17293.04
15613.46 17287.34
15615.71 17279.48
15618.52 17269.64
15621.99 17257.53
15625.80 17244.21
15629.58 17231.04
15633.35 17217.87
15637.21 17204.39
15641.23 17190.35
15645.25 17176.29
15649.15 17162.67
15653.08 17148.95
15658.72 17127.91
15662.59 17114.73
15666.76 17101.13
15670.91 17087.62
15675.06 17075.00
15679.36 17062.02
15683.55 17049.35
15687.40 17036.05
15691.32 17022.45
15696.09 17003.79
15709.79 16937.39
15712.84 16926.97
15715.98 16916.28
15719.11 16905.61
15722.03 16895.62
15725.07 16885.27
15728.09 16875.14
15731.22 16864.97
15734.94 16855.29
15739.64 16845.52
15744.65 16835.78
15749.76 16826.88
15756.03 16818.09
15762.44 16810.01
15769.17 16801.66
15778.58 16787.64
15781.65 16782.41
15783.38 16779.35
15783.66 16778.86
15783.70 16778.79
15783.72 16778.76
15783.72 16778.74
15783.73 16778.74
15783.73 16778.74
15782.29 16773.06
15779.14 16770.98
15774.14 16767.72
15767.46 16763.43
15758.90 16757.93
15749.01 16751.58
15737.70 16744.71
15725.09 16736.44
15713.00 16729.10
15700.09 16721.21
15687.41 16713.36
15674.85 16705.62
15663.08 16698.01
15650.78 16689.40
15639.46 16679.83
15629.09 16670.48
15618.33 16659.98
15607.78 16649.14
15598.27 16638.99
15588.23 16627.74
15578.84 16617.22
15569.37 16606.60
15559.60 16595.65
15550.29 16585.22
15540.64 16574.40
15530.96 16563.56
15521.56 16553.05
15512.05 16542.42
15502.18 16531.38
15492.53 16520.59
15482.98 16509.92
15473.16 16498.94
15463.81 16488.49
15453.83 16477.32
15443.98 16466.31
15434.53 16455.75
15424.92 16445.00
15415.37 16434.58
15405.47 16423.81
15395.94 16413.46
15386.44 16403.13
15377.05 16392.92
15367.31 16381.89
15357.63 16370.79
15347.69 16359.39
15338.32 16348.65
15328.27 16337.50
15318.44 16326.68
15308.69 16315.95
15298.59 16304.83
15288.53 16293.76
15279.10 16283.38
15269.68 16273.01
15259.48 16263.28
15248.97 16253.35
15237.83 16243.79
15226.19 16234.63
15214.82 16225.83
15202.71 16216.90
15190.11 16208.50
15177.69 16200.83
15165.01 16193.65
15152.63 16187.18
15139.23 16180.35
15126.73 16173.97
15105.30 16162.73
15096.44 16158.01
15087.62 16153.29
15067.81 16142.25
15059.03 16137.27
15045.44 16127.66
15031.28 16119.60
15015.30 16110.51
14997.92 16100.62
14980.83 16090.90
14963.16 16080.85
14945.40 16070.75
14927.44 16060.53
14911.05 16047.41
14893.70 16037.46
14876.60 16027.62
14855.89 16015.72
14835.36 16003.15
14821.11 15994.26
14802.64 15983.14
14784.83 15973.39
14767.45 15963.87
14749.90 15954.26
14732.20 15944.37
14709.89 15931.74
14694.75 15923.18
14679.92 15914.80
14656.63 15902.96
14640.72 15894.91
14624.05 15885.74
14608.44 15877.15
14592.07 15868.15
14575.64 15859.11
14559.56 15850.26
14543.66 15841.14
14527.26 15831.52
14514.17 15823.85
14504.12 15817.96
14497.63 15814.16
14493.48 15811.31
14491.50 15810.04
14491.37 15809.95
14491.12 15809.79
14491.11 15809.78
14491.09 15809.77
14491.09 15809.77
14491.09 15809.77
14491.09 15809.77
14491.09 15809.77
14491.09 15809.77
14491.09 15809.77
14491.09 15809.77
14491.09 15809.77
14491.09 15809.77
14491.09 15809.77
14491.09 15809.77
14491.09 15809.77
14491.09 15809.77
14491.09 15809.77
14491.09 15809.77
14491.09 15809.77
14491.09 15809.77
14491.09 15809.77
14491.09 15809.77
14491.09 15809.77
14491.09 15809.77
14491.09 15809.77
14491.09 15809.77
14491.09 15809.77
14491.09 15809.77
14491.09 15809.77
14491.09 15809.77
14489.97 15809.04
14487.13 15807.21
14473.47 15798.25
14470.04 15795.96
14465.62 15793.01
14460.97 15789.90
14455.34 15785.88
14448.81 15781.15
14432.46 15768.48
14422.28 15760.27
14411.87 15751.89
14401.04 15743.16
14390.74 15734.86
14379.85 15726.08
14369.26 15717.36
14358.34 15708.38
14347.83 15699.73
14337.23 15691.00
14326.87 15681.90
14316.79 15671.99
14302.11 15657.56
14292.74 15648.36
14283.40 15639.19
14273.68 15629.64
14264.91 15621.04
14255.53 15611.83
14246.48 15603.17
14230.55 15587.92
14222.00 15579.18
14213.59 15570.59
14205.18 15562.00
14196.14 15552.75
14187.69 15544.12
14178.60 15534.83
14170.40 15526.45
14161.52 15517.38
14153.72 15507.19
14146.48 15495.82
14140.28 15479.72
14131.84 15454.19
14128.88 15444.29
14125.87 15434.25
14123.03 15424.74
14120.20 15414.49
14113.28 15389.96
14110.67 15381.32
14108.14 15372.94
14103.53 15356.55
14100.91 15344.99
14098.40 15333.98
14095.61 15322.56
14090.01 15297.34
14087.85 15284.94
14085.81 15273.19
14083.83 15261.75
14081.39 15249.64
14078.63 15237.53
14076.66 15229.04
14075.41 15223.68
14074.94 15221.66
14074.90 15221.49
14074.90 15221.46
14074.90 15221.46
14074.90 15221.46
14074.90 15221.45
14074.90 15221.45
14074.90 15221.45
14074.90 15221.45
14074.90 15221.45
14074.90 15221.45
14074.90 15221.45
14074.90 15221.45
14074.90 15221.45
14074.64 15220.34
14073.97 15217.49
14073.70 15216.31
14091.40 15209.24
14095.75 15208.90
14102.03 15208.41
14108.66 15207.89
14114.75 15207.41
14120.98 15206.92
14127.59 15206.40
14133.89 15205.91
14138.87 15205.52
14144.25 15196.92
14144.02 15188.97
14143.80 15181.57
14143.55 15173.38
14143.33 15165.95
14143.08 15157.65
14142.83 15149.24
14142.58 15140.84
14142.35 15133.42
14142.10 15125.06
14141.87 15117.08
14141.65 15109.75
14141.48 15104.22
14140.30 15087.29
14139.55 15079.37
14138.86 15072.06
14138.13 15064.37
14137.34 15056.04
14136.65 15048.71
14135.93 15041.09
14135.16 15032.93
14134.36 15024.47
14133.63 15016.82
14132.91 15009.21
14132.22 15001.84
14131.49 14994.15
14138.37 14985.22
14146.31 14983.14
14153.63 14981.23
14161.73 14979.12
14169.38 14977.12
14176.81 14975.17
14184.34 14973.21
14191.67 14971.29
14199.08 14969.36
14206.67 14967.37
14213.87 14965.49
14222.24 14963.29
14230.28 14961.00
14237.86 14958.84
14245.05 14956.79
14253.32 14954.44
14261.41 14952.13
14268.81 14950.03
14276.28 14947.90
14284.30 14945.62
