9852.17 22623.78
9853.33 22621.83
9855.27 22618.57
9858.04 22613.92
9861.89 22607.45
9866.56 22599.59
9872.32 22589.93
9879.04 22578.63
9877.80 22587.17
9871.22 22598.24
9864.36 22609.76
9858.67 22619.31
9854.84 22625.76
9841.80 22626.35
9833.84 22621.83
9824.56 22616.56
9806.84 22606.44
9797.71 22601.16
9789.03 22596.15
9782.01 22592.09
9777.72 22589.60
9768.42 22596.18
9765.23 22603.95
9758.19 22611.99
9753.83 22622.01
9749.62 22632.19
9745.57 22642.84
9740.93 22652.88
9736.02 22663.51
9731.44 22673.40
9721.27 22696.35
9717.11 22705.18
9713.04 22713.83
9705.07 22727.51
9700.41 22738.34
9695.65 22749.82
9690.94 22761.19
9686.28 22772.43
9682.00 22782.60
9678.83 22789.76
9677.13 22793.59
9658.29 22792.18
9651.43 22788.93
9643.51 22785.16
9634.26 22780.77
9623.43 22775.63
9613.20 22769.64
9602.63 22763.28
9592.79 22757.36
9582.67 22751.27
9564.69 22739.85
9554.01 22732.81
9543.65 22725.98
9533.01 22718.96
9522.39 22711.82
9511.74 22704.65
9501.64 22697.86
9491.57 22691.08
9480.93 22683.92
9470.83 22677.17
9459.80 22669.88
9449.56 22663.12
9441.92 22658.07
9437.75 22655.31
9433.28 22638.99
9436.20 22634.28
9439.07 22629.65
9440.52 22627.31
9447.72 22615.83
9451.92 22609.21
9457.20 22600.90
9462.62 22590.90
9465.97 22579.71
9465.31 22567.64
9461.62 22556.11
9457.26 22549.07
9454.62 22545.59
9425.83 22518.44
9418.56 22513.44
9410.16 22507.66
9399.74 22500.49
9387.94 22492.37
9374.85 22483.36
9360.57 22473.53
9345.12 22462.90
9329.65 22452.40
9314.37 22442.40
9298.71 22432.14
9283.46 22422.15
9267.37 22411.61
9251.87 22401.45
9235.60 22391.31
9219.90 22381.55
9204.15 22371.76
9188.54 22362.05
9172.79 22352.25
9157.43 22342.70
9141.04 22332.51
9125.66 22322.94
9110.29 22313.39
9094.25 22304.23
9077.47 22294.66
9061.46 22285.53
9045.20 22276.26
9029.30 22267.20
9012.76 22257.77
8997.34 22248.98
8985.42 22242.33
8973.85 22236.25
8961.87 22229.96
8949.84 22223.64
8937.90 22217.37
8925.59 22210.90
8913.43 22204.52
8901.64 22198.34
8889.60 22192.10
8878.17 22186.18
8866.79 22180.29
8854.77 22174.09
8843.26 22168.33
8831.29 22162.33
8819.12 22156.24
8807.34 22150.35
8795.20 22144.27
8783.67 22138.19
8771.53 22131.48
8759.61 22124.89
8747.52 22118.22
8736.08 22111.89
8726.56 22102.79
8715.27 22096.47
8679.04 22076.47
8668.48 22070.16
8658.20 22064.02
8647.85 22057.84
8637.42 22051.43
8627.34 22043.63
8617.14 22035.73
8607.70 22028.42
8598.25 22021.02
8589.50 22012.73
8580.16 22003.88
8571.76 21994.98
8563.64 21985.10
8556.49 21975.24
8551.16 21964.51
8545.56 21952.53
8541.01 21940.10
8536.47 21927.68
8532.60 21914.86
8530.56 21902.20
8528.50 21889.37
8527.29 21876.25
8526.98 21863.03
8526.67 21849.97
8526.92 21836.81
8529.71 21823.92
8532.40 21811.49
8535.64 21798.95
8540.89 21787.04
8546.11 21775.18
8552.34 21763.62
8559.66 21751.88
8566.73 21740.54
8581.62 21723.81
8590.90 21715.86
8600.15 21707.93
8610.29 21701.37
8620.87 21694.67
8631.51 21687.94
8642.84 21682.32
8654.84 21677.87
8664.01 21674.47
8670.41 21672.69
8673.59 21671.81
8713.95 21660.72
8721.62 21658.70
8730.73 21656.31
8741.42 21652.93
8753.10 21648.54
8766.57 21642.86
8779.85 21636.52
8793.39 21629.59
8805.15 21620.87
8816.40 21611.98
8827.40 21602.46
8837.56 21592.62
8847.73 21581.43
8857.16 21570.77
8866.89 21559.77
8876.47 21548.65
8885.87 21537.72
8895.30 21526.77
8925.72 21489.94
8936.14 21476.06
8947.62 21460.76
8960.65 21443.40
8974.67 21424.71
8989.78 21404.59
9006.17 21382.74
9023.21 21360.04
9040.41 21337.53
9057.51 21315.68
9074.70 21293.71
9092.22 21271.32
9109.37 21249.20
9125.58 21223.03
9142.31 21201.47
9158.90 21180.08
9174.90 21159.47
9189.75 21139.52
9201.88 21122.92
9214.30 21105.13
9226.73 21088.05
9238.63 21070.96
9250.82 21053.99
9263.43 21036.78
9284.42 21004.53
9295.29 20986.58
9305.29 20968.00
9313.64 20949.73
9320.55 20929.86
9324.49 20909.80
9326.78 20888.73
9327.23 20867.90
9325.63 20846.73
9323.27 20825.88
9319.17 20805.77
9313.94 20785.42
9307.98 20765.87
9301.21 20746.61
9293.69 20727.74
9284.20 20709.05
9272.93 20692.11
9260.01 20676.28
9244.80 20662.02
9227.84 20649.71
9211.28 20638.07
9193.85 20627.17
9175.59 20617.60
9157.29 20608.31
9139.16 20599.10
9120.26 20589.47
9102.22 20580.03
9084.39 20570.71
9065.77 20560.98
9047.66 20551.50
9029.23 20542.01
8975.28 20515.54
8953.05 20505.66
8929.22 20495.57
8903.16 20484.62
8877.54 20473.69
8851.44 20461.88
8825.62 20450.18
8800.37 20438.75
8774.78 20427.17
8748.86 20415.42
8723.18 20403.85
8697.57 20392.42
8672.34 20381.17
8647.12 20369.92
8621.90 20358.67
8596.50 20347.34
8570.76 20335.80
8545.52 20324.34
8519.44 20312.50
8494.39 20301.13
8468.73 20289.48
8442.64 20277.64
8416.58 20265.81
8390.73 20254.08
8365.43 20242.59
8339.81 20230.96
8313.69 20219.10
8287.71 20207.31
8262.01 20195.65
8236.32 20183.98
8210.39 20172.22
8185.27 20160.84
8159.09 20148.99
8133.65 20137.47
8107.94 20125.84
8082.27 20114.22
8057.11 20102.84
8031.88 20091.42
8006.38 20079.88
7980.51 20068.17
7955.45 20056.83
7930.36 20045.48
7905.17 20034.08
7879.23 20022.34
7853.14 20010.53
7827.12 19998.38
7801.51 19986.39
7775.75 19974.33
7750.56 19962.53
7724.65 19950.40
7699.72 19938.72
7674.52 19926.92
7649.22 19913.65
7624.81 19900.08
7600.27 19886.43
7575.35 19872.58
7550.95 19859.01
7526.91 19845.65
7502.62 19831.23
7479.45 19816.22
7455.99 19801.01
7431.98 19785.42
7408.70 19768.72
7385.52 19752.10
7362.63 19735.68
7339.58 19718.60
7317.70 19700.79
7295.49 19682.71
7273.85 19665.09
7252.10 19647.33
7230.72 19629.84
7209.38 19611.21
7188.93 19591.94
7168.71 19572.88
7148.65 19553.97
7129.11 19533.84
7109.68 19513.06
7090.79 19492.85
7071.14 19471.83
7051.60 19450.93
7033.37 19429.02
7015.72 19407.63
6997.54 19385.60
6980.50 19363.56
6963.42 19341.10
6946.24 19318.05
6930.13 19295.69
6913.76 19272.95
6897.21 19249.47
6881.29 19225.63
6865.66 19201.73
6850.79 19177.54
6836.63 19153.82
6822.68 19129.98
6808.37 19105.53
6792.16 19079.16
6779.22 19054.35
6766.28 19029.54
6754.52 19007.01
6744.54 18987.89
6736.60 18972.67
6729.91 18960.76
6723.26 18948.45
6715.53 18932.07
6707.09 18918.22
6698.71 18904.48
6690.02 18890.23
6681.67 18876.52
6673.58 18863.25
6666.02 18846.10
6656.84 18832.91
6647.89 18820.05
6638.64 18806.76
6628.15 18790.19
6622.16 18778.82
6615.72 18766.76
6609.29 18754.72
6604.28 18730.93
6604.29 18730.84
6604.30 18730.79
6611.63 18720.58
6618.42 18716.75
6627.08 18711.87
6636.84 18706.38
6648.42 18696.11
6657.51 18691.13
6667.30 18685.77
6677.18 18680.37
6685.48 18675.83
6690.67 18672.99
6692.75 18671.85
6719.50 18660.01
6721.68 18658.70
6724.69 18656.89
6728.58 18654.56
6731.18 18653.00
6732.53 18652.19
6743.21 18646.03
6749.01 18643.02
6756.74 18639.02
6766.43 18633.99
6778.03 18627.98
6789.11 18622.23
6800.08 18616.54
6811.86 18610.44
6824.94 18601.86
6836.33 18596.03
6847.29 18590.42
6858.48 18584.69
6869.48 18579.06
6880.57 18573.34
6900.18 18563.98
6911.44 18558.98
6923.21 18553.77
6935.20 18548.45
6947.17 18543.14
6958.61 18538.06
6970.16 18532.94
6981.67 18527.84
6993.65 18522.53
