12900.66 21272.64
12899.21 21272.66
12895.64 21272.71
12890.19 21272.79
12882.24 21272.91
12871.99 21273.06
12860.45 21273.24
12847.13 21273.67
12833.47 21274.11
12819.84 21274.55
12806.25 21274.99
12791.71 21275.47
12778.24 21275.90
12764.39 21276.35
12750.68 21276.79
12737.21 21277.23
12722.62 21277.70
12708.25 21278.13
12694.50 21278.53
12681.15 21278.92
12667.06 21279.33
12653.01 21279.74
12639.06 21280.14
12625.64 21280.68
12611.19 21281.69
12594.43 21285.67
12580.37 21286.18
12566.89 21286.68
12552.77 21287.19
12539.25 21287.68
12511.74 21284.13
12510.21 21283.65
12509.22 21283.34
12508.68 21283.17
12508.63 21283.15
12508.60 21283.14
12503.53 21278.85
12504.51 21276.48
12505.84 21273.25
12507.57 21269.05
12509.81 21263.64
12515.07 21250.89
12519.25 21240.78
12525.86 21224.76
12532.49 21208.72
12539.97 21190.93
12547.94 21172.26
12555.81 21153.81
12563.81 21135.08
12571.90 21116.11
12579.61 21098.05
12587.27 21080.10
12595.26 21061.38
12602.99 21042.27
12610.42 21023.74
12617.80 21005.32
12625.24 20986.76
12632.55 20968.51
12640.20 20949.42
12647.65 20930.83
12655.19 20911.65
12662.34 20893.21
12669.80 20873.99
12674.49 20851.05
12680.96 20832.87
12687.42 20815.22
12693.82 20797.54
12699.65 20780.35
12708.80 20754.74
12712.17 20745.78
12720.19 20722.41
12724.13 20710.98
12727.07 20702.46
12729.08 20696.90
12730.05 20694.26
12730.06 20694.22
12730.06 20694.22
12730.06 20694.22
12730.06 20694.22
12730.06 20694.22
12730.06 20694.22
12730.06 20694.22
12730.06 20694.22
12730.06 20694.22
12730.06 20694.22
12730.06 20694.22
12730.06 20694.22
12730.06 20694.22
12730.06 20694.22
12730.06 20694.22
12730.06 20694.22
12730.06 20694.22
12730.06 20694.22
12730.06 20694.22
12730.06 20694.22
12730.06 20694.22
12730.06 20694.22
12730.06 20694.22
12730.06 20694.22
12730.06 20694.22
12730.06 20694.22
12730.06 20694.22
12730.06 20694.22
12730.06 20694.22
12730.06 20694.22
12730.06 20694.22
12730.06 20694.22
12730.06 20694.22
12730.06 20694.22
12730.06 20694.22
12730.06 20694.22
12730.06 20694.22
12730.06 20694.22
12730.06 20694.22
12730.06 20694.22
12730.06 20694.22
12730.06 20694.22
12730.06 20694.22
12730.06 20694.22
12730.06 20694.22
12730.06 20694.22
12730.06 20694.22
12730.06 20694.22
12730.06 20694.22
12730.06 20694.22
12730.06 20694.22
12730.06 20694.22
12730.06 20694.22
12730.06 20694.22
12730.06 20694.22
12730.06 20694.22
12730.06 20694.22
12730.06 20694.22
12730.06 20694.22
12730.06 20694.22
12730.06 20694.22
12730.06 20694.22
12730.06 20694.22
12730.06 20694.22
12730.06 20694.22
12730.06 20694.22
12730.06 20694.22
12730.06 20694.22
12730.06 20694.22
12730.06 20694.22
12730.06 20694.22
12730.06 20694.22
12730.06 20694.22
12730.06 20694.22
12730.06 20694.22
12730.06 20694.22
12730.06 20694.22
12730.06 20694.22
12730.06 20694.22
12730.06 20694.22
12730.06 20694.22
12730.06 20694.22
12730.06 20694.22
12730.06 20694.22
12730.06 20694.22
12730.06 20694.22
12730.06 20694.22
12730.06 20694.22
12730.06 20694.22
12730.06 20694.22
12730.06 20694.22
12730.06 20694.22
12742.03 20670.42
12743.03 20667.49
12744.44 20663.37
12746.26 20658.03
12748.41 20651.68
12751.22 20643.36
12754.45 20633.81
12758.11 20622.99
12761.85 20611.93
12771.30 20584.25
12775.63 20571.56
12780.25 20558.03
12784.26 20544.67
12788.21 20530.81
12791.91 20517.85
12795.65 20504.73
12799.29 20491.97
12804.43 20478.69
12810.38 20466.01
12816.12 20453.77
12821.80 20441.82
12827.77 20429.97
12833.80 20418.01
12840.20 20405.33
12846.91 20392.58
12853.40 20380.66
12860.03 20368.49
12866.85 20355.98
12873.19 20344.34
12879.55 20332.67
12885.91 20320.98
12892.60 20308.71
12899.08 20296.80
12905.62 20284.95
12912.32 20273.56
12919.53 20261.46
12926.85 20249.18
12933.91 20237.34
12939.44 20221.62
12945.95 20210.70
12952.63 20199.48
12959.32 20188.19
12965.36 20177.79
12969.12 20170.64
12971.29 20166.50
12971.61 20165.92
12971.80 20165.56
12971.81 20165.53
12971.82 20165.52
12980.36 20156.55
12982.38 20152.82
12985.29 20148.08
12988.78 20142.22
12992.91 20135.26
12997.70 20127.21
13003.62 20117.33
13010.26 20106.20
13017.09 20094.74
13024.45 20082.39
13031.27 20070.95
13038.65 20058.57
13045.70 20046.73
13052.93 20034.61
13059.89 20022.67
13066.75 20010.71
13072.89 19999.61
13082.75 19981.57
13089.85 19969.09
13096.40 19957.56
13103.09 19945.79
13109.98 19933.69
13117.04 19921.53
13123.98 19909.76
13131.19 19897.54
13138.10 19885.83
13144.72 19874.50
13151.30 19863.12
13157.13 19846.81
13163.57 19834.81
13168.73 19822.64
13173.87 19809.95
13179.09 19797.04
13184.15 19784.28
13189.24 19771.27
13194.10 19759.20
13199.37 19746.47
13204.61 19733.80
13209.55 19721.84
13208.35 19703.04
13206.36 19693.66
13203.21 19674.19
13202.91 19660.58
13202.61 19646.73
13202.32 19633.69
13202.03 19620.15
13201.74 19606.85
13201.46 19593.78
13201.16 19580.42
13200.88 19567.40
13200.61 19554.86
13200.42 19546.07
13200.30 19540.85
13192.88 19535.24
13184.66 19535.18
13174.79 19535.11
13163.04 19535.03
13150.14 19534.94
13137.06 19534.85
13124.28 19534.76
13114.69 19534.69
13109.21 19534.65
13106.62 19534.46
13106.16 19534.41
13105.93 19534.39
13105.89 19534.39
13100.62 19525.36
13101.33 19522.28
13102.43 19517.56
13103.86 19511.35
13105.57 19503.97
13107.48 19495.74
13109.25 19488.11
13111.12 19480.01
13112.84 19472.60
13114.74 19464.36
13116.64 19456.19
13118.31 19448.95
13120.18 19440.88
13122.04 19432.86
13123.71 19425.65
13125.39 19418.39
13127.19 19410.64
13128.97 19402.95
13130.65 19395.69
13132.33 19388.43
13133.88 19381.72
13135.69 19373.90
13137.35 19366.75
13138.95 19359.84
13140.36 19353.74
13143.25 19341.25
13144.51 19335.82
13145.92 19329.71
13147.21 19324.11
13150.77 19308.72
13152.15 19302.71
13153.71 19295.99
13155.30 19289.11
13157.00 19281.75
13158.39 19275.74
13159.56 19270.68
13160.85 19265.10
13163.72 19252.70
13165.31 19245.80
13166.76 19239.53
13168.18 19233.36
13169.58 19227.31
13171.08 19220.82
13172.56 19214.42
13173.56 19210.09
13174.83 19204.58
13180.06 19179.47
13181.57 19170.87
13183.31 19160.84
13185.27 19149.65
13187.34 19137.77
13189.36 19126.16
13191.30 19115.08
13192.55 19107.91
13194.05 19102.08
13195.03 19098.28
13191.65 19090.29
13192.11 19084.84
13197.48 19074.31
13197.64 19062.81
13197.82 19050.12
13198.00 19037.13
13198.60 19014.47
13199.28 19002.07
13199.95 18989.73
13202.01 18977.30
13204.36 18965.35
13206.67 18953.55
13210.96 18930.44
13211.44 18918.68
13211.69 18906.13
13211.93 18894.18
13212.17 18881.77
13215.74 18860.10
13219.41 18847.36
13223.67 18833.96
13228.14 18820.62
13232.54 18807.49
13236.58 18795.42
13241.41 18782.59
13248.81 18771.53
13256.25 18760.41
13263.42 18749.69
13272.52 18741.53
13278.46 18736.22
13279.77 18732.51
13281.34 18727.89
13280.57 18721.73
13280.44 18721.64
13280.29 18721.53
13280.25 18721.50
13280.23 18721.49
13280.23 18721.49
13280.23 18721.49
13280.23 18721.49
13280.23 18721.49
13280.23 18721.49
13280.23 18721.49
13280.23 18721.49
13280.23 18721.49
13280.23 18721.49
13280.23 18721.49
13280.23 18721.49
13280.23 18721.49
13280.23 18721.49
13280.23 18721.49
13280.23 18721.49
13280.23 18721.49
13280.23 18721.49
13280.23 18721.49
13280.23 18721.49
13280.23 18721.49
13280.23 18721.49
13280.23 18721.49
13280.23 18721.49
13280.23 18721.49
13280.23 18721.49
13280.23 18721.49
13280.23 18721.49
13280.23 18721.49
13280.23 18721.49
13280.23 18721.49
13280.23 18721.49
13280.23 18721.49
13280.23 18721.49
13280.23 18721.49
13280.23 18721.49
13280.23 18721.49
13280.23 18721.49
13280.23 18721.49
13280.23 18721.49
13280.23 18721.49
13280.23 18721.49
13280.23 18721.49
13280.23 18721.49
13279.99 18721.24
13279.58 18720.63
13271.05 18717.10
13264.59 18714.70
13255.76 18711.47
13244.73 18707.50
13231.68 18702.79
13218.14 18697.91
13204.45 18692.97
13191.38 18688.26
13177.91 18683.56
13164.36 18678.99
13151.57 18674.67
13138.39 18670.22
13125.30 18665.80
13112.52 18661.49
13098.82 18656.10
13087.21 18651.18
13079.45 18647.90
13071.76 18644.64
13064.28 18641.46
13056.89 18638.33
13049.19 18635.06
13041.21 18631.68
13033.11 18628.25
13025.42 18624.99
13017.58 18621.66
