18543.10 11840.19
18543.19 11840.50
18543.79 11842.77
18544.85 11846.75
18546.31 11852.22
18548.33 11859.81
18550.77 11868.98
18554.58 11879.84
18570.97 11924.23
18574.61 11939.12
18578.20 11953.85
18582.83 11966.84
18588.98 11980.03
18595.25 11991.97
18603.34 12001.62
18611.64 12010.38
18621.16 12018.53
18631.77 12025.41
18643.35 12030.95
18654.34 12036.21
18664.99 12041.84
18674.85 12048.93
18683.86 12057.58
18691.96 12067.41
18697.73 12078.59
18700.36 12089.70
18702.16 12102.02
18701.72 12114.21
18699.71 12125.98
18696.25 12138.07
18689.98 12147.98
18682.42 12157.08
18673.29 12165.41
18662.20 12172.30
18650.57 12177.54
18638.83 12180.59
18627.16 12181.54
18614.58 12181.48
18602.19 12180.70
18589.86 12179.45
18578.37 12177.27
18566.49 12174.83
18554.10 12172.30
18541.50 12169.72
18528.86 12167.13
18517.52 12164.81
18505.08 12162.27
18492.15 12159.62
18468.43 12153.04
18457.63 12150.91
18446.77 12148.66
18435.86 12149.78
18424.19 12147.30
18411.72 12144.64
18399.74 12142.09
18387.97 12139.49
18375.97 12136.58
18363.57 12133.56
18350.86 12130.48
18331.01 12127.14
18318.57 12126.31
18306.51 12125.51
18294.64 12124.69
18283.32 12123.91
18270.08 12123.54
18258.24 12123.56
18246.13 12124.52
18234.16 12126.11
18222.00 12127.71
18210.60 12129.30
18198.88 12132.91
18186.86 12136.61
18175.16 12140.18
18164.07 12143.51
18152.52 12148.14
18141.65 12152.95
18130.33 12158.20
18119.12 12163.39
18025.34 12227.33
18022.43 12229.87
18019.09 12232.77
18015.72 12235.71
18012.24 12238.74
18008.81 12241.73
18005.49 12244.63
17996.93 12254.43
17984.84 12265.39
17971.61 12277.62
17958.86 12289.41
17945.90 12301.39
17932.55 12313.73
17919.30 12325.52
17906.15 12336.89
17892.89 12348.37
17878.48 12360.84
17864.33 12373.09
17851.11 12384.54
17836.28 12396.39
17822.61 12407.20
17808.39 12418.18
17793.33 12428.65
17780.46 12437.57
17764.64 12444.18
17749.67 12453.63
17733.87 12462.55
17718.43 12470.11
17701.19 12477.80
17686.68 12483.58
17669.90 12486.58
17653.76 12495.97
17634.46 12502.27
17614.01 12507.66
17593.30 12512.39
17572.32 12516.02
17551.75 12518.45
17530.02 12520.13
17509.36 12521.59
17488.74 12522.04
17468.82 12521.79
17448.32 12520.92
17427.34 12519.30
17404.48 12515.54
17385.70 12513.52
17365.54 12511.34
17345.43 12508.67
17330.68 12506.72
17315.22 12504.67
17299.81 12502.64
17284.19 12500.57
17241.31 12496.17
17220.89 12492.86
17201.65 12489.75
17181.44 12486.73
17160.55 12484.24
17140.04 12482.22
17120.09 12480.87
17099.27 12480.04
17078.55 12479.85
17057.08 12479.64
17036.60 12480.23
17016.54 12481.22
16996.99 12482.73
16981.56 12484.54
16966.44 12486.54
16951.06 12488.77
16936.34 12491.18
16921.79 12493.69
16906.47 12496.76
16891.77 12500.14
16876.60 12503.96
16862.25 12507.77
16847.85 12512.36
16835.27 12516.63
16821.42 12521.33
16808.03 12525.88
16794.41 12531.05
16779.71 12536.69
16764.81 12542.39
16750.66 12547.82
16736.22 12554.24
16722.42 12560.57
16708.95 12567.02
16696.10 12573.92
16682.30 12581.34
16666.87 12590.20
16655.50 12597.19
16638.97 12608.03
16626.91 12616.15
16614.75 12624.34
16604.31 12631.37
16594.94 12637.67
16587.98 12642.36
16582.42 12650.08
16573.89 12655.83
16563.88 12662.57
16552.34 12670.34
16539.10 12679.26
16525.29 12688.56
16511.58 12697.79
16497.59 12709.64
16485.75 12718.06
16473.68 12726.65
16462.68 12734.47
16450.29 12743.28
16438.89 12751.40
16427.32 12759.63
16416.30 12767.47
16404.79 12775.68
16393.82 12783.51
16383.22 12791.07
16371.42 12799.49
16360.74 12807.12
16349.32 12815.26
16339.92 12821.97
16330.44 12828.74
16320.28 12835.99
16311.73 12842.09
16256.25 12878.38
16247.42 12884.69
16239.04 12890.68
16230.89 12896.50
16222.05 12902.82
16213.54 12908.90
16205.98 12914.30
16197.66 12920.25
16186.58 12928.52
16182.74 12932.13
16179.79 12934.90
16177.80 12936.78
16176.46 12938.03
16144.93 12963.06
16137.45 12968.33
16128.74 12974.46
16118.84 12981.43
16107.70 12989.27
16095.45 12997.90
16082.61 13006.94
16069.20 13016.38
16055.81 13025.81
16042.85 13035.56
16030.46 13045.60
16018.50 13056.60
16008.00 13066.87
16000.33 13075.27
15984.66 13096.63
15982.88 13099.47
15982.87 13099.49
15982.87 13099.50
15982.86 13099.50
15982.86 13099.50
15982.86 13099.50
15982.86 13099.50
15982.86 13099.50
15982.86 13099.50
15982.86 13099.50
15982.86 13099.50
15982.86 13099.50
15982.86 13099.50
15982.86 13099.50
15982.86 13099.50
15982.86 13099.50
15982.86 13099.50
15982.86 13099.50
15982.86 13099.50
15982.86 13099.50
15982.82 13099.58
15982.60 13099.92
15981.91 13101.03
15980.25 13103.69
15978.38 13106.69
15975.69 13111.00
15973.49 13114.54
15971.54 13117.65
15969.03 13121.68
15966.08 13126.41
15962.30 13132.47
15960.00 13136.16
15959.77 13136.52
15959.59 13136.82
15959.47 13137.00
15959.42 13137.08
15959.40 13137.11
15959.39 13137.13
15959.39 13137.13
15959.39 13137.13
15959.39 13137.13
15959.39 13137.13
15959.39 13137.13
15959.39 13137.13
15959.39 13137.13
15959.39 13137.13
15959.39 13137.13
15959.39 13137.13
15959.39 13137.13
15959.39 13137.13
15959.39 13137.13
15959.39 13137.13
15959.39 13137.13
15959.39 13137.13
15959.39 13137.13
15959.39 13137.13
15959.39 13137.13
15959.39 13137.13
15959.39 13137.13
15959.39 13137.13
15959.39 13137.13
15959.39 13137.13
15959.39 13137.13
15959.39 13137.13
15959.39 13137.13
15959.39 13137.13
15959.39 13137.13
15959.39 13137.13
15959.39 13137.13
15959.39 13137.13
15959.39 13137.13
15959.39 13137.13
15959.39 13137.13
15959.39 13137.13
15959.39 13137.13
15959.39 13137.13
15959.39 13137.13
15959.39 13137.13
15959.39 13137.13
15959.39 13137.13
15959.39 13137.13
15959.39 13137.13
15959.39 13137.13
15959.39 13137.13
15959.39 13137.13
15959.39 13137.13
15959.39 13137.13
15959.39 13137.13
15959.39 13137.13
15959.39 13137.13
15959.39 13137.13
15959.39 13137.13
15959.39 13137.13
15959.39 13137.13
15959.39 13137.13
15959.39 13137.13
15959.39 13137.13
15959.39 13137.13
15959.39 13137.13
15959.39 13137.13
15959.39 13137.13
15959.39 13137.13
15959.39 13137.13
15959.39 13137.13
15959.39 13137.13
15959.39 13137.13
15958.99 13137.77
15958.26 13138.95
15957.28 13140.52
15956.85 13141.21
15955.71 13143.04
15954.19 13145.47
15951.59 13149.63
15948.85 13154.03
15938.52 13201.36
15938.42 13209.36
15939.33 13218.71
15942.37 13228.07
15947.63 13236.03
15954.53 13242.09
15962.15 13246.11
15970.34 13248.59
15979.90 13248.68
15988.53 13246.14
15997.23 13242.13
16004.39 13236.48
16009.30 13229.24
16013.44 13220.91
16015.38 13212.40
16014.86 13203.75
16011.55 13194.77
16006.52 13186.92
16000.66 13179.95
15994.43 13173.32
15987.61 13167.25
15980.99 13161.36
15973.35 13157.24
15965.84 13154.02
15956.97 13150.42
15944.73 13146.98
15931.65 13143.35
15918.12 13140.66
15905.25 13138.10
15892.30 13136.08
15879.59 13134.29
15850.67 13131.98
15848.61 13131.87
15839.01 13132.26
15826.83 13133.26
15814.14 13130.81
15801.37 13131.41
15788.67 13132.00
15775.90 13132.59
15764.70 13133.13
15757.62 13133.54
15753.41 13133.78
15731.93 13135.01
15726.54 13135.31
15720.02 13135.67
15712.14 13136.10
15702.96 13136.61
15693.93 13137.10
15657.36 13138.84
15643.15 13139.52
15629.01 13140.27
15615.35 13141.63
15601.75 13142.98
15587.15 13144.54
15573.27 13147.38
15559.25 13150.25
15545.63 13153.61
15531.75 13157.32
15517.69 13161.08
15503.98 13165.80
15490.87 13170.54
15477.27 13175.75
15464.97 13181.60
15451.69 13187.92
15439.29 13194.19
15426.57 13201.26
15413.86 13208.31
15401.31 13215.28
15389.14 13222.42
15377.40 13229.63
15365.84 13236.74
15353.54 13244.30
15341.52 13251.68
15329.88 13258.84
15317.87 13266.52
15306.07 13274.22
15294.64 13281.68
15282.86 13289.39
15270.40 13297.20
15257.89 13303.10
15245.00 13307.88
15231.49 13312.12
15217.89 13315.81
15203.72 13319.28
15190.29 13322.26
15176.51 13325.46
15162.42 13329.29
15148.34 13333.11
15135.09 13337.66
15125.06 13342.67
15117.32 13348.21
15111.03 13355.79
15106.51 13364.51
15103.57 13373.13
15102.37 13383.03
15103.48 13393.07
15106.26 13402.76
15126.06 13423.10
15134.52 13426.91
15143.03 13429.12
15151.64 13429.79
15160.65 13428.48
15169.74 13425.35
15177.89 13420.29
15184.66 13413.78
15190.00 13406.67
15194.17 13399.01
15196.74 13390.13
15197.06 13380.65
15195.42 13371.73
15192.02 13362.84
15187.56 13355.45
15150.00 13325.15
15137.63 13320.21
15125.09 13315.20
15112.54 13310.18
15099.55 13305.00
15086.21 13301.31
15072.91 13297.97
15059.05 13294.50
15045.93 13291.38
15032.02 13288.44
15018.67 13285.61
15004.87 13282.85
14990.98 13280.37
14977.50 13278.02
14964.20 13275.69
14949.89 13273.19
14935.94 13270.76
14922.55 13268.46
14909.29 13266.18
14896.46 13263.98
14882.54 13261.59
14869.50 13259.36
14856.21 13257.08
14843.65 13254.92
14830.34 13252.64
14816.15 13253.55
14802.74 13251.23
14788.52 13248.77
14774.58 13246.36
14760.72 13243.96
14747.52 13241.67
14734.26 13239.38
14720.74 13237.04
14706.95 13234.65
14693.61 13232.34
14681.23 13230.20
14668.64 13228.02
14657.04 13226.02
14645.28 13223.98
14633.79 13221.99
14622.01 13219.96
14611.56 13218.15
14599.39 13216.04
14588.06 13214.08
14575.91 13211.98
14564.88 13210.07
14554.22 13208.22
14542.43 13206.18
14531.46 13204.29
14520.30 13202.35
14507.98 13200.22
14497.45 13198.40
14485.51 13196.33
14473.80 13194.31
14461.45 13192.17
14449.99 13190.19
14438.57 13188.21
14427.48 13186.31
14416.63 13184.49
14404.60 13182.48
14393.13 13180.57
14382.72 13178.83
14370.84 13176.85
14359.83 13175.01
14349.37 13173.26
14338.34 13171.42
14327.34 13169.58
14315.49 13167.60
14304.33 13165.74
14293.39 13163.91
14282.38 13162.07
14271.33 13160.23
14260.13 13158.35
14248.18 13156.36
14235.98 13154.32
14224.37 13149.04
14212.00 13146.98
14198.70 13144.75
14138.80 13133.35
14125.96 13130.55
14114.07 13127.61
14102.23 13124.67
14089.80 13121.53
14077.40 13118.39
14065.64 13115.41
14053.52 13111.52
14042.02 13107.76
14030.04 13103.84
14017.43 13100.06
14005.06 13096.48
13992.28 13092.77
13979.66 13089.11
13967.33 13085.49
13955.24 13081.58
13942.54 13077.48
13930.61 13073.84
13918.52 13071.18
13905.66 13068.35
13878.71 13064.94
13865.34 13065.90
13851.12 13067.55
13837.82 13072.05
13824.81 13076.45
13812.28 13081.54
13800.53 13087.23
13788.09 13094.18
13776.62 13101.25
13765.61 13108.75
13754.43 13116.37
13742.62 13124.42
13732.60 13135.49
13720.97 13143.69
13710.27 13151.20
13694.00 13160.64
13683.06 13168.27
13671.43 13176.38
13660.17 13183.96
13649.84 13190.71
13639.27 13198.29
13628.60 13205.95
13617.27 13214.08
13604.60 13223.12
13597.91 13227.81
13590.76 13232.82
13584.04 13237.53
13577.25 13242.28
13570.24 13245.98
13515.38 13256.24
13506.77 13254.12
13497.99 13251.96
13489.13 13249.78
13480.41 13247.63
13460.75 13243.79
13444.89 13240.32
13430.70 13239.75
13417.67 13236.31
13404.13 13234.36
13390.30 13232.36
13377.10 13230.46
13363.08 13228.39
13349.42 13226.37
13336.21 13224.41
13323.16 13222.68
13309.63 13221.16
13295.99 13219.62
13282.22 13218.07
13268.60 13216.44
13247.59 13212.55
13233.14 13214.38
13221.15 13212.83
13208.99 13211.25
13196.82 13209.68
13184.82 13207.41
13170.03 13203.39
13163.08 13201.45
13156.13 13199.51
13140.65 13194.83
13128.89 13190.73
13117.07 13186.54
13105.47 13182.42
13093.38 13177.61
13081.50 13172.85
13070.70 13168.52
13058.66 13163.68
13046.67 13158.86
13035.94 13154.92
13014.45 13155.11
13005.76 13161.15
12996.30 13167.73
12983.01 13178.82
12972.74 13185.47
12963.19 13191.66
12952.95 13198.30
12943.19 13204.63
12936.19 13209.17
12912.26 13228.32
12906.42 13232.17
12899.91 13236.46
12893.94 13240.39
12888.16 13244.19
12881.96 13248.27
12875.64 13252.43
12869.19 13256.67
12863.22 13260.60
12857.40 13264.43
12850.94 13268.69
12844.46 13272.95
12838.04 13277.18
12832.00 13278.84
12824.89 13277.43
12820.54 13276.58
12814.37 13282.76
12809.57 13289.48
12807.62 13298.59
12805.41 13308.89
12800.38 13332.03
12797.10 13345.44
12794.08 13357.97
12790.77 13371.64
12787.56 13384.97
12784.31 13398.43
12781.06 13411.86
12777.97 13424.67
12774.82 13437.71
12771.57 13451.18
12768.47 13464.01
12768.62 13477.45
12765.36 13490.94
12762.14 13504.25
12758.87 13517.79
12752.46 13544.65
12749.85 13555.61
12746.76 13566.83
12743.80 13577.62
12740.73 13588.80
12737.73 13599.69
12733.03 13617.63
12729.96 13629.84
12727.06 13642.26
12724.18 13654.63
12721.36 13666.59
12718.47 13678.77
12716.23 13688.22
12714.77 13694.43
12713.84 13698.34
12712.90 13702.29
12709.26 13722.34
12708.59 13729.66
12707.75 13738.85
12706.73 13749.95
12705.65 13761.66
12704.56 13773.57
12702.94 13791.05
12700.40 13813.56
12698.83 13826.54
12697.27 13839.45
12695.86 13852.15
12694.57 13864.68
12693.65 13875.56
12692.96 13887.29
12693.01 13896.58
12694.07 13914.69
12694.11 13915.20
12694.11 13915.24
12694.11 13915.25
12694.11 13915.25
12694.11 13915.25
12694.11 13915.25
12694.11 13915.25
12694.11 13915.25
12694.13 13915.42
12694.19 13915.88
12695.69 13926.12
12696.75 13932.64
12698.05 13940.34
12699.70 13949.62
12701.72 13960.94
12700.66 13973.76
12703.10 13987.41
12705.57 14001.25
12707.92 14014.40
12710.44 14028.52
12712.82 14041.86
12715.28 14055.61
12717.66 14068.98
12720.04 14082.27
12722.51 14096.10
12725.24 14109.51
12726.99 14127.63
12728.89 14138.64
12731.03 14150.34
12733.02 14160.26
12734.52 14167.73
12735.30 14171.62
12720.81 14180.37
12712.60 14182.14
12704.97 14186.85
12701.18 14198.38
12696.91 14211.35
12692.73 14224.04
12688.37 14237.31
12683.94 14250.77
12679.50 14264.23
12675.09 14277.63
12670.66 14291.10
12666.13 14304.87
12661.74 14318.22
12657.49 14331.11
12652.98 14344.82
12648.74 14358.03
12644.61 14371.02
12638.57 14389.72
12636.45 14395.52
12634.91 14399.52
12634.09 14401.75
12617.58 14427.52
12612.20 14433.41
12605.88 14440.31
12598.12 14448.15
12589.63 14456.05
12581.01 14464.06
12572.16 14472.28
12563.34 14480.48
12554.20 14489.02
12548.54 14498.86
12543.43 14503.66
12541.04 14505.89
12540.87 14506.05
12540.81 14506.11
12540.80 14506.12
12540.80 14506.12
12540.80 14506.12
12540.80 14506.12
12540.80 14506.12
12540.80 14506.12
12540.80 14506.12
12540.80 14506.12
12540.80 14506.12
12540.80 14506.12
12540.80 14506.12
12540.80 14506.12
12540.80 14506.12
12540.80 14506.12
12540.80 14506.12
12540.80 14506.12
12540.80 14506.12
12540.80 14506.12
