24068.83 5596.89
24068.57 5598.57
24068.05 5601.93
24067.28 5606.82
24066.90 5613.33
24066.47 5621.31
24066.04 5629.17
24065.62 5637.01
24065.16 5645.34
24064.72 5653.58
24064.39 5661.87
24064.45 5669.83
24064.50 5678.02
24064.55 5684.84
24064.57 5688.34
24061.25 5684.67
24061.20 5677.22
24061.14 5669.01
24061.09 5660.82
24061.42 5653.41
24061.83 5645.89
24062.23 5638.45
24062.66 5630.54
24063.10 5622.41
24063.54 5614.24
24064.09 5605.87
24065.28 5598.26
24065.95 5593.92
24062.50 5585.60
24060.03 5581.88
24052.40 5574.69
24040.41 5572.31
24027.18 5568.97
24014.89 5566.26
24002.46 5563.13
23989.65 5559.90
23977.10 5556.84
23965.15 5554.61
23952.58 5552.27
23939.84 5549.85
23930.14 5548.04
23924.63 5547.07
23918.51 5545.99
23912.62 5532.42
23913.31 5522.92
23914.10 5512.08
23915.06 5498.90
23915.94 5486.78
23916.84 5474.32
23917.82 5460.89
23918.71 5448.55
23919.63 5435.94
23920.48 5424.05
23921.34 5411.58
23922.24 5398.46
23923.21 5386.16
23924.15 5373.69
23925.07 5360.99
23926.06 5347.47
23926.96 5335.08
23927.81 5323.25
23928.91 5301.86
23929.86 5289.45
23930.71 5278.53
23931.64 5266.50
23932.51 5255.14
23933.35 5244.16
23934.31 5231.77
23935.91 5210.12
23936.94 5198.68
23937.96 5185.85
23938.60 5172.79
23939.29 5161.34
23940.04 5149.35
23940.36 5136.92
23940.53 5124.70
23940.70 5111.74
23941.17 5098.60
23941.70 5086.80
23942.35 5074.46
23943.05 5061.95
23943.80 5048.91
23944.95 5037.13
23946.17 5024.51
23945.00 5005.49
23944.57 5002.85
23944.19 5000.53
23933.15 4995.11
23922.96 4994.78
23910.45 4994.37
23897.48 4993.94
23884.09 4993.46
23870.52 4992.80
23857.93 4992.22
23844.63 4991.62
23831.39 4991.07
23821.24 4990.82
23815.18 4990.69
23811.95 4990.63
23811.88 4990.63
23811.86 4990.63
23811.85 4990.63
23811.85 4990.63
23811.04 4990.61
23809.50 4990.58
23805.59 4990.50
23800.60 4990.39
23793.44 4990.24
23773.23 4990.03
23761.79 4990.10
23749.68 4990.18
23736.70 4990.26
23723.88 4990.23
23712.19 4989.77
23699.67 4989.27
23688.12 4988.81
23676.88 4988.36
23664.63 4987.88
23652.09 4987.38
23632.10 4991.26
23621.20 4997.89
23611.67 5008.05
23605.30 5020.42
23600.76 5034.61
23596.07 5056.94
23592.53 5071.31
23586.23 5083.09
23582.88 5096.71
23579.56 5110.20
23576.29 5123.53
23573.12 5136.39
23570.45 5148.06
23567.61 5161.00
23564.76 5173.98
23562.14 5185.93
23561.29 5197.70
23559.47 5206.21
23557.74 5215.78
23556.52 5225.86
23555.43 5234.90
23554.32 5244.02
23553.00 5254.94
23545.61 5293.88
23544.60 5311.93
23543.50 5331.77
23542.26 5354.00
23540.88 5378.78
23539.38 5405.55
23537.79 5434.12
23536.18 5463.03
23534.55 5492.98
23533.04 5522.46
23531.68 5551.86
23530.33 5580.73
23528.97 5610.08
23527.63 5638.83
23526.25 5668.62
23524.86 5698.46
23523.48 5728.05
23522.11 5757.52
23520.76 5786.64
23519.45 5814.78
23518.15 5842.62
23516.83 5871.05
23515.54 5898.89
23514.28 5926.10
23513.16 5952.91
23512.03 5979.92
23511.02 6003.93
23509.92 6030.36
23508.81 6056.87
23507.73 6082.48
23506.63 6108.92
23505.55 6134.58
23504.47 6160.53
23503.39 6186.30
23502.30 6212.34
23501.20 6238.46
23500.15 6263.51
23499.07 6289.45
23497.97 6315.77
23496.93 6340.57
23495.85 6366.32
23494.77 6392.15
23493.71 6417.31
23492.65 6442.80
23491.60 6467.87
23490.54 6493.13
23491.05 6522.14
23490.04 6547.25
23488.87 6572.59
23487.70 6597.99
23486.73 6618.93
23485.74 6640.43
23484.67 6663.55
23483.61 6686.57
23482.51 6710.38
23481.49 6734.33
23480.63 6758.50
23479.73 6783.89
23478.85 6808.75
23477.95 6834.04
23477.05 6859.25
23476.15 6884.72
23475.22 6910.83
23474.92 6937.34
23472.44 6967.11
23471.63 6993.15
23470.81 7019.66
23469.98 7046.37
23469.15 7073.32
23468.33 7099.82
23467.61 7126.44
23466.90 7153.31
23466.21 7179.17
23465.52 7205.27
23464.84 7230.80
23464.14 7257.27
23463.45 7283.27
23462.74 7309.85
23462.07 7335.14
23461.38 7361.01
23457.50 7382.93
23456.91 7405.26
23456.35 7426.39
23455.62 7451.91
23455.00 7475.08
23454.40 7497.98
23453.86 7521.36
23454.84 7541.07
23452.90 7565.06
23451.68 7589.76
23450.71 7615.84
23449.74 7641.70
23448.79 7667.09
23447.58 7692.48
23446.27 7718.43
23444.90 7745.52
23443.61 7771.19
23441.98 7797.51
23440.24 7823.02
23438.44 7849.32
23436.65 7875.49
23434.89 7901.10
23433.09 7927.48
23430.59 7955.99
23427.74 7985.00
23424.89 8012.35
23421.90 8040.66
23418.90 8069.06
23415.09 8097.21
23410.92 8126.44
23406.83 8155.05
23402.62 8184.21
23398.65 8211.88
23394.59 8240.81
23390.11 8269.07
23385.05 8297.00
23378.27 8328.95
23371.51 8357.62
23364.70 8386.49
23358.14 8414.33
23351.68 8441.72
23343.44 8470.30
23334.96 8497.96
23326.40 8525.86
23317.92 8553.53
23309.13 8580.70
23299.69 8608.22
23289.17 8636.10
23278.85 8663.45
23267.51 8690.78
23255.85 8717.95
23244.84 8743.63
23232.73 8770.15
23220.71 8796.26
23208.43 8822.52
23195.28 8847.60
23181.57 8873.78
23167.67 8899.21
23153.54 8923.26
23139.47 8947.20
23124.69 8971.98
23109.43 8995.59
23093.47 9020.27
23077.94 9044.28
23061.14 9067.30
23043.69 9091.20
23026.43 9114.85
23008.55 9138.04
22989.78 9159.31
22970.37 9181.31
22950.87 9203.42
22931.72 9224.01
22911.91 9245.19
22891.47 9266.15
22870.92 9286.12
22851.00 9305.49
22830.39 9325.52
22809.43 9345.90
22788.48 9366.26
22767.61 9386.07
22746.43 9406.17
22725.74 9425.82
22705.36 9445.15
22684.27 9465.18
22663.29 9484.20
22641.39 9503.18
22619.37 9522.27
22597.96 9540.83
22576.80 9559.16
22555.11 9577.96
22532.85 9597.25
22510.41 9616.70
22488.53 9635.88
22466.84 9654.91
22445.71 9673.44
22423.57 9692.85
22402.62 9711.23
22380.10 9730.97
22358.44 9749.97
22336.25 9769.91
22315.10 9789.30
22294.14 9808.52
22272.86 9828.02
22251.24 9847.83
22229.83 9867.46
22208.96 9886.60
22188.14 9905.68
22166.98 9924.97
22146.08 9943.98
22122.05 9963.77
22101.04 9983.10
22079.53 10002.64
22059.05 10021.17
22038.00 10040.22
22016.62 10059.56
21995.31 10078.84
21973.74 10098.28
21951.29 10120.77
21928.42 10138.69
21905.90 10156.34
21882.94 10174.21
21860.21 10191.23
21837.05 10208.58
21814.15 10225.73
21791.14 10242.52
21766.97 10257.91
21743.00 10273.17
21717.74 10287.64
21692.48 10301.24
21667.13 10314.89
21642.10 10328.35
21615.44 10340.03
21588.86 10351.68
21559.52 10362.79
21534.02 10374.52
21507.81 10383.69
21480.66 10392.64
21453.90 10401.05
21426.59 10408.75
21400.30 10415.82
21362.81 10423.98
21334.22 10428.83
21306.19 10433.77
21278.45 10438.13
21249.98 10442.06
21222.56 10445.60
21194.54 10448.60
21167.26 10451.51
21136.36 10453.10
21107.16 10455.25
21078.60 10457.35
21049.59 10459.49
21021.51 10461.55
20993.73 10463.60
20962.41 10467.44
20932.50 10469.51
20903.24 10471.54
20874.46 10473.50
20845.71 10475.44
20816.87 10477.39
20788.65 10479.30
20758.78 10481.32
20729.85 10483.46
20700.36 10485.64
20671.24 10487.80
20642.39 10489.53
20614.49 10491.00
20585.56 10492.53
20555.78 10494.27
20526.83 10496.30
20497.54 10498.34
20468.73 10500.36
20439.85 10502.46
20410.84 10504.59
20381.91 10507.15
20353.68 10510.29
20324.61 10513.63
20295.39 10518.35
20266.50 10523.11
20238.18 10529.03
20210.07 10535.43
20181.41 10542.86
20153.04 10551.30
20124.94 10559.91
20098.52 10568.80
20071.60 10579.43
20045.07 10591.05
20019.20 10602.61
19993.82 10615.21
19968.06 10628.27
19942.79 10642.50
19917.22 10657.17
19892.71 10671.77
19867.99 10687.05
19843.86 10702.33
19821.07 10720.64
19796.34 10736.30
19771.73 10751.87
19747.10 10767.46
19722.01 10783.33
19697.09 10799.14
19672.76 10814.79
19648.35 10830.49
19623.91 10846.21
19599.51 10861.90
19575.53 10877.32
19551.59 10892.72
19527.83 10907.80
19503.35 10923.35
19478.78 10938.95
19454.46 10954.39
19430.39 10969.97
19406.78 10985.27
19383.87 11000.11
19360.13 11015.49
19336.93 11030.40
19313.87 11045.17
19290.57 11060.09
19266.84 11075.29
19242.56 11090.70
19219.32 11105.43
19192.35 11120.82
19169.78 11136.11
19147.40 11151.27
19125.24 11166.28
19103.37 11181.10
19078.75 11197.60
19057.07 11212.72
19035.04 11228.46
19012.97 11243.90
18993.06 11262.45
18975.32 11282.30
18957.23 11304.62
18939.67 11328.23
18924.44 11352.35
18910.82 11376.78
18898.24 11401.36
18887.64 11426.99
18878.37 11453.30
18870.99 11479.57
18864.23 11506.18
18857.39 11533.05
18850.63 11559.63
18844.94 11581.95
18839.05 11604.07
18833.09 11624.78
18826.03 11646.15
18818.75 11667.29
18811.24 11688.30
18802.49 11708.41
18792.80 11728.39
18782.51 11747.95
18771.45 11766.70
18759.85 11784.90
18746.96 11803.65
18734.58 11820.59
18721.21 11838.37
18705.15 11855.64
18689.10 11872.32
18673.19 11889.14
18657.86 11905.42
18640.48 11919.68
18622.78 11933.36
18604.55 11947.45
18585.76 11959.85
18566.52 11972.36
18546.83 11983.16
18525.41 11993.30
18504.65 12002.31
18483.06 12011.41
18461.75 12019.84
18440.49 12028.27
18421.82 12038.02
18399.32 12045.20
18376.76 12051.42
18354.80 12057.46
18332.34 12063.65
18310.23 12069.74
18287.96 12075.87
18266.06 12082.23
18244.06 12089.44
18222.51 12097.60
18200.90 12106.83
18179.14 12116.33
18158.82 12126.60
18139.02 12137.53
18119.61 12149.72
18100.94 12161.77
18081.94 12174.78
18064.57 12187.70
18046.60 12201.87
18030.20 12216.72
18013.79 12232.63
17998.39 12247.63
17979.84 12265.51
17964.19 12279.97
17947.74 12295.18
17930.83 12310.82
17914.40 12325.39
17897.67 12339.87
17880.76 12354.51
17864.64 12368.46
17847.48 12383.32
17830.01 12397.13
17813.05 12410.57
17795.56 12423.08
17777.20 12435.78
17758.66 12448.18
17738.51 12459.93
17718.07 12470.28
17696.69 12479.59
17674.79 12488.23
17652.77 12496.29
17630.98 12503.41
17608.75 12508.92
17585.82 12513.68
17563.48 12517.55
17540.72 12519.30
17517.45 12521.02
17496.08 12521.98
17476.62 12525.36
17455.57 12524.64
17434.83 12523.18
17409.48 12522.72
17388.14 12520.41
17367.51 12518.19
17345.42 12515.34
17329.27 12513.20
17313.03 12511.04
17297.43 12508.98
17283.41 12507.12
17246.01 12504.52
17232.81 12503.77
17218.87 12502.99
17204.94 12502.80
17190.50 12502.80
17177.07 12502.81
17162.93 12502.81
17149.11 12503.78
17135.33 12504.82
17121.07 12505.91
17107.71 12506.92
17093.54 12508.23
17079.79 12509.67
17065.45 12511.17
17052.23 12512.56
17038.42 12514.01
17025.09 12515.41
17011.48 12516.83
16973.69 12514.60
16964.09 12511.64
16955.11 12507.14
16946.37 12502.28
16937.84 12497.51
16931.01 12493.86
16924.57 12491.54
16920.98 12490.25
16910.92 12478.65
16910.39 12470.64
16909.76 12461.33
16909.01 12450.10
16908.18 12437.65
16907.36 12425.46
16906.80 12417.10
16906.44 12411.64
16906.10 12406.57
16905.33 12386.73
16904.09 12378.47
16902.67 12369.04
16901.03 12358.08
16899.23 12346.05
16897.38 12333.72
16895.00 12318.73
16892.91 12305.77
16888.04 12289.23
16887.61 12281.94
16883.18 12275.83
16878.05 12270.24
16873.07 12264.82
16864.76 12213.56
16865.24 12206.81
16865.70 12200.20
16866.10 12186.12
16865.53 12172.71
16860.90 12157.38
16859.08 12143.82
16856.86 12129.93
16854.69 12116.30
16852.63 12103.21
16856.64 12085.40
16854.67 12071.71
16852.81 12058.89
16846.30 12043.72
16843.18 12030.84
16841.42 12018.15
16839.63 12005.33
16838.06 11994.04
16837.00 11986.39
16836.48 11982.68
16836.22 11980.77
16836.21 11980.75
16836.21 11980.73
16847.10 11973.22
16850.07 11973.31
16855.11 11973.46
16861.42 11973.65
16869.55 11974.03
16880.05 11974.83
16891.64 11978.70
16903.40 11987.12
16914.36 11995.09
16925.29 12003.04
16936.77 12011.39
16947.84 12019.44
16958.65 12027.30
16970.03 12035.57
16981.24 12043.73
16992.35 12051.81
17003.42 12059.86
17014.93 12068.23
17025.46 12075.89
17036.18 12083.68
