22333.45 8899.69
22333.97 8901.60
22335.04 8905.49
22336.63 8911.27
22338.70 8918.82
22341.20 8927.93
22344.36 8939.00
22348.22 8950.68
22351.82 8961.56
22356.39 8972.14
22362.67 8982.03
22370.10 8990.91
22381.69 9004.20
22388.74 9015.03
22393.25 9026.58
22396.28 9039.14
22397.92 9051.50
22399.26 9063.85
22400.52 9076.00
22401.69 9088.75
22402.78 9100.61
22403.74 9113.43
22404.42 9126.40
22405.08 9138.66
22405.72 9151.24
22406.36 9163.87
22406.78 9172.14
22407.01 9176.60
22403.73 9177.13
22403.85 9179.61
22404.01 9182.77
22404.01 9182.77
22404.01 9182.77
22404.01 9182.77
22404.01 9182.77
22404.01 9182.77
22404.01 9182.77
22404.01 9182.77
22404.32 9194.31
22404.32 9198.14
22404.30 9204.04
22404.13 9211.76
22402.58 9220.53
22399.83 9230.82
22391.81 9248.24
22384.57 9257.88
22376.02 9266.08
22366.67 9273.26
22356.96 9280.10
22346.87 9286.47
22336.82 9291.72
22325.89 9296.18
22314.36 9301.01
22303.86 9305.59
22292.99 9311.02
22283.39 9317.06
22276.11 9326.19
22266.87 9332.84
22233.79 9361.00
22225.23 9368.50
22216.46 9376.19
22208.10 9383.52
22199.66 9390.91
22191.08 9398.61
22183.02 9405.95
22174.81 9413.43
22166.52 9420.98
22158.08 9428.70
22150.05 9436.05
22141.71 9443.69
22133.18 9451.49
22124.55 9459.39
22116.54 9466.72
22107.75 9474.77
22099.21 9482.59
22090.73 9490.34
22081.93 9498.40
22072.70 9506.77
22061.97 9516.44
22054.76 9522.94
22045.28 9531.48
22035.46 9535.89
22032.35 9538.69
22007.52 9561.19
21996.94 9570.96
21985.73 9581.31
21974.13 9592.01
21962.69 9602.58
21951.28 9613.11
21942.25 9625.94
21931.30 9636.05
21920.42 9646.09
21908.81 9656.81
21897.60 9667.16
21886.32 9677.57
21875.07 9687.96
21864.32 9697.89
21853.07 9708.27
21841.60 9718.85
21830.81 9728.82
21819.97 9738.83
21808.85 9749.09
21797.26 9759.79
21785.62 9770.53
21774.63 9780.68
21763.27 9791.17
21752.09 9801.49
21740.50 9812.18
21729.26 9822.57
21717.95 9833.00
21706.35 9843.72
21695.42 9853.81
21683.79 9864.54
21672.82 9874.67
21661.77 9884.87
21650.37 9895.39
21638.91 9905.98
21627.98 9916.06
21616.53 9926.63
21605.27 9937.03
21594.28 9947.18
21583.31 9957.30
21571.03 9964.14
21562.38 9972.12
21556.97 9977.11
21554.77 9979.15
21554.72 9979.20
21554.71 9979.21
21554.70 9979.21
21554.70 9979.21
21546.07 9987.35
21543.47 9989.86
21539.13 9994.03
21533.61 9999.35
21526.45 10006.24
21517.49 10014.86
21507.09 10024.85
21495.64 10035.88
21484.64 10045.93
21473.56 10055.92
21462.38 10065.98
21451.35 10075.92
21440.04 10086.11
21428.45 10096.55
21417.05 10106.81
21405.70 10117.04
21393.97 10127.61
21383.73 10136.83
21376.47 10143.40
21369.78 10149.46
21362.80 10155.80
21356.09 10161.88
21349.19 10168.14
21342.56 10174.16
21335.37 10180.68
21328.76 10186.67
21321.79 10192.99
21316.82 10197.50
21314.17 10199.90
21313.12 10200.86
21312.90 10201.06
21312.80 10201.15
21312.74 10201.21
21312.71 10201.23
21312.71 10201.23
21312.71 10201.23
21312.71 10201.23
21312.71 10201.23
21312.71 10201.23
21312.71 10201.23
21263.33 10244.83
21263.03 10245.10
21262.55 10245.52
21261.97 10246.04
21261.25 10246.69
21255.58 10251.82
21245.90 10260.67
21236.85 10268.94
21227.78 10277.24
21217.96 10286.21
21208.77 10294.63
21199.84 10302.79
21190.28 10311.54
21180.53 10320.45
21171.57 10328.64
21164.74 10341.82
21162.33 10345.17
21159.97 10348.44
21158.79 10350.08
21158.27 10350.80
21158.27 10350.81
21158.26 10350.81
21158.26 10350.81
21158.26 10350.81
21158.26 10350.81
21158.26 10350.81
21158.02 10351.15
21157.18 10352.31
21155.82 10354.21
21149.07 10363.94
21147.68 10366.13
21146.17 10368.50
21144.33 10371.39
21142.46 10374.32
21140.65 10377.16
21122.62 10415.16
21117.84 10425.92
21113.91 10434.76
21108.76 10445.14
21103.02 10456.70
21097.34 10468.13
21092.11 10478.63
21085.50 10490.24
21081.56 10498.69
21077.49 10507.40
21073.26 10516.47
21069.10 10525.38
21062.19 10552.91
21061.79 10562.91
21065.38 10572.39
21074.27 10583.86
21088.12 10588.01
21103.31 10590.01
21117.96 10591.15
21133.67 10591.32
21148.31 10589.94
21162.41 10587.48
21177.66 10583.13
21191.31 10577.09
21205.15 10567.46
21217.92 10559.57
21229.14 10550.74
21238.56 10539.83
21245.87 10526.30
21249.91 10511.07
21250.38 10496.79
21245.41 10481.81
21236.38 10470.48
21222.66 10463.51
21207.98 10459.12
21193.80 10457.32
21178.43 10457.93
21159.74 10458.01
21145.92 10459.02
21131.56 10460.08
21115.71 10457.94
21098.33 10459.21
