13870.42 10233.86
13872.59 10233.76
13875.96 10233.61
13880.68 10233.40
13887.01 10233.12
13894.61 10232.79
13903.40 10232.40
13913.59 10231.95
13925.15 10231.44
13938.31 10230.86
13952.10 10230.26
13966.19 10229.63
13989.57 10228.63
14002.40 10228.11
14015.14 10227.59
14034.36 10226.43
14044.32 10225.86
14063.81 10225.20
14077.80 10224.65
14091.08 10224.13
14104.82 10223.58
14118.30 10223.03
14131.87 10222.47
14152.51 10221.77
14166.33 10221.58
14180.90 10221.38
14195.42 10221.17
14208.86 10220.98
14223.19 10220.78
14235.10 10220.61
14243.94 10220.49
14248.59 10220.42
14250.09 10220.40
14250.31 10220.40
14250.39 10220.40
14250.41 10220.40
14250.43 10220.40
14251.74 10220.38
14254.32 10220.34
14269.24 10220.15
14275.32 10220.08
14283.54 10219.90
14292.99 10219.68
14301.76 10219.48
14310.70 10219.27
14318.07 10219.09
14326.76 10218.89
14335.38 10218.69
14344.58 10218.47
14352.44 10218.29
14370.64 10213.66
14377.06 10210.59
14380.88 10208.00
14383.06 10206.27
14388.68 10196.76
14389.95 10191.00
14391.71 10182.12
14393.60 10168.07
14395.90 10153.30
14398.22 10138.45
14400.45 10124.10
14402.77 10109.21
14405.13 10094.11
14407.35 10079.86
14409.64 10065.17
14411.98 10050.12
14414.27 10035.43
14416.59 10020.52
14418.96 10005.36
14421.29 9990.38
14423.47 9976.35
14425.79 9961.47
14428.10 9946.64
14430.45 9931.60
14432.68 9916.89
14434.84 9902.25
14437.05 9887.38
14439.23 9872.70
14441.32 9858.06
14447.56 9836.08
14448.98 9827.36
14449.88 9821.85
14450.40 9818.67
14450.40 9818.64
14450.40 9818.64
14450.40 9818.63
14447.14 9818.10
14447.14 9818.10
14447.14 9818.10
14447.14 9818.10
14447.14 9818.10
14447.14 9818.10
14447.14 9818.10
14447.14 9818.10
14447.14 9818.10
14448.79 9807.25
14449.29 9803.79
14450.01 9798.76
14451.05 9791.49
14452.26 9783.04
14456.92 9773.82
14458.43 9762.55
14460.06 9749.20
14462.55 9729.18
14464.33 9715.07
14466.17 9700.46
14467.99 9686.04
14469.76 9672.04
14471.53 9658.16
14473.38 9643.80
14474.89 9632.08
14477.02 9615.39
14478.42 9604.38
14479.79 9593.66
14480.78 9585.85
14481.94 9576.71
14484.37 9557.13
14485.67 9546.46
14486.54 9539.32
14487.06 9535.01
14487.16 9534.22
14487.17 9534.10
14487.19 9534.00
14487.19 9533.99
14487.19 9533.99
14487.19 9533.99
14487.19 9533.99
14487.19 9533.99
14487.19 9533.99
14487.19 9533.99
14487.19 9533.99
14487.19 9533.99
14487.19 9533.99
14487.19 9533.99
14487.19 9533.99
14487.19 9533.99
14487.19 9533.99
14487.19 9533.99
14487.19 9533.99
14487.19 9533.99
14487.19 9533.99
14487.19 9533.99
14487.19 9533.99
14487.19 9533.99
14487.19 9533.99
14487.19 9533.99
14487.19 9533.99
14487.19 9533.99
14487.19 9533.99
14487.19 9533.99
14487.19 9533.99
14487.19 9533.99
14487.19 9533.99
14487.19 9533.99
14487.19 9533.99
14487.19 9533.99
14487.19 9533.99
14487.19 9533.99
14487.19 9533.99
14487.19 9533.99
14487.19 9533.99
14487.19 9533.99
14487.19 9533.99
14487.25 9533.45
14487.26 9533.36
14487.27 9533.32
14487.27 9533.30
14487.27 9533.29
14487.27 9533.29
14487.27 9533.29
14487.27 9533.29
14487.27 9533.29
14487.27 9533.29
14487.27 9533.29
14487.27 9533.29
14487.27 9533.29
14487.27 9533.29
14487.27 9533.29
14487.27 9533.29
14487.27 9533.29
14487.43 9532.05
14487.82 9528.77
14503.12 9524.25
14508.45 9525.06
14513.63 9525.85
14519.98 9526.82
14526.39 9527.79
14531.68 9528.59
14537.64 9529.50
14544.48 9530.54
14549.85 9531.36
14555.67 9532.24
14562.10 9533.22
14568.66 9534.22
14573.85 9535.01
14580.15 9535.97
14585.90 9536.84
14590.43 9537.53
14596.37 9538.43
14602.86 9539.42
14607.87 9540.18
14613.28 9541.01
14620.45 9535.39
14621.69 9528.77
14622.76 9523.10
14624.06 9516.95
14625.75 9511.85
14627.56 9506.39
14629.67 9500.02
14631.42 9495.32
14634.01 9488.92
14636.36 9483.09
14638.65 9477.42
14641.30 9472.05
14643.75 9467.30
14646.53 9461.93
14649.72 9455.74
14645.95 9444.72
14640.48 9437.03
14635.77 9427.59
14631.59 9417.51
14628.13 9406.74
14625.55 9396.69
14623.62 9385.59
14622.28 9375.54
14620.93 9364.66
14620.14 9353.49
14619.31 9341.93
14618.77 9330.83
14618.42 9320.78
14618.07 9310.46
14617.79 9298.89
14617.71 9287.71
14617.62 9276.66
14617.74 9266.58
14617.99 9255.90
14618.28 9243.74
14618.47 9235.92
14618.56 9231.90
14618.70 9226.16
14610.98 9220.91
14602.94 9220.44
14593.75 9219.89
14583.99 9219.31
14573.86 9218.70
14564.27 9218.13
14554.89 9217.57
14545.77 9217.03
14527.14 9208.60
14528.24 9199.55
14529.23 9191.43
14529.96 9185.38
14530.30 9182.51
14530.36 9181.93
14530.53 9180.46
14530.85 9177.77
14532.45 9163.76
14533.27 9156.63
14534.28 9148.09
14535.55 9137.69
14536.91 9126.65
14538.24 9115.83
14539.56 9105.09
14540.86 9094.56
14542.24 9083.28
14543.62 9072.07
14544.90 9061.69
14545.69 9052.73
14546.35 9044.65
14546.13 9036.87
14544.04 9031.87
14542.77 9029.90
14542.46 9029.42
14542.30 9029.18
14542.28 9029.14
14541.85 9028.48
14540.81 9026.86
14531.14 9014.24
14526.26 9013.29
14519.63 9011.29
14513.42 9008.39
14506.54 9003.20
14497.02 8992.34
14495.45 8988.73
14494.51 8986.57
14494.26 8985.73
14494.18 8985.46
14494.14 8985.32
14493.99 8984.83
14493.56 8983.35
14490.21 8967.67
14490.71 8961.49
14491.54 8953.84
14494.79 8945.43
14500.06 8936.41
14508.17 8927.29
14518.43 8919.36
14533.70 8904.65
14541.26 8891.21
14546.27 8875.09
14550.29 8854.24
14551.20 8833.20
14552.21 8809.91
14553.30 8784.84
14554.50 8757.32
14555.77 8728.18
14553.66 8700.82
14554.92 8671.70
14556.25 8641.18
14557.66 8608.79
14559.16 8574.30
14559.74 8524.29
14561.28 8490.59
14562.90 8455.23
14562.77 8401.46
14560.32 8363.59
14561.21 8323.47
14558.90 8279.39
14560.86 8234.54
14562.77 8187.67
14564.50 8144.59
14566.52 8105.09
14564.60 8056.80
14549.18 8034.64
14528.13 8024.25
14508.61 8024.00
14493.75 8029.00
14481.71 8036.36
14470.82 8043.00
14460.59 8050.87
14453.09 8060.83
14448.75 8073.19
14448.23 8085.43
14450.99 8097.51
14456.65 8107.72
14465.21 8115.90
14494.16 8128.97
14505.20 8136.35
14517.56 8140.70
14529.99 8145.07
14542.27 8149.38
14554.20 8153.58
14566.76 8158.05
14578.94 8162.98
14591.49 8168.06
14603.61 8172.97
14615.51 8177.78
14628.46 8183.03
14640.32 8187.83
14660.12 8194.85
14668.20 8198.50
14693.14 8209.36
14704.39 8218.39
14717.97 8224.88
14733.58 8232.34
14750.98 8240.66
14769.50 8249.51
14789.95 8259.74
14812.10 8271.61
14836.34 8284.62
14861.65 8300.27
14883.62 8316.41
14908.86 8330.60
14937.57 8348.09
14966.36 8366.09
14996.92 8385.21
15028.12 8404.71
15058.79 8423.89
15088.70 8444.85
