9810.95 23387.08
9812.14 23385.89
9814.55 23383.46
9818.14 23380.28
9822.96 23376.24
9827.31 23372.59
9831.72 23368.90
9836.73 23364.70
9841.90 23360.37
9846.38 23356.61
9851.12 23352.64
9856.13 23348.45
9860.56 23344.74
9865.10 23340.93
9869.41 23337.32
9873.70 23333.73
9878.88 23329.46
9883.27 23325.83
9887.68 23322.20
9892.82 23317.97
9897.40 23314.18
9902.43 23310.00
9907.13 23306.09
9911.63 23302.34
9916.11 23298.63
9921.33 23294.28
9926.51 23289.97
9930.92 23286.31
9935.84 23282.15
9940.91 23277.79
9945.52 23274.52
9948.65 23272.60
9949.19 23272.27
9949.27 23272.22
9949.33 23272.18
9952.18 23266.73
9952.89 23263.92
9955.32 23259.58
9960.91 23255.67
9974.26 23251.94
9982.27 23245.37
9990.76 23238.32
9998.54 23231.85
10006.86 23224.93
10015.39 23217.84
10023.17 23211.39
10031.65 23204.34
10040.01 23197.40
10047.42 23191.25
10051.88 23187.70
10057.45 23178.74
10055.83 23168.59
10047.71 23161.01
10038.22 23156.96
10027.86 23152.55
10017.61 23148.18
10007.32 23143.79
9997.06 23141.55
9986.43 23139.82
9975.42 23138.78
9964.79 23138.07
9920.18 23133.63
9910.13 23132.66
9899.91 23131.67
9889.64 23129.57
9879.96 23127.19
9870.45 23124.85
9860.95 23121.25
9852.02 23117.48
9842.46 23113.44
9834.09 23107.95
9825.61 23102.26
9817.67 23095.58
9810.60 23088.33
9803.28 23080.83
9797.23 23072.66
9791.47 23064.31
9785.75 23056.02
9781.58 23047.30
9777.55 23038.03
9773.96 23028.31
9771.33 23018.02
9769.33 23007.96
9768.50 22997.68
9767.93 22987.61
9767.50 22977.42
9767.20 22967.64
9766.89 22957.60
9766.59 22947.74
9765.68 22937.29
9764.76 22927.05
9763.83 22916.73
9762.80 22906.73
9760.99 22896.27
9754.50 22863.93
9748.24 22853.21
9740.95 22840.74
9733.35 22827.70
9725.84 22814.18
9718.31 22800.61
9710.53 22788.33
9702.52 22776.32
9694.16 22763.78
9685.56 22751.33
9676.60 22738.83
9667.62 22726.29
9657.89 22715.10
9647.64 22703.56
9637.27 22692.78
9626.51 22681.65
9615.37 22670.79
9604.91 22660.59
9593.91 22650.77
9582.10 22640.58
9570.78 22630.81
9558.98 22620.64
9547.79 22610.99
9536.17 22600.96
9510.05 22583.72
9499.74 22575.83
9489.23 22567.79
9478.89 22559.78
9468.42 22551.66
9457.60 22543.26
9419.38 22514.00
9406.84 22505.37
9393.73 22496.35
9381.44 22487.89
9368.53 22479.01
9356.12 22470.46
9343.15 22461.54
9330.68 22453.08
9317.52 22444.46
9304.28 22435.78
9290.81 22426.96
9277.36 22418.15
9264.03 22409.42
9251.39 22401.14
9238.43 22393.07
9225.35 22384.94
9212.66 22377.05
9199.18 22368.67
9186.25 22360.62
9173.10 22352.45
9160.15 22344.39
9147.12 22336.29
9133.83 22328.02
9120.92 22320.00
9108.08 22312.11
9094.76 22304.51
9081.70 22297.07
9068.15 22289.34
9054.26 22281.43
9041.23 22274.00
9028.24 22266.59
9015.06 22259.08
9001.95 22251.60
8989.17 22244.32
8979.11 22239.01
8968.79 22233.59
8959.42 22228.67
8949.45 22223.43
8939.22 22218.06
8929.62 22213.02
8919.77 22207.85
8910.25 22202.85
8900.52 22197.75
8890.51 22192.57
8881.03 22187.66
8871.11 22182.53
8863.21 22174.72
8853.56 22169.79
8843.76 22164.88
8833.92 22159.96
8824.08 22155.04
8813.77 22149.88
8802.86 22148.11
8793.43 22143.39
8783.70 22138.21
8773.64 22132.65
8763.59 22127.09
8753.70 22121.63
8744.27 22116.42
8734.51 22111.00
8724.86 22105.61
8715.76 22100.53
8706.59 22095.40
8673.10 22076.76
8663.77 22071.19
8654.66 22065.75
8645.35 22060.19
8636.87 22055.13
8629.10 22049.16
8620.56 22042.56
8612.19 22036.08
8603.59 22029.42
8595.63 22023.09
8587.77 22015.64
8580.48 22008.74
8572.95 22001.61
8566.18 21993.39
8559.47 21985.22
8553.53 21976.71
8548.91 21967.39
8544.06 21957.61
8539.92 21946.73
8536.28 21936.77
8532.29 21925.86
8529.21 21914.58
8527.40 21903.32
8525.70 21892.80
8524.12 21881.94
8523.85 21870.63
8523.59 21859.63
8523.31 21847.87
8523.62 21836.44
8526.04 21825.29
8528.41 21814.31
8530.82 21803.21
8534.63 21793.06
8539.15 21782.80
8543.53 21772.86
8548.91 21762.90
8554.57 21753.80
8560.51 21744.28
8566.69 21734.36
8579.06 21717.06
8583.58 21706.93
8587.45 21696.26
8590.95 21685.89
8594.03 21675.84
8595.79 21665.56
8597.71 21654.30
8598.87 21643.01
8599.06 21631.78
8599.25 21620.41
8598.90 21609.67
8597.78 21598.85
8596.25 21588.33
8593.98 21577.81
8590.69 21566.96
8586.79 21556.50
8582.67 21545.91
8577.59 21535.93
8571.83 21526.18
8565.88 21516.99
8559.07 21508.48
8551.28 21501.58
8543.45 21494.76
8535.00 21487.97
8526.00 21481.90
8517.17 21475.95
8508.56 21470.23
8499.83 21464.47
8490.85 21458.54
8482.04 21453.03
8472.67 21447.87
8462.78 21442.42
8437.36 21429.87
8432.91 21427.85
8428.59 21425.90
8433.50 21423.97
8437.48 21426.32
8439.86 21427.72
8440.78 21428.26
8440.98 21428.38
8441.03 21428.41
8441.03 21428.41
8441.03 21428.41
8441.03 21428.41
8441.03 21428.41
8441.03 21428.41
8449.76 21433.48
8453.45 21435.48
8458.88 21438.41
8466.04 21442.28
8474.30 21447.36
8483.28 21452.87
8492.88 21458.77
8501.94 21464.34
8511.47 21470.20
8520.79 21475.83
8530.30 21481.52
8539.49 21487.01
8548.79 21492.56
8557.53 21497.79
8567.08 21503.49
8585.68 21517.40
8591.23 21526.14
8595.32 21536.75
8598.19 21547.36
8600.95 21558.23
8603.64 21569.06
8606.30 21579.76
8609.10 21591.24
8611.86 21602.64
8614.57 21613.82
8617.81 21625.33
8621.65 21636.14
8626.14 21646.25
8632.87 21655.90
8641.56 21663.41
8652.34 21666.68
8663.67 21668.10
8710.84 21661.54
8722.36 21658.51
8733.70 21655.53
8745.28 21651.48
8756.17 21647.31
8767.21 21642.59
8778.10 21637.41
8788.50 21632.09
8799.16 21625.60
8808.58 21618.16
8818.30 21610.48
8827.51 21602.35
8835.97 21594.16
8844.57 21585.00
8852.74 21575.76
8860.75 21566.70
8868.99 21557.33
8877.23 21547.76
8885.44 21538.23
8893.12 21529.31
8924.84 21496.62
8934.18 21484.17
8944.56 21470.34
8956.27 21454.74
8969.32 21437.34
8983.57 21418.36
8997.69 21399.54
9011.98 21380.51
9025.72 21362.20
9039.78 21343.69
9053.99 21325.54
9068.43 21307.07
9082.92 21288.56
9096.83 21270.75
9111.01 21252.48
9126.96 21232.01
9141.04 21213.86
9154.70 21196.26
9168.57 21178.39
9182.19 21160.84
9196.25 21140.29
9210.26 21122.66
9224.32 21104.96
9238.81 21086.47
9252.66 21068.19
9267.13 21049.51
9281.35 21030.71
9295.30 21012.27
9309.04 20994.10
9323.16 20975.44
9337.29 20956.76
9351.23 20938.33
9365.30 20919.73
9379.78 20901.16
9393.96 20883.23
9408.51 20864.83
9423.02 20846.49
9437.37 20828.36
9451.69 20810.24
9466.23 20791.87
9480.02 20774.18
9493.63 20755.79
9507.48 20737.08
9521.16 20718.60
9535.28 20700.51
9549.26 20682.68
9562.94 20665.24
9576.82 20647.55
9590.62 20629.94
9604.60 20612.12
9617.94 20595.12
9631.67 20577.61
9645.58 20559.88
9659.41 20542.24
9672.98 20524.95
9687.23 20506.77
9700.71 20489.41
9713.49 20472.17
9726.14 20455.11
9739.39 20437.25
9752.52 20419.54
9765.42 20402.15
9778.63 20384.89
9792.56 20367.56
9806.06 20350.71
9819.38 20332.74
9833.09 20314.24
9846.41 20296.28
9859.20 20279.03
9872.18 20261.52
9885.61 20243.42
9910.32 20213.08
9923.44 20195.81
9937.28 20177.99
9951.13 20160.23
9964.91 20142.56
9978.05 20125.71
9991.70 20108.21
10004.97 20088.01
10016.88 20072.04
10028.96 20055.86
10040.33 20040.61
10052.82 20023.87
10065.20 20007.28
10077.50 19990.78
10089.68 19974.46
10115.97 19942.30
10129.85 19925.20
10143.03 19908.96
10156.85 19891.94
10170.62 19874.98
10184.21 19858.24
10197.46 19838.28
10210.74 19820.30
10223.76 19802.68
10237.47 19784.12
10250.81 19766.06
10264.05 19748.13
10277.26 19730.25
10290.01 19712.98
10303.31 19694.99
10316.37 19677.30
10329.40 19659.66
10342.63 19641.75
10355.62 19624.17
10368.86 19605.59
10381.84 19587.18
10394.96 19568.58
10407.88 19550.25
10420.87 19531.83
10433.95 19513.29
10447.15 19494.56
10459.66 19476.81
10472.18 19459.06
10485.02 19440.85
10498.34 19421.97
10511.18 19403.75
10524.07 19385.47
10536.90 19367.28
10550.08 19348.25
10562.69 19329.68
10574.99 19311.56
10587.84 19292.63
10600.54 19273.94
10613.00 19255.59
10625.87 19236.63
10638.59 19217.88
10651.09 19199.48
10663.16 19181.04
10675.23 19162.42
10687.41 19143.64
10699.63 19124.79
10712.27 19105.29
10724.10 19087.05
10736.17 19068.43
10747.79 19050.51
10760.46 19030.90
10772.19 19011.96
10784.19 18992.59
10796.11 18973.34
10807.31 18955.25
10819.09 18936.23
10830.58 18917.68
10842.79 18897.98
10854.54 18879.00
10866.38 18859.89
10878.08 18840.89
10889.90 18821.47
10901.34 18802.66
10912.76 18783.88
10924.26 18764.99
10935.77 18746.07
10946.84 18727.87
10958.53 18708.65
10970.69 18688.66
10981.85 18670.32
10993.52 18650.84
11005.10 18630.80
11016.36 18611.30
11027.29 18592.37
11037.99 18573.85
11049.00 18554.79
11059.93 18535.85
11071.02 18516.66
11082.06 18497.55
11092.65 18477.71
11102.82 18457.51
11112.98 18437.31
11122.70 18418.00
11132.80 18397.94
11142.71 18378.25
11152.82 18358.17
11163.03 18337.88
11173.33 18317.31
11182.38 18297.52
11191.41 18277.80
11200.69 18257.50
11209.42 18236.64
11220.03 18214.79
11228.92 18194.26
11237.50 18173.85
11245.79 18152.95
11253.81 18132.75
11262.79 18110.06
11270.52 18089.73
11278.08 18069.82
11286.03 18048.92
11292.85 18028.48
11299.15 18004.23
11305.84 17984.16
11312.81 17963.27
11319.90 17941.93
11326.24 17921.14
11332.95 17899.16
11339.44 17877.91
11345.78 17856.45
11351.78 17835.87
11357.88 17814.93
11364.18 17793.28
11370.48 17771.66
11376.68 17750.22
11382.96 17728.42
11389.12 17706.99
11395.38 17685.24
11401.75 17663.64
11407.69 17643.40
11413.74 17622.43
11420.02 17601.23
11426.33 17581.12
11432.73 17560.72
11439.26 17540.44
11446.61 17519.75
11454.18 17498.44
11461.74 17477.99
11469.65 17457.48
11477.68 17436.67
11485.85 17415.49
11493.99 17395.65
11502.19 17376.12
11510.84 17355.48
11526.40 17323.68
11535.79 17303.09
11544.78 17283.54
11554.59 17263.48
11564.72 17242.75
11575.65 17222.44
11586.97 17202.12
11598.28 17181.82
11609.61 17161.48
11620.75 17141.48
11631.97 17121.33
11644.37 17101.20
11656.23 17081.98
11668.16 17062.66
11680.46 17042.73
11692.39 17023.41
11704.36 17004.03
11716.36 16984.58
11731.49 16962.90
11743.57 16942.93
11755.75 16922.78
11767.78 16902.88
11779.50 16883.49
11791.16 16864.20
11803.29 16844.13
11815.53 16823.89
11827.78 16803.63
11839.84 16783.68
11853.21 16760.95
11865.65 16741.96
11877.46 16722.58
11888.33 16702.13
11898.99 16682.05
11910.05 16661.14
11920.05 16640.26
11929.88 16619.73
11939.72 16599.18
11949.54 16578.67
11959.72 16557.40
11968.94 16535.82
11976.81 16513.81
11984.47 16492.39
11990.68 16474.58
11996.19 16456.63
12001.18 16438.90
12006.30 16420.75
12011.37 16402.75
12016.26 16385.29
12021.19 16367.62
12025.91 16349.77
12030.44 16331.52
12034.97 16313.53
12039.67 16295.32
12044.37 16277.09
12049.07 16258.87
12053.06 16240.72
12057.05 16222.56
12062.52 16200.95
12068.12 16183.86
12070.72 16165.34
12079.61 16148.81
12085.24 16131.66
12090.60 16115.34
12094.89 16102.28
12098.18 16088.30
12102.21 16077.43
12106.91 16067.38
12111.87 16056.95
12117.42 16046.60
12123.10 16036.88
12128.83 16027.06
12134.80 16016.86
12140.42 16007.24
12145.89 15997.87
12151.56 15988.18
12153.98 15977.50
12159.41 15968.21
12165.00 15958.64
12170.51 15949.21
12176.44 15939.07
12182.17 15929.26
12187.32 15920.45
12192.89 15910.92
12198.44 15901.34
12204.04 15891.53
12209.66 15881.69
12215.13 15872.10
12220.51 15862.67
12225.47 15853.97
12230.54 15845.08
12235.75 15835.96
12241.38 15826.10
12246.87 15816.47
12251.64 15808.11
12256.77 15799.12
12259.86 15793.71
12263.00 15788.20
12266.37 15782.31
12270.54 15774.99
12273.71 15769.43
12276.89 15763.87
12279.86 15758.20
12283.85 15750.41
12287.89 15742.51
12292.17 15734.15
12295.59 15727.48
12299.17 15720.50
12301.85 15715.25
12304.22 15710.60
12306.42 15706.27
12308.63 15701.93
12311.46 15696.35
12314.40 15690.57
12318.05 15683.66
12322.68 15676.12
12326.41 15670.04
12330.42 15663.53
12336.42 15660.06
12340.30 15653.74
12345.47 15645.33
12351.18 15636.04
12354.80 15630.15
12359.71 15622.16
12364.04 15615.12
12369.29 15606.59
12375.27 15596.86
12381.46 15586.78
12387.60 15576.79
12393.63 15566.98
12405.94 15550.32
12411.55 15542.32
12417.11 15534.55
12422.38 15527.28
12427.62 15520.04
12433.15 15512.40
12438.59 15504.90
12452.12 15482.85
12457.88 15473.45
12464.07 15463.66
12469.78 15454.62
12474.39 15445.33
12476.36 15435.08
12478.00 15424.74
12478.35 15413.92
12477.97 15402.77
12475.70 15392.34
12472.91 15382.30
12469.60 15372.27
12465.85 15361.47
12463.63 15350.52
12463.33 15339.13
12463.44 15328.68
12464.78 15318.19
12466.15 15307.44
12467.71 15296.27
12466.34 15284.64
12468.09 15274.35
12469.88 15263.77
12471.64 15253.33
12472.79 15241.95
12473.84 15231.68
12474.95 15220.69
12476.04 15209.95
12477.13 15199.23
12480.05 15184.24
12480.46 15182.12
12480.90 15179.71
12481.17 15178.10
12481.41 15176.69
12481.80 15174.40
12482.30 15171.31
12507.33 15133.45
12512.40 15130.40
12517.65 15127.23
12522.61 15124.23
12527.63 15121.20
12548.64 15108.46
12556.96 15103.32
12565.50 15098.05
12574.02 15092.11
12582.58 15086.07
12591.44 15079.82
12600.16 15073.67
12608.62 15067.70
12616.57 15061.97
12625.17 15055.64
12634.18 15051.71
12650.91 15043.88
12656.72 15038.61
12666.92 15027.81
