13726.38 16997.08
13727.69 16995.99
13728.61 16995.24
13730.03 16994.07
13731.20 16993.11
13732.46 16992.08
13734.04 16990.77
13735.62 16989.47
13736.66 16992.89
13735.57 16993.78
13734.10 16994.99
13732.79 16996.07
13731.63 16997.03
13730.62 16997.86
13729.06 16999.14
13727.63 17000.32
13726.31 17001.40
13723.09 17010.73
13722.56 17014.06
13721.83 17018.58
13720.81 17025.00
13719.46 17033.42
13717.86 17043.38
13716.07 17054.58
13705.61 17065.36
13693.98 17063.71
13683.10 17062.16
13671.38 17060.50
13659.53 17058.82
13650.12 17057.48
13644.61 17056.69
13637.34 17049.28
13638.63 17041.03
13640.18 17031.18
13642.03 17019.44
13643.90 17007.57
13646.57 16990.58
13648.32 16979.38
13650.08 16968.18
13651.26 16960.67
13651.84 16956.97
13653.73 16945.46
13654.89 16938.59
13656.38 16929.76
13658.15 16919.45
13660.47 16907.67
13662.88 16895.42
13671.28 16885.14
13683.26 16887.43
13694.80 16889.64
13706.03 16891.78
13717.30 16893.94
13725.40 16895.49
13729.49 16896.27
13741.50 16898.56
13748.63 16899.92
13757.14 16901.55
13767.74 16903.57
13779.29 16905.78
13791.09 16908.03
13802.33 16910.18
13809.88 16910.71
13814.37 16910.48
13820.98 16900.15
13822.06 16892.18
13824.20 16876.24
13825.63 16865.35
13827.13 16853.93
13828.16 16846.06
13828.77 16841.44
13840.45 16837.32
13847.64 16837.81
13854.59 16838.28
13862.23 16838.80
13868.79 16839.25
13875.27 16839.69
13882.84 16840.20
13890.23 16840.71
13897.34 16841.19
13904.36 16841.67
13911.42 16842.13
13918.53 16842.57
13925.32 16842.99
13931.83 16843.39
13938.65 16843.82
13952.36 16844.62
13959.38 16844.97
13966.36 16845.32
13972.63 16845.64
13979.53 16846.70
13986.50 16848.03
13992.85 16849.24
14005.44 16851.60
14012.51 16852.88
14019.87 16854.21
14026.75 16855.45
14033.06 16856.59
14040.45 16857.92
14047.56 16859.21
14054.43 16860.45
14061.55 16861.73
14067.98 16862.89
14075.30 16864.22
14082.65 16865.54
14089.30 16866.74
14096.50 16868.05
14103.96 16869.39
14111.30 16870.72
14118.68 16872.05
14125.72 16873.32
14132.97 16874.63
14136.14 16875.21
14136.16 16875.21
14136.16 16875.21
14136.16 16875.21
14136.16 16875.21
14136.16 16875.21
14136.16 16875.21
14136.16 16875.21
14136.16 16875.21
14137.35 16875.42
14139.66 16875.84
14153.79 16877.58
14158.81 16875.28
14165.16 16872.08
14171.59 16868.94
14177.87 16865.67
14183.70 16862.45
14190.18 16858.87
14196.67 16855.28
14202.82 16851.89
14208.57 16848.71
14214.99 16845.17
14221.27 16841.70
14226.98 16838.54
14232.98 16835.23
14239.51 16831.62
14245.58 16828.27
14251.53 16824.98
14258.18 16821.31
14264.35 16817.90
14270.16 16814.69
14276.90 16810.97
14283.10 16807.54
14289.23 16804.15
14295.14 16800.89
14301.45 16797.40
14308.04 16793.38
14314.30 16789.47
14320.41 16785.66
14326.93 16781.59
14333.27 16777.64
14348.88 16766.09
14351.97 16762.96
14355.12 16759.76
14357.28 16757.53
14365.52 16748.77
14370.40 16743.67
14374.88 16738.99
14379.59 16734.08
14384.07 16729.39
14389.01 16724.21
14394.08 16718.70
14398.39 16714.02
14403.30 16708.67
14408.28 16703.26
14412.73 16698.41
14423.81 16686.38
14428.16 16681.65
14432.29 16677.17
14436.82 16672.25
14441.30 16667.40
14445.73 16662.60
14450.04 16657.94
14454.47 16653.14
14458.61 16648.67
14462.49 16644.47
14467.06 16639.59
14471.13 16635.34
14475.68 16630.59
14480.29 16625.77
14483.96 16621.94
14502.40 16601.40
14506.27 16597.03
14510.08 16593.13
14513.67 16589.40
14517.36 16585.48
14521.08 16581.54
14524.83 16577.57
14528.35 16573.84
14530.44 16571.63
14543.62 16573.83
14549.33 16579.06
14554.77 16584.04
14560.82 16589.57
14566.32 16594.23
14571.81 16598.89
14577.36 16603.59
14583.61 16608.89
14586.42 16615.58
14589.13 16623.21
14591.78 16630.64
14594.54 16638.35
14596.89 16644.93
14599.39 16651.94
14601.76 16658.99
14603.79 16665.76
14605.90 16672.80
14607.91 16679.53
14609.91 16686.21
14607.91 16691.85
