10116.68 26005.09
10117.58 26003.60
10119.78 25999.99
10122.68 25995.21
10126.51 25988.92
10131.42 25980.83
10137.12 25971.46
10142.94 25961.89
10148.40 25952.20
10154.01 25942.15
10159.45 25932.06
10165.00 25921.36
10170.27 25911.21
10167.73 25887.55
10164.02 25880.55
10160.41 25873.74
10156.65 25866.63
10153.19 25860.09
10151.87 25837.67
10159.72 25831.20
10168.92 25825.82
10178.75 25821.00
10189.32 25817.16
10199.65 25813.42
10210.38 25808.99
10220.62 25804.52
10230.15 25799.09
10236.31 25790.40
10242.15 25780.29
10247.68 25770.71
10253.22 25761.11
10258.38 25752.19
10260.88 25747.71
10262.57 25744.48
10263.77 25742.18
10270.28 25730.43
10273.13 25725.29
10275.72 25720.62
10278.57 25715.45
10281.50 25710.16
10287.65 25699.10
10291.03 25693.04
10294.34 25687.11
10297.67 25681.15
10300.67 25675.75
10303.88 25670.00
10307.34 25663.79
10310.64 25657.87
10313.81 25652.20
10316.94 25646.58
10319.97 25641.15
10323.13 25635.48
10326.52 25629.40
10329.57 25623.94
10332.65 25618.41
10335.82 25612.72
10338.97 25607.06
10342.18 25601.28
10345.56 25595.20
10348.50 25589.93
10351.82 25583.96
10354.78 25578.64
10357.81 25573.19
10361.17 25567.15
10364.62 25560.96
10367.89 25555.08
10371.24 25549.05
10374.57 25543.07
10377.68 25537.49
10380.77 25531.93
10384.14 25525.87
10388.76 25517.54
10393.51 25509.00
10395.79 25504.91
10398.09 25500.79
10400.30 25496.83
10405.89 25486.59
10408.52 25481.72
10411.30 25476.56
10414.15 25471.28
10416.94 25466.11
10419.79 25460.83
10422.47 25455.86
10425.20 25450.80
10427.06 25447.36
10431.88 25437.84
10433.51 25434.35
10441.89 25416.48
10444.62 25410.75
10447.07 25405.60
10449.37 25400.77
10451.96 25395.32
10454.26 25390.37
10456.44 25385.28
10458.57 25380.28
10460.72 25375.26
10463.21 25369.43
10465.38 25364.41
10467.66 25359.17
10470.06 25353.68
10473.44 25343.28
10473.71 25337.49
10474.00 25331.09
10473.77 25324.66
