7083.24 26613.05
7081.23 26612.25
7077.65 26610.84
7072.83 26608.94
7066.12 26606.76
7057.41 26603.94
7047.27 26600.67
7035.45 26597.10
7023.73 26593.73
7011.92 26590.32
7000.17 26587.29
6987.22 26584.89
6974.80 26583.52
6961.87 26583.35
6949.31 26583.23
6939.19 26583.87
6932.89 26584.33
6915.21 26585.74
6905.74 26586.56
6895.05 26587.49
6883.69 26589.19
6872.39 26593.23
6853.84 26602.17
6843.61 26607.34
6832.64 26612.90
6821.64 26618.48
6811.14 26623.79
6800.02 26629.42
6780.95 26639.05
6770.07 26644.53
6758.94 26650.14
6747.85 26655.72
6737.50 26660.94
6728.62 26665.42
6722.36 26668.57
6707.58 26662.72
6702.30 26652.66
6696.52 26641.65
6690.28 26629.78
6684.34 26618.61
6677.91 26606.84
6671.67 26595.26
6665.38 26583.33
6659.54 26572.27
6653.36 26560.60
6646.93 26549.02
6640.87 26538.13
6634.45 26527.18
6627.92 26516.03
6621.38 26504.87
6614.99 26494.22
6608.19 26482.95
6601.42 26471.72
6594.73 26461.02
6588.58 26452.17
6584.51 26445.67
6582.47 26442.33
6582.33 26442.10
6582.27 26442.00
6576.79 26440.54
6573.99 26442.20
6569.83 26444.68
6564.07 26447.87
6556.28 26452.10
6547.10 26457.08
6535.80 26463.22
6523.80 26468.86
6511.82 26476.11
6500.38 26483.86
6489.64 26492.42
6479.03 26500.88
6468.82 26509.01
6457.95 26517.68
6447.35 26526.13
6437.00 26534.37
6426.68 26542.73
6416.46 26551.31
6405.83 26560.23
6395.38 26568.99
6385.56 26577.23
6375.73 26585.47
6365.20 26594.30
6355.36 26602.56
6345.45 26610.88
6334.89 26619.63
6323.93 26628.27
6313.09 26636.82
6302.10 26645.48
6291.53 26653.81
6280.64 26662.40
6270.28 26670.17
6259.48 26677.66
6248.42 26685.33
6237.48 26692.92
6225.67 26699.25
6213.06 26705.30
6203.00 26710.32
6196.80 26713.21
6191.14 26721.58
6190.00 26727.77
6186.08 26734.19
6165.46 26738.69
6154.55 26720.45
6156.40 26714.11
6158.78 26701.41
6154.19 26688.86
6149.86 26676.81
6145.77 26664.25
6141.69 26651.68
6137.60 26638.71
6133.49 26625.65
6130.31 26612.94
6127.24 26599.77
6124.12 26586.37
6121.20 26573.85
6118.32 26561.46
6116.03 26546.90
6113.77 26531.86
6111.31 26515.43
6109.11 26497.37
6107.03 26477.56
6105.39 26458.14
6104.17 26439.25
6103.22 26420.54
6102.21 26400.76
6101.23 26381.50
6100.27 26362.47
6099.26 26342.71
6098.31 26323.95
6097.25 26304.94
6096.19 26285.85
6095.12 26266.59
6094.18 26247.52
6093.36 26228.39
6092.53 26208.93
6091.73 26190.16
6090.91 26170.77
6090.14 26152.57
6089.55 26139.01
6089.05 26127.63
6088.55 26116.27
6088.02 26104.20
6087.50 26092.63
6086.99 26081.05
6086.48 26069.46
6080.43 26042.11
6076.30 26035.65
6070.39 26029.76
6085.83 26013.05
6084.42 26000.86
6083.02 25988.83
6080.77 25976.97
6078.28 25965.21
6075.81 25953.73
6073.17 25941.51
6069.14 25928.15
6064.19 25915.60
6059.47 25903.62
6054.87 25891.96
6048.82 25879.88
6043.00 25868.28
6037.10 25856.53
6029.64 25844.73
6025.05 25835.06
6020.49 25825.45
6016.22 25816.44
6011.88 25807.30
6007.26 25797.55
6003.07 25788.71
6000.35 25782.98
5986.73 25755.47
5981.32 25746.42
5975.36 25736.46
5969.59 25726.82
5963.88 25717.27
5957.48 25707.69
5950.91 25698.35
5944.54 25689.30
5938.35 25680.51
5931.83 25671.24
5925.30 25661.96
5919.06 25653.11
5912.77 25644.18
5906.23 25634.89
5900.80 25627.33
5897.47 25622.76
5869.62 25591.99
5863.99 25588.40
5856.84 25584.53
5848.29 25581.03
5838.22 25579.46
5828.48 25582.30
5812.19 25595.26
5803.43 25608.12
5794.99 25620.52
5786.48 25633.01
5778.10 25645.32
5769.70 25657.65
5762.86 25670.81
5760.22 25685.48
5761.65 25700.72
5768.03 25714.07
5779.98 25724.27
5794.38 25729.79
5809.70 25729.00
5823.59 25723.90
5834.59 25713.10
5842.54 25699.50
5847.69 25685.28
5853.07 25670.42
5867.49 25639.04
5872.36 25620.83
5877.87 25600.19
5883.92 25577.58
5890.68 25553.82
5898.39 25528.10
5906.65 25500.53
5915.56 25470.78
5925.15 25435.50
5936.02 25401.75
5947.63 25365.69
5960.74 25327.40
5974.49 25287.28
5990.23 25245.18
6007.25 25201.33
6025.27 25155.87
6044.75 25108.69
6065.21 25059.97
6087.30 25010.04
6109.77 24959.97
6132.99 24910.10
6157.64 24860.39
6182.95 24811.08
6208.22 24762.76
6234.30 24714.40
6261.58 24666.48
6289.90 24619.79
6318.14 24573.24
6346.76 24526.41
6376.15 24479.83
6405.70 24433.01
6435.35 24386.63
6466.06 24341.85
6497.17 24296.46
6528.18 24251.47
6560.91 24208.06
6594.01 24164.18
6628.26 24120.89
6664.15 24079.91
6700.24 24038.69
6736.26 23997.54
6772.09 23956.63
6808.03 23915.58
6844.48 23873.95
6880.63 23832.65
6917.64 23792.16
6954.85 23752.33
6992.36 23712.18
7030.03 23671.85
7067.12 23632.16
7105.90 23592.50
7145.51 23553.67
7184.09 23514.36
7222.15 23474.92
7260.50 23435.18
7298.97 23395.32
7336.80 23356.12
7374.92 23316.62
7412.62 23277.55
7450.66 23238.14
7488.80 23198.61
7527.04 23159.05
7564.68 23119.44
7601.84 23079.16
7639.48 23038.36
7677.10 22997.58
7713.88 22957.71
7751.32 22917.13
7788.87 22876.43
7825.87 22835.83
7861.79 22795.19
7898.43 22753.73
7934.35 22713.09
7970.87 22671.77
8004.75 22633.44
8036.06 22598.02
8064.38 22565.97
8089.96 22537.03
8112.08 22510.76
8134.08 22484.60
8155.61 22458.97
8177.67 22432.73
8198.98 22407.37
8220.72 22381.51
8242.40 22355.71
8264.16 22329.82
8286.00 22303.84
8307.57 22278.18
8328.83 22252.88
8350.68 22226.69
8372.06 22200.63
8393.22 22174.84
8414.81 22148.53
8435.69 22123.09
8453.72 22101.03
8470.43 22080.23
8487.47 22059.03
8504.45 22037.89
8520.98 22017.31
8538.13 21995.97
8554.37 21975.26
8570.49 21954.23
8586.43 21933.26
8602.38 21912.30
8618.55 21891.03
8634.77 21869.69
8650.83 21848.58
8667.42 21826.76
8683.66 21805.40
8699.93 21784.01
8716.42 21762.32
8732.77 21741.39
8749.13 21720.45
8765.40 21699.62
8781.76 21678.68
8797.95 21657.95
8814.48 21636.79
8830.67 21616.05
8846.93 21595.04
8863.60 21573.44
8880.02 21552.17
8896.53 21530.78
8933.82 21484.65
8950.37 21462.60
8967.30 21440.04
8983.86 21417.97
9000.54 21395.74
9017.17 21373.59
9033.77 21351.47
9050.67 21329.77
9067.55 21308.21
9084.67 21286.33
9101.93 21264.17
9118.56 21242.76
9137.33 21218.64
9153.68 21197.58
9169.72 21176.91
9186.75 21152.25
9203.55 21131.11
9220.55 21109.71
9237.94 21087.62
9254.25 21066.08
9270.94 21044.48
9287.68 21022.34
9304.29 21000.39
9320.62 20978.80
9337.15 20956.94
9354.08 20934.56
9370.35 20913.08
9387.78 20891.05
9404.94 20869.35
9421.69 20848.17
9438.83 20826.50
9455.96 20804.85
9473.04 20783.26
9489.69 20761.11
9505.86 20739.28
9522.32 20717.04
9539.03 20695.73
9556.24 20673.78
9573.21 20652.15
9590.23 20630.44
9607.00 20609.07
9624.07 20587.31
9641.41 20565.19
9658.74 20543.10
9675.54 20521.68
9692.71 20499.79
9709.61 20477.41
9726.12 20455.14
9742.78 20432.68
9759.40 20410.26
9776.19 20387.92
9793.48 20366.41
9810.14 20345.20
9826.64 20322.94
9843.13 20300.71
9859.38 20278.78
9875.74 20256.73
9892.08 20234.69
9920.02 20200.32
9936.74 20178.68
9953.32 20157.42
9970.43 20135.48
9987.54 20113.54
10004.00 20089.31
10018.70 20069.60
10033.39 20049.91
10048.42 20029.76
10063.03 20010.18
10077.64 19990.60
10092.67 19970.46
10122.46 19934.30
10139.87 19912.86
10157.01 19891.74
10174.29 19870.46
10192.02 19845.65
10208.41 19823.46
10225.36 19800.52
10242.02 19777.96
10258.31 19755.90
10275.07 19733.22
10291.30 19711.25
10307.69 19689.06
10324.05 19666.90
10340.57 19644.54
10357.14 19622.11
10373.63 19598.82
10389.55 19576.24
10405.35 19553.84
10421.65 19530.72
10437.84 19507.77
10454.15 19484.64
10470.37 19461.63
10486.77 19438.37
10502.79 19415.65
10518.64 19393.17
10534.69 19370.41
10550.52 19347.60
10566.52 19324.03
10582.09 19301.10
10597.94 19277.76
10613.47 19254.89
10628.99 19232.03
10644.68 19208.92
10660.41 19185.29
10675.62 19161.82
10690.66 19138.63
10706.00 19114.97
10721.15 19091.60
10736.63 19067.71
10751.80 19044.32
10766.88 19020.54
10781.26 18997.31
10795.78 18973.86
10810.20 18950.60
10824.91 18926.84
10839.26 18903.67
10853.99 18879.89
10869.00 18855.65
10883.34 18832.25
10897.68 18808.67
10912.05 18785.05
10926.49 18761.32
10941.25 18737.06
10955.78 18713.16
10970.07 18689.68
10984.86 18665.38
10999.10 18641.18
11013.07 18617.00
11027.33 18592.31
11041.01 18568.62
11054.78 18544.78
11068.61 18520.84
11082.41 18496.94
11095.47 18472.11
11108.09 18447.04
11120.77 18421.85
11133.19 18397.17
11145.89 18371.93
11158.46 18346.97
11170.86 18322.33
11182.38 18297.52
11193.95 18272.23
11205.56 18246.33
11216.06 18219.95
11226.30 18192.03
11236.74 18166.84
11246.59 18141.98
11254.88 18112.28
11264.25 18087.65
11273.46 18063.42
11281.23 18042.46
11287.45 18023.80
11292.14 18007.47
11294.34 17993.13
11298.28 17978.99
11302.25 17965.21
11306.09 17951.84
11310.12 17937.86
11313.42 17910.98
11314.49 17895.13
11313.48 17879.48
11309.62 17863.71
11303.52 17849.16
11295.95 17835.46
11285.90 17823.07
11273.92 17811.72
11261.64 17801.88
11249.30 17792.01
11230.54 17777.15
11225.49 17773.23
11220.51 17769.35
11214.16 17735.97
11221.35 17727.66
11228.42 17719.50
11235.79 17710.98
11242.78 17702.91
11249.72 17694.89
11256.81 17686.70
11263.95 17678.45
11270.30 17671.12
11275.03 17665.66
11277.55 17662.75
11284.97 17644.42
11284.60 17644.07
11284.27 17643.75
11271.28 17630.16
11265.49 17625.27
11263.45 17622.38
11243.74 17594.30
11235.20 17586.13
11226.49 17577.79
11218.01 17569.63
11209.49 17561.28
11201.31 17553.27
11192.88 17544.58
11184.84 17536.30
11169.36 17519.93
11160.31 17510.20
11151.47 17500.70
11142.60 17491.17
11134.10 17482.02
11125.10 17472.34
11116.31 17462.67
11107.96 17453.06
11099.64 17443.48
11090.71 17433.20
11081.83 17422.98
11073.10 17412.53
11063.35 17400.07
11055.72 17390.24
11047.61 17379.79
11040.01 17369.99
11030.26 17357.35
11022.81 17347.45
11015.03 17337.11
11005.47 17323.43
10998.61 17313.81
10991.04 17304.20
10983.60 17294.73
10974.51 17286.23
10971.08 17282.00
10969.34 17279.83
10968.81 17279.18
10968.80 17279.16
10968.79 17279.16
10968.79 17279.16
10968.79 17279.16
10968.79 17279.16
10968.79 17279.16
10968.79 17279.16
10968.79 17279.16
10968.79 17279.16
10968.79 17279.16
10968.79 17279.16
10968.79 17279.16
10968.79 17279.16
10968.79 17279.16
10968.79 17279.16
10968.79 17279.16
10968.79 17279.16
10968.79 17279.16
10968.79 17279.16
10968.79 17279.16
10958.03 17265.92
10956.29 17263.79
10953.25 17260.08
10949.13 17255.06
10943.67 17248.42
10937.16 17240.47
10929.61 17231.27
10911.00 17214.34
10905.32 17206.45
10899.38 17198.22
10893.41 17189.91
10884.53 17176.79
10874.38 17162.84
10867.81 17153.44
10861.65 17144.65
10855.11 17135.30
10845.77 17118.91
10837.46 17108.02
10829.39 17097.45
10821.55 17087.18
10813.74 17076.95
10805.55 17065.72
10797.59 17054.38
10790.21 17043.94
10782.42 17032.93
10775.03 17022.17
10767.26 17010.84
10759.65 16999.80
10751.80 16989.08
10743.68 16978.23
10735.37 16967.54
10727.89 16957.03
10720.21 16945.91
10712.28 16934.44
10704.46 16923.12
10697.00 16912.34
10689.28 16901.27
10681.34 16890.03
10673.21 16878.68
10665.71 16868.21
10657.61 16856.90
10649.80 16845.78
10642.39 16835.35
10634.86 16824.79
10627.06 16813.86
10619.45 16803.17
10612.02 16792.52
10604.67 16782.00
10597.04 16771.06
10589.24 16759.91
10581.56 16749.07
10573.93 16738.30
10566.03 16727.15
10551.30 16706.43
10543.67 16695.72
10536.35 16685.45
10529.20 16675.41
10521.92 16664.66
10514.75 16654.40
10507.64 16644.21
10500.71 16634.30
10493.23 16623.59
10485.70 16612.81
10480.55 16605.44
10477.72 16601.39
10476.90 16600.21
10476.45 16599.57
10476.43 16599.54
10476.41 16599.51
10476.40 16599.50
10470.15 16590.69
10468.48 16588.38
10466.13 16585.12
10462.72 16580.40
10458.41 16574.43
10453.21 16567.23
10447.16 16558.86
10440.78 16550.02
10434.58 16541.45
10429.69 16535.66
10427.22 16532.73
10427.07 16532.56
10427.05 16532.53
10427.04 16532.52
10427.04 16532.51
10427.04 16532.51
10427.04 16532.51
10427.04 16532.51
10427.04 16532.51
10427.04 16532.51
10427.04 16532.51
10427.04 16532.51
10427.04 16532.51
10427.04 16532.51
10427.04 16532.51
10427.04 16532.51
10427.04 16532.51
10427.04 16532.51
10427.04 16532.51
10427.04 16532.51
10427.04 16532.51
10427.04 16532.51
10415.47 16517.37
10413.62 16514.61
10410.88 16510.50
10406.98 16504.64
10402.06 16497.27
10396.17 16488.44
10389.32 16478.17
10382.14 16467.40
10374.88 16456.50
10367.90 16446.04
10360.64 16435.16
10353.30 16424.15
10346.33 16413.70
10339.37 16403.27
10332.36 16392.75
10325.46 16382.41
10318.51 16371.99
10311.56 16361.56
10290.17 16332.66
10282.04 16324.12
10274.66 16315.43
10267.12 16306.55
10260.31 16297.32
10254.42 16287.85
10248.40 16278.16
10242.17 16268.13
10233.96 16254.93
10231.74 16251.37
10226.11 16242.79
10226.02 16242.66
10219.83 16233.36
10218.02 16230.64
10215.78 16227.32
10204.89 16210.62
10198.21 16200.25
10190.94 16188.95
10183.55 16177.74
10175.56 16167.43
10167.23 16156.68
10160.14 16145.79
10153.42 16135.14
10146.54 16124.24
10139.32 16112.81
10132.27 16101.63
10125.06 16090.21
10117.96 16078.96
10110.75 16067.54
10103.84 16056.59
10096.74 16045.34
10084.56 16027.34
10077.73 16017.37
10070.41 16006.83
10063.25 15996.55
10056.33 15986.59
10049.13 15976.24
10041.89 15965.83
10034.95 15955.85
10028.04 15945.90
10015.76 15927.82
10008.60 15917.16
10001.56 15906.66
9994.29 15895.83
9987.47 15886.01
9979.82 15875.41
9972.56 15865.35
9965.20 15855.13
9957.79 15844.86
9950.45 15834.68
9942.86 15824.17
9935.86 15814.47
9928.73 15804.58
9913.29 15788.37
9903.09 15791.18
9892.39 15794.14
9882.09 15796.99
9871.58 15799.90
9860.95 15802.84
9852.76 15805.10
9848.07 15806.40
9828.91 15802.43
9826.45 15800.55
9823.48 15798.29
9803.61 15783.13
9792.87 15774.94
9782.23 15766.83
9771.10 15758.33
9760.83 15750.50
9749.77 15742.06
9739.16 15733.97
9728.43 15725.78
9717.48 15717.43
9706.60 15709.13
9695.86 15700.94
9684.83 15692.53
9674.21 15684.42
9663.96 15676.61
9653.75 15668.82
9642.85 15660.50
9631.72 15652.01
9621.00 15643.84
9610.54 15635.85
9600.00 15627.81
9589.64 15619.92
9578.91 15612.18
9567.58 15604.03
9556.84 15596.31
9545.47 15588.13
9534.40 15580.68
9523.51 15573.85
9510.60 15570.63
9496.76 15572.55
9483.40 15575.14
9470.47 15577.79
9456.99 15581.12
9443.86 15584.36
9430.76 15586.45
9418.01 15587.64
9404.31 15588.24
9390.93 15587.48
9377.14 15586.63
9354.77 15585.05
9341.35 15583.87
9328.01 15582.70
9314.96 15581.55
9302.33 15580.44
9288.90 15579.26
9276.19 15578.14
9263.30 15577.00
9249.75 15575.81
9236.51 15574.77
9222.92 15573.76
9210.13 15572.81
9196.53 15571.81
9183.93 15570.84
9170.79 15569.77
9158.16 15568.47
9145.19 15565.71
9133.04 15559.73
9124.19 15550.68
9117.83 15538.91
9115.64 15525.53
9114.01 15500.24
9114.33 15488.19
9114.91 15476.71
9116.27 15464.72
9118.15 15453.56
9119.96 15434.88
9117.65 15424.57
9115.09 15414.65
9113.02 15408.13
9111.98 15404.87
9102.10 15398.41
9093.60 15396.48
9082.85 15394.03
9069.78 15391.06
9056.05 15387.94
9043.01 15384.97
9029.33 15381.86
9016.60 15378.96
9003.50 15375.98
8990.10 15372.93
8976.32 15369.89
8962.60 15366.96
8949.49 15364.16
8936.04 15361.29
8922.75 15358.45
8909.95 15355.72
8896.61 15352.88
8883.80 15350.14
8870.36 15346.18
8857.71 15342.28
8844.46 15338.19
8831.76 15334.28
8818.49 15331.31
8805.79 15328.85
8793.13 15326.40
8780.27 15324.58
8766.80 15324.07
8756.23 15308.11
8757.15 15298.27
8758.11 15288.00
8758.88 15279.72
8759.35 15274.71
8762.46 15276.86
8761.73 15284.72
8760.87 15293.85
8760.00 15303.14
8759.12 15312.62
