14156.39 16876.49
14158.20 16875.58
14161.64 16873.85
14166.35 16871.48
14171.53 16868.97
14176.80 16866.27
14182.11 16863.33
14187.73 16860.23
14193.68 16856.94
14199.05 16853.97
14205.02 16850.67
14210.71 16847.53
14216.29 16844.45
14221.85 16841.38
14226.89 16838.59
14232.59 16835.44
14237.90 16832.51
14243.92 16829.18
14249.30 16826.21
14254.81 16823.17
14260.69 16819.92
14266.48 16816.72
14272.02 16813.66
14277.29 16810.75
14282.89 16807.65
14288.41 16804.60
14293.58 16801.75
14299.33 16798.57
14304.62 16795.51
14310.38 16791.92
14316.16 16788.31
14321.16 16785.19
14326.95 16781.58
14332.41 16778.17
14335.98 16775.94
14349.91 16765.05
14352.75 16762.16
14355.33 16759.55
14357.12 16757.70
14366.96 16760.89
14370.55 16764.90
14374.50 16769.25
14378.72 16773.57
14382.64 16777.57
14386.81 16781.84
14390.89 16786.01
14394.56 16789.77
14397.93 16793.79
14394.14 16797.44
14389.70 16801.71
14389.04 16808.28
14392.00 16811.25
14394.95 16814.22
14397.35 16816.62
14399.92 16819.20
14402.63 16821.92
14404.62 16824.98
14406.12 16828.80
14407.25 16831.69
14408.74 16835.48
14410.16 16839.10
14411.34 16842.10
14412.57 16845.23
14419.57 16849.91
14423.37 16849.24
14426.56 16848.68
14427.36 16852.40
14428.17 16856.52
14428.92 16860.37
14429.64 16864.03
14430.26 16867.20
14430.97 16870.83
14435.36 16876.80
14439.18 16876.24
14444.03 16875.53
14446.69 16875.14
14455.80 16883.66
14457.13 16890.88
14458.71 16899.42
14460.58 16909.58
14462.30 16918.94
14464.08 16928.58
14465.88 16938.36
14469.62 16958.60
14471.53 16969.00
14473.44 16979.35
14475.30 16989.46
14477.20 16999.77
14479.00 17009.56
14480.95 17020.11
14482.16 17026.69
14482.71 17029.69
14485.34 17044.03
14486.47 17050.22
14487.97 17058.49
14489.81 17068.58
14491.58 17078.28
14493.34 17087.95
14494.57 17094.74
14495.23 17098.34
14497.89 17112.75
14499.21 17119.83
14500.84 17128.55
14502.57 17137.82
14504.36 17147.44
14506.08 17156.64
14509.77 17176.55
14511.73 17187.22
14513.60 17197.36
14515.58 17208.07
14517.51 17218.59
14519.48 17229.27
14521.29 17239.11
14522.85 17247.56
14523.81 17252.81
14532.04 17255.31
14537.51 17253.77
14543.78 17251.99
14549.83 17250.28
14556.02 17248.53
14562.28 17246.76
14568.00 17245.15
14573.95 17243.46
14579.93 17241.77
14585.94 17240.07
14592.88 17238.17
14598.85 17236.51
14604.50 17234.94
14610.14 17233.37
14616.40 17231.53
14622.15 17229.50
14627.91 17227.46
14633.32 17225.55
14638.71 17223.64
14654.04 17218.15
14661.94 17215.23
14671.65 17211.64
14682.18 17207.75
