12363.93 13578.32
12364.02 13580.53
12364.21 13584.92
12364.50 13591.60
12364.80 13598.69
12365.11 13606.03
12365.43 13613.48
12365.73 13620.33
12366.02 13627.19
12366.35 13634.79
12366.68 13642.53
12366.97 13649.31
12367.61 13663.50
12367.96 13670.96
12368.31 13678.56
12368.64 13685.57
12369.00 13693.35
12369.34 13700.59
12369.65 13707.43
12370.00 13714.95
12370.33 13721.91
12370.69 13729.77
12371.03 13736.92
12371.35 13743.96
12371.70 13751.38
12372.01 13758.19
12372.37 13765.88
12372.70 13772.90
12373.03 13779.94
12373.35 13786.80
12373.68 13794.04
12374.03 13801.46
12374.20 13805.23
12374.27 13806.87
12374.28 13806.95
12374.28 13806.95
12374.28 13806.95
12374.28 13806.95
12374.28 13806.95
12374.28 13806.95
12374.28 13806.95
12374.28 13806.95
12374.28 13806.95
12374.90 13818.39
12375.19 13822.57
12375.63 13829.14
12376.14 13836.73
12376.59 13843.43
12377.08 13850.62
12377.53 13857.30
12378.04 13864.84
12378.48 13871.38
12378.99 13878.94
12379.48 13886.14
12379.95 13893.04
12380.40 13899.76
12380.87 13906.79
12381.35 13913.79
12381.83 13920.91
12382.19 13924.78
12373.74 13930.21
12366.35 13930.71
12356.83 13931.36
12345.58 13932.12
12333.65 13932.92
12321.49 13933.74
12309.67 13934.54
12297.26 13935.38
12285.43 13936.18
12273.47 13936.99
12263.48 13940.98
12257.25 13941.40
12255.00 13941.55
12254.90 13941.56
12254.90 13941.56
12254.90 13941.56
12254.90 13941.56
12254.90 13941.56
12254.90 13941.56
12254.90 13941.56
12254.90 13941.56
12254.90 13941.56
12254.90 13941.56
12254.90 13941.56
12254.90 13941.56
12254.90 13941.56
12254.90 13941.56
12254.90 13941.56
12254.90 13941.56
12231.80 13941.23
12228.11 13941.38
12222.95 13941.59
12216.31 13941.87
12207.44 13942.23
12197.05 13945.96
12184.74 13946.47
12172.26 13946.98
12160.07 13947.51
12148.03 13948.14
12135.54 13948.97
12123.39 13950.22
12111.73 13951.41
12099.09 13952.70
12086.92 13953.95
12064.34 13955.99
12050.77 13957.14
12037.55 13958.26
12024.91 13959.25
12012.22 13960.13
11999.35 13961.02
11986.66 13961.90
11973.80 13962.80
11961.29 13963.67
11948.82 13964.53
11935.24 13965.48
11923.47 13966.18
11911.15 13966.77
11898.25 13967.39
11885.45 13968.00
11872.71 13968.61
11860.23 13969.21
11846.82 13969.95
11834.15 13970.66
11821.26 13971.37
11807.71 13972.12
11795.13 13972.81
11782.63 13973.50
11770.07 13974.19
11756.59 13981.85
11750.10 13991.63
11743.55 14001.29
11736.36 14010.28
11732.19 14017.71
11728.77 14025.13
11725.19 14032.89
11722.34 14039.07
11720.14 14043.84
11718.91 14046.50
11718.66 14047.03
11718.60 14047.17
11718.56 14047.24
11718.55 14047.28
11718.55 14047.28
11718.55 14047.28
11718.55 14047.28
11718.55 14047.28
11718.55 14047.28
11718.55 14047.28
11718.55 14047.28
11718.55 14047.28
11718.55 14047.28
11718.55 14047.28
11718.55 14047.28
11718.55 14047.28
11718.55 14047.28
11718.55 14047.28
11671.82 14021.65
11670.96 14019.83
11669.52 14016.81
11667.72 14013.03
11666.09 14008.25
11665.08 14005.27
11664.51 14003.58
11664.33 14003.04
11663.73 14001.26
11662.85 13998.66
11661.66 13995.14
11660.15 13990.65
11653.53 13982.24
11642.14 13982.74
11630.28 13983.26
11618.46 13983.78
11607.53 13984.25
11596.61 13984.73
11573.95 13983.89
11564.84 13984.03
11555.74 13984.17
11546.00 13984.32
11536.32 13984.47
11527.00 13984.62
11493.59 13983.46
11480.91 13983.77
11467.64 13984.09
11454.16 13984.42
11441.11 13984.74
11428.69 13985.05
11415.99 13985.36
11402.92 13985.68
11389.43 13986.01
11376.44 13986.36
11363.97 13987.01
11351.59 13987.65
11338.78 13988.31
11325.73 13988.99
11313.10 13989.65
11299.99 13990.33
11287.36 13990.98
11274.66 13991.71
11263.19 13992.52
11252.15 13993.29
11241.48 13994.04
11230.55 13994.80
11219.56 13995.57
11209.03 13996.31
11198.12 13997.07
11187.05 13994.54
11176.57 13995.28
11164.06 13996.14
11151.68 13996.93
11139.15 13997.72
11125.66 13998.57
11112.11 13999.33
11102.90 13999.85
11096.33 14000.22
11087.44 14000.72
11077.38 14001.38
11066.66 14002.30
11056.22 14003.20
11045.45 14004.13
11034.51 14004.92
11023.76 14008.96
11010.82 14009.86
10998.09 14010.73
10985.04 14011.63
10971.81 14012.43
10959.17 14013.18
10945.97 14013.97
10932.64 14014.79
10920.16 14015.62
10907.44 14016.47
10894.70 14017.32
10881.76 14018.18
10873.16 14018.75
10868.52 14019.06
10867.54 14015.82
10864.45 14016.02
10862.12 14016.19
10861.95 14016.20
10861.89 14016.21
10861.87 14016.21
10861.87 14016.21
10861.87 14016.21
10861.86 14016.21
10861.86 14016.21
10861.86 14016.21
10861.86 14016.21
10861.86 14016.21
10861.86 14016.21
10861.86 14016.21
10861.86 14016.21
10861.86 14016.21
10861.86 14016.21
10861.86 14016.21
10861.86 14016.21
10861.86 14016.21
10861.86 14016.21
10861.86 14016.21
10861.86 14016.21
10841.79 14018.05
10838.20 14018.38
10833.19 14018.83
10826.88 14019.41
10818.99 14020.12
10809.29 14021.00
10797.39 14022.09
10784.79 14023.23
10772.72 14024.33
10760.61 14025.42
10748.80 14026.51
10736.51 14027.66
10724.24 14028.81
10712.20 14029.94
10700.41 14031.05
10687.59 14032.25
10675.34 14033.39
10663.05 14034.54
10651.24 14035.65
10638.68 14036.82
10625.82 14038.03
10612.90 14039.24
10600.45 14040.41
10588.46 14041.54
10579.67 14042.37
10574.85 14042.82
10572.62 14042.96
10572.05 14042.94
