16771.71 10911.43
16773.57 10910.86
16776.85 10909.86
16781.65 10908.39
16788.23 10906.38
16796.41 10903.87
16806.53 10900.75
16817.06 10897.51
16828.11 10894.11
16838.33 10890.96
16848.65 10887.78
16858.88 10884.63
16867.28 10882.04
16871.61 10880.69
16882.87 10888.98
16888.80 10895.08
16895.28 10902.33
16902.00 10909.90
16908.68 10917.43
16915.68 10925.31
16922.60 10933.10
16929.42 10940.78
16936.13 10948.33
16943.26 10956.36
16949.88 10963.82
16956.80 10971.61
16962.49 10978.28
16965.62 10982.62
16966.44 10983.75
16966.46 10983.78
16966.48 10983.80
16966.48 10983.81
16966.48 10983.81
16966.48 10983.81
16966.48 10983.81
16966.48 10983.81
16966.48 10983.81
16966.48 10983.81
16966.48 10983.81
16966.48 10983.81
16966.48 10983.81
16966.48 10983.81
16966.48 10983.81
16966.48 10983.81
16966.48 10983.81
16966.48 10983.81
16966.48 10983.81
16966.48 10983.81
16966.48 10983.81
16987.08 11004.58
16985.03 11006.69
16982.33 11009.49
16978.35 11013.62
16973.41 11019.04
16970.36 11027.31
16964.49 11033.76
16959.06 11039.74
16953.43 11045.97
16949.94 11050.25
16948.49 11052.02
16948.46 11052.06
16948.45 11052.07
16948.45 11052.08
16948.45 11052.08
16948.45 11052.08
16948.45 11052.08
16948.45 11052.08
16948.45 11052.08
16948.45 11052.08
16948.45 11052.08
16948.45 11052.08
16948.45 11052.08
16948.45 11052.08
16941.58 11060.27
16939.07 11063.09
16935.12 11067.52
16929.65 11073.66
16923.22 11080.88
16916.20 11088.76
16909.18 11096.64
16902.09 11104.46
16894.56 11112.53
16886.57 11120.73
16874.31 11128.39
16866.00 11136.57
16857.60 11144.69
16849.43 11152.00
16840.68 11159.56
16832.13 11166.64
16823.41 11173.84
16813.85 11181.12
16805.04 11187.79
16796.39 11194.35
16787.69 11200.90
16777.94 11207.66
16767.98 11214.08
16757.97 11220.49
16748.77 11226.43
16738.80 11233.00
16729.42 11239.19
16719.60 11245.66
16710.25 11251.82
16700.27 11258.40
16691.24 11264.43
16673.25 11275.68
16664.04 11281.29
16654.81 11287.31
16644.92 11293.75
16635.33 11300.17
16625.71 11306.73
16616.28 11313.17
16606.76 11319.66
16597.59 11325.92
16588.26 11332.28
16579.27 11338.42
16569.77 11344.90
16560.57 11351.09
16551.09 11357.31
16541.16 11363.73
16531.86 11369.71
16522.34 11375.82
16512.37 11382.22
16502.62 11388.49
16492.89 11394.26
16483.36 11399.73
16474.85 11404.62
16469.86 11407.49
16467.15 11409.05
16466.87 11409.21
16466.74 11409.28
16466.70 11409.30
16466.69 11409.31
16466.69 11409.31
16466.69 11409.31
16466.69 11409.31
16466.69 11409.31
16466.69 11409.31
16466.69 11409.31
16466.69 11409.31
16456.19 11415.19
16453.59 11416.60
16449.89 11418.60
16444.10 11421.51
16436.54 11425.29
16430.07 11432.80
16421.34 11438.71
16413.22 11445.50
16402.61 11456.72
16395.43 11465.08
16388.37 11473.19
16382.12 11479.01
16376.09 11484.61
16368.62 11496.19
16361.84 11504.02
16354.93 11511.84
16348.01 11519.57
16341.22 11527.30
16334.17 11535.54
16327.25 11543.88
16319.73 11552.25
16311.64 11559.83
16304.22 11567.80
16296.33 11575.16
16287.54 11582.58
16279.53 11589.36
16270.89 11596.70
16262.88 11603.51
16254.37 11610.75
16246.15 11617.73
16231.45 11630.97
16225.00 11637.97
16218.69 11645.03
16213.16 11652.64
16207.68 11660.89
16203.49 11667.95
16196.43 11681.40
16193.39 11687.21
16189.68 11694.31
16185.40 11702.48
16180.44 11711.94
16175.38 11721.57
16170.42 11730.89
16165.09 11740.89
16159.81 11750.81
16154.88 11760.06
16149.12 11768.74
16138.66 11783.04
16132.63 11790.61
16126.62 11798.18
16120.23 11806.26
16113.79 11814.44
16102.44 11828.92
16097.66 11835.06
16087.40 11848.05
16080.64 11856.53
16073.81 11864.93
16066.89 11873.42
16059.55 11881.91
16051.84 11890.55
16043.91 11898.28
16036.05 11905.97
16028.48 11913.43
16020.31 11921.47
16012.80 11928.87
16005.01 11936.54
15989.63 11951.30
15981.35 11959.00
15973.20 11966.60
15965.47 11974.13
15957.39 11981.98
15949.71 11989.73
15942.35 11997.27
15934.91 12004.98
15927.14 12013.21
15919.46 12021.36
15912.15 12029.11
15905.03 12037.15
15897.85 12045.67
15890.61 12054.20
15879.65 12066.97
15872.77 12074.78
15865.80 12082.69
15858.40 12091.10
15848.10 12102.76
15841.83 12109.86
15835.21 12117.31
15828.87 12124.36
15816.13 12138.64
15810.48 12145.07
15804.42 12151.88
15798.56 12157.94
15784.33 12171.43
15777.13 12177.98
15770.22 12184.26
15763.12 12190.71
15755.71 12197.45
15748.87 12203.65
15742.19 12209.69
15734.97 12216.21
15727.57 12222.90
15720.67 12229.14
15713.89 12235.41
15706.69 12242.35
15699.98 12248.82
15692.91 12255.64
15686.50 12262.02
15679.52 12269.00
15672.87 12275.64
15666.20 12282.36
15659.29 12289.57
15652.77 12296.38
15646.32 12303.11
15640.16 12309.76
15633.54 12317.06
15627.47 12323.75
15620.81 12331.10
15614.76 12337.76
15608.27 12344.92
15601.91 12351.93
15595.24 12359.28
15628.90 12319.31
15623.52 12327.76
15617.01 12336.19
15610.54 12344.19
15603.43 12352.58
15596.35 12360.93
15590.10 12368.31
15585.89 12373.28
15582.88 12376.83
15579.87 12380.38
15575.51 12385.53
15565.31 12394.74
15558.70 12401.79
15551.38 12409.92
15544.73 12417.91
15537.77 12426.08
15530.68 12434.44
15523.82 12442.55
15516.61 12451.35
15509.83 12459.64
15503.48 12468.38
15497.01 12477.65
15491.01 12486.23
15484.50 12498.70
15478.96 12507.85
15473.30 12517.50
15467.87 12527.07
15462.45 12536.60
15457.06 12546.10
15451.95 12555.10
15446.25 12565.13
15440.69 12574.92
15435.27 12584.47
15430.14 12593.73
15424.95 12603.75
15419.99 12613.32
15414.77 12623.38
15411.21 12630.25
15408.89 12634.72
15408.39 12635.68
15408.20 12636.06
15407.07 12638.24
15405.73 12640.83
15405.69 12640.90
15405.68 12640.92
15405.67 12640.93
15405.67 12640.93
15405.67 12640.93
15405.67 12640.93
15405.67 12640.93
15405.67 12640.93
15405.67 12640.93
15405.67 12640.93
15405.03 12642.17
15403.29 12645.51
15394.62 12660.16
15394.20 12660.90
15393.71 12661.79
15383.30 12680.23
15377.62 12690.00
15371.81 12699.98
15366.18 12709.64
15360.41 12719.56
15354.46 12729.79
15348.90 12739.33
15342.79 12749.82
15337.21 12759.40
15331.18 12769.78
15325.62 12779.33
15320.00 12788.98
15314.04 12799.22
15308.08 12809.45
15302.18 12819.59
15296.52 12829.31
15290.86 12839.03
15285.19 12848.78
15279.60 12858.38
15273.52 12868.44
15266.81 12878.43
15260.45 12887.88
15253.86 12897.68
15244.93 12907.94
15238.97 12916.72
15233.09 12925.13
15226.56 12933.30
15220.43 12940.96
15211.68 12951.90
15209.46 12954.68
15208.33 12956.09
15207.50 12957.14
15206.51 12958.37
15206.20 12958.76
15206.11 12958.87
15206.07 12958.92
15206.07 12958.93
15206.06 12958.93
15206.06 12958.93
15206.06 12958.93
15206.06 12958.93
15206.06 12958.93
15206.06 12958.93
15206.06 12958.93
15206.06 12958.93
15205.35 12959.82
15203.80 12961.76
15203.67 12961.93
15189.98 12970.63
15187.00 12972.94
15183.24 12975.86
15178.70 12979.76
15176.20 12982.01
15172.53 12985.32
15167.80 12989.57
15162.31 12994.52
15155.93 13000.26
15143.34 13012.35
15135.11 13020.45
15126.61 13029.01
15119.06 13036.95
15111.79 13045.61
15104.75 13054.21
15097.73 13062.91
15090.76 13072.16
15083.71 13081.99
15077.67 13091.25
15071.70 13101.05
15065.74 13110.84
15059.63 13120.87
15054.43 13131.53
15049.69 13141.35
15044.94 13151.19
15040.17 13161.09
15037.98 13171.10
15030.21 13188.82
15025.72 13198.33
15020.47 13208.67
15015.75 13217.99
15010.96 13227.42
15006.16 13236.89
15001.20 13246.68
14996.36 13256.21
14991.94 13265.69
14987.67 13275.39
14983.10 13285.77
14978.39 13295.57
14973.17 13305.22
14965.26 13322.04
14962.04 13329.62
14955.47 13346.32
14952.81 13353.32
14950.45 13360.55
14948.20 13367.88
14942.58 13385.62
14939.83 13394.18
14937.11 13402.68
14933.32 13417.63
14930.92 13427.19
14929.28 13437.05
14927.59 13453.87
14926.79 13465.42
14925.99 13476.99
14925.19 13488.57
14924.40 13500.04
14923.73 13511.43
14923.29 13522.02
14922.80 13533.82
14922.33 13545.05
14921.87 13556.14
14921.43 13566.73
14921.04 13578.01
14920.50 13594.73
14920.09 13605.07
14920.00 13616.35
14920.16 13626.78
14918.81 13640.47
14919.23 13651.90
14919.95 13662.15
14920.97 13672.36
14922.30 13683.60
14924.38 13699.45
14925.50 13707.88
14926.30 13713.89
14926.75 13717.30
14927.04 13719.49
14927.35 13721.84
14927.87 13725.79
14930.07 13738.62
14931.42 13745.23
14932.99 13752.98
14934.77 13761.71
14936.51 13770.21
14938.83 13778.76
14941.10 13787.16
14943.48 13795.46
14946.17 13803.45
14948.95 13811.74
14951.70 13819.91
14954.90 13828.26
14957.38 13834.53
14959.10 13840.12
14961.01 13846.76
14962.61 13852.29
14963.28 13854.58
14963.30 13854.67
14963.48 13855.29
14963.97 13856.97
14964.93 13860.33
14965.48 13862.64
14965.54 13862.91
14965.58 13863.07
14965.59 13863.11
14965.59 13863.12
14965.59 13863.12
14965.59 13863.12
14965.59 13863.12
14965.59 13863.12
14965.59 13863.12
14965.59 13863.12
14965.59 13863.12
14965.59 13863.12
14965.59 13863.12
14965.59 13863.12
14965.59 13863.12
14965.59 13863.12
14965.59 13863.12
14965.59 13863.12
14975.53 13919.99
14976.00 13923.22
14976.68 13927.83
14977.63 13934.28
14978.81 13942.33
14980.09 13951.02
14981.39 13959.90
14982.45 13968.99
14983.07 13977.39
14983.72 13986.23
14984.36 13994.80
14984.45 14013.52
14985.63 14023.19
14986.83 14033.02
14988.00 14042.81
14989.10 14052.51
14990.28 14062.94
14991.71 14072.60
14994.38 14090.05
14996.65 14101.04
14999.66 14112.27
15003.66 14123.36
15007.97 14136.95
15013.31 14146.29
15019.56 14155.51
15026.65 14162.72
15031.75 14167.91
15033.99 14170.19
15034.57 14170.78
15034.88 14171.09
15036.38 14172.62
15038.45 14174.72
15041.37 14177.69
15044.05 14183.47
15044.04 14184.16
15041.30 14194.51
15038.96 14196.91
15037.73 14198.02
15028.03 14195.54
15025.70 14193.27
15022.66 14190.32
15012.94 14177.90
15006.89 14169.07
14997.63 14161.32
14991.92 14151.58
14986.51 14142.33
14981.94 14132.44
14978.14 14122.35
14974.34 14112.29
14970.58 14101.63
14967.27 14090.32
14963.58 14069.26
14962.08 14058.33
14960.67 14047.14
14959.26 14035.98
14957.85 14024.82
14956.47 14013.89
14955.00 14002.29
14953.61 13991.31
14952.13 13979.59
14950.23 13968.30
14948.22 13957.51
14944.65 13946.51
14939.77 13936.08
14934.31 13926.10
14927.63 13916.17
14920.11 13908.05
14910.84 13900.33
14901.07 13894.12
14890.61 13890.29
14879.46 13887.45
14867.63 13885.67
14856.64 13884.42
14845.59 13883.42
14833.78 13882.41
14822.87 13881.52
