6750.75 25830.77
6749.48 25830.97
6748.12 25831.18
6746.00 25831.51
6744.17 25831.80
6742.54 25832.06
6740.99 25832.30
6739.13 25832.59
6737.63 25832.83
6735.48 25833.16
6733.27 25833.51
6731.21 25833.83
6729.43 25834.11
6727.94 25834.35
6726.11 25834.63
6724.60 25834.87
6722.86 25835.14
6720.81 25835.47
6719.48 25835.67
6717.42 25836.00
6715.96 25836.23
6714.04 25836.79
6712.50 25837.72
6712.20 25839.14
6712.46 25840.72
6712.66 25841.97
6712.89 25843.41
6713.09 25844.70
6713.44 25846.87
6713.73 25848.68
6714.00 25850.38
6714.22 25851.74
6714.53 25853.70
6714.76 25855.15
6715.13 25857.45
6715.44 25859.40
6715.69 25860.91
6716.51 25862.85
6717.44 25864.58
6718.87 25865.88
6720.68 25866.97
6718.13 25869.29
6716.21 25868.13
6714.73 25866.51
6713.83 25864.83
6712.84 25863.01
6712.48 25861.76
6712.19 25859.92
6711.78 25857.38
6711.42 25855.14
6711.03 25852.70
6710.81 25851.32
6710.53 25849.59
6710.28 25848.02
6709.91 25845.66
6709.69 25844.29
6709.47 25842.91
6709.20 25841.24
6708.81 25838.73
6709.46 25836.33
6709.83 25834.99
6711.52 25834.28
6712.73 25833.76
6715.18 25833.01
6716.98 25832.72
6719.03 25832.40
6721.51 25832.01
6723.11 25831.76
6724.75 25831.51
6726.84 25831.18
6728.25 25830.96
6729.71 25830.73
6732.04 25830.36
6734.13 25830.03
6736.24 25829.70
6738.78 25829.31
6740.72 25829.00
6742.94 25828.65
6745.11 25828.31
6746.69 25828.07
6749.25 25827.67
6750.85 25827.41
6752.64 25827.13
6753.39 25827.02
6753.71 25826.97
6753.99 25826.92
6754.02 25826.92
6754.03 25826.92
6761.86 25833.01
6762.56 25836.00
6763.74 25841.06
6765.29 25847.69
6767.11 25855.50
6769.20 25864.46
6771.75 25875.40
6774.26 25886.17
6776.75 25896.85
6779.23 25907.47
6781.87 25918.78
6788.01 25941.08
6791.58 25952.60
6795.28 25963.59
6799.32 25975.20
6803.26 25986.49
6807.39 25998.36
6811.24 26009.38
6815.00 26020.17
6818.88 26031.33
6823.58 26042.50
6828.58 26053.79
6833.28 26064.41
6838.50 26075.94
6843.34 26086.49
6848.57 26097.90
6853.86 26109.43
6858.44 26121.20
6862.19 26133.23
6864.79 26144.55
6867.53 26156.50
6870.08 26168.17
6872.60 26180.09
6875.07 26191.77
6877.49 26203.21
6879.97 26214.95
6882.45 26226.31
6884.99 26237.87
6887.69 26250.18
6890.18 26261.53
6892.67 26272.84
6895.33 26284.98
6897.26 26295.79
6898.39 26302.31
6887.32 26313.30
6877.50 26315.02
6865.99 26317.04
6854.76 26319.00
6842.79 26321.10
6831.29 26322.54
6819.76 26323.85
6808.24 26325.21
6796.35 26326.71
6784.99 26328.15
6772.91 26329.68
6761.42 26331.70
6750.50 26333.90
6739.10 26336.66
6717.37 26342.74
6706.47 26346.06
6696.16 26351.03
6685.74 26357.00
6676.26 26363.16
6667.04 26369.76
6657.20 26376.80
6647.30 26383.88
6637.57 26390.84
6628.43 26397.38
6618.61 26404.40
6609.61 26410.84
6602.18 26416.16
6598.17 26419.03
6596.93 26419.92
6594.87 26421.39
6592.12 26423.36
6587.89 26426.25
6576.25 26440.86
6568.96 26445.20
6559.67 26450.26
6549.26 26455.91
6538.92 26461.52
6528.48 26466.68
6518.10 26472.28
6507.77 26478.58
6497.86 26485.87
6488.75 26493.13
6478.93 26500.95
6469.73 26508.29
6460.65 26515.53
6451.35 26522.94
6441.79 26530.56
6432.65 26537.84
6422.80 26545.98
6413.75 26553.58
6404.65 26561.21
6395.13 26569.20
6385.35 26577.41
6375.62 26585.56
6366.24 26593.44
6357.26 26600.97
6347.48 26609.17
6337.80 26617.30
6328.28 26624.84
6318.63 26632.45
6308.97 26640.06
6299.82 26647.28
6290.38 26654.72
6280.59 26662.44
6270.63 26669.93
6260.99 26676.62
6251.41 26683.26
6241.92 26689.84
6232.13 26696.16
6220.65 26701.66
6209.84 26706.85
6201.08 26711.30
6195.32 26713.84
6191.09 26722.44
6189.52 26728.99
6170.76 26739.79
6165.11 26738.53
6154.53 26721.07
6155.98 26715.12
6159.61 26703.68
6155.55 26692.56
6151.28 26680.90
6147.49 26669.53
6143.81 26658.23
6140.22 26647.02
6136.54 26635.36
6132.90 26623.81
6130.09 26611.99
6127.42 26600.52
6124.57 26588.32
6121.91 26576.88
6119.16 26565.09
6116.73 26551.60
6114.44 26536.33
6111.92 26519.51
6109.62 26502.22
6107.83 26485.16
6106.12 26468.15
6104.84 26450.46
6103.84 26432.86
6102.96 26415.49
6102.08 26398.16
6101.21 26380.99
6100.31 26363.42
6099.42 26345.80
6098.54 26328.49
6097.58 26310.81
6096.58 26292.89
6095.58 26274.89
6094.60 26257.24
6093.84 26239.71
6093.08 26221.78
6092.32 26203.89
6091.57 26186.33
6090.82 26168.62
6090.16 26153.13
6089.65 26141.25
6089.20 26130.94
6088.73 26120.41
6088.24 26109.26
6087.74 26098.04
6087.25 26086.86
6086.75 26075.55
6086.26 26064.43
6079.22 26039.66
6074.41 26033.77
6087.12 26024.18
6085.80 26012.76
6084.52 26001.80
6083.21 25990.45
6081.36 25979.75
6079.04 25968.78
6076.83 25958.49
6074.53 25947.82
6072.24 25937.19
6067.46 25923.89
6063.08 25912.78
6058.82 25901.96
6054.28 25890.76
6048.88 25880.00
6043.26 25868.80
6037.84 25858.00
6030.92 25847.44
6026.77 25838.69
6022.91 25830.55
6019.20 25822.74
6015.56 25815.06
6012.55 25808.71
6010.04 25803.41
6007.75 25798.60
6005.10 25792.99
6002.52 25787.56
6000.10 25782.46
5986.76 25755.51
5981.62 25746.92
5976.55 25738.45
5971.19 25729.49
5966.07 25720.92
5960.61 25712.13
5955.03 25704.21
5949.23 25695.96
5943.27 25687.49
5937.67 25679.54
5931.97 25671.44
5926.31 25663.41
5920.99 25655.85
5916.20 25649.04
5912.50 25643.79
5908.28 25637.80
5904.76 25632.82
5901.10 25627.75
5898.89 25624.70
5896.21 25621.03
5868.83 25591.49
5863.55 25588.11
5856.80 25584.52
5848.36 25581.05
5839.18 25579.55
5829.91 25581.89
5813.85 25592.83
5805.67 25604.83
5797.59 25616.70
5789.69 25628.30
5781.78 25639.92
5774.08 25651.22
5766.16 25662.85
5761.23 25676.26
5760.29 25689.88
5762.25 25704.28
5770.10 25716.42
5781.46 25725.16
5795.00 25729.82
5808.71 25729.21
5821.90 25724.73
5832.42 25716.11
5840.68 25704.34
5845.65 25690.92
5850.59 25677.27
5855.29 25664.28
5868.85 25633.95
5873.40 25616.93
5878.31 25598.55
5883.53 25579.03
5889.70 25557.12
5896.85 25533.25
5904.65 25507.21
5912.68 25480.38
5920.98 25448.44
5930.63 25418.49
5940.68 25387.27
5951.49 25354.41
5963.32 25319.89
5975.80 25283.75
5989.78 25246.36
6004.97 25207.08
6021.44 25165.54
6039.01 25122.47
6057.84 25077.30
6078.20 25030.62
6099.62 24982.16
6122.38 24932.88
6146.02 24883.76
6170.49 24834.94
6195.67 24786.71
6221.50 24738.12
6247.36 24690.18
6275.63 24643.32
6304.41 24595.87
6332.61 24549.40
6361.67 24502.78
6390.82 24456.59
6420.14 24410.12
6450.25 24364.90
6481.10 24319.90
6512.24 24274.47
6544.25 24230.15
6577.10 24186.60
6609.77 24143.28
6645.40 24101.32
6681.76 24059.79
6718.24 24018.13
6754.40 23976.83
6790.51 23935.58
6826.63 23894.34
6863.01 23852.79
6898.95 23812.16
6936.33 23772.16
6974.12 23731.70
7011.95 23691.21
7049.35 23651.18
7086.78 23611.56
7125.97 23572.59
7165.22 23533.92
7203.18 23494.58
7241.46 23454.91
7279.24 23415.76
7317.20 23376.43
7355.28 23336.97
7393.56 23297.30
7431.79 23257.69
7470.07 23218.02
7508.33 23178.38
7546.87 23138.60
7583.85 23098.66
7621.02 23058.37
7658.48 23017.77
7695.82 22977.30
7733.13 22936.85
7769.98 22896.90
7807.15 22856.62
7844.03 22815.28
7880.01 22774.57
7916.63 22733.13
7951.67 22693.50
7984.54 22656.30
8015.01 22621.84
8042.86 22590.33
8067.73 22562.18
8090.39 22536.55
8110.64 22512.48
8130.00 22489.45
8149.58 22466.14
8169.31 22442.67
8189.20 22419.00
8208.89 22395.58
8228.70 22372.02
8248.57 22348.37
8268.02 22325.23
8288.11 22301.33
8307.60 22278.13
8327.67 22254.26
8347.53 22230.53
8367.31 22206.42
8386.36 22183.20
8406.01 22159.25
8425.45 22135.56
8444.15 22112.78
8459.70 22093.58
8475.06 22074.47
8490.72 22054.98
8506.04 22035.91
8520.95 22017.35
8535.87 21998.78
8550.83 21979.80
8565.68 21960.55
8580.69 21940.82
8595.62 21921.19
8610.22 21901.98
8625.29 21882.17
8639.73 21863.17
8654.60 21843.61
8669.71 21823.75
8684.41 21804.41
8699.07 21785.14
8714.12 21765.35
8728.77 21746.51
8743.51 21727.63
8758.82 21708.05
8773.95 21688.67
8788.73 21669.76
8803.49 21650.86
8818.17 21632.06
8833.24 21612.76
8848.24 21593.34
8863.30 21573.83
8878.47 21554.17
8893.48 21534.73
8929.63 21490.23
8944.71 21470.13
8960.07 21449.67
8974.94 21429.85
8989.91 21409.91
9004.89 21389.95
9020.19 21369.57
9035.62 21349.01
9050.86 21329.54
9066.79 21309.17
9082.63 21288.94
9098.14 21269.06
9113.39 21249.41
9130.78 21227.08
9145.71 21207.85
9160.30 21189.05
9175.38 21169.61
9191.01 21146.88
9206.75 21127.08
9222.48 21107.28
9237.76 21087.85
9253.17 21067.51
9268.65 21047.49
9283.43 21027.96
9298.88 21007.54
9314.14 20987.36
9329.57 20966.96
9344.39 20947.38
9359.52 20927.37
9374.81 20907.45
9390.51 20887.60
9405.69 20868.40
9421.53 20848.38
9437.03 20828.77
9452.38 20809.38
9467.68 20790.03
9483.11 20770.00
9498.09 20749.76
9512.83 20729.86
9528.07 20709.70
9543.74 20689.72
9559.16 20670.05
9574.71 20650.24
9590.47 20630.14
9605.86 20610.53
9621.23 20590.92
9636.69 20571.22
9652.24 20551.39
9667.78 20531.58
9682.95 20512.23
9698.60 20492.26
9713.83 20471.71
9728.68 20451.70
9743.85 20431.22
9758.86 20410.99
9773.53 20391.24
9789.42 20371.47
9804.78 20352.34
9819.19 20332.99
9834.11 20312.87
9848.79 20293.07
9863.85 20272.76
9878.72 20252.70
9904.83 20220.31
9920.11 20200.21
9935.02 20180.89
9950.09 20161.57
9965.43 20141.89
9981.12 20121.77
9996.13 20102.52
10010.31 20080.85
10024.11 20062.36
10038.00 20043.73
10051.28 20025.94
10064.91 20007.67
10078.40 19989.58
10091.86 19971.54
10119.54 19937.90
10134.85 19919.04
10150.27 19900.05
10165.62 19881.14
10181.17 19861.98
10196.71 19839.30
10211.51 19819.26
10226.26 19799.29
10241.31 19778.92
10256.28 19758.65
10271.10 19738.59
10286.31 19718.00
10301.67 19697.20
10316.55 19677.06
10331.87 19656.32
10347.02 19635.81
10362.09 19615.19
10376.36 19594.95
10390.80 19574.48
10405.13 19554.15
10419.80 19533.35
10434.68 19512.25
10449.09 19491.81
10463.81 19470.94
10478.53 19450.05
10492.92 19429.65
10507.75 19408.62
10522.25 19388.06
10536.80 19367.42
10551.50 19346.16
10565.57 19325.44
10579.95 19304.26
10594.28 19283.16
10608.54 19262.15
10622.85 19241.07
10637.09 19220.09
10651.06 19199.53
10665.05 19178.14
10679.22 19156.28
10693.33 19134.51
10706.95 19113.49
10720.53 19092.55
10734.51 19070.98
10748.04 19050.13
10761.68 19028.92
10774.88 19007.61
10788.12 18986.24
10801.41 18964.79
10814.69 18943.34
10827.93 18921.96
10841.46 18900.13
10854.74 18878.68
10867.94 18857.37
10881.45 18835.35
10894.45 18813.98
10907.50 18792.53
10920.83 18770.62
10934.08 18748.85
10947.10 18727.44
10960.59 18705.27
10973.59 18683.89
10986.75 18662.27
10999.00 18641.35
11011.30 18620.07
11023.34 18599.21
11035.26 18578.57
11046.58 18558.98
11057.96 18539.27
11069.69 18518.96
11080.57 18500.12
11091.45 18480.10
11101.61 18459.91
11112.88 18437.53
11123.98 18415.47
11135.20 18393.18
11145.93 18371.86
11157.43 18349.01
11168.65 18326.73
11178.94 18305.05
11189.26 18282.49
11198.97 18261.25
11208.58 18238.76
11217.88 18211.45
11226.98 18190.45
11235.36 18170.32
11243.41 18150.01
11251.60 18129.36
11257.76 18104.72
11266.34 18082.16
11274.76 18059.99
11281.96 18040.25
11287.28 18024.29
11291.75 18008.62
11293.85 17996.33
11296.86 17983.90
11300.46 17971.39
11303.96 17959.26
11307.59 17946.64
11312.45 17922.52
11313.70 17907.68
11314.34 17892.71
11313.41 17878.40
11309.79 17864.12
11303.98 17850.26
11297.57 17837.59
11288.92 17826.24
11278.36 17815.78
11267.02 17806.19
11255.76 17797.18
11244.24 17787.96
11229.02 17775.97
11225.12 17772.94
11222.58 17770.97
11221.42 17770.06
11221.38 17770.03
11221.36 17770.02
11221.35 17770.01
11221.35 17770.01
11221.35 17770.01
11221.35 17770.01
11221.35 17770.01
11220.82 17769.60
11219.76 17768.77
11210.96 17739.67
11214.45 17735.63
11218.97 17730.42
11224.83 17723.65
11231.49 17715.95
11237.23 17709.32
11243.73 17701.82
11250.24 17694.29
11256.72 17686.80
11262.49 17680.14
11265.93 17676.16
11267.65 17674.18
11268.38 17673.33
11268.71 17672.95
11268.89 17672.75
11268.92 17672.72
11268.93 17672.70
11268.94 17672.69
11268.94 17672.69
11268.94 17672.69
11268.94 17672.69
11268.94 17672.69
11269.83 17671.67
11271.37 17669.89
11273.72 17667.16
11277.11 17663.26
11278.80 17657.44
11278.69 17654.66
11278.63 17653.04
11278.59 17652.04
11278.58 17651.80
11278.57 17651.61
11278.57 17651.59
11278.55 17651.00
11278.46 17650.24
11278.27 17649.10
11271.56 17630.51
11266.20 17626.28
11264.69 17624.13
11262.84 17621.51
11242.29 17592.91
11234.64 17585.58
11227.23 17578.50
11219.26 17570.86
11211.12 17562.88
11203.36 17555.28
11195.84 17547.63
11187.94 17539.50
11174.03 17524.95
11165.75 17516.04
11157.75 17507.44
11150.07 17499.19
11142.70 17491.27
11134.77 17482.75
11126.78 17474.16
11119.08 17465.85
11110.92 17456.46
11103.47 17447.89
11095.38 17438.57
11087.94 17430.01
11080.45 17421.39
11073.23 17412.70
11064.42 17401.46
11057.12 17392.05
11050.24 17383.18
11043.10 17373.98
11035.94 17364.74
11027.15 17353.23
11020.63 17344.56
11013.78 17335.45
11005.54 17323.54
10999.41 17314.83
10992.55 17306.11
10985.56 17297.22
10977.04 17289.22
10974.71 17286.48
10973.18 17284.59
10973.12 17284.51
10973.11 17284.50
10972.44 17283.66
10971.26 17282.21
10969.53 17280.07
10956.82 17264.44
10952.30 17258.93
10947.08 17252.57
10940.65 17244.74
10934.40 17237.12
10915.32 17220.31
10910.00 17212.95
10904.45 17205.25
10898.98 17197.67
10893.60 17190.19
10884.99 17177.47
10875.56 17164.51
10869.63 17156.05
10863.61 17147.45
10857.45 17138.65
10849.13 17123.30
10842.13 17114.13
10834.66 17104.35
10827.57 17095.07
10819.98 17085.12
10812.82 17075.75
10805.89 17066.21
10798.71 17055.97
10791.88 17046.30
10784.58 17036.00
10777.90 17026.34
10770.87 17016.10
10764.21 17006.40
10756.89 16996.04
10750.02 16986.64
10742.79 16977.09
10735.60 16967.83
10728.27 16957.58
10721.54 16947.83
10714.93 16938.27
10707.84 16928.01
10700.56 16917.47
10693.96 16907.97
10686.85 16897.78
10679.45 16887.38
10672.03 16877.02
10665.06 16867.30
10658.25 16857.80
10651.14 16847.75
10644.16 16837.84
10637.03 16827.85
10630.03 16818.03
10622.81 16807.91
10615.56 16797.60
10608.90 16788.06
10602.12 16778.34
10594.89 16767.99
10587.97 16758.12
10580.89 16748.12
10573.98 16738.37
10567.15 16728.74
