17086.34 19423.01
17086.32 19421.37
17086.27 19417.88
17086.21 19412.90
17086.13 19406.44
17089.33 19398.52
17089.21 19388.92
17089.06 19376.98
17088.89 19362.68
17088.69 19346.87
17088.47 19329.47
17086.52 19318.81
17088.15 19290.91
17088.60 19273.62
17089.03 19256.90
17089.78 19241.11
17090.86 19224.40
17091.98 19208.34
17093.41 19192.80
17094.75 19178.09
17096.62 19161.66
17098.75 19146.60
17101.11 19129.90
17103.73 19114.36
17106.72 19098.91
17109.66 19083.75
17113.11 19068.39
17117.02 19053.23
17120.87 19038.30
17124.74 19023.31
17129.31 19008.56
17134.10 18993.08
17138.85 18977.74
17143.38 18963.10
17148.68 18947.58
17153.60 18933.63
17158.92 18918.59
17164.02 18904.14
17169.24 18890.02
17174.96 18875.45
17180.66 18860.95
17186.34 18846.51
17192.07 18831.94
17198.17 18816.40
17203.95 18801.71
17209.63 18787.26
17215.59 18772.10
17221.01 18758.29
17226.72 18743.77
17231.87 18730.69
17236.93 18717.80
17240.29 18699.93
17245.11 18686.94
17250.35 18672.80
17255.17 18659.82
17259.53 18647.96
17263.92 18635.13
17267.57 18624.48
17271.68 18612.49
17283.08 18588.69
17286.84 18576.67
17290.72 18564.30
17294.65 18551.76
17298.35 18539.96
17301.94 18528.52
17305.35 18517.64
17308.63 18507.18
17312.22 18495.73
17315.77 18484.40
17318.80 18474.70
17322.27 18463.62
17325.31 18453.94
17328.49 18443.78
17331.64 18433.74
17334.56 18424.40
17337.80 18414.06
17341.00 18403.83
17343.94 18394.44
17347.02 18384.62
17349.97 18375.19
17352.94 18365.73
17354.62 18360.36
17356.29 18349.85
17359.00 18341.63
17362.23 18331.87
17365.93 18320.64
17372.51 18300.33
17375.56 18290.28
17378.89 18279.27
17381.83 18269.56
17384.95 18259.46
17388.05 18249.57
17391.16 18239.66
17393.85 18231.09
17401.03 18208.29
17402.94 18202.45
17405.00 18196.05
17406.90 18189.73
17408.94 18182.94
17416.71 18159.16
17419.57 18150.86
17422.80 18141.52
17425.82 18132.78
17432.51 18123.53
17436.32 18112.50
17440.16 18101.39
17444.25 18089.54
17448.10 18078.38
17456.35 18054.61
17460.67 18041.90
17465.02 18029.11
17469.07 18017.22
17473.15 18005.21
17477.32 17992.97
17481.69 17980.11
17485.73 17968.23
17489.98 17955.74
17494.05 17943.76
17495.24 17930.15
17499.50 17917.99
17503.78 17905.50
17507.99 17893.36
17512.07 17881.09
17515.54 17868.78
17518.98 17856.62
17522.02 17844.36
17524.87 17831.86
17527.80 17819.01
17530.15 17806.28
17532.22 17794.41
17534.21 17782.19
17535.85 17771.54
17537.73 17759.34
17539.41 17747.79
17540.95 17736.23
17542.38 17725.42
17543.82 17714.61
17545.37 17702.97
17546.71 17691.50
17547.90 17680.12
17549.04 17669.18
17549.70 17657.46
17550.16 17646.19
17550.65 17633.98
17550.78 17616.10
17549.23 17608.77
17549.82 17596.32
17550.38 17584.63
17550.84 17573.41
17550.58 17562.35
17550.30 17550.52
17550.02 17538.19
17549.77 17527.73
17549.48 17515.31
17549.24 17504.63
17548.20 17490.10
17547.27 17482.97
17546.16 17474.39
17544.99 17465.40
17542.16 17419.15
17537.96 17412.11
17536.87 17403.33
17535.84 17395.10
17535.12 17387.52
17534.46 17379.58
17533.80 17371.53
17533.11 17363.15
17532.41 17354.71
17529.86 17343.80
17529.20 17335.90
17528.59 17328.52
17527.92 17320.33
17527.31 17312.98
17526.55 17290.41
17525.43 17284.60
17524.27 17278.61
17523.07 17272.39
17512.43 17265.24
17509.89 17257.14
17508.54 17252.85
17507.71 17250.19
17507.44 17249.32
17507.31 17248.90
17507.28 17248.81
17507.26 17248.76
17507.26 17248.74
17507.25 17248.73
17507.25 17248.72
17507.25 17248.72
17507.25 17248.72
17507.25 17248.72
17507.25 17248.72
17507.25 17248.72
17507.25 17248.72
17507.25 17248.72
17507.25 17248.72
17507.25 17248.72
17507.25 17248.72
17507.20 17248.56
17507.13 17248.35
17506.76 17247.17
17506.07 17244.96
17505.07 17241.75
17503.98 17238.29
17502.58 17233.82
17501.45 17230.19
17500.14 17226.02
17498.30 17220.15
17496.33 17213.86
17495.16 17210.13
17493.63 17205.22
17492.24 17200.81
17491.02 17196.91
17489.77 17192.85
17488.23 17187.47
17486.58 17181.69
17491.51 17169.60
17495.53 17168.20
17500.24 17166.57
17509.02 17152.28
17507.25 17141.01
17505.78 17129.44
17504.18 17117.29
17502.70 17106.28
17501.33 17095.99
17499.99 17086.03
17498.63 17075.85
17497.31 17066.03
17495.75 17054.37
17495.24 17039.03
17493.35 17026.95
17491.44 17014.65
17488.97 17002.42
17486.33 16990.43
17483.14 16978.94
17479.81 16967.24
17476.54 16955.73
17473.11 16943.69
17469.71 16931.72
17463.54 16911.79
17460.70 16903.92
17457.87 16896.06
17452.42 16877.86
17448.66 16868.83
17444.92 16859.85
17441.12 16850.74
17437.75 16842.65
17434.85 16837.20
17433.06 16834.07
17432.89 16833.76
17432.23 16832.61
17454.01 16811.77
17457.90 16810.12
17463.18 16807.73
17469.04 16805.03
17472.53 16803.39
17477.02 16801.29
17490.51 16794.99
17494.79 16792.99
17497.20 16791.87
17498.13 16791.45
17498.39 16791.33
17498.43 16791.32
17498.44 16791.32
17498.44 16791.31
17498.44 16791.31
17498.44 16791.31
17498.44 16791.31
17498.44 16791.31
17498.44 16791.31
17498.44 16791.31
17498.44 16791.31
17498.44 16791.31
17498.44 16791.31
17498.44 16791.31
17498.44 16791.31
17498.44 16791.31
17498.44 16791.31
17498.44 16791.31
17499.16 16791.00
17500.77 16790.29
17499.24 16783.19
