16089.84 11828.99
16093.12 11830.15
16094.71 11828.10
16096.98 11825.18
16098.66 11823.02
16100.41 11826.16
16096.96 11830.59
16088.84 11840.93
16081.48 11850.17
16074.57 11858.78
16070.15 11869.42
16062.91 11878.08
16055.44 11886.58
16047.28 11895.00
16039.54 11902.55
16031.55 11910.41
16023.43 11918.40
16015.09 11926.61
16006.97 11934.61
15992.08 11949.03
15984.09 11956.45
15975.84 11964.12
15968.14 11971.52
15959.72 11979.71
15952.08 11987.30
15944.36 11995.22
15936.81 12002.95
15929.52 12010.69
15922.15 12018.50
15914.29 12026.84
15906.89 12034.94
15899.37 12043.87
15891.99 12052.58
15880.27 12066.27
15872.90 12074.63
15865.42 12083.12
15858.14 12091.39
15847.62 12103.31
15841.04 12110.75
15834.61 12117.97
15828.30 12124.99
15815.24 12139.66
15809.23 12146.49
15803.46 12152.87
15797.46 12159.00
15782.54 12173.06
15775.28 12179.66
15768.24 12186.06
15761.30 12192.37
15753.93 12199.07
15746.40 12205.88
15739.52 12212.10
15732.14 12218.77
15724.71 12225.49
15717.87 12231.67
15710.47 12238.71
15703.61 12245.32
15696.58 12252.10
15689.64 12258.87
15683.06 12265.45
15676.24 12272.27
15669.05 12279.46
15662.08 12286.66
15655.29 12293.75
15648.41 12300.93
15641.72 12308.05
15634.97 12315.48
15628.77 12322.32
15621.93 12329.86
15615.47 12336.98
15609.20 12343.89
15602.32 12351.48
15596.02 12358.42
