5035.74 13878.15
5034.89 13878.79
5032.52 13880.58
5028.67 13883.49
5023.55 13887.37
5017.46 13891.99
5013.85 13894.71
5012.63 13891.50
5018.74 13886.87
5026.12 13881.28
5034.10 13875.24
5052.75 13863.38
5063.13 13857.18
5073.86 13850.77
5085.00 13845.62
5096.53 13842.61
5109.10 13839.34
5121.28 13836.17
5133.84 13832.89
5146.21 13829.67
5158.81 13826.39
5170.80 13823.26
5183.34 13820.00
5205.01 13815.50
5216.85 13813.27
5228.93 13811.00
5241.08 13808.71
5254.05 13806.28
5266.48 13803.94
5278.52 13801.67
5291.24 13799.28
5304.19 13796.84
5317.14 13794.41
5329.90 13792.00
5342.17 13789.69
5355.20 13787.24
5366.14 13785.18
5373.23 13783.85
5386.39 13793.96
5389.85 13804.41
5393.87 13816.74
5397.76 13828.75
5401.80 13841.24
5404.42 13853.30
5407.07 13866.38
5408.25 13879.28
5409.42 13892.18
5410.09 13905.12
5410.60 13918.41
5411.08 13930.83
5411.59 13944.10
5412.06 13956.28
5412.50 13968.94
5412.83 13981.94
5413.17 13995.27
5413.49 14007.89
5413.73 14020.23
5413.44 14029.39
5413.25 14035.27
5413.21 14036.80
5413.18 14037.67
5413.17 14037.77
5418.23 14040.93
5421.75 14040.78
5426.72 14040.57
5433.09 14040.30
5440.84 14039.98
5450.30 14039.58
5461.62 14039.10
5474.66 14038.55
5486.94 14038.03
5499.20 14037.51
5511.37 14036.92
5523.50 14036.19
5535.47 14035.35
5548.41 14034.44
5560.38 14033.60
5573.12 14032.70
5585.73 14031.81
5607.34 14029.98
5619.39 14028.76
5632.12 14027.47
5644.39 14026.23
5656.39 14025.02
5669.34 14023.70
5682.28 14022.39
5695.26 14021.08
5708.09 14019.78
5727.24 14018.10
5738.93 14017.76
5751.56 14017.39
5763.63 14017.04
5775.68 14016.69
5787.53 14016.34
5799.47 14016.00
5809.29 14015.71
5815.28 14015.54
5832.93 14015.18
5842.99 14015.23
5854.94 14015.29
5867.76 14015.35
5879.56 14015.41
5892.23 14015.48
5904.11 14015.55
5916.52 14015.63
5929.44 14015.72
5942.17 14015.38
5954.75 14013.45
5963.49 14005.94
5977.76 13991.56
5990.08 13991.00
6002.02 13991.99
6013.23 13995.81
6023.63 14002.55
6037.20 14011.43
6049.23 14010.48
6061.73 14009.72
6073.82 14008.99
6086.30 14008.23
6098.03 14007.52
6110.22 14006.83
6121.93 14006.24
6133.87 14005.54
6143.40 13995.62
6144.19 13983.68
