17538.87 15322.70
17536.86 15324.14
17533.00 15326.90
17527.90 15330.56
17522.73 15334.27
17517.55 15337.97
17511.80 15342.09
17506.12 15346.16
17500.32 15350.32
17494.77 15354.29
17488.68 15358.66
17482.74 15362.91
17477.55 15366.62
17471.84 15370.72
17466.29 15374.69
17460.71 15378.69
17455.57 15382.37
17449.96 15386.39
17444.33 15390.42
17438.95 15394.28
17433.39 15398.26
17428.07 15402.07
17422.09 15406.36
17418.01 15409.28
17420.50 15417.32
17428.56 15421.10
17437.89 15425.49
17448.73 15429.63
17459.89 15433.75
17470.31 15437.60
17481.27 15441.90
17498.12 15448.43
17508.72 15452.44
17519.27 15456.44
17529.70 15460.24
17542.21 15464.80
17551.99 15468.71
17559.17 15471.58
17562.73 15473.01
17557.12 15477.87
17550.69 15475.30
17542.66 15472.09
17531.56 15465.37
17519.93 15462.95
17509.05 15460.33
17497.74 15457.45
17486.83 15454.67
17475.90 15451.84
17468.35 15449.77
17464.37 15448.70
17463.65 15448.51
17463.33 15448.43
17463.26 15448.41
17463.22 15448.40
17452.74 15445.23
17449.50 15444.11
17444.32 15442.34
17437.40 15439.96
17428.56 15436.92
17419.32 15433.75
17410.09 15430.58
17400.93 15427.40
17391.89 15423.68
17364.68 15411.85
17355.33 15407.23
17345.09 15402.18
17334.43 15397.91
17324.46 15394.52
17314.03 15390.97
17303.76 15387.47
17293.23 15383.27
17279.16 15379.21
17268.98 15374.96
17258.09 15371.16
17248.02 15367.65
17237.86 15364.13
17230.14 15361.44
17206.69 15353.72
17196.08 15350.37
17185.54 15347.37
17175.08 15344.42
17164.38 15341.38
17153.85 15338.38
17143.17 15335.33
17132.76 15332.36
17122.20 15329.35
17097.64 15322.41
17085.58 15318.74
17073.69 15314.93
17061.95 15309.96
17051.10 15305.20
17040.03 15299.21
17030.00 15292.62
17020.21 15285.75
17010.55 15277.85
17001.39 15270.07
16992.11 15262.17
16983.11 15254.30
16974.03 15246.29
16965.14 15238.77
16956.04 15231.44
16946.53 15224.22
16936.46 15217.11
16925.78 15211.44
16914.42 15206.84
16903.32 15203.29
16891.35 15200.46
16878.83 15198.96
16866.85 15199.12
16855.11 15199.82
16842.87 15202.00
16831.20 15204.19
16819.29 15207.22
16808.13 15210.07
16792.99 15210.55
16782.49 15213.27
16771.29 15216.18
16760.37 15219.02
16749.52 15221.83
16739.10 15224.51
16728.50 15227.23
16718.17 15229.89
16707.24 15232.69
16682.38 15245.14
16673.19 15246.04
16665.47 15249.90
16657.66 15253.80
16650.82 15257.22
16646.81 15259.22
16645.63 15259.80
16645.50 15259.87
16645.43 15259.90
16645.39 15259.93
16645.38 15259.93
16645.38 15259.93
16645.37 15259.93
16645.37 15259.93
16645.37 15259.93
16645.37 15259.93
16645.37 15259.93
16645.37 15259.93
16645.37 15259.93
16645.37 15259.93
16645.37 15259.93
16645.37 15259.93
16645.37 15259.93
16644.66 15260.29
16643.30 15260.97
16641.00 15262.19
16638.82 15263.34
16613.68 15259.72
16609.95 15253.53
16605.30 15245.82
16599.92 15236.91
16593.09 15226.71
16586.39 15217.49
16578.53 15208.19
16570.44 15198.84
16562.64 15189.97
16554.48 15180.68
16546.30 15171.38
16538.48 15162.93
16530.48 15154.53
16521.93 15145.56
16513.89 15137.12
16505.45 15128.08
16497.07 15118.94
16488.70 15110.19
16480.68 15101.76
16472.39 15093.03
16464.01 15084.21
16455.60 15075.99
16446.70 15067.66
16438.26 15059.76
16429.28 15051.45
16420.74 15043.84
16411.35 15035.48
16401.96 15027.21
16393.18 15019.62
16384.40 15012.32
16374.86 15004.39
16366.04 14997.05
16357.16 14989.67
16348.33 14982.32
16338.87 14974.65
16328.83 14967.19
16319.28 14960.09
16310.05 14953.23
16300.54 14946.15
16291.13 14939.08
16270.37 14928.06
16261.30 14921.45
16252.58 14915.11
16243.96 14908.84
16235.08 14902.42
16218.77 14888.43
16211.30 14883.19
16203.85 14877.97
16195.80 14872.33
16187.67 14866.63
16170.09 14855.81
16160.43 14850.01
16150.92 14844.29
16140.82 14838.09
16131.40 14832.31
16121.60 14826.30
16111.33 14820.15
16100.08 14817.54
16090.10 14812.50
16081.22 14808.60
16075.96 14806.29
16061.13 14799.29
16053.44 14795.44
16044.26 14790.85
16034.13 14785.78
16024.60 14781.02
16014.28 14776.83
16004.44 14772.83
15994.79 14768.91
15987.24 14765.84
15981.88 14763.68
15976.77 14761.62
15956.08 14755.06
15948.08 14752.21
15938.89 14748.93
15929.07 14745.43
15918.61 14741.71
15908.00 14738.43
15897.69 14736.01
15887.18 14733.55
15873.90 14731.57
15866.95 14733.16
15861.27 14734.29
15858.09 14734.92
15836.24 14741.42
15828.64 14741.28
15819.58 14739.39
15810.92 14734.91
15792.69 14720.18
15788.73 14718.62
15785.96 14714.63
15783.22 14710.69
15780.61 14707.09
15777.61 14703.55
15774.88 14699.68
15745.45 14655.13
15739.78 14645.03
15733.54 14633.87
15727.32 14622.76
15721.30 14611.98
15715.15 14600.99
15709.35 14590.64
15703.81 14580.25
15699.49 14572.05
15696.74 14566.34
15692.94 14562.27
15692.20 14560.93
15691.11 14558.97
15689.70 14556.44
15683.59 14545.22
15680.03 14538.17
15676.50 14531.16
15672.20 14522.62
15667.47 14513.23
15663.26 14504.86
15658.51 14495.44
15653.86 14486.21
15648.85 14476.25
15644.15 14466.92
15639.46 14457.27
15636.24 14449.29
15634.44 14444.82
15633.17 14441.68
15632.64 14440.36
15632.41 14439.78
15632.24 14439.37
15632.19 14439.24
15632.14 14439.11
15632.13 14439.09
15632.12 14439.07
15632.12 14439.07
15632.12 14439.07
15632.12 14439.07
15632.12 14439.07
15632.12 14439.07
15632.12 14439.07
15632.12 14439.07
15632.12 14439.07
15632.12 14439.07
15635.25 14437.98
15637.58 14434.97
15636.01 14431.32
15633.83 14426.26
15630.88 14419.40
15629.19 14415.48
15628.78 14414.21
15628.77 14414.19
15628.77 14414.19
15628.77 14414.19
15628.77 14414.19
15628.77 14414.19
15628.77 14414.19
15628.77 14414.19
15615.74 14387.09
15614.53 14384.82
15612.68 14381.31
15610.23 14376.68
15605.68 14375.13
15603.16 14370.37
15599.67 14363.79
15592.37 14357.05
15587.00 14346.89
15582.20 14337.82
15572.20 14319.68
15566.50 14309.63
15560.80 14299.58
15555.20 14289.88
15549.13 14280.05
15543.02 14270.15
15537.42 14261.07
15531.47 14251.44
15523.75 14239.20
15517.79 14229.95
15512.05 14221.04
15505.97 14211.60
15496.29 14202.43
15489.28 14200.13
15485.01 14198.85
15480.95 14197.73
15464.11 14195.87
15453.94 14197.31
15443.19 14198.84
15431.70 14200.47
15419.76 14202.16
15410.48 14203.48
15403.75 14204.43
15396.46 14205.47
15388.72 14206.44
15380.29 14207.45
15369.93 14208.51
15358.29 14209.84
15344.31 14213.07
15333.90 14214.57
15323.54 14216.07
15312.53 14217.64
15301.39 14219.23
15290.91 14220.72
15279.75 14222.32
15242.92 14228.60
15232.70 14229.63
15223.24 14230.58
15213.30 14231.24
15203.59 14231.88
15193.33 14232.56
15183.19 14233.23
15173.01 14233.91
15163.16 14234.57
15152.99 14235.24
15142.64 14236.02
15132.97 14236.65
15093.18 14233.95
15086.11 14233.58
15079.21 14232.02
15073.16 14229.54
15060.23 14223.43
15053.57 14219.60
15039.12 14209.72
15034.57 14205.93
15023.70 14195.93
15014.14 14185.47
15007.29 14175.50
15000.27 14165.27
14994.10 14155.29
14988.04 14144.93
14982.53 14134.01
14978.35 14122.93
14974.00 14111.40
14970.02 14099.99
14967.02 14088.99
14963.25 14067.28
14961.75 14055.71
14960.22 14043.55
14958.75 14031.98
14957.17 14019.48
14955.70 14007.85
14954.17 13995.76
14952.69 13984.07
14950.99 13972.41
14948.65 13959.72
14945.17 13948.09
14940.32 13937.12
14934.77 13926.87
14927.96 13916.61
14920.51 13908.43
14911.75 13901.05
14902.22 13894.83
14892.89 13891.11
14882.94 13887.97
14870.77 13886.14
14858.82 13884.62
14847.49 13883.59
14836.52 13882.63
14826.45 13881.81
14814.74 13880.89
14803.79 13880.07
14792.47 13879.42
14781.48 13879.00
14770.41 13878.57
14759.88 13878.17
14749.72 13877.78
14738.89 13877.36
14728.28 13876.96
14719.07 13876.59
14708.58 13875.84
14696.78 13875.00
14686.59 13874.28
14676.07 13873.53
14665.71 13872.80
14654.07 13871.97
14644.29 13871.28
14633.53 13870.51
14622.15 13869.70
14611.61 13868.95
14601.49 13868.24
14590.65 13867.47
14580.23 13866.73
14568.99 13865.93
14559.15 13865.23
14549.86 13864.57
14538.22 13863.74
14528.72 13863.07
14517.88 13862.30
14508.02 13861.60
14499.63 13861.00
14492.47 13860.49
14486.61 13860.08
14479.10 13859.54
14471.06 13858.97
14461.99 13858.33
14452.45 13857.65
14445.46 13857.16
14436.18 13856.50
14428.10 13855.92
14418.45 13855.24
14409.67 13854.61
14399.18 13853.87
14388.55 13853.11
14380.11 13852.52
14370.84 13851.88
14360.98 13851.19
14350.22 13850.57
14333.46 13849.09
14324.39 13848.02
14314.62 13846.74
14306.00 13845.47
14298.40 13844.38
14294.45 13843.67
14293.63 13843.44
14293.32 13843.35
14292.91 13843.23
14292.87 13843.22
14292.84 13843.21
14292.82 13843.21
14292.82 13843.20
14292.81 13843.20
14292.39 13843.08
14290.84 13842.65
14289.16 13842.17
14288.29 13841.93
14287.41 13841.68
14286.51 13841.42
14285.83 13841.23
14284.85 13840.95
14283.62 13840.61
14283.35 13840.53
14283.18 13840.48
14283.00 13840.43
14282.87 13840.39
14282.81 13840.37
14282.78 13840.36
14282.76 13840.35
14282.74 13840.35
14282.73 13840.34
14282.72 13840.34
14282.72 13840.34
14282.72 13840.34
14282.72 13840.34
14282.72 13840.34
14282.72 13840.34
14282.72 13840.34
14282.72 13840.34
14282.72 13840.34
14282.72 13840.34
14282.72 13840.34
14282.72 13840.34
14282.72 13840.34
14282.72 13840.34
14282.72 13840.34
14282.72 13840.34
14282.72 13840.34
14282.72 13840.34
14282.72 13840.34
14282.72 13840.34
14282.72 13840.34
14282.72 13840.34
14282.72 13840.34
14282.72 13840.34
14282.72 13840.34
14282.72 13840.34
14282.72 13840.34
14282.72 13840.34
14282.71 13840.34
14282.70 13840.34
14282.65 13840.32
14282.53 13840.29
14281.71 13840.04
14281.09 13839.86
14280.17 13839.59
14279.76 13839.46
14279.34 13839.34
14278.85 13839.19
14278.43 13839.07
14278.25 13839.02
14278.00 13838.94
14277.90 13838.91
14277.80 13838.88
14277.76 13838.87
14277.73 13838.86
14277.71 13838.86
14277.70 13838.85
14277.70 13838.85
14277.69 13838.85
14277.69 13838.85
14277.69 13838.85
14277.69 13838.85
14277.69 13838.85
14277.69 13838.85
14277.69 13838.85
14277.69 13838.85
14277.69 13838.85
14277.69 13838.85
14277.69 13838.85
14277.69 13838.85
14277.69 13838.85
14277.69 13838.85
14277.69 13838.85
14277.69 13838.85
14277.69 13838.85
14277.69 13838.85
14277.69 13838.85
14277.69 13838.85
14277.69 13838.85
14277.69 13838.85
14277.69 13838.85
14277.69 13838.85
14277.69 13838.85
14277.69 13838.85
14277.69 13838.85
14277.69 13838.85
14277.69 13838.85
14277.69 13838.85
14277.69 13838.85
14277.69 13838.85
14277.69 13838.85
14277.69 13838.85
14277.69 13838.85
14277.69 13838.85
14277.69 13838.85
14277.69 13838.85
14277.69 13838.85
14277.69 13838.85
14277.69 13838.85
14277.69 13838.85
14277.07 13838.67
14275.41 13838.17
14273.84 13837.71
14273.41 13837.58
14272.99 13837.45
14272.76 13837.39
14272.69 13837.37
14272.68 13837.36
14272.67 13837.36
14272.67 13837.36
14272.67 13837.36
14272.67 13837.36
14272.67 13837.36
14272.66 13837.36
14272.35 13837.27
14271.02 13836.87
14267.67 13835.88
14263.20 13834.55
14258.74 13833.23
14256.82 13832.65
14256.45 13832.55
14256.31 13832.50
14256.27 13832.49
14256.27 13832.49
14256.26 13832.49
14256.26 13832.49
14256.26 13832.49
14257.16 13829.31
14254.99 13828.67
14251.54 13827.56
14246.88 13826.02
14241.00 13824.08
14226.66 13819.12
14219.09 13816.09
14202.96 13810.01
14198.50 13808.74
14179.32 13803.62
14168.55 13802.18
14158.11 13801.04
14147.43 13799.87
14137.03 13798.73
14126.62 13797.57
14116.03 13795.71
14105.68 13792.65
14095.52 13789.97
14085.34 13787.13
14075.75 13784.12
14065.47 13780.85
14056.09 13777.46
14047.00 13773.35
14038.08 13764.80
14039.19 13756.71
14043.11 13750.29
14045.96 13745.37
14047.48 13742.75
14048.08 13741.71
14048.21 13741.49
14048.22 13741.48
14048.22 13741.48
14048.22 13741.47
14048.22 13741.47
14048.22 13741.47
14048.22 13741.47
14057.22 13735.08
14060.91 13735.41
14065.84 13735.86
14072.73 13736.48
14081.93 13737.31
14092.95 13738.21
14104.55 13738.69
14119.13 13738.06
14130.09 13739.39
14141.86 13740.42
14153.33 13741.42
14164.31 13742.38
14173.13 13738.90
14179.85 13734.71
14185.76 13729.13
14187.15 13723.32
14186.02 13715.72
14183.46 13709.12
14180.20 13702.80
14176.43 13696.43
14160.36 13677.91
14152.28 13661.38
14149.17 13651.60
14146.33 13641.73
14143.76 13632.78
14139.17 13613.40
14136.87 13602.23
14134.59 13591.20
14131.99 13580.72
14128.77 13573.39
14117.76 13557.54
14111.34 13551.96
14106.27 13552.59
14093.19 13549.72
14081.82 13547.80
14070.74 13546.13
14059.76 13544.48
14048.47 13542.78
14036.96 13541.05
14026.55 13539.49
14015.76 13537.11
14007.62 13534.95
13998.95 13531.87
13990.85 13527.98
13983.22 13523.96
13975.62 13519.31
13967.78 13513.86
13960.56 13509.15
13952.98 13504.20
13944.92 13498.93
13937.05 13493.74
13929.21 13488.60
13921.53 13484.42
13912.34 13480.32
13903.67 13477.29
13881.27 13470.48
13874.54 13468.32
13867.99 13466.23
13861.07 13463.97
13854.36 13461.20
13847.73 13458.40
13827.86 13445.00
13818.65 13437.95
13810.10 13430.72
13798.79 13423.08
13790.66 13416.24
13783.14 13409.55
13775.73 13402.34
13761.14 13388.91
13756.00 13384.38
13752.65 13381.55
13751.25 13380.24
13751.18 13380.17
13751.16 13380.15
13739.44 13367.76
13738.84 13367.33
13737.94 13366.68
13735.31 13357.34
13732.76 13354.77
13740.13 13335.71
13743.10 13328.46
13744.96 13323.93
13745.70 13322.13
13745.70 13322.12
13745.70 13322.12
13745.70 13322.12
13750.92 13309.74
13752.37 13305.92
13754.28 13300.90
13756.85 13294.17
13760.16 13285.47
13763.94 13275.55
13767.80 13265.42
13771.64 13255.33
13775.66 13244.78
13779.57 13234.50
13783.43 13224.37
13790.63 13204.49
