20470.85 17783.20
20471.20 17781.59
20472.02 17777.79
20473.32 17771.73
20475.02 17763.86
20477.14 17753.97
20479.20 17744.41
20480.78 17737.06
20481.67 17732.93
20475.34 17725.22
20468.37 17722.51
20459.52 17719.08
20450.23 17715.47
20440.79 17711.80
20426.44 17707.61
20416.27 17705.25
20406.99 17703.09
20396.79 17700.72
20386.98 17698.44
20376.68 17696.05
20359.18 17691.92
20350.88 17689.93
20342.98 17688.03
20325.24 17684.07
20316.37 17682.22
20307.24 17680.31
20298.31 17678.44
20279.61 17674.96
20269.93 17673.28
20259.49 17671.45
20249.85 17669.77
20243.86 17668.85
20237.37 17667.95
20230.89 17667.05
20225.16 17666.25
20219.22 17665.43
20213.69 17664.66
20207.75 17663.83
20201.55 17662.97
20195.74 17662.16
20190.13 17661.38
20183.77 17660.50
20177.39 17659.76
20171.69 17659.14
20166.17 17658.55
20160.37 17657.92
20154.17 17657.25
20148.66 17656.66
20143.14 17656.06
20137.64 17655.17
20132.31 17654.26
20125.92 17653.17
20119.69 17652.10
20113.43 17651.03
20080.04 17648.54
20073.85 17648.31
20067.58 17648.08
20061.20 17647.84
20055.56 17647.62
20049.91 17647.41
20043.85 17647.19
20037.91 17646.96
20032.23 17646.75
20026.51 17646.54
20020.18 17646.30
20014.62 17646.09
20008.44 17645.86
20002.12 17645.62
19996.65 17645.42
19991.09 17645.21
19984.91 17644.98
19979.49 17644.78
19973.15 17644.54
19967.34 17644.22
19961.75 17644.01
19955.85 17643.87
19949.76 17643.72
19943.22 17643.47
19934.66 17643.13
19924.43 17642.71
19914.16 17642.30
19902.88 17641.85
19892.45 17641.42
19881.97 17641.00
19871.70 17640.59
19864.05 17640.28
19860.68 17640.14
19860.41 17640.13
19860.40 17640.13
19860.39 17640.13
19860.39 17640.13
19860.39 17640.13
19860.39 17640.13
19860.39 17640.13
19860.39 17640.13
19860.39 17640.13
19860.39 17640.13
19860.39 17640.13
19859.28 17640.09
19856.66 17639.98
19851.95 17639.79
19834.69 17638.89
19825.75 17638.32
19815.22 17637.65
19804.80 17636.99
19794.31 17636.32
19784.10 17635.67
19772.74 17634.95
19762.16 17634.28
19751.01 17633.48
19740.21 17632.67
19729.86 17631.91
19719.27 17631.12
19708.83 17630.34
19697.99 17629.58
19686.68 17628.78
19675.73 17628.00
19664.75 17627.23
19653.75 17626.45
19642.74 17625.67
19631.45 17624.85
19620.32 17623.77
19609.43 17622.86
19598.42 17621.94
19587.91 17621.14
19576.96 17620.54
19566.63 17619.97
19556.10 17619.40
19545.02 17618.26
19534.62 17615.99
19524.30 17613.73
19513.94 17611.36
19503.63 17608.72
19470.96 17600.29
19462.11 17598.04
19453.26 17595.79
19444.54 17593.57
19436.26 17591.47
19427.59 17589.26
19410.14 17584.83
19400.83 17582.48
19391.86 17580.21
19382.92 17577.95
19373.49 17575.57
19364.14 17573.20
19356.33 17571.23
19351.51 17570.01
19349.84 17569.59
19349.45 17569.49
19349.42 17569.48
19349.42 17569.48
19349.42 17569.48
19349.42 17569.48
19349.42 17569.48
19349.42 17569.48
19349.42 17569.48
19349.42 17569.48
19349.42 17569.48
19349.42 17569.48
19349.42 17569.48
19349.42 17569.48
19349.42 17569.48
19349.42 17569.48
19349.42 17569.48
19349.42 17569.48
19349.42 17569.48
19349.42 17569.48
19349.42 17569.48
19349.42 17569.48
19349.42 17569.48
19349.42 17569.48
19349.42 17569.48
19349.42 17569.48
19349.42 17569.48
19349.42 17569.48
19349.42 17569.48
19349.42 17569.48
19349.42 17569.48
19349.42 17569.48
19349.42 17569.48
19349.42 17569.48
19349.42 17569.48
19349.42 17569.48
19349.42 17569.48
19349.42 17569.48
19347.88 17569.09
19342.66 17552.10
19344.49 17546.10
19346.78 17538.61
19349.27 17530.49
19352.42 17520.20
19355.55 17509.97
19358.56 17500.14
19361.84 17489.41
19365.10 17478.74
19368.32 17468.22
19371.32 17458.43
19374.51 17447.99
19377.71 17437.52
19380.84 17427.30
19384.10 17416.66
19387.11 17406.83
19390.20 17396.73
19393.25 17386.76
19396.39 17376.48
19399.54 17366.20
19402.68 17355.91
19405.97 17345.19
19408.88 17335.49
19411.75 17324.92
19414.35 17314.92
19416.66 17304.67
19416.40 17290.72
19419.27 17278.45
19422.35 17267.27
19425.17 17257.03
19427.58 17248.42
19429.13 17242.90
19429.49 17241.61
19429.53 17241.46
19429.54 17241.42
19429.55 17241.39
19429.55 17241.39
19429.55 17241.39
19429.55 17241.39
19429.55 17241.39
19429.55 17241.39
19429.55 17241.39
19429.55 17241.39
19429.55 17241.39
19429.55 17241.39
19429.55 17241.39
19429.55 17241.39
19429.55 17241.39
19429.55 17241.39
19429.55 17241.39
19429.55 17241.39
19429.55 17241.39
19429.55 17241.39
19429.55 17241.39
19429.55 17241.39
19429.55 17241.39
19429.55 17241.39
19429.55 17241.39
19429.55 17241.39
19429.55 17241.39
19429.74 17240.74
19429.86 17240.31
19430.47 17238.13
19431.10 17235.86
19432.35 17231.40
19433.49 17227.33
19434.36 17224.21
19435.18 17221.02
19435.41 17220.00
19435.48 17219.72
19435.49 17219.66
19435.51 17219.59
19435.51 17219.57
19435.51 17219.57
19435.51 17219.57
19435.51 17219.57
19435.51 17219.57
19435.51 17219.57
19435.51 17219.57
19435.51 17219.57
19435.51 17219.57
19435.51 17219.57
19435.78 17218.38
19436.40 17215.68
19437.26 17211.94
19437.90 17209.12
19438.81 17205.13
19442.71 17200.35
19442.49 17194.95
19442.35 17191.24
19442.34 17187.21
19442.56 17183.10
19442.71 17180.17
19442.87 17177.16
19443.14 17173.22
19443.33 17170.85
19438.46 17165.62
19434.17 17164.39
19431.42 17163.50
19430.74 17163.28
19429.00 17162.71
19427.13 17162.10
19426.85 17162.01
19425.31 17161.51
19422.83 17160.71
19421.89 17160.40
19419.11 17159.50
19418.64 17159.34
19418.45 17159.28
19418.37 17159.25
19418.34 17159.25
19418.33 17159.24
19418.33 17159.24
19418.32 17159.24
19418.32 17159.24
19418.32 17159.24
19418.32 17159.24
19418.32 17159.24
19418.32 17159.24
19418.32 17159.24
19418.32 17159.24
19418.32 17159.24
19418.32 17159.24
19418.32 17159.24
19418.32 17159.24
19418.32 17159.24
19418.32 17159.24
19418.32 17159.24
19419.26 17156.08
19418.28 17155.76
19415.49 17154.85
19411.14 17153.44
19399.90 17151.70
19397.60 17151.00
19394.91 17150.18
19360.73 17140.18
19354.81 17138.38
19351.25 17137.30
19347.32 17136.10
19345.01 17135.40
19332.19 17131.30
19325.21 17128.66
19316.56 17125.41
19306.76 17121.86
19297.25 17118.41
19287.05 17115.18
19276.93 17112.25
19266.74 17109.31
19256.43 17106.33
19245.94 17103.30
19235.28 17100.22
19224.90 17097.21
19215.24 17094.44
19205.02 17091.57
19194.72 17088.68
19184.03 17085.67
19165.71 17085.04
19156.88 17089.39
19148.20 17095.07
19137.17 17109.69
19135.23 17119.38
19133.23 17129.34
19131.98 17151.13
19130.21 17163.69
19128.40 17176.47
19126.47 17190.15
19124.54 17203.79
19122.71 17216.71
19120.88 17229.70
19119.11 17242.22
19117.34 17254.76
19115.53 17267.53
19113.68 17280.65
19111.87 17293.47
19110.04 17306.44
19108.21 17319.33
19106.41 17332.09
19104.67 17345.57
19104.66 17359.37
19108.11 17372.07
19116.98 17386.64
19126.35 17393.16
19136.59 17397.42
19147.71 17398.00
19158.91 17395.75
19169.54 17391.53
19177.11 17382.96
19182.99 17373.81
19187.08 17362.73
19190.46 17352.20
19199.47 17321.23
19202.66 17305.99
19206.37 17288.31
19210.47 17268.76
19215.00 17247.16
19219.83 17224.12
19224.72 17200.76
19229.51 17177.94
19234.29 17155.10
19239.17 17131.83
19243.82 17109.65
19248.64 17086.69
19253.35 17064.21
19258.10 17041.55
19262.89 17018.70
19267.72 16995.67
19272.39 16973.39
19277.29 16950.02
19282.09 16927.12
19286.84 16904.47
