23913.01 7279.98
23911.36 7280.12
23907.93 7280.41
23902.58 7280.86
23894.82 7281.52
23887.25 7282.16
23878.91 7282.86
23870.79 7283.55
23862.23 7284.28
23854.75 7284.91
23846.18 7285.64
23838.02 7286.33
23829.55 7287.05
23821.37 7287.74
23813.38 7288.42
23805.18 7289.11
23796.78 7289.82
23788.58 7290.52
23780.48 7291.20
23772.40 7291.89
23764.64 7292.54
23757.26 7293.14
23749.26 7293.76
23741.79 7294.34
23733.71 7294.96
23725.41 7295.61
23717.46 7296.23
23709.65 7296.84
23701.70 7297.46
23693.89 7298.06
23686.43 7298.63
23678.80 7299.21
23671.67 7299.76
23668.09 7300.03
23663.43 7306.64
23663.71 7312.30
23664.15 7319.47
23665.00 7328.48
23666.25 7339.04
23667.78 7350.37
23669.49 7362.44
23670.67 7371.72
23671.38 7377.34
23674.87 7408.28
23676.14 7416.96
23677.72 7427.72
23679.38 7439.04
23681.10 7450.68
23682.78 7462.15
23684.30 7472.49
23685.35 7479.60
23685.86 7483.11
23694.24 7486.29
23701.65 7485.11
23710.69 7483.67
23721.49 7481.97
23734.10 7480.10
23748.23 7478.03
23761.84 7475.88
23775.66 7473.20
23789.17 7470.29
23802.73 7466.27
23815.89 7461.99
23828.55 7456.11
23840.44 7449.74
23852.42 7443.19
23863.88 7436.84
23875.78 7430.26
23887.51 7423.84
23899.02 7417.54
23910.98 7411.00
23922.88 7404.49
23945.72 7392.94
23958.53 7387.57
23971.43 7383.39
23984.97 7379.19
23998.24 7376.15
24011.98 7373.81
24026.01 7371.66
24040.02 7369.50
24053.28 7367.46
24066.67 7365.40
24080.32 7363.53
24093.97 7361.60
24107.79 7359.60
24121.62 7357.61
24135.16 7355.66
24148.23 7353.78
24161.85 7351.82
24176.01 7349.79
24197.44 7346.77
24209.54 7345.02
24222.03 7343.14
24234.51 7341.27
24246.74 7339.43
24256.85 7337.91
24263.52 7336.91
24266.90 7336.40
24267.75 7336.27
24268.17 7336.21
24268.29 7336.19
24268.35 7336.18
24268.36 7336.18
24268.36 7336.18
24268.37 7336.18
24268.37 7336.18
24268.37 7336.18
24268.37 7336.18
24268.37 7336.18
24268.37 7336.18
24268.37 7336.18
24268.37 7336.18
24268.37 7336.18
24278.75 7344.78
24278.07 7347.81
24277.05 7352.10
24275.75 7357.60
24274.19 7364.37
24275.66 7373.82
24273.56 7384.37
24271.11 7396.67
24268.45 7410.02
24265.70 7423.80
24263.07 7437.01
24260.47 7450.04
24257.74 7463.76
24255.04 7477.29
24252.36 7490.76
24249.65 7504.32
24246.56 7520.36
24244.16 7532.92
24241.88 7544.88
24239.65 7556.57
24237.26 7569.06
24234.85 7581.68
24232.60 7593.33
24230.33 7605.03
24228.66 7613.67
24227.53 7619.54
24227.00 7622.26
24226.99 7622.31
24226.99 7622.33
24226.99 7622.34
24226.98 7622.34
24226.98 7622.34
24226.98 7622.34
24226.98 7622.34
24226.70 7623.83
24226.12 7626.79
24226.07 7627.06
24226.04 7627.22
24226.04 7627.25
24226.03 7627.26
24226.03 7627.26
24225.87 7628.13
24225.33 7630.89
24225.31 7630.99
24225.09 7632.12
24219.28 7665.17
24218.65 7668.37
24217.81 7672.64
24216.77 7677.90
24215.46 7684.52
24211.73 7703.22
24209.92 7712.96
24208.20 7722.23
24206.77 7729.99
24205.28 7738.01
24203.88 7745.55
24202.49 7753.04
24201.71 7775.81
24202.07 7781.91
24203.62 7788.85
24206.02 7794.09
24207.60 7797.34
24210.43 7801.15
24213.40 7805.04
24225.55 7813.22
24235.26 7814.99
24246.24 7816.99
24255.70 7818.72
24266.23 7820.64
24276.20 7822.46
24285.57 7823.69
24294.96 7824.51
24305.14 7823.84
24314.80 7822.22
24324.11 7819.38
24332.53 7814.31
24346.41 7799.71
24349.87 7788.93
24352.61 7778.66
24354.64 7767.62
24354.35 7757.58
24352.49 7748.04
24348.46 7738.01
24343.17 7728.89
24336.69 7721.46
24327.76 7715.27
24317.78 7711.17
24306.66 7711.95
24295.65 7712.73
24284.43 7713.58
24275.13 7717.13
24264.70 7721.11
24252.62 7725.71
24219.29 7739.42
24204.44 7742.86
24189.64 7749.94
24172.96 7757.92
24154.88 7766.53
24134.89 7776.04
24113.18 7786.36
24090.22 7797.27
24066.01 7808.78
24039.58 7821.35
24009.18 7837.57
23978.77 7851.68
23946.55 7866.63
23912.55 7881.57
23873.65 7899.19
23834.12 7913.57
23791.77 7927.16
23747.42 7940.36
23706.08 7953.91
23658.64 7968.23
23613.91 7989.84
23581.30 8020.86
23562.83 8058.36
23542.07 8091.18
23513.47 8110.78
23483.95 8121.14
23457.29 8129.81
23437.14 8143.08
23426.52 8165.04
23419.05 8195.54
23416.32 8212.33
23414.29 8224.85
23412.70 8233.06
23408.67 8236.38
23407.81 8240.65
23406.67 8246.30
23405.05 8254.28
23403.78 8266.29
23400.61 8275.69
23396.71 8287.18
23392.43 8299.84
23388.72 8314.58
23381.90 8327.94
23377.39 8347.08
23372.48 8367.89
23367.17 8390.41
23361.96 8412.51
23356.41 8436.04
23350.19 8459.55
23343.35 8481.88
23336.29 8504.90
23329.09 8528.35
23322.00 8551.47
23314.56 8574.79
23307.08 8597.43
23298.89 8619.71
23290.37 8642.27
23281.71 8665.23
23272.49 8687.56
23263.06 8709.52
23253.13 8732.67
23243.56 8754.53
23233.76 8775.79
23223.74 8797.55
23213.55 8819.67
23202.17 8841.56
23190.39 8864.06
23178.61 8886.53
23166.26 8908.12
23153.76 8929.39
23140.93 8951.22
23128.37 8972.36
23115.10 8992.89
23101.28 9014.26
23084.81 9033.65
23069.68 9055.61
23052.82 9078.70
23035.83 9101.97
23019.01 9125.01
23000.67 9146.97
22981.30 9168.93
22962.17 9190.61
22942.52 9212.45
22922.84 9233.51
22902.88 9254.85
22881.88 9275.47
22861.41 9295.37
22840.35 9315.84
22819.64 9335.98
22798.89 9356.14
22777.47 9376.71
22756.59 9396.53
22736.32 9415.77
22715.06 9435.95
22695.08 9454.92
22674.83 9474.14
22653.36 9492.81
22631.84 9511.46
22610.61 9529.86
22590.26 9547.50
22569.55 9565.45
22548.10 9584.03
22527.37 9602.00
22506.42 9620.19
22486.61 9637.57
22465.35 9656.21
22445.11 9673.96
22424.61 9691.94
22404.40 9709.67
22384.82 9726.83
22364.25 9744.87
22344.05 9762.76
22324.41 9780.77
22305.01 9798.55
22284.81 9817.07
22265.95 9834.36
22245.98 9852.66
22227.32 9869.77
22207.58 9887.87
22188.64 9905.22
22169.50 9922.67
22151.10 9939.41
22129.41 9956.99
22110.23 9974.64
22091.13 9992.14
22072.66 10008.85
22053.62 10026.08
22034.41 10043.46
22015.04 10060.99
21994.87 10079.24
21974.95 10097.18
21955.37 10117.57
21935.70 10132.99
21914.75 10149.40
21893.92 10165.73
21874.13 10180.81
21852.82 10196.77
21832.63 10211.89
21812.02 10227.32
21790.97 10242.63
21769.09 10256.55
21746.47 10270.96
21723.86 10284.34
21702.77 10295.70
21680.52 10307.68
21658.00 10319.81
21636.12 10330.97
21612.54 10341.30
21588.21 10351.96
21559.85 10362.64
21537.95 10372.72
21514.71 10381.36
21490.54 10389.38
21466.46 10397.12
21442.09 10404.40
21416.85 10411.37
21391.16 10418.27
21354.69 10425.31
21329.01 10429.75
21304.01 10434.15
21277.11 10438.31
21251.59 10441.84
21224.64 10445.37
21198.50 10448.17
21171.48 10451.06
21141.91 10452.69
21114.45 10454.71
21088.55 10456.62
21061.91 10458.58
21035.17 10460.55
21009.66 10462.42
20979.63 10466.24
20953.56 10468.05
20927.40 10469.87
20900.74 10471.72
20874.42 10473.50
20849.49 10475.18
20824.65 10476.86
20798.57 10478.63
20773.46 10480.32
20748.90 10482.05
20723.93 10483.90
20698.16 10485.80
20675.31 10487.50
20650.61 10489.09
20624.65 10490.47
20601.58 10491.69
20578.56 10492.90
20554.18 10494.38
20530.36 10496.05
20507.88 10497.62
20485.35 10499.20
20461.92 10500.85
20439.94 10502.46
20415.91 10504.21
20392.87 10505.93
20369.89 10508.48
20349.08 10510.80
20326.82 10513.28
20305.15 10516.77
20284.56 10520.12
20262.35 10523.80
20239.10 10528.83
20216.83 10533.81
20195.33 10538.96
20172.36 10545.50
20150.65 10552.03
20130.08 10558.33
20107.95 10565.53
20088.30 10572.43
20068.39 10580.77
20046.90 10590.24
20023.37 10600.75
20001.98 10611.11
19979.93 10622.18
19959.58 10633.05
19938.74 10644.78
19916.33 10657.70
19894.79 10670.53
19872.40 10684.27
19853.88 10695.98
19834.10 10708.50
19813.09 10721.79
19791.76 10735.29
19771.79 10747.93
19751.13 10761.00
19729.54 10774.66
19709.11 10787.59
19688.97 10800.44
19667.87 10814.01
19647.26 10827.26
19625.63 10841.18
19604.33 10854.88
19582.47 10868.93
19562.95 10881.49
19544.10 10893.56
19523.80 10906.45
19504.16 10918.93
19485.25 10930.93
19464.68 10943.99
19444.82 10956.70
19424.03 10970.16
19404.09 10983.08
19384.93 10995.49
19363.81 11009.17
19344.34 11021.74
19326.95 11032.88
19307.78 11045.16
19286.58 11058.73
19267.02 11071.26
19249.05 11082.68
19234.45 11095.84
19216.86 11107.00
19196.27 11122.15
19176.58 11135.49
19154.90 11150.17
19133.66 11164.57
19115.28 11177.02
19098.18 11188.65
19084.27 11198.17
19071.59 11207.03
19060.41 11215.59
19048.89 11225.04
19038.32 11233.92
19027.54 11243.34
19017.40 11252.77
19007.67 11262.33
18997.83 11272.92
18988.01 11284.11
18978.85 11294.57
18970.89 11305.05
18963.39 11315.05
18955.77 11325.55
18947.44 11337.27
18939.24 11349.61
18932.55 11360.36
18925.85 11372.35
18919.53 11383.98
18913.03 11396.87
18908.01 11407.48
18902.76 11419.48
18896.96 11433.81
18891.97 11447.03
