15783.61 12172.09
15782.47 12173.12
15780.22 12175.17
15776.95 12178.14
15772.79 12181.93
15767.09 12187.10
15760.55 12193.05
15753.53 12199.44
15746.12 12206.14
15736.38 12210.49
15729.42 12216.78
15721.89 12223.59
15714.72 12230.07
15707.43 12237.05
15700.22 12244.01
15693.35 12250.64
15686.80 12257.06
15679.82 12264.04
15672.62 12271.23
15665.76 12278.08
15659.40 12284.69
15652.53 12291.85
15645.59 12299.11
15639.00 12306.12
15632.20 12313.62
15625.98 12320.47
15619.78 12327.31
15613.09 12334.68
15606.89 12341.52
15600.65 12348.40
15595.41 12354.18
15592.61 12357.26
15593.13 12351.78
15597.93 12346.49
15603.97 12339.83
15610.24 12332.92
15616.87 12325.61
15620.72 12316.45
15627.47 12309.01
15633.63 12302.22
15640.01 12295.38
15646.87 12288.22
15653.34 12281.47
15659.88 12274.63
15666.46 12268.05
15672.98 12261.53
15679.94 12254.59
15687.05 12247.55
15693.77 12241.06
15700.91 12234.17
15707.88 12227.44
15714.71 12221.18
15721.59 12214.96
15728.91 12208.35
15736.15 12201.81
15743.26 12195.38
15750.15 12189.12
15757.58 12182.37
15765.06 12175.57
15772.24 12169.04
15787.22 12155.10
15793.42 12149.01
15799.26 12142.85
15804.99 12136.31
15817.57 12122.14
15824.05 12114.90
15830.42 12107.82
15836.87 12100.53
15843.44 12093.11
15854.47 12080.58
15862.13 12071.88
15869.46 12063.56
15880.51 12050.80
15887.79 12042.25
15895.04 12033.64
15902.12 12025.32
15909.69 12017.29
15917.58 12008.92
15925.51 12000.51
15932.90 11992.78
15940.32 11985.17
15947.74 11977.57
15955.46 11970.04
15963.67 11962.06
15971.61 11954.54
15979.69 11947.03
15994.70 11932.80
16002.69 11924.93
16011.04 11916.70
16019.28 11908.59
16026.92 11901.07
16035.11 11893.04
16043.00 11885.34
16050.59 11877.10
16058.20 11868.42
16065.22 11859.80
16071.95 11851.54
16079.24 11842.40
16089.62 11829.28
16094.60 11822.87
16105.87 11808.48
16112.39 11800.22
16118.83 11792.07
16125.34 11783.88
16135.66 11770.59
16142.17 11761.34
16148.03 11751.87
16153.10 11742.35
16158.44 11732.31
16163.65 11722.53
16168.87 11712.70
16173.85 11703.19
16178.72 11693.87
16183.62 11684.51
16192.98 11666.67
16198.43 11657.04
16204.24 11648.11
16210.23 11639.59
16217.34 11631.68
16224.83 11623.59
16239.95 11610.01
16248.54 11602.70
16257.21 11595.34
16266.08 11587.80
16274.44 11580.69
16283.00 11573.45
16291.72 11566.10
16301.00 11560.23
16308.59 11551.30
16316.03 11542.84
16323.39 11534.09
16330.46 11525.45
16337.28 11517.28
16344.91 11508.61
16352.50 11499.66
16359.92 11490.80
16370.85 11478.54
16376.95 11471.44
16382.54 11464.90
16389.62 11456.66
16396.97 11448.10
16408.73 11436.20
16416.75 11429.81
16426.00 11423.70
16435.75 11418.30
16445.76 11413.30
16466.39 11405.68
16476.19 11400.05
16485.83 11394.51
16496.07 11388.62
16505.59 11382.66
16515.77 11376.13
16525.03 11370.18
16534.18 11364.30
16544.09 11357.93
16554.17 11351.34
16563.70 11345.04
16573.00 11338.69
16582.19 11332.42
16591.18 11326.29
16600.75 11319.77
16609.85 11313.56
16619.55 11306.94
16628.57 11300.79
16638.56 11293.98
16647.82 11287.92
16657.28 11281.75
16667.01 11275.61
16677.00 11269.53
16694.76 11258.12
16704.57 11251.61
16713.98 11245.41
16723.47 11239.16
16732.72 11233.06
16741.97 11226.96
16751.26 11220.87
16761.34 11214.41
16771.33 11208.01
16780.94 11201.56
16790.62 11194.59
16799.75 11187.67
16809.48 11180.28
16818.75 11173.25
16827.92 11165.83
16837.27 11158.10
16846.05 11150.60
16854.32 11143.20
16862.85 11135.03
16871.09 11126.92
16881.42 11116.57
16888.94 11108.84
16896.86 11100.40
16904.53 11091.94
16912.05 11083.49
16919.87 11074.72
16927.52 11066.13
16932.75 11060.26
16935.30 11057.40
16936.42 11056.14
16936.44 11056.12
16936.44 11056.12
16936.44 11056.12
16936.44 11056.12
16940.56 11046.06
16942.51 11043.41
16945.70 11039.08
16949.96 11033.22
16955.12 11025.98
16961.50 11017.03
16968.60 11007.13
16974.26 11000.98
16977.40 10997.70
16978.26 10996.80
16978.29 10996.77
16978.30 10996.76
16978.30 10996.75
16978.30 10996.75
16978.30 10996.75
16978.30 10996.75
16978.30 10996.75
16978.30 10996.75
16978.30 10996.75
16978.30 10996.75
16978.30 10996.75
16978.30 10996.75
16978.30 10996.75
16980.57 10994.37
16982.81 10992.02
16985.82 10988.84
16989.74 10984.71
16994.55 10979.65
17000.25 10973.64
17007.09 10966.43
17017.82 10953.10
17024.28 10946.52
17041.07 10929.67
17044.36 10926.44
17046.19 10924.64
17057.75 10913.31
17062.94 10908.28
17069.51 10901.92
17077.39 10894.29
17087.04 10884.34
17096.93 10873.90
17106.90 10863.39
17116.13 10853.66
17125.74 10843.53
17135.01 10833.71
17144.49 10823.19
17153.58 10813.09
17168.61 10797.63
17175.22 10791.57
17194.99 10777.01
17199.21 10773.07
17201.87 10770.59
17212.24 10761.29
17218.77 10755.94
17236.86 10741.31
17248.89 10732.61
17262.61 10723.34
17273.81 10712.45
17287.74 10703.83
17301.36 10695.76
17315.42 10688.32
17329.35 10680.95
17343.24 10673.76
17357.38 10666.60
17371.71 10659.34
17385.72 10652.25
17400.02 10645.22
17414.89 10637.97
17429.48 10630.86
17444.51 10623.53
17459.61 10616.17
17473.84 10609.23
17488.69 10602.00
17503.69 10594.69
17518.38 10587.53
17533.38 10580.21
17547.35 10573.12
17561.88 10565.63
17576.82 10557.93
17590.85 10550.69
17605.32 10543.23
17620.07 10535.63
17635.00 10527.93
17649.67 10520.37
