15865.29 12227.31
15864.39 12226.30
15862.59 12224.28
15859.59 12220.91
15855.61 12216.45
15850.39 12210.60
15840.04 12198.05
15833.28 12185.37
15835.19 12175.11
15839.11 12165.42
15842.52 12157.72
15844.40 12153.47
15839.60 12146.11
15833.85 12143.51
15828.06 12140.88
15824.08 12139.09
15822.72 12138.44
15822.19 12138.18
15819.40 12125.05
15821.61 12122.57
15824.96 12118.83
15829.13 12114.20
15834.50 12108.19
15838.10 12099.14
15845.27 12091.03
15857.45 12077.20
15865.24 12068.36
15872.77 12059.80
15884.87 12045.67
15892.87 12036.22
15900.79 12026.83
15909.05 12017.97
15916.96 12009.58
15924.91 12001.14
15932.82 11992.86
15941.27 11984.20
15949.33 11976.01
15957.84 11967.73
15966.13 11959.67
15974.57 11951.79
