12734.80 13610.77
12734.31 13612.67
12733.38 13616.29
12732.12 13621.16
12730.39 13628.00
12728.44 13636.38
12726.21 13645.94
12723.64 13656.93
12720.52 13670.12
12717.37 13683.41
12714.88 13693.92
12713.02 13701.80
12712.06 13705.85
12711.97 13706.24
12711.95 13706.31
12711.95 13706.31
12711.95 13706.31
12711.95 13706.31
12711.95 13706.31
12711.95 13706.31
12711.95 13706.31
12711.95 13706.31
12714.54 13713.50
12717.76 13713.86
12723.13 13714.46
12729.79 13715.20
12738.13 13716.13
12748.43 13717.28
12759.93 13718.84
12773.22 13720.72
12786.77 13722.64
12805.81 13725.38
12818.88 13727.29
12832.37 13729.25
12855.25 13732.81
12869.42 13735.21
12883.18 13738.08
12897.85 13742.01
12911.73 13745.72
12926.38 13749.64
12939.97 13753.28
12954.06 13757.05
12975.47 13762.01
12990.41 13764.06
13005.29 13764.20
13020.35 13764.05
13034.90 13763.92
13049.07 13763.78
13064.17 13763.63
13078.79 13763.49
13094.02 13763.60
13108.30 13776.37
13107.86 13789.51
13107.69 13802.63
13107.83 13813.09
13107.94 13820.54
13107.99 13824.18
13115.78 13830.89
13122.89 13830.43
13132.08 13829.81
13143.13 13829.07
13153.21 13828.40
13159.45 13827.77
13162.91 13827.17
13163.49 13827.07
13163.60 13827.05
13163.62 13827.05
13163.62 13827.04
13163.62 13827.04
13163.62 13827.04
13174.33 13825.03
13176.84 13824.52
13180.77 13823.71
13185.95 13822.61
13192.49 13821.23
13199.99 13819.65
13220.18 13816.10
13234.67 13814.09
13249.13 13812.08
13266.52 13811.37
13280.99 13809.41
13294.99 13807.50
13314.23 13804.69
13327.37 13802.64
13340.13 13800.53
13352.41 13794.59
13375.48 13788.82
13384.08 13785.97
13404.00 13777.71
13416.19 13773.56
13428.52 13769.97
13440.41 13766.60
13451.53 13764.71
13459.08 13763.50
13463.06 13762.95
13464.25 13762.79
13465.00 13762.68
13464.62 13759.40
13472.80 13758.26
13476.86 13757.67
13482.40 13756.87
13489.68 13755.83
13498.53 13754.55
13508.53 13753.11
13520.22 13751.86
13533.93 13750.77
13547.33 13750.36
13561.62 13749.92
13575.70 13749.50
13589.10 13749.11
13608.43 13748.95
13623.70 13746.02
13636.86 13743.79
13649.30 13740.22
13668.99 13737.09
13677.85 13734.39
13702.04 13727.45
13720.00 13723.02
13733.39 13719.99
13747.77 13717.13
13762.31 13715.06
13775.90 13713.49
13789.69 13712.52
13803.38 13711.43
13817.15 13710.34
13831.53 13710.61
13845.56 13711.27
13858.55 13713.05
13867.52 13714.27
13872.93 13715.01
13874.45 13715.22
13906.77 13721.51
13910.45 13722.44
13915.37 13723.50
13921.84 13724.90
13929.93 13726.65
13939.42 13728.06
13950.18 13729.28
13966.85 13730.39
13981.09 13732.24
13994.91 13733.47
14009.38 13733.54
14034.75 13733.34
14040.62 13733.16
14057.26 13735.08
14071.71 13736.39
14086.63 13737.71
14100.91 13738.49
14117.49 13741.19
14131.82 13742.86
14146.33 13744.13
14160.57 13745.37
14179.80 13749.84
14190.82 13754.46
14199.78 13759.31
14205.78 13763.02
14208.83 13765.10
14225.40 13776.05
14233.52 13781.21
14242.95 13787.21
14254.37 13794.46
14267.38 13802.73
14280.89 13811.18
14294.67 13817.74
14309.01 13823.13
14323.55 13826.92
14339.01 13829.76
14354.79 13831.63
14369.74 13832.96
14384.62 13833.90
14399.93 13834.88
14415.32 13835.86
14431.18 13836.86
14446.56 13837.84
14462.37 13838.85
14477.42 13839.81
14493.14 13840.81
14508.33 13841.77
14523.24 13842.72
14538.69 13843.70
14554.62 13844.72
14569.75 13845.68
14585.68 13846.69
14601.38 13847.69
14616.85 13848.68
14632.69 13849.68
14647.98 13853.96
14663.44 13854.95
14679.50 13855.97
14694.86 13856.95
14710.59 13857.95
14726.24 13858.94
14741.48 13859.50
14757.30 13859.82
14772.64 13860.14
14788.51 13860.45
14803.72 13860.48
14819.13 13860.65
14834.50 13860.81
14892.24 13862.50
14898.50 13862.95
14904.69 13863.72
14910.95 13864.60
14916.64 13866.22
14922.34 13868.46
14928.24 13870.77
14933.79 13873.04
14939.61 13875.69
14977.07 13930.51
14978.72 13941.72
14980.43 13953.34
14982.15 13965.06
14983.02 13976.72
14983.90 13988.60
14984.79 14000.63
14985.72 14023.89
14990.58 14036.48
14992.08 14049.57
14993.57 14062.69
14995.57 14076.06
14998.98 14096.97
15002.97 14111.85
15008.47 14125.98
15014.43 14141.96
15022.87 14154.17
15033.20 14164.67
15043.09 14174.74
15054.12 14187.08
15070.44 14197.56
15079.64 14204.54
15088.26 14211.24
15105.64 14217.20
15105.70 14217.27
15105.73 14217.32
15136.35 14219.45
15144.29 14218.85
15153.75 14218.14
15164.60 14217.40
15176.73 14216.61
15189.44 14215.78
15202.29 14214.95
15215.11 14214.11
15226.91 14213.34
15235.16 14212.81
15239.43 14209.23
15240.57 14209.15
15241.18 14209.11
15241.19 14209.11
15241.20 14209.11
15241.20 14209.11
15241.20 14209.11
15241.20 14209.11
15241.20 14209.11
15241.20 14209.11
15241.20 14209.11
15241.20 14209.11
15241.20 14209.11
15270.47 14208.37
15274.86 14207.89
15281.05 14207.20
15288.91 14206.34
15298.75 14205.02
15310.54 14203.37
15324.06 14201.49
15337.78 14199.58
15351.67 14197.64
15366.25 14195.79
15383.35 14195.19
15396.62 14193.87
15409.95 14192.74
15424.16 14190.57
15437.28 14188.45
15451.16 14185.18
15461.16 14182.84
15467.41 14181.37
15490.94 14169.10
15496.38 14167.84
15513.24 14167.23
15526.62 14164.24
15540.93 14161.09
15555.30 14157.93
15569.15 14154.89
15583.70 14151.69
15599.56 14151.59
15613.49 14148.53
15627.74 14145.40
15642.20 14142.23
15656.32 14139.12
15670.63 14135.98
15685.00 14131.69
15696.61 14123.70
15703.10 14110.64
15702.60 14095.66
15700.17 14081.64
15697.54 14066.50
15695.08 14052.34
15692.63 14038.26
15690.00 14023.11
15687.46 14008.52
15684.99 13994.29
15680.19 13958.62
15679.49 13953.01
15678.81 13947.49
15678.38 13943.57
15678.09 13941.05
15677.96 13940.13
15677.94 13939.96
15677.94 13939.95
15677.94 13939.95
15716.97 13922.71
15719.26 13922.85
15722.79 13923.05
15728.14 13920.05
15734.40 13920.41
15741.72 13920.83
15750.38 13921.33
15760.64 13921.32
15770.66 13921.03
15780.62 13920.74
15826.08 13914.68
15835.32 13910.86
15844.35 13907.11
15852.94 13902.30
15861.12 13897.52
15869.24 13892.78
15891.07 13880.64
15903.18 13874.10
15915.70 13867.35
15927.49 13860.06
15939.03 13852.86
15951.09 13845.33
15964.03 13837.72
15976.91 13830.44
15990.50 13822.83
16003.47 13816.00
16017.42 13810.81
16040.70 13806.24
16055.21 13805.80
16070.35 13806.33
16084.99 13808.52
16099.06 13810.64
16113.97 13812.87
16128.08 13814.99
16142.40 13817.14
16157.11 13819.35
16171.20 13821.46
16185.96 13823.68
16201.16 13825.96
16225.04 13829.65
16239.99 13832.35
16255.14 13835.09
16270.68 13837.89
16285.45 13840.56
16300.21 13843.23
16315.82 13845.98
16330.95 13848.49
16346.30 13851.01
16361.71 13853.25
16377.24 13855.52
16392.22 13857.67
16407.61 13859.01
16423.36 13859.71
16439.08 13858.50
16461.88 13852.32
16462.89 13851.94
16463.51 13851.71
16463.80 13851.61
16463.86 13851.59
16463.87 13851.58
16463.87 13851.58
16463.87 13851.58
16463.87 13851.58
16490.31 13841.26
16492.28 13843.84
16495.17 13847.61
16498.98 13852.58
16504.24 13858.86
16511.56 13865.51
16521.92 13870.71
16533.86 13874.24
16545.56 13876.06
16558.10 13877.54
16586.88 13879.61
16601.33 13877.56
16615.67 13878.86
16629.90 13880.16
16644.35 13881.47
16658.92 13882.80
16673.85 13884.16
16688.03 13888.98
16702.25 13890.85
16716.82 13892.77
16731.24 13894.50
16745.75 13896.23
16759.64 13897.84
16782.94 13900.43
16796.26 13901.99
16809.81 13903.79
16823.51 13905.94
16837.18 13908.10
16850.62 13910.22
16864.49 13912.40
16888.49 13915.95
16902.43 13918.24
16916.34 13920.52
16930.11 13922.25
16944.31 13923.80
16958.15 13925.31
16972.31 13926.86
16985.28 13928.26
16994.94 13928.84
17001.04 13929.52
17008.74 13945.12
17010.74 13954.67
17013.76 13965.33
17017.53 13978.21
17021.63 13992.24
17025.75 14006.30
17029.94 14020.64
17034.15 14034.94
17038.41 14049.29
17042.50 14063.07
17046.69 14077.20
17050.86 14091.25
17054.93 14104.97
17061.56 14128.06
17065.19 14141.26
17068.95 14154.97
17072.77 14168.87
17076.54 14182.56
17080.16 14195.26
17082.72 14204.03
17084.14 14208.88
17084.41 14209.83
17084.46 14210.01
17084.49 14210.11
17084.50 14210.12
17087.82 14221.52
17088.79 14224.83
17090.38 14230.28
17092.54 14237.68
17095.25 14246.98
17098.34 14257.56
17101.91 14269.78
17104.53 14290.14
17104.21 14304.73
17103.88 14319.53
17103.54 14334.45
17103.21 14349.12
