22955.30 5581.47
22955.47 5579.95
22955.74 5576.49
22955.91 5570.57
22956.12 5562.96
22956.38 5553.98
22956.69 5543.11
22957.05 5530.48
22957.44 5516.94
22957.84 5503.15
22958.23 5489.41
22958.57 5477.51
22958.81 5468.80
22958.95 5464.25
22969.51 5455.63
22976.35 5454.95
22984.68 5454.26
22995.05 5453.40
23004.91 5452.59
23022.07 5452.22
23029.87 5452.27
23037.50 5452.32
23045.61 5452.37
23053.74 5452.56
23062.38 5452.76
23070.63 5452.96
23079.28 5453.17
23087.46 5453.40
23095.57 5453.63
23103.12 5453.75
23110.94 5453.89
23119.11 5454.03
23127.23 5454.15
23135.32 5454.26
23143.60 5454.38
