13880.37 7192.87
13878.92 7191.56
13876.30 7189.20
13872.32 7185.61
13867.39 7181.17
13860.61 7176.00
13852.01 7169.72
13841.43 7162.15
13828.38 7154.20
13814.81 7145.92
13801.78 7137.97
13789.80 7128.50
13778.57 7118.00
13768.93 7106.17
13760.16 7093.00
13751.87 7080.55
13743.27 7067.64
13734.53 7054.52
13725.32 7041.85
13715.28 7030.74
13698.33 7012.17
13688.71 7002.25
13678.51 6991.75
13668.30 6982.15
13658.16 6972.74
13647.75 6963.07
13629.41 6947.76
13617.31 6939.38
13604.81 6930.73
13592.95 6922.51
13580.99 6914.23
13568.70 6904.91
13557.44 6895.14
13541.00 6899.50
13527.55 6907.46
13513.79 6913.97
13499.35 6918.84
13484.48 6923.87
13470.14 6929.43
13456.43 6935.05
13441.96 6941.14
13428.14 6947.28
13414.03 6953.64
13392.12 6964.32
13378.37 6971.60
13365.36 6978.82
13352.27 6986.25
13338.84 6993.87
13325.06 7000.96
13311.47 7007.90
13289.67 7018.99
13275.12 7026.35
13260.99 7033.39
13245.63 7038.83
13229.93 7044.06
13214.65 7047.61
13199.33 7051.18
13184.22 7054.69
13168.90 7057.76
13152.92 7060.82
13137.76 7063.62
13122.20 7066.24
13107.07 7068.78
13091.30 7071.43
13075.64 7074.06
13060.26 7076.64
13044.30 7079.33
13028.23 7082.03
13011.94 7084.70
12995.82 7087.65
12980.34 7090.83
12964.13 7094.17
12947.93 7097.70
12932.46 7101.24
12917.34 7105.38
12901.98 7110.41
12887.35 7115.86
12872.91 7121.23
12857.70 7126.97
12843.17 7132.90
12827.99 7139.09
12813.60 7144.96
12799.17 7150.84
12784.91 7156.66
12769.63 7162.89
12755.38 7168.70
12740.52 7174.77
12725.34 7180.66
12710.44 7186.09
12694.87 7191.75
12679.49 7197.35
12664.60 7202.77
12650.08 7207.65
12634.66 7212.64
12618.92 7217.72
12604.25 7222.47
12589.67 7227.18
12575.54 7231.75
12563.23 7235.73
12550.44 7239.87
12538.13 7243.85
12528.42 7246.99
12517.94 7250.37
12507.26 7253.83
12495.74 7257.56
12485.20 7260.96
12475.99 7263.94
12458.35 7270.25
12449.16 7274.05
12439.54 7278.17
12430.39 7282.11
12422.37 7285.57
12413.99 7289.19
12404.63 7293.23
12395.55 7297.15
12385.27 7301.58
12375.71 7305.84
12365.96 7310.42
12357.82 7314.25
12348.77 7318.50
12340.46 7322.41
12331.24 7326.75
12321.23 7331.45
12312.48 7335.57
12302.50 7340.26
12293.88 7344.32
12288.30 7346.94
12285.02 7348.48
12283.89 7349.01
12282.64 7349.60
12282.48 7349.67
12282.35 7349.74
12282.35 7349.74
12282.34 7349.74
12282.34 7349.74
12282.34 7349.74
12282.34 7349.74
12282.34 7349.74
12281.47 7350.15
12279.18 7351.23
12275.23 7353.08
12272.88 7354.14
12272.47 7354.32
12272.42 7354.34
12272.40 7354.35
12272.39 7354.36
12272.39 7354.36
12272.39 7354.36
12272.39 7354.36
12272.39 7354.36
12272.39 7354.36
12272.39 7354.36
12272.39 7354.36
12272.39 7354.36
12272.39 7354.36
12272.39 7354.36
12272.39 7354.36
12272.39 7354.36
12272.39 7354.36
12272.39 7354.36
12272.39 7354.36
12272.39 7354.36
12272.39 7354.36
12272.39 7354.36
12272.39 7354.36
12272.39 7354.36
12272.39 7354.36
12272.39 7354.36
12272.39 7354.36
12272.39 7354.36
12272.39 7354.36
12272.39 7354.36
12272.39 7354.36
12272.39 7354.36
12272.39 7354.36
12271.19 7354.88
12268.65 7355.99
12264.86 7363.99
12263.89 7371.11
12266.46 7378.32
12269.70 7387.39
12273.35 7397.63
12277.79 7410.09
12282.79 7424.12
12288.34 7439.66
12294.67 7457.42
12300.85 7474.74
12306.95 7491.86
12313.18 7509.34
12319.52 7527.09
12325.88 7544.94
12332.09 7562.34
12338.30 7579.77
12344.55 7597.30
12354.01 7623.82
12360.33 7641.53
12367.00 7660.25
12373.46 7678.17
12379.93 7696.10
12386.53 7714.35
12393.02 7732.31
12399.69 7750.77
12406.45 7769.45
12414.35 7787.02
12422.91 7804.83
12430.98 7821.63
12440.38 7838.87
12449.84 7855.70
12459.19 7872.33
12468.59 7889.06
12478.20 7906.16
12487.46 7922.63
12496.85 7939.33
12506.56 7956.61
12515.95 7972.76
12526.01 7989.62
12535.94 8006.28
12545.88 8022.95
12556.05 8040.00
12565.91 8056.54
12575.24 8072.19
12584.76 8088.23
12593.10 8102.57
12601.62 8117.22
12609.36 8130.54
12617.27 8144.14
12625.08 8157.57
12632.18 8169.78
12639.51 8182.40
12646.20 8193.91
12657.95 8214.18
12665.24 8226.93
12671.93 8238.63
12679.19 8251.33
12686.07 8263.35
12692.57 8274.72
12699.59 8286.98
