11157.32 16063.65
11158.14 16064.97
11159.64 16067.39
11162.23 16071.40
11165.92 16077.02
11170.12 16083.41
11174.34 16089.83
11178.14 16095.56
11182.30 16101.60
11186.33 16107.46
11190.22 16113.10
11194.55 16119.39
11198.59 16125.26
11202.76 16131.31
11205.00 16134.56
11214.33 16135.08
11219.33 16131.83
11223.92 16128.86
11229.03 16125.54
11234.38 16122.07
11237.71 16119.91
11235.42 16098.04
11231.71 16092.95
11227.57 16087.26
11223.51 16081.68
11219.66 16076.40
11215.64 16070.80
11212.02 16065.37
11208.31 16059.80
11204.21 16053.65
11200.31 16047.79
11196.24 16041.70
11193.43 16037.48
11193.70 16025.82
11200.62 16021.02
11209.29 16015.00
11219.36 16008.02
11229.38 16001.07
11244.46 15990.95
11251.40 15986.54
11255.23 15984.16
11256.02 15983.67
11256.33 15983.48
11256.36 15983.46
11256.37 15983.45
11256.37 15983.45
11256.37 15983.45
11256.37 15983.45
11257.17 15982.96
11259.49 15981.52
11268.19 15976.12
11272.97 15973.17
11279.22 15969.31
11287.07 15964.33
11296.51 15958.19
11307.26 15951.19
11317.90 15944.26
11328.42 15937.42
11339.39 15930.28
11351.63 15922.33
11355.34 15919.92
11356.70 15919.04
11356.75 15919.01
11356.77 15919.00
11356.77 15919.00
11356.77 15918.99
11356.77 15918.99
11356.77 15918.99
11356.77 15918.99
11356.84 15918.95
11356.97 15918.86
11357.28 15918.66
11358.54 15917.84
11360.79 15916.38
11363.98 15914.31
11368.48 15911.39
11374.47 15907.50
11380.99 15903.28
11389.26 15897.94
11398.13 15892.21
11406.42 15880.24
11407.48 15877.41
11407.66 15876.94
11407.73 15876.75
11407.76 15876.68
11408.01 15876.01
11408.59 15874.45
11408.76 15871.41
11405.45 15860.15
11401.32 15853.55
11396.06 15845.16
11392.81 15833.75
11387.19 15824.78
11380.22 15813.98
11373.63 15803.78
11366.73 15793.17
11359.64 15782.81
11351.87 15772.58
11345.03 15762.22
11338.34 15751.98
11331.84 15742.02
11325.30 15732.01
11317.42 15715.98
11315.17 15710.95
11313.16 15706.44
11311.75 15703.27
11311.02 15701.61
11310.91 15701.37
11310.90 15701.33
11310.89 15701.32
11310.89 15701.32
11310.89 15701.32
11310.89 15701.32
11310.89 15701.32
11310.89 15701.32
11310.89 15701.32
11310.89 15701.32
11310.89 15701.32
11310.89 15701.32
11310.89 15701.32
11310.89 15701.32
11310.89 15701.32
11310.89 15701.32
11310.89 15701.32
11310.89 15701.32
11310.89 15701.32
11310.89 15701.32
11310.89 15701.32
11310.89 15701.32
11310.89 15701.32
11310.89 15701.32
