16067.01 8429.04
16067.62 8427.64
16069.00 8424.45
16071.08 8419.64
16073.53 8413.96
16076.26 8407.29
16078.39 8401.20
16080.52 8395.14
16082.76 8388.75
16085.09 8382.11
16087.02 8376.11
16088.70 8370.15
16090.47 8363.87
16092.20 8357.74
16093.66 8352.55
16097.07 8352.64
16095.22 8359.19
16093.41 8365.64
16091.73 8371.58
16090.01 8377.68
16088.01 8383.75
16085.83 8389.98
16083.58 8396.38
16081.45 8402.47
16079.19 8408.91
16076.59 8415.22
16073.77 8421.73
16070.94 8428.27
16059.57 8452.61
16056.75 8457.98
16053.82 8463.53
16050.71 8469.45
16047.87 8474.84
16044.72 8480.78
16041.58 8486.31
16038.36 8492.00
16035.20 8497.58
16032.27 8502.76
16023.54 8516.61
16019.06 8523.19
16014.93 8529.26
16010.92 8535.16
16006.91 8541.05
16002.76 8547.14
15998.43 8553.50
15994.17 8559.33
15989.60 8565.30
15985.08 8571.21
15980.41 8577.30
15976.51 8583.36
15973.22 8590.07
15970.42 8596.09
15967.53 8603.23
15964.08 8611.77
15956.26 8631.66
15951.86 8643.03
15947.42 8654.49
15942.88 8666.24
15938.28 8678.11
15933.69 8689.99
15929.08 8701.89
15924.86 8712.78
15922.11 8719.90
15920.85 8723.15
15920.83 8723.19
15920.83 8723.21
15920.83 8723.21
15920.82 8723.22
15920.82 8723.22
15920.82 8723.22
15920.82 8723.22
15920.82 8723.22
15920.82 8723.22
15916.29 8733.99
15914.90 8737.02
15912.52 8742.23
15909.21 8749.48
15905.38 8757.88
15900.87 8767.76
15895.72 8779.03
15890.33 8790.98
15885.42 8803.02
15880.70 8814.57
15875.71 8826.81
15870.65 8839.22
15865.75 8850.89
15860.85 8862.49
15856.11 8873.74
15851.18 8885.41
15842.71 8905.84
15837.86 8917.34
15832.94 8928.98
15827.85 8941.01
15822.97 8952.58
15817.86 8964.67
15813.09 8976.87
15809.75 8989.84
15806.39 9002.89
15803.30 9015.45
15801.63 9027.92
15799.92 9040.78
15798.21 9053.56
15796.54 9066.10
15794.84 9078.79
15793.05 9092.26
15791.39 9104.68
15789.70 9117.30
15787.95 9130.44
15786.29 9142.87
15783.43 9165.96
15781.80 9179.72
15780.22 9193.05
15778.58 9206.58
15776.56 9220.37
15774.69 9233.08
15772.68 9246.76
15770.66 9260.46
15768.75 9273.48
15766.73 9287.25
15764.85 9299.99
15762.82 9313.85
15760.84 9327.26
15758.92 9340.34
15756.94 9353.83
15754.91 9367.64
15752.25 9381.36
15749.16 9394.49
15744.57 9407.32
15738.16 9419.06
15729.81 9429.20
15719.72 9438.53
15708.78 9446.94
15698.16 9454.48
15687.38 9461.68
15676.16 9468.99
15664.74 9476.34
15654.02 9483.23
15642.62 9490.57
15630.89 9498.11
15619.42 9505.19
15607.49 9512.09
15595.12 9522.99
15585.33 9528.54
15575.24 9534.26
15565.85 9539.58
15555.56 9545.14
15545.31 9550.13
15535.28 9555.02
15527.57 9558.38
15522.99 9559.87
15521.87 9560.23
15521.84 9560.24
15521.83 9560.24
15521.83 9560.24
15521.83 9560.24
15520.68 9565.31
15523.74 9568.33
15528.54 9573.08
15534.63 9579.10
15541.63 9586.03
15549.55 9593.86
15558.95 9603.16
15567.85 9611.96
15577.68 9620.23
15587.56 9628.48
15597.59 9636.86
15607.88 9645.44
15618.07 9653.21
15627.97 9660.77
15637.78 9668.25
15647.65 9675.77
15658.11 9683.74
15668.12 9691.38
15678.67 9699.42
15688.47 9706.89
15698.70 9714.69
15708.92 9722.48
15719.35 9730.43
15729.86 9738.44
15739.40 9746.88
15749.36 9755.74
15756.96 9766.38
15762.70 9780.08
15767.05 9791.61
15770.28 9803.27
15771.15 9815.75
15770.73 9823.59
15769.88 9831.19
15768.58 9839.04
15762.72 9865.30
15762.68 9865.38
15749.24 9891.73
15741.37 9902.35
15733.64 9912.78
15725.82 9923.34
15718.00 9933.90
15710.62 9943.81
