11104.81 11786.86
11103.93 11788.53
11102.53 11791.17
11100.52 11794.96
11098.14 11800.75
11095.84 11807.80
11093.08 11816.31
11089.91 11826.06
11087.26 11835.55
11084.44 11845.70
11081.61 11855.92
11078.85 11865.85
11076.17 11875.51
11073.48 11885.18
11063.94 11917.87
11060.66 11927.35
11057.51 11936.44
11054.17 11946.08
11050.79 11955.84
11047.52 11965.27
11044.39 11974.33
11041.75 11983.98
11039.65 11993.20
11037.54 12002.48
11032.85 12018.61
11029.59 12028.89
11026.17 12039.65
11022.85 12050.13
11019.32 12061.32
11015.95 12072.23
11012.59 12083.12
11009.22 12093.87
11005.62 12105.20
11002.14 12116.16
10998.88 12126.40
10995.39 12137.40
10991.86 12148.62
10989.25 12157.13
10986.16 12166.97
10997.07 12174.05
11007.67 12176.90
11017.39 12180.03
11028.03 12183.44
11038.13 12187.01
11048.21 12190.89
11063.38 12197.39
11073.42 12201.62
11083.40 12205.82
11093.16 12209.92
11102.90 12214.02
11112.23 12217.94
11128.22 12224.49
11138.61 12228.70
11148.34 12232.63
11158.32 12236.67
11168.54 12240.81
11178.13 12244.69
11187.66 12248.55
11198.05 12252.76
11219.19 12260.93
11228.76 12264.29
11239.02 12268.21
11248.41 12272.13
11258.25 12276.36
11268.05 12281.49
11277.82 12286.62
11287.25 12291.56
11304.03 12300.46
11314.19 12305.96
11324.22 12311.40
11333.92 12316.66
11343.31 12321.74
11353.70 12327.37
11363.17 12332.50
11379.04 12341.31
11388.14 12346.37
11397.05 12351.33
11406.53 12356.43
11415.97 12361.28
11424.82 12365.62
11439.82 12372.00
11449.74 12376.45
11459.65 12381.27
11468.92 12385.82
11478.45 12391.07
11487.51 12396.04
11503.10 12404.60
11512.68 12409.85
11522.42 12415.65
11532.16 12421.59
11541.74 12427.43
11551.74 12432.91
11562.10 12438.36
11572.25 12443.70
11581.84 12448.75
11591.22 12453.68
11600.69 12458.67
11619.57 12467.79
11629.80 12472.52
11639.68 12477.08
11649.82 12481.76
11659.94 12486.44
11670.54 12491.34
11680.28 12495.84
11690.74 12501.07
11701.16 12506.55
11711.14 12511.80
11720.73 12516.70
11730.76 12521.54
11740.59 12526.28
11751.20 12531.40
11761.64 12536.44
11772.02 12541.45
11781.67 12546.11
11791.33 12550.76
11801.82 12554.85
11822.39 12562.16
11833.09 12566.62
11843.53 12571.23
11854.03 12576.17
11863.63 12580.68
11873.84 12585.48
11883.44 12589.99
11893.36 12594.65
11903.12 12599.24
11913.13 12603.94
11928.50 12612.20
11937.79 12617.47
11946.81 12622.57
11956.02 12627.79
11964.48 12633.12
11973.58 12639.18
11982.16 12644.89
11990.31 12650.53
11998.73 12657.19
12004.11 12661.45
12006.75 12663.55
12009.04 12665.36
12011.01 12666.92
12014.54 12669.72
12044.51 12693.41
12049.50 12698.21
12054.53 12703.04
12060.92 12709.20
12067.82 12715.83
12074.70 12722.45
12081.79 12729.27
12089.14 12736.33
12096.07 12743.00
12103.10 12749.76
12110.04 12756.43
12117.06 12763.19
12128.83 12774.43
12137.05 12782.06
12144.71 12789.84
12152.55 12798.21
12160.40 12806.29
12168.31 12813.95
12176.60 12821.99
12184.54 12829.67
12192.99 12837.85
12200.99 12845.26
12209.58 12853.38
12217.75 12861.31
12224.80 12870.42
12236.75 12880.23
12246.53 12886.21
12256.26 12891.52
12266.50 12896.97
12275.84 12901.94
12285.32 12907.00
12295.74 12911.97
12305.56 12916.63
12316.10 12921.62
12326.60 12926.59
12336.99 12931.64
12347.20 12936.76
12366.33 12947.25
12375.50 12954.36
12383.95 12961.55
12392.36 12968.71
12401.34 12976.35
12409.79 12983.55
12418.49 12991.43
12426.89 12999.13
12435.45 13006.98
12443.37 13014.24
12451.76 13021.86
12457.63 13026.95
12460.66 13029.57
12461.30 13030.14
12461.46 13030.28
12461.48 13030.29
12461.49 13030.30
12461.49 13030.30
12461.49 13030.30
12461.49 13030.30
12461.49 13030.30
12461.49 13030.30
12461.49 13030.30
12461.49 13030.30
12461.49 13030.30
12461.79 13030.56
12462.96 13031.57
12465.87 13034.10
12470.40 13037.72
12483.66 13048.08
12490.72 13054.27
12498.86 13061.30
12507.89 13068.86
12516.44 13076.02
12525.13 13083.37
12534.07 13091.15
12542.32 13098.32
12550.98 13105.86
12559.67 13113.48
12568.44 13121.19
12576.96 13128.68
12584.98 13135.71
12593.33 13142.94
12601.94 13150.39
12610.34 13157.65
12619.08 13165.23
12632.35 13176.58
12640.16 13183.23
12647.96 13189.86
12655.94 13196.65
12663.25 13202.87
12667.84 13206.78
12670.30 13208.87
12670.90 13209.38
12670.98 13209.45
12671.01 13209.48
12671.02 13209.48
12671.02 13209.48
12671.02 13209.48
12671.02 13209.48
12671.02 13209.48
12671.02 13209.48
12671.02 13209.48
12671.02 13209.48
12671.02 13209.48
12671.02 13209.48
12671.02 13209.48
12671.02 13209.48
12671.02 13209.48
12671.02 13209.48
12671.02 13209.48
12671.02 13209.48
12671.02 13209.48
12671.02 13209.48
12671.02 13209.48
12671.02 13209.48
12671.02 13209.48
12671.02 13209.48
12676.51 13214.29
12677.56 13215.24
12679.43 13216.94
12681.72 13219.02
12699.73 13234.96
12707.38 13241.57
12715.21 13248.33
12722.84 13254.92
12730.52 13261.55
12738.23 13268.21
12745.98 13274.90
12753.98 13281.81
12761.92 13288.89
12769.57 13295.71
12775.07 13300.62
12778.68 13303.63
12779.36 13304.15
12780.32 13304.86
12782.85 13306.75
12794.48 13316.19
12796.48 13317.93
12798.87 13320.11
12798.45 13339.86
12795.72 13351.16
12793.08 13362.09
12790.52 13372.68
12787.91 13383.52
12788.67 13394.44
12785.92 13405.80
12783.30 13416.65
12780.74 13427.24
12778.01 13438.57
12775.46 13449.12
12772.73 13460.41
12770.10 13471.32
12767.45 13482.30
12764.84 13493.08
12762.19 13504.07
12759.50 13515.20
12756.79 13526.39
12751.27 13549.65
12749.05 13558.51
12746.41 13568.11
12743.81 13577.59
12741.17 13587.20
12738.56 13596.67
12734.57 13611.66
12732.06 13621.37
12729.70 13630.96
12727.24 13641.49
12724.95 13651.30
12722.48 13661.87
12720.01 13672.26
12717.65 13682.22
12716.20 13688.37
12715.65 13690.69
12715.45 13691.52
12712.24 13690.77
12711.77 13692.75
12711.48 13693.95
12711.15 13695.35
12711.08 13695.68
12711.07 13695.69
12711.07 13695.70
12711.07 13695.70
12711.07 13695.71
12711.07 13695.71
12711.07 13695.71
12710.89 13696.45
12710.29 13698.97
12709.29 13703.21
12705.80 13723.88
12705.21 13730.27
12704.44 13738.68
12703.60 13747.87
12702.71 13757.63
12701.85 13766.91
12701.02 13775.98
12699.66 13790.79
12697.47 13810.28
12696.22 13820.57
12694.99 13830.76
12693.73 13841.24
12692.54 13852.11
