11990.99 18112.11
11991.97 18110.49
11994.12 18106.94
11997.32 18101.67
12001.70 18094.46
12007.10 18085.58
12013.55 18074.96
12019.32 18065.46
12023.03 18059.34
12024.89 18056.28
12025.44 18061.73
12022.08 18067.26
12017.56 18074.70
12012.30 18083.37
12006.41 18093.06
12000.27 18103.18
11995.43 18111.14
11992.65 18115.71
11978.63 18116.23
11971.97 18111.72
11963.46 18105.99
11953.96 18099.58
11943.26 18092.37
11931.18 18084.22
11918.18 18075.58
11897.73 18062.34
11883.69 18053.56
11870.20 18045.12
11856.64 18036.64
11843.11 18028.38
11830.58 18020.74
11818.36 18013.28
11807.44 18006.62
11796.00 17999.64
11784.73 17992.76
11773.04 17985.62
11762.47 17979.17
11751.87 17972.70
11741.52 17966.39
11730.60 17959.73
11721.75 17954.32
11714.92 17950.15
11709.42 17946.80
11706.12 17944.78
11696.88 17947.01
11692.79 17951.18
11687.77 17956.30
11681.60 17962.58
11674.37 17969.94
11665.89 17978.58
11651.68 17995.42
11645.20 18002.68
11640.76 18007.64
11637.83 18010.91
11636.64 18012.18
11636.63 18012.19
11636.62 18012.20
11636.62 18012.20
11636.62 18012.20
11636.62 18012.20
11636.62 18012.20
11636.62 18012.20
11636.15 18012.70
11634.64 18014.32
11617.73 18017.67
11614.97 18013.92
11608.68 18010.64
11604.58 18003.79
11597.62 17989.03
11591.14 17977.06
11583.69 17965.32
11571.07 17947.47
11564.81 17937.14
11557.37 17924.87
11546.12 17912.69
11537.61 17898.84
11529.18 17885.12
11520.98 17871.76
11512.55 17858.78
11502.84 17846.20
11493.12 17833.62
11482.53 17821.78
11471.55 17809.93
11450.57 17792.31
11438.69 17782.45
11426.40 17772.28
11414.21 17762.33
11402.43 17752.71
11390.11 17742.56
11378.39 17732.86
11365.99 17722.60
11353.74 17712.46
11336.62 17702.80
11324.67 17694.02
11311.87 17686.26
11297.12 17684.56
11278.61 17692.62
11269.13 17703.06
11260.07 17713.99
11251.40 17724.45
11238.50 17745.72
11238.04 17757.22
11242.37 17769.09
11263.95 17790.47
11279.81 17800.61
11298.47 17807.07
11318.33 17805.45
11335.23 17796.88
11347.16 17782.52
11356.07 17765.14
11369.33 17738.01
11374.42 17719.91
11379.49 17701.85
11384.43 17684.26
11390.01 17665.86
11395.66 17647.59
11401.43 17630.11
11407.41 17612.00
11414.57 17585.03
11420.73 17566.33
11426.98 17547.40
