7126.81 19061.96
7126.87 19063.63
7126.99 19067.08
7127.18 19072.63
7127.38 19078.71
7127.68 19085.13
7128.27 19091.30
7128.89 19097.63
7129.48 19103.78
7130.11 19110.22
7130.71 19116.51
7131.37 19123.00
7132.24 19129.75
7133.07 19136.17
7133.91 19142.70
7134.74 19149.14
7135.84 19155.53
7136.98 19161.58
7138.18 19167.92
7139.64 19174.76
7141.59 19181.52
7143.70 19188.41
7146.09 19195.24
7148.33 19201.45
7150.62 19207.07
7151.93 19210.26
7158.94 19223.59
7162.33 19229.22
7165.63 19234.69
7169.09 19240.42
7172.91 19245.83
7176.79 19250.77
7181.24 19256.43
7185.25 19260.97
7189.96 19265.95
7194.34 19270.57
7198.56 19275.04
7203.32 19280.06
7208.07 19285.12
7212.39 19289.80
7216.93 19294.72
7221.36 19299.52
7225.64 19304.15
7229.65 19308.70
7233.54 19313.46
7237.48 19318.28
7241.42 19323.53
7245.35 19329.10
7248.92 19334.15
7252.72 19339.93
7256.56 19345.98
7260.20 19351.72
7263.64 19357.99
7266.26 19363.52
7269.10 19369.51
7272.06 19375.74
7275.10 19382.16
7278.06 19388.39
7281.06 19394.72
7283.84 19400.60
7287.04 19406.38
7290.25 19411.80
7294.20 19417.34
7299.26 19421.81
7305.05 19426.12
7310.22 19429.66
7315.90 19432.62
7325.11 19429.36
7329.64 19422.96
7335.34 19414.90
7342.52 19406.02
7350.53 19397.75
7357.51 19390.55
7366.79 19383.01
7372.78 19379.58
7377.88 19376.77
7383.77 19373.53
7388.82 19370.76
7394.33 19367.73
7399.90 19364.67
7405.98 19361.33
7411.59 19358.24
7416.65 19355.46
7422.42 19352.28
7434.12 19348.83
7440.84 19347.43
7447.65 19346.01
7453.76 19344.73
7459.88 19343.45
7465.92 19342.19
7472.47 19340.82
7479.48 19339.36
7486.61 19337.87
7492.80 19336.69
7499.01 19336.00
7505.39 19335.56
7511.85 19335.56
7518.04 19335.72
7524.25 19336.38
7530.91 19337.11
7538.19 19337.90
7544.55 19338.07
7551.27 19338.25
7557.88 19338.43
7564.54 19338.60
7571.70 19338.80
7578.44 19338.98
7585.70 19339.17
7593.05 19339.36
7599.84 19339.55
7606.31 19339.72
7612.78 19339.89
7619.13 19340.06
7626.42 19340.25
7633.42 19340.44
7640.15 19340.62
7646.58 19340.79
7661.29 19340.51
7668.04 19342.42
7675.26 19342.98
7681.97 19343.29
7689.34 19343.62
7695.67 19343.91
7702.56 19344.23
7709.78 19344.56
7717.01 19344.89
7723.58 19345.19
7730.07 19345.48
7737.38 19345.82
7743.80 19346.11
7750.91 19346.43
7757.13 19346.72
7764.47 19347.05
7771.62 19347.38
7778.42 19347.69
7784.75 19347.98
7791.86 19348.30
7799.10 19348.63
7805.43 19348.92
7811.67 19349.20
7818.49 19349.47
7825.40 19349.72
7832.05 19349.96
7838.54 19350.19
7845.62 19350.45
7852.70 19350.71
7859.39 19350.95
7865.76 19351.18
7872.45 19351.45
7878.97 19351.71
7885.65 19351.98
7892.00 19352.23
7899.08 19352.56
7905.51 19352.88
7912.22 19353.21
7918.62 19353.53
7924.84 19353.84
7931.37 19354.17
7938.11 19354.50
7953.87 19355.05
7960.40 19355.26
7966.88 19355.47
7973.35 19355.68
7979.45 19355.87
7985.09 19355.53
7991.01 19355.07
7997.17 19354.59
8003.20 19354.11
8009.44 19353.41
8015.26 19352.11
8021.03 19350.82
8036.24 19347.28
8042.04 19345.82
8047.04 19344.56
8052.36 19342.64
8057.67 19340.67
8063.07 19338.41
8067.92 19336.60
8071.00 19335.84
8078.15 19330.24
8083.08 19326.04
8089.95 19321.72
8099.12 19316.83
8109.12 19311.43
8118.71 19306.16
8128.57 19300.75
8138.24 19295.44
