18438.02 16850.18
18438.32 16848.96
18438.93 16846.46
18439.97 16842.20
18441.33 16836.66
18442.97 16829.95
18444.46 16823.87
18446.21 16816.72
18447.77 16810.34
18449.29 16804.13
18450.88 16797.62
18452.44 16791.25
18453.96 16785.04
18455.43 16779.03
18456.91 16773.00
18458.49 16766.52
18460.06 16760.13
18461.82 16752.93
18463.55 16745.84
18465.27 16738.84
18466.90 16732.17
18468.43 16725.92
18469.75 16719.25
18469.59 16712.12
18469.44 16705.74
18472.67 16702.51
18472.83 16709.34
18472.98 16715.84
18472.63 16722.63
18471.03 16729.16
18469.43 16735.69
18467.78 16742.45
18466.24 16748.75
18464.51 16755.84
18462.83 16762.69
18461.12 16769.65
18459.49 16776.33
18457.78 16783.32
18456.19 16789.81
18454.57 16796.42
18452.83 16803.52
18451.14 16810.43
18449.48 16817.22
18447.75 16824.31
18446.16 16830.78
