21150.98 6839.19
21152.50 6837.12
21155.49 6833.04
21159.89 6827.03
21165.77 6819.03
21172.65 6809.65
21180.31 6799.21
21188.20 6788.46
21196.32 6777.39
21203.80 6767.29
21212.02 6756.25
21220.17 6745.29
21228.05 6734.69
21236.20 6723.73
21243.98 6713.27
21251.66 6702.95
21259.24 6692.76
21267.45 6681.72
21275.49 6670.91
21283.01 6660.80
21292.09 6650.71
21301.32 6641.39
21310.67 6631.96
21320.68 6623.60
21330.74 6615.94
21340.96 6608.17
21352.10 6600.77
21363.25 6593.90
21374.19 6587.17
21385.87 6579.98
21397.59 6572.77
21408.36 6565.61
21418.62 6557.99
21428.75 6548.70
21437.61 6539.71
21445.65 6530.08
21453.57 6520.25
21460.74 6509.01
21467.71 6497.87
21474.45 6486.56
21481.32 6475.06
21488.12 6463.67
21494.91 6452.29
21501.33 6441.41
21507.37 6429.25
21513.02 6417.88
21518.63 6406.60
21524.29 6395.10
21529.72 6383.67
21535.16 6372.24
21540.93 6360.09
21546.47 6348.45
21551.92 6336.97
21557.49 6325.26
21564.96 6314.09
21574.34 6304.75
21585.26 6297.08
21595.80 6289.68
21606.14 6282.42
21616.64 6275.04
21626.97 6267.79
21637.22 6259.83
21647.73 6251.54
21658.52 6243.04
21669.08 6234.70
21679.26 6226.16
21689.38 6216.79
21699.42 6207.49
21709.27 6198.37
21718.66 6189.67
21728.37 6180.68
21737.93 6171.74
21747.32 6161.88
21755.40 6152.21
21762.96 6142.17
21769.87 6131.38
21777.31 6119.77
21784.08 6109.20
21790.86 6098.62
21798.42 6087.47
21806.07 6076.66
21814.01 6065.45
21821.98 6054.19
21830.09 6043.03
21837.85 6032.41
21845.80 6021.54
21853.74 6010.83
21861.19 5999.87
21868.06 5987.92
21872.72 5975.41
21877.14 5962.80
21881.45 5950.50
21885.76 5938.21
21890.20 5925.27
21894.64 5912.34
21899.35 5899.41
21904.81 5887.53
21912.59 5876.42
21921.77 5867.52
21932.63 5859.10
21944.41 5853.92
21956.49 5849.67
21969.43 5847.97
21982.57 5846.78
21995.90 5846.09
22008.45 5845.43
22022.13 5844.72
22034.97 5844.04
22047.73 5843.37
22060.61 5842.69
22073.13 5842.03
22085.86 5841.36
22098.99 5840.70
22111.56 5840.09
22124.34 5839.25
22137.28 5838.54
22150.99 5837.89
22164.59 5837.24
22177.59 5836.63
22190.61 5836.01
22203.17 5835.01
22216.59 5832.11
22229.43 5828.52
22240.71 5822.97
22252.21 5816.48
22262.18 5807.90
22271.72 5798.07
22280.38 5787.58
