18999.09 5423.88
19000.64 5422.38
19003.35 5419.75
19007.68 5415.56
19013.68 5410.24
19019.47 5405.15
19025.20 5400.10
19031.56 5394.50
19037.44 5389.47
19043.77 5384.23
19050.07 5379.01
19056.02 5374.08
19059.75 5370.99
19069.82 5362.69
19076.19 5357.45
19082.54 5352.21
19088.37 5347.42
19094.39 5342.46
19100.32 5337.58
19106.62 5332.40
19112.95 5327.19
19118.65 5322.50
19121.36 5320.27
19131.34 5309.78
19134.92 5305.14
19139.41 5299.34
19144.76 5292.40
19150.69 5275.11
19151.79 5261.48
19152.92 5247.54
19154.01 5233.99
19155.12 5220.33
19156.19 5207.05
19157.11 5195.69
19158.33 5178.89
19158.74 5171.41
19159.14 5164.36
19159.63 5156.96
19160.31 5149.58
19160.97 5142.36
19161.60 5135.45
19162.24 5128.42
19162.74 5121.93
19162.99 5118.32
19176.39 5116.07
19181.16 5117.21
19185.37 5121.35
19190.64 5126.53
19205.19 5140.83
19213.74 5149.24
19221.32 5157.32
19235.64 5173.02
19244.20 5182.36
19255.02 5189.27
19269.32 5204.98
19278.12 5214.88
19286.29 5224.09
19294.38 5233.20
19302.98 5242.88
19318.62 5259.88
19327.51 5269.03
19336.41 5278.19
19345.61 5287.67
19354.81 5296.93
19364.39 5306.47
19373.54 5315.57
19390.25 5332.77
19399.90 5342.80
19409.37 5352.65
19419.20 5362.85
19429.14 5373.18
19439.06 5383.49
19449.02 5393.84
19459.03 5404.24
19468.66 5414.25
19478.20 5424.16
19487.60 5433.93
19503.45 5450.38
19512.76 5460.03
19521.83 5469.42
19530.97 5478.89
19539.87 5488.11
19548.75 5497.30
19557.88 5506.76
19573.44 5523.18
19581.98 5532.28
19591.12 5542.00
19599.77 5551.21
19608.84 5560.87
19624.30 5577.20
19632.88 5586.00
19641.52 5594.87
19650.09 5603.68
19665.01 5619.93
19672.47 5628.51
19677.47 5639.27
19685.97 5649.02
19694.86 5657.93
19712.11 5674.52
19721.53 5683.70
19730.80 5692.73
19740.56 5702.27
19750.10 5711.60
19759.35 5720.64
19768.59 5729.67
19784.32 5745.48
19793.94 5755.50
19803.00 5765.13
19812.18 5774.87
19821.25 5784.51
19830.14 5793.96
19839.59 5804.02
19855.47 5820.74
19864.94 5830.51
19874.40 5840.37
19883.93 5849.87
19893.77 5859.63
19902.89 5868.67
19909.09 5874.81
19912.87 5878.56
19914.19 5879.87
19914.43 5880.11
19914.44 5880.12
19914.44 5880.12
19914.44 5880.12
19914.44 5880.12
19914.44 5880.12
19914.44 5880.12
19914.44 5880.12
19923.17 5888.43
19926.05 5891.09
19930.46 5895.31
19935.42 5901.45
19940.45 5907.70
19945.29 5913.72
19950.38 5920.04
19955.32 5926.84
19959.70 5932.85
19964.73 5939.76
19969.67 5946.55
19977.26 5951.38
19982.04 5957.95
19986.49 5964.06
19991.21 5970.54
19998.98 5981.80
20002.66 5987.38
20006.35 5992.98
20009.71 5998.08
20013.43 6003.72
20017.16 6009.39
20020.80 6014.92
20026.55 6019.66
20032.74 6027.19
20039.35 6036.02
20046.86 6046.28
20054.64 6056.92
20062.22 6067.29
20069.74 6077.57
20077.63 6088.35
20085.23 6098.74
20096.65 6119.17
20102.06 6130.87
20107.53 6142.66
20112.97 6154.06
20118.72 6166.04
20124.59 6178.28
20130.27 6190.13
20135.92 6201.92
20141.46 6213.48
20147.06 6225.15
20152.78 6237.07
20158.36 6248.71
20164.28 6261.06
20186.85 6300.09
20191.89 6309.80
20197.01 6319.41
20201.96 6328.70
20207.00 6338.41
20215.26 6357.40
20219.71 6370.11
20224.28 6383.18
20228.64 6395.62
20233.01 6408.13
20237.36 6420.55
20241.65 6433.38
20245.98 6446.99
20252.37 6467.00
20255.56 6476.98
20261.48 6495.80
20265.10 6507.66
20268.71 6519.50
20275.16 6540.16
20279.40 6553.41
20283.61 6566.57
20287.95 6580.13
20291.77 6593.86
20294.93 6607.91
20295.97 6621.98
20296.77 6636.31
20296.39 6650.58
20296.08 6664.78
20295.97 6678.40
20296.90 6703.42
20299.54 6717.65
20304.73 6731.11
20311.08 6743.79
20318.50 6756.40
20326.20 6767.94
20335.20 6779.61
20343.92 6790.91
20353.17 6802.80
20361.62 6813.77
20370.42 6825.77
20378.92 6837.38
20386.55 6849.82
20393.98 6862.90
20401.15 6876.15
20408.25 6889.26
20414.72 6902.03
20421.41 6915.26
20427.96 6928.30
20434.51 6941.43
20440.72 6954.63
20445.73 6967.54
20450.84 6980.69
20456.23 6994.59
20461.39 7007.88
20466.67 7021.52
20471.74 7034.61
20477.14 7047.80
20482.75 7061.31
20489.25 7074.80
20495.80 7087.84
20502.52 7101.21
20509.10 7114.29
20515.41 7127.07
20521.42 7140.26
20527.66 7153.97
20536.93 7175.62
20539.02 7190.37
20543.88 7203.11
20548.39 7216.81
20552.42 7229.75
20556.57 7243.00
20561.79 7255.93
20567.02 7268.85
20572.59 7281.63
20579.06 7294.70
20585.91 7307.45
20594.12 7319.41
20602.65 7331.36
20611.61 7342.56
20620.89 7353.80
20630.22 7364.73
20639.59 7375.72
20648.43 7386.07
20657.40 7396.59
20665.91 7408.27
20673.81 7420.11
20681.74 7431.98
20689.85 7443.81
20697.86 7455.46
20704.87 7467.36
20717.36 7503.17
20718.90 7513.44
20719.33 7524.04
20719.77 7534.60
20720.23 7545.77
20721.05 7566.07
20721.61 7579.94
20722.14 7593.05
20722.67 7606.13
20723.21 7619.38
20723.77 7633.08
20724.33 7646.89
20724.87 7660.23
20725.77 7680.03
20726.54 7691.52
20727.36 7703.84
20727.97 7712.94
20728.34 7718.42
20728.46 7720.27
20728.47 7720.47
20728.48 7720.58
20728.48 7720.63
20729.48 7738.64
20729.67 7742.81
20729.96 7749.10
20730.35 7757.75
20730.80 7767.85
20731.35 7780.03
20735.37 7793.01
20736.35 7806.09
20737.36 7819.43
20738.40 7833.14
20739.39 7846.34
20740.49 7866.44
20741.07 7880.08
20741.72 7894.05
20742.37 7908.08
20742.78 7922.38
20742.91 7936.91
20739.66 7950.49
20739.84 7967.30
20740.62 7979.75
20741.41 7992.35
20742.18 8005.04
20742.67 8014.60
20743.01 8021.34
20743.08 8024.71
20743.09 8025.14
20743.09 8025.23
20743.09 8025.25
20743.09 8025.26
20743.09 8025.26
20743.09 8025.26
20743.09 8025.26
20743.09 8025.26
20743.09 8025.26
20743.09 8025.26
20743.09 8025.26
20743.09 8025.26
20743.09 8025.26
20743.09 8025.26
20743.09 8025.26
20743.43 8036.18
20743.48 8037.46
20743.24 8039.22
20742.64 8041.55
20745.08 8060.74
20745.54 8066.95
20746.04 8073.52
20746.56 8080.52
20747.24 8089.56
20747.97 8099.20
20748.68 8108.76
20749.14 8118.51
20749.40 8128.27
20749.70 8139.56
20749.96 8149.08
20750.42 8159.11
20750.91 8169.68
20751.38 8180.05
20751.84 8190.14
20752.33 8200.93
20752.66 8210.97
20752.99 8221.67
20752.97 8232.64
20751.94 8240.63
20751.44 8244.53
20749.67 8249.54
20738.26 8293.62
20738.29 8293.67
20738.33 8293.73
20738.34 8293.76
20746.50 8307.35
20751.16 8315.06
20757.13 8323.35
20765.46 8332.68
20775.28 8342.18
20785.43 8351.55
20795.53 8359.57
20806.25 8366.91
20818.17 8373.96
20828.02 8379.80
20835.02 8383.92
20839.33 8386.44
20840.22 8386.96
20842.19 8397.92
20839.53 8402.15
20835.87 8408.01
20831.67 8414.74
20827.32 8421.69
20823.33 8428.07
20819.00 8435.00
20813.59 8441.39
20807.02 8446.80
20800.81 8451.91
20793.70 8456.10
20786.92 8459.45
20779.52 8463.10
20772.27 8465.77
20764.96 8468.12
20757.32 8470.57
20749.59 8473.05
20742.42 8475.35
20734.78 8477.79
20727.56 8480.33
20720.45 8482.84
20713.05 8485.47
20704.99 8488.32
20697.63 8490.93
20690.47 8493.47
20685.96 8495.07
20677.59 8506.22
20678.57 8514.04
20679.72 8523.29
20681.50 8534.66
20683.64 8547.69
20686.73 8561.75
20692.57 8574.03
20700.70 8586.21
20708.43 8597.76
20716.06 8609.25
20723.90 8621.04
20731.96 8633.17
20740.03 8645.31
20746.71 8655.36
20751.58 8662.68
20754.02 8666.48
20763.88 8671.89
20764.79 8672.19
20775.43 8678.62
20782.64 8693.87
20788.43 8703.22
20794.69 8713.67
20800.91 8723.52
20807.95 8733.66
20815.41 8743.81
20822.96 8753.83
20840.80 8779.45
20847.59 8791.84
20852.47 8804.74
20857.08 8818.29
20861.52 8831.38
20865.31 8845.51
20868.81 8859.48
20872.41 8873.89
20875.76 8887.27
20879.12 8900.70
20882.44 8914.02
20885.85 8927.88
20889.34 8942.09
20892.76 8956.05
20896.18 8969.98
20899.67 8984.17
20903.01 8997.74
20906.29 9011.10
20909.80 9025.41
20913.15 9039.04
20916.44 9052.44
20919.78 9066.01
20923.09 9079.28
20923.30 9093.91
20926.31 9107.86
20929.36 9121.71
20932.48 9135.80
20935.67 9150.20
20938.85 9164.57
20941.90 9178.37
20944.99 9192.31
20947.98 9205.82
20950.93 9219.14
20954.09 9233.45
20957.23 9247.61
20960.28 9261.41
20963.37 9275.34
20966.40 9289.01
20969.57 9303.37
20974.16 9322.10
20978.27 9338.78
20981.44 9352.18
20983.93 9362.08
20990.01 9386.23
20994.02 9400.46
20998.01 9414.61
21001.76 9427.91
21005.61 9441.59
21009.39 9454.99
21013.44 9469.37
21017.28 9482.98
21021.34 9497.39
21028.54 9510.79
21032.41 9524.53
21036.26 9538.19
21040.16 9552.05
21044.24 9566.24
21048.11 9579.68
21052.19 9593.85
21056.15 9607.56
21060.27 9621.86
21064.38 9636.12
21068.43 9650.19
21072.23 9663.71
21075.96 9677.11
21079.81 9690.97
21083.62 9704.69
21086.91 9718.84
21090.12 9732.69
21093.26 9746.22
21095.99 9759.93
21097.55 9774.31
21099.13 9788.75
21100.67 9802.89
21102.29 9817.74
21103.87 9832.30
21105.44 9846.72
21107.00 9861.02
21108.57 9875.40
21110.20 9890.35
21112.58 9905.14
21115.34 9919.70
21117.93 9933.40
21121.56 9946.82
21125.82 9960.13
21127.88 9975.81
21133.69 9989.33
21140.46 10002.34
21153.14 10023.40
21161.72 10034.96
21169.92 10045.82
21178.44 10057.10
21187.21 10068.60
21196.11 10078.81
21205.16 10089.17
21213.95 10099.25
21222.88 10109.49
21232.14 10120.09
21241.58 10130.91
21251.04 10141.75
21259.84 10151.84
21268.78 10162.09
21278.21 10172.89
21293.94 10190.76
21296.17 10193.28
21298.32 10195.71
21299.80 10197.35
21300.61 10198.25
21262.97 10245.15
21262.30 10245.75
21261.48 10246.48
21256.23 10251.22
21245.54 10261.00
21234.99 10270.65
21224.40 10280.33
21213.70 10290.12
21202.63 10300.23
21193.78 10312.80
21183.54 10322.17
21173.28 10331.55
21166.94 10344.41
21164.31 10348.06
21162.92 10350.00
21162.63 10350.40
21162.27 10350.89
21161.40 10352.11
21160.07 10353.96
21159.71 10354.46
21159.44 10354.83
21159.30 10355.03
21159.29 10355.04
21159.29 10355.04
21159.29 10355.04
21159.29 10355.04
21156.65 10353.06
21156.28 10353.56
21155.32 10354.90
21155.06 10355.27
21155.04 10355.29
21155.03 10355.30
21155.03 10355.30
21155.03 10355.30
21155.03 10355.30
21155.03 10355.30
21155.03 10355.30
21155.03 10355.30
21155.03 10355.30
21155.03 10355.30
21155.03 10355.30
21155.03 10355.30
21155.03 10355.30
21155.03 10355.30
21155.03 10355.30
21155.03 10355.30
21155.03 10355.30
21155.03 10355.30
21155.03 10355.30
21149.41 10363.41
21148.89 10364.23
21148.01 10365.61
21146.86 10367.41
21145.47 10369.60
21143.71 10372.36
21141.62 10375.64
21123.29 10413.64
21117.69 10426.25
21111.71 10439.21
21105.19 10452.33
21099.09 10464.60
21092.51 10477.85
21085.00 10491.31
21080.25 10501.49
21075.38 10511.92
21070.82 10521.70
21062.66 10550.00
21061.40 10561.11
21065.41 10572.45
21075.46 10584.22
21091.31 10588.55
21108.06 10590.58
21124.88 10591.37
21142.51 10590.61
21160.41 10588.04
21177.81 10583.07
21195.26 10573.26
21210.08 10564.57
21224.72 10555.12
21236.90 10541.95
21245.62 10527.01
21249.99 10510.51
21249.45 10493.64
21242.58 10477.21
21229.69 10466.44
21213.21 10459.79
21195.69 10457.56
21177.63 10457.97
21156.75 10454.92
21136.81 10456.38
21114.61 10458.02
21091.03 10459.75
21065.92 10461.60
21038.40 10463.62
21009.36 10465.76
20976.49 10469.77
20946.53 10471.85
20916.01 10473.96
20885.81 10476.03
20855.87 10478.06
20825.61 10480.10
20795.50 10482.14
20765.60 10484.16
20735.84 10486.32
20706.06 10488.53
20675.55 10490.79
20645.77 10492.66
20616.13 10494.22
20585.43 10495.84
20555.26 10497.61
20525.54 10499.69
20494.90 10501.83
20465.48 10503.89
20435.30 10506.10
20404.62 10508.35
20375.11 10511.23
20345.60 10514.51
20316.26 10518.32
20286.39 10523.16
20257.08 10528.23
20228.13 10534.62
20197.35 10538.48
20167.72 10546.85
20138.83 10555.65
20110.31 10564.71
20081.72 10575.19
20054.71 10586.75
20028.06 10598.65
20001.20 10611.51
19974.21 10625.05
19948.20 10639.45
19922.18 10654.22
19897.50 10668.92
19872.01 10684.51
19847.14 10700.25
19822.09 10716.10
19797.81 10731.47
19772.39 10747.55
19747.85 10763.08
19723.01 10778.79
19698.33 10794.42
19674.29 10809.88
19649.72 10825.68
19625.28 10841.40
19601.35 10856.79
19576.44 10872.81
19551.28 10888.99
19526.02 10905.05
19500.71 10921.12
19476.87 10936.26
19452.18 10951.93
19427.24 10968.09
19402.92 10983.84
19379.26 10999.16
19355.18 11014.76
19330.76 11030.44
19306.66 11045.88
19281.07 11062.26
19255.35 11078.68
19230.10 11094.69
19204.42 11111.00
19176.50 11127.57
19151.83 11144.29
19127.46 11160.80
19103.60 11176.96
19077.05 11194.76
19052.74 11211.72
19028.42 11229.98
19006.15 11250.05
18985.09 11271.37
18964.92 11294.67
18946.57 11318.67
18929.20 11343.82
18914.80 11369.65
18900.83 11396.29
18888.88 11423.47
18878.91 11451.78
18870.64 11480.95
18863.35 11509.63
18856.05 11538.34
18848.44 11568.20
18841.34 11596.08
18834.60 11619.53
18827.20 11642.69
18819.60 11664.91
18811.58 11687.34
18802.12 11709.21
18791.73 11730.54
18780.60 11751.51
18767.94 11772.50
18754.65 11792.47
18740.67 11812.49
18726.11 11831.86
18710.67 11849.89
18694.07 11867.16
18677.25 11884.83
18660.93 11902.16
18642.56 11918.07
18624.10 11932.34
18604.72 11947.32
18584.47 11960.69
18564.25 11973.73
18543.76 11984.83
18522.00 11994.69
18503.23 12006.55
18480.70 12015.89
18458.49 12024.69
18436.11 12033.32
18413.23 12040.84
18390.65 12047.59
18367.53 12053.96
18344.41 12060.32
18321.67 12066.59
18299.02 12072.83
18275.98 12079.17
18253.11 12086.47
18230.72 12094.09
18208.68 12103.51
18186.73 12112.89
18165.36 12123.29
18144.23 12134.25
18124.06 12146.92
18103.54 12159.99
18083.46 12173.75
18064.24 12187.96
18045.48 12202.75
18028.05 12218.80
18010.74 12235.59
17993.37 12252.66
17974.04 12270.87
17956.29 12287.28
17938.73 12303.52
17921.51 12319.24
17903.58 12334.75
17885.63 12350.29
17867.86 12365.67
17849.50 12381.58
17830.71 12396.58
17811.96 12411.43
17792.47 12425.22
17772.71 12438.78
17752.81 12451.86
17732.27 12463.45
17710.63 12473.72
17688.39 12482.90
17666.71 12494.87
17643.72 12502.72
17621.10 12509.36
17597.99 12514.88
17574.85 12518.93
17551.68 12521.77
17527.64 12523.62
17503.23 12525.22
17478.90 12525.42
17455.46 12524.63
17431.10 12522.89
17404.54 12518.87
17381.94 12516.42
17359.76 12513.95
17338.59 12511.10
17320.94 12508.76
17303.56 12506.46
17285.48 12504.07
17239.42 12499.21
17215.86 12495.39
17192.91 12491.68
17169.89 12488.68
17146.82 12485.99
17122.47 12484.34
17098.16 12483.33
17074.17 12483.10
17049.89 12482.87
17025.61 12484.07
17001.56 12485.51
16978.88 12488.18
16960.61 12490.72
16942.91 12493.40
16925.29 12496.43
16907.43 12499.92
16889.87 12503.96
16872.30 12508.52
16855.26 12513.34
16839.05 12518.84
16822.43 12524.48
16805.81 12530.23
16789.57 12536.44
16772.80 12542.87
16756.40 12549.15
16739.75 12556.26
16723.57 12563.67
16707.86 12571.36
16692.71 12579.50
16676.91 12588.09
16661.68 12597.12
16641.15 12610.54
16627.19 12619.94
16613.25 12629.33
16599.30 12638.72
16582.91 12645.78
16568.95 12655.18
16554.65 12664.81
16540.49 12674.34
16526.42 12683.81
16512.39 12693.26
16497.77 12705.46
16484.70 12714.76
16472.20 12723.65
16459.04 12733.01
16445.99 12742.29
16433.18 12751.41
16420.79 12760.22
16407.83 12769.45
16394.96 12778.64
16382.32 12787.66
16370.02 12796.44
16357.44 12805.42
16344.41 12814.71
16332.06 12823.53
16319.33 12832.61
16259.94 12871.57
16245.46 12880.83
16230.86 12890.16
16216.86 12899.11
16202.83 12908.29
16188.56 12918.59
16175.02 12928.37
16161.26 12938.31
16147.09 12948.54
16133.08 12958.65
16119.65 12968.35
16105.49 12978.58
16091.58 12988.62
16078.13 12998.34
16064.22 13008.38
16050.38 13018.37
16036.44 13028.44
16023.21 13038.40
16009.28 13049.15
15997.54 13061.79
15985.85 13074.78
15974.86 13088.08
15965.24 13102.47
15956.50 13117.15
15948.07 13132.58
15940.74 13147.89
15934.95 13163.52
15929.97 13179.39
15925.70 13195.54
15921.58 13212.37
15917.75 13228.52
15913.83 13245.24
15909.84 13262.23
15905.99 13278.65
15902.20 13294.82
15898.12 13312.41
15894.18 13330.24
15890.25 13347.99
15886.38 13365.52
15882.66 13382.36
15878.91 13399.30
15874.77 13416.57
15870.50 13433.46
15866.00 13451.24
15861.75 13468.07
15857.29 13485.68
15852.51 13503.13
15847.24 13519.54
15841.94 13536.01
15836.35 13553.38
15831.05 13569.87
15822.51 13585.63
15814.29 13605.34
15807.70 13622.22
15801.17 13638.96
15794.90 13655.04
15788.63 13671.12
15782.00 13688.13
15774.74 13704.07
15767.04 13720.04
15759.37 13735.95
15751.48 13752.33
15743.65 13768.59
15737.53 13781.40
15731.77 13793.54
15725.87 13805.97
15719.95 13818.47
15715.58 13827.67
15712.34 13833.82
15711.03 13836.22
15710.94 13836.38
15710.94 13836.39
15707.03 13843.79
15705.56 13846.76
15703.18 13851.55
15700.26 13857.45
15696.57 13864.90
15692.80 13874.69
15689.04 13886.23
15685.22 13897.96
15682.55 13906.16
15681.11 13910.57
15680.50 13912.44
15680.47 13912.54
15680.47 13912.55
15680.46 13912.55
15686.16 13938.90
15686.36 13940.29
15686.68 13942.51
15687.12 13945.28
15687.58 13948.20
15687.85 13949.88
15687.95 13950.51
15687.99 13950.74
15687.99 13950.76
15687.99 13950.76
15687.99 13950.76
15687.99 13950.76
15687.99 13950.76
15689.30 13960.03
15689.93 13963.47
15690.89 13968.75
15692.14 13975.55
15693.72 13984.19
15699.39 13998.86
15701.84 14013.62
15704.26 14028.23
15706.67 14042.78
15708.96 14056.63
15711.25 14070.45
15713.52 14084.11
15715.76 14098.23
15715.93 14112.64
15710.35 14125.73
15701.83 14136.93
15688.83 14143.76
15674.81 14147.98
15660.23 14151.08
15646.15 14154.08
15631.96 14157.11
15617.47 14160.19
15603.94 14163.08
15589.55 14166.14
15575.92 14169.05
15561.47 14172.13
15546.83 14175.25
15532.75 14178.25
15518.99 14181.18
15504.07 14187.89
15501.43 14188.48
15500.34 14188.72
15500.20 14188.75
15500.19 14188.75
15500.19 14188.75
15500.19 14188.75
15500.19 14188.75
15500.19 14188.75
15500.19 14188.75
15500.19 14188.75
15484.69 14192.20
15482.97 14192.59
15480.74 14192.98
15466.19 14195.57
15456.37 14196.97
15444.34 14198.67
15430.94 14200.58
15417.44 14202.49
15403.29 14204.50
15389.67 14206.33
15376.23 14207.88
15362.24 14209.40
15348.39 14210.89
15332.79 14214.73
15320.48 14216.50
15308.24 14218.25
15295.54 14220.06
15284.72 14221.61
15272.22 14223.39
15234.01 14229.49
15222.05 14230.66
15209.87 14231.46
15198.44 14232.22
15187.04 14232.98
15175.48 14233.75
15163.79 14234.52
15151.96 14235.31
15140.72 14236.17
15097.13 14233.85
15088.84 14233.81
15080.79 14232.43
15073.30 14229.61
15059.72 14223.13
15053.91 14219.79
15050.44 14217.73
15048.75 14216.65
15048.65 14216.58
15048.64 14216.58
15048.64 14216.57
15048.63 14216.57
15039.27 14209.85
15037.77 14208.60
15035.55 14206.74
15026.13 14198.28
15022.63 14194.88
15012.89 14183.65
15005.39 14172.73
14997.28 14160.74
14990.28 14148.76
14983.57 14136.75
14978.71 14123.87
14973.54 14110.18
14968.83 14096.50
14964.18 14072.86
14962.05 14058.07
14960.30 14044.23
14958.46 14029.71
14956.61 14015.07
14954.85 14001.14
14952.99 13986.39
14950.80 13971.41
14948.17 13957.35
14943.80 13943.89
14937.29 13931.38
14929.79 13919.05
14920.17 13908.11
14908.43 13898.67
14895.24 13891.95
14881.92 13887.82
14867.83 13885.70
14853.84 13884.17
14839.81 13882.89
14825.42 13881.73
14810.91 13880.61
14796.83 13879.59
14781.93 13879.01
14767.57 13878.46
14753.67 13877.93
14739.57 13877.39
14724.85 13876.82
14710.88 13876.00
14696.98 13875.02
14682.98 13874.02
14668.95 13873.03
14653.97 13871.96
14639.97 13870.97
14625.40 13869.93
14611.20 13868.93
14596.58 13867.89
14581.91 13866.85
14567.96 13865.85
14553.25 13864.81
14538.70 13863.78
14524.09 13862.74
14509.27 13861.69
14494.79 13860.66
14480.92 13859.67
14468.62 13855.49
14453.56 13854.42
14438.66 13853.36
14423.50 13852.29
14408.74 13851.24
14394.38 13850.22
14380.38 13849.23
14365.53 13848.20
14351.04 13847.27
14328.85 13845.22
14315.38 13843.52
14302.12 13841.58
14288.86 13838.66
14275.72 13834.82
14263.51 13831.20
14250.60 13827.26
14238.44 13823.23
14221.33 13816.98
14203.17 13810.07
14197.77 13808.54
14175.94 13803.14
14164.04 13801.69
14152.04 13800.38
14139.28 13798.98
14126.77 13797.58
14114.48 13795.36
14102.25 13791.79
14090.10 13788.43
14077.46 13788.14
14065.81 13784.36
14053.72 13780.01
14042.01 13774.91
14005.78 13761.38
13993.75 13758.54
13981.50 13755.67
13969.69 13753.05
13957.91 13751.20
13941.09 13749.28
13931.37 13747.83
13921.72 13746.27
13911.82 13744.37
13905.02 13742.83
13901.21 13741.97
13869.64 13734.34
13862.37 13733.10
13853.32 13731.56
13842.45 13730.32
13831.00 13729.56
13819.64 13729.50
13804.93 13732.10
13792.50 13733.33
13779.58 13735.06
13770.20 13736.92
13764.75 13738.42
13763.06 13738.89
13763.04 13738.89
13763.03 13738.90
13763.03 13738.90
13763.03 13738.90
13763.03 13738.90
13750.63 13745.63
13747.88 13746.34
13743.69 13747.42
13737.61 13749.17
13729.68 13751.51
13719.89 13754.42
13712.95 13756.47
13708.86 13757.68
13702.50 13761.91
13699.75 13765.30
13696.39 13769.43
13688.34 13784.82
13685.30 13794.72
13682.01 13805.44
13678.96 13815.37
13675.68 13826.07
13672.39 13836.77
13664.40 13908.65
13664.73 13917.35
13665.08 13926.50
13665.41 13935.08
13665.76 13944.11
13666.11 13953.13
13667.29 13961.89
13668.38 13969.90
13669.09 13975.20
13669.49 13977.80
13673.48 13994.46
13674.17 13997.16
13674.66 14004.81
13677.90 14015.97
13681.40 14029.05
13685.15 14041.99
13689.29 14055.31
13693.23 14067.95
13696.94 14079.85
13696.99 14080.01
13697.02 14080.11
13697.02 14080.11
13697.02 14080.11
13697.02 14080.11
13697.02 14080.11
13697.02 14080.11
13697.02 14080.11
13697.02 14080.11
13700.76 14092.65
13700.78 14092.70
13700.80 14092.78
13703.81 14103.40
13707.35 14111.25
13709.40 14120.31
13711.75 14130.69
13714.45 14142.65
13717.49 14169.43
13717.49 14169.54
13717.49 14169.59
13717.49 14169.61
13717.49 14169.61
13717.49 14169.61
13716.80 14181.94
13716.62 14185.02
13716.34 14189.88
13715.97 14196.31
13715.38 14204.44
13714.44 14214.46
13713.40 14225.60
13712.24 14238.01
13710.60 14257.22
13709.78 14269.71
13708.97 14282.22
13708.14 14294.80
13708.72 14311.73
13707.62 14324.94
13706.50 14338.44
13703.53 14354.75
13702.53 14367.83
13701.48 14380.75
13700.33 14393.88
13695.88 14414.88
13694.49 14419.85
13692.88 14423.78
13691.78 14426.45
13653.92 14452.08
13643.26 14452.23
13630.96 14452.18
13617.90 14451.94
13605.38 14451.71
13592.86 14451.48
13580.68 14451.26
13568.41 14451.01
13555.42 14450.74
13543.83 14450.51
13536.08 14450.59
13532.06 14450.64
13531.04 14450.66
13530.93 14450.66
13530.92 14450.66
13530.92 14450.66
13530.92 14450.66
13530.92 14450.66
13520.36 14450.27
13517.59 14450.00
13513.31 14449.57
13506.76 14448.85
13498.02 14447.69
13487.59 14446.31
13475.65 14444.76
13461.96 14443.12
13448.04 14441.24
13434.33 14439.37
13420.51 14437.62
13406.67 14436.13
13392.41 14434.58
13378.77 14432.45
13363.24 14431.56
13352.83 14429.85
13342.44 14428.11
13335.24 14426.77
13331.24 14424.52
13329.78 14423.70
13329.42 14423.50
13329.42 14423.50
13329.42 14423.50
13329.42 14423.50
13329.42 14423.50
13329.42 14423.50
13329.42 14423.50
13329.42 14423.50
13329.42 14423.50
13329.42 14423.50
13329.42 14423.50
13329.42 14423.50
13329.42 14423.50
13329.42 14423.50
13329.42 14423.50
13329.42 14423.50
13318.34 14418.89
13316.07 14418.19
13312.14 14417.28
13306.64 14416.21
13299.39 14414.86
13289.95 14415.12
13279.54 14417.59
13267.46 14419.29
13255.06 14419.91
13240.47 14420.63
13227.14 14417.98
13215.05 14413.15
13204.27 14407.25
13192.92 14404.99
13191.87 14406.41
13181.55 14412.65
13174.77 14414.11
13167.31 14414.51
13160.75 14414.25
13153.87 14414.01
13146.30 14413.75
13138.81 14413.50
13131.20 14413.23
13128.02 14437.59
13128.47 14445.88
13129.04 14456.21
13129.69 14468.01
13130.31 14479.40
13130.98 14491.60
13132.50 14513.21
13133.62 14525.94
13134.74 14538.72
13135.88 14551.76
13137.01 14564.56
13138.16 14577.72
13139.06 14588.00
13139.68 14595.06
13141.29 14598.46
13135.34 14606.25
13128.77 14606.59
13120.29 14607.04
13110.24 14607.56
13098.93 14608.13
13085.93 14608.55
13065.82 14609.29
13051.22 14609.97
13036.87 14610.65
13023.04 14611.30
13009.15 14612.44
12995.46 14613.77
12981.22 14615.16
12967.05 14616.54
12953.74 14617.79
