15783.61 12172.09
15782.45 12173.14
15779.94 12175.42
15776.66 12178.41
15772.21 12182.46
15766.97 12187.22
15760.58 12193.02
15753.29 12199.65
15743.38 12204.17
15736.13 12210.72
15728.91 12217.24
15721.10 12224.31
15714.00 12230.73
15706.42 12238.03
15699.48 12244.72
15692.25 12251.70
15685.16 12258.70
15678.17 12265.68
15671.37 12272.47
15663.94 12279.94
15656.76 12287.44
15649.77 12294.74
15642.88 12301.93
15636.12 12309.29
15629.10 12317.04
15622.42 12324.40
15615.86 12331.63
15609.23 12338.94
15602.15 12346.75
15596.62 12352.84
15593.19 12356.62
15593.23 12351.67
15598.90 12345.42
15605.47 12338.18
15611.92 12331.06
15619.03 12323.22
15623.47 12313.42
15630.38 12305.80
15637.41 12298.10
15644.22 12290.99
15651.51 12283.38
15658.15 12276.44
15665.38 12269.13
15672.22 12262.29
15679.73 12254.79
15686.58 12248.00
15693.61 12241.21
15701.03 12234.05
15708.49 12226.85
15715.71 12220.27
15723.33 12213.39
15730.67 12206.75
15738.00 12200.13
15745.22 12193.61
15752.63 12186.87
15760.33 12179.87
15767.63 12173.24
15774.75 12166.76
15789.69 12152.73
15795.84 12146.50
15801.69 12140.08
15807.84 12133.08
15821.09 12118.20
15827.95 12110.57
15834.97 12102.68
15841.39 12095.42
15852.35 12082.99
15860.19 12074.09
15867.77 12065.48
15879.26 12052.26
15887.00 12043.18
15894.46 12034.33
15901.73 12025.74
15909.32 12017.69
15917.08 12009.46
15925.35 12000.68
15933.35 11992.31
15941.10 11984.37
15949.18 11976.15
15957.34 11968.21
15965.62 11960.16
15974.39 11951.96
15982.81 11944.13
15997.81 11929.74
16006.25 11921.42
16014.72 11913.08
16023.04 11904.89
16031.42 11896.64
16040.22 11888.06
16048.03 11880.02
16055.39 11871.64
16063.23 11862.24
16070.63 11853.16
16077.73 11844.30
16088.39 11830.86
16093.27 11824.59
16104.93 11809.68
16111.85 11800.90
16118.72 11792.21
16125.53 11783.64
16135.67 11770.58
16141.98 11761.62
16147.87 11752.17
16153.29 11741.98
16158.88 11731.50
16164.39 11721.14
16169.73 11711.06
16175.12 11700.76
16180.35 11690.77
16185.80 11680.35
16195.58 11661.72
16204.39 11653.64
16210.40 11645.08
16217.15 11636.87
16224.70 11628.40
16239.38 11614.83
16248.69 11606.91
16257.83 11599.14
16266.87 11591.45
16276.18 11583.54
16285.34 11575.79
16294.15 11568.37
16303.09 11563.00
16310.98 11553.56
16318.60 11544.91
16326.53 11535.48
16334.12 11526.18
16342.23 11516.64
16350.08 11507.73
16357.34 11498.94
16368.97 11485.80
16375.59 11478.09
16380.31 11472.59
16383.01 11469.45
16383.05 11473.64
16378.02 11478.31
16372.24 11483.69
