13571.59 18324.38
13571.23 18326.56
13570.39 18331.14
13568.65 18337.92
13566.44 18346.56
13563.89 18356.51
13561.02 18367.73
13558.19 18378.78
13555.24 18390.31
13552.45 18401.19
13549.52 18412.62
13546.66 18423.82
13543.70 18435.36
13540.66 18447.25
13537.70 18458.79
13534.87 18469.86
13532.05 18480.86
13529.04 18492.64
13526.26 18503.48
13521.89 18519.71
13519.13 18529.66
13516.39 18539.54
13513.59 18549.60
13510.63 18560.27
13507.87 18570.21
13504.57 18575.97
13501.91 18578.55
13496.07 18572.91
13496.24 18566.06
13497.85 18557.30
13500.55 18546.63
13503.25 18535.99
13505.75 18526.10
13508.32 18515.95
13510.84 18506.00
13513.35 18496.07
13515.91 18486.39
13518.54 18476.69
13526.49 18448.34
13529.33 18437.30
13532.06 18426.71
13534.71 18416.42
13537.53 18405.48
13540.41 18394.33
13543.27 18383.22
13546.04 18372.47
13548.75 18361.96
13551.47 18351.41
13554.26 18340.59
13557.01 18329.90
13559.85 18318.91
13566.02 18301.07
13569.43 18291.64
13572.56 18282.96
13575.77 18274.08
13575.89 18259.81
13578.10 18250.05
13580.67 18239.55
13583.17 18229.56
13585.41 18220.56
13587.03 18214.07
13587.73 18211.29
13587.78 18211.07
13587.80 18210.97
13587.81 18210.96
13587.81 18210.95
13587.81 18210.95
13587.81 18210.95
13587.81 18210.95
13595.82 18190.05
13596.27 18188.00
13596.92 18185.07
13597.86 18180.95
13599.11 18175.94
13602.06 18164.34
13604.70 18152.97
13607.29 18141.84
13609.82 18130.96
13612.60 18119.02
13615.16 18107.99
13617.77 18096.78
13620.29 18085.91
13622.88 18074.81
13625.59 18063.12
13628.35 18051.28
13631.50 18038.14
13633.86 18028.43
13636.33 18018.23
13641.11 17998.27
13643.64 17987.60
13646.30 17976.38
13648.83 17965.71
13651.49 17954.49
13654.71 17939.98
13656.83 17930.29
13658.72 17922.59
13660.44 17915.68
13662.25 17908.38
13663.94 17901.57
13665.74 17894.35
13667.46 17886.93
13668.98 17879.97
13670.38 17873.57
13671.86 17866.82
13673.64 17859.90
13675.74 17851.87
13678.37 17841.83
13681.20 17830.57
13684.17 17818.41
13687.09 17806.43
13689.83 17795.20
13692.62 17783.78
13695.39 17772.40
13698.18 17760.96
13700.88 17749.90
13703.70 17738.33
13706.37 17727.39
13709.26 17715.56
13711.98 17704.42
13714.75 17693.05
13717.53 17681.64
13720.24 17670.55
13723.14 17658.65
13726.01 17646.89
13728.80 17635.68
13731.34 17625.63
13732.82 17619.76
13733.55 17616.79
13733.63 17616.47
13733.64 17616.44
13733.64 17616.44
13733.64 17616.43
13733.64 17616.43
13733.64 17616.43
13733.64 17616.43
13733.64 17616.43
13733.64 17616.43
13733.64 17616.43
13733.64 17616.43
13733.64 17616.43
13733.64 17616.43
13733.64 17616.43
13733.64 17616.43
13733.64 17616.43
13733.64 17616.43
13733.64 17616.43
13733.64 17616.43
13739.87 17589.60
13740.52 17586.76
13741.50 17582.25
13742.77 17576.16
13744.43 17568.20
13746.32 17559.14
13748.37 17549.32
13750.41 17539.54
13752.47 17529.69
13754.52 17519.85
13756.59 17509.92
13758.55 17500.53
13761.31 17482.77
13762.79 17470.89
13764.19 17459.71
13765.65 17448.02
13767.08 17436.63
13768.44 17425.40
13769.74 17414.31
13771.15 17402.23
13772.52 17390.61
13774.64 17372.37
13776.01 17360.40
13777.32 17348.91
13778.66 17337.11
13779.99 17325.50
13781.26 17314.39
13782.64 17302.24
13783.91 17291.16
13785.17 17280.09
13786.43 17269.04
13787.78 17257.19
13789.98 17235.96
13790.88 17224.30
13791.73 17213.19
13792.58 17202.10
13793.42 17191.15
13794.25 17180.35
13795.15 17168.66
13796.03 17157.16
13797.40 17140.01
13798.18 17130.79
13799.01 17121.12
13799.84 17111.33
13800.72 17101.27
13801.71 17090.40
13802.77 17078.80
13803.72 17068.13
13804.69 17057.14
13805.53 17045.91
13806.39 17034.60
13807.19 17023.97
13808.06 17012.50
13809.58 16995.28
13811.02 16983.89
13812.38 16973.10
13813.76 16962.13
13815.13 16951.29
13816.48 16940.19
13817.63 16929.55
13818.82 16918.48
13820.88 16900.84
13822.19 16891.23
13824.35 16875.11
13825.76 16864.39
13827.18 16853.50
13828.17 16845.95
13828.74 16841.66
13828.91 16840.32
13828.99 16839.73
13829.00 16839.64
13829.01 16839.60
13830.22 16829.79
13830.64 16826.19
13831.20 16821.30
13831.97 16814.72
13832.91 16806.61
13834.80 16790.47
13836.15 16779.21
13837.56 16767.45
13838.96 16755.78
13840.52 16743.92
13842.02 16732.51
13843.49 16721.35
13844.93 16710.39
13846.88 16693.21
13848.04 16682.07
13849.12 16671.81
13849.64 16661.45
13850.08 16650.48
13850.82 16627.58
13851.03 16617.65
13851.21 16608.42
13848.18 16594.96
13848.40 16584.15
13848.58 16568.06
13848.40 16558.02
13848.22 16548.39
13848.82 16538.71
13849.53 16532.03
13849.95 16528.11
13850.08 16526.96
13850.10 16526.75
13850.11 16526.67
13850.83 16506.70
13850.75 16505.61
13850.64 16503.82
13850.53 16501.44
13850.41 16498.99
13850.35 16497.87
13850.34 16497.69
13850.34 16497.62
13852.61 16475.10
13853.13 16472.22
13853.87 16468.03
13854.93 16462.10
13856.20 16455.00
13857.77 16446.20
13861.21 16430.21
13863.69 16419.54
13866.15 16408.92
13868.05 16400.76
13869.36 16395.37
13869.72 16393.88
13869.86 16393.27
13869.88 16393.22
13866.68 16392.38
13868.57 16384.97
13869.42 16381.90
13870.84 16376.80
13872.74 16369.98
13878.22 16362.59
13880.91 16352.94
13883.85 16342.13
13886.85 16330.86
13890.02 16319.44
13893.24 16308.14
13896.50 16296.67
13899.62 16285.70
13902.83 16274.44
13906.32 16262.76
13909.65 16251.60
13913.13 16239.93
13916.50 16228.66
13919.84 16217.46
13923.17 16206.31
13925.48 16198.37
13926.58 16193.99
13926.39 16178.43
13926.41 16178.35
13929.85 16163.51
13931.04 16159.28
13934.79 16145.38
13937.42 16135.41
13940.18 16124.89
13942.95 16114.38
13945.77 16103.64
13948.67 16092.63
13953.46 16080.80
13955.44 16073.11
13957.43 16065.41
13960.59 16051.14
13962.94 16042.78
13965.24 16034.18
13967.65 16025.19
13970.03 16016.33
13972.27 16007.95
13974.32 16000.34
13975.59 15995.58
13976.05 15993.87
13976.15 15993.48
13976.20 15993.31
13976.20 15993.31
13976.20 15993.31
13976.20 15993.31
13976.20 15993.31
13976.20 15993.31
13976.20 15993.31
13986.39 15958.68
13987.48 15954.89
13988.98 15949.66
13990.91 15942.92
13993.16 15935.08
13995.93 15925.43
13998.55 15916.30
14001.28 15906.77
14003.96 15897.46
14006.71 15887.85
14009.35 15878.67
14012.24 15868.61
14014.71 15859.99
14016.38 15854.17
14017.11 15851.60
14017.14 15851.53
14017.14 15851.53
14017.14 15851.53
14017.14 15851.53
14017.14 15851.53
14022.68 15825.54
14023.44 15822.67
14024.53 15818.51
14025.14 15813.19
14024.92 15806.54
14024.28 15798.24
14023.38 15787.94
14022.44 15777.26
14021.56 15767.15
14020.64 15756.63
14019.72 15746.07
14018.84 15736.05
14018.02 15726.65
14017.47 15720.37
14017.23 15717.67
14016.00 15704.00
14015.49 15698.33
14014.76 15690.32
14013.90 15680.95
14012.85 15669.46
14011.86 15658.51
14010.81 15647.08
14009.78 15635.74
14008.75 15624.44
14007.76 15613.59
14006.70 15602.01
14008.04 15580.68
14006.99 15569.68
14006.00 15559.22
14004.97 15548.48
14003.98 15538.09
14002.98 15527.63
14001.98 15517.07
14001.21 15501.34
13999.03 15493.06
13996.33 15485.37
13984.89 15463.65
13978.30 15457.84
13965.40 15446.82
13956.04 15439.08
13946.57 15432.81
13936.67 15427.03
13926.58 15421.67
13916.16 15416.76
13905.96 15412.06
13895.56 15407.26
13884.61 15402.21
13874.18 15397.40
13869.06 15386.59
13871.06 15382.56
13872.20 15380.29
13880.99 15379.76
13888.23 15383.10
13896.91 15387.11
13907.68 15392.07
13918.96 15397.27
13931.14 15399.26
13942.40 15404.45
13953.71 15409.45
13965.57 15410.80
13976.90 15410.12
13989.29 15409.30
14001.11 15408.60
14015.38 15406.05
14025.32 15405.14
14035.23 15404.23
14045.98 15403.25
14056.03 15402.33
14066.73 15401.35
14076.61 15400.45
14087.00 15399.58
14096.38 15398.77
14102.00 15398.23
14106.96 15391.86
14105.13 15385.79
14103.06 15378.95
14100.79 15371.42
14096.49 15355.34
14094.44 15346.33
14092.28 15336.83
14090.19 15327.92
14087.84 15318.33
14082.71 15293.98
14081.02 15284.21
14079.21 15273.78
14077.55 15264.20
14075.70 15254.49
14073.41 15244.28
14071.22 15234.82
14069.22 15226.20
14068.06 15221.18
14067.63 15219.33
14067.40 15218.35
14067.40 15218.33
14067.40 15218.32
14067.40 15218.32
14067.40 15218.32
14067.40 15218.32
14067.40 15218.32
14067.40 15218.32
14067.40 15218.32
14067.40 15218.32
14067.40 15218.32
14065.20 15208.49
14064.59 15205.52
14063.52 15200.40
14062.00 15193.05
14060.28 15184.45
14058.29 15174.29
14059.37 15162.64
14057.28 15151.98
14055.15 15141.10
14052.97 15129.97
14050.82 15119.01
14048.54 15107.52
14045.59 15090.69
14043.91 15080.72
14042.14 15070.21
14040.06 15060.23
14037.70 15050.31
14034.08 15032.42
14032.17 15022.74
14030.42 15013.62
14025.79 14996.54
14022.75 14986.61
14019.16 14976.44
14014.89 14966.16
14010.26 14956.41
14005.51 14946.43
14000.70 14937.00
13995.59 14928.01
13981.77 14908.47
13973.14 14899.62
13964.88 14891.11
13956.93 14882.89
13948.12 14874.58
13938.90 14867.82
13930.93 14857.88
13919.76 14852.56
13908.93 14847.49
13897.87 14842.28
13887.18 14836.96
13876.78 14831.79
13865.79 14827.79
13854.03 14824.18
13842.48 14820.92
13830.73 14818.39
13819.53 14816.81
13809.39 14815.86
13798.73 14815.40
13788.34 14815.67
13777.80 14815.96
13758.73 14814.05
13754.31 14813.82
13750.79 14813.35
13748.89 14813.10
13748.23 14813.02
13720.31 14803.41
13718.84 14801.83
13717.02 14799.70
13715.32 14796.77
13713.28 14793.27
13696.27 14748.95
13692.94 14737.59
13689.64 14726.35
13686.48 14715.54
13683.15 14704.18
13681.15 14692.31
13676.34 14681.37
13674.69 14669.23
13673.11 14657.64
13671.47 14645.57
13671.46 14633.70
13671.34 14622.26
13671.00 14611.08
13670.52 14599.20
13669.93 14587.41
13669.36 14575.92
13668.80 14564.55
13668.23 14553.11
13668.22 14541.50
13668.87 14529.54
13669.51 14517.90
13670.17 14505.76
13670.83 14493.72
13671.48 14482.00
13672.13 14469.97
13672.91 14457.81
13674.38 14446.52
13675.91 14434.73
13677.36 14423.56
13679.11 14411.55
13681.08 14399.74
13682.96 14388.47
13684.96 14376.50
13686.42 14364.72
13687.60 14353.21
13688.81 14341.39
13689.86 14330.07
13690.66 14318.63
13691.44 14307.47
13691.93 14295.74
13692.38 14284.56
13691.23 14270.62
13693.78 14255.62
13694.83 14244.69
13695.87 14233.84
13693.41 14222.60
13693.62 14211.95
13693.32 14200.78
13693.02 14189.89
13694.20 14179.11
13693.95 14175.76
13693.69 14172.46
13688.48 14143.57
13686.93 14135.18
13685.45 14127.17
13683.85 14118.58
13676.50 14106.39
13671.79 14103.79
13666.87 14101.00
13663.57 14099.13
13643.69 14106.56
13643.57 14112.84
13643.45 14119.33
13643.32 14125.81
13643.19 14132.93
13643.06 14139.13
13642.91 14146.24
13642.77 14153.34
13642.65 14159.49
13642.52 14165.50
13642.40 14171.63
13642.27 14177.85
