17080.26 6897.11
17080.18 6898.40
17080.03 6900.82
17079.79 6904.60
17079.76 6910.42
17080.25 6918.25
17080.64 6924.44
17081.23 6928.12
17082.04 6931.54
17082.93 6935.31
17084.28 6940.69
17084.83 6942.59
17084.91 6942.88
17084.92 6942.91
17084.92 6942.93
17084.92 6942.93
17084.92 6942.93
17084.92 6942.93
17084.92 6942.93
17084.92 6942.93
17084.92 6942.93
17081.80 6944.04
17080.75 6940.36
17079.50 6935.15
17077.87 6928.21
17077.02 6919.29
17076.38 6909.18
17076.90 6898.10
17078.89 6878.05
17080.44 6866.33
17081.97 6854.85
17083.50 6843.34
17084.93 6832.51
17086.33 6821.93
17087.79 6810.88
17089.31 6799.41
17090.72 6788.72
17092.09 6777.77
17093.24 6767.16
17093.69 6755.50
17093.71 6744.44
17093.20 6733.09
17092.16 6711.25
17091.61 6699.93
