9623.72 24775.13
9621.30 24775.58
9617.61 24776.27
9611.97 24777.33
9604.87 24778.65
9597.09 24780.09
9589.16 24780.98
9580.17 24780.11
9571.48 24779.26
9562.91 24778.42
9554.54 24777.60
9547.05 24774.41
9540.02 24770.90
9532.99 24767.39
9525.47 24763.63
9517.69 24759.75
9509.77 24755.80
9502.33 24752.08
9495.01 24748.43
9487.72 24744.79
9480.10 24740.98
9473.09 24736.78
9466.48 24732.25
9459.35 24727.37
9452.73 24722.83
9445.35 24717.77
9438.16 24712.85
9431.07 24708.46
9423.94 24703.05
9417.62 24698.26
9412.42 24692.04
9407.32 24684.97
9402.73 24678.60
9398.39 24672.05
9394.10 24664.09
9391.02 24655.97
9389.35 24648.31
9388.43 24639.37
9388.33 24630.66
9388.23 24622.48
9388.13 24614.39
9388.03 24606.11
9388.05 24598.07
9388.33 24589.15
9388.59 24580.91
9388.86 24572.60
9389.13 24564.04
9387.78 24547.04
9386.24 24539.27
9384.73 24531.62
9383.18 24523.78
9380.09 24516.16
9376.83 24508.39
9373.93 24501.44
9370.62 24494.08
9366.86 24487.50
9362.98 24480.70
9358.64 24474.10
9353.18 24468.61
9347.67 24463.07
9341.37 24458.26
9334.42 24453.58
9327.45 24449.14
9319.94 24445.83
9312.54 24442.93
9304.77 24440.28
9300.80 24438.89
9286.73 24435.33
9280.12 24434.14
9273.32 24432.92
9266.99 24431.79
9260.26 24430.82
9253.61 24430.09
9249.91 24429.68
9242.26 24433.17
9239.13 24435.60
9220.49 24431.36
9218.22 24422.97
9222.25 24414.03
9227.31 24393.83
9227.84 24379.46
9228.25 24365.22
9228.67 24350.49
9229.26 24336.29
9230.36 24322.44
9231.56 24307.44
9232.89 24293.26
9235.43 24279.01
9237.87 24265.34
9240.53 24250.71
9243.75 24235.99
9246.74 24222.24
9250.35 24208.30
9254.80 24193.94
9258.95 24180.53
9263.60 24166.94
9268.72 24153.02
9273.93 24138.87
9279.08 24124.89
9284.53 24111.04
9289.78 24097.72
9295.29 24083.71
9300.50 24070.61
9306.66 24057.92
9312.83 24045.20
9318.93 24032.66
9338.67 23993.34
9345.11 23980.65
9351.38 23968.32
9357.60 23956.07
9363.70 23944.05
9369.76 23932.13
9375.82 23920.60
9382.18 23909.01
9388.83 23896.90
9395.27 23885.19
9401.91 23873.10
9408.44 23861.21
