19853.29 18369.00
19854.83 18370.47
19857.35 18372.89
19861.42 18376.80
19866.67 18381.84
19873.20 18388.10
19880.77 18395.37
19888.74 18403.29
19896.58 18411.28
19904.70 18419.08
19912.97 18427.01
19921.18 18434.90
19929.29 18442.68
19934.89 18448.06
19938.14 18451.18
19934.72 18452.47
19929.11 18447.09
19922.30 18440.55
19914.19 18432.76
19906.24 18425.13
19897.81 18417.03
19889.52 18408.97
19881.76 18400.90
19873.81 18393.27
19865.35 18385.15
19857.26 18377.38
19849.38 18369.81
19833.93 18356.10
19825.20 18348.71
19816.56 18341.67
19807.33 18334.17
19798.46 18326.96
19789.12 18319.36
19780.60 18312.43
19771.56 18305.08
19754.16 18291.98
19744.62 18285.20
19735.17 18278.48
19726.14 18272.06
19716.77 18265.59
19706.81 18259.12
19697.21 18252.89
19687.29 18246.46
19672.80 18238.43
19657.43 18231.49
19647.24 18227.47
19636.93 18223.40
19626.17 18219.16
19615.83 18215.08
19605.27 18210.91
19586.28 18203.42
19576.36 18199.48
19566.05 18195.36
19555.65 18191.37
19545.48 18187.48
19534.92 18183.44
19515.06 18176.14
19503.48 18171.92
19492.54 18167.93
19481.12 18163.78
19470.39 18159.87
19459.31 18155.83
19447.67 18151.59
19436.66 18147.58
19425.23 18143.42
19405.13 18136.43
19395.94 18133.59
19386.69 18130.73
19377.16 18127.78
19363.45 18113.38
19362.58 18101.42
19361.70 18089.25
19360.66 18077.28
19359.02 18065.33
19357.32 18052.89
19355.71 18041.14
19354.48 18028.72
19353.33 18016.65
19352.20 18004.86
19351.03 17992.59
19349.87 17980.39
19348.67 17967.82
19347.47 17955.32
19346.35 17943.55
19345.11 17930.57
19343.89 17917.84
19342.65 17905.21
19341.47 17893.25
19340.23 17880.72
19339.03 17868.59
19337.80 17856.09
19336.53 17843.26
19335.29 17830.77
19334.16 17818.78
19333.06 17807.04
19331.84 17794.10
19330.70 17782.06
19329.53 17769.59
19328.41 17757.79
19327.53 17745.03
19326.99 17732.66
19326.46 17720.73
19325.94 17708.95
19325.61 17695.95
19325.79 17684.15
19326.07 17671.75
19326.75 17659.63
19328.05 17647.37
19329.59 17634.73
19331.20 17622.17
19332.71 17610.40
19334.22 17598.60
19335.85 17585.85
19337.36 17574.10
19345.98 17541.26
19349.66 17529.22
19353.25 17517.47
19356.78 17505.95
19360.29 17494.48
19363.86 17482.81
19367.24 17471.76
19370.75 17460.28
19374.11 17449.31
19377.78 17437.31
19381.29 17425.84
19384.74 17414.57
19388.38 17402.67
19392.07 17390.61
19395.64 17378.94
19398.99 17367.98
19402.39 17356.88
19405.82 17345.67
19409.30 17333.94
19412.59 17321.86
19415.31 17310.66
19417.95 17298.93
19417.74 17284.66
19421.44 17270.58
19424.74 17258.61
19428.22 17246.14
19431.56 17234.22
19434.98 17221.89
19437.26 17211.90
19438.75 17205.41
19439.26 17203.19
19439.28 17203.10
19439.29 17203.05
19439.29 17203.03
19439.29 17203.03
19439.29 17203.03
19439.29 17203.03
19439.29 17203.03
19439.29 17203.03
19442.77 17201.88
19442.68 17199.57
19442.62 17198.24
19442.56 17196.56
19442.53 17195.96
19442.51 17195.45
19442.49 17194.92
19442.49 17194.80
19442.48 17194.73
19442.48 17194.72
19442.48 17194.72
19442.48 17194.72
19442.48 17194.71
19442.48 17194.71
19442.48 17194.71
19442.48 17194.71
19442.48 17194.71
19442.48 17194.71
19442.48 17194.71
19442.48 17194.71
19442.48 17194.71
19442.48 17194.71
19442.48 17194.71
19442.48 17194.71
19442.48 17194.71
19442.48 17194.71
19442.48 17194.71
19442.48 17194.71
19442.48 17194.71
19442.48 17194.71
19442.48 17194.71
19442.48 17194.71
19442.48 17194.71
19442.48 17194.71
19442.48 17194.71
19442.48 17194.71
19442.48 17194.71
19442.48 17194.71
19442.48 17194.71
19442.48 17194.71
19442.48 17194.71
19442.48 17194.71
19442.48 17194.71
19442.48 17194.53
19442.45 17193.74
19442.38 17192.05
19442.26 17188.61
19442.48 17184.57
19442.68 17180.79
19442.73 17179.91
19442.78 17178.95
19442.81 17178.31
19442.82 17178.23
19442.82 17178.20
19442.82 17178.19
19442.82 17178.19
19442.82 17178.19
19442.82 17178.19
19442.82 17178.18
19442.82 17178.18
19442.82 17178.18
19442.82 17178.18
19442.82 17178.18
19442.82 17178.18
19442.82 17178.18
19442.86 17177.52
19442.95 17175.81
19443.17 17172.78
19440.25 17162.65
19434.09 17160.90
19426.99 17158.59
19422.68 17157.19
19418.76 17155.92
19417.47 17155.50
19416.85 17155.30
19416.62 17155.22
19416.59 17155.21
19416.58 17155.21
19416.57 17155.21
19416.57 17155.20
19416.57 17155.20
19416.57 17155.20
19416.57 17155.20
19416.57 17155.20
19416.57 17155.20
19416.57 17155.20
19416.57 17155.20
19416.57 17155.20
19416.57 17155.20
19416.57 17155.20
19416.57 17155.20
19416.57 17155.20
19416.57 17155.20
19416.57 17155.20
19416.57 17155.20
19416.57 17155.20
19416.57 17155.20
19416.57 17155.20
19416.57 17155.20
19416.57 17155.20
19416.57 17155.20
19416.57 17155.20
19416.57 17155.20
19416.57 17155.20
19416.57 17155.20
19416.57 17155.20
19416.57 17155.20
19416.57 17155.20
19416.57 17155.20
19416.57 17155.20
19416.21 17155.09
19416.16 17155.07
19416.15 17155.07
19415.32 17154.80
19414.29 17154.47
19411.87 17153.68
19408.03 17152.43
19399.17 17151.48
19397.17 17150.87
19394.63 17150.09
19360.26 17136.59
19354.47 17134.83
19348.95 17133.15
19345.72 17132.16
19333.73 17131.88
19328.09 17129.74
19320.36 17126.83
19310.71 17123.29
19300.00 17119.41
19288.10 17115.48
19276.44 17112.11
19264.71 17108.72
19252.93 17105.32
19242.01 17102.16
19230.89 17098.95
19219.26 17095.58
19207.94 17092.39
19196.28 17089.11
19184.32 17085.76
19165.45 17085.13
19155.90 17089.89
19147.10 17096.18
19136.58 17112.64
19134.32 17123.89
19132.08 17135.06
19130.75 17159.85
19128.74 17174.03
19126.62 17189.08
19124.53 17203.87
19122.43 17218.73
19120.29 17233.86
19118.22 17248.54
19116.06 17263.80
19114.00 17278.40
19111.92 17293.08
19109.91 17307.31
19107.89 17321.62
19105.82 17336.26
19104.42 17350.73
19105.92 17365.36
19114.02 17384.42
19124.13 17391.83
19135.49 17397.28
19147.68 17398.00
19160.07 17395.30
19171.00 17389.88
19179.64 17379.96
19185.24 17368.48
19189.17 17356.23
19198.89 17323.99
19202.53 17306.65
19206.47 17287.83
19210.75 17267.42
19215.43 17245.08
19220.58 17220.52
19225.89 17195.20
19231.17 17170.01
19236.43 17144.92
19241.91 17118.77
19247.29 17093.12
19252.66 17067.50
19257.89 17042.54
19263.23 17017.06
19268.69 16991.02
19273.99 16965.75
19279.28 16940.50
19284.74 16914.46
19290.23 16888.32
19295.60 16862.68
19301.02 16836.85
19306.42 16811.11
19311.87 16785.83
19317.56 16759.95
19323.28 16733.97
19328.87 16708.56
19337.65 16683.98
19343.17 16658.92
19348.67 16634.01
19354.36 16608.23
19360.05 16582.50
19365.63 16557.23
