12200.19 17836.64
12199.49 17837.80
12197.93 17840.34
12195.25 17844.74
12191.77 17850.44
12187.18 17857.96
12181.63 17867.05
12175.50 17877.11
12165.77 17892.38
12157.95 17902.66
12150.04 17913.06
12142.06 17920.10
12130.29 17914.39
12119.25 17909.11
12108.26 17903.86
12096.63 17898.31
12085.04 17893.34
12073.38 17888.41
12061.20 17883.26
12050.22 17878.62
12043.27 17875.68
12033.15 17880.20
12027.76 17889.55
12021.91 17899.67
12016.04 17909.85
12010.24 17919.89
12004.35 17930.08
11992.91 17945.13
11986.29 17952.72
11973.95 17967.98
11967.20 17977.49
11960.15 17987.40
11953.44 17996.85
11946.33 18006.85
11939.33 18016.70
11932.09 18026.89
11924.85 18037.07
11918.20 18046.43
11912.65 18054.24
11909.19 18059.10
11894.64 18060.41
11886.76 18055.48
11876.93 18049.33
11865.91 18042.44
11855.63 18036.03
11845.66 18029.94
11836.11 18024.11
11826.54 18018.27
11816.47 18012.12
11806.96 18006.33
11798.15 18000.95
11788.64 17995.14
11779.80 17989.75
11770.19 17983.88
11761.02 17978.29
11752.57 17973.13
11743.26 17967.45
11733.07 17961.23
11724.08 17955.74
11717.04 17951.45
11712.59 17948.73
11707.28 17945.49
11695.97 17947.94
11689.72 17954.31
11682.80 17961.36
11675.85 17968.43
11669.10 17975.31
11656.47 17990.06
11651.00 17996.19
11645.88 18001.92
11641.41 18006.91
11638.61 18010.06
11635.21 18013.71
11616.82 18016.43
11612.64 18010.74
11605.31 18005.01
11598.52 17990.68
11593.09 17980.64
11587.29 17971.00
11581.50 17961.87
11570.59 17946.68
11564.04 17935.87
11557.29 17924.75
11548.20 17916.12
11541.40 17905.00
11534.76 17894.20
11528.50 17884.00
11521.95 17873.35
11515.42 17862.71
11507.78 17852.60
11500.35 17842.98
11492.83 17833.24
11484.63 17824.05
11476.51 17815.29
11467.75 17805.82
11451.30 17788.62
11442.17 17781.06
11432.73 17773.22
11421.02 17767.88
11411.94 17760.47
11402.66 17752.90
11393.01 17744.96
11383.89 17737.42
11374.55 17729.69
11365.47 17722.17
11355.78 17714.15
11345.90 17701.79
11338.03 17695.34
11329.79 17688.59
11321.60 17681.88
11313.28 17675.07
11307.77 17670.55
11305.05 17668.25
11304.51 17667.74
11304.28 17667.52
11304.25 17667.49
11304.24 17667.48
11304.23 17667.47
11303.65 17666.92
11301.84 17665.19
11285.11 17644.56
11284.88 17644.34
11284.55 17644.02
11284.34 17643.81
11284.29 17643.77
11284.27 17643.75
11284.26 17643.74
11284.26 17643.74
11284.25 17643.74
11284.22 17643.70
11284.10 17643.59
11271.85 17630.87
11269.51 17627.94
11265.24 17624.92
11263.81 17622.88
11262.41 17620.90
11261.69 17619.88
11277.33 17606.51
11284.99 17605.07
11292.81 17600.73
11299.74 17592.09
11305.85 17581.00
11311.23 17567.48
11315.89 17553.53
11324.21 17541.23
11335.51 17533.06
11349.12 17526.80
11362.07 17521.36
11375.76 17515.61
11389.25 17509.93
11402.93 17504.18
11415.53 17497.53
11428.19 17489.68
11438.71 17479.27
11447.03 17468.03
11454.10 17455.97
11461.63 17443.14
11476.09 17422.25
11481.78 17409.09
11487.35 17396.22
11492.95 17383.25
11499.00 17369.70
11505.83 17353.50
11509.85 17347.09
11521.34 17326.81
11528.47 17311.20
11536.22 17294.21
11548.17 17276.62
11558.51 17255.46
11569.80 17232.95
11583.01 17209.24
11596.17 17185.61
11609.19 17162.23
11622.22 17138.83
11635.66 17115.30
11649.72 17092.52
11663.75 17069.81
11677.60 17047.37
11691.97 17024.08
11706.13 17001.15
11723.35 16976.37
11737.16 16953.52
11750.75 16931.05
11764.50 16908.29
11778.35 16885.39
11791.95 16862.89
11805.96 16839.73
11819.84 16816.77
11833.77 16793.73
11847.39 16771.19
11863.31 16745.53
11877.03 16723.39
11889.28 16700.34
11901.54 16677.25
11913.89 16653.12
11925.54 16628.79
11937.17 16604.51
11948.61 16580.61
11960.04 16556.74
11969.78 16533.47
11976.89 16513.58
11983.84 16494.17
11990.16 16476.09
11995.89 16457.69
12001.00 16439.55
12005.68 16422.95
12010.63 16405.38
12015.41 16388.32
12019.93 16372.13
12024.30 16356.28
12028.51 16339.30
12032.51 16323.17
12036.72 16306.73
12040.83 16290.80
12045.12 16274.17
12049.11 16258.65
12052.70 16242.37
12056.34 16225.79
12059.88 16209.73
12064.86 16193.82
12067.91 16184.52
12071.30 16174.18
12075.15 16162.42
12079.48 16149.19
12084.58 16133.67
12090.25 16116.39
12095.00 16101.92
12098.67 16086.99
12103.42 16074.73
12108.91 16063.18
12114.68 16051.28
12121.38 16039.82
12127.68 16029.04
12134.37 16017.59
12141.04 16006.19
12147.83 15994.56
12154.68 15982.84
12161.43 15971.29
12167.75 15960.48
12174.36 15949.18
12180.72 15938.28
12187.54 15926.62
12194.00 15915.57
12200.61 15904.20
12206.76 15893.43
12213.10 15882.31
12219.26 15871.52
12225.59 15860.43
12232.04 15849.13
12238.15 15838.42
12244.37 15827.52
12250.68 15816.47
12257.33 15804.81
12263.73 15793.59
12269.83 15782.90
12276.06 15771.98
12282.36 15760.57
12288.13 15749.28
12293.82 15738.19
12299.85 15726.40
12306.00 15714.39
12312.08 15702.42
12318.18 15690.42
12324.77 15679.01
12328.83 15666.11
12335.42 15655.39
12342.47 15643.91
12349.33 15632.76
12355.97 15621.95
12362.84 15610.78
12369.53 15599.88
12376.39 15588.73
12383.22 15577.62
12390.21 15566.24
12403.57 15547.95
12409.83 15539.02
12416.17 15530.22
12422.41 15521.60
12428.42 15513.31
12434.94 15504.31
12448.78 15482.02
12455.55 15470.95
12462.14 15460.53
12468.80 15450.00
12472.32 15438.29
12474.65 15425.69
12475.02 15412.90
12474.51 15400.19
12471.18 15388.47
12467.53 15376.32
12463.46 15364.75
12460.72 15352.76
12460.05 15340.20
12460.22 15327.87
12461.83 15315.25
12463.51 15302.14
12465.45 15289.89
12467.48 15277.91
12469.50 15266.02
12471.63 15253.46
12472.87 15241.26
12474.12 15228.93
12475.43 15215.94
12476.73 15203.20
12480.03 15184.33
12480.89 15179.78
12481.54 15175.91
12481.92 15173.67
12482.06 15172.84
12482.11 15172.58
12482.12 15172.49
12482.12 15172.49
12482.13 15172.49
12482.21 15171.91
12482.38 15170.79
12505.99 15134.27
12508.98 15132.46
12512.70 15130.21
12517.31 15127.43
12522.53 15124.28
12528.33 15120.78
12549.54 15107.90
12558.68 15102.26
12567.33 15096.83
12575.98 15090.73
12585.09 15084.30
12593.76 15078.18
12601.69 15072.59
12610.61 15066.30
12619.35 15059.92
12628.15 15054.05
12638.19 15050.16
12653.47 15041.56
12659.20 15035.30
12670.86 15025.04
12680.64 15018.18
12689.92 15011.67
12699.73 15004.78
12709.18 14998.16
12718.96 14991.29
12727.76 14985.12
12736.79 14978.78
12746.84 14971.73
12756.03 14965.28
12765.45 14958.68
12773.22 14953.22
12778.94 14949.21
12781.13 14947.67
12782.00 14947.06
12782.19 14946.93
12782.21 14946.92
12782.21 14946.92
12782.21 14946.91
12782.21 14946.91
12782.21 14946.91
12782.21 14946.91
12782.21 14946.91
12782.21 14946.91
12782.21 14946.91
12782.21 14946.91
12782.21 14946.91
12782.21 14946.91
12782.21 14946.91
12782.21 14946.91
12782.21 14946.91
12782.21 14946.91
12782.21 14946.91
12782.21 14946.91
12782.21 14946.91
12782.21 14946.91
12782.21 14946.91
12782.21 14946.91
12782.21 14946.91
12782.21 14946.91
12782.21 14946.91
12782.47 14946.73
12783.76 14945.82
12786.31 14944.04
12790.06 14941.41
12795.31 14937.73
12802.24 14932.86
12818.81 14921.30
12827.52 14915.32
12835.48 14909.86
12843.91 14904.07
12852.31 14898.30
