14279.45 17325.07
14279.62 17326.37
14279.99 17329.32
14280.66 17334.48
14281.49 17341.01
14282.54 17349.22
14283.79 17358.97
14285.19 17369.88
14286.59 17380.83
14287.50 17387.97
14287.96 17391.53
14284.16 17387.82
14283.19 17380.22
14281.93 17370.42
14280.50 17359.26
14278.82 17346.16
14277.40 17335.10
14276.44 17327.57
14275.94 17323.71
14268.79 17319.81
14261.97 17321.22
14253.02 17323.07
14242.88 17325.18
14230.74 17327.69
14218.04 17330.32
14208.91 17332.21
14202.07 17333.63
14196.87 17334.71
14186.81 17341.74
14187.64 17349.33
14188.61 17358.21
14189.61 17367.41
14190.80 17378.31
14191.71 17386.59
14192.23 17391.36
14192.97 17398.15
14194.79 17413.07
14196.12 17423.62
14197.74 17436.38
14199.39 17449.44
14201.83 17468.91
14203.59 17483.12
14205.42 17497.80
14207.25 17512.52
14209.14 17526.95
14211.12 17541.76
14212.99 17555.73
14215.16 17570.77
14216.94 17584.77
14218.44 17598.90
14219.90 17613.30
14221.34 17627.52
14222.80 17641.97
14224.34 17656.38
14226.01 17670.94
14227.81 17685.59
14229.71 17700.25
14231.62 17714.98
14233.46 17729.21
14235.40 17743.23
14237.49 17758.16
14239.06 17773.20
14240.51 17787.12
14242.04 17801.22
14243.56 17815.63
14245.09 17830.76
14246.57 17845.38
14247.99 17859.46
14249.47 17874.03
14250.99 17889.06
14252.40 17902.99
14253.93 17918.06
14255.26 17931.20
14256.51 17943.64
14257.59 17954.77
14258.67 17966.43
14259.74 17977.97
14260.62 17987.51
14261.67 17998.92
14262.62 18009.20
14263.52 18018.94
14264.51 18029.69
14265.36 18038.90
14265.82 18043.96
14265.94 18046.21
14265.97 18046.76
14266.00 18047.30
14266.00 18047.33
14266.00 18047.34
14266.00 18047.36
14266.00 18047.36
14266.00 18047.36
14266.00 18047.36
14266.00 18047.36
14266.00 18047.36
14266.00 18047.36
14266.00 18047.36
14266.00 18047.36
14266.00 18047.36
14266.00 18047.36
14266.04 18047.97
14266.18 18050.55
14266.44 18055.29
14266.56 18057.49
14266.60 18058.15
14266.61 18058.46
14266.63 18058.65
14266.63 18058.72
14266.63 18058.73
14266.63 18058.74
14266.63 18058.74
14266.63 18058.74
14266.63 18058.74
14266.63 18058.74
14266.63 18058.74
14266.63 18058.74
14266.63 18058.74
14266.63 18058.74
14266.63 18058.74
14266.63 18058.74
14266.63 18058.74
14266.63 18058.74
14266.63 18058.74
14266.63 18058.74
14266.63 18058.74
14266.63 18058.74
14266.63 18058.74
14266.63 18058.74
14266.63 18058.74
14266.63 18058.74
14266.70 18059.95
14266.83 18062.37
14271.96 18068.71
14277.56 18068.50
14284.42 18068.36
14292.74 18068.20
14302.97 18068.00
14315.61 18067.75
14329.26 18067.47
14342.70 18067.20
14356.47 18066.80
14369.59 18066.42
14382.44 18066.05
14395.45 18065.68
14408.75 18065.31
14421.80 18064.90
14442.72 18064.25
14455.07 18063.97
14466.66 18063.71
14479.04 18063.43
14492.05 18063.14
14503.74 18062.87
14516.13 18062.60
14528.05 18062.33
14540.12 18062.06
14552.32 18061.78
14564.34 18061.51
14577.08 18061.22
14599.20 18060.70
14609.93 18060.42
14620.66 18060.17
14631.27 18060.03
14641.28 18059.89
14661.73 18059.60
14671.81 18059.43
14682.55 18059.26
14693.00 18059.10
14702.85 18058.94
14712.86 18058.78
14744.66 18058.35
14753.73 18058.18
14762.84 18058.01
14772.41 18057.84
14780.92 18057.68
14806.86 18057.50
14816.61 18057.59
14826.67 18057.69
14836.12 18057.90
14846.42 18058.66
14871.16 18064.48
14881.66 18065.56
14890.95 18066.51
14901.40 18067.58
14911.76 18068.59
14919.49 18061.31
14919.32 18049.12
14922.45 18037.13
14922.02 18023.85
14921.49 18012.38
14924.34 18002.62
14923.84 17991.86
14923.35 17981.13
14922.85 17970.30
14922.33 17959.03
14921.84 17948.53
14927.54 17944.32
14928.74 17944.19
14929.15 17944.15
14929.35 17944.13
14929.40 17944.12
14929.43 17944.12
14929.44 17944.12
14929.45 17944.12
14929.45 17944.12
14929.45 17944.12
14930.11 17944.13
14931.37 17944.56
14936.36 17953.42
14936.53 17959.28
14936.76 17967.24
14937.04 17976.78
14937.38 17988.39
14938.25 18001.93
14939.26 18015.93
14940.32 18030.74
14942.41 18060.61
14942.57 18063.46
14942.70 18081.62
14942.65 18082.65
14942.62 18083.39
14941.83 18106.76
14941.67 18118.31
14941.46 18132.36
14941.24 18147.45
14941.02 18162.39
14940.80 18177.65
14940.59 18192.02
14939.96 18206.69
14938.77 18221.09
14937.49 18236.42
14936.29 18250.86
14938.37 18265.46
14936.67 18280.22
14934.96 18295.11
14933.33 18309.39
14931.64 18324.10
14929.17 18338.69
14927.11 18353.04
14925.72 18368.22
14924.31 18383.57
14922.96 18398.26
14921.56 18413.53
14920.16 18427.71
14918.68 18442.23
14917.12 18457.42
14915.59 18472.35
14914.10 18486.90
14912.60 18501.51
14911.15 18515.69
14909.69 18529.94
14908.12 18545.21
14906.64 18559.69
14905.18 18574.43
14903.69 18589.73
14902.21 18604.88
14900.85 18619.57
14899.60 18634.73
