13919.53 12114.12
13917.55 12113.54
13913.95 12112.48
13908.72 12110.94
13902.66 12109.16
13896.43 12107.33
13891.06 12105.74
13885.44 12104.09
13879.50 12102.34
13873.09 12100.46
13866.68 12098.57
13861.04 12096.91
13855.47 12095.27
13849.38 12093.48
13843.75 12091.82
13818.73 12090.10
13813.81 12094.59
13808.74 12098.36
13803.43 12102.30
13798.16 12106.21
13792.67 12110.28
13787.13 12114.39
13782.11 12118.11
13777.17 12121.78
13771.52 12125.98
13766.21 12129.91
13761.10 12133.71
13755.39 12137.94
13750.09 12141.88
13744.98 12145.67
13740.08 12149.30
13734.55 12153.40
13729.60 12157.08
13715.80 12165.11
13710.11 12169.20
13704.45 12173.25
13698.75 12177.35
13693.10 12181.40
13687.64 12185.33
13682.20 12189.23
13677.07 12192.92
13670.97 12197.29
13665.27 12201.38
13660.17 12205.05
13654.26 12209.29
13648.46 12213.46
13642.40 12217.81
13636.33 12222.16
13630.64 12226.25
13625.05 12230.27
13619.48 12234.27
13613.51 12238.55
13607.91 12242.57
13602.25 12246.63
13596.31 12250.90
13590.30 12255.21
13584.90 12259.09
13579.01 12263.32
13573.81 12267.05
13567.96 12271.25
13562.69 12275.04
13556.96 12279.15
13550.96 12283.46
13544.96 12287.76
13542.88 12300.17
13545.94 12308.14
13549.72 12317.99
13553.45 12327.68
13557.49 12338.20
13561.36 12348.28
13565.34 12358.62
13573.56 12382.40
13578.03 12391.66
13580.95 12400.89
13583.87 12410.41
13586.51 12419.58
13588.62 12429.71
13593.76 12449.76
13594.75 12455.58
13595.36 12459.15
13595.58 12460.47
13595.64 12460.84
13595.65 12460.84
13595.65 12460.84
13595.65 12460.84
13595.65 12460.85
13595.65 12460.85
13595.65 12460.85
13595.65 12460.85
13595.65 12460.85
13602.53 12485.83
13603.18 12487.45
13604.17 12489.92
13605.57 12493.41
13607.23 12497.56
13609.06 12502.39
13610.22 12505.55
13610.91 12507.17
13610.92 12507.19
13610.92 12507.20
13610.92 12507.20
13618.03 12523.06
13618.90 12524.71
13620.45 12527.68
13622.70 12531.96
13625.56 12537.41
13628.82 12543.62
13632.34 12550.35
13641.62 12568.00
13646.73 12577.69
13651.96 12587.63
13657.08 12597.36
13662.32 12607.78
13667.50 12618.08
13672.39 12627.82
13677.24 12637.70
13682.20 12648.04
13684.46 12660.34
13689.62 12671.09
13691.77 12682.44
13695.79 12690.09
13697.91 12694.14
13698.54 12695.34
13698.87 12695.97
13698.96 12696.13
13698.96 12696.14
13704.57 12705.83
13705.83 12707.90
13707.79 12711.12
13710.63 12715.78
13714.19 12721.61
13719.09 12728.95
13725.03 12736.60
13735.15 12749.45
13741.87 12757.61
13748.20 12765.31
13754.47 12772.92
13759.55 12779.09
13762.27 12782.39
13762.97 12783.25
13763.32 12783.67
13763.47 12783.85
13763.48 12783.86
13763.49 12783.87
13763.49 12783.87
13763.49 12783.87
13763.49 12783.88
13763.49 12783.88
13763.49 12783.88
13763.49 12783.88
13763.49 12783.88
13763.49 12783.88
13763.49 12783.88
13763.49 12783.88
13763.49 12783.88
13763.49 12783.88
13763.49 12783.88
13764.35 12784.92
13766.44 12787.46
13774.52 12798.06
13778.58 12803.52
13783.66 12810.35
13789.43 12818.11
13795.24 12825.91
13801.17 12833.89
13807.13 12841.90
13815.81 12854.40
13821.02 12862.34
13826.24 12870.28
13835.31 12883.76
13838.49 12888.09
13841.69 12892.46
13853.10 12916.51
13857.75 12928.03
13860.99 12939.91
13863.49 12952.07
13864.60 12964.76
13865.06 12977.59
13864.22 12990.37
13862.88 13002.17
