18211.86 7471.49
18213.33 7470.90
18216.11 7469.81
18220.21 7468.19
18225.64 7466.04
18232.65 7463.27
18240.85 7460.03
18248.58 7456.98
18252.80 7455.32
18250.79 7459.66
18243.43 7462.57
18234.13 7466.24
18224.10 7470.20
18214.41 7474.02
18195.17 7481.47
18183.78 7485.80
18172.25 7490.19
18160.82 7494.54
18149.45 7499.03
18137.70 7503.24
18125.91 7504.63
18117.43 7496.55
18113.29 7485.28
18109.03 7473.68
18104.85 7462.30
18101.35 7452.79
18099.34 7447.31
18090.24 7443.92
18082.36 7446.92
18072.70 7450.59
18062.84 7455.15
18044.82 7464.16
18034.27 7470.03
18023.19 7476.19
18012.90 7481.91
18002.00 7487.97
17991.49 7494.06
17980.83 7500.94
17970.88 7507.36
17959.96 7514.41
17949.39 7521.23
17939.01 7527.93
17928.83 7534.50
17918.63 7541.09
17908.03 7547.93
17897.75 7554.56
17887.71 7561.04
17877.43 7567.68
17868.35 7573.54
17859.39 7579.32
17851.00 7584.74
17841.71 7590.73
17833.30 7596.16
17816.12 7607.10
17807.35 7612.59
17798.38 7618.21
17789.12 7624.00
17780.60 7629.33
17771.26 7635.18
17762.33 7640.76
17753.16 7646.50
17745.47 7653.03
17737.06 7660.19
17728.30 7667.73
17720.48 7674.49
17712.07 7681.75
17703.83 7688.86
17696.12 7695.52
17681.94 7708.11
17674.85 7714.51
17667.84 7721.11
17659.98 7728.55
17652.76 7735.39
17646.10 7741.69
17638.93 7748.48
17631.91 7755.12
17624.96 7761.70
17617.51 7768.76
17603.48 7781.29
17595.82 7787.79
17587.96 7794.07
17580.67 7799.89
17572.33 7806.56
17564.55 7812.72
17556.03 7818.55
17547.97 7824.06
17531.04 7834.53
17522.00 7839.70
17513.57 7844.53
17504.19 7849.89
17495.81 7854.69
17486.71 7859.90
17478.34 7864.69
17464.24 7873.04
17455.15 7878.73
17446.14 7884.36
17437.13 7890.00
17428.48 7895.41
17419.24 7901.19
17411.10 7906.28
17402.27 7911.81
17393.40 7917.36
17384.79 7923.02
17375.10 7929.35
17366.66 7934.86
17357.13 7941.08
17347.94 7947.09
17338.91 7952.99
17330.05 7958.77
17320.93 7964.72
17311.90 7970.62
17302.22 7976.95
17293.23 7982.86
17284.99 7988.32
17276.27 7994.09
17267.59 7999.83
17258.58 8005.78
17249.33 8011.87
17240.45 8017.73
17231.03 8023.94
17224.86 8028.01
17221.11 8030.48
17220.20 8031.08
17219.52 8031.53
17219.45 8031.58
17219.39 8031.62
17219.36 8031.64
17219.36 8031.64
17219.36 8031.64
17219.36 8031.64
17219.36 8031.64
17219.36 8031.64
17219.36 8031.64
17219.36 8031.64
17219.36 8031.64
17219.36 8031.64
17219.36 8031.64
17219.36 8031.64
17219.36 8031.64
17219.36 8031.64
17219.36 8031.64
17219.36 8031.64
17219.36 8031.64
17219.36 8031.64
17219.36 8031.64
17219.36 8031.64
17219.36 8031.64
17219.36 8031.64
17219.36 8031.64
17219.36 8031.64
17219.36 8031.64
17219.36 8031.64
17219.36 8031.64
17219.36 8031.64
17219.36 8031.64
17219.36 8031.64
17219.36 8031.64
17219.36 8031.64
17219.36 8031.64
17219.36 8031.64
17219.36 8031.64
17219.36 8031.64
17219.36 8031.64
17219.36 8031.64
17219.36 8031.64
17219.36 8031.64
17219.36 8031.64
17219.36 8031.64
17219.36 8031.64
17219.36 8031.64
17219.36 8031.64
