14645.97 15936.08
14645.95 15937.63
14645.91 15940.44
14645.85 15945.16
14645.77 15951.57
14645.70 15957.28
14645.63 15963.29
14645.55 15969.44
14645.47 15975.89
14645.39 15981.92
14645.32 15987.36
14645.25 15993.01
14645.18 15998.73
14645.11 16004.42
14645.03 16010.26
14644.95 16016.68
14644.88 16022.29
14644.81 16028.07
14644.74 16033.73
14644.66 16039.72
14644.60 16044.56
14636.64 16056.25
14631.24 16057.76
14625.58 16059.33
14620.47 16060.76
14614.85 16062.32
14609.53 16063.80
14603.58 16065.42
14598.11 16066.82
14592.28 16068.31
14586.52 16069.79
14583.01 16070.69
14568.36 16074.53
14562.46 16076.10
14556.91 16077.59
14550.79 16079.23
14544.71 16080.85
14539.06 16082.36
14532.96 16083.97
14527.51 16084.97
14522.13 16085.96
14516.70 16086.96
14511.47 16087.93
14506.05 16088.93
14500.38 16089.97
14494.95 16090.97
14489.21 16092.03
14483.44 16093.09
14479.29 16093.86
14462.57 16095.60
14456.71 16095.97
14451.14 16096.31
14444.43 16096.72
14438.28 16097.11
14431.54 16097.52
14425.00 16097.93
14419.46 16098.27
14413.49 16098.64
14407.38 16099.02
14401.75 16099.37
14396.10 16099.72
14389.80 16100.10
14383.19 16100.51
14377.32 16100.88
14370.79 16101.28
14364.20 16101.69
14358.63 16102.03
14352.01 16102.44
14345.64 16102.84
14339.45 16103.10
14326.79 16102.18
14321.07 16101.67
14315.13 16101.14
14309.43 16100.63
14303.82 16100.13
14297.90 16099.60
14291.51 16099.04
14286.00 16098.54
14280.39 16098.04
14275.82 16097.64
14264.35 16094.10
14258.72 16091.78
14252.83 16089.35
14246.96 16086.93
14241.06 16084.39
14236.04 16082.11
14230.17 16079.44
14224.55 16076.89
14218.61 16074.20
14213.26 16071.76
14207.99 16069.37
14202.93 16067.08
14197.37 16064.55
14192.24 16062.22
14186.56 16059.64
14181.29 16057.25
14175.28 16054.52
14170.27 16052.25
14164.77 16049.75
14159.55 16047.38
14155.14 16045.38
14141.49 16039.18
14136.09 16036.73
14131.18 16034.51
14125.90 16032.11
14121.39 16030.07
14116.68 16027.93
14111.92 16025.77
14107.03 16023.55
14102.52 16021.50
14097.15 16019.07
14091.79 16016.64
14087.22 16014.56
14082.71 16012.51
14077.71 16010.73
14074.06 16010.50
14054.85 16015.67
14052.41 16010.87
14048.55 16005.26
14042.46 15999.75
14029.60 15992.25
14022.16 15987.93
14016.82 15984.84
14011.42 15981.71
14007.27 15979.31
14004.35 15977.62
14000.46 15975.24
13988.82 15997.94
13987.62 16003.11
13986.23 16009.04
13984.47 16015.30
13982.64 16021.85
13976.53 16031.43
13974.13 16040.00
13971.65 16048.84
13969.54 16056.39
13968.37 16060.58
13967.78 16062.67
13967.77 16062.72
13967.76 16062.73
13967.76 16062.74
13967.76 16062.74
13952.41 16060.76
13948.83 16059.82
13943.78 16058.37
13937.60 16056.60
13931.85 16054.95
13925.69 16053.18
13920.32 16051.64
13914.94 16050.10
13909.66 16048.58
13903.92 16046.87
13898.43 16045.11
13892.68 16043.27
13887.37 16041.58
13881.47 16039.69
13875.76 16037.86
13870.15 16036.07
13864.51 16034.27
13858.91 16032.47
13852.63 16030.21
13847.10 16028.13
13841.28 16025.94
13836.15 16024.01
13830.06 16021.72
13824.85 16019.76
13818.97 16017.55
13813.63 16015.54
13808.09 16013.46
13802.24 16011.26
13797.76 16009.57
13785.67 16005.02
13779.30 16002.62
13773.46 16000.42
13767.62 15998.23
13761.57 15995.95
13755.65 15993.72
13750.04 15991.60
13743.80 15989.25
13738.08 15987.10
13731.68 15984.69
13725.71 15982.44
13719.31 15980.03
13713.92 15978.00
13708.43 15975.94
13702.20 15973.59
13696.77 15971.54
13690.42 15969.15
13684.97 15967.10
13679.01 15964.86
13672.62 15962.45
13666.55 15960.17
13661.18 15958.14
13655.22 15955.90
13649.85 15953.88
13643.65 15951.54
13637.30 15949.15
13631.57 15946.99
13625.98 15944.89
13619.81 15942.57
13615.88 15931.97
13618.39 15926.53
13621.01 15920.87
13623.45 15915.58
13625.70 15910.72
13628.10 15905.52
13630.27 15900.82
13632.29 15904.31
13630.21 15908.82
13628.10 15913.38
13625.90 15918.15
13623.69 15922.92
13621.29 15928.13
13619.17 15932.70
