21741.92 17292.47
21741.86 17291.00
21741.72 17287.40
21741.70 17282.03
21742.78 17275.53
21744.06 17267.82
21746.29 17258.56
21749.63 17247.35
21753.20 17235.34
21756.78 17223.32
21760.45 17211.00
21763.64 17200.28
21765.90 17192.68
21767.02 17188.90
21764.04 17182.16
21761.98 17179.79
21762.21 17166.60
21768.12 17162.59
21780.97 17159.50
21788.64 17148.95
21796.00 17138.13
21803.14 17127.63
21810.02 17117.52
21817.30 17106.85
21824.62 17096.19
21831.82 17085.70
21838.98 17075.27
21846.37 17064.50
21842.96 17052.25
21833.28 17046.12
21822.88 17039.54
21812.63 17032.74
21802.81 17026.82
21791.29 17022.67
21770.47 17023.68
21757.89 17025.82
21745.51 17027.92
21733.75 17029.92
21721.71 17031.97
21709.20 17034.10
21697.08 17035.53
21679.34 17027.96
21671.30 17021.88
21663.23 17015.77
21647.66 17003.87
21640.30 16998.11
21634.58 16993.63
21630.68 16990.57
21612.72 16975.41
21606.64 16969.63
21599.73 16963.07
21592.77 16956.46
21579.69 16943.41
21573.73 16937.11
21561.86 16925.09
21550.15 16913.38
21543.96 16907.03
21537.32 16900.22
21530.90 16893.62
21507.41 16869.53
21502.41 16864.64
21497.35 16859.70
21484.21 16847.11
21476.92 16840.23
21470.70 16834.35
21466.78 16830.65
21452.13 16818.46
21446.54 16814.86
21433.07 16806.67
21421.70 16800.36
21410.85 16794.38
21399.74 16788.26
21388.45 16782.35
21376.06 16784.33
21363.44 16786.35
21339.93 16790.44
21327.16 16792.36
21314.10 16794.29
21301.96 16796.04
21290.66 16797.68
21281.96 16803.23
21273.88 16811.68
21265.77 16820.14
21258.16 16828.08
21250.18 16836.42
21242.28 16844.67
21235.02 16852.27
21230.04 16857.47
21225.23 16862.49
21219.68 16868.29
21216.99 16871.10
21214.09 16874.13
21210.24 16878.15
21205.86 16882.73
21201.51 16887.27
21198.73 16890.18
21198.23 16898.87
21196.29 16903.95
21190.37 16907.52
21178.94 16898.46
21177.68 16885.62
21171.63 16875.10
21166.40 16866.02
21161.05 16856.72
21156.86 16849.43
21153.42 16843.45
21150.50 16838.38
21146.58 16831.57
21144.33 16827.67
21142.43 16824.36
21140.07 16820.27
21136.83 16814.65
21133.66 16809.16
