16394.73 20911.94
16394.10 20912.40
16392.32 20913.72
16388.77 20916.32
16384.14 20919.72
16378.06 20924.19
16370.83 20929.50
16362.19 20935.84
16352.78 20942.76
16343.48 20949.58
16334.16 20956.11
16324.61 20962.39
16313.95 20968.46
16305.89 20973.04
16300.77 20975.95
16300.79 20972.14
16309.51 20967.19
16319.30 20961.62
16329.19 20955.55
16339.29 20948.52
16348.98 20941.45
16358.89 20934.17
16368.60 20927.04
16378.47 20919.80
16388.39 20912.51
16405.75 20899.75
16416.05 20892.18
16426.04 20884.84
16436.13 20877.50
16446.53 20870.13
16456.53 20863.04
16466.84 20855.73
16476.69 20848.75
16486.21 20842.00
16496.12 20834.98
16505.99 20827.99
16516.12 20820.81
16526.50 20813.45
16536.25 20806.54
16546.77 20799.31
16557.43 20792.39
16578.37 20784.83
16587.72 20782.62
16597.67 20780.25
16617.25 20775.28
16628.58 20772.19
16639.75 20769.15
16651.04 20766.06
16662.11 20763.02
16674.20 20759.67
16685.55 20756.53
16697.12 20753.33
16709.00 20750.04
16720.43 20746.84
16731.79 20743.64
16743.40 20740.38
16755.04 20737.11
16766.76 20733.82
16778.32 20730.57
16790.08 20727.26
16802.14 20723.87
16813.50 20720.68
16825.57 20717.59
16837.59 20714.63
16849.03 20711.81
16883.84 20704.01
16891.54 20702.22
16899.27 20700.44
16907.10 20698.63
16914.38 20696.94
16919.13 20695.84
16921.39 20695.32
16921.66 20695.26
16921.69 20695.25
16921.69 20695.25
16921.70 20695.25
16921.70 20695.25
16921.70 20695.25
16921.70 20695.25
16921.70 20695.25
16921.70 20695.25
16921.70 20695.25
16921.70 20695.25
16921.70 20695.25
16921.70 20695.25
16921.70 20695.25
16921.70 20695.25
16921.70 20695.25
16922.50 20695.06
16924.46 20694.64
16935.85 20682.74
16936.86 20676.88
16938.21 20668.95
16939.92 20658.95
16941.89 20647.40
16944.22 20633.78
16946.69 20618.39
16949.40 20600.66
16952.19 20582.47
16954.86 20565.04
16957.60 20547.09
16960.36 20529.11
16963.06 20511.48
16965.80 20493.55
16968.62 20475.15
16971.40 20457.01
16974.17 20438.94
16976.81 20421.69
16979.53 20403.93
16982.22 20386.34
16985.03 20368.00
16987.75 20350.26
16990.54 20332.00
16993.24 20314.42
16995.95 20296.70
16998.65 20279.04
17001.36 20261.38
17004.04 20243.84
17006.83 20225.68
17009.48 20208.32
17012.12 20191.10
17014.86 20173.19
17017.52 20155.82
17020.22 20138.24
17022.98 20120.16
17025.73 20102.25
17031.81 20084.36
17034.59 20066.21
17037.23 20048.96
17039.94 20031.30
17042.62 20013.79
17045.38 19995.79
17048.02 19978.53
17050.67 19961.25
17053.35 19943.74
17056.16 19925.39
17058.95 19907.18
17061.67 19889.39
17064.31 19872.16
17067.08 19854.06
17069.79 19836.39
17072.82 19816.01
17075.39 19798.63
17077.86 19781.96
17080.45 19764.45
17082.94 19747.59
17085.55 19730.23
17087.02 19713.32
17087.02 19713.17
17091.65 19676.82
17092.17 19670.48
17093.86 19650.38
17094.37 19634.38
17094.85 19619.09
17095.36 19603.07
17095.87 19587.28
17096.12 19571.95
17095.99 19556.19
17095.47 19531.69
17095.08 19515.18
17094.67 19498.41
17094.28 19481.81
17093.88 19465.25
17093.50 19449.21
17093.10 19432.81
17089.50 19412.08
17089.29 19394.84
17089.07 19377.56
17088.85 19359.77
17088.63 19341.91
17086.68 19322.59
17087.95 19301.18
17088.36 19282.68
17088.84 19264.22
17089.42 19246.57
17090.55 19229.22
17091.73 19211.09
17093.42 19192.67
17095.03 19175.09
17097.21 19157.51
17099.66 19140.15
17102.18 19122.40
17105.69 19104.27
17109.03 19087.03
17112.79 19069.64
17117.21 19052.48
17121.78 19034.77
17126.50 19017.64
17131.75 19000.68
17136.90 18984.03
17142.20 18966.91
17148.07 18949.28
17153.97 18932.58
17159.74 18916.26
17165.55 18899.82
17171.92 18883.19
17178.72 18865.90
17185.39 18848.91
17192.01 18832.09
17198.80 18814.80
17205.45 18797.89
17211.84 18781.63
17218.31 18765.17
17225.06 18748.01
17231.63 18731.30
17238.01 18715.07
17242.08 18695.09
17247.97 18679.23
17253.88 18663.29
17259.64 18647.64
17265.03 18631.89
17270.11 18617.06
17274.51 18604.22
17285.82 18579.94
17289.32 18568.77
17292.91 18557.32
17296.54 18545.74
17300.32 18533.68
17303.99 18521.96
17307.52 18510.72
17311.10 18499.31
17314.67 18487.90
17318.44 18475.87
17322.00 18464.48
17325.79 18452.41
17329.52 18440.48
17333.28 18428.50
17336.82 18417.19
17340.51 18405.41
17344.35 18393.14
17347.92 18381.75
17351.70 18369.68
17354.83 18354.29
17358.20 18344.07
17361.46 18334.19
17364.74 18324.25
17368.21 18313.72
17374.50 18293.78
17377.83 18282.78
17381.27 18271.41
17384.64 18260.45
17387.96 18249.86
17391.51 18238.56
17394.82 18228.01
17402.12 18204.96
17404.56 18197.49
17406.76 18190.20
17408.97 18182.86
17417.02 18158.26
17420.59 18147.92
17424.38 18136.94
17428.10 18126.18
17431.97 18114.96
17435.65 18104.33
17439.36 18093.59
17443.00 18083.04
17450.75 18060.75
17454.88 18048.71
17458.82 18037.10
17462.89 18025.14
17466.87 18013.46
17470.97 18001.38
17474.75 17990.28
17478.85 17978.22
17482.75 17966.75
17486.89 17954.58
17490.90 17942.78
17494.83 17931.30
17498.94 17919.62
17502.90 17908.04
17506.83 17896.72
17510.76 17885.38
17514.20 17873.54
17517.69 17861.17
17520.94 17849.11
17523.80 17836.58
17526.54 17824.52
17529.11 17812.21
17531.16 17800.49
17533.26 17788.35
17535.09 17776.43
17536.99 17764.12
17538.82 17752.25
17540.52 17739.49
17542.16 17727.09
17543.74 17715.25
17545.34 17703.15
17546.72 17691.36
17548.00 17679.08
17549.24 17667.22
17549.81 17654.61
17550.29 17642.86
17550.78 17617.71
17550.77 17613.14
17549.68 17599.23
17550.25 17587.37
17550.84 17574.91
17550.57 17562.18
17550.29 17550.09
17550.00 17537.54
17549.70 17524.65
17549.42 17512.58
17549.14 17500.42
17547.73 17486.52
17546.69 17478.49
17545.59 17470.05
17542.79 17424.19
17541.73 17415.70
17540.67 17407.11
17539.52 17397.90
17535.30 17389.70
17534.57 17380.81
17533.84 17372.02
17533.09 17362.98
17532.35 17353.94
17529.80 17343.09
17529.11 17334.79
17528.40 17326.24
17527.75 17318.34
17527.23 17294.57
17526.12 17288.18
17524.86 17281.65
17523.59 17275.08
17515.80 17266.41
17510.29 17258.42
17506.81 17247.33
17503.41 17236.46
17499.86 17225.11
17496.26 17213.62
17492.96 17203.08
17489.48 17191.83
17487.25 17184.05
17486.00 17179.68
17492.05 17169.41
17495.93 17168.06
17500.53 17166.47
17503.23 17165.60
17504.00 17165.37
17504.05 17165.35
17504.08 17165.34
17504.08 17165.34
17504.08 17165.34
17504.08 17165.34
17504.08 17165.34
17504.08 17165.34
17504.08 17165.34
17504.08 17165.34
17504.08 17165.34
17504.08 17165.34
17504.08 17165.34
17504.08 17165.34
17504.08 17165.34
17504.08 17165.34
17504.08 17165.34
17504.08 17165.34
17504.08 17165.34
17504.08 17165.34
17504.08 17165.34
17509.29 17154.31
17508.92 17151.62
17508.19 17147.00
17507.14 17140.36
17506.08 17131.84
17504.72 17121.31
17503.15 17109.63
17501.56 17097.73
17500.03 17086.27
17498.47 17074.69
17496.98 17063.51
17495.50 17052.47
17495.00 17037.51
17493.26 17026.32
17491.42 17014.56
17489.11 17003.03
17486.73 16992.25
17483.74 16981.07
17480.66 16970.21
17477.46 16958.99
17474.42 16948.27
17471.29 16937.27
17464.89 16915.54
17462.14 16907.90
17459.40 16900.32
17454.59 16883.04
17451.12 16874.74
17447.61 16866.31
17443.96 16857.55
17440.48 16849.19
17436.98 16840.93
17433.72 16835.22
17431.63 16831.55
17457.97 16813.72
17463.29 16811.30
17469.52 16808.44
17476.84 16805.02
17493.07 16802.55
17497.09 16803.22
17499.28 16803.83
17499.87 16803.99
17499.92 16804.00
17499.93 16804.00
17499.93 16804.00
17499.93 16804.00
17499.93 16804.00
17499.93 16804.00
17499.93 16804.00
17499.93 16804.00
17499.93 16804.00
17499.93 16804.00
17499.93 16804.00
17499.93 16804.00
17499.93 16804.00
17499.93 16804.00
17499.93 16804.00
17499.93 16804.00
17499.93 16804.00
17499.93 16804.00
17499.93 16804.00
17499.93 16804.00
17499.93 16804.00
17499.93 16804.00
17499.93 16804.00
17499.93 16804.00
17500.61 16804.18
17502.01 16804.56
17502.55 16782.64
17500.14 16776.23
17497.09 16768.16
17493.58 16758.84
17489.61 16748.32
17482.37 16738.46
17478.50 16726.67
17475.20 16715.76
17471.91 16704.85
17468.36 16693.11
17464.85 16681.49
17461.35 16669.92
17457.85 16658.36
17454.53 16647.39
17451.07 16635.98
17447.60 16624.51
17446.63 16609.18
17443.67 16597.84
17443.42 16585.91
17442.49 16569.82
17446.69 16557.88
17454.89 16548.35
17467.40 16539.05
17475.44 16529.66
17483.42 16520.34
17491.83 16510.52
17499.66 16501.38
17508.05 16491.58
17515.84 16482.49
17524.09 16472.85
17532.39 16463.17
17540.13 16454.12
17548.21 16444.70
17560.41 16430.67
17568.37 16421.77
17576.08 16413.15
17584.00 16404.29
17592.02 16395.32
17603.88 16381.90
17610.56 16373.98
17617.61 16365.63
17624.44 16357.53
17637.77 16341.68
17645.36 16332.58
17652.63 16323.86
17659.73 16315.36
17667.39 16306.17
17674.81 16297.29
17686.01 16284.08
17692.96 16276.00
17699.69 16268.16
17706.19 16260.59
17712.89 16252.80
17718.75 16245.98
17722.27 16241.88
17723.45 16240.51
17723.49 16240.46
17723.49 16240.46
17723.49 16240.46
17723.49 16240.46
17723.49 16240.46
17723.49 16240.46
17723.49 16240.46
17723.49 16240.46
17723.49 16240.46
17723.49 16240.46
17723.49 16240.46
17723.49 16240.46
17724.12 16239.73
17725.82 16237.75
17736.63 16215.62
17730.58 16211.37
17723.57 16206.44
17715.15 16200.52
17706.07 16194.14
17696.84 16187.65
17686.89 16181.14
17677.08 16174.96
17667.57 16168.98
17657.85 16162.86
17647.76 16156.51
17638.31 16150.56
17628.59 16144.44
17614.04 16134.62
17605.43 16128.44
17596.50 16122.03
17587.09 16115.28
17577.95 16108.72
17568.58 16102.00
17559.41 16095.42
17537.96 16080.73
17533.13 16077.47
17520.82 16069.40
17510.88 16063.04
17500.25 16056.24
17490.60 16049.47
17480.46 16042.21
17470.56 16035.12
17460.80 16028.13
17451.01 16021.12
17441.27 16014.16
17431.76 16007.35
17421.60 16000.07
17412.19 15993.33
17393.61 15979.64
17384.22 15972.84
17374.19 15966.07
17364.02 15959.21
17353.86 15952.35
17343.75 15945.58
17333.66 15938.93
17324.01 15932.58
17315.14 15925.35
17306.39 15917.43
17292.93 15895.93
17293.98 15883.21
17296.11 15871.23
17298.21 15859.43
17300.78 15846.94
17303.42 15834.45
17306.00 15822.25
17308.60 15809.95
17311.11 15798.08
17313.62 15786.23
17316.27 15773.66
17318.21 15761.42
17320.22 15748.80
17322.52 15736.84
17324.83 15725.17
17326.94 15713.11
17329.19 15700.27
17331.21 15688.26
17332.93 15675.85
17334.74 15663.88
17336.46 15651.50
17336.38 15642.42
17336.29 15632.57
17336.39 15608.80
17336.66 15597.35
17338.86 15586.75
17341.30 15575.17
17343.60 15564.23
17345.85 15553.58
17348.16 15542.63
17350.52 15531.43
17352.81 15520.55
17355.03 15510.01
17357.43 15498.62
17359.66 15488.07
17363.21 15468.35
17364.44 15459.50
17365.67 15450.71
17366.89 15441.98
17368.06 15433.59
17369.39 15427.18
17370.74 15423.86
17382.87 15392.62
17384.48 15386.49
17386.41 15379.17
17388.69 15370.51
17390.69 15361.57
17393.55 15342.96
17395.75 15332.04
17397.99 15320.92
17400.21 15309.92
17402.57 15298.19
17404.81 15287.08
17407.03 15276.07
17409.29 15264.81
17411.65 15253.14
17415.26 15235.53
17417.83 15223.83
17420.18 15213.13
17422.65 15201.82
17425.13 15190.25
17427.58 15178.76
17430.04 15167.27
17432.37 15156.36
17439.77 15132.09
17441.90 15122.04
17444.13 15111.51
17446.36 15101.46
17448.67 15093.96
17449.88 15090.03
17447.67 15079.77
17445.47 15072.87
17448.07 15063.98
17457.49 15057.16
17469.92 15044.38
17473.95 15033.96
17477.69 15023.45
17481.14 15012.66
17483.49 15001.22
17484.86 14989.52
17485.21 14977.48
17484.57 14966.12
17483.85 14954.82
17481.60 14944.02
17470.84 14920.69
17467.03 14914.05
17464.13 14910.12
17462.86 14908.44
17462.81 14908.37
17462.78 14908.34
17462.78 14908.34
17462.78 14908.34
17462.78 14908.34
17462.78 14908.34
17462.78 14908.34
17454.86 14900.17
17452.56 14898.26
17449.26 14895.81
17444.81 14893.03
17439.22 14890.27
17433.69 14888.36
17430.50 14887.26
17408.71 14880.53
17402.13 14878.65
17394.31 14876.60
17389.51 14875.39
17375.82 14873.49
17368.09 14870.60
17358.80 14867.11
17347.13 14854.87
17340.08 14845.63
17332.81 14836.12
17325.64 14826.74
17314.28 14810.70
17307.14 14800.27
17300.21 14790.14
17293.10 14779.75
17286.13 14769.57
17279.58 14759.99
17272.86 14750.17
17266.04 14740.20
17259.56 14730.66
17252.65 14720.27
17246.12 14710.44
17239.70 14700.79
17232.50 14690.85
17225.37 14681.03
17212.19 14663.32
17205.43 14653.93
17198.69 14644.55
17192.21 14635.55
17184.31 14626.95
17176.56 14619.04
17168.75 14611.08
17156.69 14601.30
17147.68 14597.81
17129.85 14590.80
17121.87 14587.59
17114.57 14584.66
17109.99 14582.82
17091.63 14573.24
17082.85 14569.11
17072.18 14565.25
17061.30 14561.32
17051.06 14557.62
17040.39 14553.76
17029.98 14550.00
17019.32 14546.14
17008.23 14542.14
16997.10 14538.21
16986.93 14534.63
16981.37 14530.72
16980.49 14503.33
16980.48 14494.88
16980.47 14484.44
16980.45 14474.56
16980.44 14464.17
16980.42 14448.13
16980.40 14435.71
16980.39 14424.08
16980.37 14411.78
16980.36 14399.69
16980.34 14387.89
16980.33 14376.56
16980.53 14358.89
16980.79 14347.51
16981.08 14334.98
16981.36 14322.60
16981.63 14310.83
16981.92 14298.54
16982.19 14286.49
16982.46 14274.74
16976.91 14255.61
16973.31 14244.25
16969.70 14232.87
16966.19 14221.76
16962.54 14210.26
16958.85 14198.61
16955.36 14187.58
16951.67 14175.94
16948.00 14164.32
16944.34 14152.79
16940.63 14141.06
16931.14 14122.68
16927.16 14111.01
16923.20 14099.14
16919.39 14087.72
16915.40 14075.75
16911.64 14064.48
16907.62 14052.43
16903.93 14041.39
16900.28 14030.44
16896.26 14018.38
16892.57 14007.04
16888.96 13995.76
16885.21 13984.01
16881.56 13972.61
16878.02 13961.50
16874.23 13949.66
16870.79 13938.91
16870.72 13931.06
16871.74 13926.78
16885.11 13915.39
16892.72 13916.64
16902.18 13918.20
16913.43 13920.04
16925.61 13921.76
16937.31 13923.03
16948.64 13924.27
16960.96 13925.62
16973.10 13926.95
16984.62 13928.21
16996.21 13928.92
