17190.48 19028.89
17190.11 19031.12
17189.35 19035.82
17188.30 19042.43
17186.97 19051.26
17185.37 19061.91
17183.41 19074.95
17181.27 19089.21
17179.03 19104.10
17176.82 19118.79
17174.57 19133.72
17172.33 19148.67
17170.16 19163.09
17167.95 19177.80
17165.82 19191.91
17163.57 19206.91
17161.39 19221.40
17159.19 19236.02
17157.10 19249.91
17154.99 19263.93
17152.81 19278.42
17150.60 19293.17
17148.95 19304.05
17147.63 19310.81
17136.07 19318.91
17128.72 19318.11
17119.88 19317.13
17113.49 19316.43
17109.76 19315.72
17091.28 19299.45
17091.50 19289.26
17091.79 19277.76
17092.14 19264.24
17092.57 19249.13
17093.63 19232.72
17094.79 19214.67
17096.49 19195.30
17098.41 19174.35
17097.90 19152.64
17100.92 19131.21
17104.48 19110.51
17108.59 19089.30
17113.01 19068.76
17118.18 19048.74
17123.44 19028.32
17129.54 19007.81
17135.91 18987.22
17142.28 18966.65
17149.08 18946.45
17156.27 18926.08
17163.42 18905.85
17170.90 18885.78
17178.73 18865.85
17186.21 18846.84
17194.10 18826.76
17201.79 18807.21
17209.55 18787.45
17217.35 18767.61
17225.08 18747.94
17232.68 18728.62
17240.47 18708.79
17245.08 18687.02
17251.81 18668.88
17258.49 18650.87
17264.90 18632.27
17270.54 18615.80
17282.55 18590.38
17286.68 18577.18
17290.85 18563.90
17295.01 18550.61
17299.51 18536.28
17303.67 18523.00
17307.96 18509.31
17312.10 18496.09
17316.29 18482.73
17320.47 18469.39
17324.73 18455.79
17329.13 18441.75
17333.59 18427.48
17338.05 18413.25
17342.23 18399.90
17346.67 18385.73
17351.02 18371.84
17357.97 18355.29
17362.16 18342.58
17366.04 18330.84
17370.07 18318.65
17377.14 18296.41
17380.96 18283.80
17384.83 18271.03
17388.63 18258.74
17392.71 18245.73
17396.60 18233.35
17404.59 18208.02
17407.53 18199.04
17410.14 18190.44
17421.55 18168.36
17429.87 18162.15
17436.49 18158.75
17441.02 18156.93
17460.08 18155.54
17467.54 18157.24
17475.65 18161.29
17483.24 18166.84
17488.69 18172.49
17491.81 18176.36
17510.05 18201.42
17515.57 18209.13
17522.27 18218.50
17529.59 18228.72
17544.90 18247.46
17556.34 18256.22
17565.42 18267.58
17574.36 18278.75
17583.59 18290.29
17592.49 18301.41
17601.42 18312.57
17610.57 18324.03
17619.96 18335.92
17630.81 18349.67
17642.73 18364.79
17655.61 18381.12
17670.08 18399.48
17684.93 18418.30
17699.83 18437.20
17715.29 18456.81
17730.55 18476.40
17745.33 18495.34
17761.02 18514.65
17775.93 18533.90
17790.43 18553.12
17805.24 18572.75
17820.50 18592.51
17836.44 18611.07
17852.65 18629.93
17868.92 18648.97
17884.18 18668.03
17899.45 18687.11
17915.02 18706.56
17931.33 18725.30
17948.35 18743.79
17965.33 18762.17
17982.38 18779.94
18000.23 18797.03
18018.36 18813.37
18036.79 18829.21
18055.49 18844.94
18074.86 18860.40
18093.99 18874.94
18114.12 18889.45
18132.47 18902.67
18160.35 18915.92
18175.57 18922.14
18191.03 18927.95
18207.11 18933.89
18223.15 18939.11
18239.40 18941.33
18256.27 18940.94
18273.08 18936.78
18288.58 18928.84
18302.29 18919.82
18314.91 18907.72
18325.99 18895.73
18335.58 18881.17
18345.04 18866.79
18359.83 18852.48
18371.65 18836.30
18384.51 18818.70
18398.79 18799.14
18414.15 18778.12
18432.69 18757.84
18453.33 18732.93
18474.05 18710.94
18495.26 18688.43
18516.68 18665.70
18538.06 18643.01
18559.05 18620.73
18580.28 18598.20
18601.37 18575.83
18622.11 18554.07
18643.48 18531.89
18664.92 18509.63
18686.43 18487.31
18707.35 18465.59
18728.55 18443.58
18749.43 18421.91
18770.88 18399.63
18791.83 18377.74
18813.02 18355.23
18833.04 18332.25
18852.86 18309.06
18872.50 18285.76
18890.44 18261.17
18908.28 18236.70
18926.23 18211.79
18942.37 18186.20
18958.53 18159.63
18974.65 18132.94
18988.54 18105.52
19002.63 18077.71
19015.85 18050.07
19028.83 18021.91
19041.19 17993.34
19051.94 17964.85
19062.05 17935.83
19070.47 17906.51
19078.68 17876.87
19086.33 17847.26
19093.19 17816.96
19099.95 17787.16
19106.68 17757.45
19115.67 17724.78
19121.93 17695.23
19128.23 17665.50
19134.44 17636.19
19140.67 17606.77
19146.89 17577.39
19153.10 17548.09
19163.28 17493.05
19168.43 17469.74
19173.71 17445.86
19178.91 17422.34
19184.20 17398.38
19189.44 17374.68
19194.70 17350.87
19206.68 17302.90
19212.91 17273.20
19219.12 17243.57
19225.30 17214.11
19231.49 17184.59
19237.87 17154.11
19244.17 17124.06
19250.53 17093.72
19256.83 17063.66
19263.01 17034.19
19269.38 17003.82
19275.75 16973.42
19282.03 16943.48
19288.34 16913.39
19294.69 16883.12
19301.05 16852.78
19307.46 16822.26
19313.91 16791.96
19320.57 16761.67
19327.06 16732.15
19333.72 16701.87
19340.26 16672.11
19346.90 16642.05
19353.43 16612.46
19360.19 16581.86
19366.74 16552.19
19373.25 16522.69
19380.01 16492.12
19386.66 16461.97
19393.00 16431.66
19398.62 16401.62
19404.25 16371.54
19409.10 16338.49
19415.43 16308.87
19421.76 16279.24
19428.16 16249.30
19434.54 16219.42
19440.89 16189.73
19447.35 16159.49
19453.84 16129.12
19460.14 16099.68
19466.64 16069.26
19472.44 16042.10
19479.98 15983.79
19479.93 15976.86
19479.88 15969.96
19478.89 15943.72
19477.51 15920.76
19476.05 15896.73
19474.64 15873.24
19473.18 15847.08
19473.77 15823.39
19474.39 15799.49
19476.17 15776.14
19479.40 15753.01
19485.35 15729.66
19491.99 15707.03
19500.02 15684.30
19509.60 15661.73
19521.71 15641.42
19534.58 15621.72
19547.73 15601.73
19562.97 15584.09
19579.05 15566.48
19596.42 15550.73
19614.64 15535.90
19634.24 15521.99
19655.80 15510.75
19677.29 15500.77
19699.90 15492.50
19722.89 15486.62
19746.28 15481.91
19770.03 15480.25
19794.39 15479.63
19818.56 15480.22
19842.04 15483.51
19865.02 15488.24
19888.03 15493.79
19925.22 15505.97
19945.72 15513.55
19967.00 15520.43
19988.70 15527.16
20010.48 15533.29
20031.81 15538.36
20053.94 15542.98
20075.94 15546.14
20098.18 15548.12
20120.80 15547.66
20190.25 15542.69
20215.80 15539.72
20242.41 15532.05
20270.77 15526.23
20299.03 15520.00
20328.08 15512.98
20356.18 15505.85
20384.84 15498.50
20412.84 15491.32
20441.26 15483.90
20470.39 15476.25
20499.19 15468.70
20528.27 15461.27
20556.59 15453.74
20584.89 15446.24
20613.46 15438.76
20641.63 15431.39
20670.09 15423.94
20698.62 15416.41
20727.38 15408.20
20755.43 15400.57
20784.37 15392.92
20810.08 15386.12
20832.16 15380.29
20851.50 15375.18
20870.74 15367.02
20887.57 15360.07
20903.00 15351.55
20917.73 15342.15
20931.56 15331.87
20945.12 15320.36
20957.79 15307.09
20969.28 15293.74
20979.09 15279.19
20987.87 15264.32
20995.43 15247.62
21002.07 15231.48
21007.23 15214.30
21011.66 15197.37
21013.30 15179.16
21014.28 15161.76
21015.25 15144.51
21014.97 15119.37
21015.56 15106.71
21015.89 15093.98
21015.56 15080.62
21015.21 15066.91
21013.89 15050.37
21014.24 15035.82
21014.57 15022.11
21014.95 15008.34
21016.70 14994.44
21018.43 14980.71
21020.58 14967.15
21023.84 14953.02
21027.10 14938.88
21030.31 14924.94
21033.55 14911.47
21037.29 14897.56
21040.82 14884.38
21053.71 14850.87
21057.48 14837.57
21059.92 14824.23
21061.92 14810.98
21063.32 14797.90
21064.11 14784.55
21063.99 14771.09
21060.83 14754.29
21057.28 14740.55
21052.80 14727.87
21047.39 14714.32
21044.07 14700.94
21041.23 14687.36
21040.46 14672.96
21042.11 14659.47
21045.33 14645.35
21048.87 14632.33
21049.45 14605.28
21045.60 14593.33
21038.82 14583.50
21030.67 14577.17
21024.25 14572.97
21020.91 14570.80
21005.24 14562.95
20997.91 14560.79
20988.25 14557.94
20977.09 14555.03
20964.08 14551.87
20949.74 14548.38
20936.17 14545.09
20921.78 14541.60
20907.51 14538.13
20893.68 14534.77
20879.23 14531.26
20865.19 14527.86
20851.86 14524.62
20837.63 14521.17
20823.70 14517.79
20809.26 14514.28
20794.86 14510.79
20780.43 14507.29
20758.26 14501.95
20745.09 14498.81
20731.88 14495.66
20717.60 14491.42
20704.17 14487.21
20690.91 14483.06
20677.56 14479.50
20664.11 14476.10
20650.67 14472.64
20637.08 14469.01
20623.20 14465.30
20608.89 14461.47
20594.59 14457.63
20581.16 14453.96
20567.78 14450.29
20553.79 14444.99
20539.79 14439.69
20526.55 14435.32
20512.32 14430.65
20498.27 14426.03
20486.85 14422.28
20479.52 14419.87
20476.27 14418.80
20475.93 14418.69
20475.76 14418.63
20475.74 14418.63
20475.73 14418.62
20475.72 14418.62
20475.72 14418.62
20475.72 14418.62
20475.72 14418.62
20475.72 14418.62
20475.72 14418.62
20475.72 14418.62
20475.72 14418.62
20475.72 14418.62
20471.20 14420.98
20471.13 14422.60
20470.97 14425.30
20470.29 14428.92
20466.17 14442.10
20459.72 14450.70
20451.77 14460.92
20443.41 14471.77
20434.89 14482.82
20426.58 14493.63
20418.29 14504.38
20409.80 14515.41
20396.09 14533.55
20388.44 14543.96
20380.97 14554.88
20372.67 14567.75
20365.33 14580.23
20359.23 14593.23
20353.67 14606.58
20347.92 14620.38
20341.84 14634.11
20336.00 14648.10
20330.41 14662.15
20325.45 14674.60
20321.71 14683.97
20319.61 14689.25
20320.88 14698.10
20321.49 14702.24
20331.70 14712.08
20342.14 14718.55
20354.23 14726.05
20365.88 14733.28
20377.56 14740.53
20397.26 14753.56
20407.95 14760.64
20419.51 14768.30
20431.11 14775.99
20442.00 14783.21
20453.16 14790.60
20471.91 14802.63
20482.40 14809.17
20493.61 14815.14
20512.60 14824.31
20524.22 14828.82
20535.45 14833.18
20545.69 14838.61
20551.55 14859.50
20548.11 14873.29
20545.05 14887.48
20542.46 14901.30
20540.31 14915.93
20538.77 14930.71
20537.24 14945.71
20536.01 14960.35
20534.81 14974.80
20533.65 14989.23
20532.70 15003.49
20531.77 15017.72
20530.93 15032.19
20530.08 15046.93
20529.09 15061.74
20527.95 15076.49
