20185.64 12354.56
20187.19 12355.52
20190.76 12356.94
20195.84 12358.88
20202.98 12361.60
20212.05 12365.06
20222.45 12367.81
20234.02 12367.89
20242.00 12367.94
20246.40 12368.00
20244.48 12376.18
20235.44 12375.91
20225.18 12375.26
20213.74 12373.64
20201.67 12370.64
20189.25 12367.04
20167.83 12361.32
20158.64 12360.78
20152.20 12362.01
20148.05 12363.56
20137.44 12371.86
20132.93 12379.63
20128.00 12388.54
20122.86 12399.10
20114.81 12415.71
20109.08 12427.61
20103.25 12439.73
20097.41 12451.63
20090.94 12463.73
20084.41 12475.95
20075.80 12492.51
20069.61 12504.63
20063.60 12516.37
20057.72 12527.89
20051.81 12539.44
20045.64 12551.51
20037.16 12568.58
20031.49 12580.09
20025.50 12592.24
20019.72 12603.95
20014.23 12615.09
20008.49 12626.75
19997.90 12647.62
19991.87 12659.30
19985.43 12671.77
19979.21 12683.82
19973.27 12695.33
19966.80 12707.85
19960.85 12719.39
19954.56 12731.56
19948.28 12743.50
19941.98 12755.15
19935.44 12767.25
19929.89 12779.74
19924.63 12791.78
19918.96 12804.10
19912.84 12816.28
19906.44 12828.41
19900.20 12840.30
19894.06 12851.77
19887.62 12863.39
19881.13 12875.12
19874.75 12886.51
19868.91 12898.17
19863.16 12910.60
19857.21 12922.19
19841.85 12953.51
19841.59 12954.13
19842.27 12952.91
19842.47 12952.55
19842.50 12952.50
19842.50 12952.49
19842.50 12952.49
19842.50 12952.49
19842.50 12952.49
19842.50 12952.49
19842.50 12952.49
19842.50 12952.49
19842.50 12952.49
19842.50 12952.49
19842.50 12952.49
19842.50 12952.49
19842.50 12952.49
19842.50 12952.49
19842.50 12952.49
19830.31 12975.22
19829.59 12976.61
19828.54 12978.62
19827.15 12981.28
19818.00 13000.11
19812.17 13010.16
19805.92 13021.08
19800.01 13033.20
19794.24 13045.03
19788.35 13057.12
19782.61 13068.89
19776.66 13081.10
19770.95 13092.82
19765.46 13104.07
19759.72 13115.84
19753.68 13127.75
19748.81 13137.27
19745.76 13143.23
19744.07 13146.55
19743.87 13146.94
19743.75 13147.17
19743.74 13147.19
19743.74 13147.19
19743.74 13147.20
19743.74 13147.20
19743.74 13147.20
19743.74 13147.20
19743.74 13147.20
19743.74 13147.20
19743.74 13147.20
19743.74 13147.20
19743.74 13147.20
19743.74 13147.20
19743.74 13147.20
19738.27 13157.79
19736.52 13161.16
19734.00 13166.02
19730.61 13172.55
19726.19 13181.05
19720.71 13191.61
19714.25 13204.05
19707.79 13216.52
19701.76 13228.42
19695.43 13240.94
19688.94 13253.76
19682.71 13266.11
19676.59 13278.43
19670.55 13290.61
19664.20 13303.40
19657.90 13316.07
19651.99 13327.99
19645.62 13340.81
19639.49 13353.15
19633.42 13365.37
19627.33 13377.65
19621.39 13389.61
19615.10 13402.28
19602.91 13425.56
19596.07 13437.97
19589.19 13450.90
19582.79 13463.61
19576.41 13476.28
19569.96 13489.09
19563.54 13501.85
19557.16 13514.52
19550.85 13527.04
19544.39 13539.89
19538.00 13552.57
19531.73 13564.90
19525.33 13577.22
19518.70 13589.97
19512.44 13601.99
19506.05 13614.27
19499.38 13627.29
19493.10 13639.99
19486.67 13652.99
19480.49 13665.49
19473.93 13678.77
19467.63 13691.43
19461.08 13704.42
19454.97 13716.54
19448.52 13729.34
19442.41 13741.47
19435.90 13754.40
19429.44 13767.28
19422.88 13780.49
19416.57 13793.19
19410.09 13806.24
19404.06 13818.39
19397.49 13831.62
19391.24 13844.06
19384.89 13856.57
19378.44 13869.28
19371.87 13881.87
19365.49 13894.00
19358.96 13906.41
19352.98 13917.75
19347.99 13927.20
19342.98 13936.70
19337.97 13946.20
19332.72 13956.14
19318.49 13982.88
19316.61 13986.59
19308.08 14003.42
19301.63 14015.83
19294.12 14028.14
19286.97 14039.86
19280.00 14051.30
19272.00 14062.63
19263.97 14073.42
19255.77 14083.99
19247.40 14094.44
19238.61 14104.98
19229.88 14115.45
19220.93 14126.18
19207.35 14142.22
19201.90 14148.56
19198.02 14153.13
19189.95 14163.62
19180.69 14175.73
19176.37 14181.23
19170.88 14187.65
19155.69 14205.13
19146.61 14214.38
19137.75 14223.89
19128.68 14233.62
19119.27 14243.72
19110.35 14253.29
19101.53 14264.06
19093.16 14274.38
19084.72 14284.78
19077.27 14295.34
19069.28 14306.66
19061.45 14317.75
19053.93 14328.66
19045.81 14338.95
19033.12 14358.02
19026.25 14366.67
19019.18 14375.57
19005.71 14392.34
18997.89 14401.95
18990.43 14411.12
18973.32 14432.65
18972.18 14433.97
18971.04 14435.29
18944.54 14458.70
18939.83 14464.01
18935.25 14469.18
18922.43 14484.50
18913.62 14495.36
18904.85 14506.17
18896.04 14517.04
18887.43 14527.64
18879.17 14537.86
18873.29 14550.37
18864.68 14560.89
18855.86 14571.47
18847.28 14581.74
18838.95 14591.73
18830.32 14602.08
18821.47 14612.77
18812.83 14623.29
18803.94 14634.12
18795.65 14644.20
18786.94 14654.81
18778.69 14664.86
18769.98 14675.47
18761.24 14686.11
18752.64 14696.58
18744.07 14707.01
18735.63 14717.28
18729.89 14724.27
18726.52 14728.34
18725.62 14729.43
18725.42 14729.67
18725.35 14729.75
18725.32 14729.79
18725.31 14729.79
18725.31 14729.79
18725.31 14729.79
18725.31 14729.79
18725.31 14729.79
18725.31 14729.79
18725.31 14729.79
18725.31 14729.79
18725.31 14729.79
18725.31 14729.79
18711.95 14745.83
18709.31 14749.00
18705.90 14753.13
18701.19 14758.85
18695.19 14766.12
18688.24 14774.56
18680.31 14784.18
18671.95 14794.32
18663.10 14805.06
18654.11 14815.96
18645.76 14826.10
18637.16 14836.71
18628.44 14847.52
18619.68 14858.38
18611.27 14868.80
18602.57 14879.58
18593.79 14890.45
18585.47 14900.47
18577.11 14910.46
18568.15 14921.16
18559.79 14931.44
18551.23 14942.10
18542.39 14953.10
18534.27 14963.21
18525.69 14973.90
18517.42 14984.20
18508.94 14994.87
18500.78 15005.31
18492.59 15016.27
18484.26 15027.59
18476.12 15038.66
18461.84 15057.69
18455.95 15065.49
18450.50 15072.69
18446.84 15077.53
18444.78 15080.27
18432.57 15096.66
18429.66 15100.90
18426.04 15106.17
18418.56 15120.68
18412.67 15132.48
18403.91 15142.56
18394.99 15152.83
18386.91 15162.81
18378.13 15177.71
18376.83 15188.49
18377.13 15196.08
18381.19 15211.30
18391.88 15219.82
18402.68 15228.43
18413.43 15237.00
18424.21 15245.59
18434.71 15253.97
18446.67 15262.19
18459.58 15268.83
18472.88 15271.87
18486.02 15271.23
18498.80 15266.21
18508.72 15257.39
18516.30 15246.31
18518.96 15233.88
18518.74 15220.74
18514.64 15208.46
18507.28 15198.00
18496.25 15190.34
18478.26 15175.55
18464.69 15170.75
18451.85 15166.21
18438.49 15161.49
18425.29 15156.82
18412.11 15152.29
18398.63 15147.80
18385.20 15143.31
18371.56 15138.76
18357.75 15134.15
18344.53 15129.71
18331.52 15125.21
18318.73 15120.76
18302.66 15116.92
18289.04 15112.41
18276.10 15108.12
18262.58 15103.63
18248.93 15099.05
18235.93 15094.68
18221.95 15091.15
18207.79 15087.63
18194.31 15084.19
18180.59 15082.20
18165.84 15080.17
18152.21 15078.29
18138.03 15076.34
18123.58 15074.35
18109.34 15072.39
18095.59 15070.50
18081.97 15068.63
18067.38 15066.62
18053.34 15064.69
18039.41 15062.77
18025.39 15060.84
18011.61 15058.94
17997.31 15056.98
17982.56 15054.95
17967.80 15052.92
17953.76 15050.99
17939.11 15048.97
17924.41 15046.95
17910.14 15044.98
17895.78 15043.01
17882.12 15041.13
17868.27 15039.22
17854.92 15038.01
17837.59 15035.35
17821.37 15035.08
17803.11 15034.78
17783.08 15035.04
17760.86 15036.56
17738.94 15038.21
17717.47 15040.47
17696.30 15043.06
17659.32 15045.24
17636.64 15043.71
17613.64 15041.68
17590.92 15039.07
17568.30 15035.19
17546.45 15030.51
17525.03 15025.87
17503.34 15020.76
17480.91 15015.46
17459.40 15009.61
17438.11 15004.63
17416.53 14999.55
17394.38 14995.47
17371.87 14991.97
17349.20 14989.30
17327.32 14986.97
17305.12 14985.03
17282.14 14983.56
17259.61 14982.11
17237.50 14980.69
17201.43 14976.58
17179.04 14974.70
17156.60 14972.83
17133.43 14970.98
17111.42 14969.21
17045.45 14965.45
17024.42 14963.74
17003.31 14962.02
16981.78 14960.26
16959.98 14958.49
16938.23 14956.71
16917.08 14954.90
16895.63 14952.97
16874.23 14950.08
16852.91 14947.19
16832.15 14944.39
16811.06 14941.16
16790.23 14937.02
16768.59 14932.71
16748.26 14927.75
16727.30 14921.86
16707.44 14915.31
16687.46 14908.48
16667.22 14901.55
16647.25 14894.80
16626.88 14887.92
16606.66 14881.09
16585.87 14874.07
16565.46 14867.43
16544.72 14861.24
16524.14 14855.01
16503.86 14845.23
16483.67 14839.90
16463.13 14835.44
16430.00 14829.14
16407.47 14826.82
16385.45 14825.28
16363.16 14825.48
16341.98 14828.50
16324.78 14830.14
16306.96 14831.84
16289.18 14834.93
16271.75 14838.56
16254.74 14842.92
16203.90 14860.56
16183.70 14870.31
16163.30 14880.66
16143.82 14892.64
16123.43 14906.48
16105.08 14920.21
16087.52 14935.52
16070.68 14950.25
16053.66 14966.42
16037.81 14983.05
16025.93 15000.32
16015.49 15014.86
16005.86 15029.26
15996.34 15043.49
15973.19 15081.56
15961.55 15102.07
15950.06 15122.34
15938.85 15142.09
15927.43 15161.68
15915.83 15181.24
15904.37 15200.54
15892.83 15219.92
15881.00 15239.18
15867.60 15260.89
15854.20 15279.30
15839.86 15297.89
15825.43 15315.49
15810.83 15333.16
15795.80 15351.20
15780.29 15368.03
15763.46 15384.94
15747.84 15401.70
15732.40 15418.27
15716.46 15435.38
15700.11 15452.69
15683.88 15469.72
15667.76 15486.62
15651.54 15503.64
15635.46 15520.50
15619.16 15537.58
15602.90 15554.66
15587.24 15571.15
15570.88 15588.35
15554.67 15605.28
15538.96 15621.59
15523.52 15638.12
15508.00 15654.95
15492.18 15672.11
15476.04 15689.61
15460.29 15706.68
15444.41 15723.83
15428.65 15740.46
15412.52 15757.47
15396.46 15774.42
15380.71 15791.04
15365.11 15807.50
15348.95 15824.56
15333.02 15841.36
15316.41 15858.52
15300.17 15875.29
15284.33 15891.70
15266.79 15910.39
15251.16 15927.10
15236.16 15943.14
15221.12 15959.22
15206.02 15975.37
15188.30 15992.73
15172.74 16007.47
15157.11 16022.27
15141.41 16037.18
15126.07 16051.85
15110.31 16066.94
15094.23 16082.33
15078.60 16097.29
15062.27 16112.26
15045.86 16126.61
15029.14 16141.23
15012.69 16155.61
14995.86 16170.20
14979.65 16183.96
14962.94 16197.30
14913.34 16234.50
14899.79 16244.69
14887.14 16254.21
14876.49 16262.21
14861.73 16272.19
14847.84 16281.52
14833.81 16290.82
14818.75 16300.61
14804.56 16309.84
14790.16 16319.21
14775.40 16328.43
14760.08 16337.52
14745.01 16346.29
14729.83 16354.96
14715.23 16363.15
14699.63 16370.98
14684.31 16378.25
14668.71 16384.45
14652.18 16390.38
14641.13 16394.06
14639.98 16394.38
14638.81 16394.71
14637.67 16395.03
14636.44 16395.37
14635.21 16395.71
14552.51 16413.18
14537.90 16414.25
14523.37 16415.03
14508.89 16415.63
14495.17 16416.19
14480.58 16416.45
14465.71 16416.40
14451.55 16416.35
14436.87 16416.29
14422.57 16416.24
14407.67 16416.13
14393.99 16416.05
14379.62 16416.08
14365.60 16416.11
14351.73 16416.14
14337.65 16416.18
14322.88 16414.93
14309.31 16413.09
14295.70 16408.97
14282.04 16404.83
14269.20 16399.53
14256.87 16393.00
14244.00 16386.18
14233.11 16377.70
14218.48 16367.95
14208.24 16359.16
14198.08 16350.42
14187.53 16341.36
14177.43 16332.68
14167.12 16323.82
14156.67 16314.85
14146.33 16305.96
14136.31 16297.35
14126.51 16288.93
14107.90 16281.64
14099.59 16282.66
14093.21 16285.63
14089.45 16287.83
14087.63 16289.82
14085.64 16312.30
14086.36 16320.03
14087.26 16329.80
14088.34 16341.53
14089.58 16355.08
14090.80 16368.30
14092.22 16382.02
14093.73 16395.75
14095.16 16408.63
14096.69 16422.54
14098.13 16435.45
14099.72 16449.47
14101.18 16462.48
14102.59 16474.89
14103.54 16483.31
14104.01 16487.52
14104.16 16488.88
14104.23 16489.44
14104.23 16489.48
14104.23 16489.48
14104.23 16489.48
14104.23 16489.48
14104.23 16489.48
14105.57 16500.61
14105.98 16503.60
14106.68 16508.76
14107.61 16515.56
14112.07 16523.83
14113.55 16534.61
14115.27 16547.22
14118.22 16565.54
14120.47 16578.47
14122.69 16591.26
14124.60 16602.28
14125.99 16610.28
14126.29 16630.97
14128.20 16641.56
14130.42 16653.86
14133.05 16668.34
14135.22 16680.36
14137.28 16691.80
14141.07 16713.87
14143.07 16726.44
14144.99 16738.53
14145.99 16751.81
14149.88 16764.85
14150.31 16774.36
14148.51 16807.64
14148.56 16818.52
14148.61 16829.21
14148.67 16840.30
14148.77 16851.25
14148.85 16860.95
14148.91 16867.45
14148.94 16871.65
14148.95 16872.68
14148.95 16872.70
14148.95 16872.72
14153.16 16877.83
14156.13 16876.63
14160.86 16874.24
14166.70 16871.31
14173.97 16867.79
14180.88 16864.01
14187.81 16860.18
14194.53 16856.47
14200.86 16852.97
14207.30 16849.41
14214.50 16845.44
14220.88 16841.91
14227.79 16838.10
14234.16 16834.57
14241.09 16830.75
14248.00 16826.93
14255.21 16822.95
14262.49 16818.92
14269.51 16815.05
14276.64 16811.11
14283.21 16807.48
14289.94 16803.76
14296.28 16800.26
14302.82 16796.63
14309.09 16792.72
14315.71 16788.59
14322.83 16784.15
14329.27 16780.13
14335.69 16776.12
