13818.60 14047.61
13818.27 14045.97
13817.74 14042.23
13817.04 14036.97
13815.60 14030.21
13813.87 14022.08
13812.16 14012.46
13810.57 14002.37
13809.93 13991.84
13809.50 13981.34
13809.05 13970.62
13808.72 13962.45
13808.49 13957.02
13811.84 13958.15
13812.19 13966.66
13812.59 13976.38
13813.01 13986.59
13813.46 13997.37
13814.80 14007.65
13816.33 14017.80
13818.40 14027.52
13820.48 14037.63
13821.43 14044.97
13822.22 14048.83
13802.60 14071.40
13796.27 14074.09
13788.16 14077.39
13779.23 14080.42
13770.08 14083.52
13763.91 14085.62
13758.28 14086.65
13753.25 14087.51
13749.77 14088.10
13726.94 14093.19
13723.22 14094.41
13719.73 14095.55
13716.32 14096.66
13712.81 14097.81
13710.10 14098.68
13706.35 14106.83
13704.91 14115.42
13707.02 14124.77
13709.44 14135.46
13711.84 14146.08
13714.20 14169.56
13714.19 14169.65
13714.19 14169.70
13714.19 14169.71
13714.19 14169.71
13714.19 14169.71
13714.19 14169.71
13714.19 14169.71
13714.19 14169.71
13714.19 14169.71
13714.19 14169.71
13713.47 14182.25
13713.27 14185.75
13712.95 14191.25
13712.56 14197.99
13711.87 14206.56
13710.90 14216.95
13709.94 14227.15
13708.94 14237.85
13707.47 14254.56
13706.73 14265.89
13705.99 14277.14
13705.27 14288.24
13704.56 14299.07
13704.70 14317.43
13703.73 14329.36
13702.67 14341.83
13701.54 14354.29
13700.41 14366.80
13699.01 14379.16
13696.19 14391.76
13693.62 14403.30
13691.05 14414.82
13688.43 14427.29
13686.03 14439.06
13683.53 14451.40
13681.39 14463.33
13680.95 14475.68
13680.50 14488.37
13680.09 14500.11
13679.66 14512.17
13679.22 14524.43
13678.77 14537.31
13678.35 14549.60
13678.85 14561.97
13679.34 14574.08
13679.86 14586.93
13680.65 14602.63
13682.25 14614.62
13683.82 14626.33
13684.91 14639.00
13685.71 14650.81
13686.98 14663.38
13688.91 14676.02
13690.68 14687.57
13693.83 14699.13
13697.90 14711.08
13701.83 14723.21
13705.75 14735.32
13710.79 14747.03
13717.06 14759.08
13722.14 14769.65
13732.82 14784.63
13737.44 14788.51
13742.03 14792.11
13745.32 14793.91
13773.63 14805.84
13784.46 14806.01
13795.65 14806.44
13807.08 14806.96
13818.97 14808.37
13830.43 14809.72
13842.32 14812.33
13853.84 14815.10
13864.88 14818.03
13875.64 14821.22
13886.62 14825.13
13897.20 14829.94
13907.28 14835.17
13917.27 14840.76
13926.52 14845.93
13936.12 14851.56
13944.46 14858.06
13953.03 14864.74
13961.33 14871.20
13978.53 14888.50
13984.01 14894.41
13987.49 14898.34
13989.12 14900.21
13989.70 14900.88
13989.88 14901.10
13989.90 14901.12
13989.90 14901.12
13989.90 14901.12
13989.90 14901.12
13989.90 14901.12
14000.74 14914.90
14002.77 14917.92
14005.48 14921.98
14008.81 14926.95
14012.89 14933.03
14017.14 14940.74
14020.68 14949.24
14028.51 14968.03
14031.53 14977.95
14034.54 14987.84
14037.32 14997.76
14041.62 15013.39
14046.40 15024.90
14048.93 15035.48
14051.57 15046.54
14054.11 15057.24
14056.35 15067.44
14058.65 15077.94
14061.08 15089.04
14064.21 15104.47
14066.31 15114.72
14068.50 15125.39
14070.63 15135.76
14072.77 15146.17
14074.93 15156.71
14077.13 15167.42
14079.21 15177.56
14081.29 15187.71
14083.18 15196.89
14084.31 15202.33
14084.69 15204.04
14084.70 15204.10
14084.71 15204.11
14084.71 15204.11
14084.71 15204.11
14084.71 15204.11
14084.71 15204.11
14084.71 15204.11
14084.71 15204.11
14086.94 15213.89
14087.78 15217.47
14088.88 15222.18
14090.40 15228.65
14092.35 15236.99
14094.60 15246.62
14096.99 15256.82
14099.25 15266.48
14101.56 15276.32
14103.99 15286.69
14105.57 15293.46
14106.35 15296.62
14106.39 15296.78
14106.40 15296.82
14106.41 15296.84
14106.41 15296.86
14106.41 15296.86
14108.61 15312.39
14109.21 15314.72
14110.10 15318.15
14111.39 15323.11
14113.22 15329.96
14118.62 15337.38
14121.15 15346.82
14123.78 15356.63
14126.18 15365.60
14128.74 15375.17
14131.29 15384.66
14139.73 15408.93
14142.33 15418.22
14144.80 15427.04
14147.46 15436.55
14149.96 15445.48
14152.49 15454.53
14155.11 15463.87
14157.78 15473.43
14164.74 15494.79
14167.29 15500.34
14170.95 15505.68
14174.80 15510.66
14189.94 15529.06
14198.27 15537.62
14206.09 15545.67
14214.58 15554.39
14223.00 15563.05
14231.47 15571.74
14239.46 15579.96
14247.20 15588.01
14255.67 15596.81
14263.95 15604.99
14277.01 15609.46
14283.07 15608.78
14288.41 15608.27
14291.62 15607.96
14291.50 15636.02
14298.43 15642.39
14306.66 15649.95
14315.47 15658.04
14323.59 15665.50
14332.24 15673.44
14340.27 15680.82
14350.52 15685.76
14358.61 15693.19
14367.22 15700.95
14375.67 15707.84
14384.39 15714.95
14392.95 15721.69
14402.17 15728.82
14411.12 15735.73
14420.50 15742.98
14429.78 15750.15
14439.09 15757.35
14451.76 15768.98
14461.35 15775.72
14472.18 15783.32
14494.86 15800.07
14509.07 15808.43
14523.39 15816.27
14537.98 15824.26
14552.92 15832.44
14567.23 15840.36
14581.48 15848.32
14595.57 15856.19
14610.20 15864.36
14624.43 15872.30
14638.97 15880.42
14653.92 15888.73
14673.50 15898.63
14691.24 15907.79
14702.13 15914.02
14721.64 15924.96
14734.90 15931.98
14748.92 15939.40
14765.24 15950.47
14780.02 15958.90
14794.52 15967.18
14809.35 15975.64
14824.29 15984.16
14838.65 15992.35
14862.24 16005.83
14877.30 16014.38
14890.85 16022.07
14905.12 16030.16
14919.15 16038.12
14933.44 16046.23
14947.30 16054.09
14961.60 16061.92
14976.02 16069.61
14989.88 16076.99
15004.68 16084.39
15018.91 16091.28
15033.61 16098.39
15047.51 16105.12
15061.37 16112.22
15072.18 16117.95
15079.92 16122.04
15084.22 16124.31
15096.54 16134.70
15092.37 16138.09
15088.55 16141.20
15086.39 16142.95
15072.98 16153.80
15068.72 16157.35
15063.81 16161.45
15061.25 16163.59
15060.94 16163.85
15060.87 16163.91
15060.86 16163.92
15054.04 16169.91
15051.57 16171.38
15047.30 16173.91
15041.69 16177.25
15035.09 16181.08
15026.86 16185.63
15013.04 16195.16
15005.02 16199.64
14984.67 16206.62
14978.53 16207.28
14972.34 16208.11
14966.10 16208.94
14959.82 16209.77
14954.75 16210.45
14951.93 16210.82
14901.38 16213.91
14894.35 16212.59
14886.29 16210.98
14877.09 16209.14
14868.01 16207.33
14858.99 16205.25
14850.23 16202.83
14840.80 16200.22
14831.70 16197.77
14822.47 16196.39
14813.62 16195.88
14804.29 16196.32
14795.53 16198.22
14787.23 16202.05
14779.60 16207.99
14758.84 16281.61
14759.84 16292.66
14761.24 16303.77
14762.92 16314.61
14764.57 16325.14
14769.56 16335.69
14771.20 16346.18
14772.83 16356.55
14774.60 16367.89
14776.37 16378.77
14778.18 16389.78
14779.90 16400.32
14781.67 16411.09
14783.41 16421.65
14785.11 16432.06
14786.83 16442.52
14788.52 16452.85
14790.21 16463.13
14792.01 16474.08
14793.86 16485.38
14795.61 16495.88
14797.56 16506.33
14799.60 16517.34
14801.53 16527.67
14803.62 16538.91
14805.72 16550.22
14807.65 16560.57
14809.60 16571.23
14811.47 16581.47
14813.11 16590.45
14814.27 16596.20
14814.78 16598.39
14814.94 16599.10
14814.98 16599.25
14814.98 16599.28
14814.98 16599.28
14814.98 16599.28
14816.74 16607.78
14817.24 16610.99
14818.11 16616.53
14819.32 16624.24
14820.78 16633.51
14822.60 16645.06
14824.50 16657.13
14826.21 16668.04
14828.07 16679.84
14829.94 16691.69
14831.66 16702.63
14833.54 16714.58
14835.28 16725.69
14837.13 16737.44
14839.02 16749.41
14843.16 16775.59
14844.86 16786.35
14846.60 16797.39
14848.36 16808.17
14850.31 16819.99
14852.25 16831.76
14854.18 16843.40
14855.95 16854.16
14857.77 16865.18
14859.56 16875.99
14862.10 16896.72
14863.51 16908.80
14864.84 16920.11
14866.23 16931.90
14867.63 16943.80
14868.96 16955.03
14870.35 16966.87
14871.65 16977.91
14872.96 16988.99
14874.28 17000.18
14875.70 17012.26
14877.98 17033.49
14878.80 17045.14
14879.68 17057.41
14880.47 17068.63
14881.66 17080.26
14883.06 17092.09
14884.50 17104.29
14885.90 17116.17
14886.78 17128.30
14886.92 17130.22
14886.95 17130.69
14886.95 17130.71
14886.95 17130.72
14886.95 17130.72
14886.96 17130.72
14886.96 17130.72
14886.96 17130.72
14886.96 17130.72
14886.96 17130.72
14886.99 17131.24
14887.09 17132.66
14886.55 17145.07
14887.09 17150.15
14887.46 17156.59
14891.17 17163.79
14891.72 17173.27
14892.30 17183.54
14892.85 17193.14
14893.36 17202.07
14893.88 17211.12
14894.39 17219.02
14895.07 17227.54
14895.81 17236.87
14896.45 17244.81
14897.16 17253.79
14918.80 17288.66
14914.96 17291.71
14911.78 17294.25
14908.83 17296.72
14906.96 17298.29
14905.02 17299.91
14904.34 17300.48
14903.90 17300.81
14903.88 17300.82
14903.87 17300.83
14903.87 17300.83
14903.87 17300.83
14903.87 17300.83
14903.87 17300.83
14903.87 17300.83
14903.87 17300.83
14903.87 17300.83
14903.87 17300.83
14903.87 17300.83
14903.87 17300.83
14903.87 17300.83
14903.87 17300.83
14903.87 17300.83
14903.87 17300.83
14903.87 17300.83
14899.25 17308.96
14899.39 17310.03
14899.58 17311.69
14900.67 17323.34
14901.40 17332.94
14902.27 17344.25
14903.14 17355.76
14904.09 17368.09
14904.95 17379.42
14907.90 17392.88
14909.05 17403.09
14910.25 17413.72
14911.42 17424.12
14913.52 17456.95
14913.76 17468.68
14914.02 17480.83
14914.27 17493.02
14914.54 17505.60
14914.80 17518.06
14915.04 17529.50
14915.30 17542.02
14916.19 17553.97
14917.10 17565.46
14918.05 17577.40
14918.95 17588.83
14919.86 17600.22
14920.81 17612.21
14921.73 17623.86
14922.63 17635.26
14923.50 17646.93
14924.21 17659.24
14924.76 17671.59
14925.18 17683.79
14925.52 17695.23
14926.15 17706.63
14926.82 17718.14
14927.51 17730.07
14928.24 17742.58
14928.96 17754.26
14929.40 17766.54
14928.68 17778.62
14928.80 17790.26
14929.88 17802.61
14930.91 17814.50
14931.92 17826.09
14932.92 17837.60
14933.96 17849.52
14934.62 17861.62
14935.21 17873.44
14937.65 17918.13
14937.94 17922.87
14938.23 17927.58
14938.54 17932.69
14938.81 17937.12
14939.01 17940.38
14939.10 17941.92
14939.10 17941.96
14939.11 17941.98
14939.11 17941.98
14939.11 17941.99
14939.11 17941.99
14939.11 17941.99
14939.62 17951.90
14939.73 17955.71
14939.92 17962.00
14940.17 17970.56
14940.46 17980.74
14940.87 17992.32
14941.77 18004.88
14942.60 18016.35
14943.46 18028.32
14945.68 18059.68
14945.81 18062.09
14945.90 18063.77
14945.95 18064.81
14945.97 18065.06
14945.97 18065.10
14945.97 18065.12
14946.01 18081.43
14945.99 18081.81
14945.96 18082.39
14945.93 18083.14
14945.91 18083.69
14945.15 18105.83
14945.01 18115.52
14944.83 18127.52
14944.66 18139.38
14944.48 18151.29
14944.30 18163.61
14944.12 18176.43
14943.93 18189.16
14943.73 18201.27
14942.73 18213.22
14941.72 18225.42
14940.73 18237.26
14939.66 18250.13
14938.58 18263.09
14937.25 18275.18
14935.86 18287.29
14934.39 18300.14
14932.91 18313.01
14931.43 18325.61
14929.41 18337.30
14927.45 18349.43
14926.28 18362.13
14925.12 18374.71
14923.96 18387.36
14922.88 18399.17
14921.75 18411.46
14920.57 18423.77
14919.30 18436.16
14918.00 18448.80
14916.75 18461.04
14915.47 18473.54
14914.15 18486.34
14912.92 18498.35
14911.60 18511.26
14910.36 18523.38
14909.03 18536.34
14907.73 18549.00
14906.41 18561.89
14905.25 18573.77
14903.98 18586.73
14902.71 18599.71
14901.55 18611.63
14900.50 18623.83
14899.52 18635.71
14898.48 18648.45
14897.48 18660.65
14896.50 18672.53
14895.54 18684.32
14892.51 18699.28
14891.32 18710.84
14891.71 18724.23
14891.02 18732.61
14889.53 18752.97
14888.72 18764.27
14887.87 18776.08
14887.09 18786.88
14885.44 18803.03
14884.81 18807.77
14884.13 18812.85
14883.65 18817.75
14883.22 18822.81
14882.79 18827.88
14879.69 18896.30
14881.48 18902.95
14883.43 18910.17
14885.33 18917.23
14887.31 18924.16
14888.87 18929.58
14889.71 18932.52
14889.95 18933.34
14890.02 18933.61
14890.07 18933.78
14890.08 18933.80
14890.08 18933.81
14890.08 18933.81
14890.08 18933.81
14892.04 18945.17
14892.09 18946.47
14892.15 18948.23
14896.13 18963.55
14896.84 18972.58
14894.82 18983.99
14891.93 18995.52
14888.54 19007.28
14884.88 19018.90
14880.63 19030.96
14876.47 19042.78
14872.41 19054.43
14868.28 19066.45
14864.62 19078.15
14861.41 19089.89
14858.06 19102.11
14854.69 19114.46
14851.33 19126.73
14848.21 19138.14
14845.13 19149.93
14841.97 19162.16
14839.00 19173.67
14835.97 19185.43
14832.58 19197.30
14829.11 19209.23
14825.36 19221.04
14821.52 19232.68
14817.64 19244.41
14813.82 19256.00
14810.06 19267.38
14806.35 19278.60
14802.39 19290.59
14798.53 19302.28
14791.61 19322.81
14787.43 19334.74
14783.12 19345.93
14778.84 19356.84
14774.30 19368.43
14769.73 19379.77
14765.12 19391.02
14760.51 19402.26
14755.61 19414.20
14751.17 19425.03
14746.33 19436.83
14741.74 19448.05
14737.28 19459.46
14732.89 19470.74
14728.32 19482.47
14724.00 19493.57
14719.53 19505.04
14714.90 19516.95
14710.52 19528.21
14706.02 19539.76
14701.60 19551.11
14697.07 19562.74
14692.39 19574.65
14687.72 19586.31
14683.20 19597.64
14678.58 19609.22
14673.89 19620.98
14669.36 19632.36
14664.87 19643.88
14660.64 19654.96
14656.37 19666.15
14652.08 19677.40
14647.70 19688.81
14643.33 19699.97
14638.78 19711.62
14634.51 19722.55
14629.91 19734.31
14625.15 19746.34
14620.70 19757.57
14616.38 19768.44
14612.07 19779.33
14607.55 19790.72
14602.79 19802.71
14598.30 19814.05
14593.65 19825.52
14588.92 19837.07
14584.23 19848.50
14579.61 19859.39
14574.87 19870.32
14570.22 19881.12
14562.20 19900.61
14557.79 19911.33
14553.31 19922.69
14548.99 19933.87
14544.76 19944.72
14540.25 19956.19
14535.86 19967.36
14531.39 19978.71
14526.96 19989.97
14522.74 20000.77
14518.27 20012.18
14514.06 20022.93
14509.62 20034.28
14505.17 20045.64
14500.63 20057.24
14496.28 20068.36
14491.73 20079.98
14487.27 20091.37
14484.41 20099.00
14472.21 20105.27
14468.16 20100.46
14466.29 20093.60
14464.76 20086.34
14463.22 20079.09
14461.73 20072.04
14461.44 20064.86
14461.56 20057.24
14461.67 20050.58
14461.78 20043.56
14461.89 20036.87
14461.54 20029.91
14461.04 20022.84
14460.51 20015.45
14459.96 20007.83
14459.26 20000.56
14458.42 19993.02
14457.66 19986.18
14456.81 19978.58
14456.00 19971.27
14455.25 19964.58
14454.53 19958.14
14453.70 19950.70
14452.91 19943.63
14452.08 19936.14
14451.29 19929.46
14450.37 19922.10
14449.54 19915.47
14448.61 19908.08
14447.70 19900.84
14446.65 19894.22
14445.23 19887.33
14443.71 19879.94
14442.29 19873.06
14441.05 19866.54
14439.79 19859.66
14438.45 19852.32
14437.07 19844.81
14435.79 19837.84
14434.57 19831.17
14433.20 19823.73
14431.90 19816.64
14430.85 19810.89
14441.10 19802.01
14448.00 19802.12
14454.42 19802.22
14461.06 19802.33
14467.98 19802.43
14474.86 19802.54
14481.06 19802.64
14487.16 19802.74
14494.21 19802.85
14501.22 19802.96
14508.14 19803.07
14515.27 19803.18
14522.30 19803.29
14528.36 19803.39
14534.68 19803.49
14541.24 19803.59
14547.42 19803.69
14553.50 19803.79
14561.23 19815.45
14559.91 19823.23
14559.04 19832.18
14558.08 19843.25
