13371.18 16647.89
13371.45 16646.18
13371.95 16643.11
13372.71 16638.36
13373.47 16633.68
13374.27 16628.70
13374.98 16624.33
13375.81 16619.16
13376.65 16613.99
13377.36 16609.59
13374.25 16602.94
13370.97 16602.27
13366.87 16601.43
13355.86 16599.16
13347.44 16597.44
13338.39 16595.58
13329.41 16593.74
13320.67 16591.94
13311.74 16590.11
13294.11 16586.49
13286.45 16584.92
13278.87 16583.36
13271.24 16581.80
13263.24 16580.16
13255.19 16578.51
13237.86 16574.96
13229.33 16573.21
13220.82 16571.46
13212.91 16569.84
13208.59 16568.95
13203.04 16556.91
13203.90 16552.05
13204.89 16546.40
13205.93 16540.56
13206.82 16535.47
13207.69 16530.57
13208.56 16525.62
13209.40 16520.90
13210.23 16516.19
13211.11 16511.22
13212.00 16506.16
13212.99 16500.56
13213.92 16495.28
13214.85 16490.04
13215.83 16484.48
13216.84 16478.73
13217.71 16473.81
13218.64 16468.56
13220.11 16463.81
13226.74 16451.55
13227.68 16446.56
13228.58 16441.77
13229.55 16436.59
13230.53 16431.37
13231.54 16426.01
13232.56 16420.56
13233.53 16415.42
13234.49 16410.32
13235.38 16405.56
13236.29 16400.72
13237.32 16395.27
13238.41 16389.43
13239.33 16384.54
13240.40 16378.84
13241.37 16373.71
13242.29 16368.80
13243.26 16363.65
13244.15 16358.88
13245.24 16353.10
13246.25 16347.72
13256.14 16343.15
13261.26 16344.02
13266.37 16344.89
13271.85 16345.83
13277.17 16346.73
13282.14 16347.58
13287.37 16348.47
13292.18 16349.28
13296.95 16350.10
13302.59 16351.05
13308.50 16352.06
13313.94 16352.99
13319.84 16353.99
13325.52 16354.96
13330.71 16355.84
13336.46 16356.82
13341.74 16357.71
13346.78 16358.57
13351.99 16359.46
13357.34 16360.37
13362.42 16361.23
13367.56 16362.11
13372.58 16362.96
13384.28 16364.95
13389.20 16365.79
13394.60 16366.72
13399.72 16367.59
13404.81 16368.46
13409.55 16369.28
13415.02 16370.21
13420.49 16371.15
13425.65 16372.03
13429.83 16372.75
13441.30 16374.64
13446.03 16375.40
13450.60 16376.13
13456.13 16377.01
13460.68 16377.74
13465.59 16378.53
13470.27 16379.27
13475.88 16380.17
13481.16 16381.01
13486.83 16381.91
13490.60 16382.50
13498.84 16377.78
13502.67 16370.80
13504.32 16361.84
13505.96 16352.96
13507.58 16344.18
13507.45 16319.48
13507.48 16315.52
13507.51 16311.38
13507.54 16307.06
13507.56 16304.28
13507.40 16296.12
13507.53 16290.33
13507.94 16285.43
13508.38 16280.03
13508.86 16274.33
13509.32 16268.72
13510.01 16263.29
13510.70 16258.46
13511.49 16252.95
13512.27 16247.52
13512.94 16242.59
13513.65 16237.07
13514.03 16232.21
13514.15 16226.50
13514.25 16221.22
13514.27 16216.43
13514.21 16211.46
13514.14 16206.13
13514.07 16200.46
13514.00 16195.08
13513.94 16189.89
13513.87 16184.14
13513.78 16178.54
13513.03 16173.68
13512.14 16167.88
13510.08 16162.54
13508.40 16157.21
13508.38 16152.42
13508.36 16147.47
13508.33 16141.61
13508.30 16136.02
13508.27 16130.29
13503.28 16115.72
13506.60 16109.15
13506.62 16100.29
13506.65 16090.82
13506.67 16082.22
13506.61 16073.32
13506.55 16064.89
13506.48 16055.50
13506.41 16046.96
13506.34 16038.06
13506.25 16031.52
13507.52 16015.80
13507.52 16015.72
13507.36 16001.23
13507.35 15999.71
13506.14 15982.34
13506.52 15975.13
13507.02 15967.31
13507.98 15959.48
13512.91 15944.57
13515.96 15936.85
13519.66 15929.07
13523.44 15921.50
13527.24 15913.88
13530.79 15906.78
13535.45 15896.41
13538.94 15888.05
13542.41 15879.72
13545.84 15871.85
13549.38 15863.90
13553.54 15855.35
13561.60 15838.41
13564.63 15831.56
13567.52 15825.01
13570.59 15818.08
13577.91 15801.76
13581.61 15793.63
13585.57 15784.91
13589.32 15776.68
13592.99 15768.61
13596.78 15760.26
13600.39 15752.33
13604.31 15743.72
13607.98 15735.65
13610.11 15730.96
13610.72 15729.62
13610.76 15729.54
13610.76 15729.53
13610.76 15729.53
13614.08 15722.10
13615.44 15718.98
13617.74 15713.73
13620.73 15706.91
13624.64 15697.97
13628.44 15689.29
13632.08 15680.98
13635.94 15672.16
13639.77 15663.45
13642.86 15654.62
13644.98 15645.56
13646.60 15636.57
13649.06 15617.65
13651.09 15607.73
13653.10 15598.27
13655.15 15588.66
13657.05 15579.79
13659.07 15570.36
13661.03 15561.30
13663.20 15551.27
13665.37 15541.24
13667.34 15532.15
13669.44 15522.42
13671.46 15513.55
13673.75 15503.78
13675.94 15494.45
13678.02 15485.62
13680.13 15476.63
13682.21 15467.78
13684.51 15458.01
13686.63 15449.00
13688.96 15439.06
13691.23 15429.42
13693.30 15420.59
13694.63 15414.91
13695.40 15411.66
13695.40 15411.66
13695.40 15411.65
13695.40 15411.65
13695.40 15411.65
13695.40 15411.65
13693.55 15405.06
13690.48 15403.31
13685.54 15400.49
13678.44 15396.44
13669.97 15391.60
13661.91 15387.00
13653.99 15382.48
13645.90 15377.86
13637.30 15372.95
13628.65 15368.01
13619.79 15362.95
13611.29 15358.10
13603.13 15353.70
13594.13 15348.88
13585.69 15344.35
13577.69 15340.06
13569.72 15335.79
13561.30 15331.27
13552.83 15326.73
13544.55 15322.29
13536.45 15317.94
13520.12 15308.12
13512.34 15303.24
13503.95 15298.19
13494.94 15293.30
13486.44 15288.35
13478.18 15283.51
13469.75 15278.56
13461.82 15273.91
13453.92 15269.28
13445.27 15264.21
13437.06 15259.39
13428.21 15254.21
13419.81 15249.28
13411.46 15244.38
13403.20 15239.54
13395.36 15234.94
13387.46 15230.31
13378.57 15225.37
13370.58 15220.95
13361.70 15216.04
13353.09 15211.27
13345.26 15206.95
13341.03 15204.60
13337.48 15191.96
13340.92 15185.99
13344.62 15179.59
13348.30 15173.22
13351.81 15167.14
13355.66 15160.46
13359.25 15154.24
13362.85 15148.01
13366.51 15141.66
13368.10 15137.94
13368.67 15136.59
13368.67 15136.58
13368.67 15136.58
13368.67 15136.58
13368.67 15136.58
13368.67 15136.58
13367.58 15131.02
13365.49 15129.72
13361.86 15127.47
13356.70 15124.28
13350.37 15120.39
13343.22 15116.00
13335.32 15111.14
13328.03 15106.66
13320.15 15101.82
13312.84 15097.33
13304.93 15092.47
13297.74 15088.05
13289.62 15083.06
13281.89 15078.32
13274.66 15073.87
13267.45 15069.44
13259.46 15064.53
13251.85 15059.86
13244.44 15055.30
13236.35 15050.33
13229.01 15045.82
13221.87 15041.44
13217.53 15038.77
13215.97 15037.81
13206.47 15032.09
13206.05 15031.85
13195.94 15025.80
13185.30 15019.41
13176.98 15014.36
13169.19 15009.51
13161.54 15004.73
13153.31 14999.49
13145.99 14994.79
13137.87 14989.58
13131.54 14985.52
13118.51 14976.88
13111.08 14971.71
13103.04 14966.11
13094.96 14960.48
13087.52 14955.31
13079.38 14949.64
13071.76 14944.34
13064.52 14939.31
13056.72 14933.96
13049.19 14928.80
13041.04 14923.21
13033.16 14917.81
13026.86 14909.49
13018.34 14904.22
13009.93 14900.85
13000.17 14898.54
12985.71 14897.82
12981.42 14897.00
12978.94 14896.05
12977.67 14895.42
12977.62 14895.39
12977.59 14895.38
12977.59 14895.38
12977.59 14895.38
12977.59 14895.38
12964.12 14887.59
12962.16 14885.46
12959.29 14882.32
12955.47 14877.23
12951.11 14870.77
12946.15 14863.42
12941.14 14856.01
12938.19 14851.64
12936.51 14849.17
12936.21 14848.72
12936.18 14848.68
12936.18 14848.68
12936.18 14848.68
12936.18 14848.67
12936.18 14848.67
12936.18 14848.67
12936.18 14848.67
12936.18 14848.67
12936.18 14848.67
12936.18 14848.67
12936.18 14848.67
12936.18 14848.67
12936.18 14848.67
12936.18 14848.67
12936.18 14848.67
12929.49 14835.59
12927.33 14832.19
12924.38 14827.53
12920.44 14821.33
12915.88 14814.15
12911.18 14806.74
12906.49 14799.35
12901.68 14791.77
12896.64 14783.83
12891.84 14776.27
12886.97 14768.59
12882.31 14761.26
12877.64 14753.90
12873.71 14747.70
12871.38 14744.04
12870.84 14743.19
12870.70 14742.97
12870.62 14742.84
12866.27 14736.11
12864.24 14733.02
12860.88 14727.91
12856.22 14720.83
12851.31 14713.37
12846.21 14705.62
12841.20 14698.00
12836.01 14690.10
12830.82 14682.21
12825.60 14674.28
12817.42 14667.84
12815.16 14658.41
12810.20 14650.87
12803.58 14635.86
12803.16 14630.32
12803.45 14624.85
12803.90 14620.76
12804.09 14619.09
12804.11 14618.84
12804.14 14618.64
12804.14 14618.61
12804.14 14618.61
12804.14 14618.61
12804.14 14618.61
12804.14 14618.61
12804.14 14618.61
12804.14 14618.61
12804.14 14618.61
12804.14 14618.61
12809.96 14592.55
12809.51 14588.97
12808.88 14584.01
12808.05 14577.43
12807.00 14569.17
12805.96 14560.93
12804.95 14552.92
12803.71 14544.44
12802.17 14536.06
12800.66 14527.84
12799.14 14519.55
12797.65 14511.42
12796.16 14503.55
12794.70 14495.83
12791.39 14478.40
12789.69 14469.59
12787.97 14460.73
12786.28 14452.01
12784.67 14443.66
12782.93 14434.68
12781.19 14425.66
12779.61 14417.49
12777.87 14408.52
12776.23 14400.05
12774.64 14391.82
12773.13 14383.68
12772.27 14379.05
12783.58 14359.97
12790.73 14358.19
12798.74 14356.20
12806.39 14354.30
12814.13 14352.35
12822.21 14350.15
12829.65 14348.13
12836.85 14344.91
12843.29 14341.83
12847.17 14339.95
12848.17 14339.47
12850.45 14331.84
12849.76 14326.69
12849.01 14321.09
12848.34 14316.00
12847.57 14310.27
12846.93 14305.51
12846.01 14299.81
12845.15 14294.44
12844.38 14289.65
12843.58 14284.71
12842.82 14279.93
12841.97 14274.66
12841.06 14269.01
12840.28 14264.15
12839.51 14259.34
12838.71 14254.38
12837.94 14249.58
12837.05 14244.01
12836.13 14238.34
12835.39 14233.71
12834.60 14228.77
12833.84 14224.04
12833.02 14218.99
12830.91 14206.66
12829.90 14201.25
12828.98 14196.31
12828.05 14191.32
12827.09 14186.17
12826.01 14180.41
12825.04 14174.59
12824.18 14169.09
12823.30 14163.47
12822.48 14158.23
12821.62 14152.75
12820.80 14147.54
12819.93 14142.01
12819.16 14137.09
12818.31 14131.63
12817.50 14126.47
12816.72 14122.04
12814.66 14110.84
12813.72 14105.43
12812.86 14100.52
12811.89 14094.97
12810.94 14089.53
12810.06 14084.47
12809.12 14079.09
12808.17 14073.65
12807.23 14068.24
12806.28 14062.80
12805.33 14057.37
12804.31 14051.49
12803.41 14046.31
12802.45 14040.57
12801.58 14035.33
12799.51 14023.56
12798.56 14018.29
12797.54 14012.62
12796.58 14007.22
12795.65 14002.06
12794.61 13996.64
12793.61 13991.50
12792.65 13985.63
12791.69 13979.73
12790.86 13974.72
12789.89 13969.05
12788.97 13963.65
12787.94 13957.58
12787.06 13952.43
12788.92 13947.10
12795.08 13946.62
12802.95 13947.70
12812.31 13948.98
12821.00 13950.17
12829.94 13951.40
12847.56 13952.31
12856.91 13952.39
12866.45 13952.47
12876.07 13952.55
12885.70 13952.63
12895.06 13952.70
12903.88 13952.77
12913.55 13952.85
12928.93 13958.31
12938.29 13958.14
12947.37 13957.97
12957.01 13957.80
12966.10 13957.63
12976.00 13957.15
12985.51 13956.66
12994.30 13956.03
13003.35 13955.13
13012.13 13954.25
13020.88 13953.36
13030.20 13952.42
13039.98 13951.44
13041.98 13943.40
13042.98 13933.65
13043.96 13924.07
13044.86 13915.29
13045.78 13906.36
13046.69 13897.43
13047.59 13888.69
13048.52 13879.63
13049.43 13870.71
13050.43 13860.95
13050.96 13855.33
13057.53 13829.79
13064.63 13829.58
13072.12 13829.35
13079.76 13829.12
13087.48 13828.88
13095.02 13828.57
13104.68 13823.68
13104.55 13814.82
13104.44 13806.22
13104.32 13797.75
13104.57 13789.16
13104.85 13780.90
13105.08 13774.10
13096.86 13766.95
13087.38 13766.83
13078.34 13766.80
13069.43 13766.88
13060.08 13766.97
13050.83 13767.06
13041.49 13767.15
13031.67 13767.25
13022.58 13767.33
13013.13 13767.42
13003.71 13767.51
12994.32 13767.60
12985.44 13767.00
12976.01 13765.54
