16394.73 20911.94
16393.23 20913.04
16389.80 20915.56
16384.57 20919.41
16377.93 20924.28
16370.21 20929.95
16360.61 20937.00
16349.48 20945.18
16338.22 20953.28
16326.55 20961.29
16314.38 20968.21
16305.86 20973.06
16300.75 20975.96
16300.45 20972.34
16308.52 20967.75
16318.02 20962.35
16329.15 20955.58
16340.79 20947.47
16352.44 20938.92
16363.91 20930.49
16375.46 20922.00
16387.33 20913.29
16406.75 20899.02
16418.09 20890.68
16429.92 20881.99
16441.73 20873.52
16453.58 20865.13
16465.14 20856.93
16477.25 20848.35
16488.65 20840.28
16500.27 20832.04
16512.02 20823.72
16524.05 20815.19
16536.23 20806.56
16548.22 20798.35
16561.23 20790.83
16583.56 20783.60
16594.69 20780.96
16615.98 20775.63
16630.11 20771.77
16644.01 20767.98
16658.31 20764.07
16671.85 20760.32
16685.05 20756.67
16698.24 20753.02
16711.89 20749.24
16725.07 20745.53
16738.33 20741.81
16751.50 20738.11
16764.88 20734.34
16778.38 20730.55
16791.53 20726.85
16805.29 20722.99
16818.60 20719.31
16832.84 20715.80
16846.38 20712.46
16884.05 20703.96
16893.38 20701.80
16902.70 20699.64
16911.58 20697.59
16918.29 20696.04
16922.57 20695.05
16924.58 20694.62
16925.06 20694.53
16925.15 20694.51
16925.19 20694.50
16925.20 20694.50
16925.20 20694.50
16925.20 20694.50
16925.20 20694.50
16925.20 20694.50
16925.20 20694.50
16925.20 20694.50
16925.20 20694.50
16925.20 20694.50
16925.20 20694.50
16925.20 20694.50
16925.20 20694.50
16925.20 20694.50
16925.20 20694.50
16925.20 20694.50
16925.20 20694.50
16925.20 20694.50
16925.20 20694.50
16925.20 20694.50
16925.20 20694.50
16925.20 20694.50
16925.20 20694.50
16925.20 20694.50
16935.59 20684.31
16936.22 20680.62
16937.20 20674.86
16938.59 20666.73
16940.30 20656.70
16942.44 20644.16
16944.89 20629.87
16947.44 20613.46
16950.23 20595.25
16953.38 20574.70
16956.55 20553.95
16959.85 20532.44
16963.12 20511.09
16966.44 20489.38
16969.76 20467.73
16972.97 20446.78
16976.15 20426.01
16979.41 20404.72
16982.72 20383.11
16986.03 20361.46
16989.24 20340.50
16992.48 20319.37
16995.69 20298.36
16998.96 20277.03
17002.11 20256.46
17005.40 20235.00
17008.62 20213.95
17011.79 20193.25
17015.04 20172.06
17021.58 20151.17
17024.91 20129.43
17028.18 20108.09
17031.43 20086.88
17034.75 20065.18
17037.89 20044.68
17041.13 20023.50
17044.40 20002.19
17047.53 19981.70
17050.86 19959.98
17054.08 19938.97
17057.33 19917.76
17060.56 19896.67
17063.80 19875.51
17067.11 19853.87
17070.69 19830.39
17073.74 19809.79
17076.73 19789.55
17079.63 19769.98
17082.64 19749.63
17085.76 19729.03
17087.02 19713.28
17091.32 19680.75
17091.96 19673.08
17092.59 19665.47
17094.34 19635.15
17094.92 19617.15
17095.52 19598.30
17096.10 19579.97
17096.03 19561.69
17095.54 19534.38
17095.06 19514.43
17094.58 19494.64
17094.12 19475.27
17093.66 19455.90
17093.19 19436.50
17089.51 19412.81
17089.24 19391.33
17088.99 19370.79
17088.73 19349.73
17088.46 19328.62
17087.93 19302.41
17088.39 19281.54
17088.94 19260.18
17089.88 19239.47
17091.26 19218.20
17093.04 19196.78
17094.97 19175.72
17097.68 19154.19
17100.61 19133.41
17104.03 19112.82
17108.15 19091.54
17112.43 19071.03
17117.75 19050.40
17123.01 19030.00
17128.84 19010.07
17135.13 18989.76
17141.38 18969.57
17147.97 18949.57
17155.11 18929.37
17162.22 18909.24
17169.45 18889.46
17177.29 18869.53
17184.95 18850.03
17192.79 18830.10
17200.53 18810.41
17208.09 18791.17
17215.80 18771.56
17223.77 18751.28
17231.43 18731.80
17239.01 18712.51
17244.09 18689.69
17250.84 18671.49
17257.42 18653.74
17263.91 18635.17
17269.80 18617.97
17274.38 18604.61
17286.49 18577.82
17290.91 18563.69
17295.32 18549.65
17299.73 18535.58
17303.96 18522.08
17308.39 18507.94
17312.73 18494.09
17317.13 18480.06
17321.56 18465.91
17325.96 18451.84
17330.30 18438.01
17334.54 18424.47
17338.73 18411.08
17343.10 18397.13
17347.41 18383.37
17351.60 18370.00
17355.42 18352.48
17359.34 18340.62
17363.48 18328.07
17367.54 18315.76
17374.39 18294.12
17378.42 18280.84
17382.41 18267.67
17386.62 18254.15
17390.54 18241.65
17394.49 18229.04
17402.38 18204.16
17405.25 18195.25
17407.87 18186.51
17415.93 18161.75
17420.25 18148.90
17424.68 18136.09
17429.17 18123.07
17433.47 18110.65
17437.95 18097.66
17442.41 18084.75
17450.88 18060.38
17455.44 18047.04
17460.25 18032.91
17464.89 18019.27
17469.48 18005.77
17474.33 17991.52
17479.06 17977.59
17483.59 17964.28
17488.51 17949.82
17493.25 17935.87
17498.09 17922.14
17502.99 17907.79
17507.71 17894.16
17512.34 17880.11
17516.33 17866.00
17520.29 17851.95
17523.66 17837.16
17526.89 17823.00
17529.64 17809.18
17532.12 17795.00
17534.49 17780.33
17536.74 17765.76
17539.02 17750.72
17540.97 17736.07
17542.83 17722.08
17544.80 17707.23
17546.59 17692.59
17548.06 17678.57
17549.40 17664.91
17549.95 17651.15
17550.50 17637.59
17550.77 17615.33
17549.45 17604.14
17550.07 17591.12
17550.71 17577.72
17550.63 17564.55
17550.35 17552.35
17550.04 17539.32
17549.74 17526.15
17549.43 17513.09
17549.13 17499.96
17547.67 17486.04
17546.51 17477.08
17545.36 17468.26
17539.21 17422.16
17537.86 17411.33
17536.55 17400.76
17535.34 17390.17
17534.43 17379.15
17533.54 17368.45
17532.68 17357.96
17530.20 17348.01
17529.57 17340.34
17528.83 17331.33
17528.04 17321.88
17527.21 17311.78
17526.05 17287.78
17524.67 17280.65
17523.65 17275.41
17522.99 17271.97
17522.69 17270.44
17522.69 17270.42
17522.69 17270.42
17522.69 17270.42
17522.69 17270.42
17522.69 17270.42
17522.69 17270.42
17522.69 17270.42
17522.69 17270.42
17517.08 17266.60
17513.88 17266.14
17511.47 17262.20
17509.32 17255.32
17506.50 17246.32
17503.22 17235.85
17499.30 17223.34
17495.01 17209.65
17491.05 17197.00
17488.16 17187.20
17486.46 17181.30
17491.89 17169.47
17496.57 17167.84
17500.92 17166.33
17503.38 17165.56
17503.93 17165.39
17504.03 17165.36
17504.07 17165.35
17504.08 17165.34
17504.08 17165.34
17504.08 17165.34
17504.08 17165.34
17504.08 17165.34
17504.08 17165.34
17504.08 17165.34
17504.08 17165.34
17509.31 17154.55
17508.97 17151.96
17508.22 17147.18
17507.13 17140.27
17505.99 17131.14
17504.63 17120.67
17502.97 17108.31
17501.12 17094.47
17499.30 17080.88
17497.43 17066.85
17495.63 17053.43
17491.57 17036.88
17489.49 17023.53
17487.21 17009.76
17484.16 16995.89
17480.87 16983.03
17477.16 16970.00
17473.25 16956.24
17469.37 16942.60
17465.52 16929.08
17459.06 16909.12
17455.98 16900.56
17450.45 16881.69
17446.33 16871.81
17441.95 16861.32
17437.60 16850.88
17433.71 16841.88
17427.37 16837.42
17425.58 16834.28
17425.21 16833.62
17425.20 16833.61
17425.20 16833.61
17425.20 16833.60
17425.19 16833.60
17425.19 16833.60
17425.19 16833.60
17425.19 16833.60
17423.85 16822.23
17423.78 16822.10
17423.68 16821.88
17423.53 16821.57
17419.61 16816.92
17415.24 16806.94
17410.38 16795.85
17406.09 16786.05
17401.25 16775.00
17396.64 16764.47
17389.22 16746.50
17385.32 16736.77
17381.64 16727.63
17377.76 16718.03
17373.27 16707.06
17368.40 16690.95
17363.20 16679.52
17357.30 16668.06
17350.82 16657.09
17334.44 16637.89
17326.52 16631.88
17319.41 16630.03
17314.40 16629.60
17312.32 16629.56
17312.20 16629.55
17312.11 16629.55
17312.11 16629.55
17298.25 16631.63
17294.41 16633.33
17288.90 16635.78
17281.39 16639.10
17271.95 16643.28
17261.32 16648.00
17249.17 16653.38
17235.02 16659.65
17222.02 16669.02
17208.36 16675.07
17194.93 16681.02
17181.27 16687.09
17166.98 16693.73
17153.77 16699.87
17139.74 16706.40
17125.50 16713.02
17111.81 16719.39
17098.46 16725.59
17084.81 16731.94
17071.54 16738.11
17057.80 16744.77
17044.16 16751.88
17030.69 16758.90
17016.74 16766.17
17003.23 16773.21
16989.40 16780.43
16975.83 16787.50
16962.15 16794.62
16948.64 16801.67
16935.42 16808.56
16922.31 16815.39
16909.11 16822.27
16895.41 16829.41
16882.42 16836.18
16868.86 16843.25
16855.49 16850.22
16841.61 16857.45
16827.91 16864.59
16814.92 16871.37
16801.51 16878.35
16787.60 16885.60
16774.40 16892.48
16760.77 16899.59
16747.88 16906.30
16735.02 16913.01
16721.78 16919.91
16708.76 16926.69
16695.60 16933.55
16682.24 16940.52
16669.28 16947.27
16656.34 16954.02
16642.55 16961.20
16627.42 16965.37
16614.20 16972.26
16600.56 16979.37
16587.64 16986.10
16574.33 16993.04
16560.52 17000.24
16547.60 17006.98
16534.02 17014.06
16520.07 17021.32
16506.47 17028.41
16493.20 17035.33
16480.20 17042.11
16466.54 17049.23
16452.87 17056.35
16439.23 17063.46
16425.56 17070.53
16412.34 17077.25
16398.59 17084.34
16385.87 17091.80
16372.59 17099.59
16361.58 17109.36
16350.14 17119.66
16339.97 17130.85
16329.65 17142.21
16308.67 17164.96
16296.26 17173.16
16282.07 17177.71
16267.95 17179.44
16253.91 17178.07
16239.49 17173.36
16226.65 17166.11
16215.94 17157.14
16207.68 17144.99
16200.93 17132.40
16197.11 17118.37
16193.62 17104.09
16190.52 17089.98
16187.16 17075.29
16182.73 17061.42
16175.54 17046.40
16167.97 17032.39
16160.18 17022.41
16151.66 17012.70
16142.28 17003.66
16124.74 16986.53
16112.42 16978.87
16099.57 16970.86
16086.85 16962.94
16074.46 16955.23
16061.92 16947.43
16049.30 16939.56
16036.27 16931.45
16023.48 16923.49
16010.53 16915.43
15997.60 16907.38
15984.47 16899.20
15971.76 16891.29
15958.84 16883.24
15946.67 16875.67
15934.08 16867.83
15921.07 16859.73
15907.98 16851.59
15895.49 16843.80
15882.66 16835.82
15850.24 16815.58
15841.15 16809.89
15831.59 16803.91
15822.43 16798.18
15813.22 16792.42
15803.93 16786.60
15797.42 16782.53
15781.55 16772.57
15770.09 16765.12
15757.37 16756.95
15744.79 16748.86
15731.73 16740.68
15718.87 16732.67
15706.50 16725.16
15693.70 16717.20
15680.96 16709.41
15667.73 16701.20
15655.43 16692.66
15643.27 16683.05
15631.77 16673.09
15620.57 16662.16
15610.14 16651.59
15600.15 16641.09
15589.71 16629.39
15579.80 16618.28
15570.14 16607.46
15560.32 16596.46
15550.28 16585.21
15540.60 16574.36
15530.69 16563.26
15520.71 16552.10
15510.90 16541.13
15500.73 16529.77
15491.04 16518.93
15480.87 16507.56
15471.10 16496.64
15461.39 16485.78
15451.12 16474.29
15440.72 16462.66
15430.59 16451.34
15420.91 16440.60
15410.42 16429.20
15400.22 16418.11
15389.78 16406.75
15379.40 16395.47
15369.02 16383.85
15358.91 16372.26
15348.80 16360.67
15338.74 16349.14
15328.98 16338.29
15318.44 16326.69
15308.73 16316.00
15299.25 16305.55
15291.55 16292.18
15281.81 16281.47
15271.73 16270.36
15260.49 16259.69
15249.15 16248.99
15237.41 16239.26
15225.27 16229.73
15213.17 16220.38
15201.33 16212.01
15188.79 16203.66
15175.47 16195.78
15161.86 16188.19
15148.90 16181.58
15135.73 16174.86
15122.36 16168.04
15102.61 16157.56
15093.42 16152.65
15072.97 16141.39
15063.32 16135.91
15053.58 16130.38
15036.93 16119.02
15022.55 16110.84
15006.87 16101.92
14989.58 16092.08
14971.04 16081.54
14952.69 16071.09
14934.71 16060.87
14916.08 16050.26
14898.88 16040.44
14883.84 16035.59
14866.50 16025.63
14864.29 16024.35
14863.07 16023.65
14862.90 16023.56
14862.73 16023.46
14862.73 16023.46
14854.33 16018.63
14854.26 16018.59
14843.40 16012.07
14842.00 16011.20
14833.61 16005.95
14829.45 16003.36
14818.80 15996.70
14804.91 15988.14
14790.76 15980.39
14777.08 15969.14
14760.36 15959.99
14741.72 15949.76
14723.12 15939.23
14701.22 15926.84
14686.07 15918.28
14664.51 15906.79
14648.06 15898.79
14632.81 15890.56
14617.80 15882.30
14603.03 15874.18
14586.15 15864.89
14568.93 15855.42
14550.88 15845.37
14532.99 15834.88
14516.46 15825.19
14503.56 15817.63
14494.44 15811.97
14488.97 15808.40
14486.68 15806.92
14486.55 15806.84
14486.54 15806.83
14486.54 15806.83
14474.42 15798.88
14472.63 15797.69
14469.64 15795.69
14465.44 15792.89
14459.98 15789.23
14453.27 15784.38
14445.27 15778.59
14426.86 15763.97
14415.70 15754.98
14404.57 15746.01
14392.96 15736.65
14381.58 15727.48
14369.97 15717.95
14358.69 15708.67
14346.81 15698.89
14335.78 15689.81
14325.05 15680.13
14314.91 15670.15
14299.38 15654.87
14289.48 15645.16
14279.89 15635.74
14270.60 15626.62
14261.26 15617.45
14251.86 15608.26
14245.22 15601.97
14231.33 15588.72
14222.19 15579.38
14212.21 15569.18
14202.04 15558.79
14192.57 15549.11
14182.59 15538.91
14172.60 15528.70
14163.21 15519.10
14154.53 15508.40
14146.48 15495.83
14140.21 15479.53
14125.29 15455.31
14122.35 15445.49
14119.36 15435.49
14116.39 15425.50
14113.49 15414.96
14106.42 15390.08
14103.83 15381.50
14101.22 15372.83
14099.78 15354.91
14097.08 15343.06
14094.49 15331.64
14092.49 15323.68
14087.16 15299.61
14084.94 15287.52
14082.84 15275.40
14080.76 15263.40
14078.39 15251.40
14075.61 15239.14
14073.25 15228.93
14071.63 15221.98
14067.50 15218.75
14067.41 15218.37
14067.40 15218.33
14067.40 15218.32
14067.40 15218.32
14067.40 15218.32
14067.40 15218.32
14065.25 15208.70
14064.68 15205.95
14063.87 15202.04
14062.71 15196.46
14061.12 15188.73
14059.29 15179.41
14057.16 15168.52
14054.72 15156.08
14052.11 15142.73
14049.37 15128.77
14046.78 15115.53
14043.19 15096.28
14041.05 15083.57
14038.92 15071.01
14036.25 15058.47
14031.62 15037.01
14029.20 15024.76
14026.90 15012.75
14021.47 14993.72
14020.63 14980.00
14015.57 14967.80
14010.14 14956.16
14004.51 14944.37
13998.42 14932.61
13991.40 14921.39
13973.81 14900.32
13963.46 14889.64
13953.03 14878.87
13941.77 14869.92
13929.85 14861.18
13916.82 14854.83
13903.52 14848.59
13890.86 14842.47
13877.74 14835.96
13863.69 14830.60
13849.96 14826.38
13835.42 14822.78
13821.55 14820.41
13808.69 14819.14
13795.79 14818.76
13782.38 14819.13
13758.84 14817.36
13753.60 14817.05
13749.94 14816.58
13747.86 14816.30
13717.50 14805.22
13714.48 14801.88
13711.70 14797.09
13692.29 14759.77
13691.99 14759.25
13686.22 14743.42
13682.43 14732.25
13678.93 14721.94
13675.20 14710.93
13670.80 14690.26
13668.76 14677.25
13666.76 14664.51
13664.75 14651.03
13667.34 14638.78
13668.76 14619.19
13668.58 14607.78
13668.33 14595.78
13667.97 14584.19
13667.65 14574.17
13653.23 14559.04
13639.88 14557.73
13626.22 14557.69
13613.00 14558.16
13600.21 14559.73
13587.19 14561.99
13574.37 14564.72
13561.81 14568.13
13552.80 14570.68
13542.26 14554.69
13540.76 14546.99
13539.25 14539.19
13537.70 14531.19
13536.12 14523.07
13534.64 14515.40
13533.06 14507.27
13531.49 14499.20
13529.95 14491.12
13528.50 14482.86
13527.12 14475.08
13525.65 14466.59
13524.64 14459.39
13524.06 14455.24
13527.89 14458.82
13528.98 14466.60
13530.30 14474.10
13531.68 14481.91
13533.08 14489.84
13534.63 14498.00
13536.08 14505.50
13537.59 14513.27
13539.10 14521.06
13540.69 14529.26
13542.17 14536.89
13543.74 14544.99
13545.26 14552.81
13546.77 14560.60
