21748.48 11760.71
21750.25 11761.13
21753.82 11761.98
21758.93 11763.20
21764.90 11764.63
21770.26 11765.91
21775.83 11767.24
21781.62 11768.62
21786.94 11769.89
21792.09 11771.09
21797.90 11772.45
21803.20 11773.68
21809.30 11775.10
21814.37 11776.28
21819.77 11777.53
21825.03 11778.76
21831.14 11780.18
21836.93 11781.53
21842.24 11782.62
21848.00 11783.78
21853.48 11784.73
21859.09 11784.83
21864.30 11784.92
21870.12 11785.02
21875.39 11785.11
21881.09 11785.21
21886.62 11785.22
21892.57 11785.15
21898.53 11785.08
21904.66 11785.01
21910.93 11784.94
21916.48 11784.88
21922.00 11784.82
21927.76 11784.75
21933.01 11784.70
21938.76 11784.63
21944.57 11784.57
21950.16 11784.50
21955.49 11784.44
21961.19 11784.38
21967.10 11784.31
21973.06 11784.25
21979.41 11784.17
21984.78 11784.11
21990.95 11784.04
21996.12 11783.99
22001.47 11783.93
22006.94 11783.86
22012.66 11783.80
22018.56 11783.73
22023.96 11783.67
22029.34 11783.61
22034.78 11783.55
22041.07 11783.48
22046.48 11783.42
22052.49 11783.35
22058.11 11783.29
22071.07 11790.15
22073.30 11794.92
22075.80 11800.24
22078.02 11804.99
22080.50 11810.27
22082.76 11815.10
22084.88 11819.61
22087.35 11824.88
22089.60 11829.69
22092.22 11835.27
22094.66 11840.49
22097.05 11845.50
22099.45 11850.38
22101.92 11855.41
22104.55 11860.77
22107.26 11866.29
22109.87 11871.56
22112.61 11877.07
22119.67 11890.18
22122.72 11895.26
22125.83 11900.46
22128.77 11904.63
22132.10 11908.80
22135.55 11913.11
22139.19 11917.66
22142.91 11922.32
22146.27 11926.51
22149.82 11930.95
22153.72 11935.83
22157.56 11940.63
22160.99 11944.85
22164.18 11948.78
22167.84 11953.29
22171.69 11958.01
22175.28 11962.44
22178.77 11966.73
22182.40 11971.20
22185.66 11975.21
22188.94 11979.24
22192.60 11983.75
22196.09 11988.04
22199.40 11992.12
22203.26 11996.87
22206.55 12000.92
22209.65 12005.16
22213.13 12009.46
22217.10 12014.25
22226.46 12024.40
22230.95 12027.98
22235.30 12031.45
22239.45 12034.77
22243.46 12037.97
22247.80 12041.44
22251.78 12044.61
22255.80 12047.82
22259.95 12051.13
22263.85 12054.25
22267.82 12057.41
22272.52 12061.17
22276.86 12064.63
22281.27 12068.15
22285.56 12071.57
22289.87 12075.02
22294.21 12078.47
22298.16 12081.63
22302.56 12085.14
22306.80 12088.53
22318.82 12098.19
22322.98 12101.56
22327.26 12105.03
22331.74 12108.66
22335.76 12111.91
22340.07 12115.41
22344.21 12118.76
22348.53 12122.25
22353.02 12125.89
22357.62 12129.62
22362.10 12133.25
22366.11 12136.55
22369.85 12139.76
22373.97 12143.28
22378.29 12146.97
22382.81 12150.84
22386.68 12154.15
22391.12 12157.94
22394.81 12161.27
22398.42 12164.74
22402.70 12168.84
22406.39 12172.38
22410.11 12175.95
22414.19 12180.31
22417.63 12184.67
22429.61 12191.14
22436.22 12191.34
22444.96 12191.60
22454.42 12191.89
22461.00 12192.09
22464.49 12192.15
22470.95 12186.85
22474.64 12184.06
22480.14 12182.63
22486.56 12183.85
22499.08 12180.91
22506.10 12175.07
22513.46 12168.14
22519.11 12160.43
22525.10 12152.24
22530.18 12144.39
22535.40 12136.20
22540.65 12127.69
22545.40 12119.99
22550.13 12112.31
22554.97 12104.47
22560.18 12096.02
22565.47 12087.46
22575.92 12071.15
22580.65 12064.49
22585.75 12057.32
22589.68 12050.44
22593.84 12042.60
22603.27 12029.08
22608.75 12020.75
22614.65 12013.16
22621.32 12005.28
22628.85 11998.61
22636.21 11992.36
22645.17 11988.16
22655.21 11985.33
22665.13 11984.12
22675.27 11983.94
22700.46 11988.40
22708.07 11991.30
22715.32 11994.43
22723.08 11998.01
22730.63 12001.49
22747.73 12008.56
22757.61 12012.11
22766.98 12015.48
22776.93 12019.11
22786.27 12022.51
22796.29 12026.05
22805.86 12028.66
22815.60 12031.32
22825.26 12033.96
22834.72 12036.55
22844.46 12039.21
22854.74 12042.02
22865.04 12044.13
22874.52 12045.47
22884.66 12046.21
22894.34 12046.56
22904.18 12046.33
22913.85 12045.50
22923.38 12044.68
22932.94 12043.85
22943.42 12042.95
22952.89 12042.19
22963.34 12042.47
22974.04 12042.75
22984.36 12044.06
22994.02 12045.39
23003.75 12046.67
23013.40 12047.96
23023.59 12049.37
23034.19 12050.83
23044.09 12052.23
23053.79 12053.65
23064.14 12054.96
23083.96 12056.55
23093.11 12056.73
23102.50 12056.91
23111.76 12057.14
23120.74 12057.36
23130.34 12057.60
23139.81 12057.77
23149.26 12057.71
23158.18 12057.66
23167.45 12056.34
23177.05 12054.70
23185.54 12052.59
23194.81 12050.16
23204.08 12047.73
23213.51 12045.25
23223.05 12042.75
23251.03 12034.70
23257.24 12032.62
23263.70 12029.57
23280.42 12019.39
23289.12 12013.79
23297.05 12008.60
23305.81 12002.66
23314.04 11997.09
23322.32 11991.47
23330.61 11985.86
23338.44 11980.55
23346.29 11975.24
23354.92 11969.39
23363.21 11963.77
23371.34 11958.26
23379.68 11952.61
23388.27 11946.79
23396.75 11941.05
23404.63 11935.70
23412.89 11930.11
23421.51 11924.27
23430.12 11918.39
23438.21 11912.81
23446.80 11906.89
23455.58 11900.84
23463.52 11895.36
23471.63 11889.77
23479.48 11884.31
23487.54 11878.71
23496.28 11872.63
23504.19 11867.13
23512.27 11861.52
23520.53 11855.88
23528.39 11850.55
23537.00 11844.71
23545.62 11840.09
23555.03 11835.67
23564.40 11831.75
23574.56 11828.52
23584.14 11826.27
23593.62 11824.27
23603.43 11822.54
23613.44 11820.85
23623.00 11819.34
23632.43 11817.86
23652.29 11814.76
23662.31 11813.13
23672.63 11811.45
23683.01 11809.77
23692.82 11808.17
23702.23 11806.65
23711.65 11805.15
23721.03 11803.66
23731.49 11802.00
23741.98 11800.33
23754.81 11797.90
23764.13 11796.09
23774.48 11794.09
23783.80 11792.28
23797.94 11789.41
23802.21 11788.80
23805.50 11788.34
23807.06 11788.13
23807.09 11788.12
23807.10 11788.12
23807.10 11788.12
23826.73 11788.28
23829.47 11787.77
23833.53 11787.03
23838.77 11785.86
23845.36 11784.38
23851.73 11782.95
23866.29 11779.80
23872.67 11778.51
23887.49 11775.12
23894.25 11773.30
23912.88 11768.43
23924.18 11765.41
23935.13 11762.37
23947.10 11759.05
23958.90 11755.77
23970.41 11752.57
23981.65 11749.45
23992.87 11746.34
24006.59 11742.22
24018.38 11738.18
24029.88 11734.23
24041.21 11730.35
24053.40 11726.06
24064.67 11721.99
24076.79 11716.84
24087.75 11711.89
24099.31 11706.44
24110.01 11701.08
24121.03 11695.56
24132.14 11689.99
24143.50 11684.31
24155.28 11678.40
24165.98 11673.05
24176.86 11667.60
24188.35 11661.84
24199.17 11656.42
24210.40 11650.80
24221.19 11645.40
24232.69 11638.92
24242.94 11632.64
24254.17 11625.76
24265.31 11618.94
24275.82 11612.51
24286.07 11606.23
24296.80 11599.66
24307.84 11592.90
24318.94 11586.10
24329.24 11579.79
24339.49 11573.51
24349.93 11566.97
24360.54 11559.78
24371.00 11552.69
24381.63 11545.48
24392.18 11538.86
24403.03 11532.13
24413.65 11521.42
24423.93 11514.66
24434.05 11508.00
24443.50 11501.77
24453.77 11494.98
24463.82 11488.33
24474.01 11481.59
24480.79 11470.96
24484.33 11462.72
24485.90 11453.74
24484.57 11435.02
24482.53 11425.11
24479.17 11408.69
24476.74 11397.22
24474.33 11385.77
24472.01 11374.80
24469.69 11363.81
24467.28 11353.05
24464.42 11341.65
24461.51 11330.02
24450.78 11313.22
24442.94 11306.77
24434.45 11301.26
24423.58 11300.62
24404.40 11300.75
24392.24 11306.54
24378.72 11312.92
24363.30 11319.85
24345.04 11325.27
24321.18 11326.73
24299.76 11321.50
24277.73 11312.55
24256.16 11303.78
24232.59 11298.92
24209.00 11299.23
24186.96 11306.24
24163.83 11313.60
24141.31 11320.77
24098.99 11333.27
24075.19 11343.54
24051.10 11353.95
24026.93 11364.38
24003.32 11374.08
23979.44 11383.67
23955.59 11393.25
23931.39 11402.96
23907.37 11412.61
23882.89 11422.44
23859.41 11431.87
23833.75 11443.95
23809.19 11453.80
23785.71 11463.23
23761.87 11472.79
23738.07 11482.34
23714.35 11491.86
23689.91 11501.67
23665.34 11511.54
23641.83 11520.97
23617.98 11530.54
23593.50 11540.37
23569.20 11550.12
23548.48 11558.41
23528.18 11566.44
23507.67 11574.56
23487.71 11582.46
23468.20 11590.18
23447.63 11598.32
23427.14 11606.44
23407.31 11614.28
23387.41 11622.23
23367.39 11630.40
23347.91 11638.34
23327.40 11646.56
23307.41 11654.38
23287.21 11661.81
23266.79 11668.69
23245.98 11675.70
23224.79 11681.96
23204.55 11687.30
23184.30 11692.65
23163.17 11698.22
23142.67 11702.41
23121.24 11706.70
23100.53 11710.20
23079.21 11713.68
23057.77 11715.99
23036.12 11718.29
23014.76 11719.85
22993.71 11721.39
22971.67 11722.28
22949.58 11722.61
22927.63 11722.93
22905.67 11723.21
22884.68 11723.48
22863.58 11723.57
22842.61 11723.19
22821.42 11722.81
22800.22 11722.43
22778.80 11722.04
22757.28 11721.66
22736.16 11721.28
22711.51 11722.53
22689.58 11722.23
22667.90 11721.93
22646.54 11721.63
22625.18 11721.33
22603.89 11721.03
22582.25 11720.73
22560.50 11720.50
22539.12 11720.60
22517.78 11720.69
22496.52 11720.78
22475.62 11722.26
22454.02 11723.98
22432.30 11725.70
22411.11 11728.45
22387.86 11733.43
22367.67 11736.12
22347.64 11738.89
22327.08 11742.43
22306.58 11746.67
22286.42 11751.82
22266.84 11757.35
22246.73 11763.24
22227.69 11768.93
22208.07 11774.81
22188.44 11782.15
22169.45 11789.47
22150.19 11796.89
22131.36 11804.04
22085.52 11828.75
22067.70 11838.67
22049.79 11848.64
22031.40 11858.88
22013.60 11868.79
21995.64 11878.78
21977.97 11889.30
21960.28 11900.96
21942.82 11912.46
21926.21 11924.14
21908.98 11936.31
21892.49 11948.62
21876.23 11961.69
21860.03 11974.70
21844.22 11987.41
21827.92 12000.50
21812.07 12013.23
21795.62 12026.46
21779.83 12039.21
21764.03 12052.16
21748.30 12065.05
21731.79 12078.58
21715.29 12092.10
21699.03 12104.93
21682.44 12117.41
21665.92 12129.76
21649.56 12141.90
21631.93 12153.79
21613.87 12163.24
21595.78 12172.70
21576.46 12180.02
21556.88 12186.55
21536.20 12191.79
21516.20 12195.81
21495.04 12197.81
21474.07 12198.85
21453.18 12198.31
21432.52 12197.16
21411.26 12194.14
21391.05 12190.39
21370.43 12186.42
21350.08 12182.51
21329.57 12178.47
21309.59 12173.46
21289.89 12168.51
21269.95 12163.52
21249.28 12158.41
21229.42 12153.77
21208.48 12148.87
21188.17 12144.12
21167.58 12139.31
21146.80 12134.45
21126.40 12129.68
21106.38 12124.52
21086.60 12119.42
21066.87 12114.33
21047.07 12109.23
21027.25 12104.12
21007.50 12099.03
20987.14 12093.77
20967.35 12088.82
20947.18 12083.82
20927.08 12078.84
20906.40 12073.72
20885.98 12068.67
20866.08 12063.74
20846.14 12058.80
20826.18 12053.86
20805.50 12048.73
20785.06 12043.67
20765.17 12038.75
20744.44 12033.61
20724.16 12028.59
20703.59 12023.49
20683.50 12018.52
20663.75 12013.63
20643.04 12008.50
20563.21 11985.40
20547.07 11981.42
20530.86 11977.43
20514.08 11973.29
20498.06 11969.34
20481.89 11965.36
20464.66 11964.51
20442.57 11960.81
20419.26 11955.15
20394.68 11949.19
20369.38 11943.05
20343.70 11936.83
20318.81 11930.79
20293.66 11924.69
20269.07 11918.72
20244.36 11912.73
20219.60 11906.72
20194.76 11900.69
20169.79 11894.64
20144.90 11888.60
20119.94 11882.54
20095.37 11876.59
20070.28 11870.50
20044.49 11864.24
20018.96 11858.05
19993.26 11851.81
19967.53 11845.57
19942.49 11839.50
19917.04 11833.33
19891.83 11827.21
19867.18 11821.23
19842.11 11815.15
19817.00 11809.06
19791.32 11802.83
19766.48 11796.80
19741.57 11790.76
19715.95 11784.55
19691.11 11778.52
19666.31 11772.50
19640.54 11766.25
19613.02 11757.82
19588.49 11751.67
19563.24 11745.35
19537.95 11739.02
19513.09 11732.79
19488.10 11726.53
19462.66 11720.16
19437.83 11713.94
19412.92 11707.70
19387.67 11701.38
19362.48 11695.07
19337.51 11688.82
19231.33 11663.72
19209.99 11658.32
19189.03 11653.02
19168.20 11647.75
19147.05 11642.50
19125.77 11637.24
19105.09 11632.14
19084.48 11627.05
19063.08 11621.77
19041.66 11616.48
19021.04 11611.39
19000.33 11606.28
18979.81 11601.22
18959.10 11596.10
18937.89 11590.87
18917.33 11585.79
18896.18 11580.57
18875.14 11575.37
18854.00 11570.16
18833.04 11565.09
18812.49 11560.18
18791.14 11555.07
18770.24 11550.07
18748.82 11544.95
18728.29 11540.04
18677.50 11526.19
18653.11 11520.28
18628.57 11514.34
18604.24 11508.45
18579.06 11502.36
18553.22 11497.77
18536.18 11493.56
18501.38 11483.26
18476.73 11477.06
18452.41 11470.95
18427.11 11464.59
18402.29 11458.35
18377.80 11452.19
18353.03 11445.96
18328.07 11439.69
18303.19 11433.43
18274.81 11428.13
18249.51 11421.90
18224.31 11415.69
18199.06 11409.47
18174.12 11403.33
18149.13 11397.15
18123.44 11390.81
18097.96 11384.51
18072.74 11378.28
18046.98 11371.92
18021.94 11365.73
17996.40 11359.27
17970.74 11352.31
17945.16 11345.18
17919.83 11337.21
17894.71 11329.20
17870.54 11321.00
17846.25 11312.75
17822.03 11304.12
17798.08 11295.40
17774.14 11285.82
17749.63 11275.63
17725.45 11265.59
17701.67 11255.56
17678.49 11244.72
17654.45 11233.49
17630.69 11222.38
17607.55 11211.42
17584.74 11199.67
17561.47 11187.45
17538.43 11174.45
17516.20 11161.80
17493.33 11148.56
17470.94 11135.60
17449.21 11122.07
17427.15 11108.03
17404.92 11093.74
17383.03 11079.28
17361.50 11065.06
17340.50 11050.50
17320.04 11035.51
17299.75 11019.77
17279.38 11003.96
17259.13 10988.26
17239.03 10972.66
17218.31 10955.94
17198.87 10939.37
17178.89 10922.34
17159.41 10904.63
17139.91 10886.68
17121.01 10869.11
17102.05 10851.28
17083.19 10829.84
17064.79 10811.11
17047.02 10792.00
17029.79 10773.06
17012.38 10753.93
16995.46 10734.86
16978.86 10715.53
16962.53 10696.53
16938.50 10670.07
16924.07 10651.53
16909.52 10632.84
16895.25 10614.50
16880.72 10595.83
16866.48 10577.53
16852.05 10558.99
16837.78 10540.66
16823.15 10521.87
16800.89 10490.76
16785.46 10471.13
16769.92 10451.36
16754.40 10431.62
16738.50 10411.40
16722.90 10391.55
16707.34 10371.76
16688.13 10350.21
16672.27 10330.32
16656.07 10309.99
16640.27 10290.19
16623.77 10270.24
16607.03 10249.99
16590.48 10229.97
16574.08 10210.20
16556.93 10190.16
16540.19 10170.61
16523.20 10150.78
16506.13 10130.84
16489.37 10110.74
16473.08 10090.80
16456.90 10070.99
16440.78 10051.25
16424.66 10031.51
16408.64 10011.90
16392.18 9991.75
16375.83 9971.74
16359.53 9951.45
16343.82 9931.36
16327.96 9911.06
16311.72 9890.28
16296.00 9870.15
16279.86 9849.49
16263.92 9829.10
16247.57 9808.17
16231.79 9787.99
16216.07 9767.87
16200.38 9747.78
16184.47 9727.42
16168.56 9707.06
16152.91 9687.03
16136.70 9666.29
16120.52 9645.58
16104.70 9625.33
16088.70 9604.85
16072.78 9584.48
16056.96 9564.24
16040.72 9543.46
16024.44 9522.62
16008.67 9502.10
15993.23 9481.29
15978.05 9460.86
15962.31 9439.67
15947.03 9419.09
15931.53 9398.21
15915.88 9377.14
15900.37 9356.26
15884.79 9335.28
15869.27 9314.37
15854.09 9293.93
15838.63 9273.11
15823.23 9252.37
15807.94 9231.79
15792.71 9211.28
15777.37 9190.42
15762.03 9169.51
15746.51 9148.37
15731.34 9127.89
15715.49 9106.96
15699.74 9086.17
15683.68 9064.96
15668.25 9044.57
15652.17 9023.76
15636.53 9003.68
15620.96 8983.69
15605.21 8963.47
15589.38 8943.16
15572.94 8922.32
15557.16 8902.33
15540.80 8882.61
15523.71 8862.45
15506.37 8842.82
15489.07 8823.89
15471.47 8804.64
15453.93 8785.46
15436.14 8766.24
15417.76 8747.28
15399.72 8729.18
15381.01 8710.95
15362.65 8693.07
15341.95 8674.16
15323.06 8657.38
15303.78 8640.26
15284.95 8623.54
15265.76 8606.86
15245.67 8590.45
15225.32 8573.84
15204.90 8557.16
15184.41 8540.54
15163.79 8525.19
15142.99 8509.70
15122.74 8494.61
15102.20 8479.32
15081.41 8464.55
15060.19 8450.11
15041.95 8437.69
15027.39 8427.78
14995.59 8407.94
14987.43 8402.64
14978.99 8397.38
14970.66 8392.18
14962.40 8387.02
14953.87 8381.72
14945.92 8377.01
14937.79 8372.18
14929.30 8367.15
14920.79 8362.10
14903.16 8353.18
14892.54 8347.85
14881.46 8342.23
14870.81 8336.75
14860.26 8331.28
14849.38 8325.46
14839.00 8319.88
14828.34 8313.95
14817.33 8307.82
14805.97 8301.50
14795.36 8295.64
14784.31 8289.83
14773.43 8284.31
14761.82 8278.62
14750.74 8273.24
14739.13 8267.66
14728.49 8262.63
14717.44 8257.41
14701.13 8249.75
14689.94 8244.90
14678.51 8239.95
14667.44 8235.15
14655.96 8230.17
14643.30 8228.28
14632.39 8223.75
14620.75 8219.05
14609.88 8214.67
14598.59 8210.12
14587.02 8205.49
14575.88 8201.14
14563.98 8196.50
14552.92 8192.18
14541.78 8187.83
14530.72 8183.60
14518.95 8179.23
14507.41 8174.95
14488.74 8169.11
14476.99 8166.87
14464.39 8166.83
14452.41 8169.29
14441.44 8173.93
14431.58 8181.90
14424.33 8191.90
14419.00 8203.48
14416.39 8215.62
14417.32 8228.53
14420.50 8240.26
14425.98 8251.34
14432.04 8261.79
14439.10 8272.71
14445.88 8283.08
14452.62 8293.38
14459.73 8304.25
14466.47 8314.56
14473.51 8324.88
14481.37 8334.46
14491.58 8342.51
14503.09 8347.63
14515.98 8349.38
14527.77 8347.65
14538.40 8341.74
14547.45 8333.52
14553.71 8322.77
14556.71 8310.58
14561.29 8300.29
14561.98 8284.59
14562.74 8267.10
14563.60 8247.55
14564.55 8225.55
14565.54 8201.01
14566.59 8174.88
14567.73 8146.42
14569.15 8116.66
14570.95 8085.48
14571.69 8042.35
14573.69 8013.14
14577.35 7982.63
14583.28 7951.32
14591.89 7902.55
14594.72 7862.54
14597.40 7821.20
14599.42 7778.51
14601.52 7734.10
14603.73 7687.27
14604.73 7635.35
14607.01 7584.94
14609.41 7532.05
14610.20 7474.99
14612.45 7420.49
14614.71 7365.86
14616.96 7311.61
14619.21 7257.12
14621.46 7202.76
14623.71 7148.28
14625.99 7093.33
14628.24 7038.90
14630.49 6984.59
14632.77 6929.36
14635.03 6874.79
14637.29 6820.03
14639.57 6765.11
14641.82 6710.75
14644.08 6656.03
14644.90 6601.49
14645.67 6546.53
14646.44 6491.86
14644.86 6437.53
14642.88 6383.31
14640.44 6328.80
14632.62 6274.71
14628.09 6220.39
14623.50 6165.32
14618.97 6111.08
14614.41 6056.32
14609.88 6002.01
14605.30 5947.07
14598.69 5890.15
14593.97 5836.50
14589.24 5782.79
14577.83 5691.29
14568.83 5650.86
14551.80 5617.21
14523.11 5600.71
14493.18 5602.62
14472.10 5618.66
14458.68 5642.72
14454.00 5658.22
14448.70 5689.87
14447.84 5697.05
14448.89 5710.69
14452.25 5720.10
14458.36 5728.28
14471.77 5735.21
14484.40 5739.69
14498.07 5744.53
14511.09 5749.14
14524.71 5753.97
14540.91 5759.70
14554.99 5764.70
14569.43 5769.63
14583.71 5774.41
14598.22 5779.25
14611.79 5783.79
14625.92 5788.51
14639.27 5792.97
14653.76 5797.57
14667.35 5801.42
14681.93 5805.56
14696.43 5809.68
14710.41 5813.32
14724.06 5816.77
14738.82 5820.51
14752.78 5823.58
14767.54 5826.23
14782.51 5828.92
14798.89 5827.93
14812.97 5829.52
14826.08 5830.99
14839.48 5832.50
14852.49 5834.01
14864.86 5835.38
14877.38 5836.76
14886.19 5837.74
14901.44 5833.56
14907.22 5829.38
14911.87 5824.46
14915.07 5818.70
14918.38 5812.74
14920.91 5789.45
14921.63 5779.24
14922.34 5769.00
14923.07 5758.59
14923.80 5748.22
14924.51 5738.02
14925.26 5727.27
14926.00 5716.77
14926.73 5706.25
14930.92 5693.54
14931.61 5683.44
14932.30 5673.24
14932.99 5663.11
14933.78 5650.60
14934.40 5640.47
14935.01 5630.44
14935.63 5620.21
14936.25 5609.89
14936.86 5599.95
14937.47 5589.97
14938.06 5580.23
14938.69 5569.82
14939.30 5559.87
14939.90 5549.92
14940.60 5537.40
14941.18 5526.63
14941.71 5516.70
14942.29 5505.91
14942.81 5496.30
14943.34 5486.39
14943.82 5475.98
14944.24 5465.30
14944.64 5455.11
14945.07 5445.30
14945.62 5432.64
14946.04 5422.62
14946.49 5411.79
14946.93 5401.58
14947.34 5391.76
14947.76 5381.84
14948.16 5372.17
14948.61 5361.56
14949.04 5351.43
14949.47 5341.18
14949.92 5330.38
14950.38 5319.58
14950.79 5309.54
14951.22 5299.03
14951.65 5288.28
14952.05 5278.36
14952.46 5268.29
14952.89 5257.67
14953.28 5245.62
14953.40 5237.92
14953.52 5230.24
14953.65 5222.59
14953.77 5214.90
14953.90 5206.60
14954.03 5198.40
14954.16 5190.29
14954.29 5182.55
14954.42 5174.57
14954.92 5168.56
14955.33 5164.27
14955.73 5159.97
14956.12 5155.94
14957.21 5135.53
14957.68 5126.62
14958.18 5117.03
14958.66 5107.70
14959.15 5098.43
14959.66 5088.57
14960.13 5079.64
14960.62 5070.16
14961.09 5061.11
14961.59 5051.63
14962.10 5039.43
14962.48 5029.48
14962.85 5019.74
14963.21 5010.32
14963.57 5000.35
14963.91 4989.92
14964.25 4979.50
14964.57 4969.58
14964.90 4959.43
14965.24 4948.98
14965.58 4938.60
14965.91 4928.45
14966.73 4908.99
14967.23 4899.29
14967.78 4888.77
14968.29 4878.83
14968.82 4868.69
14969.32 4859.04
14969.86 4848.62
14970.45 4838.55
14971.08 4828.47
14971.74 4817.98
14972.38 4807.84
14972.99 4798.01
14973.60 4788.32
14974.21 4778.66
14974.87 4768.12
14975.51 4757.90
14976.12 4748.23
14976.76 4738.05
14977.37 4728.27
14977.96 4718.77
14978.61 4708.52
14979.22 4698.78
14980.13 4682.85
14980.63 4673.26
14981.13 4663.64
14981.66 4654.10
14982.34 4643.97
14982.64 4633.79
14982.91 4624.01
14983.17 4614.36
14983.43 4604.75
14983.69 4595.12
14984.01 4584.94
14984.45 4574.82
14984.86 4565.19
14985.26 4555.71
14985.66 4546.36
14986.07 4536.79
14988.33 4514.81
14986.19 4505.99
14986.39 4496.56
14986.60 4486.54
14986.82 4476.32
14987.04 4466.22
14987.24 4456.76
14987.45 4446.97
14987.66 4436.92
14987.86 4427.47
14988.07 4417.65
14988.28 4408.15
14988.49 4398.03
14988.97 4382.59
14989.55 4372.47
14990.16 4361.86
14990.74 4351.76
14991.31 4341.88
14991.88 4331.89
14992.42 4321.72
14992.90 4311.99
14993.41 4301.63
14993.93 4291.01
14994.41 4281.17
14994.91 4271.05
14995.44 4260.24
14995.92 4250.45
14996.46 4239.56
14996.94 4229.89
14997.44 4219.54
14997.94 4209.51
14998.41 4199.85
14998.94 4189.17
14999.43 4179.21
14999.95 4168.56
15000.48 4157.78
15001.00 4147.24
15001.48 4137.49
15001.99 4127.16
15002.49 4116.90
15002.98 4106.93
15003.49 4096.67
15004.01 4086.04
15004.53 4075.45
15004.96 4064.68
15005.32 4054.95
15005.71 4044.23
15006.07 4034.53
15006.45 4024.17
15006.84 4013.68
15007.19 4004.02
