23430.85 16906.12
23432.22 16905.84
23435.67 16905.15
23440.27 16904.22
23446.71 16902.93
23455.37 16901.20
23465.72 16899.13
23477.19 16896.83
23487.32 16894.81
23493.57 16893.56
23492.64 16897.10
23482.78 16899.08
23471.37 16901.36
23459.97 16903.64
23448.10 16906.02
23437.18 16908.21
23416.32 16912.37
23404.79 16914.66
23393.82 16916.83
23381.94 16918.88
23370.33 16920.84
23359.31 16922.60
23337.86 16924.95
23325.68 16925.92
23313.50 16926.90
23301.84 16927.84
23289.64 16928.82
23277.52 16929.70
23256.78 16931.77
23245.30 16932.87
23233.84 16933.76
23222.19 16937.22
23211.14 16940.65
23199.69 16944.21
23188.81 16947.59
23177.32 16951.15
23156.88 16957.51
23145.40 16961.07
23133.25 16964.84
23120.99 16968.65
23109.55 16972.20
23097.26 16976.02
23084.91 16979.86
23073.13 16983.51
23061.08 16987.26
23049.90 16992.02
23038.16 16997.13
23026.69 17002.12
23015.38 17007.04
23004.04 17012.63
22992.49 17018.60
22981.26 17024.42
22970.38 17030.71
22960.07 17037.13
22949.54 17043.69
22939.26 17050.08
22928.92 17056.52
22906.64 17069.06
22894.36 17071.85
22881.93 17074.68
22868.70 17077.69
22855.55 17080.67
22842.54 17083.63
22830.10 17084.92
22816.56 17085.89
22803.92 17086.79
22791.35 17087.68
22778.77 17088.58
22765.90 17088.29
22752.58 17085.93
22739.28 17083.57
22725.94 17081.21
22713.49 17079.00
22700.17 17076.65
22687.01 17073.91
22674.26 17071.05
22661.45 17068.18
22649.13 17065.42
22636.53 17063.72
22623.16 17065.38
22610.73 17066.92
22597.62 17068.54
22584.50 17070.16
22571.70 17071.75
22558.63 17073.37
22546.05 17074.92
22533.50 17076.48
22519.93 17078.16
22507.27 17079.72
22494.52 17081.30
22481.77 17082.88
22468.20 17084.56
22455.69 17086.11
22442.87 17087.69
22430.32 17089.25
22416.68 17090.94
22404.17 17092.49
22391.47 17094.06
22378.68 17095.64
22366.01 17097.21
22352.50 17098.88
22339.76 17100.46
22327.02 17102.04
22314.02 17103.64
22301.40 17105.21
22288.05 17106.86
22275.28 17108.33
22252.69 17112.02
22240.98 17114.62
22229.23 17117.24
22217.38 17119.88
22205.58 17122.48
22194.12 17125.00
22182.57 17127.53
22170.30 17130.22
22158.37 17132.84
22146.40 17135.47
22127.38 17139.63
22118.16 17141.65
22109.07 17143.65
22091.66 17152.13
22081.96 17158.85
22072.62 17165.26
22051.84 17172.95
22040.76 17174.39
22028.65 17174.81
22016.76 17175.22
22004.86 17175.63
21993.39 17176.03
21981.89 17176.43
21970.00 17176.84
21947.71 17177.73
21934.77 17178.29
21922.69 17178.80
21909.88 17179.35
21897.14 17179.89
21884.05 17180.45
21871.86 17180.97
21859.02 17181.52
21846.83 17182.05
21834.84 17182.52
21822.57 17183.00
21803.84 17183.29
21794.50 17182.62
21787.97 17181.77
21784.89 17181.22
21776.76 17182.97
21765.30 17182.88
21762.01 17179.84
21763.64 17165.19
21771.33 17162.29
21783.36 17156.36
21790.62 17146.04
21797.83 17135.44
21804.66 17125.40
21811.91 17114.75
21818.64 17104.90
21825.57 17094.81
21832.47 17084.75
21839.45 17074.57
21846.80 17063.87
21841.75 17051.48
21832.13 17045.39
21822.07 17039.03
21811.92 17032.26
21801.89 17026.49
21791.21 17022.64
21770.47 17023.68
21758.33 17025.75
21746.75 17027.71
21734.33 17029.82
21722.65 17031.81
21710.73 17033.84
21699.18 17035.80
21680.29 17028.67
21671.84 17022.29
21663.69 17016.12
21648.03 17004.16
21641.43 16998.99
21635.29 16994.19
21631.38 16991.12
21629.19 16989.41
21612.63 16975.32
21608.17 16971.08
21602.52 16965.71
21595.84 16959.37
21581.96 16945.81
21575.77 16939.27
21563.50 16926.71
21558.88 16922.14
21546.43 16909.56
21540.09 16903.06
21533.99 16896.80
21527.56 16890.21
21505.16 16867.34
21500.18 16862.47
21488.03 16850.72
21480.65 16843.75
21473.47 16836.97
21468.28 16832.07
21465.49 16829.43
21451.54 16818.08
21446.73 16814.99
21435.21 16807.86
21424.67 16802.00
21413.55 16795.87
21402.75 16789.92
21391.74 16783.85
21379.64 16783.76
21367.22 16785.75
21355.41 16787.68
21331.88 16791.65
21319.95 16793.44
21308.03 16795.17
21295.31 16797.01
21284.23 16801.10
21275.39 16810.10
21266.84 16819.02
21258.62 16827.61
21250.40 16836.19
21242.03 16844.94
21233.67 16853.68
21224.72 16863.03
21216.06 16872.07
21208.01 16880.49
21202.59 16886.15
21199.29 16889.60
21198.26 16898.42
21196.50 16903.72
21190.63 16907.48
21178.95 16898.52
21177.59 16885.46
21171.61 16875.07
21165.52 16864.48
21159.65 16854.29
21153.74 16844.01
21147.45 16833.09
21141.15 16822.15
21136.28 16813.70
21132.91 16807.86
21127.92 16798.36
21116.04 16793.14
21103.79 16793.86
21091.17 16794.60
21078.26 16795.36
21065.80 16796.09
21053.34 16796.82
21040.01 16797.60
21027.62 16798.10
21014.18 16798.77
21001.63 16799.44
20988.12 16800.15
20975.28 16800.83
20962.29 16801.52
20948.96 16802.07
20937.64 16801.91
20926.27 16801.75
20914.65 16801.59
20903.93 16797.76
20898.24 16790.70
20896.32 16785.75
20913.25 16772.85
20923.57 16771.35
20935.60 16769.02
20948.09 16765.19
20958.82 16758.98
20969.08 16751.47
20978.37 16742.18
20985.94 16732.54
20991.07 16721.32
20995.49 16709.09
20997.82 16697.23
20997.46 16684.42
20994.91 16672.61
20992.24 16660.23
20989.57 16647.87
20986.96 16635.78
20984.39 16623.85
20981.83 16612.01
20979.17 16599.70
20976.40 16586.88
20973.63 16574.04
20970.85 16561.17
20968.16 16548.71
20965.48 16536.30
20962.88 16524.26
20957.93 16502.14
20954.90 16489.53
20952.07 16477.22
20949.35 16464.97
20947.68 16452.09
20947.77 16439.02
20948.98 16426.62
20951.21 16414.34
20955.95 16402.30
20962.01 16390.95
20969.69 16380.46
20977.79 16370.46
20988.23 16362.90
20998.45 16355.65
21008.80 16348.30
21019.64 16340.61
21030.27 16333.07
21041.12 16325.37
21051.29 16316.38
21058.26 16306.27
21064.03 16293.98
21069.75 16280.81
21071.88 16264.97
21072.67 16246.42
21073.03 16227.13
21073.37 16208.93
21073.73 16189.66
21074.07 16170.99
21074.42 16152.59
21074.77 16133.45
21075.13 16114.13
21075.48 16095.28
21075.83 16076.64
21076.18 16057.86
21076.54 16038.51
21076.88 16020.12
21077.22 16001.96
21077.57 15982.68
21077.94 15963.28
21078.28 15944.86
21077.53 15925.72
21076.27 15907.32
21074.94 15887.95
21073.66 15869.38
21072.39 15850.93
21071.14 15832.79
21069.85 15813.98
21068.52 15794.62
21067.18 15775.22
21065.90 15756.58
21064.62 15738.02
21063.32 15719.03
21062.04 15700.53
21060.74 15681.53
21059.45 15662.81
21058.11 15643.42
21056.85 15625.00
21055.57 15606.39
21054.32 15588.23
21053.30 15570.22
21052.46 15553.23
21051.69 15537.69
21051.10 15525.96
21050.71 15517.96
21043.05 15506.54
21037.30 15496.60
21039.81 15485.14
21051.97 15477.90
21064.24 15481.72
21080.21 15484.81
21094.07 15484.32
21107.99 15482.97
21128.07 15478.82
21142.57 15472.49
21154.55 15462.90
21163.79 15450.26
21169.73 15436.18
21175.55 15422.12
21181.29 15407.92
21183.09 15387.92
21182.79 15372.77
21175.53 15359.20
21165.51 15348.12
21151.51 15340.92
21136.09 15337.93
21119.91 15338.78
21104.10 15341.63
21089.25 15345.49
21074.55 15349.30
21059.24 15353.31
21043.55 15357.62
21028.37 15361.79
21013.35 15365.74
20997.92 15369.68
20982.26 15373.69
20966.70 15377.66
20951.72 15381.49
20936.86 15385.29
20921.39 15389.24
20906.26 15393.11
20890.51 15397.13
20875.61 15400.94
20860.79 15404.46
20842.01 15405.01
20825.10 15405.93
20806.76 15410.62
20786.53 15415.80
20765.54 15421.17
20744.95 15426.43
20724.57 15431.78
20704.44 15437.17
20684.13 15442.64
20663.41 15448.23
20642.85 15453.78
20622.61 15459.24
20602.59 15464.64
20581.95 15470.22
20561.34 15475.96
20541.00 15481.63
20521.16 15487.03
20500.43 15492.57
20480.35 15497.89
20459.71 15503.36
20439.22 15508.79
20418.61 15514.17
20398.51 15519.13
20378.01 15524.20
20357.56 15529.25
20337.62 15534.18
20317.71 15539.04
20296.99 15544.09
20276.02 15549.20
20234.70 15555.50
20216.19 15557.76
20196.64 15557.06
20176.13 15559.99
20155.39 15562.49
20134.99 15564.24
20114.33 15565.57
20093.56 15566.39
20073.41 15567.09
20053.28 15567.53
20033.05 15567.78
20012.50 15567.50
19992.11 15567.11
19972.17 15566.09
19951.41 15564.75
19931.35 15563.18
19910.68 15564.60
19890.28 15561.96
19869.55 15559.02
19849.51 15556.18
19828.76 15552.92
19808.73 15549.15
19788.73 15545.36
19768.83 15541.08
19748.70 15536.75
19728.13 15532.33
19689.14 15522.81
19668.60 15518.91
19647.54 15514.92
19625.86 15510.75
19605.15 15506.74
19583.81 15502.62
19563.37 15498.66
19542.63 15494.65
19521.19 15490.51
19500.02 15486.13
19479.57 15481.52
19458.61 15476.80
19437.50 15472.05
19416.35 15467.28
19395.70 15462.63
19375.21 15458.02
19354.54 15453.36
19329.94 15449.46
19309.40 15444.73
19288.70 15439.97
19268.54 15435.33
19248.39 15430.69
19227.77 15425.95
19206.71 15421.20
19186.56 15416.82
19165.31 15412.20
19144.78 15407.73
19124.14 15403.24
19103.64 15398.78
19079.63 15393.81
19058.39 15388.23
19038.06 15382.88
19017.95 15377.32
18997.88 15371.72
18977.24 15365.37
18956.48 15358.73
18936.39 15352.02
18914.60 15348.11
18893.83 15340.52
18876.67 15334.26
18864.55 15329.67
18847.98 15321.31
18836.22 15316.58
18824.50 15311.86
18812.52 15307.03
18800.82 15302.32
18788.60 15297.40
18776.50 15292.53
18764.31 15287.62
18752.15 15282.72
18740.15 15277.89
18727.86 15272.94
18715.86 15268.11
18704.06 15263.36
18692.11 15258.54
18680.69 15253.94
18669.04 15249.25
18657.21 15244.49
18645.76 15239.88
18626.72 15234.02
18615.19 15229.39
18603.71 15224.78
18592.59 15220.31
18581.09 15215.69
18569.40 15210.99
18558.25 15206.51
18546.74 15202.26
18534.62 15197.84
18522.82 15193.53
18510.96 15189.20
18499.33 15184.96
18479.06 15175.84
18466.67 15171.45
18454.47 15167.14
18442.00 15162.73
18429.15 15158.18
18417.36 15154.05
18405.09 15149.95
18392.49 15145.75
18380.53 15141.75
18368.32 15137.68
18355.69 15133.46
18342.91 15129.15
18330.18 15124.74
18317.70 15120.39
18302.13 15116.74
18289.67 15112.61
18277.46 15108.57
18265.53 15104.61
18252.90 15100.38
18239.91 15096.01
18227.69 15092.57
18215.10 15089.46
18201.71 15086.02
18188.29 15083.31
18175.44 15081.49
18161.73 15079.60
18149.05 15077.86
18136.12 15076.08
18123.36 15074.32
18109.73 15072.45
18096.11 15070.57
18083.55 15068.84
18069.93 15066.97
18056.74 15065.15
18043.87 15063.38
18030.47 15061.54
18018.02 15059.83
18005.05 15058.04
17992.46 15056.31
17979.90 15054.58
17966.76 15052.77
17953.81 15050.99
17940.44 15049.15
17927.63 15047.39
17914.35 15045.56
17900.71 15043.69
17887.08 15041.81
17874.09 15040.02
17861.51 15038.56
17847.33 15037.39
17828.46 15035.20
17810.64 15034.90
17790.67 15034.57
17770.73 15035.88
17750.87 15037.24
17730.36 15039.11
17710.53 15041.31
17690.17 15043.81
17655.16 15044.96
17635.54 15043.63
17614.84 15041.79
17596.05 15039.95
17576.91 15036.67
17558.81 15033.16
17540.43 15029.20
17521.78 15025.12
17502.55 15020.57
17484.39 15016.28
17466.41 15011.52
17448.28 15007.01
17430.13 15002.75
17411.18 14998.29
17392.79 14995.23
17373.71 14992.25
17354.93 14989.91
17335.41 14987.83
17315.89 14985.75
17296.83 14984.50
17279.41 14983.38
17260.58 14982.17
17241.39 14980.94
17222.34 14979.72
17190.29 14978.95
17169.33 14977.20
17150.77 14975.68
17131.68 14974.15
17114.18 14972.74
17056.52 14969.72
17043.76 14969.21
17031.85 14968.82
17018.75 14968.39
17005.73 14967.96
16993.08 14967.55
16980.52 14967.14
16968.17 14966.74
16955.59 14966.33
16943.07 14965.92
16930.01 14965.49
16918.00 14965.10
16905.82 14964.70
16893.03 14963.54
16880.70 14961.72
16867.97 14959.84
16855.20 14957.95
16843.39 14956.21
16830.81 14954.19
16818.72 14952.24
16805.77 14950.16
16793.46 14948.18
16781.27 14945.70
16769.62 14943.13
16757.84 14940.52
16745.54 14936.41
16733.38 14931.63
16721.69 14926.37
16710.43 14919.76
16700.51 14912.86
16691.22 14904.71
16682.28 14895.67
16673.82 14886.11
16666.16 14875.85
16659.98 14865.05
16654.43 14854.44
16648.81 14843.52
16643.91 14832.27
16639.65 14820.16
16635.67 14808.70
16632.06 14796.18
16628.52 14783.89
16625.17 14772.25
16621.78 14760.49
16618.35 14748.56
16614.74 14736.00
16611.37 14724.31
16608.05 14712.80
16604.51 14700.49
16601.00 14688.40
16597.55 14676.64
16594.15 14665.07
16590.80 14653.63
16587.26 14641.57
16583.85 14629.96
16580.30 14617.84
16576.86 14606.14
16573.30 14594.00
16569.86 14582.27
16566.27 14570.52
16560.98 14558.58
16556.14 14547.67
16551.31 14536.79
16546.22 14525.31
16541.02 14514.26
16534.99 14503.51
16519.38 14476.76
16514.31 14469.41
16509.26 14462.09
16501.41 14453.29
16496.03 14444.08
16490.58 14434.75
16485.58 14424.40
16482.10 14414.45
16478.53 14404.26
16475.62 14393.36
16472.95 14360.25
16473.00 14353.10
16473.38 14345.32
16474.06 14337.63
16480.57 14309.73
16482.77 14298.85
16485.26 14288.20
16487.65 14278.01
16493.78 14252.57
16496.03 14241.35
16498.45 14229.37
16500.71 14218.13
16503.14 14206.08
16505.53 14194.20
16507.93 14182.31
16510.24 14170.84
16512.59 14159.18
16513.04 14139.12
16509.82 14131.32
16505.04 14123.71
16499.38 14116.84
16485.03 14107.36
16471.49 14105.50
16457.86 14103.62
16444.69 14101.73
16431.65 14099.76
16419.16 14097.86
16406.62 14095.50
16393.25 14092.73
16380.85 14090.17
16367.37 14087.22
16354.95 14084.05
16342.28 14080.81
16329.49 14077.44
16316.96 14073.91
16304.09 14070.17
16291.44 14066.82
16278.19 14063.87
16265.35 14061.01
16252.23 14057.50
16239.66 14052.98
16227.92 14047.97
16214.58 14044.25
16202.05 14041.04
16189.11 14037.74
16176.15 14034.42
16163.37 14031.23
16150.21 14027.96
16137.52 14024.80
16124.75 14021.62
16111.72 14018.37
16099.11 14016.20
16085.83 14014.11
16073.44 14011.53
16060.54 14009.15
16047.32 14006.97
16033.73 14004.73
16021.10 14002.55
16008.41 13998.77
15996.00 13995.04
15983.80 13991.34
15971.47 13987.73
15959.34 13984.17
15946.13 13980.11
15933.68 13976.30
15921.51 13972.54
15908.32 13968.34
15896.21 13964.50
15883.52 13960.47
15870.39 13956.30
15857.52 13951.49
15849.91 13948.80
15842.74 13946.73
15835.51 13944.64
15828.74 13942.69
15824.51 13941.47
15822.51 13940.89
15785.53 13935.39
15780.34 13935.25
15773.86 13935.07
15766.02 13934.86
15756.54 13934.52
15746.47 13930.64
15736.11 13930.04
15726.31 13929.48
15716.73 13930.95
15716.41 13930.94
15716.19 13930.93
15716.11 13930.93
15716.11 13930.93
15716.11 13930.93
15716.11 13930.93
15667.00 13929.87
15665.86 13929.88
15664.29 13929.89
15662.10 13929.89
15659.19 13929.90
15656.00 13929.91
15654.16 13929.92
15653.56 13929.92
15653.45 13929.92
15653.45 13933.22
15641.64 13933.40
15639.13 13933.25
15635.05 13933.01
15630.10 13929.41
15623.70 13929.02
15606.49 13928.21
15593.41 13927.65
15580.76 13926.86
15568.48 13925.77
15555.94 13924.45
15539.91 13922.78
15527.13 13921.55
15513.73 13921.36
15500.60 13921.16
15488.09 13920.98
15474.75 13920.78
15462.40 13921.52
15455.41 13920.25
15450.97 13919.44
15448.76 13919.04
15448.71 13919.03
15428.12 13905.49
15428.08 13905.45
15428.03 13905.39
15427.96 13905.32
15421.66 13890.67
15421.17 13883.10
15420.54 13874.03
15418.92 13852.11
15418.00 13840.03
15417.08 13828.05
15416.22 13816.70
15414.41 13794.99
15413.39 13783.68
15412.30 13771.66
15411.17 13759.31
15410.12 13747.72
15409.00 13735.38
15407.68 13723.95
15404.11 13702.48
15401.91 13690.94
15399.75 13679.63
15397.61 13668.42
15395.34 13656.49
15391.99 13638.29
15389.85 13626.12
15387.02 13614.06
15383.68 13602.67
15380.40 13591.47
15377.11 13580.24
15370.45 13560.44
15366.47 13550.58
15360.09 13540.21
15354.00 13530.01
15347.98 13519.93
15342.38 13510.55
15336.51 13500.71
15330.28 13490.68
15325.43 13483.36
15322.72 13479.27
15321.72 13477.77
15321.63 13477.63
15321.61 13477.59
15315.30 13468.33
15313.67 13466.00
15310.98 13462.16
15307.53 13457.26
15303.33 13451.28
15298.18 13443.95
15292.65 13436.10
15286.54 13428.22
15280.50 13420.45
15262.00 13399.91
15255.63 13393.76
15248.87 13387.48
15242.01 13381.76
15234.20 13376.56
15226.77 13371.64
15218.67 13366.58
15211.14 13361.88
15203.16 13356.89
15195.12 13352.09
15189.59 13349.16
15186.70 13347.62
15186.00 13347.25
15185.87 13347.18
15185.85 13347.17
15150.12 13328.75
15146.41 13327.27
15141.50 13325.31
15135.15 13322.77
15127.50 13319.72
15118.06 13315.95
15107.17 13311.60
15095.50 13307.05
15083.16 13303.95
15071.02 13300.90
15059.13 13297.92
15046.36 13294.85
15034.25 13292.29
15021.83 13289.65
15009.88 13287.12
14997.74 13284.92
14985.53 13282.77
14973.22 13280.62
14961.13 13278.50
14948.17 13276.24
14936.04 13274.12
14922.92 13271.87
14910.73 13269.78
14897.87 13267.57
14885.00 13265.37
14872.80 13263.28
14860.42 13261.15
14847.83 13259.00
14835.02 13256.80
14822.27 13254.61
14810.10 13252.50
14797.10 13250.25
14784.65 13248.10
14771.64 13245.85
14758.80 13243.62
14746.51 13241.50
14733.99 13239.33
14721.79 13237.22
14708.56 13234.93
14696.47 13232.84
14684.11 13230.70
14671.24 13228.47
14658.80 13226.32
14645.89 13224.09
14633.64 13221.97
14620.83 13219.75
14608.48 13217.61
14595.78 13215.42
14583.08 13213.22
14570.85 13211.10
14558.04 13208.88
14545.43 13206.70
14532.38 13204.45
14519.15 13202.16
14506.45 13199.96
14493.61 13197.74
14480.68 13195.50
14467.53 13193.22
14454.53 13190.97
14441.94 13188.79
14428.78 13186.52
14416.69 13184.50
14404.43 13182.46
14391.67 13180.32
14378.75 13178.17
14366.56 13176.13
14353.54 13173.96
14340.29 13171.74
14328.07 13169.70
14315.04 13167.53
14302.75 13165.47
14290.02 13163.35
14277.33 13161.23
14264.35 13159.06
14251.19 13156.86
14238.04 13154.67
14224.91 13152.47
14212.57 13150.41
14199.63 13148.25
14140.40 13141.41
14129.33 13142.13
14118.09 13144.40
14108.01 13149.36
14100.24 13157.92
14094.78 13167.31
14090.84 13178.14
14089.27 13189.46
14089.92 13201.07
14106.26 13221.34
14113.16 13225.61
14119.83 13229.02
14127.24 13232.41
14144.80 13239.84
14155.74 13242.93
14166.87 13246.08
14178.47 13249.21
14189.28 13251.89
14200.20 13254.59
14211.92 13257.49
14232.94 13262.78
14244.18 13265.62
14255.65 13268.01
14267.26 13269.48
14278.71 13270.93
14302.16 13267.32
14309.05 13265.81
14315.91 13263.79
14322.20 13261.36
14331.21 13238.01
14331.69 13225.45
14332.18 13212.87
14332.10 13199.84
14331.65 13187.09
14331.08 13173.53
14330.52 13160.26
14329.71 13146.80
14329.16 13134.33
14329.38 13121.89
14329.60 13108.91
14329.71 13096.43
14329.53 13082.94
14329.34 13069.50
14329.16 13056.37
14329.15 13043.31
14329.91 13030.38
14330.57 13017.44
14331.12 13004.69
14329.80 12991.62
14330.15 12987.95
14330.37 12985.87
14332.63 12958.13
14333.75 12950.55
14335.35 12941.90
14337.72 12931.37
14340.15 12920.61
14343.20 12909.51
14346.84 12898.33
14350.60 12887.00
14354.39 12876.65
14359.80 12866.18
14365.30 12855.90
14373.91 12840.00
14379.68 12829.10
14385.81 12817.52
14391.62 12806.58
14397.83 12794.99
14404.07 12783.35
14410.18 12771.96
14415.31 12762.38
14410.18 12751.34
14403.54 12747.88
14397.19 12745.12
14390.63 12742.86
14383.72 12740.48
14376.44 12738.44
14369.06 12736.41
14362.44 12734.60
14355.59 12732.72
14348.23 12730.71
14341.05 12728.74
14334.65 12726.99
14327.57 12725.05
14320.51 12723.11
14313.26 12721.13
14306.57 12719.29
14300.26 12717.56
14292.89 12715.55
14288.57 12714.36
14273.86 12710.38
14267.80 12708.75
14261.47 12707.04
14255.03 12705.30
14248.20 12703.46
14241.66 12701.70
14235.84 12700.13
14223.09 12697.77
14216.02 12697.12
14208.75 12696.46
14201.95 12695.84
14194.91 12695.19
14188.45 12694.60
14181.22 12693.94
14174.12 12693.29
14167.81 12692.71
14164.62 12692.94
14162.63 12700.01
14165.15 12705.44
14168.38 12711.87
14172.92 12719.22
14178.29 12727.89
14184.25 12737.52
14190.58 12747.75
