7335.07 22283.60
7335.78 22284.81
7337.49 22287.72
7339.94 22292.11
7342.00 22298.51
7341.93 22307.40
7339.44 22317.06
7337.04 22326.37
7334.26 22335.99
7327.92 22343.23
7319.56 22348.21
7310.56 22353.55
7301.32 22358.56
7292.27 22362.85
7283.02 22363.24
7273.22 22360.66
7263.87 22358.08
7254.35 22354.94
7246.03 22349.40
7240.86 22340.78
7236.90 22332.13
7232.70 22322.96
7228.73 22314.28
7224.85 22305.81
7222.28 22295.68
7222.96 22285.68
7225.92 22275.85
7230.69 22266.40
7236.02 22258.42
7243.03 22252.19
7251.97 22247.10
7261.36 22242.52
7270.18 22239.51
7280.56 22240.11
7290.84 22242.54
7299.93 22244.87
7309.98 22248.84
7316.68 22254.16
7322.12 22261.54
7326.37 22268.92
7336.97 22269.82
7344.15 22265.67
7351.09 22261.65
7357.88 22257.72
7364.65 22253.80
7372.15 22249.46
7377.51 22246.36
7380.64 22244.54
7392.66 22250.69
7396.47 22257.31
7400.64 22264.54
7405.05 22272.20
7409.24 22279.47
7413.61 22287.06
7417.94 22294.56
7422.31 22302.15
7426.42 22309.28
7430.58 22316.51
7432.93 22320.07
7437.79 22333.49
7440.48 22341.32
7444.50 22348.70
7448.86 22356.71
7453.18 22364.64
7457.34 22372.29
7461.49 22379.92
7465.89 22388.01
7470.34 22396.17
7478.99 22411.79
7483.03 22418.77
7486.79 22425.27
7490.50 22431.67
7494.23 22438.10
7498.43 22445.36
7502.49 22451.78
7505.46 22456.01
7515.49 22456.01
7523.02 22450.76
7531.43 22444.78
7539.41 22438.94
7547.71 22432.87
7555.62 22427.09
7563.43 22420.91
7570.92 22414.98
7578.81 22408.72
7586.57 22401.99
7593.56 22395.75
7600.70 22389.38
7608.10 22382.78
7615.35 22376.30
7622.60 22369.55
7629.35 22363.20
7636.14 22356.82
7643.15 22350.23
7649.88 22343.93
7657.41 22336.92
7664.71 22330.12
7671.48 22323.89
7678.60 22317.35
7686.05 22310.51
7692.74 22304.37
7699.58 22298.09
7706.48 22291.76
7713.33 22285.47
7720.87 22278.55
7728.13 22271.82
7735.62 22264.86
7742.57 22258.38
7749.25 22252.17
7756.00 22245.37
7762.00 22238.20
7768.36 22230.61
7774.78 22222.94
7780.85 22215.69
7787.10 22207.75
7793.00 22200.11
7799.03 22192.31
7804.76 22184.88
7810.69 22177.19
7816.80 22169.28
7822.59 22161.77
7828.23 22154.46
7833.91 22146.89
7839.43 22139.11
7844.95 22131.34
7851.05 22123.31
7856.99 22115.68
7862.97 22108.01
7868.53 22100.86
7874.51 22093.18
7880.33 22085.70
7886.40 22077.60
7892.42 22069.44
7897.89 22062.03
7903.27 22054.74
7909.27 22046.61
7914.98 22038.49
7920.04 22030.08
7925.26 22021.38
7929.93 22013.59
7934.83 22005.43
7940.03 21996.76
7944.61 21988.09
7948.71 21979.86
7952.85 21971.54
7957.43 21962.35
7961.70 21953.76
7966.15 21944.78
7970.47 21936.07
7974.70 21927.56
7978.61 21919.10
7982.68 21910.10
7986.44 21901.78
7990.13 21893.41
7993.85 21884.91
7997.36 21875.96
8000.65 21866.26
8003.67 21856.46
8006.50 21846.76
8009.39 21836.86
8014.56 21829.39
8016.69 21820.24
8018.71 21811.39
8020.30 21801.88
8021.84 21792.62
8023.48 21782.75
8025.18 21773.66
8027.02 21764.55
8028.92 21755.14
8030.78 21745.94
8033.31 21736.54
8036.29 21727.26
8039.09 21718.52
8042.77 21708.99
8047.43 21699.77
8051.80 21691.13
8056.73 21682.79
8061.82 21674.16
8066.79 21665.74
8071.93 21657.04
8076.91 21648.58
8081.61 21640.63
8085.90 21633.36
8087.93 21629.92
8088.63 21628.73
8088.76 21628.53
8088.80 21628.46
8088.81 21628.43
8088.82 21628.42
8088.82 21628.42
8088.82 21628.42
8089.09 21627.96
8104.97 21623.25
8106.36 21623.44
8108.65 21623.76
8111.69 21624.18
8132.13 21627.02
8139.76 21624.75
8147.54 21625.82
8155.29 21626.42
8162.65 21626.95
8170.38 21627.50
8177.99 21627.03
8185.58 21626.40
8204.33 21621.63
8211.99 21617.87
8220.03 21612.97
8227.74 21608.27
8236.01 21603.24
8242.99 21597.28
8248.46 21592.30
8253.58 21587.64
8261.48 21584.92
8268.09 21577.96
8274.51 21571.11
8281.21 21563.97
8287.37 21557.39
8294.01 21550.32
8300.25 21543.65
8306.37 21536.98
8312.21 21530.62
8318.36 21523.93
8324.37 21517.38
8330.25 21511.06
8341.85 21498.61
8346.47 21493.62
8351.69 21487.96
8365.30 21473.23
8370.36 21467.76
8375.71 21461.98
8380.67 21456.61
8385.49 21451.40
8390.35 21446.15
8395.49 21440.58
8400.81 21434.83
8411.38 21424.60
8413.63 21422.33
8414.76 21421.19
8414.79 21421.16
8414.81 21421.14
8414.82 21421.13
8431.08 21422.55
8432.43 21423.34
8434.52 21424.57
8437.51 21426.33
8440.80 21428.27
8455.46 21436.56
8463.52 21440.92
8471.57 21445.68
8479.27 21450.41
8487.43 21455.42
8494.80 21459.95
8502.79 21464.86
8510.89 21469.84
8518.50 21474.47
8526.65 21479.34
8534.72 21484.16
8543.15 21489.20
8550.64 21493.67
8558.48 21498.35
8566.31 21503.03
8584.58 21516.39
8590.31 21523.96
8594.28 21533.33
8597.04 21543.14
8599.46 21552.25
8601.76 21561.50
8604.05 21570.72
8606.31 21579.82
8608.75 21589.81
8611.17 21599.77
8613.54 21609.58
8615.77 21618.78
8618.78 21628.06
8622.07 21637.31
8626.05 21646.09
8630.99 21654.08
8638.19 21660.49
8646.37 21665.47
8656.52 21667.52
8666.26 21668.21
8711.30 21661.42
8721.20 21658.81
8731.36 21656.14
8740.80 21653.17
8750.61 21649.48
8760.38 21645.51
8769.96 21641.42
8779.06 21636.92
8788.25 21632.22
8797.47 21626.94
8805.93 21620.25
8813.82 21614.02
8822.18 21607.41
8829.91 21600.03
8837.16 21593.01
8844.01 21585.63
8850.65 21578.12
8857.33 21570.58
8864.62 21562.34
8871.82 21554.05
8878.72 21546.03
8885.34 21538.34
8891.82 21530.81
8919.97 21497.60
8928.38 21486.40
8940.35 21475.95
8950.85 21461.96
8962.26 21446.76
8974.48 21430.47
8986.56 21414.38
8998.38 21398.62
9010.62 21382.31
9022.70 21366.23
9034.68 21350.26
9047.24 21334.16
9059.85 21318.04
9072.51 21301.86
9085.16 21285.69
9097.84 21269.46
9110.13 21253.62
9122.65 21237.48
9136.66 21219.50
9148.29 21204.52
9160.16 21189.22
9172.02 21173.94
9183.58 21159.04
9196.40 21140.11
9208.73 21124.59
9221.18 21108.92
9233.74 21093.10
9246.07 21076.89
9258.34 21060.95
9270.85 21044.60
9282.61 21029.04
9294.39 21013.47
9306.33 20997.69
9318.00 20982.26
9329.78 20966.69
9341.47 20951.24
9353.21 20935.72
9365.32 20919.70
9377.48 20904.07
9390.04 20888.19
9402.74 20872.14
9414.78 20856.92
9427.31 20841.08
9439.68 20825.43
9452.00 20809.86
9464.52 20794.03
9476.78 20778.52
9488.46 20762.77
9500.35 20746.72
9511.93 20731.07
9524.12 20714.73
9536.76 20698.62
9548.89 20683.15
9561.23 20667.42
9573.41 20651.90
9585.63 20636.31
9597.58 20621.08
9609.65 20605.69
9622.03 20589.90
9634.58 20573.90
9646.66 20558.50
9658.91 20542.88
9671.13 20527.31
9683.16 20511.97
9695.25 20496.56
9707.52 20480.22
9719.45 20464.14
9731.13 20448.38
9742.78 20432.68
9755.03 20416.16
9766.75 20400.34
9779.31 20384.04
9791.47 20368.91
9803.85 20353.50
9815.69 20337.72
9827.84 20321.32
9839.87 20305.11
9851.68 20289.17
9863.23 20273.60
9874.95 20257.79
9886.82 20241.78
9910.24 20213.18
9922.31 20197.31
9934.23 20181.90
9946.64 20165.99
9958.47 20150.81
9970.64 20135.21
9982.68 20119.77
9994.99 20103.98
10006.34 20086.18
10016.96 20071.95
10027.80 20057.41
10038.34 20043.28
10048.93 20029.09
10059.89 20014.39
10071.03 19999.47
10081.89 19984.90
10092.65 19970.47
10117.83 19940.00
10130.53 19924.36
10142.68 19909.39
10155.25 19893.91
10167.53 19878.78
10179.64 19863.87
10192.50 19845.00
10204.82 19828.32
10216.89 19811.98
10228.57 19796.17
10240.22 19780.40
10252.29 19764.05
10263.94 19748.28
10276.28 19731.58
10288.23 19715.40
10300.50 19698.78
10312.88 19682.02
10325.01 19665.61
10337.25 19649.03
10349.52 19632.43
10361.37 19616.21
10372.95 19599.79
10384.38 19583.58
10396.41 19566.52
10407.90 19550.22
10419.31 19534.04
10430.64 19517.98
10442.45 19501.22
10453.99 19484.85
10465.67 19468.29
10477.23 19451.90
10489.25 19434.86
10500.59 19418.78
10512.46 19401.94
10524.30 19385.16
10535.67 19369.02
10547.07 19352.69
10558.67 19335.60
10570.33 19318.42
10581.55 19301.90
10592.94 19285.13
10604.21 19268.52
10615.63 19251.70
10626.92 19235.08
10638.04 19218.70
10649.68 19201.55
10661.00 19184.38
10671.75 19167.80
10683.07 19150.34
10694.24 19133.10
10705.14 19116.29
10715.84 19099.78
10726.67 19083.09
10737.99 19065.63
10748.95 19048.72
10759.64 19032.22
10770.10 19015.34
10780.56 18998.45
10791.22 18981.24
10801.64 18964.41
10812.16 18947.43
10822.63 18930.53
10833.02 18913.74
10843.61 18896.65
10854.38 18879.26
10865.26 18861.69
10876.23 18843.93
10886.58 18826.92
10897.39 18809.14
10908.04 18791.65
10918.80 18773.95
10929.02 18757.16
10939.83 18739.39
10950.59 18721.71
10961.32 18704.06
10972.08 18686.38
10982.55 18669.17
10992.72 18652.22
11002.56 18635.19
11012.90 18617.29
11023.19 18599.48
11033.32 18581.94
11043.36 18564.55
11053.23 18547.46
11063.33 18529.97
11073.74 18511.95
11084.13 18493.96
11093.79 18475.44
11102.98 18457.18
11111.87 18439.52
11120.79 18421.80
11129.91 18403.69
11138.84 18385.95
11147.85 18368.06
11157.19 18349.49
11166.37 18331.26
11175.39 18312.81
11183.62 18294.81
11192.16 18276.15
11200.32 18258.31
11208.09 18239.99
11215.57 18221.17
11223.20 18199.19
11230.86 18181.50
11238.14 18163.31
11245.22 18145.46
11252.36 18127.45
11257.50 18105.42
11264.55 18086.86
11271.48 18068.61
11278.45 18050.27
11283.53 18035.54
11287.35 18024.11
11290.83 18010.85
11293.10 18001.20
11294.84 17990.92
11297.63 17981.24
11300.54 17971.12
11303.23 17961.78
11305.96 17952.29
11308.87 17942.17
11312.58 17920.91
11313.59 17908.99
11314.58 17897.29
11313.90 17885.95
11313.17 17874.72
11309.55 17863.56
11305.29 17853.40
11300.75 17842.57
11294.38 17833.40
11287.15 17824.29
11279.26 17816.64
11271.03 17809.40
11262.54 17802.61
11253.16 17795.09
11243.97 17787.74
11229.79 17776.56
11226.19 17773.77
11222.67 17771.03
11220.52 17769.36
11219.74 17768.76
11219.65 17768.69
11219.59 17768.64
11209.35 17741.53
11211.35 17739.21
11214.56 17735.51
11218.48 17730.98
11223.19 17725.54
11228.08 17719.89
11233.22 17713.95
11238.11 17708.30
11243.02 17702.63
11248.40 17696.42
11253.44 17690.59
11258.44 17684.81
11263.27 17679.24
11268.21 17673.54
11273.37 17667.57
11276.84 17663.56
11277.97 17662.26
11277.99 17662.24
11277.99 17662.24
11277.99 17662.24
11277.99 17662.24
11277.99 17662.24
11285.15 17644.60
11284.99 17644.45
11284.77 17644.23
11284.48 17643.96
11284.12 17643.60
11270.21 17628.82
11265.30 17625.00
11263.75 17622.81
11262.31 17620.76
11241.49 17592.14
11235.70 17586.60
11229.71 17580.87
11223.22 17574.66
11217.45 17569.08
11211.30 17563.06
11205.17 17557.05
11199.00 17550.88
11192.75 17544.44
11187.11 17538.64
11174.06 17524.98
11167.60 17518.04
11161.59 17511.58
11154.78 17504.26
11148.71 17497.73
11142.22 17490.75
11135.69 17483.73
11129.06 17476.61
11122.76 17469.83
11116.43 17462.80
11110.13 17455.55
11104.19 17448.72
11097.76 17441.31
11091.51 17434.12
11085.54 17427.25
11079.32 17420.09
11073.24 17412.71
11065.89 17403.35
11060.19 17396.00
11054.73 17388.96
11048.72 17381.22
11043.18 17374.08
11037.75 17367.08
11030.29 17357.39
11025.12 17350.53
11019.59 17343.18
11014.23 17336.05
11006.73 17325.34
11001.70 17317.75
10996.54 17311.18
10991.04 17304.19
10985.49 17297.14
10977.07 17289.27
10973.25 17284.67
10970.49 17281.27
10968.87 17279.25
10968.80 17279.16
10968.79 17279.16
10968.79 17279.16
10968.79 17279.16
10968.79 17279.16
10968.79 17279.16
10968.79 17279.16
10968.79 17279.16
10958.11 17266.01
10956.53 17264.08
10953.64 17260.57
10949.57 17255.60
10944.40 17249.30
10939.02 17242.74
10933.73 17236.30
10915.86 17221.06
10911.80 17215.44
10907.68 17209.72
10903.26 17203.61
10899.10 17197.84
10895.05 17192.22
10891.08 17186.44
10884.26 17176.40
10875.35 17164.21
10870.62 17157.46
10866.06 17150.95
10861.53 17144.48
10856.75 17137.65
10849.98 17124.42
10844.40 17117.11
10838.19 17108.97
10832.01 17100.89
10826.13 17093.18
10820.21 17085.42
10814.51 17077.96
10808.42 17069.81
10802.58 17061.49
10797.15 17053.75
10791.22 17045.37
10785.52 17037.32
10779.90 17029.26
10774.27 17021.06
10769.06 17013.47
10763.40 17005.21
10757.90 16997.41
10752.18 16989.59
10746.70 16982.11
10740.54 16974.19
10734.45 16966.35
10728.62 16958.08
10723.47 16950.63
10717.83 16942.47
10712.67 16935.00
10707.35 16927.30
10701.96 16919.50
10696.19 16911.18
10690.55 16903.08
10685.18 16895.40
10679.48 16887.43
10673.77 16879.46
10668.52 16872.13
10663.05 16864.49
10657.65 16856.95
10652.03 16849.04
10646.16 16840.63
10640.52 16832.74
10634.87 16824.81
10629.04 16816.64
10623.19 16808.44
10617.38 16800.20
10611.94 16792.41
10606.24 16784.25
10600.57 16776.12
10595.08 16768.25
10589.90 16760.84
10584.50 16753.22
10578.94 16745.37
10573.25 16737.35
10567.50 16729.22
10555.13 16711.83
10549.55 16703.98
10543.95 16696.11
10538.66 16688.69
10533.68 16681.70
10528.36 16674.23
10523.21 16666.61
10517.97 16659.00
10512.89 16651.74
10507.93 16644.63
10502.89 16637.42
10497.45 16629.63
10492.07 16621.93
10486.70 16614.25
10481.23 16606.41
10478.14 16601.99
10476.49 16599.62
10476.41 16599.51
10476.40 16599.50
10476.40 16599.50
10476.40 16599.50
10476.40 16599.50
10476.40 16599.50
10476.40 16599.50
10469.77 16590.17
10467.83 16587.48
10465.15 16583.77
10461.37 16578.54
10456.94 16572.41
10452.36 16566.06
10447.83 16559.79
10443.12 16553.26
10438.14 16546.37
10433.03 16539.62
10429.31 16535.21
10427.08 16532.57
10427.05 16532.53
10427.04 16532.52
10427.04 16532.51
10427.04 16532.51
10427.04 16532.51
10427.04 16532.51
10427.04 16532.51
10427.04 16532.51
10427.04 16532.51
10427.04 16532.51
10427.04 16532.51
10415.51 16517.44
10413.54 16514.48
10410.59 16510.06
10406.94 16504.60
10402.12 16497.35
10397.21 16490.00
10391.87 16481.98
10386.67 16474.19
10381.40 16466.29
10375.96 16458.13
10370.86 16450.48
10365.87 16443.00
10361.01 16435.70
10355.91 16428.06
10351.12 16420.88
10346.08 16413.33
10340.86 16405.50
10335.70 16397.77
10330.44 16389.88
10325.08 16381.83
10319.79 16373.91
10314.68 16366.24
10309.71 16358.79
10290.04 16332.54
10284.37 16326.87
10279.07 16320.62
10273.82 16314.44
10268.84 16308.57
10263.80 16302.63
10259.52 16296.06
10255.29 16289.24
10251.12 16282.54
10246.81 16275.59
10242.72 16269.02
10234.99 16256.57
10233.06 16253.48
10226.20 16242.92
10220.18 16233.88
10217.51 16229.89
10216.09 16227.78
10215.81 16227.35
10215.59 16227.03
10215.57 16227.00
10215.56 16226.99
10215.56 16226.99
10208.82 16216.72
10206.71 16213.45
10203.40 16208.30
10199.02 16201.51
10194.15 16193.93
10188.90 16185.79
10184.01 16178.33
10178.51 16171.24
10172.79 16163.85
10166.84 16156.18
10161.82 16148.45
10156.87 16140.60
10151.86 16132.66
10146.76 16124.59
10141.97 16116.99
10137.26 16109.54
10132.17 16101.47
10127.28 16093.73
10122.22 16085.70
10117.50 16078.23
10112.26 16069.93
10107.00 16061.60
10101.67 16053.16
10096.97 16045.70
10086.23 16030.00
10081.02 16022.09
10075.76 16014.53
10070.57 16007.06
10065.26 15999.44
10059.88 15991.69
10054.97 15984.64
10049.51 15976.79
10046.97 15967.34
10041.80 15959.92
10036.71 15952.60
10031.39 15944.95
10020.86 15929.51
10015.58 15921.64
10010.44 15913.97
10005.68 15906.89
10000.79 15899.60
9995.69 15892.00
9990.36 15884.38
9984.93 15876.85
9980.02 15870.04
9974.95 15863.01
9969.97 15856.10
9964.92 15849.11
9959.94 15842.21
9954.43 15834.55
9949.17 15827.27
9944.16 15820.32
9939.23 15813.48
9933.67 15805.78
9929.82 15799.07
9928.56 15795.58
9935.09 15795.59
9940.42 15800.41
9945.60 15806.71
9950.35 15812.87
9955.19 15819.14
9960.19 15825.62
9964.90 15831.72
9969.64 15837.88
9978.31 15849.49
9983.67 15857.28
9991.33 15862.59
9996.27 15869.77
10001.40 15877.23
10006.74 15884.99
10011.87 15892.46
10017.34 15900.41
10022.66 15908.15
10027.88 15915.74
10033.25 15923.55
10038.72 15931.51
10043.90 15939.03
10048.85 15946.24
10054.43 15954.35
10059.45 15961.65
10064.87 15969.52
10070.07 15977.09
10075.39 15984.83
10080.61 15992.42
10085.84 16000.02
