18979.43 16620.53
18981.31 16620.75
18985.59 16621.29
18991.62 16623.24
18999.99 16625.94
19008.64 16628.72
19017.85 16631.70
19026.87 16634.60
19035.64 16637.43
19043.91 16640.10
19052.97 16643.02
19061.76 16645.85
19070.58 16648.70
19079.32 16651.51
19087.97 16654.30
19096.24 16656.97
19105.00 16659.79
19114.07 16662.73
19122.80 16665.66
19131.88 16668.70
19140.85 16671.72
19149.30 16674.55
19157.32 16677.25
19166.04 16680.17
19174.36 16682.97
19182.59 16685.73
19188.83 16674.57
19190.75 16664.41
19193.06 16652.24
19195.82 16637.68
19198.62 16622.87
19201.47 16607.86
19204.27 16593.05
19207.10 16578.09
19210.09 16562.33
19212.91 16547.43
19215.50 16533.78
19208.94 16525.34
19200.26 16525.07
19191.70 16524.80
19182.01 16524.49
19172.33 16524.19
19162.71 16523.88
19153.94 16523.61
19144.88 16523.32
19135.51 16523.02
19126.42 16522.84
19117.23 16523.08
19108.30 16523.73
19099.38 16524.37
19090.09 16525.21
19080.50 16526.39
19071.66 16527.48
19062.20 16528.67
19053.77 16529.82
19044.73 16531.06
19035.74 16531.49
19026.47 16531.34
19017.53 16530.58
19009.00 16529.49
19000.44 16528.40
18991.22 16526.36
18982.79 16524.43
18974.44 16522.41
18965.85 16519.90
18958.61 16517.79
18955.16 16516.79
18931.58 16507.00
18927.68 16505.09
18922.42 16503.01
18916.11 16500.60
18907.32 16497.85
18898.77 16495.52
18890.24 16493.20
18880.97 16490.67
18871.75 16488.18
18862.58 16485.77
18853.37 16483.03
18845.14 16480.40
18836.10 16478.18
18827.11 16476.18
18817.55 16474.05
18808.41 16472.02
18799.64 16469.99
18790.15 16467.30
18783.16 16465.31
18779.89 16464.39
18767.02 16462.49
18761.05 16462.33
18753.58 16463.72
18745.84 16467.24
18739.52 16471.50
18733.36 16476.66
18725.58 16490.31
18722.32 16501.02
18718.24 16513.12
18712.94 16526.99
18707.48 16541.25
18702.20 16555.63
18697.25 16570.12
18692.38 16584.34
18684.09 16606.94
18679.38 16620.24
18673.75 16634.25
18668.20 16647.48
18662.68 16660.65
18656.97 16674.03
18651.22 16687.24
18639.33 16702.86
18628.40 16713.51
18617.86 16724.80
18607.61 16736.62
18597.43 16748.37
18587.05 16760.39
18577.26 16772.21
18567.83 16783.60
18557.70 16795.84
18549.65 16808.96
18545.31 16823.26
18540.75 16838.27
18536.73 16852.48
18533.33 16864.60
18530.88 16873.28
18529.38 16878.62
18515.22 16886.76
18506.74 16884.33
18497.09 16881.58
18485.28 16878.20
18471.90 16874.38
18457.69 16870.33
18443.25 16866.20
18419.60 16859.26
18405.59 16855.11
18391.42 16850.91
18376.48 16846.55
18358.95 16844.86
18344.90 16840.71
18330.52 16836.47
18316.79 16832.42
18306.44 16829.37
18299.67 16827.37
18296.06 16826.31
18295.69 16826.20
18295.61 16826.18
18295.58 16826.17
18295.57 16826.16
18295.56 16826.16
18295.56 16826.16
18295.56 16826.16
18295.56 16826.16
18295.56 16826.16
18295.56 16826.16
18295.56 16826.16
18294.50 16825.85
18291.91 16825.08
18278.78 16821.18
18272.66 16819.33
18264.75 16816.95
18255.30 16814.10
18245.37 16807.66
18233.24 16804.00
18219.77 16799.94
18206.79 16796.03
18193.22 16791.94
18180.32 16788.06
18167.46 16784.18
18154.84 16780.37
18142.27 16776.59
18130.59 16773.07
18119.06 16769.59
18106.75 16765.88
18095.73 16762.56
18082.60 16758.60
18048.18 16748.24
18034.41 16744.11
18020.78 16740.02
18007.33 16735.98
17994.02 16731.98
17980.24 16727.84
17970.21 16724.83
17963.94 16722.95
17961.44 16722.20
17961.35 16722.17
17961.29 16722.16
17961.28 16722.15
17961.28 16722.15
17961.28 16722.15
17949.28 16718.67
17945.79 16717.68
17940.21 16716.10
17932.92 16714.03
17924.38 16711.61
17914.34 16708.76
17902.43 16705.38
17888.95 16701.56
17874.42 16697.44
17859.46 16693.20
17844.00 16688.81
17828.99 16684.56
17814.67 16683.92
17800.08 16680.38
17784.68 16679.27
17768.74 16680.10
17753.73 16683.13
17739.51 16687.50
17718.86 16696.58
17705.48 16703.60
17691.65 16712.05
17678.73 16720.46
17665.38 16729.15
17651.74 16738.04
17638.60 16746.60
17625.87 16754.89
17612.01 16762.42
17600.76 16767.53
17590.55 16772.73
17579.56 16778.55
17551.20 16786.10
17540.08 16788.58
17531.07 16790.58
17525.51 16791.82
17523.39 16792.29
17519.33 16793.20
17518.72 16793.34
17517.81 16793.54
17517.57 16793.59
17517.54 16793.60
17517.53 16793.60
17517.53 16793.60
17517.53 16793.60
17517.53 16793.60
17517.53 16793.60
17517.53 16793.60
17517.53 16793.60
17517.53 16793.60
17517.53 16793.60
17517.53 16793.60
17517.53 16793.60
17517.53 16793.60
17517.53 16793.60
17517.53 16793.60
17517.53 16793.60
17517.53 16793.60
17517.53 16793.60
17517.53 16793.60
17517.53 16793.60
17517.53 16793.60
17517.53 16793.60
17517.53 16793.60
17517.53 16793.60
17517.53 16793.60
17517.53 16793.60
17517.53 16793.60
17517.53 16793.60
17517.53 16793.60
17517.53 16793.60
17517.53 16793.60
17518.85 16796.69
17517.62 16814.54
17518.46 16816.90
17519.77 16820.60
17521.52 16825.55
17523.79 16831.98
17526.65 16840.06
17530.13 16849.91
17534.24 16861.52
17538.28 16872.94
17540.11 16890.62
17531.20 16898.72
17519.02 16903.64
17508.54 16908.05
17500.83 16911.31
17494.55 16913.73
17490.35 16915.35
17489.47 16915.74
17489.45 16915.74
17489.44 16915.75
17465.09 16916.09
17464.26 16913.78
17463.11 16910.60
17458.36 16907.16
17456.21 16901.21
17451.76 16884.82
17448.19 16876.26
17444.21 16866.73
17439.68 16855.85
17435.86 16846.71
17432.71 16840.12
17430.69 16836.57
17430.27 16835.83
17430.21 16835.73
17430.20 16835.72
17430.20 16835.71
17430.20 16835.71
17430.20 16835.71
17430.20 16835.71
17430.20 16835.71
17430.20 16835.71
17430.20 16835.71
17430.20 16835.71
17430.20 16835.71
17430.20 16835.71
17429.39 16834.28
17428.01 16831.86
17426.71 16820.57
17426.54 16820.21
17426.53 16816.25
17420.51 16810.75
17413.65 16803.31
17409.23 16793.22
17404.14 16781.59
17398.24 16768.12
17389.03 16746.02
17383.53 16732.32
17378.15 16718.98
17372.64 16705.53
17364.44 16690.04
17358.83 16678.15
17352.51 16666.44
17345.44 16654.47
17329.23 16637.73
17322.47 16633.79
17317.18 16633.05
17313.84 16632.89
17312.71 16632.87
17312.60 16632.86
17312.56 16632.86
17312.56 16632.86
17299.58 16634.66
17296.34 16636.09
17291.09 16638.42
17283.50 16641.78
17273.94 16646.02
17262.17 16651.23
17248.65 16657.22
17234.31 16663.57
17219.47 16670.15
17204.81 16676.64
17190.86 16682.82
17175.15 16686.30
17160.34 16693.19
17145.16 16700.24
17130.07 16707.26
17115.07 16714.23
17100.70 16720.91
17085.84 16727.83
17071.09 16734.68
17056.29 16741.84
17042.35 16749.11
17028.42 16756.37
17013.89 16763.94
16999.15 16771.62
16984.50 16779.25
16969.75 16786.94
16955.04 16794.61
16940.53 16802.18
16926.62 16809.43
16911.96 16817.07
16897.37 16824.67
16883.47 16831.92
16869.35 16839.27
16854.36 16847.09
16839.78 16854.69
16824.76 16862.52
16810.72 16869.84
16796.37 16877.32
16781.90 16884.86
16767.27 16892.48
16754.81 16902.69
16740.90 16909.95
16725.90 16917.76
16711.99 16925.01
16697.08 16932.79
16682.46 16940.40
16667.76 16948.06
16653.05 16955.73
16638.04 16963.55
16623.90 16970.93
16609.01 16978.69
16593.99 16986.52
16579.30 16994.17
16564.77 17001.74
16549.86 17009.52
16535.00 17017.26
16520.81 17024.66
16505.85 17032.46
16491.91 17039.72
16477.27 17047.35
16463.29 17054.64
16448.50 17062.35
16434.60 17069.59
16420.47 17076.82
16406.26 17084.05
16391.88 17092.11
16378.01 17100.23
16365.19 17110.56
16353.00 17121.48
16341.73 17133.83
16327.04 17151.19
16318.91 17163.16
16310.72 17175.21
16301.86 17191.93
16294.67 17206.40
16288.62 17221.65
16283.72 17237.18
16278.87 17252.82
16274.05 17268.39
16269.51 17283.91
16266.25 17299.53
16262.82 17316.06
16259.30 17332.61
16255.30 17348.38
16250.99 17364.43
16246.00 17379.80
16240.68 17395.00
16233.89 17410.18
16226.43 17425.18
16218.34 17439.25
16209.81 17452.74
16199.74 17465.91
16188.66 17478.52
16177.08 17489.57
16164.19 17500.32
16150.92 17510.40
16137.63 17519.73
16123.88 17527.82
16108.65 17535.42
16094.56 17541.86
16079.92 17547.03
16065.65 17551.19
16044.95 17558.68
16030.51 17561.08
16015.74 17563.53
16001.15 17565.95
15986.17 17568.44
15967.24 17567.96
15951.82 17570.37
15936.01 17572.85
15920.20 17575.32
15903.73 17577.91
15888.17 17580.34
15872.71 17582.77
15857.15 17585.20
15841.57 17587.64
15825.49 17590.16
15809.46 17592.87
15794.33 17599.22
15779.18 17602.22
15763.83 17605.25
15748.90 17608.20
15732.86 17611.53
15717.04 17615.98
15701.83 17620.25
15686.52 17624.55
15671.32 17628.82
15656.30 17633.04
15641.10 17637.31
15626.03 17641.55
15611.23 17645.69
15596.53 17649.80
15581.29 17654.05
15566.23 17658.33
15551.40 17662.72
15536.74 17667.06
15521.97 17671.18
15502.16 17675.22
15496.24 17688.65
15490.17 17702.44
15484.09 17716.22
15478.10 17729.49
15471.93 17742.61
15465.85 17755.71
15457.69 17772.60
15449.91 17786.82
15442.54 17800.30
15435.07 17814.12
15424.70 17827.37
15417.84 17841.22
15410.39 17855.26
15401.40 17879.74
15395.47 17893.86
15389.31 17908.54
15383.18 17923.12
15376.90 17938.08
15370.98 17952.18
15364.78 17966.95
15358.63 17981.61
15352.36 17996.53
15346.11 18011.41
15340.16 18025.60
15333.86 18040.59
15327.22 18055.44
15320.30 18070.14
15313.61 18084.35
15307.09 18098.21
15300.42 18112.39
15295.33 18123.19
15291.62 18131.07
15289.50 18135.58
15270.01 18139.79
15261.84 18137.63
15251.61 18134.94
15240.08 18131.90
15226.47 18128.31
15211.25 18124.24
15196.09 18121.05
15180.77 18117.95
15165.62 18114.86
15149.98 18111.67
15134.36 18108.49
15118.36 18108.59
15103.68 18105.59
15088.71 18102.54
15073.07 18099.35
15058.32 18096.48
15043.17 18093.80
15028.22 18091.15
15012.52 18088.37
14997.13 18085.64
14982.45 18083.04
14970.94 18081.35
14949.97 18078.62
14937.99 18074.14
14933.13 18073.80
14930.32 18073.56
14912.26 18071.95
14904.52 18071.21
14895.28 18070.27
14884.11 18069.13
14871.51 18067.84
14844.29 18068.43
14832.27 18067.65
14820.30 18067.53
14807.74 18067.41
14780.16 18067.59
14768.72 18067.81
14757.04 18068.02
14745.25 18068.24
14710.42 18068.72
14696.96 18068.94
14684.03 18069.14
14671.02 18069.35
14658.39 18069.55
14634.82 18069.88
14620.39 18070.08
14606.65 18070.41
14582.43 18071.00
14567.57 18071.33
14552.60 18071.67
14537.62 18072.01
14522.37 18072.35
14506.46 18072.71
14491.39 18073.05
14475.75 18073.41
14459.88 18073.77
14444.88 18074.11
14420.58 18074.85
14404.72 18075.32
14389.72 18075.75
14374.71 18076.17
14359.77 18076.59
14343.72 18077.07
14327.73 18077.40
14312.58 18077.71
14297.67 18078.01
14282.37 18078.31
14256.21 18078.73
14240.88 18078.54
14226.01 18078.36
14210.27 18078.16
14194.64 18077.97
14179.04 18077.78
14163.36 18077.59
14148.27 18077.41
14132.84 18077.22
14117.50 18077.03
14102.13 18076.84
14088.21 18076.75
14077.77 18076.88
14071.48 18076.96
14069.35 18076.99
14068.91 18077.00
14068.89 18077.00
14068.87 18077.00
14068.87 18077.00
14068.86 18077.00
14068.86 18077.00
14068.86 18077.00
14068.86 18077.00
14045.97 18077.46
14042.08 18077.56
14035.87 18077.73
14028.42 18077.93
14018.72 18078.19
14007.61 18078.49
13994.63 18078.85
13980.24 18080.21
13965.50 18081.80
13950.71 18083.40
13936.31 18085.62
13921.15 18088.69
13899.93 18093.24
13885.60 18097.30
13871.05 18098.13
13857.17 18102.59
13838.13 18109.08
13824.72 18114.71
13805.68 18122.80
13792.67 18128.52
13779.93 18134.11
13761.64 18142.08
13748.87 18147.57
13735.67 18153.25
13716.88 18161.41
13704.28 18166.94
13691.33 18172.63
13671.97 18181.28
13658.58 18187.19
13645.33 18191.91
13635.86 18195.13
13629.78 18196.86
13627.04 18197.64
13626.38 18197.82
13626.29 18197.85
13626.26 18197.86
13626.24 18197.86
13626.24 18197.86
13626.24 18197.86
13626.24 18197.86
13626.24 18197.86
13615.42 18200.20
13613.98 18200.42
13611.77 18200.75
13608.68 18201.22
13607.00 18201.48
13606.66 18201.53
13606.51 18201.56
13584.44 18203.28
13581.51 18203.12
13577.28 18202.90
13571.12 18202.57
13563.17 18202.15
13553.43 18201.63
13545.30 18201.00
13540.47 18200.62
13544.18 18197.60
13552.61 18198.28
13562.12 18198.79
13572.27 18199.33
13578.93 18199.68
13582.86 18199.89
13584.22 18199.96
13584.28 18199.96
13584.32 18199.97
13584.33 18199.97
13584.33 18199.97
13584.33 18199.97
13584.33 18199.97
13584.33 18199.97
13584.33 18199.97
13584.33 18199.97
13595.83 18189.99
13596.35 18187.67
13597.06 18184.45
13598.11 18179.98
13599.43 18174.69
13602.70 18161.58
13605.64 18148.93
13609.12 18133.97
13612.76 18118.30
13616.31 18103.03
13619.74 18088.32
13623.34 18072.81
13626.80 18057.95
13630.84 18040.85
13633.92 18028.16
13634.05 18012.01
13619.99 18012.35
13605.25 18012.71
13592.44 18013.03
13583.14 18013.26
13576.59 18013.42
13569.95 18001.52
13569.68 17990.74
13569.35 17977.99
13568.98 17963.81
13568.58 17947.87
13568.18 17932.53
13567.78 17916.92
13567.40 17902.08
13552.47 17895.93
13537.53 17896.29
13522.15 17896.66
13507.46 17897.02
13485.78 17897.15
13470.22 17896.81
13455.40 17896.49
13440.80 17896.17
13426.17 17895.85
13405.03 17894.59
13390.09 17893.29
13399.59 17890.80
