11484.11 14937.28
11483.17 14937.88
11474.61 14943.13
11469.70 14946.10
11463.30 14949.99
11455.27 14954.86
11445.74 14960.56
11437.11 14965.68
11431.89 14968.78
11430.07 14969.86
11430.03 14969.88
11430.02 14969.89
11430.02 14969.89
11430.02 14969.89
11430.02 14969.89
11430.02 14969.89
11430.02 14969.89
11430.02 14969.89
11430.02 14969.89
11430.02 14969.89
11430.02 14969.89
11430.02 14969.89
11430.02 14969.89
11430.02 14969.89
11423.25 14973.90
11419.90 14975.87
11415.19 14978.65
11409.04 14982.28
11401.36 14986.81
11391.68 14992.52
11380.47 14999.14
11368.98 15005.92
11357.27 15012.83
11340.01 15023.66
11328.77 15030.81
11318.44 15037.39
11307.50 15044.36
11296.51 15051.36
11277.84 15063.07
11269.27 15068.26
11254.92 15076.96
11245.57 15082.64
11235.47 15088.78
11225.85 15094.63
11206.30 15108.25
11200.63 15112.75
11188.09 15124.84
11180.28 15132.51
11172.64 15140.58
11164.66 15149.01
11143.48 15171.58
11135.51 15180.23
11127.16 15189.32
11119.07 15198.11
11111.34 15206.52
11103.60 15214.94
11091.87 15232.24
11083.27 15241.21
11074.60 15250.25
11065.63 15259.49
11057.30 15268.25
11048.93 15277.21
11044.99 15295.79
11052.42 15306.63
11059.97 15317.66
11067.27 15327.82
11075.64 15338.41
11084.03 15348.94
11091.99 15358.59
11100.49 15368.89
11108.53 15378.64
11116.70 15388.53
11124.70 15398.62
11132.21 15409.21
11139.57 15419.60
11147.44 15430.72
11154.66 15440.91
11162.28 15451.67
11167.52 15459.07
11170.50 15463.30
11171.68 15464.97
11171.77 15465.10
11171.80 15465.14
11182.95 15485.18
11184.89 15488.37
11188.01 15493.01
11192.24 15499.30
11197.30 15506.83
11203.55 15516.13
11210.76 15526.86
11217.77 15537.28
11224.75 15547.67
11231.95 15558.39
11238.97 15569.08
11245.93 15579.73
11252.70 15590.08
11259.84 15601.22
11265.95 15613.15
11276.03 15637.59
11282.26 15646.92
11288.64 15656.20
11295.41 15665.13
11301.69 15673.42
11313.52 15691.25
11319.03 15696.72
11324.92 15702.09
11329.61 15707.83
11339.61 15723.11
11346.21 15734.13
11352.86 15744.96
11359.64 15755.99
11366.68 15767.44
11373.55 15778.22
11380.83 15789.55
11388.17 15800.97
11395.32 15811.51
11402.68 15822.22
11410.04 15832.87
11417.55 15843.76
11423.70 15852.68
11428.29 15859.31
11430.59 15862.52
11430.86 15862.89
11430.98 15863.05
11431.02 15863.10
11431.03 15863.12
11420.92 15882.04
11419.50 15882.90
11417.32 15884.22
11414.21 15886.13
11410.58 15888.37
11395.33 15897.94
11385.55 15904.26
11375.15 15910.99
11364.44 15917.94
11353.91 15924.78
11337.94 15935.16
11326.84 15942.38
11315.75 15949.60
11304.31 15957.05
11292.83 15964.53
11281.83 15971.57
11274.31 15976.23
11270.38 15978.66
11269.52 15979.19
11269.24 15979.36
11269.05 15979.48
11269.00 15979.51
11262.03 15983.83
11258.94 15985.74
11254.40 15988.56
11248.56 15992.20
11241.86 15996.65
11228.77 16005.51
11219.26 16012.11
11208.50 16019.57
11198.39 16026.58
11183.71 16036.65
11176.00 16041.88
11162.51 16051.28
11158.40 16054.19
11156.66 16055.43
11156.60 16055.47
11156.57 16055.49
11156.57 16055.49
11156.56 16055.49
11156.56 16055.50
11150.15 16059.81
11146.73 16062.02
11142.20 16064.94
11136.17 16068.81
11128.73 16073.61
11119.29 16079.69
11108.63 16086.55
11097.81 16093.52
11081.92 16103.81
11071.78 16110.47
11060.85 16117.65
11050.93 16124.49
11040.99 16131.38
11022.11 16143.90
11010.77 16151.14
11000.11 16158.38
10989.45 16165.62
10979.17 16172.59
10968.32 16179.92
10957.73 16187.09
10946.72 16194.54
10936.47 16201.48
10916.40 16214.96
10906.86 16221.32
10896.96 16227.92
10887.41 16234.29
10883.23 16246.93
10890.87 16259.15
10898.44 16271.26
10905.97 16283.30
10913.11 16294.73
10920.48 16306.52
10928.09 16318.69
10935.17 16330.02
10942.30 16341.66
10948.98 16353.32
10955.72 16365.07
10962.46 16376.82
10969.66 16389.38
10976.37 16401.08
10983.58 16413.64
10989.37 16426.93
10995.62 16438.77
11002.26 16451.35
11009.04 16464.16
11014.62 16476.95
11020.21 16489.80
11025.87 16502.81
11031.22 16515.10
11036.55 16527.35
11041.85 16539.55
11047.48 16552.49
11056.24 16573.92
11061.27 16586.30
11066.44 16599.15
11071.70 16612.22
11077.11 16624.58
11082.55 16636.35
11087.98 16648.12
11093.57 16660.21
11099.26 16672.54
11107.51 16689.97
11113.23 16701.74
11118.88 16713.36
11124.36 16724.62
11129.93 16736.07
11135.18 16746.87
11139.25 16755.23
11141.59 16760.04
11140.96 16778.05
11136.93 16784.96
11132.13 16793.16
11126.60 16802.63
11120.05 16813.84
11113.60 16824.87
11106.86 16836.40
11096.70 16854.79
11091.40 16865.17
11086.10 16875.52
11077.67 16891.23
11071.66 16901.08
11065.86 16910.58
11060.27 16919.75
11045.31 16943.13
11039.83 16951.27
11030.65 16964.84
11024.47 16973.91
11018.29 16982.98
11012.20 16991.91
10996.61 17014.19
10989.75 17023.61
10982.69 17033.29
10975.94 17042.56
10969.14 17051.90
10957.69 17068.05
10950.76 17079.75
10946.58 17091.77
10939.93 17102.77
10933.27 17113.30
10926.66 17123.78
10920.15 17134.09
10914.64 17144.52
10910.88 17151.69
10908.71 17155.82
10908.31 17156.58
10908.18 17156.83
10908.17 17156.85
10904.42 17170.32
10904.22 17171.24
10903.94 17172.47
10903.70 17173.55
10905.53 17190.48
10910.20 17197.70
10915.56 17205.99
10922.11 17215.43
10929.99 17225.90
10937.63 17236.02
10945.81 17246.81
10952.94 17255.37
10957.68 17260.73
10959.71 17263.02
10960.19 17263.56
10960.29 17263.67
10960.29 17263.68
10960.30 17263.68
10960.30 17263.68
10960.30 17263.68
10960.30 17263.68
10960.30 17263.68
10960.30 17263.68
10960.30 17263.68
10960.30 17263.68
10960.30 17263.68
10960.30 17263.68
10960.30 17263.68
10960.78 17264.23
10955.37 17273.96
10952.26 17274.45
10947.56 17275.16
10941.85 17275.96
10935.28 17276.87
10931.47 17288.36
10933.53 17301.40
10935.55 17314.18
10937.66 17327.53
10939.65 17340.10
10941.62 17352.57
10943.76 17366.10
10946.69 17384.83
10948.77 17398.17
10950.84 17411.39
10953.00 17425.23
10955.15 17439.06
10963.05 17443.60
10976.31 17440.35
10988.05 17433.52
