9695.11 16621.41
9693.75 16622.56
9691.08 16624.82
9686.73 16628.49
9680.84 16633.48
9673.08 16640.05
9663.96 16647.76
9653.56 16656.53
9642.48 16665.80
9631.59 16674.95
9620.66 16684.19
9609.83 16693.89
9599.18 16702.93
9591.21 16708.99
9580.12 16722.64
9570.91 16731.15
9561.77 16739.59
9552.63 16748.04
9542.63 16756.11
9533.08 16763.54
9529.22 16776.92
9533.73 16788.66
9538.13 16800.13
9542.49 16811.48
9546.97 16823.17
9551.44 16834.82
9556.06 16846.86
9560.40 16858.18
9567.81 16876.15
9573.20 16888.80
9578.73 16901.76
9583.66 16914.08
9584.23 16932.28
9581.06 16942.47
9578.25 16952.91
9576.40 16962.67
9575.52 16969.15
9575.08 16972.33
9572.75 16998.95
9572.28 17007.47
9571.70 17017.89
9571.05 17029.78
9570.27 17043.86
9569.47 17058.32
9568.69 17072.34
9567.94 17086.91
9567.33 17100.83
9566.75 17114.28
9566.12 17128.84
9565.61 17142.48
9566.26 17156.14
9566.94 17170.53
9568.42 17184.17
9570.41 17198.11
9573.05 17211.62
9577.80 17224.53
9583.52 17236.93
9589.36 17249.62
9595.08 17262.02
9607.09 17259.10
9615.70 17248.34
9624.32 17237.58
9632.61 17226.91
9641.18 17215.44
9649.18 17204.73
9657.40 17193.73
9665.93 17182.31
9679.40 17176.08
9690.20 17183.86
9700.65 17191.39
9711.42 17199.15
9721.48 17207.03
9731.90 17215.20
9739.18 17220.91
9743.59 17224.36
9746.47 17242.60
9753.41 17247.70
9761.40 17253.58
9770.84 17260.65
9780.66 17268.13
9790.82 17275.86
9800.93 17283.55
9810.59 17290.90
9836.82 17308.90
9846.66 17315.51
9856.10 17321.85
9865.58 17328.21
9873.52 17333.54
9878.82 17337.10
9888.48 17334.80
9892.87 17328.79
9897.36 17322.95
9902.04 17317.01
9906.24 17311.67
9914.63 17300.82
9919.66 17294.13
9924.80 17287.30
9929.81 17280.64
9934.76 17273.67
9938.61 17267.07
9942.73 17259.48
9946.40 17252.53
9949.71 17244.61
9951.63 17239.72
9956.45 17226.80
9958.94 17219.88
9961.76 17212.04
9964.62 17204.05
9967.39 17196.31
9970.22 17188.39
9972.81 17180.52
9975.19 17172.70
9977.51 17165.32
9979.37 17159.40
9981.80 17162.69
9979.41 17170.29
9976.98 17177.99
9974.80 17185.39
9972.31 17192.34
9969.51 17200.19
9967.02 17207.16
9964.51 17214.13
9961.63 17222.14
9958.79 17230.02
