18473.18 15271.88
18475.23 15271.95
18479.53 15272.10
18485.43 15271.40
18492.55 15269.29
18500.43 15265.10
18508.60 15257.53
18515.39 15248.50
18518.56 15237.53
18519.09 15226.04
18517.51 15215.22
18512.67 15205.66
18505.46 15196.68
18496.19 15190.30
18479.92 15176.14
18469.66 15169.01
18458.30 15164.99
18446.32 15160.76
18434.95 15156.73
18423.98 15152.85
18412.35 15148.90
18399.23 15148.00
18388.82 15141.04
18377.76 15137.35
18366.16 15133.48
18354.47 15129.58
18343.09 15125.72
18332.21 15121.96
18320.17 15121.26
18309.56 15114.04
18294.57 15110.76
18283.39 15107.05
18271.92 15103.25
18260.12 15099.32
18248.77 15095.51
18236.50 15094.87
18225.38 15088.60
18213.95 15085.78
18201.67 15082.59
18190.25 15080.26
18178.76 15078.62
18167.01 15077.00
18155.02 15075.35
18142.08 15076.90
18130.25 15075.27
18117.68 15073.54
18105.13 15071.81
18092.67 15070.10
18079.97 15068.35
18067.32 15066.61
18055.43 15064.97
18043.02 15063.27
18030.67 15061.57
18019.07 15059.97
18006.62 15058.26
17994.71 15056.62
17982.66 15054.96
17970.76 15053.32
17958.68 15051.66
17947.18 15050.08
17934.44 15048.33
17922.13 15046.63
17910.43 15045.02
17897.77 15043.28
17885.40 15041.58
17872.98 15039.87
17860.82 15038.50
17847.67 15037.41
17830.01 15038.52
17813.10 15038.24
17794.65 15037.93
17776.35 15038.81
17757.77 15040.08
17739.37 15041.49
17720.79 15043.44
17701.77 15045.71
17686.46 15047.59
17660.47 15051.46
17649.24 15055.32
17638.00 15059.20
17627.26 15062.89
17616.82 15067.39
17606.46 15072.02
17595.69 15076.94
17585.32 15082.39
17574.90 15087.44
17564.34 15092.09
17553.58 15095.98
17542.83 15099.07
17531.53 15101.29
17520.22 15101.76
17508.28 15101.10
17496.69 15097.88
17486.08 15092.47
17479.86 15088.01
17476.59 15085.66
17468.08 15086.78
17462.31 15088.33
17454.01 15086.89
17445.86 15075.18
17446.98 15065.55
17456.09 15057.35
17465.59 15046.43
17469.68 15035.86
17473.55 15025.44
17477.01 15015.06
17479.54 15004.47
17481.17 14993.48
17481.85 14983.01
17481.62 14972.56
17481.00 14961.56
17479.78 14950.93
17477.38 14940.36
17465.54 14921.17
17460.93 14917.25
17455.24 14914.75
17449.27 14913.36
17419.08 14930.31
17416.71 14941.10
17417.42 14951.70
17421.08 14961.72
17433.01 14971.22
17446.03 14978.90
17457.56 14980.30
17469.45 14981.75
17481.44 14983.21
17493.47 14984.67
17504.60 14986.03
17516.61 14987.49
17528.05 14988.88
17540.16 14990.37
17552.11 14991.83
17564.23 14993.31
17575.49 14994.70
17587.39 14996.16
17599.20 14997.61
17611.05 14999.16
17622.99 15000.73
17634.73 15002.27
17646.17 15003.77
17661.28 15004.24
17673.48 15006.05
17685.92 15007.89
17698.48 15009.76
17711.21 15011.64
17723.38 15013.45
17735.76 15015.29
17747.90 15017.09
17760.36 15018.71
17772.10 15019.81
17784.45 15020.96
17796.39 15022.07
17808.58 15023.21
17821.09 15024.37
17833.76 15025.55
17846.16 15026.71
17858.79 15027.95
17870.86 15029.55
17883.25 15031.18
17895.02 15032.74
17907.45 15034.38
17919.23 15035.94
17931.41 15037.55
17943.69 15039.17
17956.38 15040.84
17968.92 15042.50
17980.51 15044.03
17993.24 15045.71
18004.78 15047.24
18017.19 15048.88
18028.75 15050.40
18040.40 15051.94
18052.89 15053.59
18065.53 15055.26
18077.84 15056.89
18089.63 15058.44
18101.82 15060.05
18113.48 15061.59
18126.16 15063.27
18138.56 15064.91
18150.24 15066.45
18162.61 15068.08
18175.01 15069.72
18186.69 15071.26
18198.20 15072.79
18209.88 15074.33
18222.33 15076.16
18234.49 15078.43
18246.44 15080.66
18258.53 15082.92
18270.84 15085.22
18282.32 15087.37
18294.92 15089.84
18307.17 15092.32
18318.69 15094.65
18330.89 15097.23
18342.76 15101.16
18354.81 15105.15
18366.30 15109.09
18378.11 15113.42
18389.08 15117.45
18400.60 15121.67
18412.49 15126.03
18424.56 15130.46
18435.85 15134.60
18448.92 15141.20
18462.01 15146.12
18476.44 15151.54
18492.44 15157.55
18510.48 15164.82
18528.56 15172.36
18547.11 15180.10
18565.43 15187.75
18583.07 15195.11
18601.82 15202.93
18629.42 15212.35
18645.36 15218.71
18661.47 15225.15
18677.02 15231.35
18693.17 15237.80
18708.60 15243.96
18723.93 15250.08
18739.82 15256.43
18771.22 15271.02
18789.38 15278.56
18807.86 15286.24
18825.59 15293.54
18844.04 15300.88
18862.74 15308.34
18880.34 15315.35
18909.38 15325.15
18923.47 15330.35
18937.77 15335.51
18957.66 15341.60
18978.77 15348.06
19000.77 15356.04
19018.08 15360.56
19034.69 15364.90
19050.76 15369.10
19063.89 15372.08
19074.55 15374.25
19082.20 15375.81
19145.63 15385.98
19150.76 15386.80
19155.63 15387.57
19160.04 15388.27
19164.99 15388.88
19169.54 15385.50
19174.36 15385.40
19179.14 15385.30
19183.75 15385.21
19192.01 15386.66
19198.77 15386.45
19205.92 15386.24
19213.41 15386.01
19220.66 15385.79
19227.91 15385.58
19234.71 15385.37
19241.56 15385.16
19248.33 15384.96
19254.86 15384.76
19261.67 15384.56
19268.49 15384.35
19275.18 15384.15
19282.48 15383.93
19288.96 15383.74
19295.97 15383.58
19303.17 15383.41
19309.53 15383.26
19316.51 15383.09
19336.15 15380.97
19345.21 15380.75
19356.52 15381.00
19369.97 15381.58
19384.84 15383.12
19401.57 15385.10
19419.48 15388.77
19438.77 15393.50
19457.57 15399.82
19475.43 15407.58
19492.59 15415.88
19510.27 15425.61
19526.63 15437.04
19541.95 15448.68
19557.09 15462.18
19571.21 15475.04
19585.34 15489.08
19596.97 15505.73
19607.33 15522.91
19617.12 15540.51
19626.02 15557.96
19633.81 15575.79
19640.08 15595.08
19644.58 15613.83
19648.29 15633.67
19650.49 15652.65
19651.80 15672.73
19651.46 15692.17
19649.82 15712.31
19647.27 15732.01
19642.76 15751.20
19637.67 15770.32
19631.98 15788.54
19625.77 15806.38
19618.02 15822.74
19611.78 15834.50
19605.35 15846.60
19598.75 15859.04
19592.38 15874.42
19586.29 15885.76
19580.11 15897.27
19573.86 15908.89
19567.63 15920.50
19560.78 15932.20
19553.88 15943.51
19547.20 15954.50
19540.81 15965.83
19534.19 15977.56
19529.52 15990.35
19525.27 16002.84
19520.80 16015.98
19507.64 16056.86
19501.10 16071.82
19497.38 16089.41
19493.40 16108.23
19489.04 16128.84
19484.37 16150.97
19479.39 16174.50
19474.31 16198.53
19469.34 16222.05
19464.43 16245.29
19459.52 16268.47
19454.69 16291.35
19449.70 16314.93
19444.85 16337.90
19439.90 16361.32
19435.71 16388.48
19430.26 16413.11
19424.83 16437.69
19419.51 16461.74
19414.02 16486.58
19408.62 16510.97
19403.14 16535.82
19397.84 16560.68
19392.59 16585.28
19387.41 16609.56
19382.29 16633.53
19376.94 16658.59
19371.77 16682.75
19366.63 16706.73
19361.31 16731.54
19356.13 16755.67
19350.90 16780.06
19345.75 16804.07
19340.50 16828.55
19335.18 16853.34
19329.88 16877.95
19324.64 16902.29
19319.30 16927.08
19314.07 16951.33
19308.68 16976.34
19303.35 17001.12
19298.10 17025.47
19292.77 17050.22
19287.56 17074.39
19282.39 17098.37
19276.98 17123.49
19271.57 17148.62
19266.20 17173.54
19260.84 17198.40
19255.88 17221.41
19251.87 17240.02
19248.81 17254.26
19240.34 17301.51
19240.21 17308.86
19241.83 17315.94
19244.63 17322.33
19248.57 17328.10
19253.21 17334.12
19259.01 17338.39
19265.53 17341.79
19272.83 17344.14
19279.95 17345.24
19287.26 17345.47
19294.51 17345.20
19301.32 17343.06
19307.83 17340.10
19313.67 17335.92
19318.88 17330.92
19323.27 17325.66
19328.04 17319.61
19330.85 17317.69
19333.30 17306.80
19336.25 17293.69
19339.37 17279.86
19342.34 17266.65
19345.39 17253.08
19348.37 17239.86
19351.32 17226.74
19354.50 17212.59
19359.65 17191.78
19362.06 17181.97
19364.32 17165.86
19366.40 17157.37
19368.02 17151.44
19369.17 17148.08
19369.48 17147.18
19369.54 17147.01
19369.59 17146.88
19369.60 17146.86
19369.60 17146.85
19369.60 17146.85
19369.60 17146.85
19369.60 17146.85
19369.60 17146.85
19369.60 17146.85
19369.60 17146.85
19369.60 17146.85
19369.60 17146.85
19369.60 17146.85
19369.60 17146.85
19369.60 17146.85
19369.60 17146.85
19369.60 17146.85
19369.60 17146.85
19369.60 17146.85
19369.60 17146.85
19369.60 17146.85
19396.90 17142.37
19400.29 17139.93
19405.07 17137.89
19410.21 17139.38
19416.88 17141.33
19424.27 17143.49
19431.35 17145.56
19438.81 17147.68
19463.89 17158.10
19473.37 17160.94
19482.64 17163.82
19491.85 17166.67
19501.31 17169.61
19511.15 17172.65
19520.84 17175.66
19531.14 17175.30
19549.41 17180.71
19559.55 17183.74
19570.65 17187.05
19580.10 17193.32
19590.30 17196.37
19600.75 17199.48
19610.96 17202.53
19621.88 17205.71
19633.04 17208.38
19646.38 17211.88
19655.16 17214.43
19664.53 17217.34
19673.34 17220.11
19682.47 17222.98
19715.74 17231.92
19724.75 17234.82
19734.07 17237.83
19742.92 17240.69
19751.80 17243.55
19760.66 17246.39
19774.75 17250.88
19782.45 17253.32
19801.01 17258.89
19810.53 17261.70
19818.26 17263.98
19823.10 17265.41
19826.35 17282.20
19823.24 17291.39
19820.07 17301.69
19817.29 17312.48
19815.20 17323.10
19814.06 17333.66
19812.93 17344.21
19811.74 17355.26
19810.57 17366.15
19809.39 17377.11
19809.06 17387.82
19811.13 17410.08
19812.57 17421.41
19814.07 17433.18
19816.07 17444.74
19818.31 17455.72
19820.51 17466.58
19822.87 17478.20
19825.16 17489.44
19827.52 17501.06
19829.93 17511.67
19832.60 17523.15
19835.30 17534.71
19838.21 17555.95
19839.37 17566.98
19840.41 17578.03
19841.30 17589.13
19842.20 17600.39
19843.04 17610.86
19843.87 17621.19
19844.43 17628.13
19844.66 17631.03
19844.69 17631.39
19844.69 17631.47
19844.70 17631.51
19844.70 17631.52
19844.70 17631.53
19844.70 17631.53
19844.70 17631.53
19844.70 17631.53
19844.70 17631.53
19844.70 17631.53
19844.70 17631.53
19844.70 17631.53
19844.70 17631.53
19849.96 17636.41
19854.61 17636.59
19860.52 17636.83
19868.60 17637.16
19878.48 17637.56
19890.47 17638.04
19901.64 17638.49
19913.22 17638.96
19925.46 17639.45
19937.18 17639.92
19948.44 17640.38
19955.32 17640.56
19961.67 17640.72
19967.91 17640.95
19974.49 17641.28
19980.91 17641.52
19987.61 17641.77
19994.52 17642.03
20001.28 17642.29
20007.41 17642.52
20014.25 17642.77
20021.07 17643.03
20027.41 17643.27
20033.28 17643.49
20039.63 17643.72
20046.45 17643.98
20053.08 17644.23
20059.15 17644.45
20065.74 17644.70
20071.74 17644.93
20078.54 17645.18
20113.22 17647.65
20119.98 17648.80
20126.20 17649.87
20132.51 17650.95
20138.50 17651.97
20144.44 17652.88
20151.16 17653.61
20157.35 17654.28
20163.61 17654.96
20169.55 17655.60
20176.47 17656.35
20183.27 17657.10
20189.23 17657.93
20195.76 17658.84
20202.11 17659.72
20208.84 17660.66
20215.44 17661.58
20221.29 17662.39
20227.75 17663.29
20233.92 17664.14
20240.34 17665.04
20246.74 17665.93
20252.76 17666.93
20259.77 17668.15
20268.68 17669.71
20278.79 17671.47
20299.14 17675.24
20308.75 17677.25
20318.08 17679.20
20327.23 17681.12
20345.94 17685.35
20355.10 17687.55
20364.27 17689.76
20383.14 17694.16
20394.12 17696.72
20404.88 17699.21
20415.53 17701.69
20424.56 17703.78
20429.74 17704.99
20442.11 17708.78
20450.19 17711.92
20459.72 17715.62
20469.33 17719.35
20479.10 17723.15
20498.02 17730.86
20508.97 17735.42
20519.15 17739.67
20529.94 17744.54
20540.40 17749.55
20550.35 17754.50
20560.98 17759.80
20570.83 17764.71
20584.15 17775.14
20584.41 17786.99
20582.66 17798.56
20579.84 17810.06
20577.03 17821.54
20574.19 17833.17
20568.67 17853.44
20565.53 17864.52
20562.67 17874.59
20559.73 17884.94
20556.79 17895.31
20552.57 17905.64
20547.98 17915.26
20551.29 17928.69
20561.00 17935.26
20571.15 17942.14
20580.96 17948.78
20590.40 17955.17
20600.39 17961.94
20610.19 17968.57
20619.67 17974.99
20630.05 17982.03
20639.93 17988.72
20649.64 17995.30
20659.92 18002.26
20670.19 18009.22
20679.81 18015.73
20677.13 18017.89
20666.96 18011.01
20656.89 18004.19
20647.48 17997.82
20637.12 17990.80
20627.13 17984.03
20617.39 17977.43
20607.05 17970.43
20596.89 17963.55
20587.54 17957.21
20577.25 17950.25
20567.78 17943.83
20557.58 17936.93
20547.66 17930.21
