5186.51 3640.86
5186.64 3640.78
5186.89 3640.62
5187.27 3640.39
5187.78 3640.07
5188.41 3639.67
5189.19 3639.19
5190.03 3638.67
5190.95 3638.09
5192.00 3637.44
5193.11 3636.75
5194.35 3635.98
5195.70 3635.14
5197.11 3634.26
5198.65 3633.30
5200.30 3632.27
5202.07 3631.17
5203.94 3630.01
5205.90 3628.79
5207.94 3627.52
5210.06 3626.20
5212.28 3624.82
5214.60 3623.38
5217.01 3621.87
5219.57 3620.29
5222.20 3618.65
5224.97 3616.92
5227.81 3615.16
5230.68 3613.52
5233.61 3611.99
5236.50 3610.48
5239.42 3608.96
5242.36 3607.42
5245.29 3605.90
5248.18 3604.39
5251.07 3602.88
5254.16 3601.83
5257.30 3600.94
5260.51 3600.03
5263.65 3599.14
5266.84 3598.24
5269.98 3597.35
5273.14 3596.46
5276.31 3595.56
5279.48 3594.66
5282.68 3593.76
5285.87 3592.85
5289.08 3591.95
5292.25 3591.05
5295.41 3590.15
5298.54 3589.27
5301.69 3588.38
5304.86 3587.48
5308.03 3586.65
5311.27 3586.19
5314.49 3585.73
5317.44 3585.31
5320.11 3584.92
5322.50 3584.58
5324.63 3584.28
5326.47 3584.02
5328.04 3583.79
5329.33 3583.61
5330.34 3583.46
5331.07 3583.28
5331.74 3583.06
5332.43 3582.84
5333.02 3582.51
5333.56 3582.06
5334.13 3581.57
5334.58 3580.99
5334.93 3580.32
5335.29 3579.66
5335.55 3578.97
5335.70 3578.27
5335.84 3577.57
5335.99 3576.84
5336.09 3576.19
5336.17 3575.39
5336.27 3574.44
5336.37 3573.37
5336.82 3572.31
5337.77 3571.37
5338.78 3570.36
5339.86 3569.29
5341.36 3568.68
5342.99 3568.11
5344.71 3567.50
5346.60 3567.25
5348.59 3567.05
5350.70 3566.84
5352.92 3566.62
5355.24 3566.38
5357.70 3566.14
5360.30 3565.99
5363.05 3565.86
5365.90 3565.73
5368.82 3565.60
5371.89 3565.46
5375.06 3565.32
5378.18 3564.91
5381.34 3564.45
5384.61 3563.97
5387.87 3563.50
5391.13 3563.02
5394.34 3562.55
5397.61 3562.07
5400.71 3561.28
5403.81 3560.33
5406.87 3559.40
5409.98 3558.46
5412.99 3557.46
5415.44 3555.29
5417.87 3553.14
5420.30 3550.99
5422.75 3548.93
5425.27 3546.91
5427.77 3544.90
5430.28 3542.89
5432.80 3540.86
5435.48 3539.15
5438.20 3537.51
5440.93 3535.87
5443.68 3534.22
5446.50 3532.63
5449.38 3531.14
5452.27 3529.65
5455.14 3528.18
5458.05 3526.68
5461.17 3525.66
5464.25 3524.68
5467.43 3524.04
5470.70 3524.01
5473.93 3524.09
5477.11 3524.93
5480.24 3525.76
5483.42 3526.61
5486.56 3527.44
5489.73 3528.29
5492.53 3529.93
5495.21 3531.86
5497.70 3533.97
5500.06 3536.19
5502.43 3538.42
5504.83 3540.68
5507.23 3542.94
5509.62 3545.19
5511.93 3547.51
5514.09 3549.96
5516.24 3552.40
5518.42 3554.88
5520.74 3557.14
5523.49 3558.91
5526.26 3560.69
5528.95 3562.43
5531.92 3563.64
5535.00 3564.10
5538.25 3563.90
5541.52 3563.70
5544.79 3563.49
5548.06 3563.29
5551.31 3563.09
5554.56 3562.89
5557.84 3562.69
5561.14 3562.48
5564.39 3562.28
5567.67 3562.08
5570.93 3561.87
5574.24 3561.67
5577.56 3561.46
5580.83 3561.26
5584.14 3561.05
5587.40 3560.85
5590.67 3560.65
5593.93 3560.44
5597.17 3560.24
5600.38 3560.04
5603.62 3559.89
5606.86 3559.77
5610.14 3559.64
5613.36 3559.52
5616.62 3559.40
5619.89 3559.27
5623.15 3559.15
5626.45 3559.01
5629.75 3558.92
5633.01 3559.02
5636.31 3559.28
5639.49 3559.78
5641.96 3561.91
5644.14 3564.23
5646.11 3566.82
5647.67 3569.48
5648.90 3572.27
5650.22 3575.25
5651.45 3578.29
5652.27 3581.42
5653.09 3584.56
5653.92 3587.72
5654.61 3590.91
5655.26 3594.12
5655.90 3597.34
5656.55 3600.55
5657.19 3603.77
5657.83 3606.96
5658.48 3610.15
5659.11 3613.32
5659.75 3616.51
5660.48 3619.71
5661.30 3622.90
5662.10 3626.03
5662.91 3629.19
5664.44 3632.07
5666.06 3634.92
5667.81 3637.69
5669.71 3640.30
5671.62 3642.93
5673.85 3645.22
5676.42 3647.14
5679.02 3649.08
5681.46 3651.18
5683.86 3653.42
5686.24 3655.64
5688.63 3657.86
5691.01 3660.08
5693.38 3662.29
5695.79 3664.54
5698.20 3666.78
5700.56 3668.98
5702.76 3671.42
5704.90 3673.88
5707.06 3676.38
5709.19 3678.83
5711.34 3681.31
5713.49 3683.79
5715.59 3686.21
5717.72 3688.66
5719.48 3691.38
5721.07 3694.19
5722.57 3697.12
5723.47 3700.27
5724.24 3703.50
5724.94 3706.75
5725.40 3710.06
5725.86 3713.38
5726.31 3716.65
5726.77 3719.91
5726.95 3723.24
5726.65 3726.50
5726.38 3729.48
5726.13 3732.19
5726.06 3734.72
5726.07 3736.97
5726.07 3738.94
5726.08 3740.74
5726.08 3742.25
5726.08 3743.55
5726.08 3744.65
5726.09 3745.55
5726.09 3746.62
5726.09 3747.40
5726.11 3747.91
5726.13 3748.44
5726.16 3748.96
5726.19 3749.49
5726.21 3750.02
5726.24 3750.52
5726.26 3751.03
5726.29 3751.52
5726.45 3751.98
5726.62 3752.43
5726.80 3752.89
5727.09 3752.74
5727.41 3752.38
5727.73 3752.02
5727.94 3751.54
5728.11 3751.07
5728.29 3750.58
5728.47 3750.09
5728.64 3749.62
5728.81 3749.15
5728.98 3748.67
5729.14 3748.22
5729.31 3747.67
5729.50 3747.04
5729.72 3746.34
5729.98 3745.50
5730.27 3744.54
5730.60 3743.45
5730.98 3742.22
5731.39 3740.91
5731.82 3739.49
5732.29 3737.97
5732.80 3736.30
5733.34 3734.54
5733.95 3732.64
5734.65 3730.63
5735.39 3728.50
5736.17 3726.24
5737.00 3723.87
5737.86 3721.40
5738.75 3718.84
5739.68 3716.17
5740.64 3713.41
5741.62 3710.57
5742.66 3707.58
5743.75 3704.47
5744.82 3701.39
5745.89 3698.31
5746.97 3695.19
5748.05 3692.10
5749.14 3688.96
5750.24 3685.81
5751.30 3682.72
5752.35 3679.61
5753.40 3676.50
5754.46 3673.35
5755.51 3670.22
5756.56 3667.12
5757.61 3664.01
5758.58 3661.13
5759.47 3658.48
5759.88 3656.00
5760.13 3653.78
5760.35 3651.84
5760.53 3650.18
5760.69 3648.81
5760.81 3647.72
5760.90 3646.90
5760.98 3646.10
5761.06 3645.29
5761.15 3644.46
5761.24 3643.65
5761.29 3642.89
5760.85 3642.09
5760.37 3641.22
5759.83 3640.25
5759.24 3639.18
5758.60 3638.02
5757.89 3636.72
5757.13 3635.35
5756.33 3633.90
5755.36 3632.39
5753.90 3631.15
5752.33 3629.81
5750.79 3628.27
5749.18 3626.65
5747.07 3625.63
5744.67 3624.79
5742.14 3623.90
5739.52 3622.99
5736.75 3622.02
5733.85 3621.00
5730.85 3619.96
5727.74 3618.87
5724.76 3617.53
5721.86 3615.97
5718.95 3614.41
5716.03 3612.84
5713.87 3610.38
5711.80 3607.83
5709.74 3605.28
5707.72 3602.73
5705.66 3600.16
5703.65 3597.57
5701.98 3594.77
5700.29 3591.94
5698.65 3589.17
5696.97 3586.35
5695.31 3583.57
5693.65 3580.77
5691.98 3577.96
5690.33 3575.19
5689.18 3572.16
5688.23 3569.05
5687.27 3565.91
5686.33 3562.82
5686.18 3559.57
5686.22 3556.28
5686.25 3553.06
5686.29 3549.81
5686.32 3546.58
5686.37 3543.34
5686.41 3540.00
5686.45 3536.68
5686.49 3533.38
5686.54 3530.02
5686.58 3526.69
5686.62 3523.40
5686.66 3520.06
5686.72 3516.80
5686.34 3513.56
5685.89 3510.23
5685.45 3506.97
5684.58 3503.73
5683.65 3500.55
5682.73 3497.38
5681.80 3494.20
5680.86 3490.99
5679.41 3488.08
5677.58 3485.27
5675.76 3482.49
5673.94 3479.70
5672.14 3476.95
5670.37 3474.17
5668.05 3471.85
5665.70 3469.56
5663.30 3467.22
5660.95 3464.93
5658.55 3462.59
5656.17 3460.27
5653.55 3458.19
5650.91 3456.18
5648.22 3454.19
5645.29 3452.68
5642.31 3451.15
5639.35 3449.63
5636.38 3448.11
5633.44 3446.60
5630.47 3445.07
5627.52 3443.55
5624.55 3442.03
5621.53 3440.77
5618.35 3439.84
5615.13 3438.91
5611.93 3437.98
5608.72 3437.05
5605.54 3436.13
5602.23 3435.91
5598.90 3435.74
5595.61 3435.84
5592.29 3436.14
5589.03 3436.66
5585.85 3437.54
5582.67 3438.43
5579.50 3439.31
5576.26 3440.21
5573.03 3441.11
5569.83 3441.99
5566.65 3442.88
5563.49 3443.75
5560.24 3444.42
5556.97 3444.77
5553.65 3445.12
5550.35 3445.48
5547.06 3445.82
5543.79 3446.17
5540.53 3446.52
5537.23 3446.87
5533.90 3447.22
5530.60 3447.58
5527.40 3448.17
5524.18 3448.94
5520.98 3449.73
5517.78 3450.52
5514.58 3451.37
5511.38 3452.24
5508.28 3453.25
5505.20 3454.30
5502.09 3455.36
5498.96 3456.42
5495.89 3457.47
5492.76 3458.53
5489.68 3459.58
5486.54 3460.65
5483.41 3461.72
5480.28 3462.64
5477.12 3463.48
5473.98 3464.31
5470.81 3465.15
5467.65 3465.98
5464.44 3466.83
5461.31 3467.66
5458.14 3468.50
5454.94 3469.34
5451.78 3470.18
5448.61 3471.01
5445.43 3471.86
5442.27 3472.69
5439.15 3473.59
5436.08 3474.77
5433.06 3475.93
5430.03 3477.12
5427.03 3478.35
5423.96 3479.61
5420.94 3480.84
5417.87 3482.10
5414.87 3483.33
5411.83 3484.57
5409.03 3486.19
5406.41 3488.23
5403.81 3490.25
5401.23 3492.25
5398.67 3494.24
5396.07 3496.26
5393.42 3498.21
5390.47 3499.68
5387.55 3501.14
5384.47 3501.98
5381.20 3502.07
5377.95 3501.69
5374.83 3500.79
5371.69 3499.88
5368.58 3498.97
5365.51 3497.85
5362.49 3496.62
5359.45 3495.38
5356.45 3494.16
5353.43 3492.93
5350.44 3491.71
5347.40 3490.53
5344.21 3489.70
5341.06 3488.89
5337.90 3488.45
5334.79 3488.41
5331.48 3488.29
5328.20 3488.17
5324.93 3488.05
5321.68 3487.94
5318.38 3487.82
5315.09 3487.70
5311.89 3487.33
5308.81 3486.31
5305.94 3485.31
5303.33 3484.39
5300.78 3483.42
5298.31 3482.24
5296.02 3480.73
5293.88 3478.99
5291.79 3477.19
5289.84 3475.53
5288.21 3473.49
5286.97 3470.97
5285.66 3468.32
5284.19 3465.35
5282.80 3462.33
5281.83 3459.16
5281.29 3455.91
5280.93 3452.70
5281.10 3449.50
5281.28 3446.34
5281.80 3443.18
5282.48 3440.05
5283.37 3436.88
5284.89 3433.93
5286.43 3430.99
5288.00 3428.14
5289.69 3425.31
5291.36 3422.51
5293.06 3419.67
5295.05 3417.13
5297.31 3414.70
5299.55 3412.28
5302.02 3410.18
5304.71 3408.23
5307.39 3406.29
5310.05 3404.36
5312.69 3402.46
5315.38 3400.51
5318.02 3398.60
5320.67 3396.68
5323.59 3395.27
5326.62 3393.89
5329.62 3392.52
5332.63 3391.15
5335.61 3389.79
5338.59 3388.43
5341.61 3387.05
5344.61 3385.69
5347.37 3383.94
5349.95 3381.89
5352.51 3379.86
5354.91 3377.60
5357.06 3375.14
5358.99 3372.55
5360.35 3369.56
5361.72 3366.55
5362.22 3363.34
5362.68 3360.10
5363.14 3356.87
5363.60 3353.66
5364.07 3350.40
5364.11 3347.17
5363.79 3343.92
5363.47 3340.66
5363.14 3337.40
5362.82 3334.12
5362.50 3330.87
5362.17 3327.59
5361.85 3324.32
5361.53 3321.05
5361.21 3317.80
5360.88 3314.54
5360.56 3311.24
5360.24 3307.99
5359.91 3304.72
5359.59 3301.43
5359.26 3298.15
5358.94 3294.85
5358.62 3291.61
5358.30 3288.36
5358.00 3285.12
5357.88 3281.85
5357.75 3278.56
5357.62 3275.25
5357.49 3271.98
5357.37 3268.71
5357.24 3265.39
5357.11 3262.08
5356.98 3258.82
5356.85 3255.49
5357.07 3252.19
5357.97 3249.06
5358.86 3245.90
5360.32 3242.93
5361.86 3239.99
5363.57 3237.21
5365.48 3234.53
5367.39 3231.85
5369.30 3229.16
5371.22 3226.46
5373.15 3223.75
5375.07 3221.05
5376.97 3218.37
5378.89 3215.69
5380.79 3213.02
5382.68 3210.35
5384.61 3207.65
5386.54 3204.96
5388.49 3202.22
5390.41 3199.53
5392.36 3196.80
5393.54 3193.70
5394.63 3190.58
5395.71 3187.47
5396.80 3184.36
5397.90 3181.19
5398.17 3177.94
5397.96 3174.65
5397.76 3171.30
5397.55 3168.01
5397.00 3164.76
5395.48 3161.80
5393.98 3158.87
5392.47 3155.93
5390.95 3152.95
5389.42 3149.99
5387.92 3147.05
5386.39 3144.06
5384.88 3141.12
5383.35 3138.14
5381.84 3135.19
5380.32 3132.24
5378.80 3129.26
5377.29 3126.33
5375.79 3123.40
5374.28 3120.45
5373.01 3117.39
5371.81 3114.30
5370.61 3111.22
5369.43 3108.16
5368.23 3105.08
5367.02 3101.94
5365.78 3098.75
5364.23 3095.72
5362.34 3092.91
5360.43 3090.07
5358.54 3087.26
5356.17 3084.90
5353.37 3082.99
5350.05 3082.31
5346.64 3081.98
5343.33 3082.62
5340.15 3083.77
5337.05 3085.04
5334.23 3086.96
5331.39 3088.88
5328.55 3090.82
5325.83 3092.81
5323.06 3094.79
5320.08 3096.37
5316.95 3097.49
5313.82 3098.36
5310.69 3099.23
5307.61 3100.10
5304.50 3100.90
5301.29 3101.47
5298.05 3102.04
5294.84 3102.61
5291.60 3103.19
5288.32 3103.77
5285.09 3104.33
5281.89 3104.89
5278.74 3105.63
5275.72 3106.89
5272.70 3108.15
5269.83 3109.72
5267.25 3111.69
5264.62 3113.69
5262.05 3115.64
5259.43 3117.64
5256.80 3119.64
5254.23 3121.60
5251.62 3123.59
5249.01 3125.58
5246.43 3127.55
5243.82 3129.54
5241.25 3131.49
5238.65 3133.47
5235.77 3135.00
5232.82 3136.43
5229.90 3137.86
5226.95 3139.29
5224.00 3140.72
5221.07 3142.14
5218.04 3143.23
5214.85 3143.98
5211.69 3144.73
5208.48 3145.49
5205.27 3146.21
5202.01 3145.90
5198.77 3145.59
5195.53 3145.19
5192.38 3144.35
5189.45 3143.38
5186.95 3142.05
5184.69 3140.84
5182.66 3139.76
5180.80 3138.50
5179.17 3136.91
5177.66 3135.27
5176.30 3133.42
5175.38 3131.17
5174.41 3128.80
5173.39 3126.31
5172.67 3123.63
5172.59 3120.68
5172.46 3117.60
5172.33 3114.40
5172.19 3111.15
5172.97 3108.02
5173.87 3104.92
5174.76 3101.84
5176.66 3099.25
5178.60 3096.67
5180.52 3094.11
5182.97 3092.09
5185.60 3090.14
5188.16 3088.23
5190.54 3086.45
5192.75 3084.82
5194.63 3083.16
5196.20 3081.58
5197.62 3080.16
5198.87 3078.92
5199.95 3077.83
5200.81 3076.91
5201.43 3075.64
5201.93 3074.61
5202.31 3073.83
5202.58 3073.30
5202.81 3072.82
5203.03 3072.34
5203.24 3071.87
5203.44 3071.37
5203.65 3070.86
5203.81 3070.36
5203.95 3069.84
5204.09 3069.32
5204.02 3068.80
5203.88 3068.34
5203.39 3067.98
5202.81 3067.54
5202.17 3067.06
5201.47 3066.45
5200.82 3065.57
5200.25 3064.52
5199.81 3063.38
5199.35 3062.19
5198.92 3061.03
5198.50 3060.01
5198.06 3058.99
5197.58 3057.89
5197.79 3056.64
5198.18 3055.26
5198.59 3053.78
5199.37 3052.63
5200.38 3051.90
5201.19 3051.31
5201.82 3050.85
5202.57 3050.48
5203.36 3050.09
5204.16 3049.70
5205.01 3049.51
5205.86 3049.43
5206.75 3049.35
5207.63 3049.38
5208.51 3049.58
5209.34 3049.77
5210.18 3049.96
5211.01 3050.32
5211.83 3050.73
5212.60 3051.11
5213.38 3051.50
5213.90 3051.77
5214.03 3051.86
5214.57 3052.11
5215.14 3052.36
5215.74 3052.63
5216.37 3052.77
5217.03 3052.82
5217.68 3052.87
5218.31 3052.69
5218.93 3052.48
5219.53 3052.23
5220.01 3051.82
5220.46 3051.45
5220.95 3051.04
5221.38 3050.56
5221.88 3050.00
5222.47 3049.35
5223.15 3048.59
5223.93 3047.72
5224.78 3046.78
5225.69 3045.75
5226.67 3044.66
5227.40 3043.23
5228.15 3041.64
5228.96 3039.95
5229.81 3038.15
5230.72 3036.24
5231.68 3034.21
5232.71 3032.04
5233.47 3029.66
5234.23 3027.17
5235.03 3024.55
5235.87 3021.79
5236.75 3018.90
5237.67 3015.91
5238.63 3012.77
5239.60 3009.58
5240.57 3006.41
5241.54 3003.23
5242.50 3000.10
5243.46 2996.94
5244.44 2993.74
5245.53 2990.64
5246.36 2987.45
5247.19 2984.28
5248.02 2981.10
5248.85 2977.93
5249.69 2974.71
5250.52 2971.52
5251.36 2968.30
5252.21 2965.05
5253.06 2961.82
5253.89 2958.61
5254.46 2955.38
5254.58 2952.06
5254.69 2948.73
5254.24 2945.41
5253.79 2942.14
5253.34 2938.85
5252.63 2935.59
5251.78 2932.35
5250.95 2929.15
5250.11 2925.95
5249.28 2922.76
5248.44 2919.53
5247.75 2916.29
5247.27 2913.02
5246.78 2909.72
5246.29 2906.42
5245.81 2903.16
5245.32 2899.88
5244.32 2896.79
5243.02 2893.72
5241.72 2890.67
5240.42 2887.62
5239.12 2884.56
5237.83 2881.53
5236.54 2878.51
5235.24 2875.45
5233.94 2872.40
5232.65 2869.37
5231.34 2866.30
5230.05 2863.27
5228.77 2860.26
5227.47 2857.22
5226.17 2854.17
5224.68 2851.25
5223.03 2848.37
5221.49 2845.44
5219.95 2842.48
5218.43 2839.56
5216.90 2836.62
5215.44 2833.64
5214.05 2830.65
5212.81 2827.61
5211.57 2824.60
5210.42 2821.77
5209.03 2819.40
5207.28 2817.56
5205.70 2815.90
5204.36 2814.41
5203.25 2813.04
5202.27 2811.83
5201.45 2810.82
5200.53 2809.68
5199.61 2808.34
5198.70 2806.83
5197.71 2805.21
5196.67 2803.50
5195.68 2801.62
5194.68 2799.59
5193.62 2797.44
5192.57 2795.17
5191.53 2792.79
5190.44 2790.29
5189.08 2787.67
5187.25 2784.98
5185.61 2782.40
5183.94 2779.72
5182.27 2776.87
5180.41 2774.16
5178.27 2771.63
5176.09 2769.16
5173.85 2766.79
5171.60 2764.42
5169.32 2762.01
5167.08 2759.65
5164.65 2757.42
5162.23 2755.21
5159.77 2752.97
5157.34 2750.75
5155.02 2748.47
5152.84 2746.04
5150.63 2743.58
5148.45 2741.14
5146.26 2738.70
5144.09 2736.28
5141.87 2733.81
5139.69 2731.37
5137.52 2728.96
5135.34 2726.52
5133.14 2724.06
5130.96 2721.64
5128.77 2719.19
5126.61 2716.78
5124.44 2714.36
5122.27 2711.94
5120.10 2709.53
5117.93 2707.11
5115.76 2704.68
5113.62 2702.22
5111.59 2699.67
5109.54 2697.11
5107.47 2694.51
5105.44 2691.97
5103.38 2689.40
5101.36 2686.86
5099.32 2684.31
5097.20 2681.75
5095.11 2679.27
5092.94 2676.77
5090.81 2674.30
5088.65 2671.79
5086.51 2669.32
5084.38 2666.85
5082.22 2664.35
5080.07 2661.86
5077.90 2659.34
5075.77 2656.88
5073.63 2654.41
5071.49 2651.94
5069.36 2649.48
5067.23 2647.03
5065.08 2644.54
5062.93 2642.06
5060.75 2639.59
5058.57 2637.13
5056.37 2634.64
5054.18 2632.18
5052.00 2629.72
5049.82 2627.26
5047.63 2624.79
5045.44 2622.31
5043.23 2619.83
5041.03 2617.34
5038.84 2614.87
5036.64 2612.39
5034.45 2609.92
5032.28 2607.48
5030.13 2605.04
5027.93 2602.56
5025.75 2600.10
5023.57 2597.64
5021.37 2595.16
5019.18 2592.69
5016.99 2590.23
5014.82 2587.78
5012.63 2585.31
5010.44 2582.82
5008.32 2580.35
5006.01 2577.96
5003.55 2575.67
5001.10 2573.38
4998.68 2571.12
4996.30 2568.90
4993.98 2566.72
4991.87 2564.73
4989.95 2562.93
4988.23 2561.31
4986.72 2559.88
4985.40 2558.65
4984.29 2557.60
4983.54 2556.61
4983.13 2555.57
4982.74 2554.58
4982.51 2553.48
4982.49 2552.40
4982.47 2551.33
4982.53 2550.25
4982.75 2549.16
4982.98 2548.05
4983.21 2546.95
4983.50 2545.89
4983.86 2544.88
4984.22 2543.87
4984.60 2542.81
4984.96 2541.81
4985.34 2540.84
4985.76 2539.81
4986.24 2538.65
4986.78 2537.37
4987.37 2535.95
4988.01 2534.41
4988.68 2532.79
4989.38 2531.09
4990.12 2529.32
4990.91 2527.41
4991.75 2525.37
4992.68 2523.24
4993.83 2521.07
4995.35 2519.03
4997.00 2516.91
4998.83 2514.74
5000.81 2512.54
5002.92 2510.35
5005.23 2508.25
5007.66 2506.01
5010.05 2503.79
5012.41 2501.59
5014.80 2499.37
5017.16 2497.16
5019.56 2494.93
5021.97 2492.69
5024.32 2490.50
5026.47 2488.50
5028.41 2486.69
5030.15 2485.06
5031.72 2483.60
5033.08 2482.34
5034.24 2481.26
5035.19 2480.37
5035.94 2479.67
5036.42 2479.09
5036.84 2478.53
5037.25 2477.98
5037.54 2477.37
5037.71 2476.68
5037.87 2475.99
5037.92 2475.25
5037.81 2474.50
5037.69 2473.75
5037.54 2473.01
5037.22 2472.33
5036.92 2471.68
5036.61 2471.00
5036.30 2470.35
5035.87 2469.63
5035.37 2468.86
5034.77 2468.01
5034.08 2467.04
5033.33 2465.98
5032.49 2464.79
5031.60 2463.53
5030.63 2462.15
5029.59 2460.68
5028.49 2459.11
5027.33 2457.47
5026.11 2455.74
5024.82 2453.91
5023.45 2451.97
5022.00 2449.91
5020.46 2447.73
5018.90 2445.45
5017.31 2442.99
5015.68 2440.46
5014.00 2437.86
5012.25 2435.13
5010.62 2432.61
5009.19 2430.26
5007.97 2428.11
5006.85 2426.16
5006.02 2424.34
5005.39 2422.69
5004.84 2421.25
5004.36 2420.00
5003.83 2418.61
5003.71 2417.42
5003.77 2416.49
5003.87 2415.57
5004.00 2414.65
5004.20 2413.78
5004.52 2412.91
5004.89 2412.07
5005.37 2411.30
5005.89 2410.53
5006.50 2409.88
5007.15 2409.21
5007.92 2408.52
5008.80 2407.75
5009.73 2406.92
5010.62 2406.14
5011.33 2405.52
5011.87 2405.04
5012.28 2404.68
5012.49 2404.50
5012.69 2404.32
5012.89 2404.15
5013.05 2404.00
5013.06 2403.99
5013.06 2403.99
5013.06 2403.99
5013.06 2403.99
5013.06 2403.99
5013.06 2403.99
5013.06 2403.99
5013.06 2403.99
5013.06 2403.99
5013.06 2403.99
5013.06 2403.99
5013.06 2403.99
5013.06 2403.99
5013.06 2403.99
5013.06 2403.99
5013.06 2403.99
5013.06 2403.99
5013.06 2403.99
5013.06 2403.99
5013.06 2403.99
5013.06 2403.99
5013.06 2403.99
5013.06 2403.99
5013.06 2403.99
5013.06 2403.99
5013.06 2403.99
5013.06 2403.99
5013.06 2403.99
5013.06 2403.99
5013.06 2403.99
5013.06 2403.99
5013.06 2403.99
5013.06 2403.99
5013.06 2403.99
5013.06 2403.99
5013.06 2403.99
5013.06 2403.99
5013.06 2403.99
5013.06 2403.99
5013.06 2403.99
5013.06 2403.99
5013.06 2403.99
5013.06 2403.99
5013.06 2403.99
5013.06 2403.99
5013.06 2403.99
5013.06 2403.99
5013.06 2403.99
5013.06 2403.99
5013.06 2403.99
5013.06 2403.99
5013.06 2403.99
5013.17 2403.90
5013.37 2403.72
5013.68 2403.45
5014.07 2403.04
5014.53 2402.54
5014.99 2402.03
5015.44 2401.54
5015.80 2400.95
5016.10 2400.29
5016.40 2399.62
5016.58 2398.93
5016.59 2398.20
5016.60 2397.47
5016.49 2396.76
5016.22 2396.11
5015.95 2395.44
5015.69 2394.82
5015.29 2394.16
5014.81 2393.37
5014.28 2392.49
5013.70 2391.53
5013.05 2390.44
5012.33 2389.26
5011.54 2387.94
5010.70 2386.54
5009.80 2385.05
5008.84 2383.47
5007.84 2381.80
5006.75 2380.00
5005.61 2378.11
5004.43 2376.14
5003.17 2374.05
5001.86 2371.88
5000.47 2369.58
4999.02 2367.16
4997.49 2364.63
4995.89 2361.97
4994.22 2359.20
4992.51 2356.36
4990.82 2353.56
4989.13 2350.76
4987.26 2348.03
4985.39 2345.32
4983.55 2342.65
4981.69 2339.96
4979.81 2337.23
4977.92 2334.49
4976.09 2331.83
4974.41 2329.38
4972.89 2327.18
4971.55 2325.18
4970.36 2323.42
4969.33 2321.88
4968.49 2320.60
4967.73 2319.36
4966.99 2318.14
4966.16 2316.95
4965.18 2315.94
4964.03 2315.16
4962.80 2314.39
4961.39 2313.57
4959.91 2312.64
4958.44 2311.57
4956.87 2310.43
4955.22 2309.22
4953.48 2307.95
4951.53 2306.79
4949.63 2305.75
4947.98 2304.83
4946.54 2304.04
4945.35 2303.38
4944.39 2302.87
4943.58 2302.65
4942.81 2302.45
4942.02 2302.37
4941.23 2302.52
4940.45 2302.66
4939.70 2302.87
4939.01 2303.23
4938.26 2303.63
4937.51 2304.03
4936.81 2304.51
4936.15 2305.05
4935.51 2305.57
4934.86 2306.10
4934.25 2306.59
4933.66 2307.13
4932.97 2307.76
4932.20 2308.48
4931.36 2309.26
4930.40 2310.15
4929.43 2311.09
4928.60 2312.07
4927.73 2313.48
4926.78 2315.02
4925.76 2316.70
4924.80 2318.54
4924.54 2320.78
4924.27 2323.18
4923.98 2325.70
4923.69 2328.38
4924.08 2330.85
4924.43 2333.03
4924.84 2334.87
4925.26 2336.68
4926.01 2338.36
4926.94 2339.92
4928.07 2341.35
4929.23 2342.80
4930.35 2344.22
4931.45 2345.68
4932.62 2347.28
4933.88 2348.98
4935.19 2350.76
4936.59 2352.66
4938.04 2354.62
4939.54 2356.66
4941.12 2358.81
4942.78 2361.05
4944.51 2363.41
4946.32 2365.86
4948.20 2368.41
4950.14 2371.04
4952.07 2373.66
4954.04 2376.35
4956.01 2379.02
4957.95 2381.65
4959.89 2384.27
4961.83 2386.91
4963.77 2389.55
4965.71 2392.18
4967.69 2394.85
4969.51 2397.33
4971.16 2399.57
4972.65 2401.59
4973.97 2403.39
4975.13 2404.95
4976.12 2406.29
4976.94 2407.41
4977.59 2408.29
4978.09 2408.97
4978.41 2409.41
4978.44 2409.78
4978.45 2410.13
4978.47 2410.50
4978.49 2410.85
4978.32 2411.18
4978.16 2411.49
4977.90 2411.68
4977.55 2411.75
4977.22 2411.81
4976.89 2411.70
4976.57 2411.58
4976.24 2411.46
4975.92 2411.34
4975.68 2411.09
4975.38 2410.69
4974.99 2410.16
4974.53 2409.53
4974.01 2408.83
4973.44 2408.05
4972.79 2407.16
4972.07 2406.19
4971.28 2405.11
4970.40 2403.93
4969.47 2402.67
4968.49 2401.33
4967.44 2399.90
4966.33 2398.41
4965.14 2396.79
4963.89 2395.09
4962.55 2393.27
4961.15 2391.38
4959.67 2389.36
4958.13 2387.27
4956.51 2385.08
4954.81 2382.78
4953.03 2380.35
4951.19 2377.86
4949.26 2375.24
4947.32 2372.60
4945.37 2369.96
4943.43 2367.33
4941.49 2364.69
4939.51 2362.01
4937.57 2359.37
4935.60 2356.70
4933.76 2354.21
4932.09 2351.94
4930.59 2349.90
4929.24 2348.08
4928.07 2346.49
4926.88 2344.97
4925.69 2343.45
4924.50 2341.91
4923.36 2340.29
4922.51 2338.50
4921.96 2336.65
4921.53 2334.72
4921.17 2332.84
4920.86 2330.91
4920.53 2328.88
4920.64 2326.77
4920.89 2324.54
4921.16 2322.21
4921.43 2319.80
4921.71 2317.30
4923.01 2315.05
4924.25 2313.02
4925.39 2311.15
4926.44 2309.66
4927.45 2308.52
4928.50 2307.54
4929.40 2306.72
4930.12 2306.05
4930.73 2305.48
4931.21 2305.04
4931.55 2304.73
4931.73 2304.56
4931.93 2304.37
4932.06 2304.25
4932.07 2304.25
4932.07 2304.25
4932.07 2304.25
4932.07 2304.25
4932.07 2304.25
4932.07 2304.25
4932.07 2304.25
4932.07 2304.25
4932.07 2304.25
4932.07 2304.25
4932.07 2304.25
4932.07 2304.25
4932.07 2304.25
4932.07 2304.25
4932.07 2304.25
4932.07 2304.25
4932.07 2304.25
4932.07 2304.25
4932.07 2304.25
4932.07 2304.25
4932.07 2304.25
4932.07 2304.25
4932.07 2304.25
4932.07 2304.25
4932.07 2304.25
4932.07 2304.25
4932.07 2304.25
4932.07 2304.25
4932.07 2304.25
4932.07 2304.25
4932.07 2304.25
4932.07 2304.25
4932.07 2304.25
4932.19 2304.14
4932.42 2303.94
4932.74 2303.68
4933.14 2303.34
4933.64 2302.93
4934.26 2302.41
4934.99 2301.80
4935.74 2301.18
4936.52 2300.53
4937.29 2299.95
4938.17 2299.43
4939.06 2298.89
4939.92 2298.37
4940.81 2297.83
4941.76 2297.46
4942.69 2297.20
4943.68 2296.92
4944.61 2296.66
4945.58 2296.86
4946.55 2297.04
4947.53 2297.29
4948.54 2297.85
4949.68 2298.47
4950.90 2299.14
4952.21 2299.86
4953.65 2300.66
4955.23 2301.53
4956.86 2302.50
4958.46 2303.67
4960.15 2304.90
4961.91 2306.19
4963.77 2307.55
4965.89 2308.78
4968.19 2310.04
4970.66 2311.36
4973.21 2312.73
4975.87 2314.14
4978.53 2315.59
4981.30 2317.17
4984.12 2318.78
4986.95 2320.31
4989.21 2322.26
4991.10 2324.87
4993.00 2327.50
4994.90 2330.12
4996.79 2332.74
4998.70 2335.37
5000.59 2337.97
5002.50 2340.62
5004.38 2343.21
5006.30 2345.86
5008.20 2348.48
5010.09 2351.10
5011.99 2353.72
5013.89 2356.34
5015.75 2359.03
5017.42 2361.74
5019.20 2364.49
5020.93 2367.17
5022.68 2369.87
5024.46 2372.62
5026.44 2375.24
5028.50 2377.78
5030.56 2380.33
5032.58 2382.88
5034.61 2385.45
5036.63 2388.01
5038.63 2390.56
5040.16 2393.32
5041.56 2396.30
5042.96 2399.29
5044.35 2402.27
5045.75 2405.25
5047.13 2408.20
