5176.47 2079.18
5176.56 2079.16
5176.73 2079.12
5177.00 2079.07
5177.30 2079.10
5177.66 2079.11
5178.07 2079.14
5178.51 2079.19
5178.97 2079.33
5179.44 2079.54
5179.93 2079.81
5180.45 2080.13
5181.02 2080.48
5181.64 2080.87
5182.31 2081.28
5183.03 2081.72
5183.82 2082.21
5184.63 2082.71
5185.66 2084.04
5186.13 2084.96
5186.60 2085.87
5187.08 2086.81
5187.55 2087.73
5188.03 2088.66
5188.50 2089.58
5188.97 2090.51
5189.33 2091.77
5189.58 2092.76
5189.83 2093.76
5190.08 2094.77
5190.33 2095.79
5190.58 2096.78
5190.83 2097.78
5190.98 2099.05
5191.03 2100.07
5191.09 2101.09
5191.14 2102.11
5191.20 2103.14
5191.25 2104.18
5191.31 2105.22
5191.36 2106.24
5191.41 2107.26
5191.42 2108.61
5191.20 2109.63
5190.99 2110.65
5190.77 2111.65
5190.56 2112.66
5190.34 2113.66
5190.13 2114.67
5189.91 2115.69
5189.69 2116.70
5189.28 2118.07
5188.76 2118.98
5188.26 2119.86
5187.75 2120.76
5187.24 2121.65
5186.73 2122.57
5186.22 2123.47
5185.71 2124.35
5185.21 2125.24
5184.69 2126.15
5184.18 2127.06
5183.66 2127.97
5183.16 2128.86
5182.65 2129.76
5182.14 2130.65
5181.63 2131.55
5181.12 2132.45
5180.61 2133.35
5180.11 2134.24
5179.60 2135.13
5179.10 2136.02
5178.01 2137.10
5177.18 2137.73
5176.37 2138.35
5175.55 2138.97
5174.72 2139.60
5173.90 2140.22
5173.07 2140.85
5172.25 2141.47
5171.42 2142.10
5170.59 2142.73
5169.77 2143.35
5168.96 2143.96
5168.14 2144.58
5167.32 2145.20
5166.50 2145.83
5165.68 2146.45
5164.86 2147.06
5164.04 2147.69
5163.21 2148.32
5162.39 2148.94
5161.56 2149.57
5160.72 2150.20
5159.88 2150.84
5159.06 2151.46
5158.27 2152.06
5157.48 2152.70
5156.67 2153.35
5155.86 2154.00
5155.05 2154.65
5154.27 2155.28
5153.45 2155.94
5152.63 2156.59
5151.84 2157.24
5151.03 2157.88
5150.24 2158.52
5149.45 2159.16
5148.79 2159.76
5148.06 2160.47
5147.32 2161.19
5146.59 2161.89
5145.86 2162.61
5145.12 2163.33
5144.38 2164.04
5143.65 2164.75
5143.16 2165.29
5142.67 2166.02
5142.24 2166.67
5141.77 2167.37
5141.25 2168.14
5140.69 2168.98
5140.61 2169.18
5140.65 2170.19
5140.69 2171.22
5140.81 2171.43
5141.42 2172.25
5142.04 2173.09
5142.66 2173.92
5143.29 2174.76
5143.90 2175.59
5144.53 2176.42
5145.13 2177.24
5145.75 2178.06
5146.38 2178.91
5147.01 2179.75
5147.61 2180.57
5148.23 2181.39
5148.84 2182.21
5149.46 2183.05
5150.07 2183.87
5150.69 2184.70
5151.30 2185.52
5151.91 2186.34
5152.53 2187.18
5153.14 2187.99
5153.76 2188.82
5154.37 2189.64
5154.99 2190.47
5155.61 2191.31
5156.23 2192.14
5156.85 2192.98
5157.46 2193.80
5158.07 2194.61
5158.70 2195.45
5159.30 2196.27
5159.92 2197.10
5160.55 2197.94
5161.17 2198.77
5161.79 2199.62
5162.41 2200.45
5163.03 2201.28
5163.66 2202.12
5164.28 2202.96
5164.89 2203.78
5165.51 2204.60
5166.12 2205.43
5166.74 2206.26
5167.37 2207.10
5167.98 2207.92
5168.59 2208.74
5169.21 2209.57
5169.82 2210.39
5170.43 2211.21
5171.04 2212.03
5171.66 2212.87
5172.29 2213.71
5172.91 2214.54
5173.53 2215.38
5174.14 2216.20
5174.75 2217.02
5175.37 2217.86
5175.89 2218.51
5176.61 2219.24
5177.33 2219.96
5178.04 2220.67
5178.76 2221.40
5179.48 2222.12
5180.20 2222.86
5180.92 2223.59
5181.64 2224.32
5182.37 2225.07
5183.10 2225.80
5183.82 2226.54
5184.55 2227.28
5185.27 2228.00
5186.00 2228.75
5186.72 2229.48
5187.45 2230.22
5188.17 2230.95
5188.88 2231.67
5189.57 2232.38
5190.27 2233.10
5190.94 2233.79
5191.55 2234.38
5192.35 2235.04
5193.13 2235.68
5193.92 2236.33
5194.72 2236.98
5195.50 2237.62
5196.29 2238.27
5196.98 2238.72
5197.86 2239.24
5198.75 2239.77
5199.65 2240.31
5200.55 2240.84
5201.48 2241.40
5202.33 2241.96
5203.18 2242.53
5204.03 2243.10
5204.90 2243.68
5205.75 2244.24
5206.76 2245.09
5207.45 2245.84
5208.14 2246.59
5208.85 2247.36
5209.54 2248.12
5210.24 2248.88
5211.04 2249.78
5211.64 2250.64
5212.23 2251.49
5212.82 2252.34
5213.39 2253.17
5213.99 2254.03
5214.56 2254.86
5215.08 2255.60
5215.54 2256.27
5216.05 2257.00
5216.59 2257.79
5217.18 2258.64
5217.78 2259.50
5218.35 2260.47
5218.87 2261.37
5219.38 2262.25
5219.89 2263.13
5220.51 2264.27
5220.85 2265.26
5221.18 2266.24
5221.52 2267.22
5221.85 2268.24
5222.15 2269.21
5222.47 2270.21
5222.73 2270.97
5223.19 2271.89
5223.65 2272.80
5224.12 2273.72
5224.59 2274.65
5225.02 2275.47
5225.57 2276.37
5226.11 2277.24
5226.66 2278.14
5227.21 2279.04
5227.74 2279.91
5228.28 2280.79
5228.83 2281.69
5229.37 2282.57
5229.91 2283.46
5230.46 2284.36
5231.01 2285.26
5231.55 2286.13
5232.10 2287.03
5232.65 2287.93
5233.19 2288.82
5233.74 2289.71
5234.28 2290.59
5234.78 2291.23
5235.46 2292.01
5236.13 2292.78
5236.79 2293.55
5237.46 2294.32
5238.12 2295.08
5238.81 2295.87
5239.49 2296.65
5240.16 2297.43
5240.83 2298.20
5241.50 2298.97
5242.19 2299.76
5242.85 2300.53
5243.53 2301.32
5244.27 2302.20
5244.88 2303.02
5245.48 2303.85
5246.09 2304.68
5246.69 2305.50
5247.29 2306.32
5247.90 2307.16
5248.50 2307.98
5249.11 2308.81
5249.79 2309.78
5250.29 2310.67
5250.74 2311.46
5251.14 2312.16
5251.50 2312.78
5251.79 2313.30
5252.05 2313.76
5252.26 2314.13
5252.50 2314.94
5252.54 2315.21
5252.57 2315.44
5252.60 2315.63
5252.62 2315.81
5252.64 2315.98
5252.67 2316.15
5252.68 2316.24
5252.68 2316.24
5252.68 2316.24
5252.68 2316.24
5252.68 2316.24
5252.68 2316.24
5252.68 2316.24
5252.68 2316.24
5252.68 2316.24
5252.68 2316.24
5252.68 2316.24
5252.68 2316.24
5252.68 2316.24
5252.68 2316.24
5252.68 2316.24
5252.69 2316.31
5252.71 2316.44
5252.73 2316.63
5252.77 2316.86
5252.80 2317.14
5252.85 2317.48
5252.91 2317.89
5252.97 2318.73
5252.89 2319.26
5252.79 2319.86
5252.69 2320.54
5252.58 2321.26
5252.46 2322.03
5252.33 2322.83
5252.21 2323.70
5252.07 2324.64
5251.93 2325.62
5251.78 2326.64
5251.63 2327.66
5251.52 2328.59
5251.11 2329.93
5250.71 2330.83
5250.30 2331.74
5249.90 2332.64
5249.50 2333.55
5249.10 2334.44
5248.70 2335.34
5248.30 2336.24
5247.90 2337.15
5247.34 2338.29
5246.77 2339.08
5246.19 2339.86
5245.60 2340.66
5245.01 2341.47
5244.44 2342.24
5243.67 2343.21
5242.93 2343.86
5242.21 2344.50
5241.48 2345.15
5240.76 2345.79
5240.01 2346.45
5239.23 2347.14
5238.46 2347.83
5237.69 2348.50
5236.85 2349.22
5236.06 2349.86
5235.26 2350.50
5234.36 2351.17
5233.53 2351.75
5232.67 2352.34
5231.76 2352.94
5230.90 2353.49
5230.04 2354.04
5229.18 2354.60
5228.33 2355.14
5227.47 2355.69
5226.60 2356.25
5225.74 2356.80
5224.90 2357.34
5224.04 2357.89
5223.19 2358.44
5222.33 2358.99
5221.39 2359.58
5220.49 2360.08
5219.60 2360.58
5218.72 2361.07
5217.84 2361.56
5216.94 2362.07
5216.06 2362.56
5215.18 2363.06
5214.30 2363.55
5213.41 2364.05
5212.53 2364.55
5211.63 2365.05
5210.75 2365.55
5209.85 2366.05
5208.94 2366.56
5208.06 2367.06
5207.17 2367.56
5206.27 2368.07
5205.42 2368.58
5204.56 2369.13
5203.68 2369.68
5202.95 2370.20
5202.14 2370.82
5201.33 2371.44
5200.56 2372.06
5199.77 2372.72
5198.98 2373.39
5198.19 2374.04
5197.41 2374.70
5196.65 2375.35
5195.99 2375.95
5195.28 2376.66
5194.55 2377.39
5193.82 2378.12
5193.10 2378.83
5192.39 2379.55
5191.68 2380.26
5190.97 2380.97
5190.24 2381.69
5189.52 2382.42
5189.18 2382.89
5188.73 2383.80
5188.28 2384.71
5187.83 2385.62
5187.39 2386.53
5186.94 2387.45
5186.48 2388.36
5186.21 2389.04
5185.97 2390.03
5185.72 2391.03
5185.48 2392.01
5185.24 2393.01
5184.99 2394.01
5184.74 2395.02
5184.49 2396.02
5184.25 2397.03
5184.06 2397.66
5184.09 2398.68
5184.13 2399.69
5184.17 2400.72
5184.21 2401.73
5184.24 2402.77
5184.28 2403.79
5184.32 2404.80
5184.36 2405.81
5184.39 2406.84
5184.43 2407.86
5184.47 2408.87
5184.51 2409.88
5184.54 2410.88
5184.58 2411.89
5184.60 2412.55
5184.93 2413.54
5185.26 2414.52
5185.59 2415.51
5185.92 2416.48
5186.24 2417.43
5186.57 2418.42
5186.90 2419.40
5187.23 2420.36
5187.55 2421.33
5187.88 2422.30
5188.20 2423.27
5188.53 2424.23
5188.86 2425.20
5189.19 2426.18
5189.41 2426.81
5190.00 2427.67
5190.57 2428.51
5191.15 2429.36
5191.73 2430.21
5192.30 2431.05
5192.89 2431.91
5193.47 2432.76
5194.06 2433.62
5194.63 2434.46
5195.20 2435.30
5195.77 2436.13
5196.35 2436.98
5196.94 2437.86
5197.49 2438.71
5198.05 2439.58
5198.60 2440.43
5199.15 2441.29
5199.72 2442.17
5200.28 2443.04
5200.83 2443.89
5201.39 2444.76
5201.95 2445.62
5202.52 2446.50
5203.07 2447.36
5203.63 2448.23
5204.19 2449.10
5204.92 2450.69
5204.90 2451.69
5204.89 2452.70
5204.87 2453.70
5204.85 2454.71
5204.83 2455.70
5204.81 2456.71
5204.79 2457.72
5204.78 2458.71
5204.76 2459.72
5204.38 2461.12
5204.02 2462.06
5203.66 2463.02
5203.29 2463.98
5202.92 2464.93
5202.56 2465.88
5202.20 2466.82
5201.84 2467.76
5200.72 2468.95
5200.03 2469.53
5199.43 2470.03
5198.89 2470.48
5198.45 2470.85
5198.06 2471.17
5197.75 2471.43
5197.49 2471.64
5197.29 2471.81
5197.10 2471.97
5196.97 2472.08
5196.83 2472.20
5196.69 2472.31
5196.56 2472.42
5196.49 2472.48
5196.48 2472.48
5196.48 2472.49
5196.48 2472.49
5196.48 2472.49
5196.48 2472.49
5196.48 2472.49
5196.48 2472.49
5196.48 2472.49
5196.48 2472.49
5196.48 2472.49
5196.48 2472.49
5196.48 2472.49
5196.48 2472.49
5196.48 2472.49
5196.48 2472.49
5196.48 2472.49
5196.48 2472.49
5196.48 2472.49
5196.48 2472.49
5196.48 2472.49
5196.48 2472.49
5196.48 2472.49
5196.48 2472.49
5196.48 2472.49
5196.48 2472.49
5196.48 2472.49
5196.48 2472.49
5196.48 2472.49
5196.48 2472.49
5196.48 2472.49
5196.48 2472.49
5196.48 2472.49
5196.48 2472.49
5196.48 2472.49
5196.48 2472.49
5196.48 2472.49
5196.43 2472.53
5196.48 2472.49
5196.35 2472.63
5196.19 2472.82
5195.99 2473.06
5195.74 2473.34
5195.47 2473.65
5195.16 2474.01
5194.83 2474.39
5194.72 2474.31
5194.56 2474.94
5194.39 2475.63
5194.20 2476.35
5194.14 2476.35
5194.36 2477.07
5194.59 2477.78
5194.81 2478.49
5194.97 2478.67
5195.45 2479.25
5195.93 2479.82
5196.40 2480.39
5196.87 2480.95
5197.30 2481.34
5197.85 2481.85
5198.50 2482.41
5199.17 2483.00
5199.88 2483.61
5200.63 2484.26
5201.40 2484.93
5202.19 2485.62
5202.96 2486.29
5203.75 2486.97
5204.52 2487.64
5205.29 2488.31
5206.07 2489.00
5206.86 2489.68
5207.65 2490.37
5208.42 2491.04
5209.18 2491.70
5209.95 2492.37
5210.73 2493.05
5211.51 2493.73
5212.29 2494.41
5213.05 2495.07
5213.82 2495.74
5214.59 2496.41
5215.37 2497.09
5216.14 2497.76
5216.92 2498.44
5217.70 2499.11
5218.47 2499.79
5219.28 2500.59
5220.01 2501.33
5220.74 2502.07
5221.47 2502.80
5222.21 2503.55
5222.94 2504.28
5223.66 2505.02
5224.40 2505.76
5225.13 2506.49
5225.85 2507.23
5226.58 2507.96
5227.30 2508.69
5228.02 2509.41
5228.76 2510.16
5229.49 2510.90
5230.21 2511.63
5230.94 2512.36
5231.68 2513.10
5232.41 2513.84
5233.14 2514.58
5233.86 2515.30
5234.58 2516.04
5235.30 2516.76
5236.02 2517.49
5236.74 2518.21
5237.47 2518.95
5238.19 2519.68
5238.92 2520.41
5239.64 2521.14
5240.38 2521.88
5241.11 2522.62
5241.84 2523.36
5242.56 2524.09
5243.29 2524.82
5244.01 2525.55
5244.73 2526.28
5245.45 2527.00
5246.18 2527.75
5246.90 2528.47
5247.64 2529.22
5248.37 2529.96
5249.10 2530.70
5249.83 2531.43
5250.54 2532.15
5251.28 2532.90
5252.00 2533.62
5252.74 2534.37
5253.46 2535.10
5254.20 2535.84
5254.93 2536.59
5255.67 2537.33
5256.38 2538.05
5257.11 2538.79
5257.84 2539.52
5258.56 2540.25
5259.29 2540.99
5260.02 2541.72
5260.74 2542.45
5261.46 2543.18
5262.18 2543.91
5262.90 2544.63
5263.64 2545.38
5264.37 2546.12
5265.08 2546.84
5265.82 2547.58
5266.54 2548.32
5267.25 2549.05
5267.97 2549.78
5268.69 2550.52
5269.44 2551.56
5270.01 2552.43
5270.58 2553.31
5271.15 2554.19
5271.72 2555.07
5272.29 2555.95
5272.86 2556.83
5273.45 2557.75
5274.01 2558.65
5274.56 2559.63
5275.07 2560.66
5275.53 2561.63
5275.99 2562.60
5276.43 2563.52
5276.88 2564.45
5277.33 2565.37
5277.77 2566.29
5278.22 2567.22
5278.67 2568.15
5279.11 2569.04
5279.57 2569.98
5280.04 2570.91
5280.50 2571.84
5280.96 2572.75
5281.42 2573.68
5281.88 2574.60
5282.35 2575.52
5282.81 2576.44
5283.27 2577.37
5283.73 2578.30
5284.20 2579.23
5284.65 2580.25
5285.08 2581.21
5285.50 2582.18
5285.93 2583.15
5286.37 2584.15
5286.76 2585.10
5287.15 2586.06
5287.54 2587.03
5287.93 2587.97
5288.32 2588.94
5288.71 2589.89
5289.11 2590.86
5289.50 2591.82
5289.89 2592.78
5290.28 2593.73
5290.66 2594.68
5291.05 2595.63
5291.43 2596.57
5291.83 2597.54
5292.22 2598.49
5292.61 2599.44
5292.99 2600.39
5293.38 2601.35
5293.77 2602.30
5294.17 2603.32
5294.52 2604.30
5294.87 2605.29
5295.21 2606.26
5295.55 2607.24
5295.90 2608.21
5296.23 2609.17
5296.57 2610.13
5296.91 2611.11
5297.25 2612.07
5297.59 2613.04
5297.94 2614.03
5298.29 2615.01
5298.63 2615.98
5298.97 2616.96
5299.31 2617.93
5299.65 2618.90
5300.00 2619.88
5300.34 2620.86
5300.68 2621.82
5301.02 2622.79
5301.36 2623.75
5301.71 2624.74
5302.05 2625.71
5302.39 2626.68
5302.73 2627.64
5303.07 2628.63
5303.41 2629.59
5303.75 2630.56
5304.09 2631.54
5304.44 2632.51
5304.78 2633.49
5305.12 2634.46
5305.47 2635.45
5305.81 2636.41
5306.15 2637.38
5306.49 2638.35
5306.84 2639.33
5307.18 2640.31
5307.52 2641.28
5307.86 2642.25
5308.20 2643.23
5308.55 2644.21
5308.89 2645.18
5309.23 2646.14
5309.57 2647.10
5309.91 2648.07
5310.25 2649.05
5310.59 2650.01
5310.94 2651.00
5311.27 2651.96
5311.61 2652.92
5311.95 2653.88
5312.30 2654.87
5312.64 2655.85
5312.99 2656.83
5313.33 2657.82
5313.67 2658.78
5314.02 2659.76
5314.36 2660.74
5314.70 2661.71
5315.02 2662.57
5315.46 2663.51
5315.89 2664.43
5316.32 2665.37
5316.75 2666.30
5317.19 2667.24
5317.63 2668.17
5318.06 2669.09
5318.49 2670.01
5318.93 2670.93
5319.38 2671.87
5319.83 2672.81
5320.27 2673.75
5320.71 2674.68
5321.15 2675.60
5321.60 2676.52
5322.04 2677.44
5322.48 2678.36
5322.91 2679.27
5323.36 2680.21
5323.81 2681.15
5324.26 2682.09
5324.71 2683.02
5325.16 2683.96
5325.60 2684.88
5326.04 2685.80
5326.49 2686.75
5326.93 2687.66
5327.37 2688.59
5327.80 2689.46
5328.22 2690.32
5328.64 2691.18
5329.06 2692.04
5329.48 2692.88
5329.90 2693.74
5330.32 2694.61
5330.74 2695.46
5331.16 2696.31
5331.57 2697.16
5332.00 2698.03
5332.42 2698.90
5332.84 2699.76
5333.27 2700.62
5333.68 2701.47
5334.10 2702.32
5334.52 2703.18
5334.94 2704.05
5335.37 2704.91
5335.78 2705.76
5336.21 2706.63
5336.63 2707.50
5337.05 2708.35
5337.48 2709.22
5337.90 2710.08
5338.32 2710.95
5338.75 2711.82
5339.16 2712.67
5339.58 2713.53
5340.01 2714.39
5340.43 2715.26
5340.88 2716.18
5341.33 2717.12
5341.78 2718.06
5342.23 2719.00
5342.69 2719.95
5343.14 2720.88
5343.58 2721.81
5344.02 2722.83
5344.38 2723.77
5344.75 2724.72
5345.13 2725.68
5345.50 2726.63
5345.87 2727.59
5346.24 2728.53
5346.61 2729.49
5346.98 2730.43
5347.34 2731.36
5347.71 2732.30
5348.08 2733.25
5348.45 2734.20
5348.83 2735.16
5349.19 2736.11
5349.56 2737.05
5349.92 2737.98
5350.29 2738.91
5350.66 2739.87
5351.03 2740.82
5351.34 2741.79
5351.71 2742.72
5352.13 2743.64
5352.51 2744.60
5352.88 2745.55
5353.24 2746.49
5353.62 2747.45
5353.93 2748.42
5354.29 2749.35
5354.67 2750.31
5354.98 2751.29
5355.35 2752.23
5355.66 2753.21
5356.03 2754.15
5356.35 2755.13
5356.71 2756.07
5357.03 2757.05
5357.39 2757.99
5357.71 2758.97
5358.08 2759.91
5358.39 2760.89
5358.76 2761.84
5359.07 2762.81
5359.44 2763.74
5359.75 2764.72
5360.00 2765.71
5360.36 2766.64
5360.68 2767.61
5360.93 2768.60
5361.29 2769.53
5361.61 2770.51
5361.97 2771.45
5362.29 2772.42
5362.65 2773.37
5362.97 2774.34
5363.32 2775.28
5363.61 2776.26
5363.95 2777.23
5364.24 2778.21
5364.59 2779.18
5364.88 2780.17
5365.22 2781.13
5365.52 2782.13
5365.86 2783.09
5366.16 2784.09
5366.51 2785.07
5366.80 2786.08
5367.15 2787.04
5367.45 2788.05
5367.69 2789.08
5368.03 2790.05
5368.32 2791.03
5368.67 2792.02
5368.97 2793.01
5369.32 2793.99
5369.61 2795.00
5369.97 2795.98
5370.26 2796.98
5370.61 2797.95
5370.90 2798.94
5371.25 2799.91
5371.54 2800.91
5371.89 2801.89
5372.18 2802.89
5372.41 2803.88
5372.58 2804.90
5372.69 2805.96
5372.87 2807.01
5373.06 2808.10
5373.29 2809.12
5373.58 2810.10
5373.92 2811.08
5374.26 2812.05
5374.61 2813.02
5374.97 2814.00
5375.31 2814.96
5375.66 2815.94
5376.01 2816.91
5376.36 2817.88
5376.71 2818.86
5377.06 2819.82
5377.41 2820.80
5377.76 2821.78
5378.11 2822.76
5378.46 2823.72
5378.81 2824.68
5379.15 2825.64
5379.49 2826.60
5379.84 2827.57
5380.19 2828.54
5380.48 2829.53
5380.83 2830.49
5381.23 2831.43
5381.58 2832.39
5381.93 2833.37
5382.28 2834.35
5382.63 2835.33
5382.98 2836.30
5383.33 2837.28
5383.65 2838.46
5383.83 2839.44
5383.99 2840.29
5384.13 2841.06
5384.28 2841.91
5384.31 2843.23
5384.17 2844.23
5384.03 2845.26
5383.89 2846.27
5383.76 2847.28
5383.34 2848.56
5382.95 2849.53
5382.56 2850.50
5382.18 2851.45
5381.79 2852.42
5381.21 2853.55
5380.66 2854.42
5380.10 2855.30
5379.54 2856.18
5379.00 2857.05
5378.45 2857.90
5377.82 2858.86
5377.15 2859.77
5376.55 2860.59
5375.90 2861.47
5375.19 2862.42
5374.48 2863.39
5373.76 2864.37
5373.16 2865.22
5372.57 2866.09
5372.00 2866.94
5371.42 2867.80
5371.00 2868.61
5370.53 2869.52
5370.06 2870.42
5369.82 2871.21
5369.51 2872.21
5369.45 2872.85
5369.45 2873.89
5369.60 2874.63
5369.81 2875.65
5370.02 2876.64
5370.23 2877.65
5370.44 2878.67
5370.65 2879.66
5370.85 2880.65
5371.06 2881.64
5371.27 2882.66
5371.49 2883.68
5371.70 2884.69
5371.91 2885.69
5372.12 2886.72
5372.33 2887.73
5372.54 2888.75
5372.75 2889.75
5372.97 2890.77
5373.18 2891.79
5373.39 2892.81
5373.60 2893.82
5373.81 2894.81
5374.02 2895.81
5374.22 2896.80
5374.44 2897.82
5374.52 2898.48
5375.01 2899.39
5375.51 2900.30
5376.01 2901.22
5376.50 2902.11
5376.98 2903.01
5377.47 2903.91
5377.97 2904.82
5378.47 2905.74
5378.96 2906.64
5379.46 2907.56
5379.94 2908.45
5380.44 2909.36
5380.93 2910.27
5381.42 2911.17
5381.91 2912.06
5382.40 2912.98
5382.89 2913.88
5383.38 2914.77
5383.88 2915.68
5384.37 2916.60
5384.87 2917.51
5385.37 2918.43
5385.87 2919.35
5386.36 2920.24
5386.84 2921.14
5387.33 2922.03
5387.83 2922.94
5388.33 2923.86
5388.81 2924.76
5389.21 2924.77
5390.11 2925.29
5391.01 2925.81
5391.91 2926.32
5392.80 2926.83
5393.70 2927.35
5394.60 2927.86
5395.51 2928.38
5396.40 2928.89
5397.30 2929.40
5398.21 2929.92
5399.02 2930.26
5399.97 2930.65
5400.94 2931.05
5401.90 2931.46
5402.85 2931.85
5403.81 2932.25
5404.75 2932.64
5405.70 2933.04
5406.71 2933.47
5407.62 2933.92
5408.56 2934.38
5409.46 2934.83
5410.38 2935.28
5411.31 2935.74
5412.24 2936.20
5413.15 2936.65
5414.08 2937.11
5415.01 2937.57
5415.92 2938.02
5416.85 2938.48
5417.87 2939.12
5418.72 2939.70
5419.58 2940.29
5420.43 2940.86
5421.27 2941.44
5422.13 2942.02
5422.98 2942.60
5423.83 2943.18
5424.67 2943.75
5425.50 2944.32
5426.35 2944.89
5427.19 2945.47
5428.04 2946.05
5428.89 2946.62
5429.83 2947.41
5430.55 2948.10
5431.28 2948.79
5432.02 2949.49
5432.74 2950.18
5433.48 2950.88
5434.21 2951.58
5434.95 2952.28
5435.69 2952.99
5436.42 2953.68
5437.16 2954.38
5437.89 2955.08
5438.67 2955.86
5439.38 2956.63
5440.09 2957.39
5440.78 2958.14
5441.49 2958.91
5442.18 2959.65
5442.88 2960.41
5443.58 2961.17
5444.27 2961.91
5444.96 2962.65
5445.65 2963.40
5446.35 2964.16
5447.04 2964.91
5447.74 2965.67
5448.45 2966.43
5449.15 2967.18
5449.84 2967.94
5450.53 2968.68
5451.24 2969.44
5451.99 2970.33
5452.59 2971.13
5453.19 2971.94
5453.81 2972.76
5454.43 2973.59
5455.04 2974.40
5455.65 2975.21
5456.27 2976.04
5456.89 2976.87
5457.50 2977.69
5458.11 2978.50
5458.71 2979.30
5459.31 2980.10
5459.91 2980.90
5460.53 2981.73
5461.14 2982.55
5461.74 2983.35
5462.34 2984.15
5462.96 2984.97
5463.57 2985.78
5464.16 2986.58
5464.78 2987.40
5465.39 2988.21
5465.60 2990.08
5465.53 2991.10
5465.47 2992.12
5465.40 2993.17
5465.24 2994.19
5465.09 2995.09
5464.76 2996.26
5464.40 2997.09
5463.87 2998.17
5463.31 2998.91
5462.77 2999.62
5461.88 3000.44
5461.18 3001.02
5460.33 3001.65
5459.51 3002.19
5458.67 3002.75
5457.81 3003.32
5456.96 3003.87
5454.99 3004.11
5454.00 3003.85
5453.03 3003.60
5452.05 3003.34
5451.06 3003.07
5450.09 3002.82
5449.11 3002.56
5448.13 3002.30
5447.15 3002.04
5445.50 3001.25
5444.90 3000.43
5444.30 2999.59
5443.69 2998.75
5443.09 2997.92
5442.49 2997.10
5441.90 2996.28
5441.30 2995.45
5440.69 2994.61
5440.10 2993.79
5439.49 2992.95
5438.89 2992.13
5438.29 2991.30
5437.70 2990.48
5437.11 2989.68
5436.48 2988.86
5435.87 2988.05
5435.25 2987.24
5434.62 2986.42
5434.00 2985.61
5433.38 2984.79
5432.76 2983.98
5432.14 2983.16
5431.52 2982.35
5430.89 2981.53
5430.28 2980.72
5429.66 2979.91
5429.03 2979.08
5428.41 2978.27
5427.78 2977.44
5427.15 2976.61
5426.86 2976.19
5425.96 2975.68
5425.08 2975.19
5424.21 2974.70
5423.32 2974.20
5422.43 2973.70
5421.55 2973.21
5420.66 2972.71
5419.78 2972.21
5418.90 2971.72
5418.00 2971.22
5417.12 2970.72
5416.35 2970.38
5415.38 2969.99
5414.45 2969.61
5413.48 2969.22
5412.52 2968.83
5411.56 2968.44
5410.61 2968.06
5409.66 2967.67
5408.72 2967.29
5407.77 2966.91
5406.83 2966.53
5406.10 2966.36
5405.11 2966.18
5404.10 2965.99
5403.11 2965.80
5402.11 2965.62
5401.10 2965.43
5400.12 2965.24
5399.12 2965.06
5398.11 2964.87
5397.09 2964.68
5396.10 2964.49
5395.08 2964.30
5394.08 2964.12
5393.22 2964.09
5392.21 2964.04
5391.20 2964.00
5390.18 2963.95
5389.17 2963.91
5388.14 2963.86
5387.13 2963.82
5386.11 2963.77
5385.10 2963.73
5384.07 2963.68
5383.05 2963.64
5382.22 2963.70
5381.21 2963.82
5380.18 2963.94
5379.15 2964.07
5378.38 2964.26
5377.40 2964.56
5376.45 2964.85
5375.47 2965.15
5374.51 2965.44
5373.55 2965.73
5372.58 2966.03
5371.61 2966.32
5370.68 2966.61
5369.69 2966.93
5368.72 2967.25
5367.74 2967.57
5366.77 2967.89
5365.80 2968.21
5364.83 2968.53
5363.79 2968.82
5362.81 2969.08
5361.85 2969.34
5361.02 2969.55
5360.12 2969.79
5359.15 2970.05
5357.87 2970.34
5356.83 2970.38
5356.06 2970.45
5355.18 2970.55
5354.32 2970.66
5353.75 2970.75
5352.94 2971.03
5352.11 2971.31
5351.66 2971.56
5350.95 2972.05
5350.57 2972.30
5350.04 2972.99
5349.52 2973.67
5349.40 2974.12
5349.15 2974.99
5349.17 2975.50
5349.20 2976.31
5349.27 2976.90
5349.52 2977.82
5349.77 2978.74
5350.05 2979.45
5350.43 2980.33
5350.80 2981.17
5351.16 2981.95
5351.61 2982.83
5352.06 2983.73
5352.52 2984.64
5352.97 2985.55
5353.28 2985.86
5353.87 2986.34
5354.76 2986.81
5355.66 2987.28
5356.47 2987.66
5357.43 2988.04
5358.38 2988.42
5359.30 2988.79
5360.24 2989.17
5361.17 2989.54
5362.12 2989.92
5363.05 2990.29
5364.00 2990.67
5364.96 2991.06
5365.92 2991.44
5366.87 2991.82
5367.83 2992.21
5368.78 2992.59
5369.73 2992.97
5370.68 2993.35
5371.63 2993.73
5372.58 2994.11
5373.54 2994.50
5374.48 2994.88
5375.44 2995.26
5376.39 2995.65
5377.32 2996.02
5378.27 2996.40
5379.22 2996.78
5380.16 2997.16
5381.10 2997.54
5382.04 2997.91
5382.97 2998.29
5383.90 2998.66
5384.84 2999.03
5385.78 2999.41
5386.73 2999.79
5387.68 3000.18
5388.63 3000.56
5389.57 3000.93
5390.50 3001.31
5391.43 3001.68
5392.37 3002.06
5393.30 3002.43
5394.26 3002.82
5395.21 3003.20
5396.15 3003.57
5397.08 3003.95
5398.03 3004.33
5398.96 3004.70
5399.90 3005.08
5400.85 3005.46
5401.80 3005.84
5402.78 3006.27
5403.72 3006.68
5404.65 3007.09
5405.57 3007.50
5406.49 3007.90
5407.41 3008.31
5408.33 3008.71
5409.26 3009.12
5410.18 3009.53
5411.11 3009.94
5412.03 3010.35
5413.43 3011.13
5414.07 3011.92
5414.73 3012.72
5415.54 3013.82
5415.94 3014.75
5416.34 3015.68
5416.74 3016.61
5417.14 3017.56
5417.52 3018.48
5417.71 3020.18
5417.47 3021.17
5417.24 3022.15
5417.01 3023.13
5416.62 3024.26
5416.31 3025.05
5416.08 3025.66
5415.91 3026.10
5415.71 3026.51
5415.63 3026.65
5415.55 3026.80
5415.45 3026.99
5415.28 3027.28
5415.11 3027.57
5414.91 3027.92
5414.68 3028.30
5414.44 3028.72
5414.16 3029.20
5413.85 3029.73
5413.52 3030.29
5412.99 3031.02
5412.52 3031.60
5412.01 3032.23
5411.22 3033.07
5410.48 3033.65
5409.69 3034.28
5408.73 3034.96
5407.87 3035.51
5406.99 3036.07
5406.12 3036.62
5405.24 3037.18
5404.38 3037.71
5403.24 3038.36
5402.27 3038.70
5401.31 3039.04
5400.34 3039.38
5398.55 3039.26
5397.58 3038.96
5396.62 3038.66
5395.65 3038.35
5394.66 3038.04
5393.55 3037.48
5392.64 3037.00
5391.74 3036.52
5390.83 3036.04
5389.94 3035.56
5389.04 3035.09
5388.14 3034.61
5387.24 3034.13
5386.35 3033.66
5385.45 3033.18
5384.56 3032.71
5383.67 3032.23
5382.76 3031.75
5381.87 3031.28
5380.98 3030.81
5380.09 3030.33
5379.17 3029.85
