5175.36 2082.26
5175.41 2082.29
5175.51 2082.36
5175.67 2082.45
5175.86 2082.57
5176.10 2082.72
5176.39 2082.89
5176.70 2083.09
5177.06 2083.31
5177.47 2083.56
5177.93 2083.84
5178.43 2084.15
5178.96 2084.48
5179.54 2084.83
5180.15 2085.21
5180.79 2085.60
5181.48 2086.02
5181.98 2086.68
5182.39 2087.47
5182.82 2088.32
5183.28 2089.21
5183.76 2090.14
5184.25 2091.11
5184.77 2092.11
5185.08 2093.24
5185.38 2094.44
5185.69 2095.68
5186.01 2096.96
5186.35 2098.31
5186.54 2099.73
5186.61 2101.23
5186.70 2102.78
5186.78 2104.37
5186.86 2106.01
5186.95 2107.72
5186.67 2109.44
5186.29 2111.20
5185.91 2113.01
5185.51 2114.87
5184.91 2116.71
5183.92 2118.46
5182.92 2120.23
5181.89 2122.04
5180.84 2123.88
5179.77 2125.78
5178.68 2127.71
5177.56 2129.68
5176.42 2131.68
5175.17 2133.65
5173.24 2135.11
5171.29 2136.59
5169.31 2138.08
5167.31 2139.60
5165.27 2141.14
5163.19 2142.71
5161.08 2144.32
5158.92 2145.95
5156.74 2147.60
5154.44 2149.37
5152.04 2151.26
5149.60 2153.18
5147.12 2155.14
5144.62 2157.15
5142.07 2159.20
5139.38 2161.18
5136.69 2163.17
5133.91 2165.02
5131.08 2166.80
5128.24 2168.58
5125.29 2170.33
5122.28 2172.07
5119.56 2173.65
5117.53 2175.29
5115.86 2176.69
5114.53 2177.80
5113.52 2178.65
5112.81 2179.18
5112.05 2179.61
5111.27 2180.04
5110.48 2180.48
5109.70 2180.92
5108.84 2181.07
5107.94 2181.07
5107.05 2181.07
5106.17 2181.08
5105.35 2180.82
5104.56 2180.41
5103.80 2180.00
5103.03 2179.60
5102.26 2179.19
5101.64 2178.59
5101.05 2177.96
5100.43 2177.31
5099.83 2176.68
5099.22 2176.03
5098.61 2175.39
5098.05 2174.69
5097.48 2173.94
5096.91 2173.14
5096.34 2172.28
5095.75 2171.39
5095.13 2170.45
5094.47 2169.45
5093.79 2168.42
5093.06 2167.32
5092.32 2166.20
5091.54 2165.02
5090.73 2163.80
5089.87 2162.61
5089.21 2161.69
5088.74 2160.96
5088.50 2160.61
5088.28 2160.27
5088.03 2159.91
5088.01 2159.87
5088.01 2159.87
5088.01 2159.87
5088.01 2159.87
5088.01 2159.87
5088.01 2159.87
5087.97 2159.81
5087.90 2159.71
5087.79 2159.57
5087.64 2159.39
5087.46 2159.16
5087.26 2158.90
5087.03 2158.61
5086.78 2158.29
5086.51 2157.95
5086.20 2157.55
5085.84 2157.10
5085.45 2156.60
5085.03 2156.07
5084.49 2155.62
5083.89 2155.13
5083.25 2154.61
5082.57 2154.05
5081.85 2153.57
5080.94 2153.24
5080.04 2152.91
5079.14 2152.58
5078.24 2152.62
5077.30 2152.69
5076.35 2152.75
5075.44 2152.95
5074.47 2153.22
5073.44 2153.51
5072.36 2153.81
5071.25 2154.13
5070.08 2154.46
5068.87 2154.80
5067.60 2155.16
5066.28 2155.53
5064.90 2155.93
5063.48 2156.33
5062.02 2156.74
5060.53 2157.18
5059.04 2157.78
5057.49 2158.41
5055.89 2159.06
5054.24 2159.73
5052.53 2160.42
5050.78 2161.13
5048.98 2161.86
5047.13 2162.61
5045.24 2163.38
5043.30 2164.17
5041.32 2164.97
5039.30 2165.79
5037.22 2166.63
5035.08 2167.50
5032.89 2168.39
5030.64 2169.30
5028.36 2170.22
5026.05 2171.16
5023.69 2172.11
5021.29 2173.09
5018.85 2174.08
5016.46 2175.05
5014.39 2175.86
5012.63 2176.34
5011.18 2176.74
5009.66 2177.15
5008.08 2177.59
5006.43 2178.03
5004.72 2178.49
5002.95 2178.96
5001.13 2179.38
4999.24 2179.78
4997.29 2180.09
4995.29 2180.39
4993.23 2180.67
4991.11 2180.95
4988.98 2181.24
4986.78 2181.53
4984.55 2181.83
4982.26 2182.14
4979.91 2182.45
4977.52 2182.77
4975.08 2183.10
4972.56 2182.99
4970.02 2182.62
4967.42 2182.25
4964.78 2181.87
4962.08 2181.48
4959.35 2181.08
4956.55 2180.68
4953.89 2179.54
4951.21 2178.33
4948.48 2177.10
4945.72 2175.86
4942.90 2174.60
4940.03 2173.31
4937.38 2171.51
4934.88 2169.40
4932.33 2167.26
4929.80 2165.12
4927.25 2162.98
4924.72 2160.84
4922.18 2158.70
4919.59 2156.54
4916.94 2154.47
4914.13 2152.62
4911.24 2150.91
4908.25 2149.15
4905.24 2147.39
4902.23 2145.63
4899.09 2144.27
4895.63 2143.72
4892.19 2143.17
4888.98 2142.66
4886.19 2142.22
4883.85 2141.84
4882.06 2142.38
4880.66 2142.82
4879.69 2143.13
4878.89 2143.53
4878.06 2143.94
4877.42 2144.52
4876.73 2145.15
4876.18 2145.87
4875.65 2146.64
4875.17 2147.42
4874.77 2148.26
4874.38 2149.11
4874.03 2149.95
4873.73 2150.85
4873.40 2151.81
4873.06 2152.81
4872.70 2153.86
4872.33 2154.95
4871.95 2156.07
4871.55 2157.25
4871.13 2158.47
4870.70 2159.74
4870.31 2161.07
4870.03 2162.50
4869.75 2163.99
4869.46 2165.52
4869.16 2167.10
4868.84 2168.74
4868.57 2170.45
4868.33 2172.23
4868.09 2174.08
4867.84 2175.96
4867.58 2177.87
4867.33 2179.82
4867.06 2181.81
4866.79 2183.86
4866.51 2185.98
4866.19 2188.16
4865.49 2190.28
4864.76 2192.46
4864.02 2194.70
4863.25 2196.99
4862.47 2199.34
4861.68 2201.72
4860.79 2204.15
4859.72 2206.53
4858.63 2208.95
4857.13 2211.13
4855.56 2212.91
4854.17 2214.50
4852.95 2215.88
4851.88 2217.11
4850.93 2218.19
4850.05 2219.19
4849.21 2220.14
4848.39 2221.08
4847.60 2221.98
4846.81 2222.89
4846.17 2223.61
4845.56 2224.31
4845.00 2224.95
4844.50 2225.51
4844.24 2225.81
4843.97 2226.12
4843.68 2226.43
4843.38 2226.72
4843.08 2227.02
4842.94 2227.17
4842.93 2227.18
4842.92 2227.18
4842.92 2227.18
4842.92 2227.18
4842.92 2227.18
4842.92 2227.18
4842.92 2227.18
4842.92 2227.18
4842.92 2227.18
4842.92 2227.18
4842.92 2227.18
4842.88 2227.23
4842.80 2227.31
4842.67 2227.44
4842.50 2227.61
4842.29 2227.81
4842.06 2228.05
4841.79 2228.31
4841.50 2228.61
4841.18 2228.92
4840.82 2229.28
4840.43 2229.68
4840.00 2230.11
4839.54 2230.57
4839.03 2231.07
4838.49 2231.62
4837.92 2232.19
4837.30 2232.80
4836.64 2233.46
4835.94 2234.16
4835.39 2234.72
4835.10 2235.00
4834.81 2235.29
4834.54 2235.56
4834.52 2235.58
4834.52 2235.58
4834.52 2235.58
4834.52 2235.58
4834.52 2235.58
4834.52 2235.58
4834.52 2235.58
4834.52 2235.58
4834.52 2235.58
4834.52 2235.58
4834.52 2235.58
4834.52 2235.58
4834.52 2235.58
4834.52 2235.58
4834.52 2235.58
4834.52 2235.58
4834.52 2235.58
4834.52 2235.58
4834.52 2235.58
4834.52 2235.58
4834.52 2235.58
4834.52 2235.58
4834.52 2235.58
4834.52 2235.58
4834.52 2235.58
4834.52 2235.58
4834.52 2235.58
4834.52 2235.58
4834.52 2235.58
4834.52 2235.58
4834.52 2235.58
4834.52 2235.58
4834.52 2235.58
4834.52 2235.58
4834.52 2235.58
4834.52 2235.58
4834.52 2235.58
4834.52 2235.58
4834.52 2235.58
4834.52 2235.58
4834.52 2235.58
4834.52 2235.58
4834.52 2235.58
4834.52 2235.58
4834.52 2235.58
4834.52 2235.58
4834.52 2235.58
4834.52 2235.58
4834.52 2235.58
4834.52 2235.58
4834.52 2235.58
4834.52 2235.58
4834.52 2235.58
4834.48 2235.54
4834.39 2235.45
4834.34 2235.41
4834.31 2235.37
4834.31 2235.37
4834.31 2235.37
4834.31 2235.37
4834.31 2235.37
4834.26 2235.41
4834.18 2235.49
4834.06 2235.61
4833.91 2235.76
4833.72 2235.96
4833.48 2236.19
4833.23 2236.46
4832.93 2236.77
4832.61 2237.10
4832.25 2237.47
4831.84 2237.89
4831.41 2238.34
4830.94 2238.82
4830.44 2239.34
4829.89 2239.91
4829.31 2240.50
4828.70 2241.13
4828.07 2241.79
4827.39 2242.49
4826.66 2243.23
4825.89 2244.03
4825.08 2244.86
4824.23 2245.75
4823.33 2246.67
4822.41 2247.63
4821.45 2248.61
4820.47 2249.63
4819.45 2250.68
4818.40 2251.76
4817.30 2252.89
4816.18 2254.06
4815.04 2255.24
4813.91 2256.45
4812.74 2257.68
4811.55 2258.95
4810.34 2260.24
4809.13 2261.53
4807.81 2262.75
4806.43 2263.98
4805.00 2265.27
4803.46 2266.69
4801.87 2268.15
4800.34 2269.71
4798.81 2271.38
4797.30 2273.10
4795.78 2274.87
4794.22 2276.67
4792.63 2278.50
4791.00 2280.37
4789.34 2282.29
4787.63 2284.24
4785.89 2286.25
4784.10 2288.30
4782.25 2290.38
4780.33 2292.49
4778.32 2294.54
4776.15 2296.51
4773.92 2298.45
4771.63 2300.41
4769.32 2302.40
4766.97 2304.43
4764.61 2306.46
4762.23 2308.49
4759.81 2310.55
4757.30 2312.73
4754.78 2314.96
4752.25 2317.20
4749.99 2319.19
4748.13 2320.86
4746.54 2322.30
4745.20 2323.49
4744.10 2324.49
4742.94 2325.52
4742.09 2326.28
4741.55 2326.77
4740.93 2327.21
4740.26 2327.66
4739.58 2328.12
4738.91 2328.57
4738.23 2329.02
4737.51 2329.17
4736.71 2329.32
4735.91 2329.48
4735.11 2329.63
4734.42 2329.39
4733.65 2329.15
4732.87 2328.90
4732.18 2328.69
4731.56 2328.16
4730.94 2327.63
4730.32 2327.10
4729.70 2326.57
4729.12 2326.04
4728.54 2325.38
4727.92 2324.67
4727.25 2323.92
4726.55 2323.13
4725.82 2322.30
4725.05 2321.42
4724.24 2320.50
4723.39 2319.55
4722.51 2318.54
4721.59 2317.50
4720.63 2316.41
4719.63 2315.28
4718.60 2314.11
4717.54 2312.90
4716.49 2311.68
4715.40 2310.44
4714.27 2309.14
4713.12 2307.82
4711.93 2306.46
4710.70 2305.05
4709.24 2303.65
4707.33 2303.16
4705.36 2302.66
4703.69 2302.32
4702.00 2302.02
4700.25 2301.95
4698.51 2302.11
4696.87 2302.62
4695.23 2303.13
4693.58 2303.65
4691.78 2304.63
4691.32 2306.66
4690.90 2308.10
4690.49 2309.54
4690.06 2310.94
4689.57 2312.33
4689.12 2313.80
4689.02 2315.29
4688.98 2316.87
4689.49 2318.26
4689.99 2319.65
4690.57 2321.08
4691.40 2322.36
4692.26 2323.69
4693.15 2325.05
4694.05 2326.44
4694.99 2327.87
4695.95 2329.35
4696.93 2330.86
4697.94 2332.42
4698.99 2334.02
4700.07 2335.69
4701.18 2337.39
4702.31 2339.13
4703.47 2340.92
4704.66 2342.74
4705.92 2344.58
4707.21 2346.46
4708.60 2348.42
4710.02 2350.42
4711.45 2352.39
4713.05 2354.29
4714.75 2356.17
4716.56 2358.02
4718.57 2359.67
4720.63 2361.37
4722.67 2363.05
4724.38 2364.45
4725.75 2365.58
4726.80 2366.44
4727.45 2367.22
4728.13 2368.03
4728.81 2368.84
4729.17 2369.76
4729.52 2370.76
4729.88 2371.76
4730.03 2372.71
4730.09 2373.77
4730.14 2374.80
4730.20 2375.85
4730.08 2376.85
4729.92 2377.87
4729.76 2378.91
4729.59 2379.94
4729.42 2380.93
4729.17 2381.96
4729.24 2383.15
4729.86 2384.13
4730.50 2385.16
4731.35 2386.17
4732.35 2387.07
4733.40 2388.01
4734.49 2388.99
4735.62 2390.01
4736.78 2391.05
4737.97 2392.12
4739.23 2393.20
4740.53 2394.28
4741.87 2395.40
4743.23 2396.54
4744.63 2397.70
4746.01 2398.94
4747.32 2400.33
4748.67 2401.76
4750.06 2403.24
4751.50 2404.77
4752.98 2406.35
4754.39 2408.05
4755.82 2409.82
4757.27 2411.61
4758.76 2413.46
4760.29 2415.35
4761.86 2417.29
4763.34 2419.32
4764.60 2421.58
4765.89 2423.90
4767.21 2426.26
4768.17 2428.81
4769.04 2431.51
4769.92 2434.25
4769.78 2436.90
4768.86 2439.50
4767.70 2441.29
4766.21 2442.50
4764.99 2443.52
4763.76 2444.55
4762.51 2445.51
4761.19 2446.30
4759.77 2446.91
4758.21 2447.25
4756.66 2447.58
4755.12 2447.69
4753.46 2447.32
4751.74 2446.94
4750.32 2445.98
4748.82 2444.85
4747.39 2443.60
4746.11 2442.07
4744.80 2440.51
4743.45 2438.90
4742.07 2437.26
4740.70 2435.57
4739.40 2433.74
4738.07 2431.87
4736.71 2429.94
4735.32 2427.97
4733.89 2425.96
4732.28 2424.02
4730.63 2422.08
4728.95 2420.11
4727.15 2418.15
4725.28 2416.19
4723.36 2414.19
4721.42 2412.15
4719.44 2410.08
4717.43 2407.98
4715.13 2406.07
4712.80 2404.14
4710.42 2402.17
4708.00 2400.16
4705.55 2398.12
4703.05 2396.05
4700.52 2393.96
4697.94 2391.82
4695.33 2389.72
4692.66 2387.67
4690.00 2385.63
4687.45 2383.68
4685.21 2381.96
4683.07 2380.70
4681.22 2379.75
4679.76 2378.99
4678.68 2378.44
4677.98 2378.08
4677.48 2377.86
4676.99 2377.65
4676.50 2377.44
4676.01 2377.22
4675.52 2377.01
4674.99 2376.80
4674.48 2376.71
4673.97 2376.63
4673.48 2376.55
4672.86 2376.56
4672.40 2376.82
4671.94 2377.08
4671.78 2377.73
4671.74 2378.24
4671.70 2378.74
4671.80 2379.41
4671.92 2380.10
4672.06 2380.85
4672.20 2381.65
4672.83 2382.41
4673.47 2383.09
4674.34 2383.65
4675.28 2384.11
4676.24 2384.61
4677.04 2385.31
4677.85 2385.99
4678.73 2386.68
4679.68 2387.35
4680.67 2388.03
4681.71 2388.74
4682.77 2389.48
4683.82 2390.37
4684.92 2391.28
4686.06 2392.24
4687.25 2393.24
4688.49 2394.27
4689.77 2395.34
4691.07 2396.43
4692.41 2397.55
4693.78 2398.70
4695.35 2399.72
4696.93 2400.73
4698.58 2401.77
4700.27 2402.85
4702.02 2403.96
4703.80 2405.10
4705.61 2406.25
4707.18 2407.59
4708.36 2409.49
4709.56 2411.43
4710.80 2413.41
4711.15 2415.74
4711.53 2418.18
4711.09 2420.32
4709.60 2422.41
4708.08 2424.54
4706.52 2426.72
4704.94 2428.94
4703.32 2431.21
4701.67 2433.52
4699.99 2435.87
4698.53 2438.46
4698.59 2441.45
4698.69 2444.55
4700.07 2447.31
4701.47 2450.12
4702.88 2452.96
4704.33 2455.86
4705.80 2458.82
4707.30 2461.82
4708.80 2464.83
4710.29 2467.83
4711.79 2470.83
4713.28 2473.83
4714.77 2476.82
4716.26 2479.80
4717.71 2482.85
4719.14 2485.91
4720.51 2489.00
4721.88 2492.10
4723.25 2495.20
4724.62 2498.29
4725.98 2501.38
4727.35 2504.47
4728.72 2507.58
4730.09 2510.67
4731.45 2513.76
4732.82 2516.86
4734.19 2519.95
4735.56 2523.06
4736.94 2526.16
4738.30 2529.26
4739.67 2532.34
4741.04 2535.43
4742.41 2538.53
4743.78 2541.64
4745.32 2544.67
4746.90 2547.64
4748.47 2550.60
4750.16 2553.62
4752.82 2555.73
4755.33 2557.98
4757.60 2560.47
4759.83 2562.99
4761.92 2565.61
4763.91 2568.34
4765.86 2571.09
4767.71 2573.91
4769.56 2576.74
4771.40 2579.58
4773.22 2582.40
4775.07 2585.20
4776.93 2588.01
4778.63 2590.59
4780.18 2592.77
4781.73 2594.90
4783.63 2596.80
4785.74 2598.44
4787.95 2599.88
4790.19 2601.29
4792.46 2602.72
4794.79 2604.25
4797.17 2605.82
4799.54 2607.36
4802.08 2608.68
4804.69 2609.91
4807.33 2611.14
4809.89 2612.48
4812.14 2614.49
4814.43 2616.52
4816.75 2618.58
4819.09 2620.66
4821.26 2622.97
4823.45 2625.34
4825.67 2627.75
4827.93 2630.20
4830.20 2632.67
4832.46 2635.12
4834.73 2637.58
4837.00 2640.05
4839.28 2642.52
4841.54 2644.97
4843.82 2647.44
4846.12 2649.89
4848.43 2652.30
4850.72 2654.67
4853.02 2657.05
4855.30 2659.41
4857.60 2661.78
4859.89 2664.15
4862.17 2666.51
4864.46 2668.88
4866.75 2671.24
4869.03 2673.61
4871.33 2675.99
4873.62 2678.35
4875.92 2680.73
4878.22 2683.11
4880.51 2685.48
4882.79 2687.84
4884.70 2690.43
4886.53 2693.14
4887.04 2696.08
4886.50 2699.13
4884.64 2701.82
4882.77 2704.51
4880.89 2707.22
4878.99 2709.94
4877.06 2712.72
4874.98 2715.40
4872.48 2717.68
4869.80 2719.54
4866.73 2721.08
4864.88 2723.85
4865.65 2726.60
4867.68 2729.25
4870.02 2731.69
4872.66 2733.75
4875.32 2735.82
4877.99 2737.91
4880.61 2740.03
4883.13 2742.26
4885.57 2744.59
4887.88 2746.98
4889.94 2749.64
4892.01 2752.32
4894.23 2754.89
4896.90 2756.97
4899.55 2759.04
4902.19 2761.10
4904.84 2763.17
4907.48 2765.23
4910.13 2767.30
4912.79 2769.38
4915.45 2771.45
4918.09 2773.52
4920.74 2775.58
4923.39 2777.66
4926.06 2779.75
4928.74 2781.85
4931.63 2783.65
4934.68 2785.11
4937.75 2786.57
4940.81 2788.04
4943.88 2789.50
4947.00 2790.91
4950.12 2792.29
4953.23 2793.66
4956.31 2795.05
4959.36 2796.48
4962.40 2797.98
4965.44 2799.47
4968.49 2800.97
4971.53 2802.47
4974.57 2803.96
4977.60 2805.46
4980.63 2806.95
4983.66 2808.44
4986.68 2809.93
4989.71 2811.42
4992.76 2812.92
4995.79 2814.41
4998.83 2815.90
5001.85 2817.39
5004.82 2818.85
5007.40 2820.12
5009.59 2821.19
5011.38 2822.07
5012.84 2822.68
5013.89 2823.11
5014.56 2823.56
5015.30 2824.03
5016.03 2824.51
5016.77 2824.98
5017.22 2825.61
5017.66 2826.37
5018.10 2827.09
5018.53 2827.82
5018.58 2828.58
5018.65 2829.44
5018.72 2830.30
5018.79 2831.15
5018.68 2831.92
5018.48 2832.76
5018.28 2833.60
5018.08 2834.44
5017.88 2835.27
5017.66 2836.08
5017.34 2836.95
5017.10 2837.92
5017.13 2839.03
5017.54 2840.04
5018.39 2840.92
5019.54 2841.35
5020.73 2841.79
5021.99 2842.25
5023.28 2842.73
5024.63 2843.22
5026.05 2843.64
5027.52 2844.08
5029.05 2844.54
5030.62 2845.01
5032.23 2845.49
5033.89 2845.99
5035.58 2846.50
5037.31 2847.07
5039.09 2847.66
5040.89 2848.27
5042.75 2848.89
5044.67 2849.53
5046.65 2850.19
5048.67 2850.86
5050.76 2851.56
5052.89 2852.27
5055.07 2853.00
5057.22 2853.89
5059.42 2854.87
5061.68 2855.89
5063.98 2856.92
5066.27 2857.99
5068.38 2859.59
5070.54 2861.22
5072.74 2862.89
5074.98 2864.58
5077.24 2866.30
5079.39 2868.27
5081.58 2870.26
5083.80 2872.28
5086.05 2874.33
5088.33 2876.41
5090.66 2878.53
5093.01 2880.67
5095.40 2882.84
5097.83 2885.06
5100.31 2887.32
5102.83 2889.61
5105.35 2891.91
5107.87 2894.21
5110.41 2896.52
5112.85 2898.90
5115.13 2901.47
5117.41 2904.04
5119.67 2906.59
5121.89 2909.17
5123.85 2911.99
5125.80 2914.81
5127.76 2917.62
5129.80 2920.37
5131.82 2923.12
5133.85 2925.86
5135.87 2928.60
5137.90 2931.35
5139.93 2934.10
5141.96 2936.85
5144.00 2939.61
5146.02 2942.35
5148.04 2945.08
5149.80 2947.98
5151.44 2950.99
5153.07 2954.00
5154.69 2956.99
5156.32 2960.00
5157.95 2963.00
5159.25 2966.15
5160.56 2969.33
5161.87 2972.48
5163.17 2975.63
5164.47 2978.78
5165.78 2981.94
5166.69 2985.16
5167.60 2988.42
5168.50 2991.66
5169.41 2994.86
5170.20 2998.02
5170.44 3001.33
5170.69 3004.64
5170.94 3007.96
5170.30 3011.13
5169.40 3014.33
5168.49 3017.53
5167.13 3020.30
5164.57 3022.40
5162.01 3024.50
5158.92 3024.65
5156.22 3023.33
5154.21 3020.96
5153.25 3017.75
5153.06 3014.54
5153.02 3011.19
5152.98 3007.86
5152.94 3004.53
5152.90 3001.20
5152.85 2997.87
5152.66 2994.52
5151.72 2991.32
5150.79 2988.13
5149.86 2984.95
5148.92 2981.76
5147.47 2978.74
5145.80 2975.87
5144.06 2973.03
5142.11 2970.31
5140.17 2967.61
5138.23 2964.90
5136.29 2962.20
5134.35 2959.50
5132.41 2956.80
5130.12 2954.35
5127.52 2952.28
5124.92 2950.20
5122.31 2948.12
5119.71 2946.04
5117.12 2943.98
5114.77 2942.10
5112.71 2940.46
5110.45 2939.94
5108.61 2939.61
5107.09 2939.34
5105.50 2939.05
5104.33 2938.84
5103.58 2938.71
5103.16 2938.64
5102.73 2938.58
5102.30 2938.53
5101.87 2938.47
5101.43 2938.41
5101.00 2938.36
5100.52 2938.34
5100.09 2938.39
5099.66 2938.44
5099.17 2938.82
5099.16 2939.25
5099.50 2939.73
5099.83 2940.03
5100.15 2940.32
5100.49 2940.62
5100.84 2940.89
5101.17 2941.20
5101.49 2941.59
5101.82 2942.06
5102.13 2942.59
5102.47 2943.15
5102.86 2943.74
5103.19 2944.29
5103.70 2945.04
5104.13 2945.73
5104.76 2946.26
5105.43 2946.82
5106.15 2947.41
5106.90 2948.04
5107.69 2948.70
5108.52 2949.39
5109.38 2950.10
5110.26 2950.84
5111.18 2951.61
5112.14 2952.41
5113.14 2953.24
5114.18 2954.11
5115.25 2955.00
5116.35 2955.92
5117.50 2956.88
5118.69 2957.87
5119.92 2958.90
5121.24 2960.13
5122.36 2961.40
5123.55 2962.65
5124.81 2963.91
5126.17 2965.16
5127.45 2966.33
5128.73 2967.80
5130.05 2969.29
5131.39 2970.82
5132.77 2972.40
5134.19 2974.01
5135.65 2975.67
5136.47 2977.07
5137.21 2979.26
5137.96 2981.49
5138.72 2983.76
5139.51 2986.10
5140.32 2988.49
5141.14 2990.94
5141.91 2993.18
5142.33 2995.81
5142.76 2998.48
5143.19 3001.20
5143.64 3003.99
5144.10 3006.83
5144.56 3009.74
5144.80 3012.34
5144.54 3015.37
5144.28 3018.45
5144.01 3021.56
5143.69 3024.51
5142.97 3027.69
5142.26 3030.93
5141.56 3034.22
5140.85 3037.53
5140.14 3040.83
5138.85 3043.61
5137.47 3046.68
5136.08 3049.75
5134.69 3052.86
5133.36 3055.94
5132.02 3059.05
5130.20 3061.25
5127.93 3063.76
5125.66 3066.28
5123.40 3068.77
5121.15 3071.27
5118.88 3073.78
5116.79 3075.80
5113.89 3077.55
5111.01 3079.29
5108.11 3081.04
5105.22 3082.79
5102.34 3084.53
5099.45 3086.27
5096.57 3088.01
5093.67 3089.77
5090.80 3091.29
5087.79 3092.80
5084.76 3094.31
5081.74 3095.82
5078.73 3097.32
5075.71 3098.83
5072.68 3100.34
5069.64 3101.86
5066.62 3103.37
5063.61 3104.87
5060.60 3106.38
5057.59 3107.88
5054.57 3109.39
5051.55 3110.90
5048.52 3112.41
5045.51 3113.92
5042.54 3115.35
5039.44 3116.68
5036.33 3118.01
5033.22 3119.34
5030.12 3120.67
5027.03 3122.00
5023.93 3123.33
5020.81 3124.66
5017.62 3126.25
5014.72 3127.96
5011.82 3129.68
5008.91 3131.40
5006.02 3133.12
5003.12 3134.83
5000.30 3137.18
4997.83 3139.46
4995.37 3141.74
4993.25 3144.88
4991.54 3147.78
4989.90 3150.54
4988.49 3152.93
4987.31 3154.94
4986.34 3156.57
4985.60 3157.82
4985.29 3160.51
4985.98 3161.72
4986.30 3162.16
4986.45 3162.96
4986.29 3164.31
4986.13 3165.72
4986.04 3167.34
4986.03 3168.87
4986.02 3170.45
4986.00 3171.49
4985.61 3172.80
4985.23 3174.10
4984.85 3175.40
4985.41 3177.79
4985.97 3179.27
4986.54 3180.78
4987.14 3182.35
4987.75 3183.96
4988.38 3185.61
4989.02 3187.30
4989.85 3189.09
4990.65 3190.80
4991.48 3192.57
4992.32 3194.37
4993.17 3196.20
4994.44 3198.45
4995.94 3199.94
4997.47 3201.46
4999.03 3203.00
5000.62 3204.58
5002.26 3206.21
5003.95 3207.88
5005.67 3209.59
5007.43 3211.33
5009.24 3213.13
5011.10 3214.97
5012.98 3216.84
5014.90 3218.74
5016.86 3220.68
5018.84 3222.65
5020.87 3224.66
5022.92 3226.69
5024.99 3228.75
5027.11 3230.85
5029.27 3232.99
5031.48 3235.18
5033.72 3237.40
5036.54 3239.39
5039.21 3241.24
5042.18 3243.12
5045.18 3244.62
5048.21 3246.14
5051.23 3247.65
5054.23 3249.15
5057.23 3250.66
5060.24 3252.17
5063.24 3253.67
5066.25 3255.18
5069.28 3256.69
5072.21 3258.19
5075.15 3259.84
5078.08 3261.49
5081.01 3263.13
5083.94 3264.78
5086.88 3266.43
5089.82 3268.08
5092.76 3269.73
5095.70 3271.38
5098.62 3273.02
5101.56 3274.67
5104.48 3276.31
5107.40 3277.95
5110.15 3279.71
5112.98 3281.56
5115.76 3283.40
5118.51 3285.34
5120.79 3287.36
5123.11 3289.84
5125.41 3292.28
5127.71 3294.73
5129.80 3297.03
5131.63 3299.86
5133.46 3302.68
5135.29 3305.50
5137.12 3308.32
5138.42 3311.14
5139.73 3314.22
5141.05 3317.34
5142.36 3320.44
5143.66 3323.53
5144.97 3326.63
5146.28 3329.73
5147.60 3332.84
5148.91 3335.95
5150.23 3339.06
5151.53 3342.14
5152.79 3345.28
5153.63 3347.59
5154.93 3350.68
5156.24 3353.77
5157.54 3356.86
5158.85 3359.95
5160.16 3363.05
5161.46 3366.13
5162.76 3369.21
5164.07 3372.30
5165.38 3375.39
5166.68 3378.48
5168.00 3381.58
5169.30 3384.68
5170.60 3387.75
5171.91 3390.85
5173.13 3394.22
5173.91 3397.48
5174.69 3400.72
5175.48 3403.98
5176.26 3407.24
5177.05 3410.48
5177.89 3413.63
5178.82 3416.82
5179.82 3419.95
5180.79 3423.36
5181.38 3426.63
5181.35 3430.28
5181.25 3433.73
5180.96 3437.08
5180.67 3440.43
5180.38 3443.78
5180.08 3447.14
5179.60 3450.80
5178.56 3454.00
5177.52 3457.21
5176.48 3460.41
5175.20 3463.73
5173.72 3466.74
5172.23 3469.75
5170.74 3472.78
5169.26 3475.80
5167.77 3478.82
5166.28 3481.84
5164.61 3484.94
5162.82 3487.78
5161.04 3490.61
5159.27 3493.44
5157.48 3496.29
5155.69 3499.14
5153.90 3501.98
5152.12 3504.83
5150.33 3507.67
5148.55 3510.51
5146.77 3513.33
5144.99 3516.19
5143.22 3519.05
5141.46 3521.90
5139.69 3524.76
5137.91 3527.63
5136.14 3530.48
5134.38 3533.32
5132.62 3536.17
5130.86 3539.01
5129.13 3541.86
5127.40 3544.73
5125.67 3547.61
5123.95 3550.47
5122.22 3553.36
5120.49 3556.23
5118.76 3559.11
5117.04 3561.97
5115.31 3564.85
5113.57 3567.74
5111.85 3570.60
5110.12 3573.47
5108.39 3576.35
5106.65 3579.23
5104.92 3582.11
5103.20 3584.97
5101.47 3587.85
5099.74 3590.72
5098.48 3593.54
5097.27 3596.66
5096.07 3599.79
5095.18 3602.82
5094.39 3605.92
5093.72 3608.59
5093.15 3610.84
5092.69 3612.66
5092.51 3614.13
5092.62 3615.69
5092.73 3617.27
5092.84 3618.90
5092.96 3620.58
5093.08 3622.31
5093.21 3624.09
5093.34 3625.92
5093.52 3627.71
5093.76 3629.63
5094.02 3631.61
5094.28 3633.66
5094.50 3635.33
5094.66 3636.60
5094.82 3637.59
5095.39 3638.70
5096.02 3639.80
5096.69 3640.97
5097.38 3642.19
5098.06 3643.50
5098.81 3644.82
5099.60 3646.21
5100.36 3647.67
5101.13 3648.49
5101.96 3649.36
5102.66 3650.13
5103.20 3650.76
5103.75 3651.39
5104.29 3652.01
5104.88 3653.27
5105.01 3654.09
5105.14 3654.89
5105.26 3655.68
5105.08 3657.04
5104.77 3657.81
5104.46 3658.55
5104.16 3659.30
5103.86 3660.05
5103.17 3660.97
5102.63 3661.59
5102.10 3662.21
5101.55 3662.84
5101.02 3663.45
5100.49 3664.06
5099.85 3664.71
5099.23 3665.30
5098.58 3665.91
5097.90 3666.56
5097.19 3667.22
5096.45 3667.92
5095.66 3668.66
5094.84 3669.42
5094.00 3670.22
5092.35 3671.01
5091.09 3671.14
5089.77 3671.28
5087.89 3671.05
5086.63 3670.43
5085.22 3669.74
5083.96 3668.93
5082.66 3668.10
5081.15 3666.96
5080.08 3665.72
5078.98 3664.43
5078.23 3662.36
5077.74 3660.62
5077.23 3658.82
5076.71 3656.98
5076.30 3654.98
5075.91 3653.02
5075.51 3651.00
5075.10 3648.93
5074.68 3646.81
5074.26 3644.65
5073.82 3642.45
5073.38 3640.22
5072.93 3637.94
5072.47 3635.61
5072.01 3633.24
5071.56 3630.52
5071.82 3628.06
5072.08 3625.57
5072.35 3623.01
5072.62 3620.39
5072.90 3617.74
5073.18 3615.03
5073.47 3612.26
5073.77 3609.46
5074.06 3606.62
5074.78 3603.55
5075.87 3600.62
5076.52 3597.66
5077.09 3594.43
5077.67 3591.14
5078.26 3587.79
5078.65 3584.53
5078.93 3581.16
5079.20 3577.79
5079.48 3574.39
5079.76 3571.00
5080.04 3567.61
5080.32 3564.21
5080.59 3560.84
5080.87 3557.47
5081.15 3554.09
5081.42 3550.70
5081.70 3547.32
5081.98 3543.93
5082.18 3540.61
5082.27 3537.22
5082.37 3533.83
5082.47 3530.44
5082.56 3527.05
5082.66 3523.66
5082.76 3520.27
5082.83 3517.08
5082.28 3513.73
5081.73 3510.41
5080.49 3507.59
5079.03 3504.56
5077.55 3501.55
5076.06 3498.53
5074.57 3495.50
5073.09 3492.51
5071.45 3489.72
5069.69 3486.89
5067.93 3484.04
5066.15 3481.17
5064.38 3478.31
5062.60 3475.44
5060.82 3472.57
5059.04 3469.55
5057.65 3466.47
5056.26 3463.39
5054.87 3460.31
5053.47 3457.21
5052.08 3454.13
5050.83 3451.37
5049.75 3448.98
5048.82 3446.93
5048.04 3445.19
5047.39 3443.75
5046.72 3442.25
5046.22 3441.15
5045.96 3440.95
5045.65 3440.73
5045.20 3440.45
5044.74 3440.16
5044.26 3439.86
5044.33 3439.93
5043.76 3439.93
5043.23 3439.94
5043.50 3439.96
5043.10 3440.33
5042.71 3440.69
5042.67 3440.79
5042.45 3441.30
5042.23 3441.80
5042.01 3442.30
5041.84 3442.70
5041.66 3443.29
5041.47 3443.92
5041.26 3444.59
5041.05 3445.30
5040.81 3446.08
5040.56 3446.91
5040.30 3447.79
5040.02 3448.70
5039.73 3449.66
5039.43 3450.66
5039.11 3451.72
5038.78 3452.81
5038.43 3453.96
5038.07 3455.15
5037.69 3456.40
5037.30 3457.70
5036.89 3459.05
5037.07 3460.08
5037.26 3461.58
5037.44 3463.13
5037.64 3464.72
5037.84 3466.37
5038.04 3468.07
5038.26 3469.82
5038.48 3471.65
5038.70 3473.51
5038.94 3475.43
5039.17 3477.41
5039.42 3479.43
5039.51 3481.69
5039.50 3483.88
5039.49 3486.11
5039.48 3488.40
5039.47 3490.72
5039.46 3493.11
5039.59 3495.39
5039.84 3497.82
5040.10 3500.30
5040.37 3502.83
5040.64 3505.41
5040.91 3508.06
5041.19 3510.75
5041.31 3513.62
5041.38 3516.48
5041.46 3519.37
5041.54 3522.31
5041.63 3525.32
5041.71 3528.22
5041.78 3530.70
5041.70 3533.24
5040.99 3534.71
5040.46 3535.79
5039.86 3536.69
5039.32 3537.47
5038.79 3538.25
5037.81 3539.08
5037.06 3539.66
5036.04 3540.38
5035.18 3540.70
5034.31 3541.03
5033.43 3541.36
5032.28 3541.56
5031.34 3541.67
5030.41 3541.78
5029.38 3541.88
5028.40 3541.90
5027.36 3541.92
5025.80 3540.91
5025.00 3540.13
5024.17 3539.32
5023.31 3538.48
5022.42 3537.61
5021.50 3536.70
5020.53 3535.75
5019.55 3534.78
5018.52 3533.78
5017.45 3532.21
5016.92 3530.79
5016.37 3529.33
5015.80 3527.84
5015.23 3526.31
5014.64 3524.73
5014.02 3523.10
5013.39 3521.41
5012.45 3520.14
5011.24 3518.60
5009.99 3517.01
5008.71 3515.26
5007.53 3513.47
5006.32 3511.63
5005.08 3509.74
5003.81 3507.81
5002.52 3505.85
5001.20 3503.84
4999.85 3501.78
4998.43 3499.76
4996.95 3497.68
4995.43 3495.55
4993.88 3493.39
4992.29 3491.18
4990.68 3488.92
4989.05 3486.64
4987.39 3484.31
4985.70 3481.96
4983.98 3479.55
4982.22 3477.09
4980.44 3474.59
4978.63 3472.07
4976.79 3469.59
4974.74 3467.07
4972.66 3464.50
4970.54 3461.90
4968.44 3459.31
4966.32 3456.70
4964.20 3454.10
4962.08 3451.50
4959.98 3448.91
4957.88 3446.33
4955.78 3443.74
4953.66 3441.13
4951.54 3438.53
4949.37 3436.03
4947.18 3433.52
4944.97 3430.99
4942.79 3428.48
4940.60 3425.97
4938.40 3423.46
4936.21 3420.94
4934.00 3418.41
4931.80 3415.88
4929.60 3413.40
4927.38 3410.96
4925.16 3408.52
4922.94 3406.08
4920.71 3403.63
4918.48 3401.19
4916.25 3398.73
4914.03 3396.30
4911.80 3393.85
4909.59 3391.42
4907.37 3388.98
4904.94 3386.99
4902.30 3384.96
4899.64 3382.93
4897.14 3381.01
4894.18 3379.46
4891.22 3377.92
4888.29 3376.41
4885.26 3374.96
4882.25 3373.52
4879.13 3372.21
4876.04 3370.94
4872.90 3369.73
4869.74 3368.50
4866.60 3367.27
4863.45 3366.02
4860.32 3364.75
4857.21 3363.49
4854.10 3362.23
4850.98 3360.96
4847.87 3359.70
4844.74 3358.43
4841.68 3357.34
4838.45 3356.39
4835.24 3355.45
4832.02 3354.50
4828.81 3353.73
4825.51 3353.06
4822.21 3352.37
4818.91 3351.67
4815.62 3350.98
4812.32 3350.29
4809.01 3349.59
4805.70 3348.90
4802.41 3348.21
4799.11 3347.52
4795.82 3346.83
4792.50 3346.13
4789.18 3345.43
4785.90 3344.77
4782.57 3344.12
4779.26 3343.49
4776.20 3343.02
4773.62 3343.02
4772.18 3345.00
4771.72 3347.66
4772.30 3350.12
4774.76 3352.35
4777.09 3354.27
4780.12 3355.76
4783.14 3357.23
4786.17 3358.71
4789.22 3360.20
4792.25 3361.69
4795.28 3363.17
4798.32 3364.65
4801.34 3366.13
4804.37 3367.63
4807.36 3369.16
4810.34 3370.69
4813.35 3372.24
4816.33 3373.77
4819.34 3375.31
4822.33 3376.85
4825.32 3378.49
4828.26 3380.15
4831.20 3381.82
4834.14 3383.49
4837.07 3385.15
4840.01 3386.81
4842.96 3388.49
4845.89 3390.15
4848.80 3391.99
4851.58 3393.87
4854.35 3395.75
4857.03 3398.44
4858.17 3402.25
4857.35 3405.49
4853.50 3406.93
4850.20 3406.84
4846.88 3406.75
4843.67 3406.84
4840.34 3407.14
4837.00 3407.44
4833.68 3407.74
4830.35 3408.03
4827.01 3408.33
4823.68 3408.63
4820.35 3408.93
4817.04 3409.22
4813.73 3409.53
4810.39 3409.84
4807.05 3410.14
4803.74 3410.45
4800.40 3410.75
4797.08 3411.05
4793.74 3411.35
4790.41 3411.64
4787.08 3411.93
4783.75 3412.23
4780.42 3412.52
4777.09 3412.81
4773.75 3413.11
4770.42 3413.40
4767.22 3413.84
4763.96 3414.38
4760.70 3414.93
4757.45 3415.48
4754.19 3416.03
4750.93 3416.58
4747.69 3417.12
4744.44 3417.67
4741.42 3418.52
4738.28 3419.54
4735.16 3420.56
4732.03 3421.58
4728.91 3422.59
4726.01 3423.84
4723.05 3425.27
4720.09 3426.71
4717.12 3428.15
4714.15 3429.59
4711.09 3431.02
4708.04 3432.43
4704.95 3433.80
4702.04 3435.31
4699.25 3437.03
4696.47 3438.94
4693.77 3440.89
4691.06 3442.87
4688.36 3444.84
4685.66 3446.82
4682.95 3448.79
4680.24 3450.78
4677.54 3452.75
4674.83 3454.73
4672.13 3456.71
4669.42 3458.68
4666.72 3460.66
4664.03 3462.63
4661.33 3464.60
4658.63 3466.57
4655.85 3468.53
4653.06 3470.39
4650.25 3472.26
4647.38 3474.14
4644.56 3475.76
4641.69 3477.40
4638.77 3479.06
4635.85 3480.71
4632.93 3482.37
4630.01 3484.03
4627.09 3485.69
4624.16 3487.35
4621.24 3489.01
4618.31 3490.67
4615.39 3492.33
4612.79 3494.00
4610.12 3495.75
4607.32 3497.63
4604.51 3499.51
4601.72 3501.37
4598.89 3503.22
4596.07 3505.06
4593.24 3506.91
4590.42 3508.74
4587.61 3510.58
4584.79 3512.42
4581.97 3514.26
4579.14 3516.10
4576.33 3517.93
4573.52 3519.76
4570.70 3521.60
4567.89 3523.43
4565.07 3525.27
4562.25 3527.11
4559.40 3528.95
4556.59 3530.76
4553.80 3532.63
4551.01 3534.50
4547.85 3536.12
4544.78 3537.12
4541.29 3537.62
4537.58 3537.74
4534.36 3536.90
4531.13 3536.06
4527.88 3535.22
4524.49 3533.64
4521.95 3531.46
4519.41 3529.27
4516.85 3527.08
4514.31 3524.49
4512.47 3521.71
4510.64 3518.94
4508.79 3516.15
4506.95 3513.35
4505.12 3510.55
4503.50 3507.37
4502.42 3504.21
4501.34 3501.05
4500.26 3497.87
4499.54 3494.47
4498.91 3491.19
4498.28 3487.93
4497.64 3484.66
4497.01 3481.40
4496.38 3478.14
4495.76 3474.89
4495.14 3471.60
4494.51 3468.30
4493.87 3465.01
4493.23 3461.72
4492.60 3458.44
4491.97 3455.18
4491.27 3451.92
4490.21 3449.04
4488.81 3446.03
4487.40 3442.99
4485.78 3440.36
4483.75 3437.60
4481.47 3436.22
4478.45 3434.89
4475.63 3433.96
4472.35 3433.54
4469.07 3433.13
4465.89 3433.15
4462.55 3433.23
4459.19 3433.31
4455.84 3433.39
4453.48 3434.73
4450.86 3436.37
4448.15 3438.35
4445.45 3440.33
4443.06 3442.44
4440.64 3444.78
4438.23 3447.11
4435.81 3449.45
4433.09 3451.73
4430.23 3453.52
4427.38 3455.30
4424.54 3457.07
4421.21 3458.40
4418.03 3459.43
4414.83 3460.47
4411.42 3461.21
4408.11 3461.83
4404.79 3462.44
4401.28 3462.72
4397.93 3462.80
4394.57 3462.88
4391.22 3462.96
4387.87 3463.07
4384.52 3463.21
4381.15 3463.17
4377.86 3463.09
4374.57 3463.00
4371.28 3462.92
4368.00 3462.83
4364.52 3461.78
4361.42 3460.67
4358.31 3459.56
4355.21 3458.45
4352.31 3457.42
4349.78 3456.51
4347.61 3455.73
4345.75 3455.07
4344.41 3454.90
4342.69 3454.76
4341.42 3454.66
4340.57 3454.59
4340.11 3454.59
4339.49 3454.62
4338.88 3454.65
4338.26 3454.69
4337.63 3454.72
4337.54 3454.71
4337.02 3455.03
4336.51 3455.35
4335.98 3455.68
4336.28 3455.58
4336.15 3456.16
4336.02 3456.77
4335.99 3456.84
4336.15 3457.42
4336.32 3458.01
4336.49 3458.60
4336.66 3459.21
4336.79 3459.64
4337.05 3460.23
4337.33 3460.88
4337.64 3461.57
4337.96 3462.31
4338.30 3463.10
4338.67 3463.95
4338.97 3464.30
4339.77 3464.96
4340.61 3465.65
4341.48 3466.37
4342.41 3467.13
4343.37 3467.92
4344.37 3468.74
4345.42 3469.60
4346.50 3470.50
4347.63 3471.43
4348.80 3472.39
4350.01 3473.30
4351.30 3474.28
4352.62 3475.28
4353.98 3476.30
4355.36 3477.35
4356.80 3478.43
4358.28 3479.56
4359.81 3480.71
4361.37 3481.89
4362.97 3483.10
4364.61 3484.33
4366.29 3485.60
4368.00 3486.89
4369.74 3488.21
4371.53 3489.56
4373.37 3490.85
4375.31 3492.18
4377.29 3493.54
4379.32 3494.93
4381.41 3496.36
4383.55 3497.83
4385.73 3499.33
4387.96 3500.86
4390.24 3502.42
4392.57 3504.02
4394.93 3505.64
4397.32 3507.28
4399.76 3508.95
4402.25 3510.66
4404.79 3512.40
4407.38 3514.17
4410.02 3515.98
4412.70 3517.82
4415.44 3519.71
4418.19 3521.61
4420.94 3523.51
4423.69 3525.41
4426.44 3527.31
4429.17 3529.20
4431.90 3531.10
4434.50 3533.66
4436.28 3536.15
4437.15 3539.10
4437.43 3541.27
4436.84 3543.46
4436.35 3544.71
4436.18 3545.48
4436.01 3546.12
4436.04 3547.06
4436.05 3547.78
4436.28 3548.70
4436.51 3549.63
4436.79 3550.33
4437.15 3551.17
4437.49 3551.96
4437.94 3552.87
4438.41 3553.85
4438.87 3554.85
4439.37 3555.90
4439.88 3557.00
4440.42 3558.14
4440.98 3559.33
4441.57 3560.56
4442.19 3561.85
4442.85 3563.19
4443.52 3564.58
4444.23 3566.03
4444.96 3567.54
4445.72 3569.11
4446.50 3570.71
4447.31 3572.37
4448.13 3574.06
4448.97 3575.79
4449.84 3577.56
4450.72 3579.37
4451.62 3581.22
4452.55 3583.13
4453.50 3585.09
4454.46 3587.02
4455.56 3589.01
4456.69 3591.06
4457.85 3593.15
4459.03 3595.29
4460.23 3597.48
4461.46 3599.70
4462.71 3601.97
4463.98 3604.28
4465.28 3606.63
4466.59 3609.01
4467.93 3611.44
4469.30 3613.92
4470.69 3616.44
4472.11 3619.01
4473.54 3621.62
4475.03 3623.84
4477.20 3625.98
4479.40 3628.14
4481.64 3630.33
4483.76 3633.00
4485.45 3635.76
4487.17 3638.58
4488.85 3641.56
4490.34 3644.58
4491.82 3647.59
4493.30 3650.60
4495.14 3653.01
4497.48 3655.46
4499.97 3657.31
4502.41 3658.79
4505.82 3658.86
4508.91 3658.52
4512.24 3657.71
4515.42 3656.94
4518.17 3656.27
4520.50 3655.70
4522.40 3655.24
4523.87 3654.89
4524.91 3654.63
4525.52 3654.48
4526.47 3654.63
4526.83 3654.76
4527.16 3654.88
4527.49 3655.00
4528.18 3655.58
4528.41 3655.86
4528.73 3657.08
4528.65 3657.44
4528.56 3657.80
4528.07 3658.54
4527.81 3658.82
4527.57 3659.08
4527.33 3659.34
4526.45 3659.74
4526.07 3659.83
4525.62 3659.94
4525.12 3660.06
4524.57 3660.19
4523.98 3660.34
4523.33 3660.50
4522.63 3660.66
4521.90 3660.84
4521.10 3661.04
4520.27 3661.24
4519.39 3661.45
4518.47 3661.68
4517.50 3661.91
4516.50 3662.15
4515.46 3662.41
4514.37 3662.67
4513.22 3662.95
4512.02 3663.24
4510.76 3663.55
4509.46 3663.87
4508.13 3664.19
4506.42 3664.20
4504.93 3664.17
4503.40 3664.13
4501.82 3664.10
4499.80 3663.43
4498.34 3662.55
4496.82 3661.63
4495.26 3660.69
4493.70 3659.21
4492.38 3657.83
4491.03 3656.41
4489.64 3654.96
4488.50 3652.89
4487.57 3651.01
4486.62 3649.07
4485.63 3647.07
4484.63 3645.05
4483.61 3642.97
4482.42 3641.01
4481.14 3638.92
4479.83 3636.78
4478.62 3634.84
4476.77 3633.02
4474.89 3631.17
4472.98 3629.30
4471.05 3627.40
4469.28 3624.91
4467.91 3622.43
4466.51 3619.90
4465.10 3617.33
4463.66 3614.72
4462.19 3612.06
4460.71 3609.38
4459.21 3606.64
4457.67 3603.86
4456.11 3601.04
4454.53 3598.17
4452.92 3595.25
4451.30 3592.31
4449.70 3589.40
4448.20 3586.36
4446.75 3583.37
4445.29 3580.38
4443.83 3577.38
4442.37 3574.37
4440.90 3571.36
4439.45 3568.37
4438.11 3565.61
4436.94 3563.21
4435.94 3561.11
4435.11 3559.35
4434.42 3557.88
4433.71 3556.36
4433.18 3555.25
4432.81 3554.50
4432.41 3553.62
4432.05 3552.76
4431.67 3551.83
4431.28 3550.68
4431.05 3549.63
4430.81 3548.58
4430.73 3547.30
4430.72 3546.22
4430.85 3544.89
4431.11 3543.86
4431.42 3542.70
4431.84 3541.63
4432.03 3541.02
4431.87 3539.80
4431.81 3539.05
4431.01 3537.93
4430.18 3536.78
4429.49 3535.91
4428.23 3535.03
4426.92 3534.12
4425.58 3533.19
4424.20 3532.23
4422.77 3531.24
4421.30 3530.22
4419.77 3529.17
4418.21 3528.09
4416.61 3526.99
4414.97 3525.85
4413.28 3524.68
4411.55 3523.49
4409.76 3522.26
4407.93 3521.00
4406.05 3519.72
4404.14 3518.40
4402.18 3517.06
4400.18 3515.69
4398.12 3514.27
4396.01 3512.83
4393.88 3511.37
4391.72 3509.88
4389.50 3508.37
4387.26 3506.83
4384.98 3505.26
4382.65 3503.67
4380.27 3502.03
4377.84 3500.37
4375.37 3498.67
4372.85 3496.94
4370.28 3495.18
4367.66 3493.30
4365.09 3491.35
4362.47 3489.38
4359.82 3487.38
4357.13 3485.34
4354.43 3483.30
4351.73 3481.27
4349.02 3479.22
4346.31 3477.18
4343.65 3475.04
4341.02 3472.88
4338.41 3470.73
4336.11 3468.84
4334.06 3466.68
4333.21 3464.75
4332.55 3463.22
4332.05 3462.09
4331.73 3461.22
4331.52 3460.48
4331.30 3459.71
4331.09 3458.98
4330.87 3458.21
4330.65 3457.44
4330.43 3456.67
4330.43 3455.37
4330.61 3454.59
4330.78 3453.82
4330.95 3453.05
4331.60 3451.62
4332.27 3451.21
4332.95 3450.79
4333.60 3450.38
4334.27 3449.97
4335.47 3449.54
4336.24 3449.49
4337.03 3449.45
4337.82 3449.41
4338.62 3449.36
4339.39 3449.32
4340.17 3449.28
4341.11 3449.30
4341.94 3449.37
4342.84 3449.44
4343.78 3449.52
4344.79 3449.60
4345.84 3449.69
4347.20 3449.94
4348.30 3450.33
4349.44 3450.74
4350.64 3451.17
4351.88 3451.61
4353.16 3452.07
4354.48 3452.54
4355.84 3453.03
4357.25 3453.53
4358.72 3454.06
4360.25 3454.60
4361.81 3455.16
4363.42 3455.74
4365.06 3456.32
4366.75 3456.93
4368.49 3457.55
4370.05 3457.57
4372.00 3457.62
4374.00 3457.67
4376.06 3457.72
4378.17 3457.78
4380.35 3457.83
4382.57 3457.89
4384.80 3457.87
4387.19 3457.77
4389.66 3457.67
4392.16 3457.61
4394.70 3457.55
4397.29 3457.49
4399.93 3457.43
4402.61 3457.37
4405.16 3456.96
4407.93 3456.45
4410.75 3455.92
