5174.87 2767.87
5174.63 2767.61
5174.15 2767.11
5173.47 2766.39
5172.56 2765.43
5171.45 2764.26
5170.22 2762.95
5168.77 2761.43
5167.14 2759.70
5165.13 2757.86
5162.89 2755.82
5160.44 2753.57
5157.75 2751.12
5155.12 2748.58
5152.67 2745.85
5150.18 2743.07
5147.67 2740.28
5145.27 2737.59
5142.88 2734.93
5140.43 2732.20
5137.94 2729.42
5135.54 2726.74
5133.06 2723.97
5130.67 2721.31
5128.25 2718.62
5125.81 2715.89
5123.36 2713.16
5120.96 2710.48
5118.53 2707.77
5116.04 2705.00
5113.69 2702.30
5111.37 2699.40
5109.13 2696.60
5106.81 2693.69
5104.55 2690.86
5102.22 2687.94
5099.89 2685.02
5097.55 2682.17
5095.17 2679.34
5092.76 2676.55
5090.35 2673.77
5088.00 2671.04
5085.64 2668.31
5083.22 2665.51
5080.87 2662.79
5078.42 2659.95
5076.03 2657.18
5073.59 2654.36
5071.13 2651.53
5068.76 2648.79
5066.31 2645.96
5063.88 2643.16
5061.42 2640.35
5058.99 2637.61
5056.58 2634.88
5054.20 2632.20
5051.70 2629.38
5049.32 2626.69
5046.90 2623.96
5044.42 2621.17
5042.05 2618.49
5039.65 2615.79
5037.18 2613.00
5034.72 2610.22
5032.32 2607.51
5029.86 2604.74
5027.49 2602.06
5025.06 2599.32
5022.66 2596.62
5020.16 2593.80
5017.70 2591.02
5015.29 2588.31
5012.80 2585.50
5010.38 2582.74
5007.99 2579.97
5005.34 2577.33
5002.65 2574.83
4999.92 2572.28
4997.24 2569.78
4994.75 2567.44
4992.51 2565.34
4990.51 2563.46
4988.71 2561.76
4987.02 2560.17
4985.60 2558.83
4984.33 2557.64
4983.61 2556.71
4983.14 2555.60
4982.68 2554.42
4982.51 2553.24
4982.48 2551.99
4982.46 2550.74
4982.66 2549.61
4982.92 2548.36
4983.16 2547.18
4983.47 2545.98
4983.89 2544.80
4984.30 2543.66
4984.71 2542.52
4985.14 2541.32
4985.71 2539.94
4986.40 2538.29
4987.16 2536.45
4988.05 2534.30
4989.05 2531.90
4990.16 2529.22
4991.36 2526.34
4992.70 2523.20
4994.47 2520.14
4996.69 2517.31
4998.96 2514.60
5001.32 2511.97
5003.79 2509.56
5006.41 2507.16
5009.04 2504.73
5011.43 2502.51
5013.78 2500.32
5015.97 2498.28
5018.05 2496.33
5020.08 2494.44
5021.97 2492.68
5023.73 2491.04
5025.29 2489.59
5026.71 2488.27
5027.87 2487.19
5028.93 2486.20
5029.81 2485.38
5030.61 2484.63
5031.06 2484.21
5031.48 2483.83
5032.10 2483.25
5032.83 2482.57
5033.28 2482.15
5033.73 2481.73
5034.44 2481.07
5034.88 2480.66
5035.30 2480.27
5035.98 2479.63
5036.34 2479.19
5036.84 2478.53
5037.34 2477.87
5037.60 2477.14
5037.78 2476.37
5037.97 2475.54
5037.84 2474.69
5037.71 2473.85
5037.54 2473.02
5037.18 2472.24
5036.83 2471.48
5036.48 2470.73
5036.12 2470.04
5035.55 2469.12
5034.80 2468.06
5033.88 2466.75
5032.81 2465.23
5031.63 2463.56
5030.31 2461.70
5028.83 2459.59
5027.22 2457.32
5025.50 2454.87
5023.65 2452.25
5021.62 2449.37
5019.50 2446.37
5017.56 2443.37
5015.65 2440.42
5013.86 2437.64
5012.23 2435.10
5010.86 2432.98
5009.67 2431.09
5008.66 2429.33
5007.80 2427.83
5007.08 2426.57
5006.56 2425.65
5006.33 2425.16
5006.14 2424.64
5005.94 2424.11
5005.73 2423.56
5005.60 2423.23
5005.59 2423.22
5005.59 2423.22
5005.59 2423.22
5005.59 2423.22
5005.59 2423.22
5005.59 2423.22
5005.59 2423.22
5005.59 2423.22
5005.59 2423.22
5005.59 2423.22
5005.59 2423.22
5005.59 2423.22
5005.59 2423.22
5005.59 2423.22
5005.59 2423.22
5005.59 2423.22
5005.59 2423.22
5005.59 2423.22
5005.59 2423.22
5005.54 2423.08
5005.43 2422.79
5005.27 2422.37
5005.07 2421.86
5004.86 2421.31
5004.66 2420.79
5004.47 2420.28
5004.25 2419.72
5004.08 2419.25
5003.98 2419.01
5003.90 2418.78
5003.85 2418.66
5003.84 2418.64
5003.72 2418.32
5003.69 2417.77
5003.73 2417.15
5003.76 2416.57
5003.78 2416.17
5003.85 2415.70
5003.94 2415.09
5004.03 2414.49
5004.14 2413.94
5004.43 2413.17
5004.76 2412.27
5005.29 2411.43
5005.86 2410.57
5006.58 2409.80
5007.25 2409.12
5008.09 2408.38
5008.76 2407.78
5009.20 2407.40
5009.60 2407.05
5010.22 2406.49
5010.66 2406.11
5011.35 2405.50
5011.75 2405.15
5012.36 2404.61
5012.77 2404.25
5013.19 2403.88
5013.78 2403.35
5014.33 2402.76
5014.86 2402.17
5015.41 2401.56
5015.80 2400.96
5016.14 2400.21
5016.48 2399.45
5016.59 2398.65
5016.60 2397.82
5016.58 2397.00
5016.28 2396.25
5015.97 2395.49
5015.69 2394.82
5015.18 2393.99
5014.57 2392.96
5013.78 2391.65
5012.86 2390.13
5011.80 2388.38
5010.57 2386.33
5009.20 2384.06
5007.72 2381.60
5006.10 2378.92
5004.35 2376.01
5002.44 2372.85
5000.53 2369.68
4998.64 2366.54
4996.76 2363.42
4994.85 2360.25
4992.97 2357.13
4991.10 2354.03
4989.21 2350.90
4987.11 2347.82
4985.08 2344.87
4982.99 2341.84
4981.00 2338.96
4979.21 2336.35
4977.60 2334.02
4976.14 2331.91
4974.78 2329.92
4973.52 2328.10
4972.33 2326.35
4971.23 2324.72
4970.18 2323.16
4969.14 2321.61
4968.26 2320.22
4967.42 2318.86
4966.65 2317.57
4965.61 2316.34
4964.33 2315.37
4963.01 2314.51
4961.26 2313.49
4959.36 2312.17
4957.50 2310.65
4955.76 2309.31
4954.16 2308.14
4952.58 2307.09
4951.19 2306.32
4950.02 2305.67
4949.00 2305.11
4948.15 2304.64
4947.04 2304.03
4946.10 2303.51
4945.59 2303.23
4944.76 2302.77
4943.83 2302.46
4942.91 2302.22
4941.92 2302.13
4941.00 2302.30
4940.14 2302.46
4939.27 2302.81
4938.42 2303.26
4937.57 2303.72
4936.72 2304.26
4935.97 2304.87
4935.27 2305.44
4934.52 2306.04
4933.83 2306.63
4932.88 2307.51
4931.76 2308.55
4930.38 2309.83
4928.96 2311.26
4927.64 2313.14
4926.18 2315.53
4924.57 2318.30
4924.18 2321.77
4923.76 2325.41
4923.47 2328.59
4923.88 2331.16
4924.22 2333.29
4924.33 2334.81
4924.45 2336.44
4924.41 2337.98
4924.06 2339.40
4923.58 2340.76
4922.77 2342.15
4921.94 2343.54
4921.12 2344.87
4920.28 2346.21
4919.54 2347.46
4918.74 2348.87
4917.82 2350.47
4916.79 2352.28
4915.65 2354.28
4914.39 2356.49
4912.27 2358.26
4909.76 2360.29
4906.86 2362.56
4904.03 2364.78
4901.08 2367.09
4898.18 2369.35
4895.41 2371.45
4892.65 2373.55
4889.72 2375.77
4886.85 2377.95
4884.01 2380.12
4881.09 2382.35
4878.29 2384.49
4875.49 2386.63
4872.61 2388.83
4869.74 2391.02
4866.81 2393.24
4863.95 2395.41
4860.96 2397.67
4857.96 2399.94
4855.44 2401.85
4853.27 2403.49
4851.55 2404.80
4850.26 2405.77
4849.71 2406.18
4849.32 2406.47
4848.84 2406.77
4848.05 2407.22
4847.28 2407.67
4846.52 2408.11
4845.72 2408.57
4844.96 2408.71
4844.06 2408.88
4843.11 2409.06
4842.28 2409.12
4841.38 2408.89
4840.45 2408.65
4839.56 2408.42
4838.88 2407.95
4838.21 2407.42
4837.48 2406.86
4836.74 2406.28
4836.09 2405.63
4835.24 2404.73
4834.18 2403.61
4832.87 2402.23
4831.40 2400.67
4829.73 2398.90
4827.92 2396.98
4825.96 2394.91
4823.82 2392.64
4821.50 2390.18
4819.04 2387.58
4816.54 2384.93
4814.04 2382.28
4811.58 2379.68
4809.00 2376.95
4806.44 2374.24
4803.97 2371.61
4801.66 2369.17
4799.62 2367.19
4797.83 2365.88
4796.35 2364.84
4795.24 2364.04
4794.44 2363.46
4793.99 2363.13
4793.54 2362.80
4793.10 2362.48
4793.08 2362.47
4793.08 2362.47
4793.08 2362.47
4792.89 2362.26
4792.68 2362.02
4792.67 2362.00
4792.66 2362.00
4792.66 2362.00
4792.66 2362.00
4792.66 2362.00
4792.48 2361.78
4792.09 2361.30
4791.69 2360.83
4791.33 2360.40
4791.14 2359.73
4790.98 2358.63
4790.83 2357.29
4790.68 2355.69
4789.65 2353.88
4788.23 2352.04
4786.39 2350.13
4784.36 2348.03
4782.10 2345.69
4779.71 2343.20
4777.17 2340.57
4774.59 2337.90
4771.91 2335.12
4769.33 2332.44
4766.82 2329.73
4764.96 2327.27
4763.37 2325.18
4762.05 2323.44
4761.00 2322.08
4760.07 2321.07
4759.58 2320.54
4759.20 2320.12
4758.82 2319.68
4758.62 2319.45
4758.59 2319.42
4758.59 2319.41
4758.59 2319.41
4758.59 2319.41
4758.59 2319.41
4758.38 2319.14
4758.00 2318.60
4757.52 2317.93
4757.04 2317.26
4756.56 2316.59
4756.19 2315.94
4755.93 2315.20
4755.65 2314.44
4755.38 2313.69
4755.38 2313.02
4755.46 2312.21
4755.54 2311.46
4755.83 2310.92
4756.33 2310.25
4756.80 2309.62
4757.31 2309.08
4758.17 2308.34
4759.30 2307.38
4760.64 2306.23
4762.24 2304.87
4763.43 2303.85
4764.38 2303.04
4764.87 2302.62
4765.28 2302.18
4765.67 2301.68
4765.69 2301.42
4765.58 2301.18
4765.51 2300.91
4765.52 2300.65
4765.62 2300.41
4765.95 2299.95
4766.60 2299.31
4767.46 2298.54
4768.50 2297.64
4769.59 2296.70
4770.72 2295.73
4771.76 2294.84
4772.63 2294.09
4773.42 2293.39
4774.20 2292.69
4775.02 2291.95
4775.75 2291.25
4776.54 2290.44
4777.42 2289.53
4778.32 2288.56
4779.24 2287.52
4780.00 2286.66
4780.79 2285.78
4781.43 2285.05
4781.82 2284.60
4782.20 2284.16
4782.58 2283.73
4782.96 2283.29
4783.33 2282.86
4783.42 2282.77
4783.42 2282.76
4783.42 2282.76
4783.42 2282.76
4783.42 2282.76
4783.42 2282.76
4783.42 2282.76
4783.42 2282.76
4783.42 2282.76
4783.42 2282.76
4783.42 2282.76
4783.42 2282.76
4783.42 2282.76
4783.42 2282.76
4783.42 2282.76
4783.42 2282.76
4783.42 2282.76
4783.42 2282.76
4783.42 2282.76
4783.42 2282.76
4783.42 2282.76
4783.42 2282.76
4783.42 2282.76
4783.42 2282.76
4783.42 2282.76
4783.42 2282.76
4783.42 2282.76
4783.42 2282.76
4783.42 2282.76
4783.42 2282.76
4783.42 2282.76
4783.42 2282.76
4783.42 2282.76
4783.42 2282.76
4783.42 2282.76
4783.42 2282.76
4783.42 2282.76
4783.42 2282.76
4783.42 2282.76
4783.42 2282.76
4783.42 2282.76
4783.42 2282.76
4783.42 2282.76
4783.42 2282.76
4783.42 2282.76
4783.42 2282.76
4783.42 2282.76
4783.42 2282.76
4783.42 2282.76
4783.42 2282.76
4783.42 2282.76
4783.42 2282.76
4783.42 2282.76
4783.50 2282.67
4783.67 2282.48
4783.93 2282.18
4784.30 2281.75
4784.66 2281.34
4785.03 2280.91
4785.40 2280.49
4785.76 2280.08
4786.13 2279.65
4786.40 2279.34
4786.51 2279.21
4786.52 2279.20
4786.52 2279.20
4786.52 2279.20
4786.61 2279.10
4786.80 2278.88
4787.09 2278.54
4787.45 2278.13
4787.81 2277.72
4788.20 2277.27
4788.60 2276.82
4788.99 2276.37
4789.59 2275.68
4790.23 2274.94
4790.59 2274.53
4790.95 2274.12
4791.18 2273.86
4791.19 2273.85
4791.42 2273.57
4791.85 2273.08
4792.53 2272.30
4793.44 2271.24
4794.58 2269.91
4795.98 2268.32
4797.69 2266.48
4799.72 2264.47
4801.99 2262.40
4804.38 2260.25
4806.80 2257.96
4808.80 2255.82
4810.41 2254.11
4811.63 2252.80
4812.44 2251.95
4812.73 2251.52
4813.10 2251.00
4813.47 2250.47
4813.86 2249.93
4813.92 2249.83
4814.00 2249.18
4814.09 2248.48
4814.20 2248.61
4813.80 2248.02
4813.40 2247.44
4813.34 2247.32
4812.71 2246.99
4812.15 2246.69
4811.53 2246.36
4810.98 2246.06
4810.48 2245.88
4809.52 2245.46
4808.36 2244.91
4806.88 2244.17
4805.24 2243.31
4803.29 2242.33
4801.08 2241.26
4798.63 2240.11
4795.90 2238.85
4792.99 2237.51
4789.91 2235.91
4786.60 2234.21
4783.36 2232.55
4779.75 2230.79
4776.48 2229.11
4773.20 2227.43
4769.95 2225.75
4766.56 2224.29
4763.09 2222.80
4759.72 2221.35
4756.29 2219.87
4752.82 2218.38
4749.42 2216.92
4745.96 2215.43
4742.59 2213.98
4739.23 2212.54
4735.92 2211.11
4732.53 2209.65
4729.10 2208.18
4725.72 2206.72
4722.32 2205.26
4718.97 2203.82
4715.52 2202.33
4712.06 2200.84
4708.65 2199.38
4705.28 2197.86
4701.86 2196.25
4698.58 2194.70
4695.17 2193.17
4691.84 2191.67
4688.49 2190.22
4685.16 2188.79
4681.72 2187.31
4678.25 2185.82
4674.92 2184.38
4671.54 2182.95
4668.15 2181.51
4664.68 2180.04
4661.27 2178.75
4657.85 2177.59
4654.18 2176.98
4650.41 2176.53
4646.55 2176.13
4642.80 2175.78
4639.14 2175.68
4635.25 2175.89
4631.46 2176.05
4627.75 2176.82
4624.28 2178.08
4621.03 2179.42
4617.76 2180.71
4614.38 2181.76
4610.88 2182.37
4607.42 2182.73
4603.98 2182.75
4600.44 2182.55
4596.95 2181.87
4593.60 2181.21
4590.18 2180.14
4586.35 2178.81
4582.33 2177.15
4578.17 2175.29
4574.29 2173.02
4571.05 2169.63
4567.61 2166.04
4564.44 2161.87
4561.58 2157.52
4559.67 2152.97
4559.61 2148.48
4558.39 2144.71
4556.62 2141.38
4554.99 2138.18
4553.45 2134.86
4551.97 2131.69
4550.81 2128.96
4549.86 2126.64
4549.04 2124.62
4548.37 2123.16
4547.94 2122.03
4547.72 2121.47
4547.31 2120.59
4547.04 2120.06
4546.73 2119.32
4546.44 2118.58
4546.24 2117.95
4546.13 2117.18
4546.05 2116.46
4546.16 2115.58
4546.23 2115.02
4546.52 2114.35
4546.86 2113.54
4547.25 2112.87
4547.82 2111.90
4548.55 2110.67
4549.42 2109.07
4550.24 2107.04
4550.84 2104.66
4551.31 2101.99
4552.01 2099.08
4552.83 2095.89
4553.98 2092.68
4555.45 2089.28
4557.30 2086.32
4559.68 2083.47
4562.10 2080.81
4564.82 2078.53
4567.66 2076.43
4570.67 2074.61
4574.14 2073.13
4577.51 2071.69
4580.93 2070.23
4584.29 2068.79
4587.75 2067.30
4590.98 2065.44
4594.23 2063.56
4597.40 2061.74
4600.43 2060.06
4603.18 2057.76
4605.86 2055.16
4608.46 2052.63
4611.14 2050.03
4613.70 2047.54
4616.38 2045.01
4619.14 2042.64
4621.97 2040.20
4624.64 2037.43
4626.34 2034.11
4627.96 2030.93
4629.61 2027.71
4630.32 2023.98
4630.31 2020.22
4629.58 2016.45
4628.64 2012.82
4626.75 2009.62
4624.84 2006.48
4622.99 2003.42
4620.70 2000.41
4618.13 1997.85
4615.51 1995.24
4612.87 1992.62
4610.30 1990.07
4607.69 1987.47
4605.05 1984.85
4602.44 1982.25
4599.87 1979.70
4597.29 1977.14
4594.76 1974.62
4592.22 1972.09
4589.57 1969.51
4586.91 1966.97
4584.29 1964.44
4581.64 1961.80
4579.06 1959.24
4576.50 1956.69
4573.94 1954.10
4571.42 1951.48
4568.82 1948.79
4566.33 1946.12
4563.91 1943.43
4561.47 1940.62
4559.05 1937.76
4556.64 1934.87
4554.26 1932.10
4551.71 1929.41
4549.18 1926.75
4546.66 1924.10
4544.15 1921.46
4541.69 1918.87
4539.13 1916.18
4536.57 1913.48
4534.05 1910.83
4531.53 1908.18
4529.04 1905.56
4526.56 1902.95
4524.08 1900.52
4521.21 1898.26
4518.30 1895.97
4515.43 1893.70
4512.57 1891.45
4509.69 1889.18
4506.96 1887.49
4503.56 1885.92
4500.21 1884.37
4496.94 1882.86
4493.76 1881.71
4490.21 1880.61
4486.66 1879.52
4483.10 1878.42
4479.55 1877.33
4476.12 1876.27
4472.67 1875.21
4469.10 1874.11
4465.65 1873.05
4462.16 1871.97
4458.58 1870.87
4455.16 1869.82
4451.63 1867.58
4448.70 1865.51
4445.81 1862.66
4443.47 1859.95
4441.11 1857.21
4438.65 1854.38
4436.24 1851.59
4433.72 1848.66
4431.56 1845.64
4429.40 1842.61
4427.32 1839.69
4425.19 1836.71
4423.07 1833.73
4420.91 1830.71
4418.77 1827.72
4416.63 1824.72
4414.54 1821.79
4412.39 1818.78
4410.25 1815.78
4408.07 1812.72
4405.96 1809.55
4404.06 1806.49
4402.12 1803.39
4400.14 1800.21
4398.16 1797.05
4396.26 1794.00
4394.36 1790.97
4392.49 1787.96
4390.55 1784.85
4388.67 1781.83
4387.51 1777.94
4386.51 1774.41
4385.55 1770.97
4384.57 1767.48
4383.60 1764.02
4382.61 1760.49
4381.61 1756.85
4381.25 1753.30
4380.87 1749.69
4380.49 1745.95
4380.37 1742.36
4380.25 1738.81
4380.13 1735.25
4380.00 1731.63
4379.95 1727.97
4379.99 1724.37
4380.11 1720.63
4380.22 1717.03
4380.34 1713.32
4380.46 1709.73
4380.58 1706.06
4380.68 1703.02
4380.75 1700.60
4380.84 1697.94
4380.93 1695.09
4381.11 1692.12
4381.65 1689.25
4382.70 1686.70
4383.63 1684.75
4384.46 1683.11
4385.16 1681.87
4385.99 1680.27
4386.44 1679.12
4386.99 1678.08
4387.51 1677.11
4388.01 1676.16
4388.78 1675.13
4389.66 1674.34
4390.46 1673.64
4391.34 1672.85
4392.53 1672.26
4393.60 1671.83
4394.60 1671.42
4395.70 1670.98
4396.98 1670.80
4398.12 1670.67
4399.18 1670.54
4400.24 1670.42
4401.37 1670.32
4402.67 1670.31
4403.69 1669.78
4405.01 1668.59
4406.46 1667.28
4408.02 1665.84
4409.09 1663.41
4409.92 1660.61
4410.76 1657.45
4411.66 1654.10
4412.53 1650.59
4413.40 1647.03
4414.21 1643.41
4414.96 1639.80
4415.50 1636.25
4415.89 1632.85
4417.15 1625.17
4417.82 1621.61
4418.53 1618.01
4419.29 1614.41
4420.04 1610.86
4420.53 1607.02
4420.56 1603.39
4420.58 1599.73
4420.26 1595.87
4419.66 1592.25
4419.07 1588.70
4418.03 1584.84
4416.60 1581.53
4415.17 1578.21
4413.72 1574.84
4412.27 1571.48
4410.83 1568.06
4409.43 1564.76
4407.98 1561.34
4406.55 1557.95
4405.11 1554.55
4403.69 1551.18
4402.24 1547.77
4401.55 1544.47
4400.96 1540.92
4401.48 1537.77
4402.23 1534.17
4403.87 1531.48
4405.87 1528.77
4408.15 1526.19
4410.87 1523.85
4413.57 1521.77
4416.72 1519.90
4419.81 1518.05
4423.03 1516.13
4426.26 1514.21
4429.35 1512.98
4432.50 1511.88
4435.10 1510.98
4437.14 1510.27
4438.59 1509.77
4439.50 1509.36
4440.23 1508.92
4441.00 1508.49
4441.73 1508.17
4442.48 1507.86
4443.31 1507.50
4444.06 1507.18
4445.03 1506.67
4445.74 1506.16
4446.40 1505.68
4447.08 1505.19
4447.75 1504.71
4448.72 1503.67
4449.14 1502.87
4449.55 1502.06
4449.99 1500.44
4449.78 1499.58
4449.57 1498.79
4449.35 1497.94
4448.85 1496.94
4448.25 1495.96
4447.52 1494.76
4446.63 1493.31
4445.57 1491.58
4444.36 1489.61
4443.10 1487.43
4441.79 1484.87
4440.34 1482.03
4438.74 1478.88
4437.10 1475.67
4435.41 1472.36
4433.75 1469.08
4432.09 1465.80
4430.39 1462.45
4428.78 1459.24
4427.13 1455.97
4425.51 1452.77
4423.88 1449.53
4422.21 1446.21
4420.55 1442.93
4418.88 1439.61
4417.21 1436.29
4415.71 1433.29
4414.42 1430.72
4413.34 1428.56
4412.48 1426.82
4411.80 1425.45
4411.27 1424.39
4411.02 1423.89
4410.76 1423.37
4410.45 1422.89
4410.28 1422.83
4406.55 1424.67
4406.55 1424.67
4406.55 1424.67
4406.55 1424.67
4406.55 1424.67
4406.55 1424.67
4406.55 1424.67
4406.55 1424.67
4406.55 1424.67
4406.55 1424.67
4406.55 1424.67
4406.55 1424.67
4406.55 1424.67
4406.55 1424.67
4406.55 1424.67
4406.55 1424.67
4406.55 1424.67
4406.55 1424.67
4406.55 1424.67
4406.55 1424.67
4406.55 1424.67
4406.55 1424.67
4406.55 1424.67
4406.55 1424.67
4406.55 1424.67
4406.55 1424.67
4406.55 1424.67
4406.55 1424.67
4406.55 1424.67
4406.55 1424.67
4406.55 1424.67
4406.55 1424.67
4406.55 1424.67
4406.55 1424.67
4406.55 1424.67
4406.55 1424.67
4406.55 1424.67
4406.55 1424.67
4406.55 1424.67
4406.55 1424.67
4406.55 1424.67
4406.55 1424.67
4406.55 1424.67
4406.55 1424.67
4406.55 1424.67
4406.55 1424.67
4406.55 1424.67
4406.55 1424.67
4406.55 1424.67
4406.55 1424.67
4406.55 1424.67
4406.55 1424.67
4406.55 1424.67
4406.55 1424.67
4406.55 1424.67
4406.55 1424.67
4406.55 1424.67
4406.55 1424.67
4406.55 1424.67
4406.55 1424.67
4406.55 1424.67
4406.55 1424.67
4406.55 1424.67
4406.55 1424.67
4406.55 1424.67
4406.55 1424.67
4406.55 1424.67
4406.55 1424.67
4406.55 1424.67
4406.55 1424.67
4406.55 1424.67
4406.55 1424.67
4406.55 1424.67
4406.55 1424.67
4406.55 1424.67
4406.55 1424.67
4406.55 1424.67
4406.55 1424.67
4406.55 1424.67
4406.55 1424.67
4406.55 1424.67
4406.55 1424.67
4406.55 1424.67
4406.55 1424.67
4406.55 1424.67
4406.55 1424.67
4406.55 1424.67
4406.55 1424.67
4406.55 1424.67
4406.55 1424.67
4406.55 1424.67
4406.55 1424.67
4406.55 1424.67
4406.55 1424.67
4406.55 1424.67
4406.55 1424.67
4406.55 1424.67
4406.55 1424.67
4406.55 1424.67
4406.55 1424.67
4406.55 1424.67
4406.55 1424.67
4406.55 1424.67
4406.55 1424.67
4406.55 1424.67
4406.55 1424.67
4406.55 1424.67
4406.55 1424.67
4406.55 1424.67
4406.55 1424.67
4406.55 1424.67
4406.55 1424.67
4406.55 1424.67
4406.55 1424.67
4406.55 1424.67
4406.55 1424.67
4406.55 1424.67
4406.55 1424.67
4406.55 1424.67
4406.55 1424.67
4406.55 1424.67
4406.55 1424.67
4406.55 1424.67
4406.55 1424.67
4406.55 1424.67
4406.55 1424.67
4406.55 1424.67
4406.55 1424.67
4406.55 1424.67
4406.55 1424.67
4406.55 1424.67
4406.55 1424.67
4406.55 1424.67
4406.55 1424.67
4406.55 1424.67
4406.55 1424.67
4406.55 1424.67
4406.55 1424.67
4406.55 1424.67
4406.55 1424.67
4406.55 1424.67
4406.55 1424.67
4406.55 1424.67
4406.55 1424.67
4406.55 1424.67
4406.55 1424.67
4406.55 1424.67
4406.55 1424.67
4406.55 1424.67
4406.55 1424.67
4406.55 1424.67
4406.55 1424.67
4406.55 1424.67
4406.55 1424.67
4406.55 1424.67
4406.55 1424.67
4406.55 1424.67
4406.55 1424.67
4406.55 1424.67
4406.55 1424.67
4406.55 1424.67
4406.55 1424.67
4406.55 1424.67
4406.55 1424.67
4406.55 1424.67
4406.55 1424.67
4406.55 1424.67
4406.55 1424.67
4406.55 1424.67
4406.55 1424.67
4406.55 1424.67
4406.55 1424.67
4406.55 1424.67
4406.55 1424.67
4406.55 1424.67
4406.55 1424.67
4406.55 1424.67
4406.55 1424.67
4406.55 1424.67
4406.55 1424.67
4406.55 1424.67
4406.55 1424.67
4406.55 1424.67
4406.55 1424.67
4406.55 1424.67
4406.55 1424.67
4406.55 1424.67
4406.55 1424.67
4406.55 1424.67
4406.55 1424.67
4406.55 1424.67
4406.55 1424.67
4406.55 1424.67
4406.55 1424.67
4406.55 1424.67
4406.55 1424.67
4406.55 1424.67
4406.55 1424.67
4406.55 1424.67
4406.55 1424.67
4406.55 1424.67
4406.55 1424.67
4406.55 1424.67
4406.55 1424.67
4406.55 1424.67
4406.55 1424.67
4406.55 1424.67
4406.55 1424.67
4406.55 1424.67
4406.55 1424.67
4406.55 1424.67
4406.55 1424.67
4406.55 1424.67
4406.55 1424.67
4406.55 1424.67
4406.55 1424.67
4406.55 1424.67
4406.55 1424.67
4406.55 1424.67
4406.55 1424.67
4406.55 1424.67
4406.55 1424.67
4406.55 1424.67
4406.55 1424.67
4406.55 1424.67
4406.55 1424.67
4406.55 1424.67
4406.55 1424.67
4406.55 1424.67
4406.55 1424.67
4406.55 1424.67
4406.55 1424.67
4406.55 1424.67
4406.55 1424.67
4406.55 1424.67
4406.55 1424.67
4406.55 1424.67
4406.55 1424.67
4406.55 1424.67
4406.55 1424.67
4406.55 1424.67
4406.55 1424.67
4406.55 1424.67
4406.55 1424.67
4406.55 1424.67
4406.55 1424.67
4406.55 1424.67
4406.55 1424.67
4406.55 1424.67
4406.55 1424.67
4406.55 1424.67
4406.55 1424.67
4406.55 1424.67
4406.55 1424.67
4406.55 1424.67
4406.55 1424.67
4406.55 1424.67
4406.55 1424.67
4406.55 1424.67
4406.55 1424.67
4406.55 1424.67
4406.55 1424.67
4406.55 1424.67
4406.55 1424.67
4406.55 1424.67
4406.55 1424.67
4406.55 1424.67
4406.55 1424.67
4406.55 1424.67
4406.55 1424.67
4406.55 1424.67
4406.55 1424.67
4406.55 1424.67
4406.55 1424.67
4406.55 1424.67
4406.55 1424.67
4406.55 1424.67
4406.55 1424.67
4406.55 1424.67
4406.55 1424.67
4406.55 1424.67
4406.55 1424.67
4406.55 1424.67
4406.55 1424.67
4406.55 1424.67
4406.55 1424.67
4406.55 1424.67
4406.55 1424.67
4406.55 1424.67
4406.55 1424.67
4406.55 1424.67
4406.55 1424.67
4406.55 1424.67
4406.55 1424.67
4406.55 1424.67
4406.55 1424.67
4406.55 1424.67
4406.55 1424.67
4406.55 1424.67
4406.55 1424.67
4406.55 1424.67
4406.55 1424.67
4406.55 1424.67
4406.55 1424.67
4406.55 1424.67
4406.55 1424.67
4406.55 1424.67
4406.55 1424.67
4406.55 1424.67
4406.55 1424.67
4406.55 1424.67
4406.55 1424.67
4406.55 1424.67
4406.55 1424.67
4406.55 1424.67
4406.55 1424.67
4406.55 1424.67
4406.55 1424.67
4406.55 1424.67
4406.55 1424.67
4406.55 1424.67
4406.55 1424.67
4406.55 1424.67
4406.55 1424.67
4406.55 1424.67
4406.55 1424.67
4406.55 1424.67
4406.55 1424.67
4406.55 1424.67
4406.55 1424.67
4406.55 1424.67
4406.55 1424.67
4406.55 1424.67
4406.55 1424.67
4406.55 1424.67
4406.55 1424.67
4406.55 1424.67
4406.55 1424.67
4406.55 1424.67
4406.55 1424.67
4406.55 1424.67
4406.55 1424.67
4406.55 1424.67
4406.55 1424.67
4406.55 1424.67
4406.55 1424.67
4406.55 1424.67
4406.55 1424.67
4406.55 1424.67
4406.55 1424.67
4406.55 1424.67
4406.55 1424.67
4406.55 1424.67
4406.55 1424.67
4406.55 1424.67
4406.55 1424.67
4406.55 1424.67
4406.55 1424.67
4406.55 1424.67
4406.55 1424.67
4406.55 1424.67
4406.55 1424.67
4406.55 1424.67
4406.55 1424.67
4406.55 1424.67
4406.55 1424.67
4406.55 1424.67
4406.55 1424.67
4406.55 1424.67
4406.55 1424.67
4406.55 1424.67
4406.55 1424.67
4406.55 1424.67
4406.55 1424.67
4406.55 1424.67
4406.55 1424.67
4406.55 1424.67
4406.55 1424.67
4406.55 1424.67
4406.55 1424.67
4406.55 1424.67
4406.55 1424.67
4406.55 1424.67
4406.55 1424.67
4406.55 1424.67
4406.55 1424.67
4406.55 1424.67
4406.55 1424.67
4406.55 1424.67
4406.55 1424.67
4406.55 1424.67
4406.55 1424.67
4406.55 1424.67
4406.55 1424.67
4406.55 1424.67
4406.55 1424.67
4406.55 1424.67
4406.55 1424.67
4406.55 1424.67
4406.55 1424.67
4406.55 1424.67
4406.55 1424.67
4406.55 1424.67
4406.55 1424.67
4406.55 1424.67
4406.55 1424.67
4406.55 1424.67
4406.55 1424.67
4406.55 1424.67
4406.55 1424.67
4406.55 1424.67
4406.55 1424.67
4406.55 1424.67
4406.55 1424.67
4406.55 1424.67
4406.55 1424.67
4406.55 1424.67
4406.55 1424.67
4406.55 1424.67
4406.55 1424.67
4406.55 1424.67
4406.55 1424.67
4406.55 1424.67
4406.55 1424.67
4406.55 1424.67
4406.55 1424.67
4406.55 1424.67
4406.55 1424.67
4406.55 1424.67
4406.55 1424.67
4406.55 1424.67
4406.55 1424.67
4406.55 1424.67
4406.55 1424.67
4406.55 1424.67
4406.55 1424.67
4406.55 1424.67
4406.55 1424.67
4406.55 1424.67
4406.55 1424.67
4406.55 1424.67
4406.55 1424.67
4406.55 1424.67
4406.55 1424.67
4406.55 1424.67
4406.55 1424.67
4406.55 1424.67
4406.55 1424.67
4406.55 1424.67
4406.55 1424.67
4406.55 1424.67
4406.55 1424.67
4406.55 1424.67
4406.55 1424.67
4406.55 1424.67
4406.55 1424.67
4406.55 1424.67
4406.55 1424.67
4406.55 1424.67
4406.55 1424.67
4406.55 1424.67
4406.55 1424.67
4406.55 1424.67
4406.55 1424.67
4406.55 1424.67
4406.55 1424.67
4406.55 1424.67
4406.55 1424.67
4406.55 1424.67
4406.55 1424.67
4406.55 1424.67
4406.55 1424.67
4406.55 1424.67
4406.55 1424.67
4406.55 1424.67
4406.55 1424.67
4406.55 1424.67
4406.55 1424.67
4406.55 1424.67
4406.55 1424.67
4406.55 1424.67
4406.55 1424.67
4406.55 1424.67
4406.55 1424.67
4406.55 1424.67
4406.55 1424.67
4406.55 1424.67
4406.55 1424.67
4406.55 1424.67
4406.55 1424.67
4406.55 1424.67
4406.55 1424.67
4406.55 1424.67
4406.55 1424.67
4406.55 1424.67
4406.55 1424.67
4406.55 1424.67
4406.55 1424.67
4406.55 1424.67
4406.55 1424.67
4406.55 1424.67
4406.55 1424.67
4406.55 1424.67
4406.55 1424.67
4406.55 1424.67
4406.55 1424.67
4406.55 1424.67
4406.55 1424.67
4406.55 1424.67
4406.55 1424.67
4406.55 1424.67
4406.55 1424.67
4406.55 1424.67
4406.55 1424.67
4406.55 1424.67
4406.55 1424.67
4406.55 1424.67
4406.55 1424.67
4406.55 1424.67
4406.55 1424.67
4406.55 1424.67
4406.55 1424.67
4406.55 1424.67
4406.55 1424.67
4406.55 1424.67
4406.55 1424.67
4406.55 1424.67
4406.55 1424.67
4406.55 1424.67
4406.55 1424.67
4406.55 1424.67
4406.55 1424.67
4406.55 1424.67
4406.55 1424.67
4406.55 1424.67
4406.55 1424.67
4406.55 1424.67
4406.55 1424.67
4406.55 1424.67
4406.55 1424.67
4406.55 1424.67
4406.55 1424.67
4406.55 1424.67
4406.55 1424.67
4406.55 1424.67
4406.55 1424.67
4406.55 1424.67
4406.55 1424.67
4406.55 1424.67
4406.55 1424.67
4406.55 1424.67
4406.55 1424.67
4406.55 1424.67
4406.55 1424.67
4406.55 1424.67
4406.55 1424.67
4406.55 1424.67
4406.55 1424.67
4406.55 1424.67
4406.55 1424.67
4406.55 1424.67
4406.55 1424.67
4406.55 1424.67
4406.55 1424.67
4406.55 1424.67
4406.55 1424.67
4406.55 1424.67
4406.55 1424.67
4406.55 1424.67
4406.55 1424.67
4406.55 1424.67
4406.55 1424.67
4406.55 1424.67
4406.55 1424.67
4406.55 1424.67
4406.55 1424.67
4406.55 1424.67
4406.55 1424.67
4406.55 1424.67
4406.55 1424.67
4406.55 1424.67
4406.55 1424.67
4406.55 1424.67
4406.55 1424.67
4406.55 1424.67
4406.55 1424.67
4406.55 1424.67
4406.55 1424.67
4406.55 1424.67
4406.55 1424.67
4406.55 1424.67
4406.55 1424.67
4406.55 1424.67
4406.55 1424.67
4406.55 1424.67
4406.55 1424.67
4406.55 1424.67
4406.55 1424.67
4406.55 1424.67
4406.55 1424.67
4406.55 1424.67
4406.55 1424.67
4406.55 1424.67
4406.55 1424.67
4406.55 1424.67
4406.55 1424.67
4406.55 1424.67
4406.55 1424.67
4406.55 1424.67
4406.55 1424.67
4406.55 1424.67
4406.55 1424.67
4406.55 1424.67
4406.55 1424.67
4406.55 1424.67
4406.55 1424.67
4406.55 1424.67
4406.55 1424.67
4406.55 1424.67
4406.55 1424.67
4406.55 1424.67
4406.55 1424.67
4406.55 1424.67
4406.55 1424.67
4406.55 1424.67
4406.55 1424.67
4406.55 1424.67
4406.55 1424.67
4406.55 1424.67
4406.55 1424.67
4406.55 1424.67
4406.55 1424.67
4406.55 1424.67
4406.55 1424.67
4406.55 1424.67
4406.55 1424.67
4406.55 1424.67
4406.55 1424.67
4406.55 1424.67
4406.55 1424.67
4406.55 1424.67
4406.55 1424.67
4406.55 1424.67
4406.55 1424.67
4406.55 1424.67
4406.55 1424.67
4406.55 1424.67
4406.55 1424.67
4406.55 1424.67
4406.55 1424.67
4406.55 1424.67
4406.55 1424.67
4406.55 1424.67
4406.55 1424.67
4406.55 1424.67
4406.55 1424.67
4406.55 1424.67
4406.55 1424.67
4406.55 1424.67
4406.55 1424.67
4406.55 1424.67
4406.55 1424.67
4406.55 1424.67
4406.55 1424.67
4406.55 1424.67
4406.55 1424.67
4406.55 1424.67
4406.55 1424.67
4406.55 1424.67
4406.55 1424.67
4406.55 1424.67
4406.55 1424.67
4406.55 1424.67
4406.55 1424.67
4406.55 1424.67
4406.55 1424.67
4406.55 1424.67
4406.55 1424.67
4406.55 1424.67
4406.55 1424.67
4406.55 1424.67
4406.55 1424.67
4406.55 1424.67
4406.55 1424.67
4406.55 1424.67
4406.55 1424.67
4406.55 1424.67
4406.55 1424.67
4406.55 1424.67
4406.55 1424.67
4406.55 1424.67
4406.55 1424.67
4406.55 1424.67
4406.55 1424.67
4406.55 1424.67
4406.55 1424.67
4406.55 1424.67
4406.55 1424.67
4406.55 1424.67
4406.55 1424.67
4406.55 1424.67
4406.55 1424.67
4406.55 1424.67
4406.55 1424.67
4406.55 1424.67
4406.55 1424.67
4406.55 1424.67
4406.55 1424.67
4406.55 1424.67
4406.55 1424.67
4406.55 1424.67
4406.55 1424.67
4406.55 1424.67
4406.55 1424.67
4406.55 1424.67
4406.55 1424.67
4406.55 1424.67
4406.55 1424.67
4406.55 1424.67
4406.55 1424.67
4406.55 1424.67
4406.55 1424.67
4406.55 1424.67
4406.55 1424.67
4406.55 1424.67
4406.55 1424.67
4406.55 1424.67
4406.55 1424.67
4406.55 1424.67
4406.55 1424.67
4406.55 1424.67
4406.55 1424.67
4406.55 1424.67
4406.55 1424.67
4406.55 1424.67
4406.55 1424.67
4406.55 1424.67
4406.55 1424.67
4406.55 1424.67
4406.55 1424.67
4406.55 1424.67
4406.55 1424.67
4406.55 1424.67
4406.55 1424.67
4406.55 1424.67
4406.55 1424.67
4406.55 1424.67
4406.55 1424.67
4406.55 1424.67
4406.55 1424.67
4406.55 1424.67
4406.55 1424.67
4406.55 1424.67
4406.55 1424.67
4406.55 1424.67
4406.55 1424.67
4406.55 1424.67
4406.55 1424.67
4406.55 1424.67
4406.55 1424.67
4406.55 1424.67
4406.55 1424.67
4406.55 1424.67
4406.55 1424.67
4406.55 1424.67
4406.55 1424.67
4406.55 1424.67
4406.55 1424.67
4406.55 1424.67
4406.55 1424.67
4406.55 1424.67
4406.55 1424.67
4406.55 1424.67
4406.55 1424.67
4406.55 1424.67
4406.55 1424.67
4406.55 1424.67
4406.55 1424.67
4406.55 1424.67
4406.55 1424.67
4406.55 1424.67
4406.55 1424.67
4406.55 1424.67
4406.55 1424.67
4406.55 1424.67
4406.55 1424.67
4406.55 1424.67
4406.55 1424.67
4406.55 1424.67
4406.55 1424.67
4406.55 1424.67
4406.55 1424.67
4406.55 1424.67
4406.55 1424.67
4406.55 1424.67
4406.55 1424.67
4406.55 1424.67
4406.55 1424.67
4406.55 1424.67
4406.55 1424.67
4406.55 1424.67
4406.55 1424.67
4406.55 1424.67
4406.55 1424.67
4406.55 1424.67
4406.55 1424.67
4406.55 1424.67
4406.55 1424.67
4406.55 1424.67
4406.55 1424.67
4406.55 1424.67
4406.55 1424.67
4406.55 1424.67
4406.55 1424.67
4406.55 1424.67
4406.55 1424.67
4406.55 1424.67
4406.55 1424.67
4406.55 1424.67
4406.55 1424.67
4406.55 1424.67
4406.55 1424.67
4406.55 1424.67
4406.55 1424.67
4406.55 1424.67
4406.55 1424.67
4406.55 1424.67
4406.55 1424.67
4406.55 1424.67
4406.55 1424.67
4406.55 1424.67
4406.55 1424.67
4406.55 1424.67
4406.55 1424.67
4406.55 1424.67
4406.55 1424.67
4406.55 1424.67
4406.55 1424.67
4406.55 1424.67
4406.55 1424.67
4406.55 1424.67
4406.55 1424.67
4406.55 1424.67
4406.55 1424.67
4406.55 1424.67
4406.55 1424.67
4406.55 1424.67
4406.55 1424.67
4406.55 1424.67
4406.55 1424.67
4406.55 1424.67
4406.55 1424.67
4406.55 1424.67
4406.55 1424.67
4406.55 1424.67
4406.55 1424.67
4406.55 1424.67
4406.55 1424.67
4406.55 1424.67
4406.55 1424.67
4406.55 1424.67
4406.55 1424.67
4406.55 1424.67
4406.55 1424.67
4406.55 1424.67
4406.55 1424.67
4406.55 1424.67
4406.55 1424.67
4406.55 1424.67
4406.55 1424.67
4406.55 1424.67
4406.55 1424.67
4406.55 1424.67
4406.55 1424.67
4406.55 1424.67
4406.55 1424.67
4406.55 1424.67
4406.55 1424.67
4406.55 1424.67
4406.55 1424.67
4406.55 1424.67
4406.55 1424.67
4406.55 1424.67
4406.55 1424.67
4406.55 1424.67
4406.55 1424.67
4406.55 1424.67
4406.55 1424.67
4406.55 1424.67
4406.55 1424.67
4406.55 1424.67
4406.55 1424.67
4406.55 1424.67
4406.55 1424.67
4406.55 1424.67
4406.55 1424.67
4406.55 1424.67
4406.55 1424.67
4406.55 1424.67
4406.55 1424.67
4406.55 1424.67
4406.55 1424.67
4406.55 1424.67
4406.55 1424.67
4406.55 1424.67
4406.55 1424.67
4406.55 1424.67
4406.55 1424.67
4406.55 1424.67
4406.55 1424.67
4406.55 1424.67
4406.55 1424.67
4406.55 1424.67
4406.55 1424.67
4406.55 1424.67
4406.55 1424.67
4406.55 1424.67
4406.55 1424.67
4406.55 1424.67
4406.55 1424.67
4406.55 1424.67
4406.55 1424.67
4406.55 1424.67
4406.55 1424.67
4406.55 1424.67
4406.55 1424.67
4406.55 1424.67
4406.55 1424.67
4406.55 1424.67
4406.55 1424.67
4406.55 1424.67
4406.55 1424.67
4406.55 1424.67
4406.55 1424.67
4406.55 1424.67
4406.55 1424.67
4406.55 1424.67
4406.55 1424.67
4406.55 1424.67
4406.55 1424.67
4406.55 1424.67
4406.55 1424.67
4406.55 1424.67
4406.55 1424.67
4406.55 1424.67
4406.55 1424.67
4406.55 1424.67
4406.55 1424.67
4406.55 1424.67
4406.55 1424.67
4406.55 1424.67
4406.55 1424.67
4406.55 1424.67
4406.55 1424.67
4406.55 1424.67
4406.55 1424.67
4406.55 1424.67
4406.55 1424.67
4406.55 1424.67
4406.55 1424.67
4406.55 1424.67
4406.55 1424.67
4406.55 1424.67
4406.55 1424.67
4406.55 1424.67
4406.55 1424.67
4406.55 1424.67
4406.55 1424.67
4406.55 1424.67
4406.55 1424.67
4406.55 1424.67
4406.55 1424.67
4406.55 1424.67
4406.55 1424.67
4406.55 1424.67
4406.55 1424.67
4406.55 1424.67
4406.55 1424.67
4406.55 1424.67
4406.55 1424.67
4406.55 1424.67
4406.55 1424.67
4406.55 1424.67
4406.55 1424.67
4406.55 1424.67
4406.55 1424.67
4406.55 1424.67
4406.55 1424.67
4406.55 1424.67
4406.55 1424.67
4406.55 1424.67
4406.55 1424.67
4406.55 1424.67
4406.55 1424.67
4406.55 1424.67
4406.55 1424.67
4406.55 1424.67
4406.55 1424.67
4406.55 1424.67
4406.55 1424.67
4406.55 1424.67
4406.55 1424.67
4406.55 1424.67
4406.55 1424.67
4406.55 1424.67
4406.55 1424.67
4406.55 1424.67
4406.55 1424.67
4406.55 1424.67
4406.55 1424.67
4406.55 1424.67
4406.55 1424.67
4406.55 1424.67
4406.55 1424.67
4406.55 1424.67
4406.55 1424.67
4406.55 1424.67
4406.55 1424.67
4406.55 1424.67
4406.55 1424.67
4406.55 1424.67
4406.55 1424.67
4406.55 1424.67
4406.55 1424.67
4406.55 1424.67
4406.55 1424.67
4406.55 1424.67
4406.55 1424.67
4406.55 1424.67
4406.55 1424.67
4406.55 1424.67
4406.55 1424.67
4406.55 1424.67
4406.55 1424.67
4406.55 1424.67
4406.55 1424.67
4406.55 1424.67
4406.55 1424.67
4406.55 1424.67
4406.55 1424.67
4406.55 1424.67
4406.55 1424.67
4406.55 1424.67
4406.55 1424.67
4406.55 1424.67
4406.55 1424.67
4406.55 1424.67
4406.55 1424.67
4406.55 1424.67
4406.55 1424.67
4406.55 1424.67
4406.55 1424.67
4406.55 1424.67
4406.55 1424.67
4406.55 1424.67
4406.55 1424.67
4406.55 1424.67
4406.55 1424.67
4406.55 1424.67
4406.55 1424.67
4406.55 1424.67
4406.55 1424.67
4406.55 1424.67
4406.55 1424.67
4406.55 1424.67
4406.55 1424.67
4406.55 1424.67
4406.55 1424.67
4406.55 1424.67
4406.55 1424.67
4406.55 1424.67
4406.55 1424.67
4406.55 1424.67
4406.55 1424.67
4406.55 1424.67
4406.55 1424.67
4406.55 1424.67
4406.55 1424.67
4406.55 1424.67
4406.55 1424.67
4406.55 1424.67
4406.55 1424.67
4406.55 1424.67
4406.55 1424.67
4406.55 1424.67
4406.55 1424.67
4406.55 1424.67
4406.55 1424.67
4406.55 1424.67
4406.55 1424.67
4406.55 1424.67
4406.55 1424.67
4406.55 1424.67
4406.55 1424.67
4406.55 1424.67
4406.55 1424.67
4406.55 1424.67
4406.55 1424.67
4406.55 1424.67
4406.55 1424.67
4406.55 1424.67
4406.55 1424.67
4406.55 1424.67
4406.55 1424.67
4406.55 1424.67
4406.55 1424.67
4406.55 1424.67
4406.55 1424.67
4406.55 1424.67
4406.55 1424.67
4406.55 1424.67
4406.55 1424.67
4406.55 1424.67
4406.55 1424.67
4406.55 1424.67
4406.55 1424.67
4406.55 1424.67
4406.55 1424.67
4406.55 1424.67
4406.55 1424.67
4406.55 1424.67
4406.55 1424.67
4406.55 1424.67
4406.55 1424.67
4406.55 1424.67
4406.55 1424.67
4406.55 1424.67
4406.55 1424.67
4406.55 1424.67
4406.55 1424.67
4406.55 1424.67
4406.55 1424.67
4406.55 1424.67
4406.55 1424.67
4406.55 1424.67
4406.55 1424.67
4406.55 1424.67
4406.55 1424.67
4406.55 1424.67
4406.55 1424.67
4406.55 1424.67
4406.55 1424.67
4406.55 1424.67
4406.55 1424.67
4406.55 1424.67
4406.55 1424.67
4406.55 1424.67
4406.55 1424.67
4406.55 1424.67
4406.55 1424.67
4406.55 1424.67
4406.55 1424.67
4406.55 1424.67
4406.55 1424.67
4406.55 1424.67
4406.55 1424.67
4406.55 1424.67
4406.55 1424.67
4406.55 1424.67
4406.55 1424.67
4406.55 1424.67
4406.55 1424.67
4406.55 1424.67
4406.55 1424.67
4406.55 1424.67
4406.55 1424.67
4406.55 1424.67
4406.55 1424.67
4406.55 1424.67
4406.55 1424.67
4406.55 1424.67
4406.55 1424.67
4406.55 1424.67
4406.55 1424.67
4406.55 1424.67
4406.55 1424.67
4406.55 1424.67
4406.55 1424.67
4406.55 1424.67
4406.55 1424.67
4406.55 1424.67
4406.55 1424.67
4406.55 1424.67
4406.55 1424.67
4406.55 1424.67
4406.55 1424.67
4406.55 1424.67
4406.55 1424.67
4406.55 1424.67
4406.55 1424.67
4406.55 1424.67
4406.55 1424.67
4406.55 1424.67
4406.55 1424.67
4406.55 1424.67
4406.55 1424.67
4406.55 1424.67
4406.55 1424.67
4406.55 1424.67
4406.55 1424.67
4406.55 1424.67
4406.55 1424.67
4406.55 1424.67
4406.55 1424.67
4406.55 1424.67
4406.55 1424.67
4406.55 1424.67
4406.55 1424.67
4406.55 1424.67
4406.55 1424.67
4406.55 1424.67
4406.55 1424.67
4406.55 1424.67
4406.55 1424.67
4406.55 1424.67
4406.55 1424.67
4406.55 1424.67
4406.55 1424.67
4406.55 1424.67
4406.55 1424.67
4406.55 1424.67
4406.55 1424.67
4406.55 1424.67
4406.55 1424.67
4406.55 1424.67
4406.55 1424.67
4406.55 1424.67
4406.55 1424.67
4406.55 1424.67
4406.55 1424.67
4406.55 1424.67
4406.55 1424.67
4406.55 1424.67
4406.55 1424.67
4406.55 1424.67
4406.55 1424.67
4406.55 1424.67
4406.55 1424.67
4406.55 1424.67
4406.55 1424.67
4406.55 1424.67
4406.55 1424.67
4406.55 1424.67
4406.55 1424.67
4406.55 1424.67
4406.55 1424.67
4406.55 1424.67
4406.55 1424.67
4406.55 1424.67
4406.55 1424.67
4406.55 1424.67
4406.55 1424.67
4406.55 1424.67
4406.55 1424.67
4406.55 1424.67
4406.55 1424.67
4406.55 1424.67
4406.55 1424.67
4406.55 1424.67
4406.55 1424.67
4406.55 1424.67
4406.55 1424.67
4406.55 1424.67
4406.55 1424.67
4406.55 1424.67
4406.55 1424.67
4406.55 1424.67
4406.55 1424.67
4406.55 1424.67
4406.55 1424.67
4406.55 1424.67
4406.55 1424.67
4406.55 1424.67
4406.55 1424.67
4406.55 1424.67
4406.55 1424.67
4406.55 1424.67
4406.55 1424.67
4406.55 1424.67
4406.55 1424.67
4406.55 1424.67
4406.55 1424.67
4406.55 1424.67
4406.55 1424.67
4406.55 1424.67
4406.55 1424.67
4406.55 1424.67
4406.55 1424.67
4406.55 1424.67
4406.55 1424.67
4406.55 1424.67
4406.55 1424.67
4406.55 1424.67
4406.55 1424.67
4406.55 1424.67
4406.55 1424.67
4406.55 1424.67
4406.55 1424.67
4406.55 1424.67
4406.55 1424.67
4406.55 1424.67
4406.55 1424.67
4406.55 1424.67
4406.55 1424.67
4406.55 1424.67
4406.55 1424.67
4406.55 1424.67
4406.55 1424.67
4406.55 1424.67
4406.55 1424.67
4406.55 1424.67
4406.55 1424.67
4406.55 1424.67
4406.55 1424.67
4406.55 1424.67
4406.55 1424.67
4406.55 1424.67
4406.55 1424.67
4406.55 1424.67
4406.55 1424.67
4406.55 1424.67
4406.55 1424.67
4406.55 1424.67
4406.55 1424.67
4406.55 1424.67
4406.55 1424.67
4406.55 1424.67
4406.55 1424.67
4406.55 1424.67
4406.55 1424.67
4406.55 1424.67
4406.55 1424.67
4406.55 1424.67
4406.55 1424.67
4406.55 1424.67
4406.55 1424.67
4406.55 1424.67
4406.55 1424.67
4406.55 1424.67
4406.55 1424.67
4406.55 1424.67
4406.55 1424.67
4406.55 1424.67
4406.55 1424.67
4406.55 1424.67
4406.55 1424.67
4406.55 1424.67
4406.55 1424.67
4406.55 1424.67
4406.55 1424.67
4406.55 1424.67
4406.55 1424.67
4406.55 1424.67
4406.55 1424.67
4406.55 1424.67
4406.55 1424.67
4406.55 1424.67
4406.55 1424.67
4406.55 1424.67
4406.55 1424.67
4406.55 1424.67
4406.55 1424.67
4406.55 1424.67
4406.55 1424.67
4406.55 1424.67
4406.55 1424.67
4406.55 1424.67
4406.55 1424.67
4406.55 1424.67
4406.55 1424.67
4406.55 1424.67
4406.55 1424.67
4406.55 1424.67
4406.55 1424.67
4406.55 1424.67
4406.55 1424.67
4406.55 1424.67
4406.55 1424.67
4406.55 1424.67
4406.55 1424.67
4406.55 1424.67
4406.55 1424.67
4406.55 1424.67
4406.55 1424.67
4406.55 1424.67
4406.55 1424.67
4406.55 1424.67
4406.55 1424.67
4406.55 1424.67
4406.55 1424.67
4406.55 1424.67
4406.55 1424.67
4406.55 1424.67
4406.55 1424.67
4406.55 1424.67
4406.55 1424.67
4406.55 1424.67
4406.55 1424.67
4406.55 1424.67
4406.55 1424.67
4406.55 1424.67
4406.55 1424.67
4406.55 1424.67
4406.55 1424.67
4406.55 1424.67
4406.55 1424.67
4406.55 1424.67
4406.55 1424.67
4406.55 1424.67
4406.55 1424.67
4406.55 1424.67
4406.55 1424.67
4406.55 1424.67
4406.55 1424.67
4406.55 1424.67
4406.55 1424.67
4406.55 1424.67
4406.55 1424.67
4406.55 1424.67
4406.55 1424.67
4406.55 1424.67
4406.55 1424.67
4406.55 1424.67
4406.55 1424.67
4406.55 1424.67
4406.55 1424.67
4406.55 1424.67
4406.55 1424.67
4406.55 1424.67
4406.55 1424.67
4406.55 1424.67
4406.55 1424.67
4406.55 1424.67
4406.55 1424.67
4406.55 1424.67
4406.55 1424.67
4406.55 1424.67
4406.55 1424.67
4406.55 1424.67
4406.55 1424.67
4406.55 1424.67
4406.55 1424.67
4406.55 1424.67
4406.55 1424.67
4406.55 1424.67
4406.55 1424.67
4406.55 1424.67
4406.55 1424.67
4406.55 1424.67
4406.55 1424.67
4406.55 1424.67
4406.55 1424.67
4406.55 1424.67
4406.55 1424.67
4406.55 1424.67
4406.55 1424.67
4406.55 1424.67
4406.55 1424.67
4406.55 1424.67
4406.55 1424.67
4406.55 1424.67
4406.55 1424.67
4406.55 1424.67
4406.55 1424.67
4406.55 1424.67
4406.55 1424.67
4406.55 1424.67
4406.55 1424.67
4406.55 1424.67
4406.55 1424.67
4406.55 1424.67
4406.55 1424.67
4406.55 1424.67
4406.55 1424.67
4406.55 1424.67
4406.55 1424.67
4406.55 1424.67
4406.55 1424.67
4406.55 1424.67
4406.55 1424.67
4406.55 1424.67
4406.55 1424.67
4406.55 1424.67
4406.55 1424.67
4406.55 1424.67
4406.55 1424.67
4406.55 1424.67
4406.55 1424.67
4406.55 1424.67
4406.55 1424.67
4406.55 1424.67
4406.55 1424.67
4406.55 1424.67
4406.55 1424.67
4406.55 1424.67
4406.55 1424.67
4406.55 1424.67
4406.55 1424.67
4406.55 1424.67
4406.55 1424.67
4406.55 1424.67
4406.55 1424.67
4406.55 1424.67
4406.55 1424.67
4406.55 1424.67
4406.55 1424.67
4406.55 1424.67
4406.55 1424.67
4406.55 1424.67
4406.55 1424.67
4406.55 1424.67
4406.55 1424.67
4406.55 1424.67
4406.55 1424.67
4406.55 1424.67
4406.55 1424.67
4406.55 1424.67
4406.55 1424.67
4406.55 1424.67
4406.55 1424.67
4406.55 1424.67
4406.55 1424.67
4406.55 1424.67
4406.55 1424.67
4406.55 1424.67
4406.55 1424.67
4406.55 1424.67
4406.55 1424.67
4406.55 1424.67
4406.55 1424.67
4406.55 1424.67
4406.55 1424.67
4406.55 1424.67
4406.55 1424.67
4406.55 1424.67
4406.55 1424.67
4406.55 1424.67
4406.55 1424.67
4406.55 1424.67
4406.55 1424.67
4406.55 1424.67
4406.55 1424.67
4406.55 1424.67
4406.55 1424.67
4406.55 1424.67
4406.55 1424.67
4406.55 1424.67
4406.55 1424.67
4406.55 1424.67
4406.55 1424.67
4406.55 1424.67
4406.55 1424.67
4406.55 1424.67
4406.55 1424.67
4406.55 1424.67
4406.55 1424.67
4406.55 1424.67
4406.55 1424.67
4406.55 1424.67
4406.55 1424.67
4406.55 1424.67
4406.55 1424.67
4406.55 1424.67
4406.55 1424.67
4406.55 1424.67
4406.55 1424.67
4406.55 1424.67
4406.55 1424.67
4406.55 1424.67
4406.55 1424.67
4406.55 1424.67
4406.55 1424.67
4406.55 1424.67
4406.55 1424.67
4406.55 1424.67
4406.55 1424.67
4406.55 1424.67
4406.55 1424.67
4406.55 1424.67
4406.55 1424.67
4406.55 1424.67
4406.55 1424.67
4406.55 1424.67
4406.55 1424.67
4406.55 1424.67
4406.55 1424.67
4406.55 1424.67
4406.55 1424.67
4406.55 1424.67
4406.55 1424.67
4406.55 1424.67
4406.55 1424.67
4406.55 1424.67
4406.55 1424.67
4406.55 1424.67
4406.55 1424.67
4406.55 1424.67
4406.55 1424.67
4406.55 1424.67
4406.55 1424.67
4406.55 1424.67
4406.55 1424.67
4406.55 1424.67
4406.55 1424.67
4406.55 1424.67
4406.55 1424.67
4406.55 1424.67
4406.55 1424.67
4406.55 1424.67
4406.55 1424.67
4406.55 1424.67
4406.55 1424.67
4406.55 1424.67
4406.55 1424.67
4406.55 1424.67
4406.55 1424.67
4406.55 1424.67
4406.55 1424.67
4406.55 1424.67
4406.55 1424.67
4406.55 1424.67
4406.55 1424.67
4406.55 1424.67
4406.55 1424.67
4406.55 1424.67
4406.55 1424.67
4406.55 1424.67
4406.55 1424.67
4406.55 1424.67
4406.55 1424.67
4406.55 1424.67
4406.55 1424.67
4406.55 1424.67
4406.55 1424.67
4406.55 1424.67
4406.55 1424.67
4406.55 1424.67
4406.55 1424.67
4406.55 1424.67
4406.55 1424.67
4406.55 1424.67
4406.55 1424.67
4406.55 1424.67
4406.55 1424.67
4406.55 1424.67
4406.55 1424.67
4406.55 1424.67
4406.55 1424.67
4406.55 1424.67
4406.55 1424.67
4406.55 1424.67
4406.55 1424.67
4406.55 1424.67
4406.55 1424.67
4406.55 1424.67
4406.55 1424.67
4406.55 1424.67
4406.55 1424.67
4406.55 1424.67
4406.55 1424.67
4406.55 1424.67
4406.55 1424.67
4406.55 1424.67
4406.55 1424.67
4406.55 1424.67
4406.55 1424.67
4406.55 1424.67
4406.55 1424.67
4406.55 1424.67
4406.55 1424.67
4406.55 1424.67
4406.55 1424.67
4406.55 1424.67
4406.55 1424.67
4406.55 1424.67
4406.55 1424.67
4406.55 1424.67
4406.55 1424.67
4406.55 1424.67
4406.55 1424.67
4406.55 1424.67
4406.55 1424.67
4406.55 1424.67
4406.55 1424.67
4406.55 1424.67
4406.55 1424.67
4406.55 1424.67
4406.55 1424.67
4406.55 1424.67
4406.55 1424.67
4406.55 1424.67
4406.55 1424.67
4406.55 1424.67
4406.55 1424.67
4406.55 1424.67
4406.55 1424.67
4406.55 1424.67
4406.55 1424.67
4406.55 1424.67
4406.55 1424.67
4406.55 1424.67
4406.55 1424.67
4406.55 1424.67
4406.55 1424.67
4406.55 1424.67
4406.55 1424.67
4406.55 1424.67
4406.55 1424.67
4406.55 1424.67
4406.55 1424.67
4406.55 1424.67
4406.55 1424.67
4406.55 1424.67
4406.55 1424.67
4406.55 1424.67
4406.55 1424.67
4406.55 1424.67
4406.55 1424.67
4406.55 1424.67
4406.55 1424.67
4406.55 1424.67
4406.55 1424.67
4406.55 1424.67
4406.55 1424.67
4406.55 1424.67
4406.55 1424.67
4406.55 1424.67
4406.55 1424.67
4406.55 1424.67
4406.55 1424.67
4406.55 1424.67
4406.55 1424.67
4406.55 1424.67
4406.55 1424.67
4406.55 1424.67
4406.55 1424.67
4406.55 1424.67
4406.55 1424.67
4406.55 1424.67
4406.55 1424.67
4406.55 1424.67
4406.55 1424.67
4406.55 1424.67
4406.55 1424.67
4406.55 1424.67
4406.55 1424.67
4406.55 1424.67
4406.55 1424.67
4406.55 1424.67
4406.55 1424.67
4406.55 1424.67
4406.55 1424.67
4406.55 1424.67
4406.55 1424.67
4406.55 1424.67
4406.55 1424.67
4406.55 1424.67
4406.55 1424.67
4406.55 1424.67
4406.55 1424.67
4406.55 1424.67
4406.55 1424.67
4406.55 1424.67
4406.55 1424.67
4406.55 1424.67
4406.55 1424.67
4406.55 1424.67
4406.55 1424.67
4406.55 1424.67
4406.55 1424.67
4406.55 1424.67
4406.55 1424.67
4406.55 1424.67
4406.55 1424.67
4406.55 1424.67
4406.55 1424.67
4406.55 1424.67
4406.55 1424.67
4406.55 1424.67
4406.55 1424.67
4406.55 1424.67
4406.55 1424.67
4406.55 1424.67
4406.55 1424.67
4406.55 1424.67
4406.55 1424.67
4406.55 1424.67
4406.55 1424.67
4406.55 1424.67
4406.55 1424.67
4406.55 1424.67
4406.55 1424.67
4406.55 1424.67
4406.55 1424.67
4406.55 1424.67
4406.55 1424.67
4406.55 1424.67
4406.55 1424.67
4406.55 1424.67
4406.55 1424.67
4406.55 1424.67
4406.55 1424.67
4406.55 1424.67
4406.55 1424.67
4406.55 1424.67
4406.55 1424.67
4406.55 1424.67
4406.55 1424.67
4406.55 1424.67
4406.55 1424.67
4406.55 1424.67
4406.55 1424.67
4406.55 1424.67
4406.55 1424.67
4406.55 1424.67
4406.55 1424.67
4406.55 1424.67
4406.55 1424.67
4406.55 1424.67
4406.55 1424.67
4406.55 1424.67
4406.55 1424.67
4406.55 1424.67
4406.55 1424.67
4406.55 1424.67
4406.55 1424.67
4406.55 1424.67
4406.55 1424.67
4406.55 1424.67
4406.55 1424.67
4406.55 1424.67
4406.55 1424.67
4406.55 1424.67
4406.55 1424.67
4406.55 1424.67
4406.55 1424.67
4406.55 1424.67
4406.55 1424.67
4406.55 1424.67
4406.55 1424.67
4406.55 1424.67
4406.55 1424.67
4406.55 1424.67
4406.55 1424.67
4406.55 1424.67
4406.55 1424.67
4406.55 1424.67
4406.55 1424.67
4406.55 1424.67
4406.55 1424.67
4406.55 1424.67
4406.55 1424.67
4406.55 1424.67
4406.55 1424.67
4406.55 1424.67
4406.55 1424.67
4406.55 1424.67
4406.55 1424.67
4406.55 1424.67
4406.55 1424.67
4406.55 1424.67
4406.55 1424.67
4406.55 1424.67
4406.55 1424.67
4406.55 1424.67
4406.55 1424.67
4406.55 1424.67
4406.55 1424.67
4406.55 1424.67
4406.55 1424.67
4406.55 1424.67
4406.55 1424.67
4406.55 1424.67
4406.55 1424.67
4406.55 1424.67
4406.55 1424.67
4406.55 1424.67
4406.55 1424.67
4406.55 1424.67
4406.55 1424.67
4406.55 1424.67
4406.55 1424.67
4406.55 1424.67
4406.55 1424.67
4406.55 1424.67
4406.55 1424.67
4406.55 1424.67
4406.55 1424.67
4406.55 1424.67
4406.55 1424.67
4406.55 1424.67
4406.55 1424.67
4406.55 1424.67
4406.55 1424.67
4406.55 1424.67
4406.55 1424.67
4406.55 1424.67
4406.55 1424.67
4406.55 1424.67
4406.55 1424.67
4406.55 1424.67
4406.55 1424.67
4406.55 1424.67
4406.55 1424.67
4406.55 1424.67
4406.55 1424.67
4406.55 1424.67
4406.55 1424.67
4406.55 1424.67
4406.55 1424.67
4406.55 1424.67
4406.55 1424.67
4406.55 1424.67
4406.55 1424.67
4406.55 1424.67
4406.55 1424.67
4406.55 1424.67
4406.55 1424.67
4406.55 1424.67
4406.55 1424.67
4406.55 1424.67
4406.55 1424.67
4406.55 1424.67
4406.55 1424.67
4406.55 1424.67
4406.55 1424.67
4406.55 1424.67
4406.55 1424.67
4406.55 1424.67
4406.55 1424.67
4406.55 1424.67
4406.55 1424.67
4406.55 1424.67
4406.55 1424.67
4406.55 1424.67
4406.55 1424.67
4406.55 1424.67
4406.55 1424.67
4406.55 1424.67
4406.55 1424.67
4406.55 1424.67
4406.55 1424.67
4406.55 1424.67
4406.55 1424.67
4406.55 1424.67
4406.55 1424.67
4406.55 1424.67
4406.55 1424.67
4406.55 1424.67
4406.55 1424.67
4406.55 1424.67
4406.55 1424.67
4406.55 1424.67
4406.55 1424.67
4406.55 1424.67
4406.55 1424.67
4406.55 1424.67
4406.55 1424.67
4406.55 1424.67
4406.55 1424.67
4406.55 1424.67
4406.55 1424.67
4406.55 1424.67
4406.55 1424.67
4406.55 1424.67
4406.55 1424.67
4406.55 1424.67
4406.55 1424.67
4406.55 1424.67
4406.55 1424.67
4406.55 1424.67
4406.55 1424.67
4406.55 1424.67
4406.55 1424.67
4406.55 1424.67
4406.55 1424.67
4406.55 1424.67
4406.55 1424.67
4406.55 1424.67
4406.55 1424.67
4406.55 1424.67
4406.55 1424.67
4406.55 1424.67
4406.55 1424.67
4406.55 1424.67
4406.55 1424.67
4406.55 1424.67
4406.55 1424.67
4406.55 1424.67
4406.55 1424.67
4406.55 1424.67
4406.55 1424.67
4406.55 1424.67
4406.55 1424.67
4406.55 1424.67
4406.55 1424.67
4406.55 1424.67
4406.55 1424.67
4406.55 1424.67
4406.55 1424.67
4406.55 1424.67
4406.55 1424.67
4406.55 1424.67
4406.55 1424.67
4406.55 1424.67
4406.55 1424.67
4406.55 1424.67
4406.55 1424.67
4406.55 1424.67
4406.55 1424.67
4406.55 1424.67
4406.55 1424.67
4406.55 1424.67
4406.55 1424.67
4406.55 1424.67
4406.55 1424.67
4406.55 1424.67
4406.55 1424.67
4406.55 1424.67
4406.55 1424.67
4406.55 1424.67
4406.55 1424.67
4406.55 1424.67
4406.55 1424.67
4406.55 1424.67
4406.55 1424.67
4406.55 1424.67
4406.55 1424.67
4406.55 1424.67
4406.55 1424.67
4406.55 1424.67
4406.55 1424.67
4406.55 1424.67
4406.55 1424.67
4406.55 1424.67
4406.55 1424.67
4406.55 1424.67
4406.55 1424.67
4406.55 1424.67
4406.55 1424.67
4406.55 1424.67
4406.55 1424.67
4406.55 1424.67
4406.55 1424.67
4406.55 1424.67
4406.55 1424.67
4406.55 1424.67
4406.55 1424.67
4406.55 1424.67
4406.55 1424.67
4406.55 1424.67
4406.55 1424.67
4406.55 1424.67
4406.55 1424.67
4406.55 1424.67
4406.55 1424.67
4406.55 1424.67
4406.55 1424.67
4406.55 1424.67
4406.55 1424.67
4406.55 1424.67
4406.55 1424.67
4406.55 1424.67
4406.55 1424.67
4406.55 1424.67
4406.55 1424.67
4406.55 1424.67
4406.55 1424.67
4406.55 1424.67
4406.55 1424.67
4406.55 1424.67
4406.55 1424.67
4406.55 1424.67
4406.55 1424.67
4406.55 1424.67
4406.55 1424.67
4406.55 1424.67
4406.55 1424.67
4406.55 1424.67
4406.55 1424.67
4406.55 1424.67
4406.55 1424.67
4406.55 1424.67
4406.55 1424.67
4406.55 1424.67
4406.55 1424.67
4406.55 1424.67
4406.55 1424.67
4406.55 1424.67
4406.55 1424.67
4406.55 1424.67
4406.55 1424.67
4406.55 1424.67
4406.55 1424.67
4406.55 1424.67
4406.55 1424.67
4406.55 1424.67
4406.55 1424.67
4406.55 1424.67
4406.55 1424.67
4406.55 1424.67
4406.55 1424.67
4406.55 1424.67
4406.55 1424.67
4406.55 1424.67
4406.55 1424.67
4406.55 1424.67
4406.55 1424.67
4406.55 1424.67
4406.55 1424.67
4406.55 1424.67
4406.55 1424.67
4406.55 1424.67
4406.55 1424.67
4406.55 1424.67
4406.55 1424.67
4406.55 1424.67
4406.55 1424.67
4406.55 1424.67
4406.55 1424.67
4406.55 1424.67
4406.55 1424.67
4406.55 1424.67
4406.55 1424.67
4406.55 1424.67
4406.55 1424.67
4406.55 1424.67
4406.55 1424.67
4406.55 1424.67
4406.55 1424.67
4406.55 1424.67
4406.55 1424.67
4406.55 1424.67
4406.55 1424.67
4406.55 1424.67
4406.55 1424.67
4406.55 1424.67
4406.55 1424.67
4406.55 1424.67
4406.55 1424.67
4406.55 1424.67
4406.55 1424.67
4406.55 1424.67
4406.55 1424.67
4406.55 1424.67
4406.55 1424.67
4406.55 1424.67
4406.55 1424.67
4406.55 1424.67
4406.55 1424.67
4406.55 1424.67
4406.55 1424.67
4406.55 1424.67
4406.55 1424.67
4406.55 1424.67
4406.55 1424.67
4406.55 1424.67
4406.55 1424.67
4406.55 1424.67
4406.55 1424.67
4406.55 1424.67
4406.55 1424.67
4406.55 1424.67
4406.55 1424.67
4406.55 1424.67
4406.55 1424.67
4406.55 1424.67
4406.55 1424.67
4406.55 1424.67
4406.55 1424.67
4406.55 1424.67
4406.55 1424.67
4406.55 1424.67
4406.55 1424.67
4406.55 1424.67
4406.55 1424.67
4406.55 1424.67
4406.55 1424.67
4406.55 1424.67
4406.55 1424.67
4406.55 1424.67
4406.55 1424.67
4406.55 1424.67
4406.55 1424.67
4406.55 1424.67
4406.55 1424.67
4406.55 1424.67
4406.55 1424.67
4406.55 1424.67
4406.55 1424.67
4406.55 1424.67
4406.55 1424.67
4406.55 1424.67
4406.55 1424.67
4406.55 1424.67
4406.55 1424.67
4406.55 1424.67
4406.55 1424.67
4406.55 1424.67
4406.55 1424.67
4406.55 1424.67
4406.55 1424.67
4406.55 1424.67
4406.55 1424.67
4406.55 1424.67
4406.55 1424.67
4406.55 1424.67
4406.55 1424.67
4406.55 1424.67
4406.55 1424.67
4406.55 1424.67
4406.55 1424.67
4406.55 1424.67
4406.55 1424.67
4406.55 1424.67
4406.55 1424.67
4406.55 1424.67
4406.55 1424.67
4406.55 1424.67
4406.55 1424.67
4406.55 1424.67
4406.55 1424.67
4406.55 1424.67
4406.55 1424.67
4406.55 1424.67
4406.55 1424.67
4406.55 1424.67
4406.55 1424.67
4406.55 1424.67
4406.55 1424.67
4406.55 1424.67
4406.55 1424.67
4406.55 1424.67
4406.55 1424.67
4406.55 1424.67
4406.55 1424.67
4406.55 1424.67
4406.55 1424.67
4406.55 1424.67
4406.55 1424.67
4406.55 1424.67
4406.55 1424.67
4406.55 1424.67
4406.55 1424.67
4406.55 1424.67
4406.55 1424.67
4406.55 1424.67
4406.55 1424.67
4406.55 1424.67
4406.55 1424.67
4406.55 1424.67
4406.55 1424.67
4406.55 1424.67
4406.55 1424.67
4406.55 1424.67
4406.55 1424.67
4406.55 1424.67
4406.55 1424.67
4406.55 1424.67
4406.55 1424.67
4406.55 1424.67
4406.55 1424.67
4406.55 1424.67
4406.55 1424.67
4406.55 1424.67
4406.55 1424.67
4406.55 1424.67
4406.55 1424.67
4406.55 1424.67
4406.55 1424.67
4406.55 1424.67
4406.55 1424.67
4406.55 1424.67
4406.55 1424.67
4406.55 1424.67
4406.55 1424.67
4406.55 1424.67
4406.55 1424.67
4406.55 1424.67
4406.55 1424.67
4406.55 1424.67
4406.55 1424.67
4406.55 1424.67
4406.55 1424.67
4406.55 1424.67
4406.55 1424.67
4406.55 1424.67
4406.55 1424.67
4406.55 1424.67
4406.55 1424.67
4406.55 1424.67
4406.55 1424.67
4406.55 1424.67
4406.55 1424.67
4406.55 1424.67
4406.55 1424.67
4406.55 1424.67
4406.55 1424.67
4406.55 1424.67
4406.55 1424.67
4406.55 1424.67
4406.55 1424.67
4406.55 1424.67
4406.55 1424.67
4406.55 1424.67
4406.55 1424.67
4406.55 1424.67
4406.55 1424.67
4406.55 1424.67
4406.55 1424.67
4406.55 1424.67
4406.55 1424.67
4406.55 1424.67
4406.55 1424.67
4406.55 1424.67
4406.55 1424.67
4406.55 1424.67
4406.55 1424.67
4406.55 1424.67
4406.55 1424.67
4406.55 1424.67
4406.55 1424.67
4406.55 1424.67
4406.55 1424.67
4406.55 1424.67
4406.55 1424.67
4406.55 1424.67
4406.55 1424.67
4406.55 1424.67
4406.55 1424.67
4406.55 1424.67
4406.55 1424.67
4406.55 1424.67
4406.55 1424.67
4406.55 1424.67
4406.55 1424.67
4406.55 1424.67
4406.55 1424.67
4406.55 1424.67
4406.55 1424.67
4406.55 1424.67
4406.55 1424.67
4406.55 1424.67
4406.55 1424.67
4406.55 1424.67
4406.55 1424.67
4406.55 1424.67
4406.55 1424.67
4406.55 1424.67
4406.55 1424.67
4406.55 1424.67
4406.55 1424.67
4406.55 1424.67
4406.55 1424.67
4406.55 1424.67
4406.55 1424.67
4406.55 1424.67
4406.55 1424.67
4406.55 1424.67
4406.55 1424.67
4406.55 1424.67
4406.55 1424.67
4406.55 1424.67
4406.55 1424.67
4406.55 1424.67
4406.55 1424.67
4406.55 1424.67
4406.55 1424.67
4406.55 1424.67
4406.55 1424.67
4406.55 1424.67
4406.55 1424.67
4406.55 1424.67
4406.55 1424.67
4406.55 1424.67
4406.55 1424.67
4406.55 1424.67
4406.55 1424.67
4406.55 1424.67
4406.55 1424.67
4406.55 1424.67
4406.55 1424.67
4406.55 1424.67
4406.55 1424.67
4406.55 1424.67
4406.55 1424.67
4406.55 1424.67
4406.55 1424.67
4406.55 1424.67
4406.55 1424.67
4406.55 1424.67
4406.55 1424.67
4406.55 1424.67
4406.55 1424.67
4406.55 1424.67
4406.55 1424.67
4406.55 1424.67
4406.55 1424.67
4406.55 1424.67
4406.55 1424.67
4406.55 1424.67
4406.55 1424.67
4406.55 1424.67
4406.55 1424.67
4406.55 1424.67
4406.55 1424.67
4406.55 1424.67
4406.55 1424.67
4406.55 1424.67
4406.55 1424.67
4406.55 1424.67
4406.55 1424.67
4406.55 1424.67
4406.55 1424.67
4406.55 1424.67
4406.55 1424.67
4406.55 1424.67
4406.55 1424.67
4406.55 1424.67
4406.55 1424.67
4406.55 1424.67
4406.55 1424.67
4406.55 1424.67
4406.55 1424.67
4406.55 1424.67
4406.55 1424.67
4406.55 1424.67
4406.55 1424.67
4406.55 1424.67
4406.55 1424.67
4406.55 1424.67
4406.55 1424.67
4406.55 1424.67
4406.55 1424.67
4406.55 1424.67
4406.55 1424.67
4406.55 1424.67
4406.55 1424.67
4406.55 1424.67
4406.55 1424.67
4406.55 1424.67
4406.55 1424.67
4406.55 1424.67
4406.55 1424.67
4406.55 1424.67
4406.55 1424.67
4406.55 1424.67
4406.55 1424.67
4406.55 1424.67
4406.55 1424.67
4406.55 1424.67
4406.55 1424.67
4406.55 1424.67
4406.55 1424.67
4406.55 1424.67
4406.55 1424.67
4406.55 1424.67
4406.55 1424.67
4406.55 1424.67
4406.55 1424.67
4406.55 1424.67
4406.55 1424.67
4406.55 1424.67
4406.55 1424.67
4406.55 1424.67
4406.55 1424.67
4406.55 1424.67
4406.55 1424.67
4406.55 1424.67
4406.55 1424.67
4406.55 1424.67
4406.55 1424.67
4406.55 1424.67
4406.55 1424.67
4406.55 1424.67
4406.55 1424.67
4406.55 1424.67
4406.55 1424.67
4406.55 1424.67
4406.55 1424.67
4406.55 1424.67
4406.55 1424.67
4406.55 1424.67
4406.55 1424.67
4406.55 1424.67
4406.55 1424.67
4406.55 1424.67
4406.55 1424.67
4406.55 1424.67
4406.55 1424.67
4406.55 1424.67
4406.55 1424.67
4406.55 1424.67
4406.55 1424.67
4406.55 1424.67
4406.55 1424.67
4406.55 1424.67
4406.55 1424.67
4406.55 1424.67
4406.55 1424.67
4406.55 1424.67
4406.55 1424.67
4406.55 1424.67
4406.55 1424.67
4406.55 1424.67
4406.55 1424.67
4406.55 1424.67
4406.55 1424.67
4406.55 1424.67
4406.55 1424.67
4406.55 1424.67
4406.55 1424.67
4406.55 1424.67
4406.55 1424.67
4406.55 1424.67
4406.55 1424.67
4406.55 1424.67
4406.55 1424.67
4406.55 1424.67
4406.55 1424.67
4406.55 1424.67
4406.55 1424.67
4406.55 1424.67
4406.55 1424.67
4406.55 1424.67
4406.55 1424.67
4406.55 1424.67
4406.55 1424.67
4406.55 1424.67
4406.55 1424.67
4406.55 1424.67
4406.55 1424.67
4406.55 1424.67
4406.55 1424.67
4406.55 1424.67
4406.55 1424.67
4406.55 1424.67
4406.55 1424.67
4406.55 1424.67
4406.55 1424.67
4406.55 1424.67
4406.55 1424.67
4406.55 1424.67
4406.55 1424.67
4406.55 1424.67
4406.55 1424.67
4406.55 1424.67
4406.55 1424.67
4406.55 1424.67
4406.55 1424.67
4406.55 1424.67
4406.55 1424.67
4406.55 1424.67
4406.55 1424.67
4406.55 1424.67
4406.55 1424.67
4406.55 1424.67
4406.55 1424.67
4406.55 1424.67
4406.55 1424.67
4406.55 1424.67
4406.55 1424.67
4406.55 1424.67
4406.55 1424.67
4406.55 1424.67
4406.55 1424.67
4406.55 1424.67
4406.55 1424.67
4406.55 1424.67
4406.55 1424.67
4406.55 1424.67
4406.55 1424.67
4406.55 1424.67
4406.55 1424.67
4406.55 1424.67
4406.55 1424.67
4406.55 1424.67
4406.55 1424.67
4406.55 1424.67
4406.55 1424.67
4406.55 1424.67
4406.55 1424.67
4406.55 1424.67
4406.55 1424.67
4406.55 1424.67
4406.55 1424.67
4406.55 1424.67
4406.55 1424.67
4406.55 1424.67
4406.55 1424.67
4406.55 1424.67
4406.55 1424.67
4406.55 1424.67
4406.55 1424.67
4406.55 1424.67
4406.55 1424.67
4406.55 1424.67
4406.55 1424.67
4406.55 1424.67
4406.55 1424.67
4406.55 1424.67
4406.55 1424.67
4406.55 1424.67
4406.55 1424.67
4406.55 1424.67
4406.55 1424.67
4406.55 1424.67
4406.55 1424.67
4406.55 1424.67
4406.55 1424.67
4406.55 1424.67
4406.55 1424.67
4406.55 1424.67
4406.55 1424.67
4406.55 1424.67
4406.55 1424.67
4406.55 1424.67
4406.55 1424.67
4406.55 1424.67
4406.55 1424.67
4406.55 1424.67
4406.55 1424.67
4406.55 1424.67
4406.55 1424.67
4406.55 1424.67
4406.55 1424.67
4406.55 1424.67
4406.55 1424.67
4406.55 1424.67
4406.55 1424.67
4406.55 1424.67
4406.55 1424.67
4406.55 1424.67
4406.55 1424.67
4406.55 1424.67
4406.55 1424.67
4406.55 1424.67
4406.55 1424.67
4406.55 1424.67
4406.55 1424.67
4406.55 1424.67
4406.55 1424.67
4406.55 1424.67
4406.55 1424.67
4406.55 1424.67
4406.55 1424.67
4406.55 1424.67
4406.55 1424.67
4406.55 1424.67
4406.55 1424.67
4406.55 1424.67
4406.55 1424.67
4406.55 1424.67
4406.55 1424.67
4406.55 1424.67
4406.55 1424.67
4406.55 1424.67
4406.55 1424.67
4406.55 1424.67
4406.55 1424.67
4406.55 1424.67
4406.55 1424.67
4406.55 1424.67
4406.55 1424.67
4406.55 1424.67
4406.55 1424.67
4406.55 1424.67
4406.55 1424.67
4406.55 1424.67
4406.55 1424.67
4406.55 1424.67
4406.55 1424.67
4406.55 1424.67
4406.55 1424.67
4406.55 1424.67
4406.55 1424.67
4406.55 1424.67
4406.55 1424.67
4406.55 1424.67
4406.55 1424.67
4406.55 1424.67
4406.55 1424.67
4406.55 1424.67
4406.55 1424.67
4406.55 1424.67
4406.55 1424.67
4406.55 1424.67
4406.55 1424.67
4406.55 1424.67
4406.55 1424.67
4406.55 1424.67
4406.55 1424.67
4406.55 1424.67
4406.55 1424.67
4406.55 1424.67
4406.55 1424.67
4406.55 1424.67
4406.55 1424.67
4406.55 1424.67
4406.55 1424.67
4406.55 1424.67
4406.55 1424.67
4406.55 1424.67
4406.55 1424.67
4406.55 1424.67
4406.55 1424.67
4406.55 1424.67
4406.55 1424.67
4406.55 1424.67
4406.55 1424.67
4406.55 1424.67
4406.55 1424.67
4406.55 1424.67
4406.55 1424.67
4406.55 1424.67
4406.55 1424.67
4406.55 1424.67
4406.55 1424.67
4406.55 1424.67
4406.55 1424.67
4406.55 1424.67
4406.55 1424.67
4406.55 1424.67
4406.55 1424.67
4406.55 1424.67
4406.55 1424.67
4406.55 1424.67
4406.55 1424.67
4406.55 1424.67
4406.55 1424.67
4406.55 1424.67
4406.55 1424.67
4406.55 1424.67
4406.55 1424.67
4406.55 1424.67
4406.55 1424.67
4406.55 1424.67
4406.55 1424.67
4406.55 1424.67
4406.55 1424.67
4406.55 1424.67
4406.55 1424.67
4406.55 1424.67
4406.55 1424.67
4406.55 1424.67
4406.55 1424.67
4406.55 1424.67
4406.55 1424.67
4406.55 1424.67
4406.55 1424.67
4406.55 1424.67
4406.55 1424.67
4406.55 1424.67
4406.55 1424.67
4406.55 1424.67
4406.55 1424.67
4406.55 1424.67
4406.55 1424.67
4406.55 1424.67
4406.55 1424.67
4406.55 1424.67
4406.55 1424.67
4406.55 1424.67
4406.55 1424.67
4406.55 1424.67
4406.55 1424.67
4406.55 1424.67
4406.55 1424.67
4406.55 1424.67
4406.55 1424.67
4406.55 1424.67
4406.55 1424.67
4406.55 1424.67
4406.55 1424.67
4406.55 1424.67
4406.55 1424.67
4406.55 1424.67
4406.55 1424.67
4406.55 1424.67
4406.55 1424.67
4406.55 1424.67
4406.55 1424.67
4406.55 1424.67
4406.55 1424.67
4406.55 1424.67
4406.55 1424.67
4406.55 1424.67
4406.55 1424.67
4406.55 1424.67
4406.55 1424.67
4406.55 1424.67
4406.55 1424.67
4406.55 1424.67
4406.55 1424.67
4406.55 1424.67
4406.55 1424.67
4406.55 1424.67
4406.55 1424.67
4406.55 1424.67
4406.55 1424.67
4406.55 1424.67
4406.55 1424.67
4406.55 1424.67
4406.55 1424.67
4406.55 1424.67
4406.55 1424.67
4406.55 1424.67
4406.55 1424.67
4406.55 1424.67
4406.55 1424.67
4406.55 1424.67
4406.55 1424.67
4406.55 1424.67
4406.55 1424.67
4406.55 1424.67
4406.55 1424.67
4406.55 1424.67
4406.55 1424.67
4406.55 1424.67
4406.55 1424.67
4406.55 1424.67
4406.55 1424.67
4406.55 1424.67
4406.55 1424.67
4406.55 1424.67
4406.55 1424.67
4406.55 1424.67
4406.55 1424.67
4406.55 1424.67
4406.55 1424.67
4406.55 1424.67
4406.55 1424.67
4406.55 1424.67
4406.55 1424.67
4406.55 1424.67
4406.55 1424.67
4406.55 1424.67
4406.55 1424.67
4406.55 1424.67
4406.55 1424.67
4406.55 1424.67
4406.55 1424.67
4406.55 1424.67
4406.55 1424.67
4406.55 1424.67
4406.55 1424.67
4406.55 1424.67
4406.55 1424.67
4406.55 1424.67
4406.55 1424.67
4406.55 1424.67
4406.55 1424.67
4406.55 1424.67
4406.55 1424.67
4406.55 1424.67
4406.55 1424.67
4406.55 1424.67
4406.55 1424.67
4406.55 1424.67
4406.55 1424.67
4406.55 1424.67
4406.55 1424.67
4406.55 1424.67
4406.55 1424.67
4406.55 1424.67
4406.55 1424.67
4406.55 1424.67
4406.55 1424.67
4406.55 1424.67
4406.55 1424.67
4406.55 1424.67
4406.55 1424.67
4406.55 1424.67
4406.55 1424.67
4406.55 1424.67
4406.55 1424.67
4406.55 1424.67
4406.55 1424.67
4406.55 1424.67
4406.55 1424.67
4406.55 1424.67
4406.55 1424.67
4406.55 1424.67
4406.55 1424.67
4406.55 1424.67
4406.55 1424.67
4406.55 1424.67
4406.55 1424.67
4406.55 1424.67
4406.55 1424.67
4406.55 1424.67
4406.55 1424.67
4406.55 1424.67
4406.55 1424.67
4406.55 1424.67
4406.55 1424.67
4406.55 1424.67
4406.55 1424.67
4406.55 1424.67
4406.55 1424.67
4406.55 1424.67
4406.55 1424.67
4406.55 1424.67
4406.55 1424.67
4406.55 1424.67
4406.55 1424.67
4406.55 1424.67
4406.55 1424.67
4406.55 1424.67
4406.55 1424.67
4406.55 1424.67
4406.55 1424.67
4406.55 1424.67
4406.55 1424.67
4406.55 1424.67
4406.55 1424.67
4406.55 1424.67
4406.55 1424.67
4406.55 1424.67
4406.55 1424.67
4406.55 1424.67
4406.55 1424.67
4406.55 1424.67
4406.55 1424.67
4406.55 1424.67
4406.55 1424.67
4406.55 1424.67
4406.55 1424.67
4406.55 1424.67
4406.55 1424.67
4406.55 1424.67
4406.55 1424.67
4406.55 1424.67
4406.55 1424.67
4406.55 1424.67
4406.55 1424.67
4406.55 1424.67
4406.55 1424.67
4406.55 1424.67
4406.55 1424.67
4406.55 1424.67
4406.55 1424.67
4406.55 1424.67
4406.55 1424.67
4406.55 1424.67
4406.55 1424.67
4406.55 1424.67
4406.55 1424.67
4406.55 1424.67
4406.55 1424.67
4406.55 1424.67
4406.55 1424.67
4406.55 1424.67
4406.55 1424.67
4406.55 1424.67
4406.55 1424.67
4406.55 1424.67
4406.55 1424.67
4406.55 1424.67
4406.55 1424.67
4406.55 1424.67
4406.55 1424.67
4406.55 1424.67
4406.55 1424.67
4406.55 1424.67
4406.55 1424.67
4406.55 1424.67
4406.55 1424.67
4406.55 1424.67
4406.55 1424.67
4406.55 1424.67
4406.55 1424.67
4406.55 1424.67
4406.55 1424.67
4406.55 1424.67
4406.55 1424.67
4406.55 1424.67
4406.55 1424.67
4406.55 1424.67
4406.55 1424.67
4406.55 1424.67
4406.55 1424.67
4406.55 1424.67
4406.55 1424.67
4406.55 1424.67
4406.55 1424.67
4406.55 1424.67
4406.55 1424.67
4406.55 1424.67
4406.55 1424.67
4406.55 1424.67
4406.55 1424.67
4406.55 1424.67
4406.55 1424.67
4406.55 1424.67
4406.55 1424.67
4406.55 1424.67
4406.55 1424.67
4406.55 1424.67
4406.55 1424.67
4406.55 1424.67
4406.55 1424.67
4406.55 1424.67
4406.55 1424.67
4406.55 1424.67
4406.55 1424.67
4406.55 1424.67
4406.55 1424.67
4406.55 1424.67
4406.55 1424.67
4406.55 1424.67
4406.55 1424.67
4406.55 1424.67
4406.55 1424.67
4406.55 1424.67
4406.55 1424.67
4406.55 1424.67
4406.55 1424.67
4406.55 1424.67
4406.55 1424.67
4406.55 1424.67
4406.55 1424.67
4406.55 1424.67
4406.55 1424.67
4406.55 1424.67
4406.55 1424.67
4406.55 1424.67
4406.55 1424.67
4406.55 1424.67
4406.55 1424.67
4406.55 1424.67
4406.55 1424.67
4406.55 1424.67
4406.55 1424.67
4406.55 1424.67
4406.55 1424.67
4406.55 1424.67
4406.55 1424.67
4406.55 1424.67
4406.55 1424.67
4406.55 1424.67
4406.55 1424.67
4406.55 1424.67
4406.55 1424.67
4406.55 1424.67
4406.55 1424.67
4406.55 1424.67
4406.55 1424.67
4406.55 1424.67
4406.55 1424.67
4406.55 1424.67
4406.55 1424.67
4406.55 1424.67
4406.55 1424.67
4406.55 1424.67
4406.55 1424.67
4406.55 1424.67
4406.55 1424.67
4406.55 1424.67
4406.55 1424.67
4406.55 1424.67
4406.55 1424.67
4406.55 1424.67
4406.55 1424.67
4406.55 1424.67
4406.55 1424.67
4406.55 1424.67
4406.55 1424.67
4406.55 1424.67
4406.55 1424.67
4406.55 1424.67
4406.55 1424.67
4406.55 1424.67
4406.55 1424.67
4406.55 1424.67
4406.55 1424.67
4406.55 1424.67
4406.55 1424.67
4406.55 1424.67
4406.55 1424.67
4406.55 1424.67
4406.55 1424.67
4406.55 1424.67
4406.55 1424.67
4406.55 1424.67
4406.55 1424.67
4406.55 1424.67
4406.55 1424.67
4406.55 1424.67
4406.55 1424.67
4406.55 1424.67
4406.55 1424.67
4406.55 1424.67
4406.55 1424.67
4406.55 1424.67
4406.55 1424.67
4406.55 1424.67
4406.55 1424.67
4406.55 1424.67
4406.55 1424.67
4406.55 1424.67
4406.55 1424.67
4406.55 1424.67
4406.55 1424.67
4406.55 1424.67
4406.55 1424.67
4406.55 1424.67
4406.55 1424.67
4406.55 1424.67
4406.55 1424.67
4406.55 1424.67
4406.55 1424.67
4406.55 1424.67
4406.55 1424.67
4406.55 1424.67
4406.55 1424.67
4406.55 1424.67
4406.55 1424.67
4406.55 1424.67
4406.55 1424.67
4406.55 1424.67
4406.55 1424.67
4406.55 1424.67
4406.55 1424.67
4406.55 1424.67
4406.55 1424.67
4406.55 1424.67
4406.55 1424.67
4406.55 1424.67
4406.55 1424.67
4406.55 1424.67
4406.55 1424.67
4406.55 1424.67
4406.55 1424.67
4406.55 1424.67
4406.55 1424.67
4406.55 1424.67
4406.55 1424.67
4406.55 1424.67
4406.55 1424.67
4406.55 1424.67
4406.55 1424.67
4406.55 1424.67
4406.55 1424.67
4406.55 1424.67
4406.55 1424.67
4406.55 1424.67
4406.55 1424.67
4406.55 1424.67
4406.55 1424.67
4406.55 1424.67
4406.55 1424.67
4406.55 1424.67
4406.55 1424.67
4406.55 1424.67
4406.55 1424.67
4406.55 1424.67
4406.55 1424.67
4406.55 1424.67
4406.55 1424.67
4406.55 1424.67
4406.55 1424.67
4406.55 1424.67
4406.55 1424.67
4406.55 1424.67
4406.55 1424.67
4406.55 1424.67
4406.55 1424.67
4406.55 1424.67
4406.55 1424.67
4406.55 1424.67
4406.55 1424.67
4406.55 1424.67
4406.55 1424.67
4406.55 1424.67
4406.55 1424.67
4406.55 1424.67
4406.55 1424.67
4406.55 1424.67
4406.55 1424.67
4406.55 1424.67
4406.55 1424.67
4406.55 1424.67
4406.55 1424.67
4406.55 1424.67
4406.55 1424.67
4406.55 1424.67
4406.55 1424.67
4406.55 1424.67
4406.55 1424.67
4406.55 1424.67
4406.55 1424.67
4406.55 1424.67
4406.55 1424.67
4406.55 1424.67
4406.55 1424.67
4406.55 1424.67
4406.55 1424.67
4406.55 1424.67
4406.55 1424.67
4406.55 1424.67
4406.55 1424.67
4406.55 1424.67
4406.55 1424.67
4406.55 1424.67
4406.55 1424.67
4406.55 1424.67
4406.55 1424.67
4406.55 1424.67
4406.55 1424.67
4406.55 1424.67
4406.55 1424.67
4406.55 1424.67
4406.55 1424.67
4406.55 1424.67
4406.55 1424.67
4406.55 1424.67
4406.55 1424.67
4406.55 1424.67
4406.55 1424.67
4406.55 1424.67
4406.55 1424.67
4406.55 1424.67
4406.55 1424.67
4406.55 1424.67
4406.55 1424.67
4406.55 1424.67
4406.55 1424.67
4406.55 1424.67
4406.55 1424.67
4406.55 1424.67
4406.55 1424.67
4406.55 1424.67
4406.55 1424.67
4406.55 1424.67
4406.55 1424.67
4406.55 1424.67
4406.55 1424.67
4406.55 1424.67
4406.55 1424.67
4406.55 1424.67
4406.55 1424.67
4406.55 1424.67
4406.55 1424.67
4406.55 1424.67
4406.55 1424.67
4406.55 1424.67
4406.55 1424.67
4406.55 1424.67
4406.55 1424.67
4406.55 1424.67
4406.55 1424.67
4406.55 1424.67
4406.55 1424.67
4406.55 1424.67
4406.55 1424.67
4406.55 1424.67
4406.55 1424.67
4406.55 1424.67
4406.55 1424.67
4406.55 1424.67
4406.55 1424.67
4406.55 1424.67
4406.55 1424.67
4406.55 1424.67
4406.55 1424.67
4406.55 1424.67
4406.55 1424.67
4406.55 1424.67
4406.55 1424.67
4406.55 1424.67
4406.55 1424.67
4406.55 1424.67
4406.55 1424.67
4406.55 1424.67
4406.55 1424.67
4406.55 1424.67
4406.55 1424.67
4406.55 1424.67
4406.55 1424.67
4406.55 1424.67
4406.55 1424.67
4406.55 1424.67
4406.55 1424.67
4406.55 1424.67
4406.55 1424.67
4406.55 1424.67
4406.55 1424.67
4406.55 1424.67
4406.55 1424.67
4406.55 1424.67
4406.55 1424.67
4406.55 1424.67
4406.55 1424.67
4406.55 1424.67
4406.55 1424.67
4406.55 1424.67
4406.55 1424.67
4406.55 1424.67
4406.55 1424.67
4406.55 1424.67
4406.55 1424.67
4406.55 1424.67
4406.55 1424.67
4406.55 1424.67
4406.55 1424.67
4406.55 1424.67
4406.55 1424.67
4406.55 1424.67
4406.55 1424.67
4406.55 1424.67
4406.55 1424.67
4406.55 1424.67
4406.55 1424.67
4406.55 1424.67
4406.55 1424.67
4406.55 1424.67
4406.55 1424.67
4406.55 1424.67
4406.55 1424.67
4406.55 1424.67
4406.55 1424.67
4406.55 1424.67
4406.55 1424.67
4406.55 1424.67
4406.55 1424.67
4406.55 1424.67
4406.55 1424.67
4406.55 1424.67
4406.55 1424.67
4406.55 1424.67
4406.55 1424.67
4406.55 1424.67
4406.55 1424.67
4406.55 1424.67
4406.55 1424.67
4406.55 1424.67
4406.55 1424.67
4406.55 1424.67
4406.55 1424.67
4406.55 1424.67
4406.55 1424.67
4406.55 1424.67
4406.55 1424.67
4406.55 1424.67
4406.55 1424.67
4406.55 1424.67
4406.55 1424.67
4406.55 1424.67
4406.55 1424.67
4406.55 1424.67
4406.55 1424.67
4406.55 1424.67
4406.55 1424.67
4406.55 1424.67
4406.55 1424.67
4406.55 1424.67
4406.55 1424.67
4406.55 1424.67
4406.55 1424.67
4406.55 1424.67
4406.55 1424.67
4406.55 1424.67
4406.55 1424.67
4406.55 1424.67
4406.55 1424.67
4406.55 1424.67
4406.55 1424.67
4406.55 1424.67
4406.55 1424.67
4406.55 1424.67
4406.55 1424.67
4406.55 1424.67
4406.55 1424.67
4406.55 1424.67
4406.55 1424.67
4406.55 1424.67
4406.55 1424.67
4406.55 1424.67
4406.55 1424.67
4406.55 1424.67
4406.55 1424.67
4406.55 1424.67
4406.55 1424.67
4406.55 1424.67
4406.55 1424.67
4406.55 1424.67
4406.55 1424.67
4406.55 1424.67
4406.55 1424.67
4406.55 1424.67
4406.55 1424.67
4406.55 1424.67
4406.55 1424.67
4406.55 1424.67
4406.55 1424.67
4406.55 1424.67
4406.55 1424.67
4406.55 1424.67
4406.55 1424.67
4406.55 1424.67
4406.55 1424.67
4406.55 1424.67
4406.55 1424.67
4406.55 1424.67
4406.55 1424.67
4406.55 1424.67
4406.55 1424.67
4406.55 1424.67
4406.55 1424.67
4406.55 1424.67
4406.55 1424.67
4406.55 1424.67
4406.55 1424.67
4406.55 1424.67
4406.55 1424.67
4406.55 1424.67
4406.55 1424.67
4406.55 1424.67
4406.55 1424.67
4406.55 1424.67
4406.55 1424.67
4406.55 1424.67
4406.55 1424.67
4406.55 1424.67
4406.55 1424.67
4406.55 1424.67
4406.55 1424.67
4406.55 1424.67
4406.55 1424.67
4406.55 1424.67
4406.55 1424.67
4406.55 1424.67
4406.55 1424.67
4406.55 1424.67
4406.55 1424.67
4406.55 1424.67
4406.55 1424.67
4406.55 1424.67
4406.55 1424.67
4406.55 1424.67
4406.55 1424.67
4406.55 1424.67
4406.55 1424.67
4406.55 1424.67
4406.55 1424.67
4406.55 1424.67
4406.55 1424.67
4406.55 1424.67
4406.55 1424.67
4406.55 1424.67
4406.55 1424.67
4406.55 1424.67
4406.55 1424.67
4406.55 1424.67
4406.55 1424.67
4406.55 1424.67
4406.55 1424.67
4406.55 1424.67
4406.55 1424.67
4406.55 1424.67
4406.55 1424.67
4406.55 1424.67
4406.55 1424.67
4406.55 1424.67
4406.55 1424.67
4406.55 1424.67
4406.55 1424.67
4406.55 1424.67
4406.55 1424.67
4406.55 1424.67
4406.55 1424.67
4406.55 1424.67
4406.55 1424.67
4406.55 1424.67
4406.55 1424.67
4406.55 1424.67
4406.55 1424.67
4406.55 1424.67
4406.55 1424.67
4406.55 1424.67
4406.55 1424.67
4406.55 1424.67
4406.55 1424.67
4406.55 1424.67
4406.55 1424.67
4406.55 1424.67
4406.55 1424.67
4406.55 1424.67
4406.55 1424.67
4406.55 1424.67
4406.55 1424.67
4406.55 1424.67
4406.55 1424.67
4406.55 1424.67
4406.55 1424.67
4406.55 1424.67
4406.55 1424.67
4406.55 1424.67
4406.55 1424.67
4406.55 1424.67
4406.55 1424.67
4406.55 1424.67
4406.55 1424.67
4406.55 1424.67
4406.55 1424.67
4406.55 1424.67
4406.55 1424.67
4406.55 1424.67
4406.55 1424.67
4406.55 1424.67
4406.55 1424.67
4406.55 1424.67
4406.55 1424.67
4406.55 1424.67
4406.55 1424.67
4406.55 1424.67
4406.55 1424.67
4406.55 1424.67
4406.55 1424.67
4406.55 1424.67
4406.55 1424.67
4406.55 1424.67
4406.55 1424.67
4406.55 1424.67
4406.55 1424.67
4406.55 1424.67
4406.55 1424.67
4406.55 1424.67
4406.55 1424.67
4406.55 1424.67
4406.55 1424.67
4406.55 1424.67
4406.55 1424.67
4406.55 1424.67
4406.55 1424.67
4406.55 1424.67
4406.55 1424.67
4406.55 1424.67
4406.55 1424.67
4406.55 1424.67
4406.55 1424.67
4406.55 1424.67
4406.55 1424.67
4406.55 1424.67
4406.55 1424.67
4406.55 1424.67
4406.55 1424.67
4406.55 1424.67
4406.55 1424.67
4406.55 1424.67
4406.55 1424.67
4406.55 1424.67
4406.55 1424.67
4406.55 1424.67
4406.55 1424.67
4406.55 1424.67
4406.55 1424.67
4406.55 1424.67
4406.55 1424.67
4406.55 1424.67
4406.55 1424.67
4406.55 1424.67
4406.55 1424.67
4406.55 1424.67
4406.55 1424.67
4406.55 1424.67
4406.55 1424.67
4406.55 1424.67
4406.55 1424.67
4406.55 1424.67
4406.55 1424.67
4406.55 1424.67
4406.55 1424.67
4406.55 1424.67
4406.55 1424.67
4406.55 1424.67
4406.55 1424.67
4406.55 1424.67
4406.55 1424.67
4406.55 1424.67
4406.55 1424.67
4406.55 1424.67
4406.55 1424.67
4406.55 1424.67
4406.55 1424.67
4406.55 1424.67
4406.55 1424.67
4406.55 1424.67
4406.55 1424.67
4406.55 1424.67
4406.55 1424.67
4406.55 1424.67
4406.55 1424.67
4406.55 1424.67
4406.55 1424.67
4406.55 1424.67
4406.55 1424.67
4406.55 1424.67
4406.55 1424.67
4406.55 1424.67
4406.55 1424.67
4406.55 1424.67
4406.55 1424.67
4406.55 1424.67
4406.55 1424.67
4406.55 1424.67
4406.55 1424.67
4406.55 1424.67
4406.55 1424.67
4406.55 1424.67
4406.55 1424.67
4406.55 1424.67
4406.55 1424.67
4406.55 1424.67
4406.55 1424.67
4406.55 1424.67
4406.55 1424.67
4406.55 1424.67
4406.55 1424.67
4406.55 1424.67
4406.55 1424.67
4406.55 1424.67
4406.55 1424.67
4406.55 1424.67
4406.55 1424.67
4406.55 1424.67
4406.55 1424.67
4406.55 1424.67
4406.55 1424.67
4406.55 1424.67
4406.55 1424.67
4406.55 1424.67
4406.55 1424.67
4406.55 1424.67
4406.55 1424.67
4406.55 1424.67
4406.55 1424.67
4406.55 1424.67
4406.55 1424.67
4406.55 1424.67
4406.55 1424.67
4406.55 1424.67
4406.55 1424.67
4406.55 1424.67
4406.55 1424.67
4406.55 1424.67
4406.55 1424.67
4406.55 1424.67
4406.55 1424.67
4406.55 1424.67
4406.55 1424.67
4406.55 1424.67
4406.55 1424.67
4406.55 1424.67
4406.55 1424.67
4406.55 1424.67
4406.55 1424.67
4406.55 1424.67
4406.55 1424.67
4406.55 1424.67
4406.55 1424.67
4406.55 1424.67
4406.55 1424.67
4406.55 1424.67
4406.55 1424.67
4406.55 1424.67
4406.55 1424.67
4406.55 1424.67
4406.55 1424.67
4406.55 1424.67
4406.55 1424.67
4406.55 1424.67
4406.55 1424.67
4406.55 1424.67
4406.55 1424.67
4406.55 1424.67
4406.55 1424.67
4406.55 1424.67
4406.55 1424.67
4406.55 1424.67
4406.55 1424.67
4406.55 1424.67
4406.55 1424.67
4406.55 1424.67
4406.55 1424.67
4406.55 1424.67
4406.55 1424.67
4406.55 1424.67
4406.55 1424.67
4406.55 1424.67
4406.55 1424.67
4406.55 1424.67
4406.55 1424.67
4406.55 1424.67
4406.55 1424.67
4406.55 1424.67
4406.55 1424.67
4406.55 1424.67
4406.55 1424.67
4406.55 1424.67
4406.55 1424.67
4406.55 1424.67
4406.55 1424.67
4406.55 1424.67
4406.55 1424.67
4406.55 1424.67
4406.55 1424.67
4406.55 1424.67
4406.55 1424.67
4406.55 1424.67
4406.55 1424.67
4406.55 1424.67
4406.55 1424.67
4406.55 1424.67
4406.55 1424.67
4406.55 1424.67
4406.55 1424.67
4406.55 1424.67
4406.55 1424.67
4406.55 1424.67
4406.55 1424.67
4406.55 1424.67
4406.55 1424.67
4406.55 1424.67
4406.55 1424.67
4406.55 1424.67
4406.55 1424.67
4406.55 1424.67
4406.55 1424.67
4406.55 1424.67
4406.55 1424.67
4406.55 1424.67
4406.55 1424.67
4406.55 1424.67
4406.55 1424.67
4406.55 1424.67
4406.55 1424.67
4406.55 1424.67
4406.55 1424.67
4406.55 1424.67
4406.55 1424.67
4406.55 1424.67
4406.55 1424.67
4406.55 1424.67
4406.55 1424.67
4406.55 1424.67
4406.55 1424.67
4406.55 1424.67
4406.55 1424.67
4406.55 1424.67
4406.55 1424.67
4406.55 1424.67
4406.55 1424.67
4406.55 1424.67
4406.55 1424.67
4406.55 1424.67
4406.55 1424.67
4406.55 1424.67
4406.55 1424.67
4406.55 1424.67
4406.55 1424.67
4406.55 1424.67
4406.55 1424.67
4406.55 1424.67
4406.55 1424.67
4406.55 1424.67
4406.55 1424.67
4406.55 1424.67
4406.55 1424.67
4406.55 1424.67
4406.55 1424.67
4406.55 1424.67
4406.55 1424.67
4406.55 1424.67
4406.55 1424.67
4406.55 1424.67
4406.55 1424.67
4406.55 1424.67
4406.55 1424.67
4406.55 1424.67
4406.55 1424.67
4406.55 1424.67
4406.55 1424.67
4406.55 1424.67
4406.55 1424.67
4406.55 1424.67
4406.55 1424.67
4406.55 1424.67
4406.55 1424.67
4406.55 1424.67
4406.55 1424.67
4406.55 1424.67
4406.55 1424.67
4406.55 1424.67
4406.55 1424.67
4406.55 1424.67
4406.55 1424.67
4406.55 1424.67
4406.55 1424.67
4406.55 1424.67
4406.55 1424.67
4406.55 1424.67
4406.55 1424.67
4406.55 1424.67
4406.55 1424.67
4406.55 1424.67
4406.55 1424.67
4406.55 1424.67
4406.55 1424.67
4406.55 1424.67
4406.55 1424.67
4406.55 1424.67
4406.55 1424.67
4406.55 1424.67
4406.55 1424.67
4406.55 1424.67
4406.55 1424.67
4406.55 1424.67
4406.55 1424.67
4406.55 1424.67
4406.55 1424.67
4406.55 1424.67
4406.55 1424.67
4406.55 1424.67
4406.55 1424.67
4406.55 1424.67
4406.55 1424.67
4406.55 1424.67
4406.55 1424.67
4406.55 1424.67
4406.55 1424.67
4406.55 1424.67
4406.55 1424.67
4406.55 1424.67
4406.55 1424.67
4406.55 1424.67
4406.55 1424.67
4406.55 1424.67
4406.55 1424.67
4406.55 1424.67
4406.55 1424.67
4406.55 1424.67
4406.55 1424.67
4406.55 1424.67
4406.55 1424.67
4406.55 1424.67
4406.55 1424.67
4406.55 1424.67
4406.55 1424.67
4406.55 1424.67
4406.55 1424.67
4406.55 1424.67
4406.55 1424.67
4406.55 1424.67
4406.55 1424.67
4406.55 1424.67
4406.55 1424.67
4406.55 1424.67
4406.55 1424.67
4406.55 1424.67
4406.55 1424.67
4406.55 1424.67
4406.55 1424.67
4406.55 1424.67
4406.55 1424.67
4406.55 1424.67
4406.55 1424.67
4406.55 1424.67
4406.55 1424.67
4406.55 1424.67
4406.55 1424.67
4406.55 1424.67
4406.55 1424.67
4406.55 1424.67
4406.55 1424.67
4406.55 1424.67
4406.55 1424.67
4406.55 1424.67
4406.55 1424.67
4406.55 1424.67
4406.55 1424.67
4406.55 1424.67
4406.55 1424.67
4406.55 1424.67
4406.55 1424.67
4406.55 1424.67
4406.55 1424.67
4406.55 1424.67
4406.55 1424.67
4406.55 1424.67
4406.55 1424.67
4406.55 1424.67
4406.55 1424.67
4406.55 1424.67
4406.55 1424.67
4406.55 1424.67
4406.55 1424.67
4406.55 1424.67
4406.55 1424.67
4406.55 1424.67
4406.55 1424.67
4406.55 1424.67
4406.55 1424.67
4406.55 1424.67
4406.55 1424.67
4406.55 1424.67
4406.55 1424.67
4406.55 1424.67
4406.55 1424.67
4406.55 1424.67
4406.55 1424.67
4406.55 1424.67
4406.55 1424.67
4406.55 1424.67
4406.55 1424.67
4406.55 1424.67
4406.55 1424.67
4406.55 1424.67
4406.55 1424.67
4406.55 1424.67
4406.55 1424.67
4406.55 1424.67
4406.55 1424.67
4406.55 1424.67
4406.55 1424.67
4406.55 1424.67
4406.55 1424.67
4406.55 1424.67
4406.55 1424.67
4406.55 1424.67
4406.55 1424.67
4406.55 1424.67
4406.55 1424.67
4406.55 1424.67
4406.55 1424.67
4406.55 1424.67
4406.55 1424.67
4406.55 1424.67
4406.55 1424.67
4406.55 1424.67
4406.55 1424.67
4406.55 1424.67
4406.55 1424.67
4406.55 1424.67
4406.55 1424.67
4406.55 1424.67
4406.55 1424.67
4406.55 1424.67
4406.55 1424.67
4406.55 1424.67
4406.55 1424.67
4406.55 1424.67
4406.55 1424.67
4406.55 1424.67
4406.55 1424.67
4406.55 1424.67
4406.55 1424.67
4406.55 1424.67
4406.55 1424.67
4406.55 1424.67
4406.55 1424.67
4406.55 1424.67
4406.55 1424.67
4406.55 1424.67
4406.55 1424.67
4406.55 1424.67
4406.55 1424.67
4406.55 1424.67
4406.55 1424.67
4406.55 1424.67
