6533.17 3895.03
6533.03 3895.03
6532.75 3895.03
6532.34 3895.03
6531.78 3895.04
6531.12 3895.04
6530.32 3895.04
6529.37 3895.05
6528.28 3895.06
6527.06 3895.06
6525.69 3895.07
6524.22 3895.08
6522.61 3895.09
6520.86 3895.10
6518.98 3895.11
6516.96 3895.12
6514.79 3895.13
6512.45 3895.14
6509.97 3895.16
6507.37 3895.17
6504.61 3895.19
6501.74 3895.20
6498.73 3895.22
6495.56 3895.24
6492.25 3895.25
6488.85 3895.27
6485.41 3895.29
6481.95 3895.31
6478.47 3895.33
6474.96 3895.35
6471.43 3895.37
6467.93 3895.39
6464.44 3895.41
6460.97 3895.48
6457.51 3895.60
6454.06 3895.79
6450.57 3896.04
6447.08 3896.30
6443.64 3896.55
6440.17 3896.80
6436.96 3897.05
6433.50 3897.31
6430.03 3897.56
6426.59 3897.81
6423.09 3898.07
6419.65 3898.26
6416.17 3898.45
6412.66 3898.49
6409.17 3898.43
6405.67 3898.32
6402.19 3898.20
6398.71 3898.07
6395.21 3897.95
6391.73 3897.83
6388.24 3897.70
6384.74 3897.58
6381.29 3897.45
6377.85 3897.09
6374.41 3896.72
6370.93 3896.34
6367.48 3895.93
6364.07 3895.53
6360.62 3895.12
6357.18 3894.71
6353.78 3894.21
6350.36 3893.54
6346.98 3892.80
6343.61 3892.01
6340.22 3891.21
6336.84 3890.41
6333.65 3889.42
6329.14 3887.96
6325.87 3886.82
6322.55 3885.67
6319.26 3884.53
6315.97 3883.39
6312.64 3882.30
6309.34 3881.22
6306.02 3880.20
6302.64 3879.23
6299.31 3878.32
6295.93 3877.42
6292.58 3876.52
6289.19 3875.61
6285.79 3874.69
6282.41 3873.79
6279.02 3872.88
6275.65 3871.97
6272.25 3871.06
6268.89 3870.16
6265.50 3869.25
6262.11 3868.34
6258.75 3867.44
6255.36 3866.53
6251.96 3865.62
6248.60 3864.72
6245.22 3863.81
6241.85 3862.91
6238.51 3862.01
6235.15 3861.11
6231.84 3860.14
6228.55 3859.16
6225.23 3858.15
6221.87 3857.11
6218.52 3856.08
6215.17 3855.05
6211.88 3854.04
6208.57 3853.02
6205.27 3852.00
6201.93 3850.97
6198.58 3849.94
6195.25 3848.91
6191.90 3847.88
6188.61 3846.87
6185.31 3845.85
6181.97 3844.82
6178.67 3843.81
6175.37 3842.79
6172.06 3841.77
6168.84 3840.55
6165.63 3839.15
6162.46 3837.78
6159.25 3836.38
6156.09 3835.00
6152.91 3833.62
6149.80 3832.06
6146.75 3830.46
6143.71 3828.86
6140.67 3827.26
6137.64 3825.66
6134.39 3824.44
6131.06 3823.38
6127.73 3822.32
6124.44 3821.27
6121.12 3820.21
6117.81 3819.16
6114.46 3818.10
6111.09 3817.34
6107.60 3816.97
6104.18 3816.60
6100.70 3816.23
6097.20 3816.13
6093.74 3816.26
6090.29 3816.39
6086.82 3816.52
6083.31 3816.65
6079.86 3816.95
6076.44 3817.65
6073.10 3818.33
6070.03 3818.96
6067.22 3819.53
6064.67 3820.17
6062.43 3820.91
6060.40 3821.59
6058.63 3822.17
6057.09 3822.68
6055.80 3823.11
6054.76 3823.35
6053.67 3823.41
6052.57 3823.46
6051.54 3823.17
6050.57 3822.77
6049.61 3822.37
6048.68 3821.84
6047.85 3821.18
6047.00 3820.52
6046.18 3819.87
6045.35 3819.18
6044.63 3818.40
6043.91 3817.60
6043.20 3816.84
6042.50 3816.07
6041.77 3815.27
6041.08 3814.46
6040.33 3813.54
6039.50 3812.53
6038.33 3811.65
6037.00 3810.81
6035.58 3809.92
6034.07 3808.98
6032.43 3807.96
6030.67 3806.85
6028.80 3805.68
6026.80 3804.42
6024.94 3802.81
6023.02 3801.09
6021.00 3799.27
6018.86 3797.36
6016.66 3795.38
6014.66 3793.09
6013.08 3790.34
6011.44 3787.46
6009.81 3784.62
6008.16 3782.13
6006.38 3780.08
6004.79 3778.25
6003.37 3776.62
6002.14 3775.20
6001.09 3773.99
6000.01 3772.99
5998.74 3772.16
5997.35 3771.70
5995.91 3771.34
5994.49 3770.90
5993.03 3770.35
5991.48 3769.74
5989.80 3769.07
5987.90 3768.97
5985.87 3768.92
5983.72 3768.87
5981.46 3768.81
5979.04 3768.75
5976.52 3768.99
5973.94 3769.59
5971.25 3770.22
5968.48 3770.95
5965.62 3771.84
5962.65 3772.76
5959.55 3773.72
5956.37 3774.89
5953.08 3776.10
5949.72 3777.34
5946.35 3778.58
5943.06 3779.80
5939.75 3781.03
5936.40 3782.28
5933.11 3783.50
5929.74 3784.64
5926.35 3785.72
5923.07 3786.97
5919.88 3788.47
5916.66 3789.99
5913.42 3791.53
5910.33 3793.04
5907.47 3794.45
5904.87 3795.73
5902.52 3796.88
5900.43 3798.02
5898.63 3799.07
5897.59 3800.42
5897.75 3801.92
5898.01 3803.12
5898.21 3804.04
5898.35 3804.68
5898.21 3805.04
5898.07 3805.40
5897.94 3805.73
5897.80 3806.04
5897.50 3806.28
5897.21 3806.51
5896.85 3806.51
5896.49 3806.42
5896.15 3806.26
5895.88 3805.99
5895.62 3805.74
5895.35 3805.48
5895.19 3805.16
5895.08 3804.68
5894.95 3804.09
5894.79 3803.35
5894.61 3802.53
5894.42 3801.58
5894.40 3800.50
5894.37 3799.29
5895.05 3798.18
5895.89 3796.97
5897.27 3796.16
5898.76 3795.28
5900.40 3794.35
5902.17 3793.48
5904.04 3792.56
5906.04 3791.58
5908.14 3790.55
5910.34 3789.47
5912.63 3788.35
5915.06 3787.21
5917.60 3786.01
5920.26 3784.76
5923.03 3783.45
5926.03 3782.47
5929.13 3781.48
5932.28 3780.40
5935.50 3779.21
5938.64 3778.03
5941.80 3776.86
5944.98 3775.68
5948.19 3774.50
5951.37 3773.32
5954.55 3772.15
5957.77 3770.97
5960.97 3769.93
5964.20 3768.92
5967.44 3767.92
5970.71 3767.06
5973.99 3766.29
5977.27 3765.52
5980.67 3765.58
5983.82 3765.66
5986.69 3765.74
5989.30 3765.80
5991.59 3766.34
5993.59 3767.13
5995.33 3767.83
5996.91 3768.34
5998.47 3768.82
6000.04 3769.27
6001.48 3770.00
6002.68 3771.10
6003.85 3772.28
6005.02 3773.63
6006.25 3775.04
6007.54 3776.53
6008.89 3778.08
6010.33 3779.74
6011.77 3781.59
6013.02 3783.77
6014.31 3786.03
6015.66 3788.39
6017.07 3790.86
6018.90 3793.10
6021.16 3795.12
6023.49 3797.21
6025.92 3799.39
6028.25 3801.48
6030.70 3803.09
6032.98 3804.52
6035.02 3805.80
6036.87 3806.96
6038.49 3807.98
6039.93 3808.88
6041.13 3809.63
6041.95 3810.49
6042.58 3811.25
6043.05 3811.83
6043.41 3812.27
6043.60 3812.50
6043.76 3812.69
6043.92 3812.89
6044.09 3813.10
6044.11 3813.13
6044.12 3813.13
6044.12 3813.13
6044.12 3813.13
6044.12 3813.13
6044.22 3813.25
6044.45 3813.49
6044.75 3813.80
6045.16 3814.22
6045.64 3814.72
6046.23 3815.33
6046.88 3815.82
6047.57 3816.27
6048.27 3816.72
6049.05 3817.08
6049.85 3817.28
6050.67 3817.49
6051.49 3817.47
6052.32 3817.36
6053.11 3817.26
6053.92 3817.00
6054.89 3816.74
6055.99 3816.51
6057.20 3816.30
6058.54 3816.12
6060.00 3815.90
6061.61 3815.63
6063.34 3815.32
6065.34 3815.05
6067.27 3814.91
6069.33 3814.74
6071.50 3814.55
6073.76 3814.34
6076.11 3813.86
6078.58 3813.29
6081.27 3812.76
6083.99 3812.47
6086.81 3812.11
6089.71 3811.75
6091.91 3811.42
6095.05 3811.05
6098.31 3810.68
6101.60 3810.64
6105.07 3810.76
6108.50 3810.94
6112.00 3811.19
6115.36 3811.73
6118.71 3812.73
6122.03 3813.79
6125.35 3814.84
6128.68 3815.90
6131.97 3816.95
6135.26 3818.00
6138.59 3819.06
6141.71 3820.57
6144.76 3822.18
6147.85 3823.80
6150.95 3825.43
6154.02 3827.06
6157.16 3828.49
6160.34 3829.87
6163.52 3831.26
6166.68 3832.63
6169.84 3834.01
6173.01 3835.36
6176.32 3836.39
6179.65 3837.41
6182.96 3838.43
6186.26 3839.45
6189.58 3840.47
6192.89 3841.49
6196.21 3842.51
6199.53 3843.53
6202.82 3844.55
6206.16 3845.58
6209.51 3846.61
6212.85 3847.64
6216.16 3848.66
6219.47 3849.68
6222.78 3850.69
6226.08 3851.71
6229.42 3852.74
6232.77 3853.74
6236.07 3854.72
6239.46 3855.64
6242.81 3856.54
6246.18 3857.44
6249.54 3858.34
6252.90 3859.24
6256.24 3860.14
6259.59 3861.04
6262.92 3861.93
6266.28 3862.83
6269.65 3863.74
6273.02 3864.64
6276.41 3865.55
6279.73 3866.44
6283.06 3867.33
6286.45 3868.24
6289.81 3869.15
6293.19 3870.05
6296.57 3870.96
6299.93 3871.86
6303.31 3872.77
6306.64 3873.66
6310.02 3874.57
6313.40 3875.47
6316.74 3876.37
6320.09 3877.27
6323.43 3878.16
6326.79 3879.06
6330.18 3879.97
6333.52 3880.87
6336.88 3881.77
6340.31 3882.39
6343.79 3882.95
6347.24 3883.50
6350.64 3884.05
6354.11 3884.61
6357.52 3885.08
6360.98 3885.49
6364.40 3885.90
6367.85 3886.31
6371.24 3886.71
6374.68 3887.09
6378.15 3887.47
6381.61 3887.84
6385.08 3887.98
6388.59 3888.11
6392.10 3888.23
6395.61 3888.36
6399.11 3888.48
6402.58 3888.61
6406.08 3888.73
6409.60 3888.85
6413.11 3888.98
6416.60 3889.05
6420.04 3889.05
6423.52 3889.04
6426.98 3889.04
6430.49 3889.04
6433.99 3889.03
6437.44 3889.03
6440.95 3889.03
6444.45 3889.02
6447.91 3889.02
6451.39 3889.02
6454.88 3889.01
6458.32 3889.01
6461.82 3889.02
6465.28 3889.00
6468.74 3888.98
6472.22 3888.96
6475.69 3888.95
6479.15 3888.93
6482.62 3888.91
6486.06 3888.89
6489.51 3888.87
6493.03 3888.85
6496.49 3888.83
6499.98 3888.81
6503.44 3888.79
6506.94 3888.77
6510.38 3888.75
6513.83 3888.73
6517.28 3888.72
6520.73 3888.70
6524.23 3888.68
6527.69 3888.66
6531.13 3888.64
6534.61 3888.62
6538.05 3888.60
6541.56 3888.56
6545.04 3888.51
6548.50 3888.47
6551.96 3888.43
6555.44 3888.37
6558.92 3888.28
6562.44 3888.20
6565.88 3888.11
6569.37 3888.02
6572.84 3887.94
6576.30 3887.85
6579.75 3887.77
6583.27 3887.68
6586.77 3887.59
6590.25 3887.51
6593.71 3887.42
6597.21 3887.34
6600.67 3887.25
6604.12 3887.17
6607.60 3887.08
6611.06 3886.99
6614.56 3886.91
6618.00 3886.82
6621.46 3886.74
6624.94 3886.65
6628.42 3886.57
6631.87 3886.48
6635.33 3886.39
6638.81 3886.31
6642.28 3886.22
6645.78 3886.14
6649.28 3886.05
6652.75 3885.96
6656.27 3885.88
6659.71 3885.79
6663.18 3885.71
6666.66 3885.62
6670.18 3885.53
6673.66 3885.45
6677.10 3885.44
6680.56 3885.52
6684.01 3885.60
6687.45 3885.68
6690.97 3885.76
6694.47 3885.84
6697.92 3885.92
6701.44 3886.00
6704.94 3886.08
6708.40 3886.16
6711.84 3886.24
6715.31 3886.33
6718.75 3886.41
6722.19 3886.49
6725.39 3886.56
6728.31 3886.63
6730.95 3886.69
6733.31 3886.74
6735.38 3886.79
6737.18 3886.83
6738.72 3886.87
6739.99 3886.90
6740.97 3886.92
6741.67 3886.94
6742.27 3886.86
6742.91 3886.77
6743.51 3886.69
6744.09 3886.59
6744.62 3886.21
6745.14 3885.82
6745.60 3885.39
6745.82 3884.78
6746.04 3884.16
6746.21 3883.54
6746.17 3882.91
6746.13 3882.29
6746.09 3881.67
6746.04 3881.05
6745.93 3880.43
6745.78 3879.72
6745.61 3878.86
6745.41 3877.87
6745.19 3876.77
6744.40 3875.76
6743.53 3874.69
6742.61 3873.54
6741.62 3872.32
6740.30 3871.32
6738.59 3870.67
6736.75 3869.96
6734.81 3869.22
6732.79 3868.45
6730.53 3867.98
6728.14 3867.49
6725.63 3866.97
6723.04 3866.43
6720.30 3866.01
6717.44 3866.32
6714.51 3866.84
6711.59 3867.83
6708.54 3868.86
6705.37 3869.92
6702.05 3871.04
6698.71 3872.16
6695.35 3873.30
6692.04 3874.41
6688.61 3874.94
6685.07 3875.12
6681.59 3875.30
6678.06 3875.49
6674.51 3875.67
6671.04 3875.32
6667.62 3874.57
6664.19 3873.81
6660.77 3873.07
6657.35 3872.32
6653.90 3871.56
6650.48 3870.81
6647.08 3870.06
6643.72 3869.34
6640.33 3868.61
6636.94 3867.88
6633.57 3867.15
6630.18 3866.42
6626.77 3865.69
6623.33 3864.94
6619.96 3864.22
6616.60 3863.49
6613.19 3862.76
6609.82 3862.03
6606.38 3861.29
6602.94 3860.55
6599.58 3859.83
6596.20 3859.10
6592.79 3858.37
6589.43 3857.66
6586.09 3856.94
6582.70 3856.21
6579.34 3855.49
6576.00 3854.78
6572.57 3854.54
6569.11 3854.32
6565.65 3854.09
6562.21 3853.87
6558.72 3853.64
6555.26 3853.42
6551.80 3853.19
6548.37 3852.97
6544.92 3852.74
6541.46 3852.70
6538.01 3852.73
6534.51 3852.76
6531.04 3852.79
6527.55 3852.82
6524.12 3852.85
6520.63 3852.88
6517.14 3852.91
6513.71 3852.94
6510.22 3852.97
6506.71 3853.00
6503.21 3853.03
6499.75 3853.06
6496.30 3853.09
6492.86 3853.12
6489.39 3853.15
6485.95 3853.18
6482.51 3853.21
6479.04 3853.24
6475.64 3852.99
6472.18 3852.74
6468.77 3852.49
6465.37 3852.24
6461.96 3851.88
6458.47 3851.49
6455.00 3851.11
6451.61 3850.72
6448.15 3850.34
6444.73 3849.95
6441.29 3849.57
6437.90 3849.03
6434.60 3848.11
6431.26 3847.19
6427.90 3846.26
6424.54 3845.31
6421.21 3844.34
6417.89 3843.38
6414.57 3842.42
6411.26 3841.46
6407.95 3840.50
6404.64 3839.54
6401.30 3838.57
6397.92 3837.59
6394.59 3836.63
6391.27 3835.62
6387.99 3834.49
6384.71 3833.36
6381.47 3832.24
6378.17 3831.10
6375.07 3829.58
6371.94 3828.06
6368.84 3826.55
6365.72 3825.02
6362.60 3823.50
6359.51 3821.99
6356.42 3820.49
6353.34 3818.99
6350.26 3817.49
6347.12 3815.96
6344.01 3814.44
6340.94 3812.95
6337.82 3811.43
6334.72 3809.91
6331.62 3808.40
6328.51 3806.88
6325.40 3805.35
6322.30 3803.82
6319.19 3802.29
6316.07 3800.75
6312.99 3799.24
6309.98 3797.54
6306.97 3795.78
6303.94 3794.01
6300.96 3792.26
6297.96 3790.51
6294.99 3788.77
6292.00 3787.02
6289.01 3785.27
6286.04 3783.55
6283.05 3781.89
6280.08 3780.24
6277.08 3778.57
6274.08 3776.91
6271.05 3775.23
6268.06 3773.57
6265.03 3771.89
6262.04 3770.11
6259.10 3768.24
6256.18 3766.39
6253.28 3764.54
6250.37 3762.69
6247.72 3760.52
6245.14 3758.24
6242.57 3755.96
6240.00 3753.69
6237.44 3751.42
6234.89 3749.16
6232.30 3746.87
6229.74 3744.60
6227.15 3742.30
6224.55 3740.00
6222.00 3737.73
6219.49 3735.40
6217.13 3732.94
6214.76 3730.47
6212.39 3728.00
6210.03 3725.54
6207.67 3723.08
6205.29 3720.60
6202.89 3718.10
6200.50 3715.61
6198.10 3713.11
6195.80 3710.50
6193.70 3707.76
6191.64 3705.06
6189.54 3702.31
6187.49 3699.62
6185.41 3696.90
6183.32 3694.17
6182.02 3691.04
6180.70 3687.87
6179.40 3684.76
6178.72 3681.51
6178.51 3678.15
6178.30 3674.84
6178.10 3671.80
6177.93 3669.01
6177.80 3666.45
6177.70 3663.89
6177.57 3661.35
6177.22 3658.78
6176.50 3656.29
6175.45 3653.97
6174.34 3651.64
6173.10 3649.22
6171.80 3646.68
6170.42 3644.06
6168.25 3641.81
6165.98 3639.46
6163.61 3637.00
6161.12 3634.48
6158.35 3632.80
6155.82 3631.26
6153.52 3629.87
6151.47 3628.63
6149.67 3627.53
6148.11 3626.59
6146.79 3625.79
6145.75 3625.10
6144.96 3624.19
6144.17 3623.31
6143.39 3622.41
6142.48 3621.74
6141.22 3621.63
6139.83 3621.52
6138.32 3621.59
6136.64 3621.84
6134.82 3622.11
6132.84 3622.41
6130.73 3622.72
6128.51 3623.05
6126.16 3623.41
6123.66 3623.78
6121.06 3623.93
6118.32 3624.04
6115.42 3624.16
6112.39 3624.27
6109.22 3623.91
6105.95 3623.47
6102.72 3622.56
6099.69 3621.01
6096.65 3619.46
6093.63 3617.81
6090.67 3616.14
6087.68 3614.46
6084.50 3613.28
6081.21 3612.25
6077.98 3611.23
6074.71 3610.21
6071.39 3609.34
6068.01 3608.82
6064.67 3608.32
6061.60 3606.97
6058.71 3605.15
6056.45 3602.71
6054.56 3599.83
6053.62 3596.73
6053.99 3593.46
6054.36 3590.32
6056.33 3588.13
6058.29 3586.13
6060.09 3584.28
6061.78 3582.72
6063.34 3581.36
6064.75 3580.13
6066.14 3579.38
6067.31 3578.76
6068.36 3578.24
6069.63 3577.86
6071.05 3577.43
6072.58 3576.99
6074.24 3576.52
6076.00 3576.02
6077.85 3575.50
6079.79 3574.95
6081.81 3574.38
6083.97 3573.77
6086.21 3573.13
6088.54 3572.47
6090.99 3571.78
6093.52 3571.06
6096.19 3570.53
6099.02 3570.63
6102.00 3570.73
6105.15 3570.83
6108.44 3570.94
6111.85 3571.05
6115.37 3571.17
6119.00 3571.29
6122.74 3571.41
6126.63 3571.54
6130.48 3571.66
6134.13 3571.78
6137.69 3571.90
6141.19 3572.01
6144.66 3572.13
6147.88 3572.24
6150.82 3572.33
6153.45 3572.56
6155.81 3572.82
6157.98 3573.12
6160.14 3573.33
6162.31 3573.05
6164.39 3572.56
6166.62 3571.99
6168.94 3571.39
6171.40 3570.76
6174.00 3570.35
6176.74 3570.57
6179.59 3570.79
6182.58 3571.02
6185.72 3571.27
6189.00 3571.44
6192.45 3571.22
6195.93 3571.00
6199.42 3570.78
6202.91 3570.55
6206.38 3570.33
6209.87 3570.11
6213.29 3569.85
6216.75 3569.48
6220.17 3569.01
6223.55 3568.35
6226.98 3567.58
6230.35 3566.75
6233.74 3565.95
6237.15 3565.15
6240.51 3564.18
6243.79 3563.15
6247.07 3562.12
6250.38 3561.09
6253.71 3560.04
6257.01 3559.01
6260.35 3557.96
6263.65 3556.93
6266.39 3554.97
6268.94 3552.67
6270.58 3549.66
6272.16 3546.55
6273.19 3543.30
6273.20 3539.77
6272.65 3536.29
6271.84 3532.87
6271.03 3529.47
6269.14 3526.54
6267.17 3523.65
6264.99 3520.90
6262.35 3518.61
6259.69 3516.31
6257.05 3514.01
6254.40 3511.71
6251.73 3509.35
6249.07 3506.98
6246.41 3504.62
6243.78 3502.27
6241.13 3499.92
6238.49 3497.57
6235.83 3495.21
6233.06 3492.99
6230.17 3490.89
6227.34 3488.84
6224.46 3486.75
6221.62 3484.70
6218.74 3482.60
6216.04 3480.65
6213.57 3478.86
6211.34 3477.24
6209.33 3475.79
6207.63 3474.43
6206.21 3473.19
6205.00 3472.13
6203.98 3471.23
6203.14 3470.50
6202.57 3469.85
6202.15 3469.41
6201.72 3468.98
6201.26 3468.51
6200.83 3468.07
6200.32 3467.67
6199.76 3467.45
6199.14 3467.21
6198.52 3466.97
6197.87 3467.13
6197.23 3467.31
6196.59 3467.48
6196.09 3467.92
6195.66 3468.34
6195.22 3468.76
6194.78 3469.19
6194.38 3469.65
6193.95 3470.22
6193.44 3470.89
6192.88 3471.64
6192.22 3472.52
6191.48 3473.52
6191.01 3474.84
6190.49 3476.27
6189.94 3477.84
6189.58 3479.59
6189.42 3481.50
6189.25 3483.56
6189.07 3485.77
6188.88 3488.11
6188.68 3490.53
6188.47 3493.04
6188.26 3495.66
6187.80 3498.34
6187.26 3501.09
6186.40 3503.88
6185.05 3506.62
6183.59 3509.41
6180.65 3510.96
6177.66 3512.54
6174.69 3514.11
6171.66 3515.38
6168.30 3515.51
6164.86 3515.63
6161.50 3515.76
6159.15 3513.64
6156.95 3511.08
6154.88 3508.47
6153.52 3505.30
6152.28 3502.13
6151.24 3498.89
6150.21 3495.67
6149.15 3492.38
