5046.69 2753.78
5046.41 2753.58
5045.86 2753.17
5045.10 2752.62
5044.04 2751.86
5042.73 2750.86
5041.20 2749.71
5039.27 2748.57
5037.04 2747.33
5034.52 2745.93
5031.81 2744.43
5028.80 2742.76
5025.91 2741.15
5022.95 2739.37
5019.89 2737.99
5016.90 2736.36
5014.17 2734.37
5011.46 2732.41
5008.77 2730.45
5006.09 2728.51
5003.30 2726.50
5000.36 2724.89
4997.46 2723.30
4994.51 2721.69
4991.65 2720.14
4988.72 2718.48
4985.82 2716.78
4982.89 2715.09
4979.91 2713.38
4977.04 2711.74
4974.04 2710.03
4971.10 2708.36
4968.12 2706.67
4965.17 2705.18
4961.95 2704.15
4958.71 2703.11
4955.43 2702.06
4952.18 2701.02
4948.91 2699.98
4945.76 2698.80
4942.79 2697.05
4940.03 2695.13
4937.31 2693.09
4934.63 2691.09
4932.02 2689.14
4929.32 2687.12
4926.70 2685.16
4924.07 2683.19
4921.42 2681.21
4918.75 2679.22
4916.00 2677.16
4913.37 2675.19
4910.74 2673.23
4908.06 2671.22
4905.39 2669.23
4902.67 2667.20
4900.02 2665.21
4897.28 2663.16
4894.59 2661.21
4891.83 2659.31
4889.07 2657.41
4886.37 2655.54
4883.63 2653.66
4880.94 2651.80
4878.13 2649.86
4875.42 2647.99
4872.63 2646.07
4869.86 2644.16
4867.19 2642.14
4864.95 2639.72
4862.72 2637.32
4860.45 2634.93
4858.10 2632.47
4855.78 2629.97
4853.59 2627.45
4851.53 2624.61
4849.54 2621.88
4847.55 2619.13
4845.56 2616.39
4843.51 2613.57
4841.48 2610.90
4839.38 2608.19
4837.33 2605.54
4835.24 2602.85
4833.11 2600.10
4830.74 2597.68
4828.12 2595.53
4825.52 2593.39
4822.39 2592.32
4819.17 2591.50
4815.94 2590.68
4812.52 2590.50
4809.08 2590.72
4805.69 2590.94
4802.55 2591.65
4799.94 2592.42
4797.90 2593.03
4796.37 2593.48
4795.05 2593.87
4794.31 2594.08
4793.22 2594.43
4792.68 2594.64
4792.16 2594.90
4791.61 2595.17
4791.05 2595.45
4790.52 2595.72
4789.99 2595.98
4789.54 2596.37
4789.23 2596.84
4788.91 2597.32
4788.56 2597.84
4788.73 2598.40
4788.95 2598.99
4789.15 2599.56
4789.47 2600.05
4789.90 2600.42
