4316.08 2088.73
4316.08 2088.64
4316.07 2088.46
4316.06 2088.19
4316.13 2087.91
4316.18 2087.56
4316.26 2087.18
4316.38 2086.76
4316.57 2086.35
4316.84 2085.93
4317.19 2085.49
4317.59 2085.03
4318.02 2084.53
4318.48 2083.99
4318.95 2083.42
4319.48 2082.76
4320.04 2082.06
4320.63 2081.31
4321.25 2080.54
4321.91 2079.71
4322.61 2078.84
4323.34 2077.93
4324.10 2076.97
4324.64 2076.14
4325.22 2074.87
4325.83 2073.53
4326.45 2072.15
4327.09 2070.74
4327.75 2069.28
4328.45 2067.75
4328.98 2066.35
4329.45 2064.71
4329.92 2063.06
4330.38 2061.43
4330.85 2059.79
4331.31 2058.17
4331.77 2056.55
4332.49 2054.79
4333.20 2053.26
4333.91 2051.71
4334.62 2050.17
4335.33 2048.63
4336.03 2047.11
4336.74 2045.57
4337.48 2044.00
4338.36 2042.42
4339.26 2040.96
4340.16 2039.51
4341.06 2038.07
4342.18 2036.38
4343.44 2035.22
4344.70 2034.05
4345.96 2032.89
4347.22 2031.72
4348.48 2030.55
4350.75 2029.81
4352.41 2029.48
4354.08 2029.14
4355.77 2028.80
4357.84 2028.80
4359.53 2029.00
4361.23 2029.19
4362.92 2029.39
4365.01 2029.71
4366.58 2030.42
4368.13 2031.12
4369.69 2031.83
4371.24 2032.54
4372.79 2033.24
4374.33 2033.93
4375.89 2034.62
4377.44 2035.30
4378.97 2035.98
4379.96 2036.01
4381.63 2035.85
4382.78 2035.35
4383.87 2034.95
4384.96 2033.66
4386.06 2032.36
4387.16 2031.06
4388.25 2029.76
4389.36 2028.46
4390.44 2027.18
4391.54 2025.88
4392.53 2024.71
4393.44 2023.63
4394.28 2022.64
4395.04 2021.74
4395.70 2020.95
4396.28 2020.27
4396.81 2019.65
4397.26 2019.11
4397.64 2018.67
4397.98 2018.26
4398.25 2017.94
4398.48 2017.67
4398.65 2017.47
4398.79 2017.30
4398.91 2017.16
4399.03 2017.02
4399.15 2016.88
4399.26 2016.75
4399.31 2016.68
4399.32 2016.67
4399.32 2016.67
4399.32 2016.67
4399.32 2016.67
4399.32 2016.67
4399.32 2016.67
4399.32 2016.67
4399.32 2016.67
4399.32 2016.67
4399.32 2016.67
4399.32 2016.67
4399.32 2016.67
4399.32 2016.67
4399.32 2016.67
4399.32 2016.67
4399.32 2016.67
4399.32 2016.67
4399.32 2016.67
4399.32 2016.67
4399.37 2016.62
4399.56 2016.42
4399.71 2016.28
4399.89 2016.11
4400.10 2015.90
4400.35 2015.65
4400.65 2015.37
4400.99 2015.04
4401.37 2014.67
4401.79 2014.27
4402.25 2013.82
4402.74 2013.34
4403.28 2012.83
4403.84 2012.28
4404.83 2011.66
4405.63 2011.21
4406.47 2010.74
4407.38 2010.23
4408.35 2009.68
4409.81 2009.17
4411.00 2008.94
4412.21 2008.71
4413.40 2008.48
4415.03 2008.43
4416.24 2008.61
4417.47 2008.78
4418.68 2008.96
4420.08 2009.17
4421.31 2009.41
4422.53 2009.59
4423.89 2009.88
4425.15 2010.35
4426.54 2010.86
4427.99 2011.41
4429.51 2011.91
4431.18 2012.37
4432.88 2012.70
4434.58 2013.02
4436.26 2013.40
4437.92 2013.71
4439.40 2014.02
4440.72 2014.22
4441.84 2014.43
4442.78 2014.63
4443.53 2014.69
4444.30 2014.69
4445.05 2014.68
4445.53 2014.42
4446.22 2014.11
4446.95 2013.85
4447.12 2013.52
4447.73 2013.04
4448.36 2012.61
4448.60 2012.31
4449.07 2011.73
4449.55 2011.14
4450.01 2010.57
4450.35 2010.06
4450.79 2009.38
4451.26 2008.65
4451.75 2007.89
4452.28 2007.07
4452.84 2006.21
4453.43 2005.29
4454.06 2004.32
4454.73 2003.29
4455.43 2002.21
4456.15 2001.09
4456.92 1999.91
4457.71 1998.69
4458.53 1997.41
4459.39 1996.09
4460.29 1994.70
4461.21 1993.27
4462.14 1991.85
4463.05 1990.43
4463.98 1989.00
4464.89 1987.58
4465.81 1986.16
4466.74 1984.74
4467.66 1983.31
4468.57 1981.91
4469.48 1980.50
4470.39 1979.10
4471.30 1977.69
4472.22 1976.28
4473.15 1974.85
4474.07 1973.42
4475.00 1971.99
4476.09 1970.57
4477.13 1969.23
4478.18 1967.90
4479.21 1966.58
4480.25 1965.24
4481.30 1963.90
4482.28 1962.65
4483.16 1961.53
4483.96 1960.51
4484.69 1959.58
4485.34 1958.75
4485.91 1958.01
4486.43 1957.35
4486.89 1956.77
4487.26 1956.29
4487.59 1955.87
4487.87 1955.52
4488.10 1955.22
4488.29 1954.98
4488.43 1954.79
4488.56 1954.63
4488.67 1954.49
4488.77 1954.36
4488.88 1954.22
4488.97 1954.11
4488.97 1954.10
4488.97 1954.10
4488.97 1954.10
4488.97 1954.10
4489.02 1954.04
4489.18 1953.87
4489.31 1953.72
4489.48 1953.54
4489.67 1953.33
4489.90 1953.08
4490.18 1952.79
4490.49 1952.45
4490.84 1952.07
4491.22 1951.66
4491.65 1951.20
4492.10 1950.71
4492.60 1950.16
4493.43 1949.46
4494.12 1949.00
4494.84 1948.52
4495.62 1947.99
4496.45 1947.43
4497.80 1946.90
4498.78 1946.66
4499.76 1946.42
4501.33 1946.20
4502.31 1946.41
4503.29 1946.63
4504.26 1946.84
4505.45 1947.24
4506.37 1947.67
4507.36 1948.12
4508.62 1948.82
4509.55 1949.55
4510.51 1950.32
4511.52 1951.12
4512.55 1951.95
4513.64 1952.81
4514.76 1953.71
4515.94 1954.65
4517.12 1956.12
4518.07 1957.43
4519.04 1958.77
4520.04 1960.14
4521.03 1961.51
4522.01 1962.87
4523.01 1964.24
4524.00 1965.61
4524.99 1966.96
4525.97 1968.33
4526.96 1969.68
4527.95 1971.06
4528.95 1972.43
4529.94 1973.79
4530.93 1975.16
4531.91 1976.52
4532.91 1977.89
4533.91 1979.27
4534.89 1980.63
4535.88 1982.08
4536.76 1983.40
4537.57 1984.62
4538.31 1985.73
4538.97 1986.72
4539.56 1987.61
4540.09 1988.41
4540.57 1989.12
4541.08 1989.89
4541.64 1990.73
4542.09 1991.41
4542.44 1991.94
4542.84 1992.52
4543.14 1992.88
4543.57 1993.36
4544.02 1993.86
4544.47 1994.37
4544.64 1994.36
4545.23 1994.63
4545.83 1994.89
4545.78 1994.81
4546.45 1994.72
4547.09 1994.64
4547.18 1994.58
4547.75 1994.24
4548.33 1993.89
4548.89 1993.55
4549.26 1993.27
4549.81 1992.81
4550.44 1992.38
4551.22 1991.93
4552.03 1991.59
4552.93 1991.25
4553.89 1990.87
4554.89 1990.47
4555.94 1990.03
4557.03 1989.56
4558.17 1989.05
4559.36 1988.51
4560.45 1987.73
4561.54 1986.88
4562.63 1985.95
4563.72 1984.94
4564.86 1983.90
4566.28 1983.84
4567.92 1983.68
4569.62 1983.59
4571.33 1983.44
4573.04 1983.35
