4381.59 1723.66
4381.53 1723.58
4381.41 1723.45
4381.23 1723.25
4381.12 1722.98
4380.94 1722.66
4380.76 1722.27
4380.59 1721.83
4380.48 1721.35
4380.44 1720.79
4380.43 1720.18
4380.45 1719.50
4380.48 1718.75
4380.50 1717.94
4380.53 1717.08
4380.56 1716.16
4380.59 1715.17
4380.63 1714.13
4380.66 1713.05
4380.70 1711.92
4380.74 1710.71
4380.78 1709.47
4380.82 1708.19
4380.86 1706.86
4380.91 1705.50
4380.95 1704.13
4380.99 1702.79
4381.04 1701.43
4381.08 1700.06
4381.13 1698.71
4381.17 1697.37
4381.21 1696.03
4381.26 1694.65
4381.33 1693.28
4381.43 1691.99
4381.63 1690.52
4381.90 1689.26
4382.39 1687.88
4382.82 1686.72
4383.22 1685.67
4383.57 1684.72
4383.87 1683.87
4384.13 1683.11
4384.42 1682.27
4384.74 1681.36
4385.08 1680.39
4385.45 1679.34
4386.01 1678.19
4386.53 1677.22
4387.04 1676.26
4387.54 1675.31
4388.59 1674.21
4389.39 1673.50
4390.20 1672.77
4391.40 1671.85
4392.40 1671.44
4393.41 1671.03
4394.41 1670.62
4395.42 1670.22
4396.81 1670.00
4397.89 1669.88
4398.98 1669.75
4400.05 1669.62
4401.27 1669.51
4402.40 1669.50
4402.65 1669.62
4403.56 1668.80
4404.47 1667.89
4405.39 1666.90
4406.31 1665.90
4408.20 1661.96
4408.55 1660.65
4408.90 1659.37
4409.25 1658.06
4409.59 1656.75
4409.94 1655.46
4410.28 1654.15
4410.63 1652.86
4410.97 1651.54
4411.32 1650.26
4411.68 1648.98
4412.04 1647.67
4412.41 1646.37
4412.77 1645.09
4413.13 1643.80
4413.49 1642.51
4413.85 1641.22
4414.21 1639.92
4414.57 1638.63
4414.87 1637.18
4415.12 1635.88
4415.37 1634.54
4415.62 1633.23
4415.87 1631.90
4416.12 1630.57
4416.37 1629.26
4416.62 1627.93
4416.87 1626.60
4417.06 1625.26
4417.31 1623.95
4417.56 1622.62
4417.81 1621.31
4418.06 1619.98
4418.32 1618.69
4418.60 1617.36
4418.88 1616.03
4419.16 1614.70
4419.44 1613.37
4419.72 1612.05
4420.00 1610.72
4420.28 1609.40
4420.47 1607.81
4420.47 1606.45
4420.48 1605.11
4420.49 1603.76
4420.50 1602.39
4420.51 1601.06
4420.51 1599.71
4420.52 1598.35
4420.35 1596.79
4420.13 1595.48
4419.91 1594.16
4419.69 1592.84
4419.48 1591.53
4419.26 1590.22
4419.04 1588.90
4418.82 1587.58
4418.45 1585.96
4417.90 1584.71
4417.37 1583.46
4416.83 1582.21
4416.29 1580.95
4415.75 1579.72
4415.22 1578.47
4414.68 1577.22
4414.14 1575.98
4413.61 1574.74
4413.08 1573.52
4412.54 1572.27
4412.02 1571.04
4411.49 1569.79
4410.96 1568.54
4410.43 1567.30
4409.91 1566.06
4409.39 1564.83
4408.86 1563.58
4408.34 1562.33
4407.81 1561.10
4407.29 1559.87
4406.76 1558.61
4406.23 1557.36
4405.71 1556.13
4405.19 1554.89
4404.65 1553.63
4404.12 1552.37
4403.60 1551.13
4403.07 1549.88
4402.54 1548.62
4402.01 1547.37
4401.80 1546.37
4401.58 1545.05
4401.36 1543.70
4401.14 1542.36
4400.91 1541.01
4400.91 1540.19
4401.19 1538.86
4401.47 1537.52
4401.75 1536.17
4402.02 1534.85
4402.19 1534.03
4402.91 1532.88
4403.64 1531.72
4404.37 1530.57
4405.04 1529.64
4405.93 1528.60
4406.80 1527.58
4407.69 1526.55
4408.55 1525.77
4409.59 1524.87
4410.60 1524.00
4411.61 1523.12
4412.65 1522.23
4413.61 1521.68
4414.76 1520.99
4415.91 1520.31
4417.08 1519.61
4418.25 1518.91
4419.40 1518.22
4420.55 1517.54
4421.71 1516.85
4422.89 1516.15
4424.03 1515.46
4425.19 1514.77
4426.34 1514.09
4427.32 1513.62
4428.61 1513.17
4429.90 1512.72
4431.17 1512.28
4432.43 1511.84
4433.73 1511.39
4435.00 1510.95
4436.29 1510.50
4437.41 1510.11
4438.35 1509.78
4439.12 1509.52
4439.92 1509.11
4440.66 1508.77
4441.41 1508.45
4442.15 1508.13
4442.91 1507.80
4443.67 1507.48
4444.41 1507.16
4445.35 1506.60
4446.00 1506.12
4446.67 1505.64
4447.33 1505.16
4447.99 1504.69
4448.89 1503.61
4449.28 1502.87
4449.66 1502.12
4450.13 1500.49
4449.93 1499.66
4449.72 1498.86
4449.51 1498.06
4449.07 1496.95
4448.72 1496.14
4448.34 1495.14
4447.83 1494.32
4447.29 1493.43
4446.72 1492.51
4446.13 1491.53
4445.50 1490.52
4444.86 1489.47
4444.19 1488.38
4443.49 1487.09
4442.88 1485.91
4442.28 1484.71
4441.67 1483.52
4441.06 1482.32
4440.44 1481.12
4439.84 1479.93
4439.23 1478.74
4438.63 1477.56
4438.01 1476.36
4437.41 1475.17
4436.80 1473.98
4436.19 1472.79
4435.58 1471.59
4434.97 1470.38
4434.36 1469.18
4433.75 1467.97
4433.14 1466.77
4432.53 1465.57
4431.91 1464.35
4431.30 1463.13
4430.68 1461.92
4430.07 1460.72
4429.46 1459.51
4428.85 1458.29
4428.23 1457.07
4427.63 1455.86
4427.02 1454.65
4426.41 1453.45
4425.79 1452.22
4425.17 1450.99
4424.57 1449.79
4423.96 1448.59
4423.36 1447.39
4422.74 1446.17
4422.13 1444.94
4421.52 1443.73
4420.90 1442.51
4420.29 1441.30
4419.67 1440.08
4419.06 1438.85
4418.45 1437.64
4417.83 1436.42
4417.22 1435.20
4416.60 1433.97
4416.00 1432.75
4415.39 1431.53
4414.78 1430.31
4414.17 1429.08
4413.57 1427.88
4412.96 1426.66
4412.35 1425.44
4411.75 1424.22
4411.15 1423.02
4410.55 1421.81
4409.94 1420.59
4409.33 1419.36
4408.72 1418.14
4408.12 1416.98
4407.51 1415.81
4406.88 1414.62
4406.28 1413.47
4405.72 1412.41
4405.23 1411.46
4404.79 1410.62
4404.39 1409.87
4403.96 1409.06
4403.62 1408.41
4403.36 1407.91
4403.18 1407.56
4403.03 1407.28
4402.90 1407.04
4402.81 1406.85
4402.72 1406.70
4402.64 1406.55
4402.57 1406.41
4402.49 1406.26
4402.46 1406.21
4402.46 1406.21
4402.46 1406.21
4402.46 1406.21
4402.46 1406.21
4402.46 1406.21
4402.46 1406.21
4402.46 1406.21
4402.46 1406.21
4402.46 1406.21
4402.46 1406.21
4402.46 1406.21
4402.46 1406.21
4402.46 1406.21
4402.46 1406.21
4402.46 1406.21
4402.46 1406.21
4402.46 1406.21
4402.46 1406.21
4402.46 1406.21
4402.46 1406.21
4402.46 1406.21
4402.46 1406.21
4402.46 1406.21
4402.46 1406.21
4402.46 1406.21
4402.46 1406.21
4402.46 1406.21
4402.46 1406.21
4402.46 1406.21
4402.46 1406.21
4402.46 1406.21
4402.46 1406.21
4402.46 1406.21
4402.46 1406.21
4402.46 1406.21
4402.46 1406.21
4402.46 1406.21
4402.46 1406.21
4402.46 1406.21
4402.46 1406.21
4402.46 1406.21
4402.46 1406.21
4402.46 1406.21
4402.46 1406.21
4402.46 1406.21
4402.46 1406.21
4402.46 1406.21
4402.46 1406.21
4402.46 1406.21
4402.46 1406.21
4402.46 1406.21
4402.46 1406.21
4402.46 1406.21
4402.46 1406.21
4402.43 1406.15
4402.46 1406.08
4402.45 1405.84
4402.39 1405.56
4402.21 1405.28
4402.01 1404.96
4401.79 1404.61
4401.54 1404.20
4401.25 1403.74
4400.92 1403.22
4400.57 1402.66
4400.25 1402.30
4399.74 1401.75
4399.20 1401.16
4398.64 1400.54
4398.22 1400.16
4397.43 1399.65
4396.58 1399.11
4396.01 1398.82
4394.97 1398.56
4393.95 1398.31
4393.77 1398.27
4392.90 1398.20
4391.81 1398.10
4390.65 1398.00
4389.28 1397.74
4388.09 1397.33
4386.64 1396.74
4385.58 1396.04
4384.36 1395.24
4383.43 1394.39
4382.49 1393.53
4381.52 1392.65
4380.82 1391.94
4380.12 1390.83
4379.86 1390.00
4379.60 1389.20
4379.28 1388.16
4378.95 1387.04
4378.71 1385.76
4378.64 1384.37
4378.78 1383.20
4379.05 1381.94
4379.31 1380.78
4379.53 1379.86
4379.75 1378.95
4380.02 1377.98
4380.30 1377.09
4380.63 1376.18
4380.94 1375.67
4381.16 1375.31
4381.29 1375.09
4381.46 1374.87
4381.57 1374.76
4381.71 1374.61
4381.89 1374.43
4382.11 1374.19
4382.34 1373.86
4382.54 1373.46
4382.67 1373.06
4382.71 1372.65
4382.57 1372.54
4382.72 1372.19
4382.95 1371.85
4383.33 1371.10
4383.37 1370.57
4383.44 1369.98
4383.36 1368.90
4383.06 1368.34
4382.58 1367.70
4382.07 1367.32
4381.56 1366.94
4381.08 1366.60
4380.51 1366.37
4379.98 1366.09
4379.41 1365.86
4378.87 1365.58
4378.44 1365.27
4377.90 1364.89
4377.30 1364.47
4376.68 1364.02
4376.00 1363.54
4375.35 1363.17
4374.47 1362.78
4373.54 1362.37
4372.54 1361.93
4371.47 1361.46
4370.36 1360.97
4369.19 1360.45
4367.97 1359.91
4366.71 1359.36
4365.47 1358.81
4364.22 1358.26
4362.99 1357.71
4361.73 1357.16
4360.51 1356.61
4359.26 1356.07
4358.01 1355.51
4356.77 1354.96
4355.51 1354.41
4354.28 1353.87
4353.02 1353.31
4351.77 1352.76
4350.53 1352.21
4349.29 1351.66
4348.06 1351.12
4346.81 1350.56
4345.53 1349.89
4344.39 1349.18
4343.23 1348.47
4342.08 1347.75
4340.94 1347.05
4339.80 1346.35
4338.66 1345.64
4337.51 1344.93
4336.35 1344.21
4335.19 1343.49
4334.04 1342.77
4332.88 1342.06
4331.72 1341.34
4330.56 1340.62
4329.41 1339.91
4328.27 1339.20
4327.13 1338.50
4326.00 1337.80
4324.85 1337.08
4323.71 1336.38
4322.57 1335.67
4321.39 1334.89
4320.31 1334.06
4319.24 1333.21
4318.17 1332.36
4317.12 1331.53
4316.06 1330.69
4315.01 1329.86
4313.94 1329.02
4312.87 1328.17
4311.82 1327.33
4310.77 1326.50
4309.71 1325.67
4308.64 1324.82
4307.58 1323.98
4306.52 1323.14
4305.46 1322.30
4304.40 1321.46
4303.33 1320.62
4302.26 1319.77
4301.20 1318.93
4300.15 1318.10
4299.09 1317.26
4298.02 1316.41
4296.96 1315.58
4295.89 1314.73
4294.83 1313.89
4293.77 1313.05
4292.77 1312.26
4291.85 1311.53
4291.04 1310.89
4290.30 1310.31
4289.65 1309.79
4288.95 1309.23
4288.18 1308.62
4287.35 1307.97
4286.45 1307.25
4285.54 1306.49
4284.58 1305.68
4283.60 1304.84
4282.55 1303.96
4281.52 1303.09
4280.48 1302.21
4279.44 1301.33
4278.39 1300.45
4277.38 1299.63
4276.29 1298.85
4275.21 1298.07
4274.12 1297.28
4273.03 1296.50
4271.92 1295.70
4270.84 1294.92
4269.73 1294.13
4268.65 1293.35
4267.56 1292.56
4266.46 1291.77
4265.36 1290.98
4264.28 1290.14
4263.23 1289.32
4262.17 1288.49
4261.12 1287.67
4260.06 1286.84
4258.99 1286.01
4257.93 1285.17
4256.86 1284.33
4255.79 1283.50
4254.73 1282.67
4253.67 1281.85
4252.61 1281.01
4251.53 1280.17
4250.48 1279.35
4249.41 1278.51
4248.33 1277.67
4247.27 1276.84
4246.20 1276.00
4245.13 1275.16
4244.07 1274.33
4243.01 1273.51
4241.94 1272.67
4240.87 1271.83
4239.80 1271.00
4238.74 1270.16
4237.66 1269.32
4236.59 1268.48
4235.51 1267.64
4234.45 1266.81
4233.37 1265.96
4232.31 1265.14
4231.23 1264.30
4230.16 1263.46
4229.08 1262.62
4228.01 1261.78
4226.94 1260.94
4225.87 1260.10
4224.80 1259.26
4223.72 1258.42
4222.66 1257.60
4221.61 1256.77
4220.54 1255.93
4219.46 1255.09
4218.38 1254.25
4217.32 1253.42
4216.25 1252.58
4215.18 1251.74
4214.11 1250.91
4213.05 1250.07
4211.99 1249.25
4210.92 1248.41
4209.85 1247.57
4208.78 1246.74
4207.72 1245.91
4206.64 1245.07
4205.58 1244.24
4204.51 1243.40
4203.44 1242.56
4202.38 1241.73
4201.30 1240.89
4200.23 1240.05
4199.17 1239.22
4198.11 1238.39
4197.05 1237.56
4195.99 1236.74
4194.92 1235.89
4193.85 1235.06
4192.78 1234.25
4191.68 1233.44
4190.60 1232.63
4189.52 1231.83
4188.42 1231.01
4187.34 1230.21
4186.24 1229.39
4185.15 1228.58
4184.06 1227.77
4182.98 1226.97
4181.88 1226.15
4180.80 1225.35
4179.71 1224.54
4178.64 1223.75
4177.56 1222.94
4176.48 1222.14
4175.39 1221.33
4174.31 1220.53
4173.21 1219.71
4172.12 1218.91
4171.04 1218.10
4169.95 1217.29
4168.86 1216.48
4167.78 1215.68
4166.70 1214.87
4165.59 1214.05
4164.50 1213.24
4163.41 1212.43
4162.32 1211.62
4161.23 1210.81
4160.15 1210.01
4159.07 1209.20
4157.97 1208.39
4156.90 1207.59
4155.82 1206.79
4154.71 1205.97
4153.63 1205.16
4152.53 1204.35
4151.45 1203.54
4150.37 1202.74
4149.27 1201.92
4148.18 1201.11
4147.10 1200.31
4146.02 1199.51
4144.92 1198.69
4143.82 1197.87
4142.74 1197.07
4141.64 1196.25
4140.57 1195.46
4139.48 1194.65
4138.39 1193.84
4137.30 1193.03
4136.20 1192.21
4135.11 1191.40
4134.03 1190.60
4132.94 1189.79
4131.83 1188.97
4130.75 1188.17
4129.67 1187.38
4128.59 1186.58
4127.49 1185.76
4126.42 1184.97
4125.35 1184.18
4124.27 1183.38
4123.20 1182.63
4122.09 1181.87
4121.00 1181.13
4119.90 1180.38
4118.80 1179.62
4117.70 1178.87
4116.59 1178.12
4115.50 1177.37
4114.40 1176.63
4113.32 1175.90
4112.23 1175.17
4111.14 1174.44
4110.04 1173.70
4108.95 1172.97
4107.86 1172.23
4106.76 1171.50
4105.67 1170.76
4104.58 1170.03
4103.49 1169.30
4102.55 1167.90
4101.92 1166.75
4101.27 1165.57
4100.64 1164.41
4100.41 1162.74
4100.37 1161.40
4100.34 1160.06
4100.62 1158.37
4101.27 1157.20
4101.92 1156.05
4102.59 1154.87
4103.26 1153.72
4103.93 1152.57
4104.60 1151.41
4105.54 1150.29
4106.41 1149.30
4107.29 1148.30
4108.16 1147.31
4109.02 1146.31
4109.91 1145.30
4110.80 1144.29
4111.67 1143.29
4112.54 1142.29
4113.42 1141.29
4114.30 1140.28
4115.18 1139.27
4116.05 1138.28
4116.93 1137.28
4117.80 1136.28
4118.66 1135.29
4119.53 1134.30
4120.40 1133.31
4121.28 1132.31
4122.16 1131.30
4123.03 1130.30
4123.91 1129.30
4124.78 1128.30
4125.67 1127.29
4126.55 1126.28
4127.42 1125.28
4128.36 1124.27
4129.28 1123.31
4130.20 1122.34
4131.10 1121.39
4132.03 1120.42
4132.95 1119.45
4133.86 1118.49
4134.78 1117.52
4135.70 1116.55
4136.63 1115.58
4137.55 1114.61
4138.47 1113.65
4139.38 1112.69
4140.29 1111.74
4141.21 1110.76
4142.14 1109.79
4143.05 1108.83
4143.97 1107.86
4144.88 1106.90
4145.81 1105.93
4146.73 1104.96
4147.66 1103.99
4148.61 1103.02
4149.58 1102.08
4150.54 1101.14
4151.51 1100.20
4152.47 1099.26
4153.44 1098.32
4154.40 1097.38
4155.38 1096.43
4156.36 1095.47
4157.32 1094.53
4158.31 1093.57
4159.33 1092.62
4160.35 1091.70
4161.35 1090.79
4162.35 1089.89
4163.36 1088.98
4164.37 1088.06
4165.36 1087.16
4166.35 1086.27
4167.36 1085.36
4168.35 1084.46
4169.34 1083.56
4170.34 1082.66
4171.35 1081.75
4172.35 1080.84
4173.34 1079.94
4174.35 1079.03
4175.35 1078.13
4176.37 1077.22
4177.38 1076.34
4178.40 1075.44
4179.43 1074.54
4180.45 1073.64
4181.46 1072.76
4182.48 1071.87
4183.50 1070.97
4184.51 1070.08
4185.54 1069.18
4186.56 1068.29
4187.56 1067.44
4188.57 1066.59
4189.58 1065.74
4190.58 1064.90
4191.83 1064.14
4192.96 1063.48
4194.06 1062.84
4194.80 1062.41
4195.55 1061.98
4196.29 1061.55
4197.03 1061.12
4197.77 1060.69
4198.82 1060.42
4199.50 1060.35
4200.11 1060.28
4200.65 1060.22
4201.24 1060.15
4201.87 1060.08
4202.55 1060.00
4203.12 1059.94
4203.29 1059.84
4203.88 1059.42
4204.47 1059.00
4205.06 1058.58
4205.64 1058.16
4206.22 1057.75
4206.79 1057.34
4207.35 1056.94
4207.94 1056.52
4208.52 1056.10
4209.11 1055.68
4209.70 1055.25
4210.04 1054.90
4210.46 1054.21
4210.93 1053.48
4211.47 1052.75
4212.02 1051.97
4212.65 1051.25
4213.27 1050.52
4213.89 1049.81
4214.51 1049.09
4215.14 1048.37
4215.75 1047.65
4216.83 1046.77
4217.66 1046.35
4218.53 1045.91
4220.13 1045.56
4221.15 1045.63
4222.23 1045.70
4223.34 1045.77
4224.87 1046.46
4225.65 1047.03
4226.42 1047.59
4227.14 1048.09
4228.26 1048.74
4229.36 1049.38
4230.16 1049.62
4231.43 1049.86
4232.34 1049.79
4233.63 1049.64
4234.89 1049.48
4236.16 1049.31
4237.42 1049.14
4238.74 1049.02
4240.05 1048.90
4241.39 1048.78
4242.72 1048.66
4244.06 1048.54
4245.40 1048.42
4246.73 1048.31
4248.08 1048.19
