4638.22 2201.75
4637.88 2201.67
4637.22 2201.50
4636.31 2201.28
4635.11 2201.50
4633.55 2201.86
4631.63 2202.30
4629.48 2202.79
4627.03 2203.35
4624.26 2203.98
4621.28 2204.66
4618.16 2205.38
4615.16 2206.07
4612.35 2207.21
4609.53 2208.35
4606.68 2209.50
4603.86 2210.64
4601.01 2211.79
4598.29 2213.19
4595.64 2214.77
4593.02 2216.32
4590.28 2217.95
4587.57 2219.55
4584.82 2221.19
4582.17 2222.77
4579.50 2224.37
4576.89 2225.93
4574.24 2227.51
4571.60 2229.09
4568.94 2230.68
4566.21 2232.31
4563.48 2233.95
4560.81 2235.57
4558.21 2237.13
4555.44 2238.52
4552.43 2239.20
4549.34 2239.90
4546.26 2240.59
4543.29 2241.27
4540.26 2241.95
4537.24 2242.41
4534.19 2242.86
4531.17 2243.31
4528.04 2243.77
4524.99 2244.22
4521.88 2244.68
4518.87 2245.12
4515.70 2245.59
4512.65 2246.04
4509.66 2246.48
4506.66 2246.92
4503.54 2247.39
4500.40 2247.85
4497.40 2248.29
4494.40 2248.73
4491.44 2249.32
4488.38 2250.09
4485.35 2250.86
4482.36 2251.61
4479.37 2252.37
4476.30 2253.14
4473.22 2253.54
4470.15 2253.88
4467.09 2254.21
4464.01 2254.54
4460.84 2254.16
4457.71 2253.69
4454.60 2253.22
4451.52 2252.76
4448.50 2252.29
4445.42 2251.61
4442.34 2250.94
4439.36 2250.28
4436.24 2249.60
4433.15 2248.92
4430.05 2248.24
4427.09 2247.58
4424.06 2246.90
4421.09 2246.23
4418.14 2245.56
4415.29 2244.92
4412.41 2244.27
4409.43 2243.60
4406.55 2242.95
4403.78 2241.94
4400.93 2240.75
4398.15 2239.59
4396.68 2237.14
4395.61 2234.21
4394.56 2231.30
4393.49 2228.34
4392.42 2225.37
4391.31 2222.39
4390.67 2219.51
4390.57 2216.45
4390.46 2213.29
4391.45 2210.37
4392.57 2207.46
4394.39 2205.10
4396.94 2203.44
4399.56 2201.74
4402.20 2200.03
4404.78 2198.35
4407.41 2196.64
4409.97 2194.98
4412.48 2193.34
4415.08 2191.65
4417.62 2190.00
4419.80 2188.58
4421.51 2187.48
4422.25 2186.32
4422.62 2185.30
4422.88 2184.53
4423.12 2183.73
4423.27 2182.91
4423.19 2182.08
4423.00 2181.23
4422.79 2180.42
4422.48 2179.30
4422.10 2177.95
4421.66 2176.36
4421.13 2174.49
4420.54 2172.36
4419.88 2170.01
4419.14 2167.36
4419.19 2164.42
4419.70 2161.32
4420.21 2158.22
4420.72 2155.12
4421.21 2152.16
4421.71 2149.08
4422.21 2146.07
4422.70 2143.08
4423.32 2140.06
4424.02 2137.13
4424.66 2134.46
4425.16 2132.36
4425.54 2130.79
4425.79 2129.76
4426.03 2129.19
4426.31 2128.60
4426.60 2128.02
4426.85 2127.51
4427.29 2127.13
4427.78 2126.81
4427.90 2126.74
4427.90 2126.73
4427.90 2126.73
4427.90 2126.73
4427.90 2126.73
4427.90 2126.73
4427.90 2126.73
4427.90 2126.73
4427.90 2126.73
4427.90 2126.73
4427.90 2126.73
4427.90 2126.73
4427.90 2126.73
4427.90 2126.73
4427.90 2126.73
4427.90 2126.73
4427.90 2126.73
4427.90 2126.73
4427.90 2126.73
4427.90 2126.73
4427.90 2126.73
4427.90 2126.73
4427.90 2126.73
4427.90 2126.73
4427.90 2126.73
4427.90 2126.73
4427.90 2126.73
4427.90 2126.73
4427.90 2126.73
4427.90 2126.73
4427.90 2126.73
4427.90 2126.73
4427.90 2126.73
4427.90 2126.73
4428.19 2126.55
4428.73 2126.21
4429.34 2126.06
4430.01 2126.00
4430.63 2125.94
4431.28 2125.88
4431.91 2125.87
4432.56 2126.00
4433.24 2126.13
4433.90 2126.26
4434.52 2126.38
4435.21 2126.51
4435.81 2126.66
4436.68 2126.96
4437.79 2127.59
4439.09 2128.32
4440.68 2129.22
4442.57 2130.28
4444.11 2132.16
4445.70 2134.43
4447.44 2136.93
4449.13 2139.35
4450.22 2142.13
4451.32 2144.95
4452.28 2147.73
4452.14 2150.80
4451.68 2153.79
4450.40 2156.54
4449.16 2159.23
4447.86 2162.05
4446.55 2164.88
4445.31 2167.55
4444.10 2170.17
4443.09 2172.37
4442.32 2174.02
4441.69 2175.39
4441.22 2176.40
4440.97 2176.94
4440.74 2177.46
4440.52 2177.97
4440.39 2178.81
4440.23 2179.89
4440.15 2180.97
4440.29 2182.00
4440.60 2183.06
4440.93 2184.14
4441.32 2185.28
4441.53 2185.53
4442.01 2185.98
4442.50 2186.44
4443.06 2186.79
4443.65 2187.10
4444.28 2187.30
4444.94 2187.42
4445.51 2187.49
4446.17 2187.44
4446.81 2187.39
4447.41 2187.28
4448.35 2187.09
4449.49 2186.87
4450.88 2186.37
4452.25 2185.09
4453.77 2183.68
4455.50 2182.07
4457.48 2180.24
4459.68 2178.19
4461.98 2176.06
4463.86 2173.56
4465.66 2171.05
4467.42 2168.61
4469.22 2166.10
4470.97 2163.67
4472.91 2161.41
4475.11 2159.34
4477.35 2157.22
4479.59 2155.11
4482.00 2153.17
4484.77 2151.72
4487.44 2150.33
4490.23 2148.88
4492.80 2150.25
4495.52 2151.83
4496.99 2154.36
4497.14 2157.33
4496.36 2160.26
4493.91 2161.58
4490.89 2162.52
4488.19 2163.71
4485.62 2165.40
4483.12 2167.03
4480.64 2168.85
4479.30 2171.59
4477.96 2174.34
4477.24 2177.27
4476.82 2180.26
4476.40 2183.32
4476.44 2186.18
4476.77 2188.59
4477.05 2190.61
4477.29 2192.39
4477.52 2193.98
4477.97 2195.25
4478.38 2196.39
4478.60 2196.97
4478.90 2197.52
4479.20 2198.08
4479.50 2198.66
4479.83 2199.26
4480.14 2199.86
4480.44 2200.41
4480.96 2200.73
4481.48 2201.05
4482.06 2201.40
4482.63 2201.75
4483.27 2201.79
4483.91 2201.66
4484.59 2201.52
4485.26 2201.38
4485.91 2201.17
4486.45 2200.75
4487.00 2200.33
4487.54 2199.91
4488.02 2199.54
4488.54 2199.14
4489.07 2198.72
4489.56 2198.27
4490.27 2197.56
4491.15 2196.67
4492.24 2195.59
4493.74 2194.64
4495.86 2194.21
4498.21 2193.73
4500.83 2193.20
4503.64 2192.63
4506.59 2192.03
4509.67 2191.40
4512.77 2190.66
4515.79 2189.89
4518.86 2189.12
4521.90 2188.35
4524.84 2187.60
4527.79 2186.69
4530.45 2185.23
4533.14 2183.76
4535.19 2181.35
4537.13 2178.96
4539.04 2176.60
4540.74 2174.03
4542.45 2171.39
4544.15 2168.78
4545.66 2166.47
4547.17 2164.14
4548.38 2162.29
4549.38 2160.75
4550.09 2159.66
4550.47 2159.08
4551.05 2158.19
4551.52 2157.45
4551.94 2156.75
4552.40 2155.97
4552.82 2155.27
4553.25 2154.55
4553.66 2153.85
4554.01 2153.10
4554.37 2152.28
4554.73 2151.47
4555.09 2150.64
4555.28 2149.83
4555.46 2148.97
4555.64 2148.10
4555.48 2147.21
4555.31 2146.36
4554.99 2145.53
4554.52 2144.40
4553.97 2143.00
4553.35 2141.32
4552.68 2139.37
4551.88 2137.05
4550.76 2134.66
4549.70 2132.39
4548.80 2130.23
4547.97 2128.22
4547.34 2126.49
4546.64 2124.66
4546.20 2123.38
4545.82 2122.35
4545.56 2121.85
4545.13 2121.01
4544.84 2120.16
4544.69 2119.44
4544.48 2118.43
4544.49 2117.72
4544.39 2117.03
4544.40 2115.97
4544.49 2115.22
4544.74 2114.20
4545.03 2113.51
4545.39 2112.68
4545.95 2111.73
4546.64 2110.55
4547.45 2109.14
4548.24 2107.64
4548.91 2105.69
4549.35 2103.38
4549.77 2100.98
4550.42 2098.43
4551.16 2095.55
4552.22 2092.49
4553.43 2089.68
4554.91 2086.66
4556.91 2084.39
4559.07 2082.17
4561.29 2080.10
4563.66 2078.09
4566.17 2076.08
4568.90 2074.41
4571.72 2072.99
4574.63 2071.75
4577.51 2070.52
4580.40 2069.28
4583.36 2068.02
4586.19 2066.81
4588.87 2065.42
4591.65 2063.81
4594.39 2062.22
4597.04 2060.71
4599.55 2059.35
4601.83 2057.55
4603.97 2055.50
4606.14 2053.38
4608.39 2051.20
4610.65 2049.00
4612.90 2046.82
4615.15 2044.64
4617.45 2042.66
4619.81 2040.64
4622.17 2038.62
4623.95 2036.42
4625.32 2033.74
4626.73 2030.97
4628.14 2028.23
4629.25 2025.70
4629.24 2022.63
4629.23 2019.47
4628.52 2016.65
4627.75 2013.67
4626.42 2011.15
4624.85 2008.57
4623.24 2005.91
4621.63 2003.24
4619.71 2000.94
4617.44 1998.69
4615.20 1996.46
4612.95 1994.22
4610.73 1992.01
4608.55 1989.85
4606.29 1987.60
4604.10 1985.42
4601.88 1983.22
4599.67 1981.01
4597.43 1978.79
4595.28 1976.65
4593.04 1974.42
4590.88 1972.28
4588.64 1970.11
4586.41 1967.98
4584.13 1965.80
4581.92 1963.61
4579.69 1961.39
4577.50 1959.21
4575.30 1957.02
4573.06 1954.73
4570.90 1952.49
4568.79 1950.30
4566.62 1948.05
4564.48 1945.84
4562.31 1943.58
4560.14 1941.34
4557.98 1939.10
4555.86 1936.87
4553.74 1934.65
4551.65 1932.44
4549.52 1930.21
4547.36 1927.94
4545.23 1925.69
4543.13 1923.48
4540.95 1921.19
4538.82 1918.95
4536.74 1916.76
4534.65 1914.56
4532.44 1912.24
4530.31 1910.00
4528.19 1907.77
4526.10 1905.57
4523.93 1903.28
4521.65 1901.24
4519.26 1899.20
4516.97 1897.16
4514.69 1895.05
4512.33 1892.87
4509.99 1890.71
4507.42 1888.55
4504.66 1887.00
4501.99 1885.49
4500.54 1884.54
4497.68 1883.22
4495.06 1882.12
4492.17 1881.23
4489.15 1880.30
4486.22 1879.40
4483.33 1878.51
4480.36 1877.59
4477.45 1876.70
4474.55 1875.80
4471.53 1874.87
4468.55 1873.96
4465.50 1873.02
4462.46 1872.08
4459.56 1871.19
4456.54 1870.26
4453.22 1868.73
4450.66 1866.91
4448.12 1865.12
4445.76 1862.62
4443.75 1860.30
4441.73 1857.95
4439.70 1855.61
4437.71 1853.31
4435.65 1850.92
4433.59 1848.50
4431.76 1845.94
4429.92 1843.36
4428.11 1840.82
4426.35 1838.36
4424.58 1835.87
4422.81 1833.40
4420.99 1830.85
4419.23 1828.38
4417.47 1825.91
4415.62 1823.33
4413.87 1820.87
4412.05 1818.32
4410.25 1815.79
4408.49 1813.34
4406.63 1810.64
4405.01 1808.04
4403.37 1805.42
4401.71 1802.76
4400.08 1800.15
4398.41 1797.47
4396.74 1794.80
4395.12 1792.20
4393.51 1789.63
4391.94 1787.11
4390.38 1784.61
4388.78 1782.04
4387.71 1778.72
4386.87 1775.74
4386.06 1772.84
4385.23 1769.87
4384.41 1766.97
4383.57 1763.98
4382.74 1761.02
4381.94 1758.17
4381.40 1754.95
4381.09 1751.98
4380.79 1749.05
4380.48 1745.93
4380.37 1742.83
4380.27 1739.77
4380.16 1736.77
4380.06 1733.75
4379.96 1730.80
4379.94 1727.69
4379.96 1724.61
4380.07 1721.46
4380.17 1718.31
4380.27 1715.23
4380.37 1712.11
4380.47 1709.05
4380.57 1705.87
4380.67 1702.68
4380.77 1699.53
4380.88 1696.38
4381.02 1693.17
4381.42 1689.96
4382.30 1687.18
4383.16 1685.06
4383.88 1683.41
4384.55 1682.05
4385.18 1681.01
4385.93 1679.61
4386.40 1678.62
4386.84 1677.80
4387.31 1676.91
4387.79 1676.02
4388.45 1675.07
4389.20 1674.41
4389.94 1673.74
4390.71 1673.06
4391.71 1672.32
4392.56 1671.97
4393.43 1671.62
4394.31 1671.26
4395.14 1670.92
4396.23 1670.62
4397.18 1670.51
4398.18 1670.40
4399.10 1670.29
4400.09 1670.17
4401.16 1670.06
4402.52 1670.05
4403.48 1669.61
4404.96 1668.27
4406.65 1666.76
4408.08 1665.06
4409.14 1662.50
4409.93 1659.57
4410.75 1656.48
4411.54 1653.50
4412.35 1650.49
4413.18 1647.51
4414.03 1644.46
4414.89 1641.39
4415.71 1638.42
4416.28 1635.40
4416.86 1632.35
4417.44 1629.29
4418.01 1626.27
4418.60 1623.16
4419.13 1620.02
4419.65 1616.90
4420.12 1613.73
4420.52 1610.61
4420.71 1607.88
4420.56 1600.17
4420.40 1596.77
4419.89 1593.74
4419.39 1590.74
4418.89 1587.68
4417.85 1584.47
4416.62 1581.60
4415.41 1578.81
4414.17 1575.93
4412.95 1573.09
4411.73 1570.24
4410.50 1567.33
4409.27 1564.40
4408.08 1561.60
4406.89 1558.80
4405.72 1556.02
4404.65 1553.49
4403.70 1551.23
4402.85 1549.24
4402.09 1547.43
4401.80 1546.09
4401.55 1544.54
4401.32 1543.18
4401.11 1541.88
4400.91 1540.67
4401.02 1539.91
4401.27 1538.73
4401.50 1537.62
4401.73 1536.51
4401.94 1535.50
4402.16 1534.43
4402.31 1533.92
4402.89 1533.01
4403.42 1532.17
4403.94 1531.35
4404.48 1530.50
4404.98 1529.79
4405.64 1529.02
4406.35 1528.18
4407.03 1527.40
4407.69 1526.62
4408.32 1526.03
4409.08 1525.38
4409.87 1524.69
4410.69 1523.99
4411.46 1523.32
4412.19 1522.69
4412.80 1522.22
4413.71 1521.68
4414.66 1521.11
4415.47 1520.62
4416.37 1520.09
4417.28 1519.55
4418.20 1519.00
4419.01 1518.51
4419.89 1517.99
4420.83 1517.43
4421.69 1516.91
4422.56 1516.40
4423.41 1515.89
4424.34 1515.34
4425.22 1514.82
4426.13 1514.27
4426.76 1513.86
4427.75 1513.52
4428.68 1513.20
4429.70 1512.84
4430.71 1512.49
4431.61 1512.18
4432.65 1511.82
4433.66 1511.47
4434.61 1511.14
4435.62 1510.79
4436.95 1510.33
4438.31 1509.85
4439.11 1509.57
4439.88 1509.18
4440.54 1508.77
4441.21 1508.40
4441.91 1508.10
4442.60 1507.80
4443.25 1507.53
4443.91 1507.24
4444.82 1506.82
4445.44 1506.38
4446.06 1505.93
4446.63 1505.51
4447.24 1505.07
4447.80 1504.67
4448.68 1503.74
4449.04 1503.05
4449.40 1502.36
4449.75 1501.68
4449.92 1500.15
4449.73 1499.41
4449.55 1498.71
4449.36 1497.97
4448.96 1497.01
4448.51 1496.03
4447.96 1494.76
4447.16 1493.10
4446.09 1491.35
4444.82 1489.29
4443.44 1486.85
4442.08 1484.20
4440.69 1481.46
4439.32 1478.79
4437.95 1476.10
4436.56 1473.37
4435.17 1470.64
4433.76 1467.86
4432.33 1465.04
4430.96 1462.34
4429.53 1459.51
4428.11 1456.69
4426.73 1453.94
4425.31 1451.13
4423.91 1448.35
4422.51 1445.56
4421.10 1442.77
4419.72 1440.03
4418.34 1437.29
4416.94 1434.51
4415.53 1431.68
4414.10 1428.82
4412.74 1426.07
4411.36 1423.31
4409.99 1420.56
4408.59 1417.75
4407.16 1415.01
4405.99 1412.79
4405.00 1410.91
4404.18 1409.33
4403.19 1407.44
4402.47 1406.10
4402.07 1405.35
4401.68 1404.49
4401.31 1403.61
4400.84 1402.86
4400.42 1402.30
4399.78 1401.60
4399.15 1400.91
4398.49 1400.19
4397.97 1399.85
4397.15 1399.33
4396.32 1398.79
4395.80 1398.64
4394.91 1398.42
4394.01 1398.19
4393.80 1398.15
4392.91 1398.07
4391.82 1397.98
4390.77 1397.89
4389.50 1397.73
4388.36 1397.46
4387.34 1397.21
4386.04 1396.60
4385.07 1396.02
4383.94 1395.23
4383.16 1394.52
4382.28 1393.72
4381.46 1392.97
4380.78 1392.30
4379.91 1391.06
4379.58 1390.05
4379.26 1389.06
4378.96 1388.06
4378.69 1387.13
4378.46 1385.93
4378.33 1384.68
4378.44 1383.71
4378.63 1382.54
4378.85 1381.59
4379.07 1380.59
4379.32 1379.57
4379.61 1378.35
4379.91 1377.18
4380.28 1375.87
4380.71 1374.78
4381.12 1374.08
4382.03 1372.90
4382.78 1371.91
4383.25 1371.16
4383.48 1370.66
4383.71 1370.17
4383.82 1368.92
4383.71 1368.36
4383.36 1367.36
4383.02 1366.91
4382.69 1366.46
4382.35 1366.00
4381.74 1365.43
4381.34 1365.10
4380.96 1364.78
4380.54 1364.43
4380.15 1364.10
4379.63 1363.73
4378.89 1363.20
4377.97 1362.55
4376.55 1361.57
4374.97 1360.87
4373.12 1360.06
4370.99 1359.12
4368.60 1358.06
4366.01 1356.92
4363.20 1355.67
4360.41 1354.44
4357.63 1353.22
4354.74 1351.94
4351.92 1350.69
4349.13 1349.46
4346.53 1348.22
4343.92 1346.60
4341.31 1344.99
4338.74 1343.40
4336.05 1341.73
4333.43 1340.10
4330.85 1338.51
4328.14 1336.83
4325.51 1335.20
4322.93 1333.59
4320.31 1331.57
4317.49 1329.34
4314.49 1326.97
4311.28 1324.43
4307.90 1321.75
4304.35 1318.94
4301.02 1316.31
4298.09 1313.99
4295.60 1312.01
4293.58 1310.42
4291.93 1309.11
4290.67 1308.11
4289.11 1306.87
4287.34 1305.46
4285.43 1303.84
4283.30 1302.04
4280.96 1300.06
4278.44 1297.99
4275.92 1296.18
4273.44 1294.40
4270.94 1292.60
4268.36 1290.74
4265.84 1288.89
4263.46 1287.03
4261.05 1285.14
4258.60 1283.22
4256.20 1281.35
4253.70 1279.40
4251.32 1277.53
4248.87 1275.62
4246.39 1273.68
4243.89 1271.72
4241.42 1269.79
4239.01 1267.90
4236.56 1265.99
4234.10 1264.06
4231.68 1262.17
4229.16 1260.20
4226.66 1258.25
4224.21 1256.33
4221.77 1254.43
4219.34 1252.52
4216.81 1250.55
4214.29 1248.58
4211.77 1246.60
4209.35 1244.71
4206.93 1242.82
4204.48 1240.90
4202.06 1239.01
4199.63 1237.11
4197.18 1235.20
4194.63 1233.20
4192.19 1231.38
4189.70 1229.53
4187.20 1227.68
4184.62 1225.76
4182.11 1223.90
4179.69 1222.10
4177.23 1220.27
4174.70 1218.39
4172.26 1216.58
4169.77 1214.73
4167.28 1212.88
4164.84 1211.07
4162.30 1209.18
4159.82 1207.34
4157.35 1205.50
4154.84 1203.63
4152.36 1201.79
4149.90 1199.97
4147.45 1198.14
4144.90 1196.25
4142.44 1194.42
4140.01 1192.62
4137.46 1190.72
4134.88 1188.81
4132.41 1186.98
4129.92 1185.14
4127.38 1183.26
4124.81 1181.37
4122.24 1179.61
4119.67 1177.86
4117.15 1176.14
4114.64 1174.44
4112.16 1172.78
4109.69 1171.12
4107.23 1169.47
4104.64 1167.72
4103.48 1165.54
4102.37 1163.37
4102.30 1160.26
4103.08 1157.96
4104.57 1155.35
4106.14 1152.64
4108.02 1150.41
4110.06 1148.09
4112.02 1145.85
4114.00 1143.59
4116.00 1141.30
4118.02 1138.99
4120.01 1136.72
4122.08 1134.35
4124.06 1132.08
4126.03 1129.84
4128.09 1127.47
4130.17 1125.19
4132.22 1123.04
4134.36 1120.79
4136.52 1118.53
4138.60 1116.34
4140.70 1114.12
4142.78 1111.94
4144.90 1109.71
4146.96 1107.55
4149.03 1105.37
4151.22 1103.20
4153.50 1100.98
4155.79 1098.75
4158.07 1096.52
4160.27 1094.40
4162.55 1092.33
4164.89 1090.22
4167.25 1088.09
4169.61 1085.95
4171.96 1083.82
4174.27 1081.74
4176.64 1079.59
4179.00 1077.52
4181.35 1075.45
4183.71 1073.38
4186.08 1071.29
4188.37 1069.31
4190.75 1067.31
4193.14 1065.63
4195.49 1064.26
4197.23 1063.26
4198.73 1062.39
4199.68 1062.29
4200.91 1062.15
4201.83 1062.04
4202.48 1061.97
4202.86 1061.93
4203.47 1061.86
4204.48 1061.39
4204.99 1061.02
4205.50 1060.66
4206.03 1060.27
4206.55 1059.90
4207.07 1059.53
4207.56 1059.18
4208.06 1058.82
4208.60 1058.44
4209.13 1058.06
4209.67 1057.67
4210.21 1057.29
4210.74 1056.91
4211.26 1056.54
4211.84 1055.88
4212.38 1055.26
4212.96 1054.59
4213.48 1053.99
4214.02 1053.36
4214.60 1052.69
4215.12 1052.10
4215.68 1051.44
4216.26 1050.77
4216.83 1050.11
4217.39 1049.47
4217.93 1048.84
4218.28 1048.76
4219.19 1048.29
4219.80 1047.97
4221.35 1048.07
4223.19 1048.19
4223.98 1048.81
4224.95 1049.53
4225.47 1049.91
4226.22 1050.62
4227.01 1051.36
4227.55 1051.93
4228.13 1052.83
4228.66 1053.66
4229.07 1054.39
4229.41 1055.35
4229.75 1056.32
4230.04 1057.12
4230.20 1058.13
4230.38 1059.21
4230.54 1060.22
4230.63 1060.90
4230.69 1061.60
4230.76 1062.42
4230.73 1062.72
4229.96 1064.02
4229.18 1065.33
4228.99 1065.71
4228.35 1066.05
4227.72 1066.47
4227.27 1066.80
4226.78 1067.16
4226.31 1067.51
4225.59 1068.32
4225.30 1068.87
4225.01 1069.43
4224.64 1070.61
4224.69 1071.24
4224.74 1071.86
4224.78 1072.48
4225.16 1073.51
4225.43 1074.03
4225.72 1074.57
4225.98 1075.08
4226.33 1075.69
4226.83 1076.38
4227.50 1077.32
4228.31 1078.47
4229.31 1079.87
4230.48 1081.50
4231.83 1083.40
4233.30 1085.47
4235.43 1087.73
4237.76 1089.89
4240.11 1092.07
4242.47 1094.25
4244.76 1096.38
4247.09 1098.54
4249.39 1100.66
4251.71 1102.81
4254.02 1104.96
4256.34 1107.10
4258.63 1109.22
4260.94 1111.36
4263.22 1113.48
4265.48 1115.57
4267.75 1117.68
4270.04 1119.80
4272.27 1121.87
4274.47 1123.96
4276.70 1126.09
4278.99 1128.29
4281.25 1130.45
4283.58 1132.69
4285.79 1134.81
4288.07 1136.99
4290.30 1139.13
4292.53 1141.27
4294.75 1143.39
4296.99 1145.54
4299.21 1147.67
4301.50 1149.87
4303.68 1152.05
4305.85 1154.25
4307.99 1156.42
4310.14 1158.59
4312.26 1160.74
4314.44 1163.07
4316.56 1165.34
4318.63 1167.55
4320.74 1169.81
4322.89 1172.11
4324.99 1174.35
4327.09 1176.59
4329.16 1178.80
4331.25 1181.04
4333.40 1183.34
4335.20 1185.19
4336.60 1186.63
4337.94 1187.98
4338.95 1188.98
4339.46 1189.48
4340.27 1190.28
4340.98 1190.92
4341.57 1191.30
4342.11 1191.64
4342.65 1191.99
4343.80 1192.45
4344.50 1192.46
4345.13 1192.46
4345.75 1192.47
4346.96 1192.16
4347.55 1191.85
4348.10 1191.55
4348.65 1191.25
4349.21 1190.96
4349.96 1190.27
4350.41 1189.82
4350.86 1189.36
4351.31 1188.91
4351.79 1188.42
4352.32 1187.87
4352.45 1187.71
4352.51 1187.63
4352.76 1187.40
4353.08 1187.07
4353.23 1186.97
4353.66 1186.73
4353.77 1186.71
4354.27 1186.60
4354.37 1186.65
4354.88 1186.72
4355.13 1186.80
4355.88 1187.02
4356.88 1187.32
4357.38 1187.58
4358.10 1187.98
4358.71 1188.29
4359.31 1188.59
4360.38 1188.92
4361.06 1188.97
4361.76 1189.02
4362.91 1188.93
4363.57 1188.70
4364.24 1188.47
4365.20 1188.08
4365.79 1187.66
4366.29 1187.29
4366.83 1186.89
4367.47 1186.41
4368.25 1185.70
4369.05 1185.33
4370.52 1184.71
4372.21 1183.99
4374.13 1183.18
4376.26 1182.28
4378.58 1181.30
4381.18 1180.21
4384.05 1178.99
4386.90 1177.79
4389.71 1175.94
4392.22 1174.12
4394.45 1172.50
4396.30 1171.16
4397.64 1170.19
4398.69 1169.42
4399.24 1169.03
4399.71 1168.69
4400.20 1168.33
4400.62 1168.03
4398.08 1164.49
4398.08 1164.49
4398.08 1164.49
4398.08 1164.49
4398.08 1164.49
4398.08 1164.49
4398.08 1164.49
4398.08 1164.49
4398.08 1164.49
4398.08 1164.49
4398.08 1164.49
4398.08 1164.49
4398.08 1164.49
4398.08 1164.49
4398.08 1164.49
4398.08 1164.49
4398.08 1164.49
4398.08 1164.49
4398.08 1164.49
4398.08 1164.49
4398.08 1164.49
4398.08 1164.49
4398.08 1164.49
4398.08 1164.49
4398.08 1164.49
4398.08 1164.49
4398.08 1164.49
4398.08 1164.49
4398.08 1164.49
4398.08 1164.49
4398.08 1164.49
4398.08 1164.49
4398.08 1164.49
4398.08 1164.49
4398.08 1164.49
4398.08 1164.49
4398.08 1164.49
4398.08 1164.49
4398.08 1164.49
4398.08 1164.49
4398.08 1164.49
4398.08 1164.49
4398.08 1164.49
4398.08 1164.49
4398.08 1164.49
4398.08 1164.49
4398.08 1164.49
4398.08 1164.49
4398.08 1164.49
4398.08 1164.49
4398.08 1164.49
4398.08 1164.49
4398.08 1164.49
4398.08 1164.49
4398.08 1164.49
4398.08 1164.49
4398.08 1164.49
4398.08 1164.49
4398.08 1164.49
4398.08 1164.49
4398.08 1164.49
4398.08 1164.49
4398.08 1164.49
4398.08 1164.49
4398.08 1164.49
4398.08 1164.49
4398.08 1164.49
4398.08 1164.49
4398.08 1164.49
4398.08 1164.49
4398.08 1164.49
4398.08 1164.49
4398.08 1164.49
4398.08 1164.49
4398.08 1164.49
4398.08 1164.49
4398.08 1164.49
4398.08 1164.49
4398.08 1164.49
4398.08 1164.49
4398.08 1164.49
4398.08 1164.49
4398.08 1164.49
4398.08 1164.49
4398.08 1164.49
4398.08 1164.49
4398.08 1164.49
4398.08 1164.49
4398.08 1164.49
4398.08 1164.49
4398.08 1164.49
4398.08 1164.49
4398.08 1164.49
4398.08 1164.49
4398.08 1164.49
4398.08 1164.49
4398.08 1164.49
4398.08 1164.49
4398.08 1164.49
4398.08 1164.49
4398.08 1164.49
4398.08 1164.49
4398.08 1164.49
4398.08 1164.49
4398.08 1164.49
4398.08 1164.49
4398.08 1164.49
4398.08 1164.49
4398.08 1164.49
4398.08 1164.49
4398.08 1164.49
4398.08 1164.49
4398.08 1164.49
4398.08 1164.49
4398.08 1164.49
4398.08 1164.49
4398.08 1164.49
4398.08 1164.49
4398.08 1164.49
4398.08 1164.49
4398.08 1164.49
4398.08 1164.49
4398.08 1164.49
4398.08 1164.49
4398.08 1164.49
4398.08 1164.49
4398.08 1164.49
4398.08 1164.49
4398.08 1164.49
4398.08 1164.49
4398.08 1164.49
4398.08 1164.49
4398.08 1164.49
4398.08 1164.49
4398.08 1164.49
4398.08 1164.49
4398.08 1164.49
4398.08 1164.49
4398.08 1164.49
4398.08 1164.49
4398.08 1164.49
4398.08 1164.49
4398.08 1164.49
4398.08 1164.49
4398.08 1164.49
4398.08 1164.49
4398.08 1164.49
4398.08 1164.49
4398.08 1164.49
4398.08 1164.49
4398.08 1164.49
4398.08 1164.49
4398.08 1164.49
4398.08 1164.49
4398.08 1164.49
4398.08 1164.49
4398.08 1164.49
4398.08 1164.49
4398.08 1164.49
4398.08 1164.49
4398.08 1164.49
4398.08 1164.49
4398.08 1164.49
4398.08 1164.49
4398.08 1164.49
4398.08 1164.49
4398.08 1164.49
4398.08 1164.49
4398.08 1164.49
4398.08 1164.49
4398.08 1164.49
4398.08 1164.49
4398.08 1164.49
4398.08 1164.49
4398.08 1164.49
4398.08 1164.49
4398.08 1164.49
4398.08 1164.49
4398.08 1164.49
4398.08 1164.49
4398.08 1164.49
4398.08 1164.49
4398.08 1164.49
4398.08 1164.49
4398.08 1164.49
4398.08 1164.49
4398.08 1164.49
4398.08 1164.49
4398.08 1164.49
4398.08 1164.49
4398.08 1164.49
4398.08 1164.49
4398.08 1164.49
4398.08 1164.49
4398.08 1164.49
4398.08 1164.49
4398.08 1164.49
4398.08 1164.49
4398.08 1164.49
4398.08 1164.49
4398.08 1164.49
4398.08 1164.49
4398.08 1164.49
4398.08 1164.49
4398.08 1164.49
4398.08 1164.49
4398.08 1164.49
4398.08 1164.49
4398.08 1164.49
4398.08 1164.49
4398.08 1164.49
4398.08 1164.49
4398.08 1164.49
4398.08 1164.49
4398.08 1164.49
4398.08 1164.49
4398.08 1164.49
4398.08 1164.49
4398.08 1164.49
4398.08 1164.49
4398.08 1164.49
4398.08 1164.49
4398.08 1164.49
4398.08 1164.49
4398.08 1164.49
4398.08 1164.49
4398.08 1164.49
4398.08 1164.49
4398.08 1164.49
4398.08 1164.49
4398.08 1164.49
4398.08 1164.49
4398.08 1164.49
4398.08 1164.49
4398.08 1164.49
4398.08 1164.49
4398.08 1164.49
4398.08 1164.49
4398.08 1164.49
4398.08 1164.49
4398.08 1164.49
4398.08 1164.49
4398.08 1164.49
4398.08 1164.49
4398.08 1164.49
4398.08 1164.49
4398.08 1164.49
4398.08 1164.49
4398.08 1164.49
4398.08 1164.49
4398.08 1164.49
4398.08 1164.49
4398.08 1164.49
4398.08 1164.49
4398.08 1164.49
4398.08 1164.49
4398.08 1164.49
4398.08 1164.49
4398.08 1164.49
4398.08 1164.49
4398.08 1164.49
4398.08 1164.49
4398.08 1164.49
4398.08 1164.49
4398.08 1164.49
4398.08 1164.49
4398.08 1164.49
4398.08 1164.49
4398.08 1164.49
4398.08 1164.49
4398.08 1164.49
4398.08 1164.49
4398.08 1164.49
4398.08 1164.49
4398.08 1164.49
4398.08 1164.49
4398.08 1164.49
4398.08 1164.49
4398.08 1164.49
4398.08 1164.49
4398.08 1164.49
4398.08 1164.49
4398.08 1164.49
4398.08 1164.49
4398.08 1164.49
4398.08 1164.49
4398.08 1164.49
4398.08 1164.49
4398.08 1164.49
4398.08 1164.49
4398.08 1164.49
4398.08 1164.49
4398.08 1164.49
4398.08 1164.49
4398.08 1164.49
4398.08 1164.49
4398.08 1164.49
4398.08 1164.49
4398.08 1164.49
4398.08 1164.49
4398.08 1164.49
4398.08 1164.49
4398.08 1164.49
4398.08 1164.49
4398.08 1164.49
4398.08 1164.49
4398.08 1164.49
4398.08 1164.49
4398.08 1164.49
4398.08 1164.49
4398.08 1164.49
4398.08 1164.49
4398.08 1164.49
4398.08 1164.49
4398.08 1164.49
4398.08 1164.49
4398.08 1164.49
4398.08 1164.49
4398.08 1164.49
4398.08 1164.49
4398.08 1164.49
4398.08 1164.49
4398.08 1164.49
4398.08 1164.49
4398.08 1164.49
4398.08 1164.49
4398.08 1164.49
4398.08 1164.49
4398.08 1164.49
4398.08 1164.49
4398.08 1164.49
4398.08 1164.49
4398.08 1164.49
4398.08 1164.49
4398.08 1164.49
4398.08 1164.49
4398.08 1164.49
4398.08 1164.49
4398.08 1164.49
4398.08 1164.49
4398.08 1164.49
4398.08 1164.49
4398.08 1164.49
4398.08 1164.49
4398.08 1164.49
4398.08 1164.49
4398.08 1164.49
4398.08 1164.49
4398.08 1164.49
4398.08 1164.49
4398.08 1164.49
4398.08 1164.49
4398.08 1164.49
4398.08 1164.49
4398.08 1164.49
4398.08 1164.49
4398.08 1164.49
4398.08 1164.49
4398.08 1164.49
4398.08 1164.49
4398.08 1164.49
4398.08 1164.49
4398.08 1164.49
4398.08 1164.49
4398.08 1164.49
4398.08 1164.49
4398.08 1164.49
4398.08 1164.49
4398.08 1164.49
4398.08 1164.49
4398.08 1164.49
4398.08 1164.49
4398.08 1164.49
4398.08 1164.49
4398.08 1164.49
4398.08 1164.49
4398.08 1164.49
4398.08 1164.49
4398.08 1164.49
4398.08 1164.49
4398.08 1164.49
4398.08 1164.49
4398.08 1164.49
4398.08 1164.49
4398.08 1164.49
4398.08 1164.49
4398.08 1164.49
4398.08 1164.49
4398.08 1164.49
4398.08 1164.49
4398.08 1164.49
4398.08 1164.49
4398.08 1164.49
4398.08 1164.49
4398.08 1164.49
4398.08 1164.49
4398.08 1164.49
4398.08 1164.49
4398.08 1164.49
4398.08 1164.49
4398.08 1164.49
4398.08 1164.49
4398.08 1164.49
4398.08 1164.49
4398.08 1164.49
4398.08 1164.49
4398.08 1164.49
4398.08 1164.49
4398.08 1164.49
4398.08 1164.49
4398.08 1164.49
4398.08 1164.49
4398.08 1164.49
4398.08 1164.49
4398.08 1164.49
4398.08 1164.49
4398.08 1164.49
4398.08 1164.49
4398.08 1164.49
4398.08 1164.49
4398.08 1164.49
4398.08 1164.49
4398.08 1164.49
4398.08 1164.49
4398.08 1164.49
4398.08 1164.49
4398.08 1164.49
4398.08 1164.49
4398.08 1164.49
4398.08 1164.49
4398.08 1164.49
4398.08 1164.49
4398.08 1164.49
4398.08 1164.49
4398.08 1164.49
4398.08 1164.49
4398.08 1164.49
4398.08 1164.49
4398.08 1164.49
4398.08 1164.49
4398.08 1164.49
4398.08 1164.49
4398.08 1164.49
4398.08 1164.49
4398.08 1164.49
4398.08 1164.49
4398.08 1164.49
4398.08 1164.49
4398.08 1164.49
4398.08 1164.49
4398.08 1164.49
4398.08 1164.49
4398.08 1164.49
4398.08 1164.49
4398.08 1164.49
4398.08 1164.49
4398.08 1164.49
4398.08 1164.49
4398.08 1164.49
4398.08 1164.49
4398.08 1164.49
4398.08 1164.49
4398.08 1164.49
4398.08 1164.49
4398.08 1164.49
4398.08 1164.49
4398.08 1164.49
4398.08 1164.49
4398.08 1164.49
4398.08 1164.49
4398.08 1164.49
4398.08 1164.49
4398.08 1164.49
4398.08 1164.49
4398.08 1164.49
4398.08 1164.49
4398.08 1164.49
4398.08 1164.49
4398.08 1164.49
4398.08 1164.49
4398.08 1164.49
4398.08 1164.49
4398.08 1164.49
4398.08 1164.49
4398.08 1164.49
4398.08 1164.49
4398.08 1164.49
4398.08 1164.49
4398.08 1164.49
4398.08 1164.49
4398.08 1164.49
4398.08 1164.49
4398.08 1164.49
4398.08 1164.49
4398.08 1164.49
4398.08 1164.49
4398.08 1164.49
4398.08 1164.49
4398.08 1164.49
4398.08 1164.49
4398.08 1164.49
4398.08 1164.49
4398.08 1164.49
4398.08 1164.49
4398.08 1164.49
4398.08 1164.49
4398.08 1164.49
4398.08 1164.49
4398.08 1164.49
4398.08 1164.49
4398.08 1164.49
4398.08 1164.49
4398.08 1164.49
4398.08 1164.49
4398.08 1164.49
4398.08 1164.49
4398.08 1164.49
4398.08 1164.49
4398.08 1164.49
4398.08 1164.49
4398.08 1164.49
4398.08 1164.49
4398.08 1164.49
4398.08 1164.49
4398.08 1164.49
4398.08 1164.49
4398.08 1164.49
4398.08 1164.49
4398.08 1164.49
4398.08 1164.49
4398.08 1164.49
4398.08 1164.49
4398.08 1164.49
4398.08 1164.49
4398.08 1164.49
4398.08 1164.49
4398.08 1164.49
4398.08 1164.49
4398.08 1164.49
4398.08 1164.49
4398.08 1164.49
4398.08 1164.49
4398.08 1164.49
4398.08 1164.49
4398.08 1164.49
4398.08 1164.49
4398.08 1164.49
4398.08 1164.49
4398.08 1164.49
4398.08 1164.49
4398.08 1164.49
4398.08 1164.49
4398.08 1164.49
4398.08 1164.49
4398.08 1164.49
4398.08 1164.49
4398.08 1164.49
4398.08 1164.49
4398.08 1164.49
4398.08 1164.49
4398.08 1164.49
4398.08 1164.49
4398.08 1164.49
4398.08 1164.49
4398.08 1164.49
4398.08 1164.49
4398.08 1164.49
4398.08 1164.49
4398.08 1164.49
4398.08 1164.49
4398.08 1164.49
4398.08 1164.49
4398.08 1164.49
4398.08 1164.49
4398.08 1164.49
4398.08 1164.49
4398.08 1164.49
4398.08 1164.49
4398.08 1164.49
4398.08 1164.49
4398.08 1164.49
4398.08 1164.49
4398.08 1164.49
4398.08 1164.49
4398.08 1164.49
4398.08 1164.49
4398.08 1164.49
4398.08 1164.49
4398.08 1164.49
4398.08 1164.49
4398.08 1164.49
4398.08 1164.49
4398.08 1164.49
4398.08 1164.49
4398.08 1164.49
4398.08 1164.49
4398.08 1164.49
4398.08 1164.49
4398.08 1164.49
4398.08 1164.49
4398.08 1164.49
4398.08 1164.49
4398.08 1164.49
4398.08 1164.49
4398.08 1164.49
4398.08 1164.49
4398.08 1164.49
4398.08 1164.49
4398.08 1164.49
4398.08 1164.49
4398.08 1164.49
4398.08 1164.49
4398.08 1164.49
4398.08 1164.49
4398.08 1164.49
4398.08 1164.49
4398.08 1164.49
4398.08 1164.49
4398.08 1164.49
4398.08 1164.49
4398.08 1164.49
4398.08 1164.49
4398.08 1164.49
4398.08 1164.49
4398.08 1164.49
4398.08 1164.49
4398.08 1164.49
4398.08 1164.49
4398.08 1164.49
4398.08 1164.49
4398.08 1164.49
4398.08 1164.49
4398.08 1164.49
4398.08 1164.49
4398.08 1164.49
4398.08 1164.49
4398.08 1164.49
4398.08 1164.49
4398.08 1164.49
4398.08 1164.49
4398.08 1164.49
4398.08 1164.49
4398.08 1164.49
4398.08 1164.49
4398.08 1164.49
4398.08 1164.49
4398.08 1164.49
4398.08 1164.49
4398.08 1164.49
4398.08 1164.49
4398.08 1164.49
4398.08 1164.49
4398.08 1164.49
4398.08 1164.49
4398.08 1164.49
4398.08 1164.49
4398.08 1164.49
4398.08 1164.49
4398.08 1164.49
4398.08 1164.49
4398.08 1164.49
4398.08 1164.49
4398.08 1164.49
4398.08 1164.49
4398.08 1164.49
4398.08 1164.49
4398.08 1164.49
4398.08 1164.49
4398.08 1164.49
4398.08 1164.49
4398.08 1164.49
4398.08 1164.49
4398.08 1164.49
4398.08 1164.49
4398.08 1164.49
4398.08 1164.49
4398.08 1164.49
4398.08 1164.49
4398.08 1164.49
4398.08 1164.49
4398.08 1164.49
4398.08 1164.49
4398.08 1164.49
4398.08 1164.49
4398.08 1164.49
4398.08 1164.49
4398.08 1164.49
4398.08 1164.49
4398.08 1164.49
4398.08 1164.49
4398.08 1164.49
4398.08 1164.49
4398.08 1164.49
4398.08 1164.49
4398.08 1164.49
4398.08 1164.49
4398.08 1164.49
4398.08 1164.49
4398.08 1164.49
4398.08 1164.49
4398.08 1164.49
4398.08 1164.49
4398.08 1164.49
4398.08 1164.49
4398.08 1164.49
4398.08 1164.49
4398.08 1164.49
4398.08 1164.49
4398.08 1164.49
4398.08 1164.49
4398.08 1164.49
4398.08 1164.49
4398.08 1164.49
4398.08 1164.49
4398.08 1164.49
4398.08 1164.49
4398.08 1164.49
4398.08 1164.49
4398.08 1164.49
4398.08 1164.49
4398.08 1164.49
4398.08 1164.49
4398.08 1164.49
4398.08 1164.49
4398.08 1164.49
4398.08 1164.49
4398.08 1164.49
4398.08 1164.49
4398.08 1164.49
4398.08 1164.49
4398.08 1164.49
4398.08 1164.49
4398.08 1164.49
4398.08 1164.49
4398.08 1164.49
4398.08 1164.49
4398.08 1164.49
4398.08 1164.49
4398.08 1164.49
4398.08 1164.49
4398.08 1164.49
4398.08 1164.49
4398.08 1164.49
4398.08 1164.49
4398.08 1164.49
4398.08 1164.49
4398.08 1164.49
4398.08 1164.49
4398.08 1164.49
4398.08 1164.49
4398.08 1164.49
4398.08 1164.49
4398.08 1164.49
4398.08 1164.49
4398.08 1164.49
4398.08 1164.49
4398.08 1164.49
4398.08 1164.49
4398.08 1164.49
4398.08 1164.49
4398.08 1164.49
4398.08 1164.49
4398.08 1164.49
4398.08 1164.49
4398.08 1164.49
4398.08 1164.49
4398.08 1164.49
4398.08 1164.49
4398.08 1164.49
4398.08 1164.49
4398.08 1164.49
4398.08 1164.49
4398.08 1164.49
4398.08 1164.49
4398.08 1164.49
4398.08 1164.49
4398.08 1164.49
4398.08 1164.49
4398.08 1164.49
4398.08 1164.49
4398.08 1164.49
4398.08 1164.49
4398.08 1164.49
4398.08 1164.49
4398.08 1164.49
4398.08 1164.49
4398.08 1164.49
4398.08 1164.49
4398.08 1164.49
4398.08 1164.49
4398.08 1164.49
4398.08 1164.49
4398.08 1164.49
4398.08 1164.49
4398.08 1164.49
4398.08 1164.49
4398.08 1164.49
4398.08 1164.49
4398.08 1164.49
4398.08 1164.49
4398.08 1164.49
4398.08 1164.49
4398.08 1164.49
4398.08 1164.49
4398.08 1164.49
4398.08 1164.49
4398.08 1164.49
4398.08 1164.49
4398.08 1164.49
4398.08 1164.49
4398.08 1164.49
4398.08 1164.49
4398.08 1164.49
4398.08 1164.49
4398.08 1164.49
4398.08 1164.49
4398.08 1164.49
4398.08 1164.49
4398.08 1164.49
4398.08 1164.49
4398.08 1164.49
4398.08 1164.49
4398.08 1164.49
4398.08 1164.49
4398.08 1164.49
4398.08 1164.49
4398.08 1164.49
4398.08 1164.49
4398.08 1164.49
4398.08 1164.49
4398.08 1164.49
4398.08 1164.49
4398.08 1164.49
4398.08 1164.49
4398.08 1164.49
4398.08 1164.49
4398.08 1164.49
4398.08 1164.49
4398.08 1164.49
4398.08 1164.49
4398.08 1164.49
4398.08 1164.49
4398.08 1164.49
4398.08 1164.49
4398.08 1164.49
4398.08 1164.49
4398.08 1164.49
4398.08 1164.49
4398.08 1164.49
4398.08 1164.49
4398.08 1164.49
4398.08 1164.49
4398.08 1164.49
4398.08 1164.49
4398.08 1164.49
4398.08 1164.49
4398.08 1164.49
4398.08 1164.49
4398.08 1164.49
4398.08 1164.49
4398.08 1164.49
4398.08 1164.49
4398.08 1164.49
4398.08 1164.49
4398.08 1164.49
4398.08 1164.49
4398.08 1164.49
4398.08 1164.49
4398.08 1164.49
4398.08 1164.49
4398.08 1164.49
4398.08 1164.49
4398.08 1164.49
4398.08 1164.49
4398.08 1164.49
4398.08 1164.49
4398.08 1164.49
4398.08 1164.49
4398.08 1164.49
4398.08 1164.49
4398.08 1164.49
4398.08 1164.49
4398.08 1164.49
4398.08 1164.49
4398.08 1164.49
4398.08 1164.49
4398.08 1164.49
4398.08 1164.49
4398.08 1164.49
4398.08 1164.49
4398.08 1164.49
4398.08 1164.49
4398.08 1164.49
4398.08 1164.49
4398.08 1164.49
4398.08 1164.49
4398.08 1164.49
4398.08 1164.49
4398.08 1164.49
4398.08 1164.49
4398.08 1164.49
4398.08 1164.49
4398.08 1164.49
4398.08 1164.49
4398.08 1164.49
4398.08 1164.49
4398.08 1164.49
4398.08 1164.49
4398.08 1164.49
4398.08 1164.49
4398.08 1164.49
4398.08 1164.49
4398.08 1164.49
4398.08 1164.49
4398.08 1164.49
4398.08 1164.49
4398.08 1164.49
4398.08 1164.49
4398.08 1164.49
4398.08 1164.49
4398.08 1164.49
4398.08 1164.49
4398.08 1164.49
4398.08 1164.49
4398.08 1164.49
4398.08 1164.49
4398.08 1164.49
4398.08 1164.49
4398.08 1164.49
4398.08 1164.49
4398.08 1164.49
4398.08 1164.49
4398.08 1164.49
4398.08 1164.49
4398.08 1164.49
4398.08 1164.49
4398.08 1164.49
4398.08 1164.49
4398.08 1164.49
4398.08 1164.49
4398.08 1164.49
4398.08 1164.49
4398.08 1164.49
4398.08 1164.49
4398.08 1164.49
4398.08 1164.49
4398.08 1164.49
4398.08 1164.49
4398.08 1164.49
4398.08 1164.49
4398.08 1164.49
4398.08 1164.49
4398.08 1164.49
4398.08 1164.49
4398.08 1164.49
4398.08 1164.49
4398.08 1164.49
4398.08 1164.49
4398.08 1164.49
4398.08 1164.49
4398.08 1164.49
4398.08 1164.49
4398.08 1164.49
4398.08 1164.49
4398.08 1164.49
4398.08 1164.49
4398.08 1164.49
4398.08 1164.49
4398.08 1164.49
4398.08 1164.49
4398.08 1164.49
4398.08 1164.49
4398.08 1164.49
4398.08 1164.49
4398.08 1164.49
4398.08 1164.49
4398.08 1164.49
4398.08 1164.49
4398.08 1164.49
4398.08 1164.49
4398.08 1164.49
4398.08 1164.49
4398.08 1164.49
4398.08 1164.49
4398.08 1164.49
4398.08 1164.49
4398.08 1164.49
4398.08 1164.49
4398.08 1164.49
4398.08 1164.49
4398.08 1164.49
4398.08 1164.49
4398.08 1164.49
4398.08 1164.49
4398.08 1164.49
4398.08 1164.49
4398.08 1164.49
4398.08 1164.49
4398.08 1164.49
4398.08 1164.49
4398.08 1164.49
4398.08 1164.49
4398.08 1164.49
4398.08 1164.49
4398.08 1164.49
4398.08 1164.49
4398.08 1164.49
4398.08 1164.49
4398.08 1164.49
4398.08 1164.49
4398.08 1164.49
4398.08 1164.49
4398.08 1164.49
4398.08 1164.49
4398.08 1164.49
4398.08 1164.49
4398.08 1164.49
4398.08 1164.49
4398.08 1164.49
4398.08 1164.49
4398.08 1164.49
4398.08 1164.49
4398.08 1164.49
4398.08 1164.49
4398.08 1164.49
4398.08 1164.49
4398.08 1164.49
4398.08 1164.49
4398.08 1164.49
4398.08 1164.49
4398.08 1164.49
4398.08 1164.49
4398.08 1164.49
4398.08 1164.49
4398.08 1164.49
4398.08 1164.49
4398.08 1164.49
4398.08 1164.49
4398.08 1164.49
4398.08 1164.49
4398.08 1164.49
4398.08 1164.49
4398.08 1164.49
4398.08 1164.49
4398.08 1164.49
4398.08 1164.49
4398.08 1164.49
4398.08 1164.49
4398.08 1164.49
4398.08 1164.49
4398.08 1164.49
4398.08 1164.49
4398.08 1164.49
4398.08 1164.49
4398.08 1164.49
4398.08 1164.49
4398.08 1164.49
4398.08 1164.49
4398.08 1164.49
4398.08 1164.49
4398.08 1164.49
4398.08 1164.49
4398.08 1164.49
4398.08 1164.49
4398.08 1164.49
4398.08 1164.49
4398.08 1164.49
4398.08 1164.49
4398.08 1164.49
4398.08 1164.49
4398.08 1164.49
4398.08 1164.49
4398.08 1164.49
4398.08 1164.49
4398.08 1164.49
4398.08 1164.49
4398.08 1164.49
4398.08 1164.49
4398.08 1164.49
4398.08 1164.49
4398.08 1164.49
4398.08 1164.49
4398.08 1164.49
4398.08 1164.49
4398.08 1164.49
4398.08 1164.49
4398.08 1164.49
4398.08 1164.49
4398.08 1164.49
4398.08 1164.49
4398.08 1164.49
4398.08 1164.49
4398.08 1164.49
4398.08 1164.49
4398.08 1164.49
4398.08 1164.49
4398.08 1164.49
4398.08 1164.49
4398.08 1164.49
4398.08 1164.49
4398.08 1164.49
4398.08 1164.49
4398.08 1164.49
4398.08 1164.49
4398.08 1164.49
4398.08 1164.49
4398.08 1164.49
4398.08 1164.49
4398.08 1164.49
4398.08 1164.49
4398.08 1164.49
4398.08 1164.49
4398.08 1164.49
4398.08 1164.49
4398.08 1164.49
4398.08 1164.49
4398.08 1164.49
4398.08 1164.49
4398.08 1164.49
4398.08 1164.49
4398.08 1164.49
4398.08 1164.49
4398.08 1164.49
4398.08 1164.49
4398.08 1164.49
4398.08 1164.49
4398.08 1164.49
4398.08 1164.49
4398.08 1164.49
4398.08 1164.49
4398.08 1164.49
4398.08 1164.49
4398.08 1164.49
4398.08 1164.49
4398.08 1164.49
4398.08 1164.49
4398.08 1164.49
4398.08 1164.49
4398.08 1164.49
4398.08 1164.49
4398.08 1164.49
4398.08 1164.49
4398.08 1164.49
4398.08 1164.49
4398.08 1164.49
4398.08 1164.49
4398.08 1164.49
4398.08 1164.49
4398.08 1164.49
4398.08 1164.49
4398.08 1164.49
4398.08 1164.49
4398.08 1164.49
4398.08 1164.49
4398.08 1164.49
4398.08 1164.49
4398.08 1164.49
4398.08 1164.49
4398.08 1164.49
4398.08 1164.49
4398.08 1164.49
4398.08 1164.49
4398.08 1164.49
4398.08 1164.49
4398.08 1164.49
4398.08 1164.49
4398.08 1164.49
4398.08 1164.49
4398.08 1164.49
4398.08 1164.49
4398.08 1164.49
4398.08 1164.49
4398.08 1164.49
4398.08 1164.49
4398.08 1164.49
4398.08 1164.49
4398.08 1164.49
4398.08 1164.49
4398.08 1164.49
4398.08 1164.49
4398.08 1164.49
4398.08 1164.49
4398.08 1164.49
4398.08 1164.49
4398.08 1164.49
4398.08 1164.49
4398.08 1164.49
4398.08 1164.49
4398.08 1164.49
4398.08 1164.49
4398.08 1164.49
4398.08 1164.49
4398.08 1164.49
4398.08 1164.49
4398.08 1164.49
4398.08 1164.49
4398.08 1164.49
4398.08 1164.49
4398.08 1164.49
4398.08 1164.49
4398.08 1164.49
4398.08 1164.49
4398.08 1164.49
4398.08 1164.49
4398.08 1164.49
4398.08 1164.49
4398.08 1164.49
