3660.58 1103.96
3660.50 1103.62
3660.34 1102.94
3660.12 1102.00
3659.84 1100.76
3659.49 1099.34
3659.38 1098.06
3659.49 1096.00
3659.62 1093.67
3660.07 1091.95
3661.48 1090.46
3662.42 1089.57
3663.48 1088.68
3664.52 1087.82
3665.39 1087.14
3666.64 1086.54
3667.83 1085.97
3668.79 1085.47
3670.26 1085.16
3671.36 1084.93
3672.67 1084.65
3673.09 1084.56
3674.06 1084.56
3675.32 1084.57
3675.98 1084.57
3676.91 1084.64
3677.91 1084.77
3678.71 1085.04
3679.27 1085.09
3679.98 1085.29
3680.25 1085.31
3680.69 1085.78
3681.20 1086.73
3681.94 1087.76
3682.74 1088.75
3683.56 1089.61
3683.55 1090.10
3683.82 1091.32
3684.05 1092.38
3684.29 1093.43
3684.51 1094.46
3684.73 1095.47
3684.86 1096.03
3685.03 1096.85
3685.38 1097.00
3685.02 1098.18
3684.97 1099.00
3685.03 1100.33
3685.16 1101.15
3685.30 1101.97
3685.74 1103.11
3686.12 1103.95
3686.61 1104.96
3687.14 1105.72
3687.62 1106.43
3688.14 1107.18
3688.61 1107.92
3688.88 1108.53
3689.17 1109.96
3689.87 1112.55
3690.47 1114.29
3690.91 1116.69
3691.17 1119.20
3691.42 1121.96
3691.90 1125.02
3692.43 1128.41
3692.97 1131.87
3693.53 1135.44
3694.09 1138.97
3694.84 1142.16
3696.36 1145.31
3697.94 1148.61
3699.48 1151.81
3701.04 1155.06
3702.59 1158.28
3704.17 1161.58
3705.71 1164.78
3707.22 1167.94
3708.76 1171.14
3710.34 1174.43
3711.86 1177.59
3713.38 1180.76
3714.91 1183.94
3716.48 1187.20
3718.05 1190.33
3719.68 1193.44
3721.37 1196.52
3722.96 1199.38
3724.49 1202.56
3726.01 1205.84
3727.53 1209.29
3729.08 1212.48
3730.73 1215.75
3732.34 1218.77
3734.20 1221.88
3735.98 1224.95
3737.71 1228.09
3739.59 1231.02
3741.68 1234.03
3743.86 1237.06
3745.82 1239.97
3747.84 1242.97
3749.58 1245.66
3751.59 1248.53
3753.67 1251.38
3756.01 1254.49
3758.06 1257.41
3760.02 1260.31
3761.82 1263.11
3763.93 1266.15
3766.06 1269.11
3768.23 1272.03
3770.24 1274.93
3772.26 1277.95
3774.18 1280.96
3776.71 1283.64
3779.32 1286.31
3781.94 1288.91
3784.37 1291.49
3786.76 1294.10
3789.26 1296.93
3791.81 1299.63
3794.42 1302.31
3796.67 1304.51
3799.16 1307.15
3801.86 1309.99
3804.76 1312.17
3807.80 1314.29
3810.76 1316.28
3813.55 1318.07
3816.84 1320.30
3820.20 1321.54
3823.23 1322.73
3826.65 1323.93
3830.02 1325.06
3833.72 1325.97
3837.16 1326.94
3840.53 1327.96
3843.87 1329.04
3847.39 1330.30
3851.26 1332.02
3853.56 1333.50
3857.64 1335.21
3862.06 1336.53
3867.72 1337.95
3871.87 1338.90
3875.43 1339.65
3878.11 1340.14
3881.86 1341.00
3885.76 1342.00
3890.72 1343.40
3894.31 1344.32
3897.85 1345.16
3900.63 1345.74
3903.42 1347.38
3906.75 1349.75
3911.63 1354.36
3913.20 1357.69
3914.80 1360.96
3915.03 1361.16
3916.67 1364.72
3918.36 1368.56
3921.48 1375.61
3923.05 1379.03
3924.63 1382.30
3924.88 1382.57
3925.88 1385.48
3925.85 1389.63
3925.80 1398.45
3925.83 1402.16
3925.93 1405.68
3926.04 1404.91
3926.08 1408.83
3926.05 1412.96
3926.05 1421.65
3926.14 1425.45
3926.29 1429.01
3926.40 1428.52
3926.49 1432.48
3926.52 1436.72
3926.30 1445.62
3925.19 1449.27
3924.22 1452.69
3924.72 1451.46
3923.59 1455.17
3922.30 1459.22
3919.45 1468.17
3918.32 1471.90
3917.30 1475.41
3917.77 1474.34
3916.59 1477.96
3915.26 1481.81
3912.30 1490.44
3911.13 1494.02
3910.11 1497.34
3910.52 1496.48
3909.26 1500.32
3907.87 1504.37
3904.93 1512.95
3903.71 1516.68
3902.66 1520.07
3903.02 1519.39
3901.76 1523.22
3900.34 1527.37
3897.42 1535.88
3896.15 1539.73
3894.82 1543.16
3895.32 1542.39
3893.67 1546.02
3891.85 1549.87
3888.01 1558.01
3886.40 1561.57
3884.98 1564.85
3885.38 1564.27
3883.73 1567.91
3881.90 1571.79
3878.11 1579.82
3876.46 1583.46
3875.05 1586.72
3875.41 1586.22
3873.84 1589.69
3872.06 1593.45
3868.48 1601.03
3866.92 1604.42
3865.42 1607.66
3865.72 1607.33
3864.06 1610.75
3862.19 1614.45
3858.44 1621.88
3856.80 1625.26
3855.28 1628.53
3855.46 1628.44
3853.73 1631.99
3851.86 1635.70
3848.19 1642.98
3846.53 1646.38
3845.00 1649.66
3845.11 1649.73
3843.41 1653.23
3841.64 1656.74
3837.00 1663.67
3834.94 1666.85
3833.07 1669.85
3833.26 1669.78
3831.09 1673.13
3828.75 1676.63
3824.19 1683.43
3822.10 1686.65
3820.24 1689.64
3820.32 1689.74
3818.20 1693.01
3815.91 1696.43
3809.23 1701.57
3806.25 1703.84
3803.46 1706.06
3804.34 1705.54
3801.34 1707.83
3798.02 1710.28
3790.96 1715.51
3787.99 1717.77
3785.25 1719.95
3785.95 1719.56
3782.85 1721.93
3779.43 1724.46
3771.50 1728.85
3767.90 1730.24
3764.61 1731.58
3766.01 1731.17
3762.40 1732.56
3758.42 1734.03
3749.65 1737.28
3746.12 1738.64
3742.88 1739.95
3744.05 1739.64
3740.34 1741.07
3736.36 1742.53
3727.06 1744.78
3723.19 1745.37
3719.58 1745.98
3721.36 1745.83
3717.47 1746.43
3713.20 1747.02
3703.43 1748.38
3699.49 1748.98
3696.01 1749.57
3697.61 1749.45
3693.75 1750.04
3689.64 1750.61
3680.21 1751.92
3676.39 1752.50
3672.95 1753.08
3674.32 1753.00
3670.61 1753.57
3667.16 1754.00
3657.24 1752.25
3653.68 1751.67
3650.23 1751.17
3652.30 1751.64
3648.45 1751.01
3644.33 1750.28
3634.39 1748.53
3630.61 1747.91
3627.01 1747.39
3628.82 1747.81
3624.97 1747.18
3620.87 1746.45
3611.24 1744.76
3607.26 1743.93
3603.90 1742.52
3606.16 1743.64
3602.66 1742.11
3598.87 1740.37
3589.40 1736.08
3586.00 1734.58
3582.77 1733.23
3584.93 1734.32
3581.37 1732.75
3577.56 1731.01
3568.21 1726.77
3564.74 1725.24
3561.44 1723.86
3563.30 1724.82
3560.27 1723.12
3557.17 1720.31
3548.92 1712.88
3546.04 1710.35
3543.27 1708.00
3545.40 1710.04
3542.52 1707.51
3540.18 1704.57
3533.62 1694.87
3531.42 1691.70
3529.36 1688.84
3531.22 1691.74
3528.98 1688.50
3526.59 1684.95
3522.06 1673.97
3520.55 1670.38
3519.13 1667.15
3520.52 1670.80
3518.96 1667.06
3517.31 1662.98
3512.77 1651.80
3511.24 1648.16
3509.87 1644.52
3511.11 1648.34
3509.81 1644.90
3508.98 1640.78
3506.46 1628.72
3505.64 1624.99
3504.83 1621.56
3505.60 1625.67
3504.76 1621.87
3503.93 1617.80
3501.46 1605.93
3500.64 1602.17
3500.75 1598.05
3500.52 1602.53
3500.46 1599.25
3501.05 1595.22
3502.87 1582.37
3503.35 1578.63
3503.76 1575.04
3503.00 1579.83
3503.51 1575.90
3504.12 1571.75
3505.98 1558.93
3506.70 1555.12
3507.29 1551.67
3506.25 1556.43
3506.98 1552.57
3507.85 1548.35
3510.39 1535.63
3511.13 1531.71
3512.23 1527.94
3510.73 1532.81
3511.40 1529.36
3513.31 1525.56
3519.30 1513.44
3521.00 1509.93
3522.48 1506.72
3520.08 1511.40
3521.78 1507.86
3523.65 1504.14
3529.55 1492.23
3532.44 1489.02
3534.88 1486.34
3530.67 1490.62
3533.33 1487.80
3536.21 1484.82
3545.90 1474.71
3548.50 1471.94
3551.46 1469.39
3546.79 1473.48
3549.24 1470.89
3552.56 1468.50
3564.11 1460.06
3567.11 1457.83
3569.99 1455.61
3564.89 1459.25
3568.04 1456.91
3571.43 1454.47
3584.29 1447.94
3587.82 1446.66
3591.12 1445.41
3584.50 1447.66
3588.16 1446.34
3592.04 1445.01
3606.05 1440.08
3609.56 1438.81
3613.40 1437.68
3606.61 1439.68
3610.25 1438.36
3613.94 1437.55
3629.34 1435.97
3633.12 1435.55
3636.75 1435.08
3629.37 1435.77
3633.18 1435.35
3637.28 1434.96
3641.65 1434.47
3646.37 1433.95
3651.28 1433.40
3656.48 1432.82
3661.98 1432.21
3667.64 1431.78
3673.65 1431.56
3679.93 1431.34
3686.58 1431.10
3693.48 1430.85
3700.69 1430.59
3708.09 1430.33
3715.31 1430.21
3722.69 1430.54
3729.98 1430.87
3737.35 1431.20
3744.66 1431.53
3752.01 1431.86
3759.33 1432.16
3766.70 1432.42
3774.00 1432.67
3781.32 1432.93
3788.89 1432.14
3796.12 1431.34
3803.32 1430.54
3810.64 1429.72
3817.91 1428.92
3825.08 1428.12
3832.26 1427.32
3839.56 1426.51
3846.84 1424.22
3853.76 1421.84
3860.64 1419.46
3867.46 1417.11
3874.32 1414.75
3881.20 1412.37
3883.94 1411.51
3885.72 1411.01
3887.54 1410.49
3889.35 1409.98
3891.17 1409.47
3892.95 1408.96
3894.75 1408.45
3896.53 1407.95
3898.32 1407.44
3900.10 1406.94
3901.92 1406.42
3903.74 1405.91
3905.54 1405.40
3907.35 1404.88
3909.14 1404.38
3915.35 1401.19
3921.76 1397.80
3928.27 1394.36
3934.66 1390.97
3941.12 1387.22
3947.32 1383.52
3953.54 1379.81
3959.88 1376.03
3966.10 1372.32
3972.39 1368.57
3978.08 1363.44
3983.25 1358.18
3988.39 1352.96
3993.51 1347.76
3998.60 1342.59
4003.10 1336.42
4006.88 1330.22
4010.69 1323.96
4014.45 1317.77
4017.98 1310.93
4020.21 1304.06
4022.50 1297.03
4024.75 1290.10
4027.01 1283.15
4029.00 1275.91
4030.15 1268.75
4031.32 1261.48
4032.47 1254.33
4033.64 1247.04
4034.49 1239.69
4035.00 1232.46
4035.58 1225.18
4036.16 1217.89
4036.67 1210.68
4037.25 1203.31
4036.86 1195.70
4035.31 1188.81
4033.85 1182.54
4032.58 1176.87
4031.44 1171.81
4030.45 1167.37
4029.59 1163.53
4028.87 1160.31
4028.28 1157.71
4027.98 1155.93
4027.91 1154.38
4027.38 1151.99
4026.38 1150.21
4025.11 1148.28
4023.66 1146.08
4022.06 1143.66
4020.29 1140.97
4018.34 1138.01
4016.34 1134.97
4014.37 1131.97
4012.41 1129.02
4010.76 1125.84
4009.06 1122.56
4007.33 1119.37
4005.68 1116.20
4004.00 1112.96
4002.33 1109.75
4000.71 1106.61
3999.15 1103.46
3997.53 1100.16
3995.88 1096.99
3994.22 1093.84
3992.67 1090.90
3991.34 1088.40
3990.19 1086.33
3989.86 1084.41
3989.93 1082.27
3989.99 1080.65
3990.03 1079.44
3990.05 1078.85
3990.07 1078.25
3990.10 1077.27
3990.22 1076.10
3990.41 1074.54
3990.62 1072.78
3990.84 1070.96
3991.07 1069.03
3991.54 1067.45
3992.13 1065.62
3992.69 1063.89
3993.27 1062.07
3993.97 1060.71
3994.87 1059.19
3995.80 1057.61
3996.77 1055.97
3997.78 1054.76
3999.10 1053.38
4000.37 1052.05
4001.67 1050.70
4002.66 1049.67
4003.51 1048.67
4004.46 1047.57
4005.08 1045.77
4005.39 1044.06
4005.34 1042.73
4005.28 1041.35
4005.38 1040.07
4005.50 1038.64
4005.64 1037.30
4005.98 1035.62
4006.38 1033.62
4006.84 1031.33
4005.88 1028.26
4004.70 1025.63
4003.43 1022.78
4002.02 1019.64
4000.50 1016.24
3998.97 1012.83
3997.45 1009.43
3995.51 1005.95
3993.10 1003.08
3990.69 1000.20
3988.62 997.73
3986.92 995.70
3985.51 994.01
3984.45 992.75
3983.57 991.70
3983.10 991.13
3982.72 990.69
3982.35 990.24
3982.08 989.92
3982.06 989.89
3982.06 989.89
3982.06 989.89
3981.91 989.69
3981.54 989.17
3981.03 988.44
3980.41 987.56
3979.82 986.73
3979.42 985.97
3979.00 985.00
3978.59 984.03
3978.31 983.43
3978.19 982.35
3978.07 981.32
3977.95 980.66
3978.18 979.69
3978.43 978.64
3978.64 977.75
3979.18 976.49
3979.83 974.96
3980.57 973.23
3981.38 971.33
3982.29 969.18
3982.58 966.26
3982.60 963.41
3982.62 960.24
3982.64 956.74
3981.91 952.94
3980.69 949.60
3979.48 946.29
3978.29 943.04
3978.06 940.14
3978.21 936.66
3978.36 933.10
3978.50 929.59
3980.58 927.82
3983.00 925.34
3985.41 922.88
3987.90 920.34
3990.31 917.87
3992.80 915.32
3995.26 912.81
3997.66 910.35
4000.33 908.50
4003.21 906.65
4006.18 904.73
4009.09 902.86
4011.98 901.00
4014.97 899.07
4017.76 897.43
4021.25 896.39
4024.67 895.36
4028.14 894.32
4030.91 894.04
4034.20 895.19
4037.49 896.33
4040.85 897.50
4043.77 898.82
4046.64 901.01
4049.48 903.17
4051.55 905.66
4053.59 908.51
4056.05 911.71
4059.24 913.39
4062.42 914.96
4065.68 916.45
4069.54 917.19
4072.75 917.50
4075.68 917.78
4078.33 918.02
4080.61 918.17
4082.64 918.26
4084.28 918.34
4085.66 918.40
4087.26 918.31
4088.47 918.00
4089.46 917.74
4090.54 917.46
4091.56 917.19
4092.57 916.93
4093.54 916.68
4094.13 916.52
4095.09 916.27
4095.63 916.13
4096.53 915.90
4097.50 915.53
4098.22 915.20
4099.25 914.50
4099.87 913.87
4100.61 913.02
4101.02 912.25
4101.43 911.49
4101.87 910.49
4102.09 909.74
4102.33 908.95
4102.58 908.13
4102.70 907.62
4102.96 906.50
4103.27 905.10
4103.61 903.62
4104.03 902.38
4104.50 901.03
4105.20 900.04
4105.88 899.05
4106.97 898.04
4108.04 897.04
4109.03 896.14
4109.41 895.63
4109.96 895.54
4110.43 895.46
4110.82 895.39
4111.18 895.34
4111.77 895.26
4112.35 895.18
4112.97 895.09
4113.51 895.02
4114.11 894.93
4114.51 894.92
4115.07 894.95
4116.01 895.00
4116.67 895.11
4117.66 895.50
4118.23 895.72
4118.86 896.04
4119.75 896.57
4120.25 896.87
4121.01 897.32
4121.82 897.76
4122.52 898.03
4123.16 898.27
4124.41 898.58
4125.07 898.49
4125.80 898.39
4127.03 898.03
4127.66 897.60
4128.28 897.16
4129.14 896.48
4129.61 895.89
4130.03 895.35
4130.48 894.77
4130.91 894.22
4131.38 893.51
4131.79 892.90
4132.79 891.95
4134.05 890.76
4135.49 889.38
4137.10 887.86
4138.90 886.14
4140.85 884.29
4142.95 882.30
4145.23 880.12
4147.71 877.78
4150.48 875.59
4153.22 873.42
4156.00 871.21
4158.75 869.04
4161.48 866.87
4164.22 864.71
4167.07 862.45
4169.93 860.18
4172.68 858.00
4175.49 855.77
4178.23 853.60
4181.05 851.36
4183.84 849.16
4186.67 846.91
4189.48 844.97
4192.40 843.07
4195.33 841.15
4198.28 839.22
4201.20 837.32
4204.22 835.34
4207.21 833.39
4210.27 831.51
4213.29 829.76
4216.43 827.94
4219.61 826.10
4222.69 824.32
4225.86 822.49
4228.95 820.70
4232.05 818.95
4234.87 817.39
4238.20 816.38
4241.65 815.34
4245.06 814.31
4248.44 813.49
4251.93 812.83
4255.53 812.12
4259.03 811.39
4262.50 810.64
4266.04 809.90
4269.55 809.31
4273.12 808.94
4276.63 808.65
4280.11 808.48
4283.75 808.31
4287.32 808.14
4290.90 807.97
4294.56 807.80
4298.13 807.64
4301.71 807.47
4305.20 807.31
4308.83 807.14
4312.44 806.97
4315.94 806.80
4319.60 806.63
4323.20 806.46
4326.76 806.30
4330.32 806.13
4333.87 805.97
4337.54 805.79
4340.58 805.65
4342.99 805.53
4344.78 805.45
4345.86 805.47
4346.57 805.71
4347.59 806.00
4348.61 806.29
4348.98 806.40
4349.69 807.20
4350.32 807.91
4350.99 808.66
4351.28 809.07
4351.59 810.05
4351.88 810.95
4352.20 811.96
4352.52 812.94
4352.67 813.67
4352.75 814.73
4352.82 815.77
4352.89 816.77
4352.96 817.82
4353.03 818.78
4353.10 819.79
4353.09 820.64
4353.08 821.88
4353.06 823.41
4353.04 825.20
4353.02 827.29
4353.00 829.51
4352.98 831.37
4352.96 832.75
4352.95 833.84
4352.95 834.44
4352.94 834.99
4352.93 835.46
4357.28 835.49
4357.28 835.49
4357.28 835.49
4357.28 835.49
4357.28 835.49
4357.28 835.49
4357.28 835.49
4357.28 835.49
4357.28 835.49
4357.28 835.49
4357.28 835.49
4357.28 835.49
4357.28 835.49
4357.28 835.49
4357.28 835.49
4357.28 835.49
4357.28 835.49
4357.28 835.49
4357.28 835.49
4357.28 835.49
4357.28 835.49
4357.28 835.49
4357.28 835.49
4357.28 835.49
4357.28 835.49
4357.28 835.49
4357.28 835.49
4357.28 835.49
4357.28 835.49
4357.28 835.49
4357.28 835.49
4357.28 835.49
4357.28 835.49
4357.28 835.49
4357.28 835.49
4357.28 835.49
4357.28 835.49
4357.28 835.49
4357.28 835.49
4357.28 835.49
4357.28 835.49
4357.28 835.49
4357.28 835.49
4357.28 835.49
4357.28 835.49
4357.28 835.49
4357.28 835.49
4357.28 835.49
4357.28 835.49
4357.28 835.49
4357.28 835.49
4357.28 835.49
4357.28 835.49
4357.28 835.49
4357.28 835.49
4357.28 835.49
4357.28 835.49
4357.28 835.49
4357.28 835.49
4357.28 835.49
4357.28 835.49
4357.28 835.49
4357.28 835.49
4357.28 835.49
4357.28 835.49
4357.28 835.49
4357.28 835.49
4357.28 835.49
4357.28 835.49
4357.28 835.49
4357.28 835.49
4357.28 835.49
4357.28 835.49
4357.28 835.49
4357.28 835.49
4357.28 835.49
4357.28 835.49
4357.28 835.49
4357.28 835.49
4357.28 835.49
4357.28 835.49
4357.28 835.49
4357.28 835.49
4357.28 835.49
4357.28 835.49
4357.28 835.49
4357.28 835.49
4357.28 835.49
4357.28 835.49
4357.28 835.49
4357.28 835.49
4357.28 835.49
4357.28 835.49
4357.28 835.49
4357.28 835.49
4357.28 835.49
4357.28 835.49
4357.28 835.49
4357.28 835.49
4357.28 835.49
4357.28 835.49
4357.28 835.49
4357.28 835.49
4357.28 835.49
4357.28 835.49
4357.28 835.49
4357.28 835.49
4357.28 835.49
4357.28 835.49
4357.28 835.49
4357.28 835.49
4357.28 835.49
4357.28 835.49
4357.28 835.49
4357.28 835.49
4357.28 835.49
4357.28 835.49
4357.28 835.49
4357.28 835.49
4357.28 835.49
4357.28 835.49
4357.28 835.49
4357.28 835.49
4357.28 835.49
4357.28 835.49
4357.28 835.49
4357.28 835.49
4357.28 835.49
4357.28 835.49
4357.28 835.49
4357.28 835.49
4357.28 835.49
4357.28 835.49
4357.28 835.49
4357.28 835.49
4357.28 835.49
4357.28 835.49
4357.28 835.49
4357.28 835.49
4357.28 835.49
4357.28 835.49
4357.28 835.49
4357.28 835.49
4357.28 835.49
4357.28 835.49
4357.28 835.49
4357.28 835.49
4357.28 835.49
4357.28 835.49
4357.28 835.49
4357.28 835.49
4357.28 835.49
4357.28 835.49
4357.28 835.49
4357.28 835.49
4357.28 835.49
4357.28 835.49
4357.28 835.49
4357.28 835.49
4357.28 835.49
4357.28 835.49
4357.28 835.49
4357.28 835.49
4357.28 835.49
4357.28 835.49
4357.28 835.49
4357.28 835.49
4357.28 835.49
4357.28 835.49
4357.28 835.49
4357.28 835.49
4357.28 835.49
4357.28 835.49
4357.28 835.49
4357.28 835.49
4357.28 835.49
4357.28 835.49
4357.28 835.49
4357.28 835.49
4357.28 835.49
4357.28 835.49
4357.28 835.49
4357.28 835.49
4357.28 835.49
4357.28 835.49
4357.28 835.49
4357.28 835.49
4357.28 835.49
4357.28 835.49
4357.28 835.49
4357.28 835.49
4357.28 835.49
4357.28 835.49
4357.28 835.49
4357.28 835.49
4357.28 835.49
4357.28 835.49
4357.28 835.49
4357.28 835.49
4357.28 835.49
4357.28 835.49
4357.28 835.49
4357.28 835.49
4357.28 835.49
4357.28 835.49
4357.28 835.49
4357.28 835.49
4357.28 835.49
4357.28 835.49
4357.28 835.49
4357.28 835.49
4357.28 835.49
4357.28 835.49
4357.28 835.49
4357.28 835.49
4357.28 835.49
4357.28 835.49
4357.28 835.49
4357.28 835.49
4357.28 835.49
4357.28 835.49
4357.28 835.49
4357.28 835.49
4357.28 835.49
4357.28 835.49
4357.28 835.49
4357.28 835.49
4357.28 835.49
4357.28 835.49
4357.28 835.49
4357.28 835.49
4357.28 835.49
4357.28 835.49
4357.28 835.49
4357.28 835.49
4357.28 835.49
4357.28 835.49
4357.28 835.49
4357.28 835.49
4357.28 835.49
4357.28 835.49
4357.28 835.49
4357.28 835.49
4357.28 835.49
4357.28 835.49
4357.28 835.49
4357.28 835.49
4357.28 835.49
4357.28 835.49
4357.28 835.49
4357.28 835.49
4357.28 835.49
4357.28 835.49
4357.28 835.49
4357.28 835.49
4357.28 835.49
4357.28 835.49
4357.28 835.49
4357.28 835.49
4357.28 835.49
4357.28 835.49
4357.28 835.49
4357.28 835.49
4357.28 835.49
4357.28 835.49
4357.28 835.49
4357.28 835.49
4357.28 835.49
4357.28 835.49
4357.28 835.49
4357.28 835.49
4357.28 835.49
4357.28 835.49
4357.28 835.49
4357.28 835.49
4357.28 835.49
4357.28 835.49
4357.28 835.49
4357.28 835.49
4357.28 835.49
4357.28 835.49
4357.28 835.49
4357.28 835.49
4357.28 835.49
4357.28 835.49
4357.28 835.49
4357.28 835.49
4357.28 835.49
4357.28 835.49
4357.28 835.49
4357.28 835.49
4357.28 835.49
4357.28 835.49
4357.28 835.49
4357.28 835.49
4357.28 835.49
4357.28 835.49
4357.28 835.49
4357.28 835.49
4357.28 835.49
4357.28 835.49
4357.28 835.49
4357.28 835.49
4357.28 835.49
4357.28 835.49
4357.28 835.49
4357.28 835.49
4357.28 835.49
4357.28 835.49
4357.28 835.49
4357.28 835.49
4357.28 835.49
4357.28 835.49
4357.28 835.49
4357.28 835.49
4357.28 835.49
4357.28 835.49
4357.28 835.49
4357.28 835.49
4357.28 835.49
4357.28 835.49
4357.28 835.49
4357.28 835.49
4357.28 835.49
4357.28 835.49
4357.28 835.49
4357.28 835.49
4357.28 835.49
4357.28 835.49
4357.28 835.49
4357.28 835.49
4357.28 835.49
4357.28 835.49
4357.28 835.49
4357.28 835.49
4357.28 835.49
4357.28 835.49
4357.28 835.49
4357.28 835.49
4357.28 835.49
4357.28 835.49
4357.28 835.49
4357.28 835.49
4357.28 835.49
4357.28 835.49
4357.28 835.49
4357.28 835.49
4357.28 835.49
4357.28 835.49
4357.28 835.49
4357.28 835.49
4357.28 835.49
4357.28 835.49
4357.28 835.49
4357.28 835.49
4357.28 835.49
4357.28 835.49
4357.28 835.49
4357.28 835.49
4357.28 835.49
4357.28 835.49
4357.28 835.49
4357.28 835.49
4357.28 835.49
4357.28 835.49
4357.28 835.49
4357.28 835.49
4357.28 835.49
4357.28 835.49
4357.28 835.49
4357.28 835.49
4357.28 835.49
4357.28 835.49
4357.28 835.49
4357.28 835.49
4357.28 835.49
4357.28 835.49
4357.28 835.49
4357.28 835.49
4357.28 835.49
4357.28 835.49
4357.28 835.49
4357.28 835.49
4357.28 835.49
4357.28 835.49
4357.28 835.49
4357.28 835.49
4357.28 835.49
4357.28 835.49
4357.28 835.49
4357.28 835.49
4357.28 835.49
4357.28 835.49
4357.28 835.49
4357.28 835.49
4357.28 835.49
4357.28 835.49
4357.28 835.49
4357.28 835.49
4357.28 835.49
4357.28 835.49
4357.28 835.49
4357.28 835.49
4357.28 835.49
4357.28 835.49
4357.28 835.49
4357.28 835.49
4357.28 835.49
4357.28 835.49
4357.28 835.49
4357.28 835.49
4357.28 835.49
4357.28 835.49
4357.28 835.49
4357.28 835.49
4357.28 835.49
4357.28 835.49
4357.28 835.49
4357.28 835.49
4357.28 835.49
4357.28 835.49
4357.28 835.49
4357.28 835.49
4357.28 835.49
4357.28 835.49
4357.28 835.49
4357.28 835.49
4357.28 835.49
4357.28 835.49
4357.28 835.49
4357.28 835.49
4357.28 835.49
4357.28 835.49
4357.28 835.49
4357.28 835.49
4357.28 835.49
4357.28 835.49
4357.28 835.49
4357.28 835.49
4357.28 835.49
4357.28 835.49
4357.28 835.49
4357.28 835.49
4357.28 835.49
4357.28 835.49
4357.28 835.49
4357.28 835.49
4357.28 835.49
4357.28 835.49
4357.28 835.49
4357.28 835.49
4357.28 835.49
4357.28 835.49
4357.28 835.49
4357.28 835.49
4357.28 835.49
4357.28 835.49
4357.28 835.49
4357.28 835.49
4357.28 835.49
4357.28 835.49
4357.28 835.49
4357.28 835.49
4357.28 835.49
4357.28 835.49
4357.28 835.49
4357.28 835.49
4357.28 835.49
4357.28 835.49
4357.28 835.49
4357.28 835.49
4357.28 835.49
4357.28 835.49
4357.28 835.49
4357.28 835.49
4357.28 835.49
4357.28 835.49
4357.28 835.49
4357.28 835.49
4357.28 835.49
4357.28 835.49
4357.28 835.49
4357.28 835.49
4357.28 835.49
4357.28 835.49
4357.28 835.49
4357.28 835.49
4357.28 835.49
4357.28 835.49
4357.28 835.49
4357.28 835.49
4357.28 835.49
4357.28 835.49
4357.28 835.49
4357.28 835.49
4357.28 835.49
4357.28 835.49
4357.28 835.49
4357.28 835.49
4357.28 835.49
4357.28 835.49
4357.28 835.49
4357.28 835.49
4357.28 835.49
4357.28 835.49
4357.28 835.49
4357.28 835.49
4357.28 835.49
4357.28 835.49
4357.28 835.49
4357.28 835.49
4357.28 835.49
4357.28 835.49
4357.28 835.49
4357.28 835.49
4357.28 835.49
4357.28 835.49
4357.28 835.49
4357.28 835.49
4357.28 835.49
4357.28 835.49
4357.28 835.49
4357.28 835.49
4357.28 835.49
4357.28 835.49
4357.28 835.49
4357.28 835.49
4357.28 835.49
4357.28 835.49
4357.28 835.49
4357.28 835.49
4357.28 835.49
4357.28 835.49
4357.28 835.49
4357.28 835.49
4357.28 835.49
4357.28 835.49
4357.28 835.49
4357.28 835.49
4357.28 835.49
4357.28 835.49
4357.28 835.49
4357.28 835.49
4357.28 835.49
4357.28 835.49
4357.28 835.49
4357.28 835.49
4357.28 835.49
4357.28 835.49
4357.28 835.49
4357.28 835.49
4357.28 835.49
4357.28 835.49
4357.28 835.49
4357.28 835.49
4357.28 835.49
4357.28 835.49
4357.28 835.49
4357.28 835.49
4357.28 835.49
4357.28 835.49
4357.28 835.49
4357.28 835.49
4357.28 835.49
4357.28 835.49
4357.28 835.49
4357.28 835.49
4357.28 835.49
4357.28 835.49
4357.28 835.49
4357.28 835.49
4357.28 835.49
4357.28 835.49
4357.28 835.49
4357.28 835.49
4357.28 835.49
4357.28 835.49
4357.28 835.49
4357.28 835.49
4357.28 835.49
4357.28 835.49
4357.28 835.49
4357.28 835.49
4357.28 835.49
4357.28 835.49
4357.28 835.49
4357.28 835.49
4357.28 835.49
4357.28 835.49
4357.28 835.49
4357.28 835.49
4357.28 835.49
4357.28 835.49
4357.28 835.49
4357.28 835.49
4357.28 835.49
4357.28 835.49
4357.28 835.49
4357.28 835.49
4357.28 835.49
4357.28 835.49
4357.28 835.49
4357.28 835.49
4357.28 835.49
4357.28 835.49
4357.28 835.49
4357.28 835.49
4357.28 835.49
4357.28 835.49
4357.28 835.49
4357.28 835.49
4357.28 835.49
4357.28 835.49
4357.28 835.49
4357.28 835.49
4357.28 835.49
4357.28 835.49
4357.28 835.49
4357.28 835.49
4357.28 835.49
4357.28 835.49
4357.28 835.49
4357.28 835.49
4357.28 835.49
4357.28 835.49
4357.28 835.49
4357.28 835.49
4357.28 835.49
4357.28 835.49
4357.28 835.49
4357.28 835.49
4357.28 835.49
4357.28 835.49
4357.28 835.49
4357.28 835.49
4357.28 835.49
4357.28 835.49
4357.28 835.49
4357.28 835.49
4357.28 835.49
4357.28 835.49
4357.28 835.49
4357.28 835.49
4357.28 835.49
4357.28 835.49
4357.28 835.49
4357.28 835.49
4357.28 835.49
4357.28 835.49
4357.28 835.49
4357.28 835.49
4357.28 835.49
4357.28 835.49
4357.28 835.49
4357.28 835.49
4357.28 835.49
4357.28 835.49
4357.28 835.49
4357.28 835.49
4357.28 835.49
4357.28 835.49
4357.28 835.49
4357.28 835.49
4357.28 835.49
4357.28 835.49
4357.28 835.49
4357.28 835.49
4357.28 835.49
4357.28 835.49
4357.28 835.49
4357.28 835.49
4357.28 835.49
4357.28 835.49
4357.28 835.49
4357.28 835.49
4357.28 835.49
4357.28 835.49
4357.28 835.49
4357.28 835.49
4357.28 835.49
4357.28 835.49
4357.28 835.49
4357.28 835.49
4357.28 835.49
4357.28 835.49
4357.28 835.49
4357.28 835.49
4357.28 835.49
4357.28 835.49
4357.28 835.49
4357.28 835.49
4357.28 835.49
4357.28 835.49
4357.28 835.49
4357.28 835.49
4357.28 835.49
4357.28 835.49
4357.28 835.49
4357.28 835.49
4357.28 835.49
4357.28 835.49
4357.28 835.49
4357.28 835.49
4357.28 835.49
4357.28 835.49
4357.28 835.49
4357.28 835.49
4357.28 835.49
4357.28 835.49
4357.28 835.49
4357.28 835.49
4357.28 835.49
4357.28 835.49
4357.28 835.49
4357.28 835.49
4357.28 835.49
4357.28 835.49
4357.28 835.49
4357.28 835.49
4357.28 835.49
4357.28 835.49
4357.28 835.49
4357.28 835.49
4357.28 835.49
4357.28 835.49
4357.28 835.49
4357.28 835.49
4357.28 835.49
4357.28 835.49
4357.28 835.49
4357.28 835.49
4357.28 835.49
4357.28 835.49
4357.28 835.49
4357.28 835.49
4357.28 835.49
4357.28 835.49
4357.28 835.49
4357.28 835.49
4357.28 835.49
4357.28 835.49
4357.28 835.49
4357.28 835.49
4357.28 835.49
4357.28 835.49
4357.28 835.49
4357.28 835.49
4357.28 835.49
4357.28 835.49
4357.28 835.49
4357.28 835.49
4357.28 835.49
4357.28 835.49
4357.28 835.49
4357.28 835.49
4357.28 835.49
4357.28 835.49
4357.28 835.49
4357.28 835.49
4357.28 835.49
4357.28 835.49
4357.28 835.49
4357.28 835.49
4357.28 835.49
4357.28 835.49
4357.28 835.49
4357.28 835.49
4357.28 835.49
4357.28 835.49
4357.28 835.49
4357.28 835.49
4357.28 835.49
4357.28 835.49
4357.28 835.49
4357.28 835.49
4357.28 835.49
4357.28 835.49
4357.28 835.49
4357.28 835.49
4357.28 835.49
4357.28 835.49
4357.28 835.49
4357.28 835.49
4357.28 835.49
4357.28 835.49
4357.28 835.49
4357.28 835.49
4357.28 835.49
4357.28 835.49
4357.28 835.49
4357.28 835.49
4357.28 835.49
4357.28 835.49
4357.28 835.49
4357.28 835.49
4357.28 835.49
4357.28 835.49
4357.28 835.49
4357.28 835.49
4357.28 835.49
4357.28 835.49
4357.28 835.49
4357.28 835.49
4357.28 835.49
4357.28 835.49
4357.28 835.49
4357.28 835.49
4357.28 835.49
4357.28 835.49
4357.28 835.49
4357.28 835.49
4357.28 835.49
4357.28 835.49
4357.28 835.49
4357.28 835.49
4357.28 835.49
4357.28 835.49
4357.28 835.49
4357.28 835.49
4357.28 835.49
4357.28 835.49
4357.28 835.49
4357.28 835.49
4357.28 835.49
4357.28 835.49
4357.28 835.49
4357.28 835.49
4357.28 835.49
4357.28 835.49
4357.28 835.49
4357.28 835.49
4357.28 835.49
4357.28 835.49
4357.28 835.49
4357.28 835.49
4357.28 835.49
4357.28 835.49
4357.28 835.49
4357.28 835.49
4357.28 835.49
4357.28 835.49
4357.28 835.49
4357.28 835.49
4357.28 835.49
4357.28 835.49
4357.28 835.49
4357.28 835.49
4357.28 835.49
4357.28 835.49
4357.28 835.49
4357.28 835.49
4357.28 835.49
4357.28 835.49
4357.28 835.49
4357.28 835.49
4357.28 835.49
4357.28 835.49
4357.28 835.49
4357.28 835.49
4357.28 835.49
4357.28 835.49
4357.28 835.49
4357.28 835.49
4357.28 835.49
4357.28 835.49
4357.28 835.49
4357.28 835.49
4357.28 835.49
4357.28 835.49
4357.28 835.49
4357.28 835.49
4357.28 835.49
4357.28 835.49
4357.28 835.49
4357.28 835.49
4357.28 835.49
4357.28 835.49
4357.28 835.49
4357.28 835.49
4357.28 835.49
4357.28 835.49
4357.28 835.49
4357.28 835.49
4357.28 835.49
4357.28 835.49
4357.28 835.49
4357.28 835.49
4357.28 835.49
4357.28 835.49
4357.28 835.49
4357.28 835.49
4357.28 835.49
4357.28 835.49
4357.28 835.49
4357.28 835.49
4357.28 835.49
4357.28 835.49
4357.28 835.49
4357.28 835.49
4357.28 835.49
4357.28 835.49
4357.28 835.49
4357.28 835.49
4357.28 835.49
4357.28 835.49
4357.28 835.49
4357.28 835.49
4357.28 835.49
4357.28 835.49
4357.28 835.49
4357.28 835.49
4357.28 835.49
4357.28 835.49
4357.28 835.49
4357.28 835.49
4357.28 835.49
4357.28 835.49
4357.28 835.49
4357.28 835.49
4357.28 835.49
4357.28 835.49
4357.28 835.49
4357.28 835.49
4357.28 835.49
4357.28 835.49
4357.28 835.49
4357.28 835.49
4357.28 835.49
4357.28 835.49
4357.28 835.49
4357.28 835.49
4357.28 835.49
4357.28 835.49
4357.28 835.49
4357.28 835.49
4357.28 835.49
4357.28 835.49
4357.28 835.49
4357.28 835.49
4357.28 835.49
4357.28 835.49
4357.28 835.49
4357.28 835.49
4357.28 835.49
4357.28 835.49
4357.28 835.49
4357.28 835.49
4357.28 835.49
4357.28 835.49
4357.28 835.49
4357.28 835.49
4357.28 835.49
4357.28 835.49
4357.28 835.49
4357.28 835.49
4357.28 835.49
4357.28 835.49
4357.28 835.49
4357.28 835.49
4357.28 835.49
4357.28 835.49
4357.28 835.49
4357.28 835.49
4357.28 835.49
4357.28 835.49
4357.28 835.49
4357.28 835.49
4357.28 835.49
4357.28 835.49
4357.28 835.49
4357.28 835.49
4357.28 835.49
4357.28 835.49
4357.28 835.49
4357.28 835.49
4357.28 835.49
4357.28 835.49
4357.28 835.49
4357.28 835.49
4357.28 835.49
4357.28 835.49
4357.28 835.49
4357.28 835.49
4357.28 835.49
4357.28 835.49
4357.28 835.49
4357.28 835.49
4357.28 835.49
4357.28 835.49
4357.28 835.49
4357.28 835.49
4357.28 835.49
4357.28 835.49
4357.28 835.49
4357.28 835.49
4357.28 835.49
4357.28 835.49
4357.28 835.49
4357.28 835.49
4357.28 835.49
4357.28 835.49
4357.28 835.49
4357.28 835.49
4357.28 835.49
4357.28 835.49
4357.28 835.49
4357.28 835.49
4357.28 835.49
4357.28 835.49
4357.28 835.49
4357.28 835.49
4357.28 835.49
4357.28 835.49
4357.28 835.49
4357.28 835.49
4357.28 835.49
4357.28 835.49
4357.28 835.49
4357.28 835.49
4357.28 835.49
4357.28 835.49
4357.28 835.49
4357.28 835.49
4357.28 835.49
4357.28 835.49
4357.28 835.49
4357.28 835.49
4357.28 835.49
4357.28 835.49
4357.28 835.49
4357.28 835.49
4357.28 835.49
4357.28 835.49
4357.28 835.49
4357.28 835.49
4357.28 835.49
4357.28 835.49
4357.28 835.49
4357.28 835.49
4357.28 835.49
4357.28 835.49
4357.28 835.49
4357.28 835.49
4357.28 835.49
4357.28 835.49
4357.28 835.49
4357.28 835.49
4357.28 835.49
4357.28 835.49
4357.28 835.49
4357.28 835.49
4357.28 835.49
4357.28 835.49
4357.28 835.49
4357.28 835.49
4357.28 835.49
4357.28 835.49
4357.28 835.49
4357.28 835.49
4357.28 835.49
4357.28 835.49
4357.28 835.49
4357.28 835.49
4357.28 835.49
4357.28 835.49
4357.28 835.49
4357.28 835.49
4357.28 835.49
4357.28 835.49
4357.28 835.49
4357.28 835.49
4357.28 835.49
4357.28 835.49
4357.28 835.49
4357.28 835.49
4357.28 835.49
4357.28 835.49
4357.28 835.49
4357.28 835.49
4357.28 835.49
4357.28 835.49
4357.28 835.49
4357.28 835.49
4357.28 835.49
4357.28 835.49
4357.28 835.49
4357.28 835.49
4357.28 835.49
4357.28 835.49
4357.28 835.49
4357.28 835.49
4357.28 835.49
4357.28 835.49
4357.28 835.49
4357.28 835.49
4357.28 835.49
4357.28 835.49
4357.28 835.49
4357.28 835.49
4357.28 835.49
4357.28 835.49
4357.28 835.49
4357.28 835.49
4357.28 835.49
4357.28 835.49
4357.28 835.49
4357.28 835.49
4357.28 835.49
4357.28 835.49
4357.28 835.49
4357.28 835.49
4357.28 835.49
4357.28 835.49
4357.28 835.49
4357.28 835.49
4357.28 835.49
4357.28 835.49
4357.28 835.49
4357.28 835.49
4357.28 835.49
4357.28 835.49
4357.28 835.49
4357.28 835.49
4357.28 835.49
4357.28 835.49
4357.28 835.49
4357.28 835.49
4357.28 835.49
4357.28 835.49
4357.28 835.49
4357.28 835.49
4357.28 835.49
4357.28 835.49
4357.28 835.49
4357.28 835.49
4357.28 835.49
4357.28 835.49
4357.28 835.49
4357.28 835.49
4357.28 835.49
4357.28 835.49
4357.28 835.49
4357.28 835.49
4357.28 835.49
4357.28 835.49
4357.28 835.49
4357.28 835.49
4357.28 835.49
4357.28 835.49
4357.28 835.49
4357.28 835.49
4357.28 835.49
4357.28 835.49
4357.28 835.49
4357.28 835.49
4357.28 835.49
4357.28 835.49
4357.28 835.49
4357.28 835.49
4357.28 835.49
4357.28 835.49
4357.28 835.49
4357.28 835.49
4357.28 835.49
4357.28 835.49
4357.28 835.49
4357.28 835.49
4357.28 835.49
4357.28 835.49
4357.28 835.49
4357.28 835.49
4357.28 835.49
4357.28 835.49
4357.28 835.49
4357.28 835.49
4357.28 835.49
4357.28 835.49
4357.28 835.49
4357.28 835.49
4357.28 835.49
4357.28 835.49
4357.28 835.49
4357.28 835.49
4357.28 835.49
4357.28 835.49
4357.28 835.49
4357.28 835.49
4357.28 835.49
4357.28 835.49
4357.28 835.49
4357.28 835.49
4357.28 835.49
4357.28 835.49
4357.28 835.49
4357.28 835.49
4357.28 835.49
4357.28 835.49
4357.28 835.49
4357.28 835.49
4357.28 835.49
4357.28 835.49
4357.28 835.49
4357.28 835.49
4357.28 835.49
4357.28 835.49
4357.28 835.49
4357.28 835.49
4357.28 835.49
4357.28 835.49
4357.28 835.49
4357.28 835.49
4357.28 835.49
4357.28 835.49
4357.28 835.49
4357.28 835.49
4357.28 835.49
4357.28 835.49
4357.28 835.49
4357.28 835.49
4357.28 835.49
4357.28 835.49
4357.28 835.49
4357.28 835.49
4357.28 835.49
4357.28 835.49
4357.28 835.49
4357.28 835.49
4357.28 835.49
4357.28 835.49
4357.28 835.49
4357.28 835.49
4357.28 835.49
4357.28 835.49
4357.28 835.49
4357.28 835.49
4357.28 835.49
4357.28 835.49
4357.28 835.49
4357.28 835.49
4357.28 835.49
4357.28 835.49
4357.28 835.49
4357.28 835.49
4357.28 835.49
4357.28 835.49
4357.28 835.49
4357.28 835.49
4357.28 835.49
4357.28 835.49
4357.28 835.49
4357.28 835.49
4357.28 835.49
4357.28 835.49
4357.28 835.49
4357.28 835.49
4357.28 835.49
4357.28 835.49
4357.28 835.49
4357.28 835.49
4357.28 835.49
4357.28 835.49
4357.28 835.49
4357.28 835.49
4357.28 835.49
4357.28 835.49
4357.28 835.49
4357.28 835.49
4357.28 835.49
4357.28 835.49
4357.28 835.49
4357.28 835.49
4357.28 835.49
4357.28 835.49
4357.28 835.49
4357.28 835.49
4357.28 835.49
4357.28 835.49
4357.28 835.49
4357.28 835.49
4357.28 835.49
4357.28 835.49
4357.28 835.49
4357.28 835.49
4357.28 835.49
4357.28 835.49
4357.28 835.49
4357.28 835.49
4357.28 835.49
4357.28 835.49
4357.28 835.49
4357.28 835.49
4357.28 835.49
4357.28 835.49
4357.28 835.49
4357.28 835.49
4357.28 835.49
4357.28 835.49
4357.28 835.49
4357.28 835.49
4357.28 835.49
4357.28 835.49
4357.28 835.49
4357.28 835.49
4357.28 835.49
4357.28 835.49
4357.28 835.49
4357.28 835.49
4357.28 835.49
4357.28 835.49
4357.28 835.49
4357.28 835.49
4357.28 835.49
4357.28 835.49
4357.28 835.49
4357.28 835.49
4357.28 835.49
4357.28 835.49
4357.28 835.49
4357.28 835.49
4357.28 835.49
4357.28 835.49
4357.28 835.49
4357.28 835.49
4357.28 835.49
4357.28 835.49
4357.28 835.49
4357.28 835.49
4357.28 835.49
4357.28 835.49
4357.28 835.49
4357.28 835.49
4357.28 835.49
4357.28 835.49
4357.28 835.49
4357.28 835.49
4357.28 835.49
4357.28 835.49
4357.28 835.49
4357.28 835.49
4357.28 835.49
4357.28 835.49
4357.28 835.49
4357.28 835.49
4357.28 835.49
4357.28 835.49
4357.28 835.49
4357.28 835.49
4357.28 835.49
4357.28 835.49
4357.28 835.49
4357.28 835.49
4357.28 835.49
4357.28 835.49
4357.28 835.49
4357.28 835.49
4357.28 835.49
4357.28 835.49
4357.28 835.49
4357.28 835.49
4357.28 835.49
4357.28 835.49
4357.28 835.49
4357.28 835.49
4357.28 835.49
4357.28 835.49
4357.28 835.49
4357.28 835.49
4357.28 835.49
4357.28 835.49
4357.28 835.49
4357.28 835.49
4357.28 835.49
4357.28 835.49
4357.28 835.49
4357.28 835.49
4357.28 835.49
4357.28 835.49
4357.28 835.49
4357.28 835.49
4357.28 835.49
4357.28 835.49
4357.28 835.49
4357.28 835.49
4357.28 835.49
4357.28 835.49
4357.28 835.49
4357.28 835.49
4357.28 835.49
4357.28 835.49
4357.28 835.49
4357.28 835.49
4357.28 835.49
4357.28 835.49
4357.28 835.49
4357.28 835.49
4357.28 835.49
4357.28 835.49
4357.28 835.49
4357.28 835.49
4357.28 835.49
4357.28 835.49
4357.28 835.49
4357.28 835.49
4357.28 835.49
4357.28 835.49
4357.28 835.49
4357.28 835.49
4357.28 835.49
4357.28 835.49
4357.28 835.49
4357.28 835.49
4357.28 835.49
4357.28 835.49
4357.28 835.49
4357.28 835.49
4357.28 835.49
4357.28 835.49
4357.28 835.49
4357.28 835.49
4357.28 835.49
4357.28 835.49
4357.28 835.49
4357.28 835.49
4357.28 835.49
4357.28 835.49
4357.28 835.49
4357.28 835.49
4357.28 835.49
4357.28 835.49
4357.28 835.49
4357.28 835.49
4357.28 835.49
4357.28 835.49
4357.28 835.49
4357.28 835.49
4357.28 835.49
4357.28 835.49
4357.28 835.49
4357.28 835.49
4357.28 835.49
4357.28 835.49
4357.28 835.49
4357.28 835.49
4357.28 835.49
4357.28 835.49
4357.28 835.49
4357.28 835.49
4357.28 835.49
4357.28 835.49
4357.28 835.49
4357.28 835.49
4357.28 835.49
4357.28 835.49
4357.28 835.49
4357.28 835.49
4357.28 835.49
4357.28 835.49
4357.28 835.49
4357.28 835.49
4357.28 835.49
4357.28 835.49
4357.28 835.49
4357.28 835.49
4357.28 835.49
4357.28 835.49
4357.28 835.49
4357.28 835.49
4357.28 835.49
4357.28 835.49
4357.28 835.49
4357.28 835.49
4357.28 835.49
4357.28 835.49
4357.28 835.49
4357.28 835.49
4357.28 835.49
4357.28 835.49
4357.28 835.49
4357.28 835.49
4357.28 835.49
4357.28 835.49
4357.28 835.49
4357.28 835.49
4357.28 835.49
4357.28 835.49
4357.28 835.49
4357.28 835.49
4357.28 835.49
4357.28 835.49
4357.28 835.49
4357.28 835.49
4357.28 835.49
4357.28 835.49
4357.28 835.49
4357.28 835.49
4357.28 835.49
4357.28 835.49
4357.28 835.49
4357.28 835.49
4357.28 835.49
4357.28 835.49
4357.28 835.49
4357.28 835.49
4357.28 835.49
4357.28 835.49
4357.28 835.49
4357.28 835.49
4357.28 835.49
4357.28 835.49
4357.28 835.49
4357.28 835.49
4357.28 835.49
4357.28 835.49
4357.28 835.49
4357.28 835.49
4357.28 835.49
4357.28 835.49
4357.28 835.49
4357.28 835.49
4357.28 835.49
4357.28 835.49
4357.28 835.49
4357.28 835.49
4357.28 835.49
4357.28 835.49
4357.28 835.49
4357.28 835.49
4357.28 835.49
4357.28 835.49
4357.28 835.49
4357.28 835.49
4357.28 835.49
4357.28 835.49
4357.28 835.49
4357.28 835.49
4357.28 835.49
4357.28 835.49
4357.28 835.49
4357.28 835.49
4357.28 835.49
4357.28 835.49
4357.28 835.49
4357.28 835.49
4357.28 835.49
4357.28 835.49
4357.28 835.49
4357.28 835.49
4357.28 835.49
4357.28 835.49
4357.28 835.49
4357.28 835.49
4357.28 835.49
4357.28 835.49
4357.28 835.49
4357.28 835.49
4357.28 835.49
4357.28 835.49
4357.28 835.49
4357.28 835.49
4357.28 835.49
4357.28 835.49
4357.28 835.49
4357.28 835.49
4357.28 835.49
4357.28 835.49
4357.28 835.49
4357.28 835.49
4357.28 835.49
4357.28 835.49
4357.28 835.49
4357.28 835.49
4357.28 835.49
4357.28 835.49
4357.28 835.49
4357.28 835.49
4357.28 835.49
4357.28 835.49
4357.28 835.49
4357.28 835.49
4357.28 835.49
4357.28 835.49
4357.28 835.49
4357.28 835.49
4357.28 835.49
4357.28 835.49
4357.28 835.49
4357.28 835.49
4357.28 835.49
4357.28 835.49
4357.28 835.49
4357.28 835.49
4357.28 835.49
4357.28 835.49
4357.28 835.49
4357.28 835.49
4357.28 835.49
4357.28 835.49
4357.28 835.49
4357.28 835.49
4357.28 835.49
4357.28 835.49
4357.28 835.49
4357.28 835.49
4357.28 835.49
4357.28 835.49
4357.28 835.49
4357.28 835.49
4357.28 835.49
4357.28 835.49
4357.28 835.49
4357.28 835.49
4357.28 835.49
4357.28 835.49
4357.28 835.49
4357.28 835.49
4357.28 835.49
4357.28 835.49
4357.28 835.49
4357.28 835.49
4357.28 835.49
4357.28 835.49
4357.28 835.49
4357.28 835.49
4357.28 835.49
4357.28 835.49
4357.28 835.49
4357.28 835.49
4357.28 835.49
4357.28 835.49
4357.28 835.49
4357.28 835.49
4357.28 835.49
4357.28 835.49
4357.28 835.49
4357.28 835.49
4357.28 835.49
4357.28 835.49
4357.28 835.49
4357.28 835.49
4357.28 835.49
4357.28 835.49
4357.28 835.49
4357.28 835.49
4357.28 835.49
4357.28 835.49
4357.28 835.49
4357.28 835.49
4357.28 835.49
4357.28 835.49
4357.28 835.49
4357.28 835.49
4357.28 835.49
4357.28 835.49
4357.28 835.49
4357.28 835.49
4357.28 835.49
4357.28 835.49
4357.28 835.49
4357.28 835.49
4357.28 835.49
4357.28 835.49
4357.28 835.49
4357.28 835.49
4357.28 835.49
4357.28 835.49
4357.28 835.49
4357.28 835.49
4357.28 835.49
4357.28 835.49
4357.28 835.49
4357.28 835.49
4357.28 835.49
4357.28 835.49
4357.28 835.49
4357.28 835.49
4357.28 835.49
4357.28 835.49
4357.28 835.49
4357.28 835.49
4357.28 835.49
4357.28 835.49
4357.28 835.49
4357.28 835.49
4357.28 835.49
4357.28 835.49
4357.28 835.49
4357.28 835.49
4357.28 835.49
4357.28 835.49
4357.28 835.49
4357.28 835.49
4357.28 835.49
4357.28 835.49
4357.28 835.49
4357.28 835.49
4357.28 835.49
4357.28 835.49
4357.28 835.49
4357.28 835.49
4357.28 835.49
4357.28 835.49
4357.28 835.49
4357.28 835.49
4357.28 835.49
4357.28 835.49
4357.28 835.49
4357.28 835.49
4357.28 835.49
4357.28 835.49
4357.28 835.49
4357.28 835.49
4357.28 835.49
4357.28 835.49
4357.28 835.49
4357.28 835.49
4357.28 835.49
4357.28 835.49
4357.28 835.49
4357.28 835.49
4357.28 835.49
4357.28 835.49
4357.28 835.49
4357.28 835.49
4357.28 835.49
4357.28 835.49
4357.28 835.49
4357.28 835.49
4357.28 835.49
4357.28 835.49
4357.28 835.49
4357.28 835.49
4357.28 835.49
4357.28 835.49
4357.28 835.49
4357.28 835.49
4357.28 835.49
4357.28 835.49
4357.28 835.49
4357.28 835.49
4357.28 835.49
4357.28 835.49
4357.28 835.49
4357.28 835.49
4357.28 835.49
4357.28 835.49
4357.28 835.49
4357.28 835.49
4357.28 835.49
4357.28 835.49
4357.28 835.49
4357.28 835.49
4357.28 835.49
4357.28 835.49
4357.28 835.49
4357.28 835.49
4357.28 835.49
4357.28 835.49
4357.28 835.49
4357.28 835.49
4357.28 835.49
4357.28 835.49
4357.28 835.49
4357.28 835.49
4357.28 835.49
4357.28 835.49
4357.28 835.49
4357.28 835.49
4357.28 835.49
4357.28 835.49
4357.28 835.49
4357.28 835.49
4357.28 835.49
4357.28 835.49
4357.28 835.49
4357.28 835.49
4357.28 835.49
4357.28 835.49
4357.28 835.49
4357.28 835.49
4357.28 835.49
4357.28 835.49
4357.28 835.49
4357.28 835.49
4357.28 835.49
4357.28 835.49
4357.28 835.49
4357.28 835.49
4357.28 835.49
4357.28 835.49
4357.28 835.49
4357.28 835.49
4357.28 835.49
4357.28 835.49
4357.28 835.49
4357.28 835.49
4357.28 835.49
4357.28 835.49
4357.28 835.49
4357.28 835.49
4357.28 835.49
4357.28 835.49
4357.28 835.49
4357.28 835.49
4357.28 835.49
4357.28 835.49
4357.28 835.49
4357.28 835.49
4357.28 835.49
4357.28 835.49
4357.28 835.49
4357.28 835.49
4357.28 835.49
4357.28 835.49
4357.28 835.49
4357.28 835.49
4357.28 835.49
4357.28 835.49
4357.28 835.49
4357.28 835.49
4357.28 835.49
4357.28 835.49
4357.28 835.49
4357.28 835.49
4357.28 835.49
4357.28 835.49
4357.28 835.49
4357.28 835.49
4357.28 835.49
4357.28 835.49
4357.28 835.49
4357.28 835.49
4357.28 835.49
4357.28 835.49
4357.28 835.49
4357.28 835.49
4357.28 835.49
4357.28 835.49
4357.28 835.49
4357.28 835.49
4357.28 835.49
4357.28 835.49
4357.28 835.49
4357.28 835.49
4357.28 835.49
4357.28 835.49
4357.28 835.49
4357.28 835.49
4357.28 835.49
4357.28 835.49
4357.28 835.49
4357.28 835.49
4357.28 835.49
4357.28 835.49
4357.28 835.49
4357.28 835.49
4357.28 835.49
4357.28 835.49
4357.28 835.49
4357.28 835.49
4357.28 835.49
4357.28 835.49
4357.28 835.49
4357.28 835.49
4357.28 835.49
4357.28 835.49
4357.28 835.49
4357.28 835.49
4357.28 835.49
4357.28 835.49
4357.28 835.49
4357.28 835.49
4357.28 835.49
4357.28 835.49
4357.28 835.49
4357.28 835.49
4357.28 835.49
4357.28 835.49
4357.28 835.49
4357.28 835.49
4357.28 835.49
4357.28 835.49
4357.28 835.49
4357.28 835.49
4357.28 835.49
4357.28 835.49
4357.28 835.49
4357.28 835.49
4357.28 835.49
4357.28 835.49
4357.28 835.49
4357.28 835.49
4357.28 835.49
4357.28 835.49
4357.28 835.49
4357.28 835.49
4357.28 835.49
4357.28 835.49
4357.28 835.49
4357.28 835.49
4357.28 835.49
4357.28 835.49
4357.28 835.49
4357.28 835.49
4357.28 835.49
4357.28 835.49
4357.28 835.49
4357.28 835.49
4357.28 835.49
4357.28 835.49
4357.28 835.49
4357.28 835.49
4357.28 835.49
4357.28 835.49
4357.28 835.49
4357.28 835.49
4357.28 835.49
4357.28 835.49
4357.28 835.49
4357.28 835.49
4357.28 835.49
4357.28 835.49
4357.28 835.49
4357.28 835.49
4357.28 835.49
4357.28 835.49
4357.28 835.49
4357.28 835.49
4357.28 835.49
4357.28 835.49
4357.28 835.49
4357.28 835.49
4357.28 835.49
4357.28 835.49
4357.28 835.49
4357.28 835.49
4357.28 835.49
4357.28 835.49
4357.28 835.49
4357.28 835.49
4357.28 835.49
4357.28 835.49
4357.28 835.49
4357.28 835.49
4357.28 835.49
4357.28 835.49
4357.28 835.49
4357.28 835.49
4357.28 835.49
4357.28 835.49
4357.28 835.49
4357.28 835.49
4357.28 835.49
4357.28 835.49
4357.28 835.49
4357.28 835.49
4357.28 835.49
4357.28 835.49
4357.28 835.49
4357.28 835.49
4357.28 835.49
4357.28 835.49
4357.28 835.49
4357.28 835.49
4357.28 835.49
4357.28 835.49
4357.28 835.49
4357.28 835.49
4357.28 835.49
4357.28 835.49
4357.28 835.49
4357.28 835.49
4357.28 835.49
4357.28 835.49
4357.28 835.49
4357.28 835.49
4357.28 835.49
4357.28 835.49
4357.28 835.49
4357.28 835.49
4357.28 835.49
4357.28 835.49
4357.28 835.49
4357.28 835.49
4357.28 835.49
4357.28 835.49
4357.28 835.49
4357.28 835.49
4357.28 835.49
4357.28 835.49
4357.28 835.49
4357.28 835.49
4357.28 835.49
4357.28 835.49
4357.28 835.49
4357.28 835.49
4357.28 835.49
4357.28 835.49
4357.28 835.49
4357.28 835.49
4357.28 835.49
4357.28 835.49
4357.28 835.49
4357.28 835.49
4357.28 835.49
4357.28 835.49
4357.28 835.49
4357.28 835.49
4357.28 835.49
4357.28 835.49
4357.28 835.49
4357.28 835.49
4357.28 835.49
4357.28 835.49
4357.28 835.49
4357.28 835.49
4357.28 835.49
4357.28 835.49
4357.28 835.49
4357.28 835.49
4357.28 835.49
4357.28 835.49
4357.28 835.49
4357.28 835.49
4357.28 835.49
4357.28 835.49
4357.28 835.49
4357.28 835.49
4357.28 835.49
4357.28 835.49
4357.28 835.49
4357.28 835.49
4357.28 835.49
4357.28 835.49
4357.28 835.49
4357.28 835.49
4357.28 835.49
4357.28 835.49
4357.28 835.49
4357.28 835.49
4357.28 835.49
4357.28 835.49
4357.28 835.49
4357.28 835.49
4357.28 835.49
4357.28 835.49
4357.28 835.49
4357.28 835.49
4357.28 835.49
4357.28 835.49
4357.28 835.49
4357.28 835.49
4357.28 835.49
4357.28 835.49
4357.28 835.49
4357.28 835.49
4357.28 835.49
4357.28 835.49
4357.28 835.49
4357.28 835.49
4357.28 835.49
4357.28 835.49
4357.28 835.49
4357.28 835.49
4357.28 835.49
4357.28 835.49
4357.28 835.49
4357.28 835.49
4357.28 835.49
4357.28 835.49
4357.28 835.49
4357.28 835.49
4357.28 835.49
4357.28 835.49
4357.28 835.49
4357.28 835.49
4357.28 835.49
4357.28 835.49
4357.28 835.49
4357.28 835.49
4357.28 835.49
4357.28 835.49
4357.28 835.49
4357.28 835.49
4357.28 835.49
4357.28 835.49
4357.28 835.49
4357.28 835.49
4357.28 835.49
4357.28 835.49
4357.28 835.49
4357.28 835.49
4357.28 835.49
4357.28 835.49
4357.28 835.49
4357.28 835.49
4357.28 835.49
4357.28 835.49
4357.28 835.49
4357.28 835.49
4357.28 835.49
4357.28 835.49
4357.28 835.49
4357.28 835.49
4357.28 835.49
4357.28 835.49
4357.28 835.49
4357.28 835.49
4357.28 835.49
4357.28 835.49
4357.28 835.49
4357.28 835.49
4357.28 835.49
4357.28 835.49
4357.28 835.49
4357.28 835.49
4357.28 835.49
4357.28 835.49
4357.28 835.49
4357.28 835.49
4357.28 835.49
4357.28 835.49
4357.28 835.49
4357.28 835.49
4357.28 835.49
4357.28 835.49
4357.28 835.49
4357.28 835.49
4357.28 835.49
4357.28 835.49
4357.28 835.49
4357.28 835.49
4357.28 835.49
4357.28 835.49
4357.28 835.49
4357.28 835.49
4357.28 835.49
4357.28 835.49
4357.28 835.49
4357.28 835.49
4357.28 835.49
4357.28 835.49
4357.28 835.49
4357.28 835.49
4357.28 835.49
4357.28 835.49
4357.28 835.49
4357.28 835.49
4357.28 835.49
4357.28 835.49
4357.28 835.49
4357.28 835.49
4357.28 835.49
4357.28 835.49
4357.28 835.49
4357.28 835.49
4357.28 835.49
4357.28 835.49
4357.28 835.49
4357.28 835.49
4357.28 835.49
4357.28 835.49
4357.28 835.49
4357.28 835.49
4357.28 835.49
4357.28 835.49
4357.28 835.49
4357.28 835.49
4357.28 835.49
4357.28 835.49
4357.28 835.49
4357.28 835.49
4357.28 835.49
4357.28 835.49
4357.28 835.49
4357.28 835.49
4357.28 835.49
4357.28 835.49
4357.28 835.49
4357.28 835.49
4357.28 835.49
4357.28 835.49
4357.28 835.49
4357.28 835.49
4357.28 835.49
4357.28 835.49
4357.28 835.49
4357.28 835.49
4357.28 835.49
4357.28 835.49
4357.28 835.49
4357.28 835.49
4357.28 835.49
4357.28 835.49
4357.28 835.49
4357.28 835.49
4357.28 835.49
4357.28 835.49
4357.28 835.49
4357.28 835.49
4357.28 835.49
4357.28 835.49
4357.28 835.49
4357.28 835.49
4357.28 835.49
4357.28 835.49
4357.28 835.49
4357.28 835.49
4357.28 835.49
4357.28 835.49
4357.28 835.49
4357.28 835.49
4357.28 835.49
4357.28 835.49
4357.28 835.49
4357.28 835.49
4357.28 835.49
4357.28 835.49
4357.28 835.49
4357.28 835.49
4357.28 835.49
4357.28 835.49
4357.28 835.49
4357.28 835.49
4357.28 835.49
4357.28 835.49
4357.28 835.49
4357.28 835.49
4357.28 835.49
4357.28 835.49
4357.28 835.49
4357.28 835.49
4357.28 835.49
4357.28 835.49
4357.28 835.49
4357.28 835.49
4357.28 835.49
4357.28 835.49
4357.28 835.49
4357.28 835.49
4357.28 835.49
4357.28 835.49
4357.28 835.49
4357.28 835.49
4357.28 835.49
4357.28 835.49
4357.28 835.49
4357.28 835.49
4357.28 835.49
4357.28 835.49
4357.28 835.49
4357.28 835.49
4357.28 835.49
4357.28 835.49
4357.28 835.49
4357.28 835.49
4357.28 835.49
4357.28 835.49
4357.28 835.49
4357.28 835.49
4357.28 835.49
4357.28 835.49
4357.28 835.49
4357.28 835.49
4357.28 835.49
4357.28 835.49
4357.28 835.49
4357.28 835.49
4357.28 835.49
4357.28 835.49
4357.28 835.49
4357.28 835.49
4357.28 835.49
4357.28 835.49
4357.28 835.49
4357.28 835.49
4357.28 835.49
4357.28 835.49
4357.28 835.49
4357.28 835.49
4357.28 835.49
4357.28 835.49
4357.28 835.49
4357.28 835.49
4357.28 835.49
4357.28 835.49
4357.28 835.49
4357.28 835.49
4357.28 835.49
4357.28 835.49
4357.28 835.49
4357.28 835.49
4357.28 835.49
4357.28 835.49
4357.28 835.49
4357.28 835.49
4357.28 835.49
4357.28 835.49
4357.28 835.49
4357.28 835.49
4357.28 835.49
4357.28 835.49
4357.28 835.49
4357.28 835.49
4357.28 835.49
4357.28 835.49
4357.28 835.49
4357.28 835.49
4357.28 835.49
4357.28 835.49
4357.28 835.49
4357.28 835.49
4357.28 835.49
4357.28 835.49
4357.28 835.49
4357.28 835.49
4357.28 835.49
4357.28 835.49
4357.28 835.49
4357.28 835.49
4357.28 835.49
4357.28 835.49
4357.28 835.49
4357.28 835.49
4357.28 835.49
4357.28 835.49
4357.28 835.49
4357.28 835.49
4357.28 835.49
4357.28 835.49
4357.28 835.49
4357.28 835.49
4357.28 835.49
4357.28 835.49
4357.28 835.49
4357.28 835.49
4357.28 835.49
4357.28 835.49
4357.28 835.49
4357.28 835.49
4357.28 835.49
4357.28 835.49
4357.28 835.49
4357.28 835.49
4357.28 835.49
4357.28 835.49
4357.28 835.49
4357.28 835.49
4357.28 835.49
4357.28 835.49
4357.28 835.49
4357.28 835.49
4357.28 835.49
4357.28 835.49
4357.28 835.49
4357.28 835.49
4357.28 835.49
4357.28 835.49
4357.28 835.49
4357.28 835.49
4357.28 835.49
4357.28 835.49
4357.28 835.49
4357.28 835.49
4357.28 835.49
4357.28 835.49
4357.28 835.49
4357.28 835.49
4357.28 835.49
4357.28 835.49
4357.28 835.49
4357.28 835.49
4357.28 835.49
4357.28 835.49
4357.28 835.49
4357.28 835.49
4357.28 835.49
4357.28 835.49
4357.28 835.49
4357.28 835.49
4357.28 835.49
4357.28 835.49
4357.28 835.49
4357.28 835.49
4357.28 835.49
4357.28 835.49
4357.28 835.49
4357.28 835.49
4357.28 835.49
4357.28 835.49
4357.28 835.49
4357.28 835.49
4357.28 835.49
4357.28 835.49
4357.28 835.49
4357.28 835.49
4357.28 835.49
4357.28 835.49
4357.28 835.49
4357.28 835.49
4357.28 835.49
4357.28 835.49
4357.28 835.49
4357.28 835.49
4357.28 835.49
4357.28 835.49
4357.28 835.49
4357.28 835.49
4357.28 835.49
4357.28 835.49
4357.28 835.49
4357.28 835.49
4357.28 835.49
4357.28 835.49
4357.28 835.49
4357.28 835.49
4357.28 835.49
4357.28 835.49
4357.28 835.49
4357.28 835.49
4357.28 835.49
4357.28 835.49
4357.28 835.49
4357.28 835.49
4357.28 835.49
4357.28 835.49
4357.28 835.49
4357.28 835.49
4357.28 835.49
4357.28 835.49
4357.28 835.49
4357.28 835.49
4357.28 835.49
4357.28 835.49
4357.28 835.49
4357.28 835.49
4357.28 835.49
4357.28 835.49
4357.28 835.49
4357.28 835.49
4357.28 835.49
4357.28 835.49
4357.28 835.49
4357.28 835.49
4357.28 835.49
4357.28 835.49
4357.28 835.49
4357.28 835.49
4357.28 835.49
4357.28 835.49
4357.28 835.49
4357.28 835.49
4357.28 835.49
4357.28 835.49
4357.28 835.49
4357.28 835.49
4357.28 835.49
4357.28 835.49
4357.28 835.49
4357.28 835.49
4357.28 835.49
4357.28 835.49
4357.28 835.49
4357.28 835.49
4357.28 835.49
4357.28 835.49
4357.28 835.49
4357.28 835.49
4357.28 835.49
4357.28 835.49
4357.28 835.49
4357.28 835.49
4357.28 835.49
4357.28 835.49
4357.28 835.49
4357.28 835.49
4357.28 835.49
4357.28 835.49
4357.28 835.49
4357.28 835.49
4357.28 835.49
4357.28 835.49
4357.28 835.49
4357.28 835.49
4357.28 835.49
4357.28 835.49
4357.28 835.49
4357.28 835.49
4357.28 835.49
4357.28 835.49
4357.28 835.49
4357.28 835.49
4357.28 835.49
4357.28 835.49
4357.28 835.49
4357.28 835.49
4357.28 835.49
4357.28 835.49
4357.28 835.49
4357.28 835.49
4357.28 835.49
4357.28 835.49
4357.28 835.49
4357.28 835.49
4357.28 835.49
4357.28 835.49
4357.28 835.49
4357.28 835.49
4357.28 835.49
4357.28 835.49
4357.28 835.49
4357.28 835.49
4357.28 835.49
4357.28 835.49
4357.28 835.49
4357.28 835.49
4357.28 835.49
4357.28 835.49
4357.28 835.49
4357.28 835.49
4357.28 835.49
4357.28 835.49
4357.28 835.49
4357.28 835.49
4357.28 835.49
4357.28 835.49
4357.28 835.49
4357.28 835.49
4357.28 835.49
4357.28 835.49
4357.28 835.49
4357.28 835.49
4357.28 835.49
4357.28 835.49
4357.28 835.49
4357.28 835.49
4357.28 835.49
4357.28 835.49
4357.28 835.49
4357.28 835.49
4357.28 835.49
4357.28 835.49
4357.28 835.49
4357.28 835.49
4357.28 835.49
4357.28 835.49
4357.28 835.49
4357.28 835.49
4357.28 835.49
4357.28 835.49
4357.28 835.49
4357.28 835.49
4357.28 835.49
4357.28 835.49
4357.28 835.49
4357.28 835.49
4357.28 835.49
4357.28 835.49
4357.28 835.49
4357.28 835.49
4357.28 835.49
4357.28 835.49
4357.28 835.49
4357.28 835.49
4357.28 835.49
4357.28 835.49
4357.28 835.49
4357.28 835.49
4357.28 835.49
4357.28 835.49
4357.28 835.49
4357.28 835.49
4357.28 835.49
4357.28 835.49
4357.28 835.49
4357.28 835.49
4357.28 835.49
4357.28 835.49
4357.28 835.49
4357.28 835.49
4357.28 835.49
4357.28 835.49
4357.28 835.49
4357.28 835.49
4357.28 835.49
4357.28 835.49
4357.28 835.49
4357.28 835.49
4357.28 835.49
4357.28 835.49
4357.28 835.49
4357.28 835.49
4357.28 835.49
4357.28 835.49
4357.28 835.49
4357.28 835.49
4357.28 835.49
4357.28 835.49
4357.28 835.49
4357.28 835.49
4357.28 835.49
4357.28 835.49
4357.28 835.49
4357.28 835.49
4357.28 835.49
4357.28 835.49
4357.28 835.49
4357.28 835.49
4357.28 835.49
4357.28 835.49
4357.28 835.49
4357.28 835.49
4357.28 835.49
4357.28 835.49
4357.28 835.49
4357.28 835.49
4357.28 835.49
4357.28 835.49
4357.28 835.49
4357.28 835.49
4357.28 835.49
4357.28 835.49
4357.28 835.49
4357.28 835.49
4357.28 835.49
4357.28 835.49
4357.28 835.49
4357.28 835.49
4357.28 835.49
4357.28 835.49
4357.28 835.49
4357.28 835.49
4357.28 835.49
4357.28 835.49
4357.28 835.49
4357.28 835.49
4357.28 835.49
4357.28 835.49
4357.28 835.49
4357.28 835.49
4357.28 835.49
4357.28 835.49
4357.28 835.49
4357.28 835.49
4357.28 835.49
4357.28 835.49
4357.28 835.49
4357.28 835.49
4357.28 835.49
4357.28 835.49
4357.28 835.49
4357.28 835.49
4357.28 835.49
4357.28 835.49
4357.28 835.49
4357.28 835.49
4357.28 835.49
4357.28 835.49
4357.28 835.49
4357.28 835.49
4357.28 835.49
4357.28 835.49
4357.28 835.49
4357.28 835.49
4357.28 835.49
4357.28 835.49
4357.28 835.49
4357.28 835.49
4357.28 835.49
4357.28 835.49
4357.28 835.49
4357.28 835.49
4357.28 835.49
4357.28 835.49
4357.28 835.49
4357.28 835.49
4357.28 835.49
4357.28 835.49
